Batch-Tube,Timepoint,ionMz,Z-score median,Z-score std
5-12A,1.0,57.0342,-0.31877141482969007,0.24964046410015797
5-12A,1.0,58.0295,-1.103443542251791,0.12688115340996461
5-12A,1.0,59.0135,-0.33469552317542917,0.1501555140584402
5-12A,1.0,71.0137,0.22648548104478425,0.11899111710783782
5-12A,1.0,73.0293,-0.9790020967147706,0.005118954512098818
5-12A,1.0,74.0247,1.2757575514057369,0.5510455258731516
5-12A,1.0,75.0087,-1.367777481195608,0.3144968079892212
5-12A,1.0,87.0088,-0.7148617126393697,0.0045795031830804175
5-12A,1.0,87.0451,-0.36639288993696756,0.45212764419538054
5-12A,1.0,88.0403,-0.9038528662419458,0.00612801434009167
5-12A,1.0,88.9883,-1.1019632199110911,0.2817160035663423
5-12A,1.0,89.0244,-0.7286795635112773,0.11310687029224174
5-12A,1.0,93.0338,-0.09023250291298976,0.006386915638594262
5-12A,1.0,94.9761,-1.3681379221668912,0.18880569361337765
5-12A,1.0,94.9806,0.2588600326967776,0.14707305376057778
5-12A,1.0,95.0139,0.1568760088540497,0.24589108711124144
5-12A,1.0,101.0242,-0.36215736280712485,0.15042564984396525
5-12A,1.0,102.056,-0.37568312202216214,0.03883314693737134
5-12A,1.0,103.0402,-1.0273298980596044,0.01910836336469985
5-12A,1.0,103.0509,-1.093465366531208,0.03321962567253805
5-12A,1.0,104.0352,5.20386132809915,0.1766805671063067
5-12A,1.0,105.0193,-1.646432095347722,0.3527165813253403
5-12A,1.0,107.0503,-1.9003498960956051,0.19334495657220527
5-12A,1.0,109.0295,-1.360760825270734,0.08607010828672612
5-12A,1.0,111.02,-1.2282556561299347,0.0021624508095368813
5-12A,1.0,112.0516,-1.7689288796996547,0.3448542396691119
5-12A,1.0,113.0244,0.07820144125515974,0.0825431192143189
5-12A,1.0,113.0357,-1.4132956750504975,0.021609714031216455
5-12A,1.0,114.056,-0.2283043147966064,0.0017412595033362815
5-12A,1.0,115.0037,-0.9613607122247382,0.017565676035539886
5-12A,1.0,115.0402,-2.715435052105189,0.3361222776864102
5-12A,1.0,115.0764,-1.5118334433880005,0.3011769550763872
5-12A,1.0,116.0354,-0.8624317106182784,0.2043559046851976
5-12A,1.0,116.0717,-0.6093026932426486,0.02138080959168904
5-12A,1.0,117.0194,-0.9452436018935657,0.0015416742488205233
5-12A,1.0,118.0508,-0.02363800365533223,0.3351901802310018
5-12A,1.0,118.9804,0.2359101987188948,0.13962547790535815
5-12A,1.0,119.0503,-1.4436418485074411,0.21378303800033222
5-12A,1.0,120.9273,-0.1136942874448549,0.22904599576765425
5-12A,1.0,121.0295,-1.457546849993845,0.13954574000465053
5-12A,1.0,121.0409,-0.6451528563362425,0.20337282980334861
5-12A,1.0,122.0248,-1.9664951839468436,0.18438093692566263
5-12A,1.0,124.0075,0.2858809870034098,0.43234058795429
5-12A,1.0,124.0144,-0.8922188910778475,0.34737340066032246
5-12A,1.0,125.0439,-1.6946638447041056,0.45836589795926136
5-12A,1.0,127.0764,-0.6655225791440296,0.3014049407841552
5-12A,1.0,128.0354,0.6410682531228232,0.055308764830643696
5-12A,1.0,129.0193,-1.4836997764116018,0.036433256257773015
5-12A,1.0,129.0556,-1.1193107896660206,0.414666638894401
5-12A,1.0,130.0142,-0.9900016622716418,0.08102274665742401
5-12A,1.0,130.0509,-1.0610717216475165,0.01585802895037547
5-12A,1.0,130.0874,-0.05183941357310714,0.031111187738975574
5-12A,1.0,131.0008,-1.187479418107,0.23631441018555277
5-12A,1.0,131.0123,-0.6959066269598879,0.021801653116221027
5-12A,1.0,131.035,-0.7453606774652985,0.2678237107145507
5-12A,1.0,131.0462,0.304988626095017,0.437298261908744
5-12A,1.0,131.0828,5.3348700168892025,0.3644105281305312
5-12A,1.0,132.0302,-1.114620365846721,0.018230961803111328
5-12A,1.0,133.0142,-0.6718796283078033,0.02754965076717832
5-12A,1.0,133.0257,-0.8531610123885995,0.051139592694235333
5-12A,1.0,133.0505,-1.381553654070312,0.004330313026826726
5-12A,1.0,134.0472,-1.6008834912081176,0.0629138198042493
5-12A,1.0,134.0604,-1.7435400299373498,0.4470861635188017
5-12A,1.0,135.0302,-0.8473020422694906,0.062335660805490405
5-12A,1.0,135.0453,-2.0370243115376123,0.07488550113695844
5-12A,1.0,136.0404,-0.5874671997778248,0.051791483275298165
5-12A,1.0,136.0487,-1.9649995446470365,0.12337071119208243
5-12A,1.0,136.0767,-1.4044196017934625,0.3425444016676286
5-12A,1.0,137.0239,-0.3674551963618078,0.14481716106680345
5-12A,1.0,138.9789,-2.43352089270718,0.11704265720856852
5-12A,1.0,139.0014,-0.4155320995849207,0.03412762082073389
5-12A,1.0,139.0067,-0.8773980203741739,0.029296432765286002
5-12A,1.0,139.976,-1.96506957180417,0.13928237450080908
5-12A,1.0,143.0713,-0.5124737870715463,0.2611462123721435
5-12A,1.0,143.1077,-2.3764732254733367,0.13411429234847294
5-12A,1.0,145.0141,-0.4546323538475296,0.07035531491042024
5-12A,1.0,145.0506,1.1137833408124411,0.173173131388198
5-12A,1.0,145.0623,2.3081083723821463,0.29998599175484747
5-12A,1.0,145.0982,3.365806693579506,0.41518929232906376
5-12A,1.0,145.1106,1.6146210537599122,0.6736714539693041
5-12A,1.0,146.0459,-0.45941050589057786,0.005048274096627364
5-12A,1.0,147.0298,-1.0080768995411935,0.005136632779859831
5-12A,1.0,147.0662,-1.496135702392639,0.005112417133466619
5-12A,1.0,149.0092,-1.296135532202082,0.29028971624955874
5-12A,1.0,149.0456,-0.6247373930684692,0.334313785590077
5-12A,1.0,149.0608,-2.3795711184881725,0.359905844255318
5-12A,1.0,150.0422,-0.041595824388600953,0.4590640862482601
5-12A,1.0,150.9707,-0.7122890232345863,0.7392253647666176
5-12A,1.0,151.0259,-0.03329759595784556,0.06960345453655112
5-12A,1.0,151.04,-2.5802671020716645,0.4626379518847361
5-12A,1.0,151.06,-0.6716603198080751,0.3781989959635509
5-12A,1.0,152.0353,-3.2273840185431206,0.11188536874171164
5-12A,1.0,152.0716,-0.512782365086816,0.24616916751166268
5-12A,1.0,153.0192,-0.6066902998444132,0.02437389608972609
5-12A,1.0,154.062,6.14827849388889,0.4499854582674914
5-12A,1.0,154.9751,-1.0109991906115001,0.004165551698847006
5-12A,1.0,155.0099,-1.195791635605152,0.0035754945798434526
5-12A,1.0,157.0128,-1.0857009494852665,0.027672813826095606
5-12A,1.0,157.0255,-1.3509229002189247,0.003669053814382517
5-12A,1.0,157.0379,-1.4027908731626815,0.023944634144299166
5-12A,1.0,157.0504,-1.2856614767680834,0.015834498802956183
5-12A,1.0,159.0297,-0.4093982228610238,0.3583938819645427
5-12A,1.0,159.0775,-1.2169967671175217,0.006459220769811637
5-12A,1.0,160.0616,-1.5900205548261153,0.3606308610797545
5-12A,1.0,161.0453,-1.4307819520629739,0.20029916860746452
5-12A,1.0,162.0424,-1.3961914426649147,0.23485915212080827
5-12A,1.0,163.0351,-1.42731999839072,0.10327939566239511
5-12A,1.0,163.0398,-0.3001689215822798,0.0756395388567764
5-12A,1.0,163.0611,-1.6777819152865079,0.5986505664849932
5-12A,1.0,164.0716,0.5171424852093691,0.1315422124296805
5-12A,1.0,165.03,-1.7865577524297915,0.3834994865002403
5-12A,1.0,165.0405,-2.859948374338951,0.274356229451122
5-12A,1.0,165.0556,-1.2119751995289014,0.08368582327677757
5-12A,1.0,166.0508,-1.8481240851288632,0.3180193142955548
5-12A,1.0,166.0632,-1.867565745345798,0.309476445677965
5-12A,1.0,166.9759,-1.3041431546199456,0.1322130647041763
5-12A,1.0,167.0207,2.5788311435825824,0.4960363824640229
5-12A,1.0,167.0358,-1.970941338200517,0.4818860749464461
5-12A,1.0,167.0828,-1.0848750867570927,0.8013440299581803
5-12A,1.0,168.0277,-0.44826624079640215,0.0085310428402224
5-12A,1.0,168.0664,-1.0194270973133395,0.5630583188739031
5-12A,1.0,170.0455,-0.8432842459863168,0.006563258369371514
5-12A,1.0,171.0065,-1.2796589930726383,0.060767745833735426
5-12A,1.0,171.0092,-1.3974324289493774,0.041445660458808695
5-12A,1.0,171.0284,-0.7906561027957004,0.02455981559780958
5-12A,1.0,172.0616,-1.592945824351892,0.08616621071158685
5-12A,1.0,172.962,-0.6965752728941201,0.02673130870661194
5-12A,1.0,173.0089,-1.174487580246919,0.053916493308909734
5-12A,1.0,173.0453,-0.9549205528235682,0.13647790284298592
5-12A,1.0,173.0932,-0.4146520846304975,0.021397276679556914
5-12A,1.0,173.1041,2.948333972097645,0.34675493804694213
5-12A,1.0,174.0407,-1.0025070386762212,0.0034880415589486173
5-12A,1.0,174.088,1.7385186749771853,0.13513022950229256
5-12A,1.0,175.022,-1.0625284937009312,0.1436291255545676
5-12A,1.0,175.0361,-1.2532572104267499,0.0072771702919155745
5-12A,1.0,175.0611,-1.2713903035376664,0.0029494112653793954
5-12A,1.0,176.0776,-1.5554680095589442,0.029585896274105884
5-12A,1.0,177.0402,-1.1478889236703096,0.1406968098453224
5-12A,1.0,177.0553,-2.3022546508842625,0.4520889633396003
5-12A,1.0,178.0509,-1.106197920614743,0.024952232123530614
5-12A,1.0,179.0348,-1.9462246066338598,0.2023719717318087
5-12A,1.0,179.0561,0.05988241443753892,0.12647734039733943
5-12A,1.0,180.0663,0.05003364014235573,0.19763053665760089
5-12A,1.0,181.0505,-1.3822573840584198,0.10635334937727976
5-12A,1.0,182.9725,0.23833999512406784,0.2214830749358871
5-12A,1.0,183.0661,-1.1317831204919644,0.3524087267095131
5-12A,1.0,184.0017,-0.3885370188564037,0.08881676114068168
5-12A,1.0,184.9856,-0.9545659564873272,0.09615670232261393
5-12A,1.0,186.1136,-0.4225887725274423,0.32594787379272544
5-12A,1.0,187.0234,-1.3028484882721503,0.22708141628283138
5-12A,1.0,188.035,-1.3288540448967194,0.5023307181691642
5-12A,1.0,188.0565,-1.1343371860925517,0.004148087588554747
5-12A,1.0,189.0405,0.5119383112555104,0.08152800504438999
5-12A,1.0,191.0197,-1.141411614274213,0.13248270145962443
5-12A,1.0,191.0561,-0.413348080671421,0.0738803031003544
5-12A,1.0,192.0663,-0.4672387257529296,0.3858022063021776
5-12A,1.0,193.0349,-1.252090145022918,0.12285768770436739
5-12A,1.0,194.0682,-1.0670711301464784,0.047266134294746166
5-12A,1.0,194.0822,-1.825013691300458,0.5648915465860948
5-12A,1.0,195.0509,-0.4687256587592783,0.19676300148079762
5-12A,1.0,195.0657,-1.0342263551959363,0.33364779432413827
5-12A,1.0,196.0603,-1.522550934270557,0.0731434623696934
5-12A,1.0,198.0182,-0.9125361307782764,0.22459705720171236
5-12A,1.0,199.0019,-1.6508664586046404,0.23427544218073804
5-12A,1.0,200.9937,-0.5972306009515403,0.42710897630675765
5-12A,1.0,201.0051,-1.320077197857417,0.18295360075369627
5-12A,1.0,203.0348,-1.032006492975537,0.13834878456192795
5-12A,1.0,203.0826,0.06837790460811546,0.0037609652245960364
5-12A,1.0,204.0498,-0.0389637520965343,0.926917844937755
5-12A,1.0,205.0351,-1.3905512386122552,0.0767841959088807
5-12A,1.0,206.0822,-1.4085449705871869,0.890136449658068
5-12A,1.0,209.0292,-1.1470323131014357,0.09796684252797289
5-12A,1.0,209.0814,1.610206651587559,0.5455363473898119
5-12A,1.0,211.0235,-1.2924066342481604,0.10656694311619391
5-12A,1.0,211.9968,-1.0918373776892616,0.0206204719370795
5-12A,1.0,212.0331,-0.6717080633382397,0.29265050541108706
5-12A,1.0,212.9807,-0.9712016126756331,0.03913442365314223
5-12A,1.0,213.014,-0.5669359498878929,0.21130903067784104
5-12A,1.0,213.0384,-0.7815259765155976,0.1582903167780257
5-12A,1.0,213.1252,0.8466805548669658,0.8261606704379744
5-12A,1.0,214.0488,-1.6733148533958873,0.5194494910342393
5-12A,1.0,215.0331,-0.11130687599290719,0.12722450690617235
5-12A,1.0,216.1351,0.2734924838173548,0.3168331229051882
5-12A,1.0,218.0335,0.2732831350026514,0.13669128034699962
5-12A,1.0,218.1034,-1.278564233048979,0.019195295057405616
5-12A,1.0,220.0828,-0.15630368552284202,0.6996526196603207
5-12A,1.0,221.0443,0.31782565673411545,0.09359375785042784
5-12A,1.0,221.0664,-2.262343209332769,0.41677345116780273
5-12A,1.0,225.0399,-0.8934329609818306,0.45132406537968384
5-12A,1.0,225.0861,-2.4770642644616343,0.3379266018003241
5-12A,1.0,225.0901,-1.3126248705981403,1.0122945213332346
5-12A,1.0,226.0135,-1.1790954983409583,0.07159251441385218
5-12A,1.0,226.0697,-0.01859149144143754,0.27064954809606767
5-12A,1.0,228.0501,-0.5874423189638238,0.5190330003093879
5-12A,1.0,229.0122,-1.3189027133617888,0.22392950135791617
5-12A,1.0,237.0614,-1.52706860638918,0.1249991510308468
5-12A,1.0,238.0945,0.34281199852300515,0.34209773722752923
5-12A,1.0,240.0515,-1.4454092784334795,0.003648836298289485
5-12A,1.0,241.0844,-2.085541585113503,0.40685915495741876
5-12A,1.0,242.0804,0.2191810309688358,0.5575194230242004
5-12A,1.0,243.029,-1.6513516194462414,0.19977782848839684
5-12A,1.0,243.0625,-0.3790224030530266,0.4650022050964039
5-12A,1.0,245.0444,-1.5941435987831567,0.39393705461289213
5-12A,1.0,246.0198,-1.5738266121265763,0.25595048948807
5-12A,1.0,246.064,0.5765417895934191,0.4028836255438445
5-12A,1.0,251.0816,0.7302782335762411,1.411220988213756
5-12A,1.0,253.0119,-0.3613020832344769,0.00589844331682562
5-12A,1.0,253.0499,-0.09296957343431125,0.6355010023711581
5-12A,1.0,257.0072,-0.6390801958496632,0.2812630663267912
5-12A,1.0,257.1028,0.7532549043162569,0.2747873487581229
5-12A,1.0,259.005,-1.8868899357028148,0.19315982107799784
5-12A,1.0,259.0227,-0.6790728893834691,0.09600008317521623
5-12A,1.0,261.0385,-1.0451353937246577,0.09460606973699875
5-12A,1.0,266.0703,-1.110469423989231,0.17767253333147218
5-12A,1.0,267.0724,-0.6638446984085444,0.01134142159988397
5-12A,1.0,268.02,-0.3179023503270055,0.5202216660611845
5-12A,1.0,269.0398,-0.583201178023447,0.11035214478944255
5-12A,1.0,271.0612,-0.907400749429814,0.2731896293174367
5-12A,1.0,271.0815,0.7913943219216837,0.2944816029364811
5-12A,1.0,273.0021,-0.9713221018892622,0.12153893612343175
5-12A,1.0,274.0933,-1.3735252006322423,0.11332396299793189
5-12A,1.0,275.0184,-2.1713726426021775,0.32261625098165453
5-12A,1.0,275.0991,-0.15199133701279086,0.3162442208581466
5-12A,1.0,277.1207,-0.31731572000652686,0.08407852847678475
5-12A,1.0,277.2169,6.849287589465392,1.054293900335761
5-12A,1.0,279.2331,7.833084283150459,0.5138985133596896
5-12A,1.0,282.0839,0.4958553882355965,0.07106256109638322
5-12A,1.0,283.2063,6.516396183227325,0.4695357341842641
5-12A,1.0,285.0972,1.213872171481102,0.6958083356806424
5-12A,1.0,287.0157,-0.6855341911031914,0.2629595363442414
5-12A,1.0,288.0725,-0.7582912214117239,0.062055503498781625
5-12A,1.0,289.0333,-0.7735139425892046,0.3381597981084898
5-12A,1.0,289.1044,-0.7853065743859469,0.11994436469718837
5-12A,1.0,290.9677,-0.5122678942385894,0.0742425050320766
5-12A,1.0,294.0479,0.6836030982444627,0.40360366382502777
5-12A,1.0,300.0509,-0.4763283952374471,0.7501542780354669
5-12A,1.0,301.0333,-0.4056111997424974,0.3834357944538548
5-12A,1.0,303.2326,1.1500137958831094,1.9423658619755886
5-12A,1.0,305.0207,0.11248474917770002,0.12897090173535972
5-12A,1.0,306.0481,-1.225559818347132,0.059291574569106956
5-12A,1.0,306.0765,-0.32390210970244326,0.015326392535710446
5-12A,1.0,308.0986,1.2398965143055318,0.10311407814262592
5-12A,1.0,313.0441,-0.685326770034704,0.19017014788588563
5-12A,1.0,313.1037,-0.9037317863601178,0.4157813914808805
5-12A,1.0,317.026,-0.35156802281083055,0.3572252466019504
5-12A,1.0,323.0256,-1.1323806526832574,0.2349590408221401
5-12A,1.0,325.1163,0.36556225588793495,0.3759964715123767
5-12A,1.0,328.0457,-1.1623952862024025,0.05639540977874463
5-12A,1.0,333.0589,-1.3575712425854438,0.15902107942345148
5-12A,1.0,338.9884,-1.2307522731743563,0.07988328286289655
5-12A,1.0,339.0928,0.2927803276962761,0.5047834117645379
5-12A,1.0,341.1089,-0.09731770439397128,0.3009480756774571
5-12A,1.0,344.0393,-0.8815196706286709,0.16602123851385348
5-12A,1.0,346.0556,-0.5246319256617011,0.13736093374112796
5-12A,1.0,348.087,-1.1883274704290874,0.16920956477379526
5-12A,1.0,353.0489,-1.5756478451209677,0.3447069933839015
5-12A,1.0,357.089,-0.743667366380736,0.2127467747642715
5-12A,1.0,375.131,0.6037958155461935,0.24748442643840515
5-12A,1.0,377.1496,5.737040545957352,0.5441928795564009
5-12A,1.0,383.1188,-1.3134542455758114,0.23024174349308507
5-12A,1.0,388.9416,-0.29230339746079526,0.12384724923096788
5-12A,1.0,388.9442,-0.7109791132954046,0.15218899992673887
5-12A,1.0,401.0756,0.48479740211248135,0.07557775725685845
5-12A,1.0,407.2795,4.8047109866762785,0.12683334087868994
5-12A,1.0,421.0743,-0.884749931863096,0.4685582418084991
5-12A,1.0,426.0222,-0.6601678538596031,0.2956051541699719
5-12A,1.0,442.9997,0.06546959776480715,0.141290117917818
5-12A,1.0,466.9657,0.21382432043791644,0.2773501138153926
5-12A,1.0,490.9787,0.1993051003458296,0.5539037877406252
5-12A,1.0,503.1614,-2.1553455226972784,0.2922517761219418
5-12A,1.0,547.0731,-1.3122203515724473,0.0672246815350904
5-12A,1.0,565.0471,-0.7955879044464467,0.06755332260555731
5-12A,1.0,578.8872,0.26332085215525486,0.13116473585794342
5-12A,1.0,579.0269,0.9826636629320302,0.08087500936673293
5-12A,1.0,612.2549,-1.3847326547089271,0.18007313435290653
5-12A,1.0,624.2949,-1.7681084346152105,0.366784596032341
5-12A,1.0,659.307,-0.8120713615350149,0.22503814603205832
5-12A,1.0,664.0939,-0.5510330559851586,0.17943595251668493
5-12A,1.0,665.2144,-1.4118329961644007,0.1307565655622342
5-12A,1.0,668.1374,-0.6166614560406312,0.0001384503782251832
5-12A,1.0,787.255,-1.105081445998946,0.29606683519677823
5-12A,1.0,790.2568,-0.7429770052536092,0.12665765758116002
5-12A,1.0,835.0407,-0.7845213951250156,0.11537666996694726
5-12A,1.0,863.2971,-0.900849805247876,0.050997701714275145
5-12A,1.0,864.1473,-1.652086791008987,0.053788833815410456
5-12A,1.0,974.2935,-1.2280900253455398,0.07150566543273539
5-12A,1.0,976.7162,-0.639920477880062,0.10544953948751754
5-12A,2.0,57.0342,0.792896769365095,0.49451779781850363
5-12A,2.0,58.0295,-0.9772412033251879,0.11024687722561265
5-12A,2.0,59.0135,0.1487456997737902,0.12078460475443353
5-12A,2.0,71.0137,0.4365728974788411,0.09155630200530702
5-12A,2.0,73.0293,-0.9671519982444226,0.008303631184464937
5-12A,2.0,74.0247,-1.1712608603855248,0.3059919682149968
5-12A,2.0,75.0087,-0.9003942867635113,0.44573994061784716
5-12A,2.0,87.0088,-0.6535738963203622,0.011947079508211361
5-12A,2.0,87.0451,0.5494766340794047,0.23545499465811792
5-12A,2.0,88.0403,-0.9639276096980133,0.015306032875339146
5-12A,2.0,88.9883,0.5547872344813514,0.5549728848131189
5-12A,2.0,89.0244,-0.16445014334309382,0.08743377821737452
5-12A,2.0,93.0338,-0.07874900268224722,0.013071516978593415
5-12A,2.0,94.9761,-0.3180025425600568,0.2771364940300428
5-12A,2.0,94.9806,0.8563345129249457,0.23886824098146414
5-12A,2.0,95.0139,0.6560281631846072,0.05019981423549808
5-12A,2.0,101.0242,0.8109280074635967,0.21298925732186585
5-12A,2.0,102.056,-0.6029867800451403,0.09641364603436062
5-12A,2.0,103.0402,-0.9263918793400006,0.0356723017266043
5-12A,2.0,103.0509,-0.9411692247333108,0.10408925187083592
5-12A,2.0,104.0352,-0.10018201824706371,0.3468346725622528
5-12A,2.0,105.0193,1.0074496611250838,0.44560515950688323
5-12A,2.0,107.0503,0.5378363190807671,0.7541077605357274
5-12A,2.0,109.0295,-1.0423610419051477,0.08060572185188566
5-12A,2.0,111.02,-1.2072899729748032,0.0046270284191484495
5-12A,2.0,112.0516,0.5847392559674713,0.2566290314988013
5-12A,2.0,113.0244,0.9583491634290862,0.067410140075815
5-12A,2.0,113.0357,-1.1751337792768255,0.02674321583099995
5-12A,2.0,114.056,-0.21426714820077736,0.004576260164997481
5-12A,2.0,115.0037,-0.9139080426729174,0.013300539559492388
5-12A,2.0,115.0402,-0.3720882572128321,0.4476371314254207
5-12A,2.0,115.0764,0.9932767321784988,0.5268687063718829
5-12A,2.0,116.0354,-1.1119937298499765,0.14178307232733176
5-12A,2.0,116.0717,-0.7711744547704268,0.017406800561472098
5-12A,2.0,117.0194,-0.9415568302917032,0.002614867777784282
5-12A,2.0,118.0508,-1.2088407474862923,0.22930942404562443
5-12A,2.0,118.9804,0.8162265830914974,0.0680839232348425
5-12A,2.0,119.0503,-0.8482977564846663,0.6308583993391154
5-12A,2.0,120.9273,0.3052128855639431,1.138270775650051
5-12A,2.0,121.0295,0.7189161909175223,0.2033115167143392
5-12A,2.0,121.0409,1.9148516444695995,0.2821501708095368
5-12A,2.0,122.0248,0.2086147184541648,0.34323270859501
5-12A,2.0,124.0075,0.6745049141195765,0.05502614467349639
5-12A,2.0,124.0144,0.478370392581124,0.3847186972735194
5-12A,2.0,125.0439,0.5926249653819706,0.32601712651558534
5-12A,2.0,127.0764,0.8888214917370608,0.423995046142861
5-12A,2.0,128.0354,0.9962322608791185,0.05649518276947481
5-12A,2.0,129.0193,-1.2338272482567545,0.05718535042570546
5-12A,2.0,129.0556,1.0096396657888163,0.9123599201550632
5-12A,2.0,130.0142,-0.692603036849881,0.21789799929714365
5-12A,2.0,130.0509,-1.061042202223618,0.011913428382584901
5-12A,2.0,130.0874,-0.9290017126487724,0.057104619715599804
5-12A,2.0,131.0008,-0.4027420151237775,0.8389105915319812
5-12A,2.0,131.0123,-0.7000178078009813,0.09040448343331335
5-12A,2.0,131.035,1.3032789041681871,0.2595018744310669
5-12A,2.0,131.0462,1.3556357014127753,0.20599646622414003
5-12A,2.0,131.0828,-0.23680466574675277,0.10697628656389656
5-12A,2.0,132.0302,-1.243481889101314,0.008277573827245945
5-12A,2.0,133.0142,-0.6325844744871192,0.045053431403058515
5-12A,2.0,133.0257,-0.764393319310893,0.12501992385122593
5-12A,2.0,133.0505,-1.3423383623680887,0.007198399267296545
5-12A,2.0,134.0472,-0.8755757355967847,0.2501450794359898
5-12A,2.0,134.0604,-1.0177895067343465,0.24297845689793116
5-12A,2.0,135.0302,-0.6261872831558809,0.11780371343843345
5-12A,2.0,135.0453,-1.5285567993214189,0.015027828104742638
5-12A,2.0,136.0404,-0.3173148946834027,0.09938342346897736
5-12A,2.0,136.0487,-1.4239239896562461,0.192777893866676
5-12A,2.0,136.0767,1.0927730326984568,0.827248919834588
5-12A,2.0,137.0239,0.03552621476493496,0.12409614052633114
5-12A,2.0,138.9789,1.5693778310397455,0.1884353374174792
5-12A,2.0,139.0014,-0.34477824532385537,0.04377734226755968
5-12A,2.0,139.0067,-0.6926151182266682,0.020030183058730187
5-12A,2.0,139.976,0.30794106846110314,0.8002943466432749
5-12A,2.0,143.0713,1.599331138721769,0.380546138472648
5-12A,2.0,143.1077,0.8224565837798226,0.500811978654481
5-12A,2.0,145.0141,-0.21677639085574243,0.08404677751188466
5-12A,2.0,145.0506,-0.8196542123335633,0.12760222117523268
5-12A,2.0,145.0623,-0.3586597230465337,0.11146391670921944
5-12A,2.0,145.0982,0.14873533940906974,0.28979603582558694
5-12A,2.0,145.1106,0.3987257730727216,0.8337277863164532
5-12A,2.0,146.0459,-0.5031688616944219,0.005460279819693931
5-12A,2.0,147.0298,-1.0010871383758027,0.0052102627899458485
5-12A,2.0,147.0662,-1.4679047605918274,0.015410867562559279
5-12A,2.0,149.0092,1.085874397097505,0.7881556446709882
5-12A,2.0,149.0456,1.3178172262859813,0.1695216272091568
5-12A,2.0,149.0608,0.8453895141404345,0.35822897037700824
5-12A,2.0,150.0422,-0.44646567315912866,0.38067976042334223
5-12A,2.0,150.9707,-0.06631120688628435,0.43500175212866155
5-12A,2.0,151.0259,-0.7272711220978754,0.08351944967808325
5-12A,2.0,151.04,0.49469364546505507,0.5959916979339166
5-12A,2.0,151.06,-0.1806185471763041,1.1280044378118055
5-12A,2.0,152.0353,0.24235881299471307,0.36868017319130414
5-12A,2.0,152.0716,1.5675772361352345,0.5993048650007354
5-12A,2.0,153.0192,-0.3558855866374814,0.048184099272061486
5-12A,2.0,154.062,-0.14155749711583773,0.1169258095419127
5-12A,2.0,154.9751,-1.001758860772579,0.0067672240930472215
5-12A,2.0,155.0099,-1.1742741368362282,0.004612614822097821
5-12A,2.0,157.0128,-0.9595218851653551,0.050163613270271676
5-12A,2.0,157.0255,-1.3338615154004096,0.005572799040855137
5-12A,2.0,157.0379,-1.3745186776878429,0.02101143574125137
5-12A,2.0,157.0504,-1.1806405285134955,0.04083411394256903
5-12A,2.0,159.0297,1.1051665918591942,0.3823246833200031
5-12A,2.0,159.0775,-1.2022171368954058,0.021966619422628914
5-12A,2.0,160.0616,-0.9951287176637262,0.2139310643559734
5-12A,2.0,161.0453,1.4748823059557634,0.23762193925220973
5-12A,2.0,162.0424,-1.2053117857099571,0.20785917243221927
5-12A,2.0,163.0351,-0.9212312762726089,0.11247667397174638
5-12A,2.0,163.0398,0.3468056875274976,0.217739677450416
5-12A,2.0,163.0611,0.20324701005663448,1.1019001282937504
5-12A,2.0,164.0716,-0.2528027624384245,0.09088653788353955
5-12A,2.0,165.03,0.9791792489357348,0.3604832420301017
5-12A,2.0,165.0405,0.9882669849650443,0.5621036297195635
5-12A,2.0,165.0556,-0.4623482339848493,0.05372016818537831
5-12A,2.0,166.0508,-0.7055107464081496,0.27080686816098226
5-12A,2.0,166.0632,-0.14175744614154304,0.548990883649266
5-12A,2.0,166.9759,-0.8843683760592593,0.15081325998775028
5-12A,2.0,167.0207,0.07688013331521312,0.11499748912260052
5-12A,2.0,167.0358,1.6541948884115287,0.26119742742405955
5-12A,2.0,167.0828,1.715406695549577,0.7301925391716347
5-12A,2.0,168.0277,-0.49665459915531135,0.026043957997933527
5-12A,2.0,168.0664,1.637453321551177,0.8243690135764209
5-12A,2.0,170.0455,-0.8483355017244176,0.02198925519731811
5-12A,2.0,171.0065,-1.0247380206398295,0.12162518650967591
5-12A,2.0,171.0092,-1.1965487288814574,0.20984189956258384
5-12A,2.0,171.0284,-0.9044146973602545,0.06180145297432476
5-12A,2.0,172.0616,-1.3033996068520552,0.08077707440418032
5-12A,2.0,172.962,-0.4552019007154253,0.12415683721101069
5-12A,2.0,173.0089,-0.8688285213502338,0.12200191125428046
5-12A,2.0,173.0453,-0.8843418301311345,0.10104003290886208
5-12A,2.0,173.0932,-0.8666446624948207,0.047784057990590156
5-12A,2.0,173.1041,0.18180784246620207,0.3860510298031165
5-12A,2.0,174.0407,-1.0060634357194926,0.002680743494391892
5-12A,2.0,174.088,-0.7205026549225131,0.19208286604414748
5-12A,2.0,175.022,-0.8477832863441261,0.10271999326622085
5-12A,2.0,175.0361,-1.2350935494259483,0.007708791716677101
5-12A,2.0,175.0611,-1.25736130290841,0.006236442569065813
5-12A,2.0,176.0776,-1.0820531440578158,0.18225916364516023
5-12A,2.0,177.0402,0.47003334232811467,0.19022510280000882
5-12A,2.0,177.0553,0.11695876752193457,0.42720993822238146
5-12A,2.0,178.0509,-1.0425114645220699,0.03798489527289093
5-12A,2.0,179.0348,-0.5392569271127452,0.19785729700217744
5-12A,2.0,179.0561,1.801770449103622,0.13115858168287997
5-12A,2.0,180.0663,1.7553128329476586,0.1862691249468517
5-12A,2.0,181.0505,-0.6922718690914509,0.06682476942744668
5-12A,2.0,182.9725,0.8389738269205378,0.17612114704031773
5-12A,2.0,183.0661,1.8776063764877868,1.2317206450221128
5-12A,2.0,184.0017,-0.5434254429946186,0.05110419760297155
5-12A,2.0,184.9856,-0.43086700031648767,0.07423365496152634
5-12A,2.0,186.1136,0.9048010844399499,0.05326878671914151
5-12A,2.0,187.0234,-0.9012115771737055,0.5597399324672305
5-12A,2.0,188.035,0.09194671719402467,0.07208086057143094
5-12A,2.0,188.0565,-1.1299802709626383,0.004545562705422176
5-12A,2.0,189.0405,0.3370019092184041,0.05444334906030795
5-12A,2.0,191.0197,-1.1367403687230537,0.10731818432436241
5-12A,2.0,191.0561,-1.1438374568506466,0.05094395497985375
5-12A,2.0,192.0663,0.9322273105644463,0.42668460196599306
5-12A,2.0,193.0349,-0.548990163227506,0.4315760768652089
5-12A,2.0,194.0682,-1.0497973512075662,0.07134481468339955
5-12A,2.0,194.0822,1.5942789260422119,0.35944184670732154
5-12A,2.0,195.0509,-0.054262423791751176,0.17779502240707584
5-12A,2.0,195.0657,0.16450621569167015,0.45941262154963164
5-12A,2.0,196.0603,-1.2917304301659793,0.0691380255837655
5-12A,2.0,198.0182,-0.9024280706986434,0.4402336100011601
5-12A,2.0,199.0019,-0.07263699120253658,0.3017622682445622
5-12A,2.0,200.9937,1.4924349860240353,0.11055091567235432
5-12A,2.0,201.0051,-1.1263688299255814,0.4456224481635188
5-12A,2.0,203.0348,0.17875810409894916,0.5844036354458167
5-12A,2.0,203.0826,-0.0655247099711934,0.009171593438957383
5-12A,2.0,204.0498,2.024246656893282,0.6244880323969548
5-12A,2.0,205.0351,-1.3235269331836914,0.10373536455295647
5-12A,2.0,206.0822,0.6081179118913966,0.5553801775689464
5-12A,2.0,209.0292,-0.4440868018744982,0.47214422339520884
5-12A,2.0,209.0814,1.086254836088702,0.1731172628682817
5-12A,2.0,211.0235,-0.32760858340402005,0.3881001871497508
5-12A,2.0,211.9968,-1.048548348572771,0.02789626734831595
5-12A,2.0,212.0331,-0.3038369430474517,0.2736947740220164
5-12A,2.0,212.9807,-0.6574332260277074,0.14191921372007077
5-12A,2.0,213.014,-1.0295769134146207,0.18182055730534505
5-12A,2.0,213.0384,-0.49524818061730436,0.4948484355288656
5-12A,2.0,213.1252,1.5755611835935783,1.2354352838043219
5-12A,2.0,214.0488,0.2868018619719874,0.7287845285255098
5-12A,2.0,215.0331,0.7955458290536388,0.14980669643958658
5-12A,2.0,216.1351,0.05150900087519067,0.0969953712885801
5-12A,2.0,218.0335,0.6333657924290209,0.10853652843432286
5-12A,2.0,218.1034,-1.2535445631329507,0.010668592083048458
5-12A,2.0,220.0828,0.8155484363387466,0.3914872564664411
5-12A,2.0,221.0443,0.8366342580373193,0.10438545886469383
5-12A,2.0,221.0664,0.32468875768861893,0.3707566219065459
5-12A,2.0,225.0399,0.4938685725971518,0.5798838775619558
5-12A,2.0,225.0861,0.5605723443736206,0.7068182372130756
5-12A,2.0,225.0901,-0.7173790471054173,0.5239342633591142
5-12A,2.0,226.0135,0.08528667739370172,0.1388674830985351
5-12A,2.0,226.0697,0.7112919716809027,0.37464796475335815
5-12A,2.0,228.0501,-0.07282662543396617,0.4042078157959814
5-12A,2.0,229.0122,-1.0251402217534435,0.17751255565971066
5-12A,2.0,237.0614,-1.3407053719851079,0.19946798507916383
5-12A,2.0,238.0945,0.7520492431535726,0.4299194621847994
5-12A,2.0,240.0515,-1.4353485682540073,0.006843817479409918
5-12A,2.0,241.0844,0.15405232967167554,0.8002751226934145
5-12A,2.0,242.0804,0.8993312671247375,0.5548984464985931
5-12A,2.0,243.029,-0.19655213012778666,0.40703041050394256
5-12A,2.0,243.0625,-0.6273382883809121,0.4118784060318376
5-12A,2.0,245.0444,-0.6270012079026452,0.2639725077346114
5-12A,2.0,246.0198,0.3184834329648113,0.2902943751767642
5-12A,2.0,246.064,0.4135813380433042,0.3450511891828178
5-12A,2.0,251.0816,1.169037504527863,0.6302224737970327
5-12A,2.0,253.0119,-0.37414729134781394,0.015630781113963994
5-12A,2.0,253.0499,-0.05937778607597313,0.6961663772486911
5-12A,2.0,257.0072,-0.6812975865928363,0.3670065573445034
5-12A,2.0,257.1028,0.9540882653478557,0.7411414101927517
5-12A,2.0,259.005,-0.3893504820835699,0.24735152814155473
5-12A,2.0,259.0227,0.4890219342600757,0.323603844021012
5-12A,2.0,261.0385,-0.531110425059943,0.10865078969484213
5-12A,2.0,266.0703,-0.7034427221457499,0.17204243335500286
5-12A,2.0,267.0724,-0.7101608388925019,0.03124110661496495
5-12A,2.0,268.02,0.06194536927613223,0.3825802135763659
5-12A,2.0,269.0398,-0.6313216549193328,0.21391667036206838
5-12A,2.0,271.0612,-0.28221805548925805,0.60430988055569
5-12A,2.0,271.0815,0.7978790042229567,0.8972086876093904
5-12A,2.0,273.0021,-0.7387646130268104,0.15874287735499218
5-12A,2.0,274.0933,-1.4794411168490513,0.08683287453070791
5-12A,2.0,275.0184,0.35604255205254204,0.9752843040203536
5-12A,2.0,275.0991,-0.7919366082870255,0.19855930453603768
5-12A,2.0,277.1207,2.003265680995615,0.30114465788593775
5-12A,2.0,277.2169,1.105503969178209,0.47804529469515256
5-12A,2.0,279.2331,-0.34019455964744116,0.006956298244441433
5-12A,2.0,282.0839,0.9520411423219999,0.4958551186673762
5-12A,2.0,283.2063,-0.3194479780581059,0.34578995528044376
5-12A,2.0,285.0972,1.1967612682051065,0.329300258877225
5-12A,2.0,287.0157,1.3634916651476632,0.3701398384804267
5-12A,2.0,288.0725,-0.7227491692584302,0.07011271028209834
5-12A,2.0,289.0333,0.44925786745146074,0.5716174931614261
5-12A,2.0,289.1044,-1.032549455716059,0.23269121685346564
5-12A,2.0,290.9677,-0.5348901195363513,0.04527980348567242
5-12A,2.0,294.0479,2.1400355174275636,1.277435683150351
5-12A,2.0,300.0509,0.1838930090904517,0.31112599266308993
5-12A,2.0,301.0333,1.2946829794616155,0.8495018725060577
5-12A,2.0,303.2326,1.223378275838546,1.2066642865722776
5-12A,2.0,305.0207,1.3407443673411896,0.3406472031453635
5-12A,2.0,306.0481,-1.1094853050022713,0.09869519479147441
5-12A,2.0,306.0765,-0.300365315792564,0.018865246738331887
5-12A,2.0,308.0986,2.171403705567771,0.17437378768427259
5-12A,2.0,313.0441,-0.685326770034704,0.2503248055084342
5-12A,2.0,313.1037,-1.3664405901134542,0.5744188191567656
5-12A,2.0,317.026,-0.006481112471463893,0.3842825064186072
5-12A,2.0,323.0256,1.5639171163229602,0.5721791861819552
5-12A,2.0,325.1163,-0.2958860876344718,0.28434837502826715
5-12A,2.0,328.0457,-0.7920988779444391,0.06553833430883946
5-12A,2.0,333.0589,-1.110800942170343,0.27093852571348703
5-12A,2.0,338.9884,-0.8679572730372054,0.11527089084814962
5-12A,2.0,339.0928,-0.7264185657719016,0.5958951077137525
5-12A,2.0,341.1089,-0.2033164457537199,0.12498653910416069
5-12A,2.0,344.0393,-0.1673583741232851,0.1667684838653939
5-12A,2.0,346.0556,-0.2658084387408177,0.2627107590279382
5-12A,2.0,348.087,-1.103374314119144,0.2854145919189091
5-12A,2.0,353.0489,-0.16339656601151017,0.9014001385505058
5-12A,2.0,357.089,-0.6389086663611219,0.1475016478858387
5-12A,2.0,375.131,-0.6659148975470524,0.3382512541597933
5-12A,2.0,377.1496,0.009463346309802896,0.24603092727058806
5-12A,2.0,383.1188,0.5648792047184659,0.4565328128790764
5-12A,2.0,388.9416,-0.37290407002788584,0.27602669180685097
5-12A,2.0,388.9442,-0.7602350798641822,0.2885412491092077
5-12A,2.0,401.0756,0.7804309994914681,0.11899238016661444
5-12A,2.0,407.2795,0.9508537070782268,0.26941832963218787
5-12A,2.0,421.0743,-0.9442553566025859,0.23110650826755205
5-12A,2.0,426.0222,-0.3143839679463927,0.5478780968038289
5-12A,2.0,442.9997,0.19742627822768635,0.2060622325989095
5-12A,2.0,466.9657,1.4897803125138291,0.3353145491303311
5-12A,2.0,490.9787,-0.49119085570285503,1.131514419957044
5-12A,2.0,503.1614,0.4252090874475956,0.3850780678547833
5-12A,2.0,547.0731,-1.3144684018727113,0.02331109208143321
5-12A,2.0,565.0471,-1.2880557207448273,0.22778226055254627
5-12A,2.0,578.8872,0.5029327012413474,0.2126311905680358
5-12A,2.0,579.0269,-0.11152878591811519,0.16522097036085906
5-12A,2.0,612.2549,-0.9364613936156478,0.48626128140967423
5-12A,2.0,624.2949,-0.7479777215045469,0.42642800456997937
5-12A,2.0,659.307,3.3308685109790597,0.29808086346721563
5-12A,2.0,664.0939,-0.11508622648149645,0.44047665558028687
5-12A,2.0,665.2144,-0.6358304957111811,0.31592149359079996
5-12A,2.0,668.1374,-0.6166980162275351,0.0002140181109489254
5-12A,2.0,787.255,3.5302019192941927,1.3442487473996558
5-12A,2.0,790.2568,2.705838409671772,0.460271209339951
5-12A,2.0,835.0407,-0.23121019472330842,0.19941788753128184
5-12A,2.0,863.2971,-0.5097942111541638,0.06988297287788893
5-12A,2.0,864.1473,2.8433163717954266,0.3525217172974667
5-12A,2.0,974.2935,-0.27139211772882443,0.1424938435120251
5-12A,2.0,976.7162,2.393942585093825,0.39408961146574817
5-12A,3.0,57.0342,0.9447797997302404,0.6701776401314959
5-12A,3.0,58.0295,-1.0998030901673699,0.1780595717645965
5-12A,3.0,59.0135,1.3617508718227627,0.7375872273235834
5-12A,3.0,71.0137,1.2982340807724424,0.4387988492592381
5-12A,3.0,73.0293,-0.9578991005870963,0.004680553204631579
5-12A,3.0,74.0247,-1.0765084572245847,1.609760703576903
5-12A,3.0,75.0087,-1.089409549217668,0.45950130883466156
5-12A,3.0,87.0088,-0.6529442777093983,0.013427616552934825
5-12A,3.0,87.0451,0.49570080881605816,0.269510709509385
5-12A,3.0,88.0403,-0.9288194723314225,0.018060314572208257
5-12A,3.0,88.9883,-0.8381621825410038,0.41771366134914023
5-12A,3.0,89.0244,-0.2712347811276947,0.20429190759092308
5-12A,3.0,93.0338,-0.08950007009645038,0.01324670943363451
5-12A,3.0,94.9761,-0.6036923452908088,0.5378482207598417
5-12A,3.0,94.9806,0.7204110147888598,0.13858229777463668
5-12A,3.0,95.0139,1.525108641147134,0.3600686426239068
5-12A,3.0,101.0242,1.0933894653290803,0.6019151502353568
5-12A,3.0,102.056,-0.5558598846551435,0.1350538913681869
5-12A,3.0,103.0402,-0.9958158749896573,0.0320830949819378
5-12A,3.0,103.0509,-0.9662134791622983,0.05523455896119344
5-12A,3.0,104.0352,0.9209267386834603,3.3857429204625693
5-12A,3.0,105.0193,0.38830580821564054,0.36539362457710123
5-12A,3.0,107.0503,-0.31325731307721233,0.4086247238541743
5-12A,3.0,109.0295,-1.1641271080769593,0.11429923271844887
5-12A,3.0,111.02,-1.1516396436993315,0.0108816122046773
5-12A,3.0,112.0516,-0.2503303943353009,0.41431185889013405
5-12A,3.0,113.0244,1.3272191007664715,0.5660114305353083
5-12A,3.0,113.0357,-1.0025674951419967,0.1518070150849962
5-12A,3.0,114.056,-0.1653133704603067,0.004686095439683286
5-12A,3.0,115.0037,-0.9129426991092439,0.016844194567148574
5-12A,3.0,115.0402,-1.0592746726914921,0.3486610629499555
5-12A,3.0,115.0764,-0.06202923542151348,0.2988398392383203
5-12A,3.0,116.0354,-0.9230954024170787,0.23914974774180925
5-12A,3.0,116.0717,-0.7631097161654703,0.12197277479508595
5-12A,3.0,117.0194,-0.9397685894802619,0.0009517525439876731
5-12A,3.0,118.0508,-1.0998284538122451,0.7708014207142491
5-12A,3.0,118.9804,1.3191485705632668,0.4051964996690986
5-12A,3.0,119.0503,-0.5453138147843222,0.4500372496295628
5-12A,3.0,120.9273,1.5812017826622164,1.6269201335827896
5-12A,3.0,121.0295,0.4259803355026407,0.40564863970492493
5-12A,3.0,121.0409,0.8803397867121293,0.6205659126042385
5-12A,3.0,122.0248,-0.6270289286312417,0.33271915434316274
5-12A,3.0,124.0075,0.29120460244335733,0.24634092252733156
5-12A,3.0,124.0144,0.7210139177610129,0.625438815422121
5-12A,3.0,125.0439,-0.1461767435989709,0.17308249045035243
5-12A,3.0,127.0764,0.5884660935796262,0.15010814710731976
5-12A,3.0,128.0354,2.051587955730482,0.11594025509130228
5-12A,3.0,129.0193,-1.2379050779227594,0.031147054638151674
5-12A,3.0,129.0556,0.5021914213918828,0.36233476088143063
5-12A,3.0,130.0142,-0.8123647183781045,0.181956042568911
5-12A,3.0,130.0509,-1.0393306659462622,0.030870528265783456
5-12A,3.0,130.0874,-0.7532591411300772,0.719457147427617
5-12A,3.0,131.0008,-0.07345323761828071,0.9625471533789242
5-12A,3.0,131.0123,-0.6315255349883673,0.17030797085403848
5-12A,3.0,131.035,0.7212817773994101,0.29938365881764795
5-12A,3.0,131.0462,0.9653761124189169,0.11479591072168556
5-12A,3.0,131.0828,1.2166756862452357,2.0065517755815585
5-12A,3.0,132.0302,-1.1837042442360775,0.08449645013198218
5-12A,3.0,133.0142,-0.5513476791008122,0.062127784927960616
5-12A,3.0,133.0257,-0.5162226651881585,0.10960355459188671
5-12A,3.0,133.0505,-1.3375186820145952,0.004113040973446257
5-12A,3.0,134.0472,-1.5683140293200646,0.18747232263893962
5-12A,3.0,134.0604,-1.3712659721457192,0.40393552591025017
5-12A,3.0,135.0302,-0.8127419795261429,0.21412005579260668
5-12A,3.0,135.0453,-0.4048844569182112,0.2486070557189441
5-12A,3.0,136.0404,-0.3489721788860166,0.07474865769853521
5-12A,3.0,136.0487,-0.572569990069024,0.22414890240405827
5-12A,3.0,136.0767,0.6049810867278429,0.7915877049949316
5-12A,3.0,137.0239,0.05852370420563506,0.3381308511291274
5-12A,3.0,138.9789,-0.9145356032404108,0.6702645009084306
5-12A,3.0,139.0014,-0.3053695488977727,0.05423470367785017
5-12A,3.0,139.0067,-0.7083942541535889,0.03879182150520909
5-12A,3.0,139.976,-1.176551658672547,0.7517811377266904
5-12A,3.0,143.0713,0.6030467571680845,0.4875365794762486
5-12A,3.0,143.1077,-0.018456135714050886,0.8263042735018691
5-12A,3.0,145.0141,-0.1833645813238665,0.06847764419915088
5-12A,3.0,145.0506,-0.3638176201631024,1.767278094138992
5-12A,3.0,145.0623,-0.4929416770509871,1.5630002592789498
5-12A,3.0,145.0982,0.8240152958372196,1.2679572564815305
5-12A,3.0,145.1106,0.821407202476395,1.0211932798857126
5-12A,3.0,146.0459,-0.5040317784740733,0.028052498189384437
5-12A,3.0,147.0298,-0.9854828106916276,0.00633389373892869
5-12A,3.0,147.0662,-1.4301878296529904,0.011374464787050113
5-12A,3.0,149.0092,-0.3623991379533098,0.9945103506908989
5-12A,3.0,149.0456,0.43662303006774417,0.5201346003250847
5-12A,3.0,149.0608,-0.07480632919782491,0.7851858497142453
5-12A,3.0,150.0422,-0.7371754989976387,0.611628233366708
5-12A,3.0,150.9707,-0.32569360373202194,0.3905187063569695
5-12A,3.0,151.0259,-0.4065235274390836,0.6184479573941289
5-12A,3.0,151.04,-0.14720570752427706,0.3613910140463393
5-12A,3.0,151.06,-0.20436122629256556,0.6231544514027214
5-12A,3.0,152.0353,-0.930686106964276,0.8477835718493953
5-12A,3.0,152.0716,0.7607618067709946,0.19444313199999622
5-12A,3.0,153.0192,-0.11115137564728936,0.2728101343576639
5-12A,3.0,154.062,1.0638598042495147,2.0396495157159
5-12A,3.0,154.9751,-0.9771993579510337,0.025384062896848216
5-12A,3.0,155.0099,-1.1145775600853902,0.0149855486539681
5-12A,3.0,157.0128,-0.9751667287198456,0.043826223933531666
5-12A,3.0,157.0255,-1.276876618726131,0.018414934736386755
5-12A,3.0,157.0379,-1.27709882340105,0.024446681264959618
5-12A,3.0,157.0504,-1.1810292070784645,0.056865563740728244
5-12A,3.0,159.0297,0.22694492979728437,0.416833497008191
5-12A,3.0,159.0775,-1.1527470392973445,0.011950653231066682
5-12A,3.0,160.0616,-1.1053807537308882,0.691019722122403
5-12A,3.0,161.0453,0.46020206082320436,0.5563426763731564
5-12A,3.0,162.0424,-1.109236846456161,0.5005909041938484
5-12A,3.0,163.0351,-0.9541174460790196,0.24344375748117844
5-12A,3.0,163.0398,0.2406614157204247,0.09880560694613645
5-12A,3.0,163.0611,-0.42860040245185005,0.6859901414800138
5-12A,3.0,164.0716,-0.22843444054086803,0.6213956411667182
5-12A,3.0,165.03,0.7074577189770164,0.5518013377701314
5-12A,3.0,165.0405,0.0888585114532966,0.4006297054854179
5-12A,3.0,165.0556,-0.7261603224963685,0.11091285534617336
5-12A,3.0,166.0508,-1.1765256960115003,0.24170831983785684
5-12A,3.0,166.0632,0.07899542505067197,1.5065426031456162
5-12A,3.0,166.9759,-0.7422473187438701,0.391506659266974
5-12A,3.0,167.0207,1.5485181506595112,3.5782094182659314
5-12A,3.0,167.0358,0.36125061627856025,0.4284510446898755
5-12A,3.0,167.0828,0.317426515648022,0.5208389878492856
5-12A,3.0,168.0277,-0.4456200024486493,0.0260158023248114
5-12A,3.0,168.0664,0.11614777787385919,0.7043872802673322
5-12A,3.0,170.0455,-0.8419025123539214,0.027014442044197506
5-12A,3.0,171.0065,-1.128193583326575,0.11229109921128635
5-12A,3.0,171.0092,-1.026079654953247,0.11312550628330732
5-12A,3.0,171.0284,-0.7878422859690153,0.25982176202285234
5-12A,3.0,172.0616,-1.4018539382489492,0.10784232189744529
5-12A,3.0,172.962,-0.5915795252451581,0.09889974056190912
5-12A,3.0,173.0089,-0.8395069925370282,0.13394036505718385
5-12A,3.0,173.0453,-0.35853034607250367,0.24565943401940563
5-12A,3.0,173.0932,-0.7687443911933103,0.2930659020147263
5-12A,3.0,173.1041,-0.12086550269672425,1.012662740525021
5-12A,3.0,174.0407,-0.9980615423721317,0.003649641271155514
5-12A,3.0,174.088,-0.3016443484119962,0.9704758696852172
5-12A,3.0,175.022,-0.5467738306960471,0.17367705769387112
5-12A,3.0,175.0361,-1.1984426642324277,0.01354454635294361
5-12A,3.0,175.0611,-1.2456024771251912,0.006023341972949683
5-12A,3.0,176.0776,-1.2846222555616416,0.08169860324504787
5-12A,3.0,177.0402,0.5531901390357995,0.30821472826795976
5-12A,3.0,177.0553,0.0942766997665207,1.0692514956320913
5-12A,3.0,178.0509,-0.9629725494287151,0.2499904281502642
5-12A,3.0,179.0348,-0.3829427339532976,0.3117179970432499
5-12A,3.0,179.0561,0.7923140531948252,0.4083394377067626
5-12A,3.0,180.0663,0.7146358205364663,0.3556189235719499
5-12A,3.0,181.0505,-0.859587037922269,0.5276349288431081
5-12A,3.0,182.9725,1.2751356947111656,0.4360456818308476
5-12A,3.0,183.0661,0.8767379901524471,0.771190989928978
5-12A,3.0,184.0017,-0.348439000424683,0.09515593063243957
5-12A,3.0,184.9856,-0.5022188353050548,0.2374390001515612
5-12A,3.0,186.1136,1.5190044216982845,1.079835186058318
5-12A,3.0,187.0234,-0.9682441631706643,0.28033043106878985
5-12A,3.0,188.035,-0.3629256180456737,0.3072267868931974
5-12A,3.0,188.0565,-1.1216200454090073,0.01859018051988375
5-12A,3.0,189.0405,3.6087550863132916,0.7725922461424126
5-12A,3.0,191.0197,-0.059792790115075226,1.16363684636869
5-12A,3.0,191.0561,-0.6154167950574994,1.381644117931749
5-12A,3.0,192.0663,-0.09529650959974556,0.9160407358276631
5-12A,3.0,193.0349,0.2721080538066353,0.9516737189888501
5-12A,3.0,194.0682,-1.0120677814199426,0.1079653450180759
5-12A,3.0,194.0822,1.2144705118927734,1.2590210773888628
5-12A,3.0,195.0509,-0.22073643396782017,0.35985779628345954
5-12A,3.0,195.0657,-0.4508127845738313,0.8960930621750378
5-12A,3.0,196.0603,-1.3011679187574474,0.1476398848718834
5-12A,3.0,198.0182,-0.5958169149497782,0.4418469416263954
5-12A,3.0,199.0019,-0.46168697315891505,0.3442026636987668
5-12A,3.0,200.9937,0.27911550301451765,0.5134770372572114
5-12A,3.0,201.0051,-1.0194839070429897,0.29600704397901284
5-12A,3.0,203.0348,-0.13954902801084962,0.500747234928488
5-12A,3.0,203.0826,-0.05267150721977709,0.0847388879043731
5-12A,3.0,204.0498,1.267736173597016,1.5245113726643729
5-12A,3.0,205.0351,-0.9367490996380898,0.1302733134392064
5-12A,3.0,206.0822,0.2662829220795362,0.4148416458396609
5-12A,3.0,209.0292,-0.6646591470395489,0.18073077958784087
5-12A,3.0,209.0814,0.5050535019779361,0.9743972230905509
5-12A,3.0,211.0235,-0.37115849542129026,0.48734454072100497
5-12A,3.0,211.9968,-1.04435908769053,0.02553317879221644
5-12A,3.0,212.0331,-0.3519551064610147,0.09864301862509488
5-12A,3.0,212.9807,-0.6448216068831615,0.18625275481830122
5-12A,3.0,213.014,-0.1281898315174919,0.25384547366083765
5-12A,3.0,213.0384,-0.11403281473841015,0.21511393660822153
5-12A,3.0,213.1252,1.0049773294493098,0.5884460298206853
5-12A,3.0,214.0488,0.3523429915540608,0.9634907021669717
5-12A,3.0,215.0331,1.1671360273420917,0.546601944072472
5-12A,3.0,216.1351,0.7068735321625336,0.25289826372122537
5-12A,3.0,218.0335,1.4554057579757798,0.5300184466326098
5-12A,3.0,218.1034,-1.1884994720574227,0.02898342982154665
5-12A,3.0,220.0828,0.6650681077924361,0.5548306736028439
5-12A,3.0,221.0443,1.319793499688798,0.6445837525229395
5-12A,3.0,221.0664,0.8497473503127551,0.9447316483040742
5-12A,3.0,225.0399,0.146709382288648,1.0069908782481432
5-12A,3.0,225.0861,0.0865103028946675,1.026260105795998
5-12A,3.0,225.0901,-0.40478256029604015,0.8153558159246004
5-12A,3.0,226.0135,0.0406030141151208,0.5713575527374226
5-12A,3.0,226.0697,0.5960698847023096,0.4060586697397468
5-12A,3.0,228.0501,-0.5654530004265148,0.7501906325961788
5-12A,3.0,229.0122,-0.9505844483951436,0.09133273645715395
5-12A,3.0,237.0614,-1.320220405200746,0.06670245383288949
5-12A,3.0,238.0945,1.566165508297236,0.4920466553912764
5-12A,3.0,240.0515,-1.385949234077322,0.011939074156359737
5-12A,3.0,241.0844,-1.1364726591742444,0.575419544116515
5-12A,3.0,242.0804,-0.05900762569210283,1.500553987105496
5-12A,3.0,243.029,-0.3827248619154566,0.6030289246524289
5-12A,3.0,243.0625,-0.6013281138130158,0.9248171530685468
5-12A,3.0,245.0444,-1.288452815834548,0.49191082257334445
5-12A,3.0,246.0198,-0.375310443719074,0.6839340434774394
5-12A,3.0,246.064,0.8762995162678391,0.709378073405964
5-12A,3.0,251.0816,0.57662485373566,0.85467599971821
5-12A,3.0,253.0119,-0.35866554626540115,0.008337942181494981
5-12A,3.0,253.0499,0.45306163676298855,0.5675179181992341
5-12A,3.0,257.0072,-1.2797123474444805,0.5142455113798075
5-12A,3.0,257.1028,0.5868501194615034,0.5517268326805413
5-12A,3.0,259.005,-0.7857579845121936,0.37977570278812467
5-12A,3.0,259.0227,0.9269176874306397,0.6618360291864733
5-12A,3.0,261.0385,-0.7959091058352306,0.5023285262818947
5-12A,3.0,266.0703,-0.9303217601584177,0.18793395971818833
5-12A,3.0,267.0724,-0.6751018857530615,0.08462105369247609
5-12A,3.0,268.02,-0.30956713390938173,0.2983682135133139
5-12A,3.0,269.0398,-0.5563958116988931,0.15834694234484142
5-12A,3.0,271.0612,0.6454146630962042,0.555575313194029
5-12A,3.0,271.0815,1.2157807525272113,0.6489574656311051
5-12A,3.0,273.0021,-0.8009902296521519,0.09017930605652744
5-12A,3.0,274.0933,-1.3168037328105502,0.13943509198598866
5-12A,3.0,275.0184,-1.2569027719501922,0.26314473158605406
5-12A,3.0,275.0991,-0.4928106746686901,0.19961552664517768
5-12A,3.0,277.1207,1.5891328911938705,0.7576934415742002
5-12A,3.0,277.2169,0.7215734918653981,0.518606121627754
5-12A,3.0,279.2331,0.059056943512462344,0.6859834881151623
5-12A,3.0,282.0839,-0.549030846499872,0.44464468866273227
5-12A,3.0,283.2063,0.2809738552569893,0.6705974276784609
5-12A,3.0,285.0972,2.0843893756473775,1.0790554938537305
5-12A,3.0,287.0157,0.12211103690809437,0.6360313748438465
5-12A,3.0,288.0725,-0.7856086664551645,0.09249030004856347
5-12A,3.0,289.0333,0.4485330471728356,0.7052696232590536
5-12A,3.0,289.1044,-1.3781957092160735,0.17589090350854603
5-12A,3.0,290.9677,-0.5161753695172937,0.07255326396088362
5-12A,3.0,294.0479,0.6179208518891464,0.39207988187653225
5-12A,3.0,300.0509,-0.3336167816381851,0.8362456350805613
5-12A,3.0,301.0333,0.9320104443741636,0.6918102335168214
5-12A,3.0,303.2326,-0.3096029292158024,0.3605384362859182
5-12A,3.0,305.0207,0.6115361300599096,0.24671166606021028
5-12A,3.0,306.0481,-1.0761138824156236,0.04610584287893508
5-12A,3.0,306.0765,-0.2759498149100491,0.017279476686742987
5-12A,3.0,308.0986,3.094967218345155,0.2564668055106562
5-12A,3.0,313.0441,-0.4139937114847039,0.7121058841561883
5-12A,3.0,313.1037,-0.7930840289408416,0.8261188231881947
5-12A,3.0,317.026,-0.3808239458453818,1.061030183109092
5-12A,3.0,323.0256,0.5325259461430198,0.6986493315768725
5-12A,3.0,325.1163,-0.24764581573662442,0.43326843603758824
5-12A,3.0,328.0457,-1.0406866922959184,0.05842454641306948
5-12A,3.0,333.0589,-1.284642562737682,0.4803698447739541
5-12A,3.0,338.9884,-0.5453088310926115,0.2200857842825067
5-12A,3.0,339.0928,0.4837166473451477,1.0182438053846232
5-12A,3.0,341.1089,0.32178501144380395,0.5003478174228422
5-12A,3.0,344.0393,-0.7787903149005885,0.26038009454061656
5-12A,3.0,346.0556,-0.6894487687481128,0.22662571126311884
5-12A,3.0,348.087,-1.1197267996060345,0.11518892143720427
5-12A,3.0,353.0489,-0.5777965705807049,0.4977954197790464
5-12A,3.0,357.089,-0.6406643987636853,0.05911834865859153
5-12A,3.0,375.131,-0.13060132164362814,0.6395814978020381
5-12A,3.0,377.1496,0.6962140699377559,0.8967584672482249
5-12A,3.0,383.1188,1.2019393763093,1.402093892568992
5-12A,3.0,388.9416,0.10174433508942525,0.16827149857892632
5-12A,3.0,388.9442,-0.15349112803969486,0.29971023708894245
5-12A,3.0,401.0756,1.1936851977099263,0.32431885070088046
5-12A,3.0,407.2795,0.41962641135826584,0.7415050690596532
5-12A,3.0,421.0743,-0.007281049593476637,0.24633723773822944
5-12A,3.0,426.0222,-1.0517509299599936,0.6713540079057515
5-12A,3.0,442.9997,0.20431097459966266,0.23240973075864754
5-12A,3.0,466.9657,0.1433957454202207,0.343741703939147
5-12A,3.0,490.9787,0.42051954552438964,1.535323184577458
5-12A,3.0,503.1614,1.0423672570531446,1.343581643296728
5-12A,3.0,547.0731,-1.302628670291322,0.06751363008450798
5-12A,3.0,565.0471,-0.99374063526473,0.1517385583504413
5-12A,3.0,578.8872,1.5145657092067402,0.5587497444921653
5-12A,3.0,579.0269,1.8288692841904286,0.614100157889977
5-12A,3.0,612.2549,-0.397606820695229,0.5228314914260844
5-12A,3.0,624.2949,-1.033223984184497,0.3371435016186959
5-12A,3.0,659.307,-0.409329584972411,0.32154725529780653
5-12A,3.0,664.0939,-0.673580321421672,0.061659392437569974
5-12A,3.0,665.2144,-0.6270720024780748,0.4094546060532644
5-12A,3.0,668.1374,-0.6165009091329232,0.00010519545307268801
5-12A,3.0,787.255,-0.6905134072576333,0.2323849258157186
5-12A,3.0,790.2568,-0.4103665298441389,0.4126213706158671
5-12A,3.0,835.0407,-0.7083526949713883,0.08335522113063501
5-12A,3.0,863.2971,-0.5807129179618347,0.18280720866491357
5-12A,3.0,864.1473,-1.0758572245763078,0.5045602106569013
5-12A,3.0,974.2935,-0.488729672586396,0.2024928302626617
5-12A,3.0,976.7162,0.6014550659580328,0.5030154959611957
5-12A,4.0,57.0342,1.383731390658684,0.5159926979890034
5-12A,4.0,58.0295,-1.1070839943362123,0.15700595152002192
5-12A,4.0,59.0135,0.24863907954340794,0.26388909106340563
5-12A,4.0,71.0137,0.8728046207522356,0.24515077085693143
5-12A,4.0,73.0293,-0.9178229313219248,0.012416161626196888
5-12A,4.0,74.0247,-1.4224299290819848,0.41208708009158046
5-12A,4.0,75.0087,1.538475372417699,0.26659151174809875
5-12A,4.0,87.0088,-0.5402795827357333,0.004273040630722643
5-12A,4.0,87.0451,2.8091816248329495,0.6507263302102273
5-12A,4.0,88.0403,-0.9440870866904232,0.00918999923134734
5-12A,4.0,88.9883,0.6706998115076019,1.0081829552113681
5-12A,4.0,89.0244,2.0838033650119714,0.17781859231692917
5-12A,4.0,93.0338,-0.07495604702516823,0.017171122328525863
5-12A,4.0,94.9761,-1.3848124681699734,0.4875202351722922
5-12A,4.0,94.9806,1.8831616299861997,0.2995432746851152
5-12A,4.0,95.0139,0.7786680508683279,0.1410889195690372
5-12A,4.0,101.0242,1.6653457178074613,0.24848363134407336
5-12A,4.0,102.056,-0.648137386273621,0.04308567847391901
5-12A,4.0,103.0402,-0.8964302711996075,0.02191825166155449
5-12A,4.0,103.0509,-0.9086793811497593,0.0909670880568887
5-12A,4.0,104.0352,-0.7486376141467299,0.09735936288796913
5-12A,4.0,105.0193,2.0994739159952003,0.5304248722469891
5-12A,4.0,107.0503,1.5262658379456897,0.6655199912309498
5-12A,4.0,109.0295,-0.832591772864291,0.12228815797458512
5-12A,4.0,111.02,-1.1606007513091365,0.01629726475440914
5-12A,4.0,112.0516,-1.5806992355053335,0.302385666882101
5-12A,4.0,113.0244,1.0563690527302607,0.06009960560354078
5-12A,4.0,113.0357,-1.1430864404383305,0.014958852730772333
5-12A,4.0,114.056,-0.18543256190323223,0.003932493800938973
5-12A,4.0,115.0037,-0.9631103974338963,0.046363465243681
5-12A,4.0,115.0402,0.09100445807981762,0.4694296332832183
5-12A,4.0,115.0764,0.8756820905385427,0.6287245909995043
5-12A,4.0,116.0354,-1.3975935857938329,0.36435198835866994
5-12A,4.0,116.0717,-0.7963521752932179,0.0061195739214496975
5-12A,4.0,117.0194,-0.9169914394798101,0.012816146740032038
5-12A,4.0,118.0508,-1.6017745245117432,0.16408968904239346
5-12A,4.0,118.9804,0.4200156955544387,0.15684017113167803
5-12A,4.0,119.0503,-0.030759950216844467,0.843799536256931
5-12A,4.0,120.9273,-0.033277859717620734,0.4997540781746368
5-12A,4.0,121.0295,0.46433958886064697,0.5152464385520223
5-12A,4.0,121.0409,2.3697760283407003,0.6959203346734716
5-12A,4.0,122.0248,2.37517294808137,0.7463109189371353
5-12A,4.0,124.0075,-0.17768306515201776,0.8111347506629778
5-12A,4.0,124.0144,2.6947456782957078,0.23306928213033873
5-12A,4.0,125.0439,2.9068912180947253,0.19835176001165905
5-12A,4.0,127.0764,-0.06696136603002653,0.8692020546611696
5-12A,4.0,128.0354,1.242834034618118,0.09445222836537902
5-12A,4.0,129.0193,-1.2062466564763377,0.03018411440809116
5-12A,4.0,129.0556,-0.7827543866864379,0.4402583015096865
5-12A,4.0,130.0142,-0.6527779800737493,0.47599191924771966
5-12A,4.0,130.0509,-1.059197238229961,0.024240251091451732
5-12A,4.0,130.0874,-1.1025129926418376,0.03313623507026786
5-12A,4.0,131.0008,-0.9982396461486565,0.7872749760215488
5-12A,4.0,131.0123,-0.7872570652489806,0.0671283531431847
5-12A,4.0,131.035,3.3799745709382174,0.23716817168166338
5-12A,4.0,131.0462,2.874235011174263,0.1949869790195962
5-12A,4.0,131.0828,-0.900176491346941,0.09176913082575769
5-12A,4.0,132.0302,-1.2268460245773483,0.010890731612395493
5-12A,4.0,133.0142,-0.7283639794914477,0.027588273714799653
5-12A,4.0,133.0257,-1.0396272944939038,0.13378335167321628
5-12A,4.0,133.0505,-1.2918782860221771,0.029105280102390586
5-12A,4.0,134.0472,-1.4686231546714161,0.1372421061669335
5-12A,4.0,134.0604,-1.2454038318605138,0.4628481603065961
5-12A,4.0,135.0302,-0.8656702368257786,0.037547594842560206
5-12A,4.0,135.0453,-1.0271448236555405,0.12119874885784558
5-12A,4.0,136.0404,-0.17318293247246308,0.09131257810106029
5-12A,4.0,136.0487,-0.9824897574260725,0.1983514519973614
5-12A,4.0,136.0767,-1.4041759494727981,1.0402535733771234
5-12A,4.0,137.0239,-0.08300648436045845,0.09566302579763261
5-12A,4.0,138.9789,4.4146658204698515,1.1771446903317835
5-12A,4.0,139.0014,-0.2946573075008583,0.044439817759689235
5-12A,4.0,139.0067,-0.6833816271646913,0.011460306567789971
5-12A,4.0,139.976,1.6230672470507264,0.5291637782508355
5-12A,4.0,143.0713,-0.1328704714795629,0.8783462339667156
5-12A,4.0,143.1077,-0.06210082272133916,0.31676909009931825
5-12A,4.0,145.0141,-0.4109260948923189,0.0622565751717092
5-12A,4.0,145.0506,-1.3327522150674807,0.20600608821837074
5-12A,4.0,145.0623,-1.3880222757848144,0.1567335288559906
5-12A,4.0,145.0982,-0.7543420843004647,0.06379140695007621
5-12A,4.0,145.1106,-0.8185418499177275,0.7007582586289942
5-12A,4.0,146.0459,-0.5082192362396142,0.0037675031204783102
5-12A,4.0,147.0298,-0.9858012312322819,0.013628932717955131
5-12A,4.0,147.0662,-1.3963794207587346,0.03068427095841343
5-12A,4.0,149.0092,0.039313518063927494,0.8129837534046839
5-12A,4.0,149.0456,5.199170766399213,0.5421557109381929
5-12A,4.0,149.0608,0.9964950475306484,0.8818330034675645
5-12A,4.0,150.0422,-0.2646061017441703,0.7751383072494189
5-12A,4.0,150.9707,-0.5107307275964973,1.1117995756062857
5-12A,4.0,151.0259,-0.6076205141426978,0.09027026046419385
5-12A,4.0,151.04,1.5628542875488654,0.8488090857170476
5-12A,4.0,151.06,-0.2701932002058359,1.4346579793754288
5-12A,4.0,152.0353,0.27901479448150235,0.6262437014264091
5-12A,4.0,152.0716,0.41407917950329975,0.8466149093522136
5-12A,4.0,153.0192,-0.3218324390673004,0.1451423979271735
5-12A,4.0,154.062,-0.47078969771883983,0.08984879908930327
5-12A,4.0,154.9751,-1.0025278710497942,0.011392323424534053
5-12A,4.0,155.0099,-1.1360478967255867,0.017176166682165112
5-12A,4.0,157.0128,-0.9825470136140291,0.04638196684907592
5-12A,4.0,157.0255,-1.2735518030641737,0.015617622849209659
5-12A,4.0,157.0379,-1.3206311918550786,0.03628429196298293
5-12A,4.0,157.0504,-1.1899429021684171,0.0391747632590439
5-12A,4.0,159.0297,1.7330373516743818,0.10762751884542704
5-12A,4.0,159.0775,-1.259888394290309,0.03211834964085538
5-12A,4.0,160.0616,-1.0110800760734433,0.306703745000931
5-12A,4.0,161.0453,4.361415780059124,0.3332632761777574
5-12A,4.0,162.0424,-0.9117751323648258,0.46043827607693527
5-12A,4.0,163.0351,-1.4485616489271564,0.19294613332734936
5-12A,4.0,163.0398,0.315135154348172,0.11255322838851942
5-12A,4.0,163.0611,0.28358855963728674,0.8614020011730721
5-12A,4.0,164.0716,-0.5005629891160803,0.12029574246862153
5-12A,4.0,165.03,-0.406335890025847,1.2755373861588633
5-12A,4.0,165.0405,0.15529013617115625,0.356659610351523
5-12A,4.0,165.0556,-0.567836313960894,0.10707300422509687
5-12A,4.0,166.0508,-0.765478991211308,0.23237186837957957
5-12A,4.0,166.0632,-1.0170682493571865,0.555035907433326
5-12A,4.0,166.9759,-0.2584710044385051,0.8832083332718689
5-12A,4.0,167.0207,-0.26960784533029286,0.35882255595207274
5-12A,4.0,167.0358,0.9841777327841095,0.8900634322074438
5-12A,4.0,167.0828,0.7420062766227602,0.7180131595164948
5-12A,4.0,168.0277,-0.5177110957224305,0.023340380638143955
5-12A,4.0,168.0664,1.5489581944544948,0.8442743044898421
5-12A,4.0,170.0455,-0.8530243355261524,0.019045888241238314
5-12A,4.0,171.0065,-0.29052682419733256,0.6457680870584236
5-12A,4.0,171.0092,-0.41557961897149726,0.433531299180902
5-12A,4.0,171.0284,-0.9886952108833457,0.09847886587294946
5-12A,4.0,172.0616,-1.323219734835675,0.18849717258813248
5-12A,4.0,172.962,-0.09559007397708877,0.07120333272936799
5-12A,4.0,173.0089,-0.8314972090563476,0.6444195566207821
5-12A,4.0,173.0453,-1.3249074506878102,0.1200374696060314
5-12A,4.0,173.0932,-1.0131412130447919,0.024434540530255056
5-12A,4.0,173.1041,-1.29532748408291,0.12075891115879209
5-12A,4.0,174.0407,-0.9968679010656544,0.007652641119050765
5-12A,4.0,174.088,-0.9619554811383183,0.19796241033885092
5-12A,4.0,175.022,-1.2331184678499678,0.20913703636798855
5-12A,4.0,175.0361,-1.1949570062104113,0.009349453564644141
5-12A,4.0,175.0611,-1.2569269100510154,0.016713776383642198
5-12A,4.0,176.0776,-1.3257691063358563,0.14601721125532646
5-12A,4.0,177.0402,0.519791097735172,0.8028779384352478
5-12A,4.0,177.0553,-0.12601899939222494,0.9523447999623267
5-12A,4.0,178.0509,-0.9976564530141,0.010621252913380438
5-12A,4.0,179.0348,0.6981021560706342,0.20367544119550915
5-12A,4.0,179.0561,5.003586297425409,0.30901958606822255
5-12A,4.0,180.0663,4.896962093469311,0.49495612302912256
5-12A,4.0,181.0505,-0.4533224113179606,0.236128681674028
5-12A,4.0,182.9725,-0.7388901823636169,0.5327447777902304
5-12A,4.0,183.0661,1.122402438885488,0.367449057573221
5-12A,4.0,184.0017,-0.594661799879595,0.06243156321788349
5-12A,4.0,184.9856,-0.2868972648262482,0.251523615342834
5-12A,4.0,186.1136,-1.232220444367974,0.9932266341684114
5-12A,4.0,187.0234,-0.28171876158514464,0.7223435064579538
5-12A,4.0,188.035,-0.39533932364470203,0.42644114077346684
5-12A,4.0,188.0565,-1.1297276961724982,0.007948066039947905
5-12A,4.0,189.0405,-1.2300293795465997,0.12356242125393047
5-12A,4.0,191.0197,-1.5661631223140506,0.09324033793715453
5-12A,4.0,191.0561,-1.1815052293227168,0.08107693143339753
5-12A,4.0,192.0663,0.7569595756145646,0.8226880866591127
5-12A,4.0,193.0349,-1.1966766091373269,0.5540641219981562
5-12A,4.0,194.0682,-1.026159548449055,0.11436708234671734
5-12A,4.0,194.0822,2.0473034200276867,1.6627351525873542
5-12A,4.0,195.0509,-0.5712621361600988,0.12066677922085144
5-12A,4.0,195.0657,0.311625696825109,0.25097280299010855
5-12A,4.0,196.0603,-1.1997433425696231,0.061309321228458905
5-12A,4.0,198.0182,-0.7861853797828648,0.3972647172719094
5-12A,4.0,199.0019,0.7794489735523522,0.566411919958794
5-12A,4.0,200.9937,9.174638527220353,0.6060014934329889
5-12A,4.0,201.0051,0.11777167242778548,0.668509044920868
5-12A,4.0,203.0348,1.012797229108559,0.45294519472160966
5-12A,4.0,203.0826,-0.021292796277352304,0.01847467704076082
5-12A,4.0,204.0498,2.9725545467395333,0.3188102704221521
5-12A,4.0,205.0351,-1.333640068026463,0.1407274154319512
5-12A,4.0,206.0822,2.8799303561434266,0.1598656915179613
5-12A,4.0,209.0292,-1.1346637703819,0.5915339144509297
5-12A,4.0,209.0814,-0.5439054196854349,0.48361880287133047
5-12A,4.0,211.0235,-1.2000425351346093,0.511565558990231
5-12A,4.0,211.9968,-1.0880470940339007,0.03874237164327259
5-12A,4.0,212.0331,0.037646797306866445,0.35596629176391414
5-12A,4.0,212.9807,-0.9684835913082741,0.15183197253962025
5-12A,4.0,213.014,-0.6649048150288328,0.19315568057116903
5-12A,4.0,213.0384,-0.9948424917806513,0.2633363936011278
5-12A,4.0,213.1252,1.0139206500471825,0.740014250897638
5-12A,4.0,214.0488,1.686760389845075,1.4197477474134554
5-12A,4.0,215.0331,1.0796328087198739,0.20297567016309026
5-12A,4.0,216.1351,-0.5454725912568432,0.2875496956690877
5-12A,4.0,218.0335,0.6351099034258004,0.15672230914693142
5-12A,4.0,218.1034,-1.2312174574521415,0.029746975436572738
5-12A,4.0,220.0828,0.4117595547394801,0.26673044048335287
5-12A,4.0,221.0443,0.05077094040504155,0.03353659119793515
5-12A,4.0,221.0664,-0.11187901831612801,0.3185287718567021
5-12A,4.0,225.0399,0.05457867409139122,1.3817909676787392
5-12A,4.0,225.0861,1.42577012269964,0.32085957362135453
5-12A,4.0,225.0901,0.5973378152176403,1.3217153203289107
5-12A,4.0,226.0135,3.7314435109169626,3.0411562168627295
5-12A,4.0,226.0697,0.3570109752700884,0.16343509268175918
5-12A,4.0,228.0501,-0.291735214454639,0.34626138290362507
5-12A,4.0,229.0122,-0.4494039719310146,0.21826521605550384
5-12A,4.0,237.0614,-1.3447024386747395,0.04327985154530487
5-12A,4.0,238.0945,0.2508534696443579,0.20422671076285384
5-12A,4.0,240.0515,-1.4142293915136277,0.01548784259134167
5-12A,4.0,241.0844,-1.0522269493304612,0.6952832104193909
5-12A,4.0,242.0804,-0.13891927004610893,0.8359776211059022
5-12A,4.0,243.029,-0.18927163223664872,0.19352847108925653
5-12A,4.0,243.0625,-1.7786949219879493,0.4032308964746093
5-12A,4.0,245.0444,-0.23072317785180907,0.6065570937753003
5-12A,4.0,246.0198,5.12912773967734,3.3773913723788183
5-12A,4.0,246.064,-0.8647842947680912,0.11987706628904758
5-12A,4.0,251.0816,-0.7168678571656593,0.2374317569831887
5-12A,4.0,253.0119,-0.3644237430058626,0.01670259023064457
5-12A,4.0,253.0499,-1.0473715319094468,0.43828071055325385
5-12A,4.0,257.0072,-0.7871761221074609,0.5250784304480792
5-12A,4.0,257.1028,-0.7542248954270507,0.6721450982704059
5-12A,4.0,259.005,-0.2312593948054879,0.5203546464037365
5-12A,4.0,259.0227,3.690159028703725,0.3357245230098472
5-12A,4.0,261.0385,-0.04544217182493929,0.4281656786869811
5-12A,4.0,266.0703,0.06994368416158346,0.3744085892508697
5-12A,4.0,267.0724,-0.6597130711384822,0.01643610938667481
5-12A,4.0,268.02,-1.0847422607483868,0.3331278628089702
5-12A,4.0,269.0398,-0.7634107492174353,0.14935994904726582
5-12A,4.0,271.0612,-0.6019679829245042,0.35315310936343985
5-12A,4.0,271.0815,-0.32252999338586424,0.45740269332883454
5-12A,4.0,273.0021,-0.5644181848783878,0.14244825131373326
5-12A,4.0,274.0933,-1.5192267909609491,0.16018994259162925
5-12A,4.0,275.0184,0.3847950556543299,0.5968480010714361
5-12A,4.0,275.0991,-1.0149478391856226,0.3394585176043352
5-12A,4.0,277.1207,3.4669388546582747,0.2432879973102609
5-12A,4.0,277.2169,1.0949224219615792,0.4522228929171302
5-12A,4.0,279.2331,-0.3481048719536973,0.05300479840726845
5-12A,4.0,282.0839,-0.4705882210058827,0.36577437625968706
5-12A,4.0,283.2063,-0.3588805048227709,0.12604866598971817
5-12A,4.0,285.0972,0.13588526509338034,0.8744478745530084
5-12A,4.0,287.0157,1.167862043251596,0.3265811459279618
5-12A,4.0,288.0725,-0.7274489447497748,0.08673040484195027
5-12A,4.0,289.0333,-1.0496704687453953,0.592447954612378
5-12A,4.0,289.1044,-1.539732427688529,0.08278870095859955
5-12A,4.0,290.9677,-0.5093887019279653,0.1318781091375749
5-12A,4.0,294.0479,0.255240622014139,1.0680717921858416
5-12A,4.0,300.0509,-1.4753096904322809,0.8492186448940522
5-12A,4.0,301.0333,-0.6914824921055478,0.6810415283963053
5-12A,4.0,303.2326,-0.1156562830906498,0.11903779784044138
5-12A,4.0,305.0207,0.8854552056334513,0.26097074670732184
5-12A,4.0,306.0481,-1.0662475487813108,0.11605371479784961
5-12A,4.0,306.0765,-0.2622043272666796,0.020765438847350465
5-12A,4.0,308.0986,2.2499130558724154,0.3248088902364232
5-12A,4.0,313.0441,-0.7219351985692277,0.19859892301804036
5-12A,4.0,313.1037,-1.2899930486237725,0.24347493999197412
5-12A,4.0,317.026,-1.0909449867749457,0.3138221779436082
5-12A,4.0,323.0256,4.811910978172483,0.8676743619566696
5-12A,4.0,325.1163,0.029271898907749207,0.29129936539086765
5-12A,4.0,328.0457,-1.1279907326961578,0.06222107473242156
5-12A,4.0,333.0589,-1.590349412564637,0.20673602559601478
5-12A,4.0,338.9884,-0.6725379971293178,0.17591294189056536
5-12A,4.0,339.0928,-0.07339891546594343,0.95827901991233
5-12A,4.0,341.1089,-0.35179831185567934,0.22460669011706083
5-12A,4.0,344.0393,0.0919371119925165,0.2863152559199659
5-12A,4.0,346.0556,-0.25634673108215333,0.11989216275657574
5-12A,4.0,348.087,-0.9558031036276929,0.16290238593313142
5-12A,4.0,353.0489,-1.0333373698273465,0.855568972872459
5-12A,4.0,357.089,-0.882370226183242,0.14643583240409447
5-12A,4.0,375.131,-1.0693909150874845,0.321009345102033
5-12A,4.0,377.1496,-1.91115374213584,0.5242001768192596
5-12A,4.0,383.1188,-0.6158863236303527,0.7138495978004005
5-12A,4.0,388.9416,0.18682282279913198,0.6660620761838998
5-12A,4.0,388.9442,-0.4221600365966634,0.3283109126910384
5-12A,4.0,401.0756,-0.26358822048300506,0.1518909020928327
5-12A,4.0,407.2795,-0.5559298878805516,0.2172734419381889
5-12A,4.0,421.0743,0.1136188609883439,1.0929427989003546
5-12A,4.0,426.0222,-0.40483736856607355,0.3522098673700937
5-12A,4.0,442.9997,0.5089587890596142,0.25178780607826856
5-12A,4.0,466.9657,2.0337286685015643,0.5114508100734815
5-12A,4.0,490.9787,-0.15489375118284754,0.26373296715539113
5-12A,4.0,503.1614,-0.08518667211043392,0.5529491991156353
5-12A,4.0,547.0731,-1.2509235133852552,0.0611403558970101
5-12A,4.0,565.0471,-0.9682430412256127,0.21014240560660905
5-12A,4.0,578.8872,-0.40114366866132367,0.11688724451332866
5-12A,4.0,579.0269,-0.7652951225912703,0.04762927887831165
5-12A,4.0,612.2549,0.6336493447214344,1.3472333541743047
5-12A,4.0,624.2949,0.8193754271158107,0.9044204363573853
5-12A,4.0,659.307,7.5132218081961115,0.7631187797892577
5-12A,4.0,664.0939,6.795775955512043,1.8917390358556894
5-12A,4.0,665.2144,2.5972213064027967,1.1462319458433496
5-12A,4.0,668.1374,-0.6146705154277173,0.0004109436525458682
5-12A,4.0,787.255,3.2600761383948758,0.44417801528452017
5-12A,4.0,790.2568,9.397444498443658,1.06928333268001
5-12A,4.0,835.0407,0.5174193153580575,0.6930571591442211
5-12A,4.0,863.2971,1.4513176889232544,0.7196485365767903
5-12A,4.0,864.1473,7.821506468638031,1.490567297935152
5-12A,4.0,974.2935,2.319464113753682,0.737503154759695
5-12A,4.0,976.7162,2.486989015253536,0.31999334177530026
5-12A,5.0,57.0342,1.9957589929334558,0.5437081158817479
5-12A,5.0,58.0295,-0.8358703140468295,0.13194093033633056
5-12A,5.0,59.0135,1.8794395577114171,0.4478494206026031
5-12A,5.0,71.0137,1.8594829556197991,0.220802873571012
5-12A,5.0,73.0293,-0.9153322216584118,0.029681048702149642
5-12A,5.0,74.0247,-1.1727648667849047,0.31453024312556344
5-12A,5.0,75.0087,-0.1935917598894828,0.559847782914038
5-12A,5.0,87.0088,-0.6526257647650283,0.013955041352367437
5-12A,5.0,87.0451,1.9241211673737029,0.44086076652366457
5-12A,5.0,88.0403,-0.9250578861850021,0.02044650130817768
5-12A,5.0,88.9883,-1.1659149865462637,0.5521059912612859
5-12A,5.0,89.0244,-0.0035713813597146385,0.13150268196899112
5-12A,5.0,93.0338,-0.07069224170031393,0.01701930942161331
5-12A,5.0,94.9761,-0.41328888595791374,0.49222667064085096
5-12A,5.0,94.9806,1.2497432366553116,0.5322555003216316
5-12A,5.0,95.0139,1.846271149567287,0.10414190332967166
5-12A,5.0,101.0242,1.9275918618769188,0.321850808871251
5-12A,5.0,102.056,-0.5793929279015031,0.061520144293565525
5-12A,5.0,103.0402,-0.939245874956708,0.0220419523206122
5-12A,5.0,103.0509,-0.8948035104526176,0.09462233600304386
5-12A,5.0,104.0352,-0.8597049606628415,0.04519510343149858
5-12A,5.0,105.0193,-0.01239510427942824,0.24726756035693392
5-12A,5.0,107.0503,0.7669349615811961,0.9906351808639692
5-12A,5.0,109.0295,-0.9854236688797723,0.12014080383525154
5-12A,5.0,111.02,-1.0188619010337505,0.03855687465050759
5-12A,5.0,112.0516,0.770576150447458,0.4481339086073683
5-12A,5.0,113.0244,1.8021636858309384,0.21113513024371097
5-12A,5.0,113.0357,-0.6832660688916483,0.07389729674339311
5-12A,5.0,114.056,-0.10599936071655458,0.008006449890265709
5-12A,5.0,115.0037,-0.8726396053258791,0.06307600647847289
5-12A,5.0,115.0402,-0.20106261790802724,0.5783275944176758
5-12A,5.0,115.0764,1.2319091018127344,0.7465262312426468
5-12A,5.0,116.0354,-1.2156025103974324,0.22679035652186397
5-12A,5.0,116.0717,-0.8001026065794253,0.015631886884562827
5-12A,5.0,117.0194,-0.9134825842226393,0.017363927804382742
5-12A,5.0,118.0508,-1.5539522056979127,0.16586281823922303
5-12A,5.0,118.9804,1.7831255729132396,0.3537668959084946
5-12A,5.0,119.0503,-0.2699187886777848,0.6109184333503473
5-12A,5.0,120.9273,-0.4610498357829642,0.09431479559574144
5-12A,5.0,121.0295,1.3975528747535175,0.6026767742353241
5-12A,5.0,121.0409,1.159968687084838,0.5986453783815031
5-12A,5.0,122.0248,0.7213923802493805,0.4408769581772638
5-12A,5.0,124.0075,-0.06629664979311642,0.9209049557299981
5-12A,5.0,124.0144,1.8019908224374173,0.34626093481181963
5-12A,5.0,125.0439,1.066631306299041,0.3213306518725591
5-12A,5.0,127.0764,1.6427389452773231,0.572803472222811
5-12A,5.0,128.0354,3.1543493175915427,0.10420266262474105
5-12A,5.0,129.0193,-1.0580989038320738,0.037754392749387064
5-12A,5.0,129.0556,1.0274928369862995,0.4127800849005252
5-12A,5.0,130.0142,-0.6367333528833653,0.2070862969364006
5-12A,5.0,130.0509,-1.0396406198971966,0.012052760654699965
5-12A,5.0,130.0874,-1.1172054800606053,0.01973736873487671
5-12A,5.0,131.0008,1.0188711341596195,0.4973307119864422
5-12A,5.0,131.0123,-0.7517364627819347,0.06316737608179783
5-12A,5.0,131.035,1.3729040484919235,0.23501856843621918
5-12A,5.0,131.0462,0.879824384336834,0.18871597348905078
5-12A,5.0,131.0828,-0.8721513810012894,0.09296992860693332
5-12A,5.0,132.0302,-1.1362268996694334,0.02934902150258983
5-12A,5.0,133.0142,-0.5053584680429299,0.0703071016518906
5-12A,5.0,133.0257,-0.6436909073820603,0.11622207659865467
5-12A,5.0,133.0505,-1.2641872795216242,0.018761581859862535
5-12A,5.0,134.0472,-1.2172718727092693,0.19017452439224442
5-12A,5.0,134.0604,-1.1289404877654372,0.18859482868999508
5-12A,5.0,135.0302,-0.710976958501021,0.21618256283335682
5-12A,5.0,135.0453,0.525698391538409,0.1140577369664657
5-12A,5.0,136.0404,-0.37446542457802545,0.14178170856977723
5-12A,5.0,136.0487,0.2750764254154776,0.11763107299402734
5-12A,5.0,136.0767,0.3937345247115979,1.0840151623301428
5-12A,5.0,137.0239,-0.07305712135409356,0.3304382641824771
5-12A,5.0,138.9789,0.7082407010178531,0.25435377214447596
5-12A,5.0,139.0014,-0.27913477824970623,0.10177736050157535
5-12A,5.0,139.0067,-0.5821829130666788,0.04042737390725391
5-12A,5.0,139.976,0.4986052069418042,0.9292028627120017
5-12A,5.0,143.0713,0.6439078047318065,0.2969107931548232
5-12A,5.0,143.1077,1.0520426873302304,0.4709376222139728
5-12A,5.0,145.0141,-0.1685550225043323,0.11240771472423783
5-12A,5.0,145.0506,-0.9272574604256525,0.042571580299404284
5-12A,5.0,145.0623,-1.2855230327873324,0.18555223963673234
5-12A,5.0,145.0982,-0.9307066476443855,0.2534293150419589
5-12A,5.0,145.1106,-0.5660308661181304,0.6789345994534086
5-12A,5.0,146.0459,-0.5084734885050473,0.0051562939218224935
5-12A,5.0,147.0298,-0.9150017149118697,0.03879462488018332
5-12A,5.0,147.0662,-1.3060600416437715,0.027900803584927424
5-12A,5.0,149.0092,1.782224242680158,0.8719444828863491
5-12A,5.0,149.0456,1.0624297217804521,0.16023966298903491
5-12A,5.0,149.0608,1.4890253763664583,0.9060629609292609
5-12A,5.0,150.0422,-0.10398560436307572,0.7116554955077476
5-12A,5.0,150.9707,-0.6131619925929032,0.5631110789705555
5-12A,5.0,151.0259,-0.6133581456352852,0.051985917775916754
5-12A,5.0,151.04,1.4540841655040677,0.5666505983115442
5-12A,5.0,151.06,0.3125816508296724,0.6524240141752043
5-12A,5.0,152.0353,1.1117744790032753,0.2686949336253316
5-12A,5.0,152.0716,1.4377691291217594,0.2658157978725588
5-12A,5.0,153.0192,0.15523976217019114,0.08154541796986273
5-12A,5.0,154.062,-0.4992589836480885,0.055850417001580464
5-12A,5.0,154.9751,-0.9154099925023949,0.014449719884568146
5-12A,5.0,155.0099,-0.9671371776147838,0.03232674212542629
5-12A,5.0,157.0128,-0.8568440967066455,0.04075464399582256
5-12A,5.0,157.0255,-1.0692203368603743,0.03469022651798593
5-12A,5.0,157.0379,-1.0597094842198223,0.08624391815049447
5-12A,5.0,157.0504,-1.0568852734274081,0.04951104985705733
5-12A,5.0,159.0297,0.9896264110280095,0.3493781070533096
5-12A,5.0,159.0775,-1.1648514248798487,0.046802613855015225
5-12A,5.0,160.0616,-1.473200312354952,0.18319187552633698
5-12A,5.0,161.0453,1.2658474909195392,0.14645174588220866
5-12A,5.0,162.0424,-1.2497695400521585,0.20900313247101313
5-12A,5.0,163.0351,-0.8322338789949487,0.10386970763932674
5-12A,5.0,163.0398,0.5419473566122306,0.17433551851285958
5-12A,5.0,163.0611,0.7112129364375327,1.2477632150477758
5-12A,5.0,164.0716,-0.5839776294577159,0.05744337192953017
5-12A,5.0,165.03,1.0656360993771452,0.7805967442096959
5-12A,5.0,165.0405,1.5995756144931208,0.3840253243436315
5-12A,5.0,165.0556,-0.40041533685605657,0.1266940815529019
5-12A,5.0,166.0508,-1.1765256960115003,0.3483528221546294
5-12A,5.0,166.0632,-1.0752511766481578,0.724085019792575
5-12A,5.0,166.9759,-0.3987096636437568,0.3975460362761054
5-12A,5.0,167.0207,-0.2745992687921729,0.1991147425909286
5-12A,5.0,167.0358,1.354045688120354,0.14855234699640327
5-12A,5.0,167.0828,1.1071664781735526,0.5791149567341158
5-12A,5.0,168.0277,-0.47956746010982154,0.02816489826732126
5-12A,5.0,168.0664,0.3478563930964702,0.6731464578520541
5-12A,5.0,170.0455,-0.8451416584101924,0.03346877341043706
5-12A,5.0,171.0065,-0.6716959129713105,0.14944185722664888
5-12A,5.0,171.0092,-0.19237550778491946,0.28409873549954895
5-12A,5.0,171.0284,-0.8004821298095213,0.04204426552122384
5-12A,5.0,172.0616,-1.2193794990954063,0.12772894431907894
5-12A,5.0,172.962,-0.3939404708471121,0.10791427089695002
5-12A,5.0,173.0089,-0.7762153998548648,0.08065858098022999
5-12A,5.0,173.0453,-0.9069490772435547,0.1613252816820409
5-12A,5.0,173.0932,-0.9415049502691484,0.05367953496986342
5-12A,5.0,173.1041,-1.1241694128772912,0.037080723137216394
5-12A,5.0,174.0407,-0.9752403060579662,0.015255485704790777
5-12A,5.0,174.088,-0.8845885544283243,0.10307399134494101
5-12A,5.0,175.022,-0.9103544826702564,0.11505104314560717
5-12A,5.0,175.0361,-1.1006530431843866,0.026056850006666157
5-12A,5.0,175.0611,-1.183185889511343,0.02644300158861192
5-12A,5.0,176.0776,-1.1557557448951452,0.2103040138174239
5-12A,5.0,177.0402,1.0250936001337811,0.32061197708409406
5-12A,5.0,177.0553,0.7722530263735489,0.5233528022255067
5-12A,5.0,178.0509,-1.0320850149779972,0.045916106588847684
5-12A,5.0,179.0348,0.37945630304998795,0.2987491354065872
5-12A,5.0,179.0561,1.7306444420429705,0.2649666785996722
5-12A,5.0,180.0663,1.6825115588502064,0.24281250287903
5-12A,5.0,181.0505,-0.7607288307019884,0.1105369021484601
5-12A,5.0,182.9725,1.5615836233743134,0.30807410847324024
5-12A,5.0,183.0661,0.5439483590198975,0.5768609020733255
5-12A,5.0,184.0017,-0.5451289535815871,0.07617019788743505
5-12A,5.0,184.9856,-0.5058361653424981,0.17695514293342593
5-12A,5.0,186.1136,1.5201324351735064,0.9113102087172293
5-12A,5.0,187.0234,-0.5196844418743484,0.6955056281061309
5-12A,5.0,188.035,-0.7259591207547915,0.9778516554902869
5-12A,5.0,188.0565,-1.0969245453030774,0.023483681311932642
5-12A,5.0,189.0405,-0.227364452355439,0.11027337859851614
5-12A,5.0,191.0197,-0.3560637738880549,0.31863001456547246
5-12A,5.0,191.0561,-1.0111325673826488,0.08372376915248955
5-12A,5.0,192.0663,0.056780583575597066,0.5370021228001729
5-12A,5.0,193.0349,0.7714818007285504,0.48911171044444685
5-12A,5.0,194.0682,-1.0484336318176521,0.1381832532388097
5-12A,5.0,194.0822,1.4956405962631076,1.0358262592679273
5-12A,5.0,195.0509,0.16489323517421306,0.24946943771208716
5-12A,5.0,195.0657,0.49723426768708945,1.2006055462137386
5-12A,5.0,196.0603,-1.243747054435865,0.049970200024497986
5-12A,5.0,198.0182,-0.5814971631702982,0.32507239678772637
5-12A,5.0,199.0019,0.3791763959626167,0.5295646539769882
5-12A,5.0,200.9937,0.8227945969983743,0.2424649485126963
5-12A,5.0,201.0051,-0.34364231773921794,0.5770076548159799
5-12A,5.0,203.0348,0.16467944599343182,0.39021456471030863
5-12A,5.0,203.0826,-0.09135180282380458,0.004709344453135033
5-12A,5.0,204.0498,0.6043478164207874,0.7882340701860244
5-12A,5.0,205.0351,-0.9180100556647193,0.18959742286741815
5-12A,5.0,206.0822,1.4373539876550965,0.9240326704536505
5-12A,5.0,209.0292,-0.5753307829540143,0.5017673122850925
5-12A,5.0,209.0814,0.040197963755888876,0.4401537067744111
5-12A,5.0,211.0235,-0.2874086646188475,0.4914605642862094
5-12A,5.0,211.9968,-1.0505432347071713,0.012269630918019078
5-12A,5.0,212.0331,-0.4150778584659037,0.26511248200897924
5-12A,5.0,212.9807,-0.5313170345822487,0.02473194339674812
5-12A,5.0,213.014,-0.8488951227325494,0.23034885641273173
5-12A,5.0,213.0384,-0.3745250978024662,0.29002263725166216
5-12A,5.0,213.1252,0.520249353044618,0.5580639219190142
5-12A,5.0,214.0488,0.9055101252267601,1.1208469177945652
5-12A,5.0,215.0331,2.0963865186541066,0.361951173083112
5-12A,5.0,216.1351,0.8226770543332289,0.1420045778930171
5-12A,5.0,218.0335,2.116271298938015,0.32121536314443916
5-12A,5.0,218.1034,-1.1446318524948575,0.0507526219977186
5-12A,5.0,220.0828,1.680810325480032,0.6428734450980013
5-12A,5.0,221.0443,1.6719229415584196,0.12409212767149283
5-12A,5.0,221.0664,2.603082022842381,1.0345890963552027
5-12A,5.0,225.0399,0.7695930833614057,1.1316118052271482
5-12A,5.0,225.0861,1.8010116511589278,0.48091710883433475
5-12A,5.0,225.0901,1.181492101626648,1.149804345190997
5-12A,5.0,226.0135,0.4018335714614938,0.24754179436444154
5-12A,5.0,226.0697,0.7093536561990198,0.8040360325831083
5-12A,5.0,228.0501,-0.4364708782599115,0.4467520482979793
5-12A,5.0,229.0122,-0.5000636640847314,0.29940234708436786
5-12A,5.0,237.0614,-1.114621287352822,0.23449753621658828
5-12A,5.0,238.0945,-0.5406000300884541,0.0943992416967523
5-12A,5.0,240.0515,-1.3628969043479118,0.04252025668000335
5-12A,5.0,241.0844,0.3590750748667235,0.8423874900927186
5-12A,5.0,242.0804,-0.7758090671532254,0.6677539427894895
5-12A,5.0,243.029,0.354425549562259,0.5642065527412532
5-12A,5.0,243.0625,-1.146322552805969,0.2526834541004577
5-12A,5.0,245.0444,-0.6266717997313644,0.49741182873994
5-12A,5.0,246.0198,-0.37786115650100005,0.8469002449693345
5-12A,5.0,246.064,1.1962986235856272,1.9656514678171029
5-12A,5.0,251.0816,1.490950098794632,1.4208209953005695
5-12A,5.0,253.0119,-0.3357382207823185,0.017055117832074054
5-12A,5.0,253.0499,0.7698782979269224,1.1128555927049333
5-12A,5.0,257.0072,-0.5130981409335276,0.5925438848744764
5-12A,5.0,257.1028,0.6733314239057226,0.4266212426320899
5-12A,5.0,259.005,0.79279331980179,0.17792982060575746
5-12A,5.0,259.0227,2.4007858032381497,0.21876117653532431
5-12A,5.0,261.0385,0.03874395216062982,0.18872498884780378
5-12A,5.0,266.0703,-0.7933381900375617,0.15936803050487905
5-12A,5.0,267.0724,-0.7064783015430987,0.03872177271413819
5-12A,5.0,268.02,-1.164522189317071,0.8935855851815889
5-12A,5.0,269.0398,-0.796998196178322,0.11609486312197877
5-12A,5.0,271.0612,0.08286954822412003,0.3512928790000887
5-12A,5.0,271.0815,0.6768316012658622,0.6239349026741514
5-12A,5.0,273.0021,-0.6948912519960395,0.15608691833390667
5-12A,5.0,274.0933,-1.3168037328105502,0.1579243219022088
5-12A,5.0,275.0184,0.3805873722004097,0.16538876365486932
5-12A,5.0,275.0991,-0.917986434447102,0.2601898066005872
5-12A,5.0,277.1207,2.747899245790463,0.36396608801670755
5-12A,5.0,277.2169,1.424248122599895,0.7799084098126817
5-12A,5.0,279.2331,-0.2869984032749128,0.04614363116759295
5-12A,5.0,282.0839,-0.5040976920906937,0.2115321064508042
5-12A,5.0,283.2063,-0.29834541490670313,0.29510058976247083
5-12A,5.0,285.0972,0.10665413866355455,0.7541276177872832
5-12A,5.0,287.0157,0.9261667305726633,0.43754203142202397
5-12A,5.0,288.0725,-0.6728140546628938,0.1490098566223892
5-12A,5.0,289.0333,0.11076679733350538,1.3493313566342675
5-12A,5.0,289.1044,-1.6600032158961873,0.2214631858236227
5-12A,5.0,290.9677,-0.4655838474877536,0.11754079471030214
5-12A,5.0,294.0479,0.5617577716722818,1.4377970714902997
5-12A,5.0,300.0509,-0.17072372773195682,0.9457804978250468
5-12A,5.0,301.0333,1.0998353821793374,0.9013811359225953
5-12A,5.0,303.2326,0.7062855896844188,0.8763077648519644
5-12A,5.0,305.0207,1.296495901287002,0.1057794876105182
5-12A,5.0,306.0481,-1.1686833068081501,0.14240904790938114
5-12A,5.0,306.0765,-0.25592784889071174,0.01832140483731346
5-12A,5.0,308.0986,4.975239948034702,0.2886850245142128
5-12A,5.0,313.0441,-0.8346317334696247,0.5379097049541731
5-12A,5.0,313.1037,-0.9037317863601178,0.10373666690026667
5-12A,5.0,317.026,0.47690652494032715,0.5146679189608366
5-12A,5.0,323.0256,0.3455103214503743,0.20912467023426934
5-12A,5.0,325.1163,-0.5885746603992954,0.4601693834578208
5-12A,5.0,328.0457,-0.9659114777389932,0.07771621107097809
5-12A,5.0,333.0589,-1.1697374915821972,0.2462927732243098
5-12A,5.0,338.9884,0.08434270291271205,0.2748095254100995
5-12A,5.0,339.0928,-0.2835160526137884,0.5320068148190547
5-12A,5.0,341.1089,1.0738952129577282,0.30766022722911424
5-12A,5.0,344.0393,-0.36128063386667064,0.10289618105747507
5-12A,5.0,346.0556,-0.641835014078705,0.11292332219299993
5-12A,5.0,348.087,-1.1628016394251608,0.05616866755605095
5-12A,5.0,353.0489,0.18443015262508822,0.26171919939709076
5-12A,5.0,357.089,-0.7325477278311681,0.09194295243690283
5-12A,5.0,375.131,-0.04123492302173418,0.4626314929314815
5-12A,5.0,377.1496,0.26144119961876533,0.6531324371071164
5-12A,5.0,383.1188,2.7794628676977284,0.6530311491698304
5-12A,5.0,388.9416,0.18234500765651582,0.33395543910450637
5-12A,5.0,388.9442,-0.06617373275868008,0.5033156289995171
5-12A,5.0,401.0756,1.8157759729290786,0.1780346327591309
5-12A,5.0,407.2795,-0.35426026635723307,0.2501673061146855
5-12A,5.0,421.0743,0.11834151374544627,0.7804924433218333
5-12A,5.0,426.0222,-0.7952754649117846,0.16215516814126044
5-12A,5.0,442.9997,0.3764283838990703,0.26706971977615435
5-12A,5.0,466.9657,0.8495545959965847,0.3862382076331077
5-12A,5.0,490.9787,0.08038635235966723,0.29219537540969454
5-12A,5.0,503.1614,3.209366360619895,0.3370201609418614
5-12A,5.0,547.0731,-1.1500609899134204,0.09400196039495214
5-12A,5.0,565.0471,-0.773004321154657,0.17718597160855287
5-12A,5.0,578.8872,2.115491995635054,0.21746944074147392
5-12A,5.0,579.0269,1.6900945750521466,0.2351957386431821
5-12A,5.0,612.2549,1.0331449763693312,0.3114810672055357
5-12A,5.0,624.2949,0.04695857370089307,0.6081545017233246
5-12A,5.0,659.307,0.523454799664711,0.31208359689576504
5-12A,5.0,664.0939,-0.37926598721758675,0.1130675063933421
5-12A,5.0,665.2144,0.8449387602326599,0.3569946115774854
5-12A,5.0,668.1374,-0.6161702778774453,0.00045515585279502313
5-12A,5.0,787.255,1.1997417678780953,0.40740506281887706
5-12A,5.0,790.2568,0.9252421364602972,0.698751994031634
5-12A,5.0,835.0407,-0.23066613257935395,0.1936053631056871
5-12A,5.0,863.2971,-0.2658630293838202,0.0395187451600803
5-12A,5.0,864.1473,-0.2524786666654529,0.5230683372948775
5-12A,5.0,974.2935,-0.10151118086230491,0.3883570049521099
5-12A,5.0,976.7162,1.9401770033521797,0.5280325198771546
5-12A,6.0,57.0342,1.0629467239889583,0.5979162722848457
5-12A,6.0,58.0295,-0.7454657539503686,0.1336353016426245
5-12A,6.0,59.0135,1.0926580102171832,0.20699836325417376
5-12A,6.0,71.0137,1.192262510883576,0.14048872437124493
5-12A,6.0,73.0293,-0.7756809114274741,0.030848503626893658
5-12A,6.0,74.0247,-1.0454256583040646,0.31500401168431236
5-12A,6.0,75.0087,-0.3394580836419836,0.7807016185064998
5-12A,6.0,87.0088,-0.5462720704565548,0.016419983495599495
5-12A,6.0,87.0451,0.5427546559214864,0.2767424112058693
5-12A,6.0,88.0403,-0.8358124109463996,0.02348854080270679
5-12A,6.0,88.9883,-0.631318187330367,0.30969544726276477
5-12A,6.0,89.0244,0.03894111809551324,0.09972053824112131
5-12A,6.0,93.0338,-0.06200768116134691,0.0071251843811410455
5-12A,6.0,94.9761,-0.8375534170755801,0.31132439282697455
5-12A,6.0,94.9806,0.824034631188258,0.23399286527379787
5-12A,6.0,95.0139,1.5190826594047127,0.22480027239503372
5-12A,6.0,101.0242,0.9101467139066756,0.2750217976804853
5-12A,6.0,102.056,-0.5929837164430054,0.057051523483492315
5-12A,6.0,103.0402,-0.8322223897132522,0.058497991080111354
5-12A,6.0,103.0509,-0.7827812372634977,0.10757292976398447
5-12A,6.0,104.0352,-0.516551286866663,0.13265095288603515
5-12A,6.0,105.0193,0.40716008118950553,0.3940298602503898
5-12A,6.0,107.0503,0.033070028297375285,0.7122893051905297
5-12A,6.0,109.0295,-0.9295850872636585,0.17493552495588124
5-12A,6.0,111.02,-0.9265269825998703,0.02539479221325773
5-12A,6.0,112.0516,-0.7105359227256539,0.34335842607353095
5-12A,6.0,113.0244,1.0858531276905556,0.13085369301672128
5-12A,6.0,113.0357,-0.7384990679719368,0.05226396573932139
5-12A,6.0,114.056,-0.11471271735909402,0.0046551733191599574
5-12A,6.0,115.0037,-0.80002766914582,0.055802956284362
5-12A,6.0,115.0402,-0.706943866550414,0.5107615728591159
5-12A,6.0,115.0764,-0.45228983104420595,0.45244594773611485
5-12A,6.0,116.0354,-0.7359989668197888,0.15431142212024107
5-12A,6.0,116.0717,-0.6748696737707507,0.00883388481297599
5-12A,6.0,117.0194,-0.7844278772966273,0.02945651376854344
5-12A,6.0,118.0508,-1.2242794488356392,0.07631725553472557
5-12A,6.0,118.9804,0.8684246153225478,0.18220447357871372
5-12A,6.0,119.0503,-0.4805828068537784,0.259546098303658
5-12A,6.0,120.9273,-0.6599651615109596,0.043041015161987516
5-12A,6.0,121.0295,-0.051431318504179514,0.48055358852849644
5-12A,6.0,121.0409,0.6540283309921043,1.0609272943196464
5-12A,6.0,122.0248,0.8017458338598327,0.6092702551493258
5-12A,6.0,124.0075,0.32785564720299576,0.7798168118352121
5-12A,6.0,124.0144,1.9097938743387677,0.24737345748212658
5-12A,6.0,125.0439,1.726582839012074,0.6104789168742006
5-12A,6.0,127.0764,0.36275985748864553,0.29565353716241
5-12A,6.0,128.0354,2.522191804168644,0.14650319999831704
5-12A,6.0,129.0193,-1.0458252391723253,0.09606977757800528
5-12A,6.0,129.0556,-0.2188515198542196,0.6909599291177173
5-12A,6.0,130.0142,-0.7115127760385479,0.15653373622747144
5-12A,6.0,130.0509,-0.9308615428311784,0.04274691524522262
5-12A,6.0,130.0874,-0.895418884263018,0.03075663418768615
5-12A,6.0,131.0008,0.09726765757349704,1.187122476903479
5-12A,6.0,131.0123,-0.7310161113428246,0.04767547189427968
5-12A,6.0,131.035,1.0790726082605944,0.283288313339423
5-12A,6.0,131.0462,0.8270562580919797,0.22518691215247283
5-12A,6.0,131.0828,-0.6396344417536868,0.04284257107998709
5-12A,6.0,132.0302,-1.0221542516948134,0.013987098200146056
5-12A,6.0,133.0142,-0.4761562919946104,0.04370401053393433
5-12A,6.0,133.0257,-0.6545162358061709,0.06440027973187537
5-12A,6.0,133.0505,-1.1213556773060693,0.040055991856777086
5-12A,6.0,134.0472,-0.7311372524410722,0.3474355544719989
5-12A,6.0,134.0604,-1.1342528508294232,0.4694966074733409
5-12A,6.0,135.0302,-0.5849241351953096,0.11017611064106447
5-12A,6.0,135.0453,0.5008030647865075,0.1774597347796011
5-12A,6.0,136.0404,-0.2575008913582714,0.14953178745361187
5-12A,6.0,136.0487,0.27194815132880706,0.09114140467012108
5-12A,6.0,136.0767,-0.49486548875235276,0.3624259268530505
5-12A,6.0,137.0239,-0.008565079343869852,0.1607375918015702
5-12A,6.0,138.9789,-0.3094668162807468,0.1452567590057995
5-12A,6.0,139.0014,-0.11715942538576501,0.049180477120123675
5-12A,6.0,139.0067,-0.6612960559858316,0.010059067090427481
5-12A,6.0,139.976,-0.36115821538274023,0.6700296867626037
5-12A,6.0,143.0713,-0.2915731067270564,0.42258466850867865
5-12A,6.0,143.1077,0.020523084751079015,0.13039406333151496
5-12A,6.0,145.0141,-0.2848642405504302,0.13432741087002775
5-12A,6.0,145.0506,-0.7187761672472299,0.11160613330561553
5-12A,6.0,145.0623,-0.9226042014764795,0.2532350575458941
5-12A,6.0,145.0982,-0.7252995297111713,0.2514926292362009
5-12A,6.0,145.1106,-0.23392402872952986,0.749928251858481
5-12A,6.0,146.0459,-0.4906989437670477,0.0033607392188095024
5-12A,6.0,147.0298,-0.7235741706389176,0.06180471387575923
5-12A,6.0,147.0662,-1.136962774726022,0.015285387504284027
5-12A,6.0,149.0092,1.1062355036934892,0.4694101078848134
5-12A,6.0,149.0456,0.9202497035158195,0.16334685919186215
5-12A,6.0,149.0608,0.06627464197723344,0.35062694923485715
5-12A,6.0,150.0422,0.5039828898562742,0.50299314514373
5-12A,6.0,150.9707,-0.5206434306606655,0.36570675123292185
5-12A,6.0,151.0259,-0.6028624782707959,0.038685189993054495
5-12A,6.0,151.04,0.14348201132676477,0.48124670118510393
5-12A,6.0,151.06,0.6600881360767719,0.6558071014892268
5-12A,6.0,152.0353,-0.5138246532677966,0.2819118594479303
5-12A,6.0,152.0716,0.34574523699010873,0.5625887462004207
5-12A,6.0,153.0192,-0.11618278288999273,0.06700225139922039
5-12A,6.0,154.062,-0.3392110209168967,0.08993305343326767
5-12A,6.0,154.9751,-0.7944190422205085,0.013556990252444365
5-12A,6.0,155.0099,-0.8784305525877918,0.022583253754785065
5-12A,6.0,157.0128,-0.8560278439994548,0.035016225476502065
5-12A,6.0,157.0255,-0.940510741776409,0.02698686572870849
5-12A,6.0,157.0379,-0.945666941509269,0.01647512562221108
5-12A,6.0,157.0504,-0.9654421630423993,0.026337386938875357
5-12A,6.0,159.0297,0.41765683144243193,0.1093265003713973
5-12A,6.0,159.0775,-0.9601294252453183,0.024784713306078655
5-12A,6.0,160.0616,-0.7596116023202568,0.28407147251609516
5-12A,6.0,161.0453,1.220613676525251,0.3733643648504436
5-12A,6.0,162.0424,-0.980251621520476,0.14532601327122044
5-12A,6.0,163.0351,-0.885849852336918,0.15122752939967973
5-12A,6.0,163.0398,0.41443347251850177,0.05902901797511397
5-12A,6.0,163.0611,-0.04710762508823677,0.03416803901019012
5-12A,6.0,164.0716,-0.4688841706492569,0.02005326211579365
5-12A,6.0,165.03,0.14504708472804578,0.45084690209053874
5-12A,6.0,165.0405,0.05590085307643097,0.5660704162303668
5-12A,6.0,165.0556,-0.623428899662555,0.06724636440387717
5-12A,6.0,166.0508,-0.785468406145694,0.44903963383872475
5-12A,6.0,166.0632,-0.1871059041771531,0.6143090990453915
5-12A,6.0,166.9759,-0.7111877499265995,0.13268570161072032
5-12A,6.0,167.0207,-0.44305981063062416,0.23063701368943118
5-12A,6.0,167.0358,0.15273177976090585,0.5490783492674379
5-12A,6.0,167.0828,0.18022135116000226,1.1358472209435717
5-12A,6.0,168.0277,-0.485313577664942,0.022573497503867137
5-12A,6.0,168.0664,-0.18243883416227516,1.3002019397500333
5-12A,6.0,170.0455,-0.7217369890775764,0.017551504643773527
5-12A,6.0,171.0065,-0.7678772564066443,0.08427181623577236
5-12A,6.0,171.0092,-0.51295547846718,0.1739680675942578
5-12A,6.0,171.0284,-0.7177648478568107,0.03268251056920719
5-12A,6.0,172.0616,-0.8992413449252001,0.2355066886514864
5-12A,6.0,172.962,-0.5477339242131591,0.10928224928256831
5-12A,6.0,173.0089,-0.815763705790725,0.0663181961050782
5-12A,6.0,173.0453,-0.7825540784981404,0.14948849515470156
5-12A,6.0,173.0932,-0.802321432033266,0.012533633541292749
5-12A,6.0,173.1041,-0.8900769306098122,0.1804194779159891
5-12A,6.0,174.0407,-0.8739800758761963,0.012445150592308612
5-12A,6.0,174.088,-0.927522947822332,0.16703328472524978
5-12A,6.0,175.022,-0.9175700939505502,0.1454754198563326
5-12A,6.0,175.0361,-1.014563173007712,0.009557712340679352
5-12A,6.0,175.0611,-1.0297998829006234,0.02974532003767898
5-12A,6.0,176.0776,-0.9531866333913195,0.15877797145210293
5-12A,6.0,177.0402,0.16398906592032397,0.4954270012417369
5-12A,6.0,177.0553,-0.06232278172291202,0.25048653679650346
5-12A,6.0,178.0509,-0.9734628343781597,0.017023993801106252
5-12A,6.0,179.0348,0.23783592392970065,0.2678507482423086
5-12A,6.0,179.0561,1.245539271158528,0.11467375518076402
5-12A,6.0,180.0663,1.3709630157521948,0.10921191812331323
5-12A,6.0,181.0505,-0.9617669964443266,0.05876411195888558
5-12A,6.0,182.9725,0.7132639041614779,0.13493268091865207
5-12A,6.0,183.0661,0.6285740484817154,0.043939494387027905
5-12A,6.0,184.0017,-0.5047688565980252,0.04885141159985995
5-12A,6.0,184.9856,-0.7719812228473816,0.08051478409291292
5-12A,6.0,186.1136,0.09488740923061267,0.639160474685333
5-12A,6.0,187.0234,-0.8526129523259104,0.43440452668178237
5-12A,6.0,188.035,-1.014441100586144,0.32778705728749036
5-12A,6.0,188.0565,-1.0032887562284583,0.009705019925851441
5-12A,6.0,189.0405,-0.6199642674217269,0.1283778523994305
5-12A,6.0,191.0197,-0.6023805087888012,0.2901615617727059
5-12A,6.0,191.0561,-0.6516554379506835,0.06708600777172655
5-12A,6.0,192.0663,0.7328769860794663,0.6466977520731345
5-12A,6.0,193.0349,0.15834732425327466,0.5604023632975902
5-12A,6.0,194.0682,-0.9888845517914029,0.025768055688795234
5-12A,6.0,194.0822,0.39078961373736454,0.32672131255412923
5-12A,6.0,195.0509,-0.11748040233962548,0.07777698164899513
5-12A,6.0,195.0657,-0.5936275648823675,0.6067978555431379
5-12A,6.0,196.0603,-1.1458473233846131,0.05180326737548277
5-12A,6.0,198.0182,-1.0355175284138103,0.2850453526790325
5-12A,6.0,199.0019,-0.4440217763286308,0.3507917016893738
5-12A,6.0,200.9937,0.3228969218039768,0.28268833801099685
5-12A,6.0,201.0051,-0.1683510442117676,0.986418439077738
5-12A,6.0,203.0348,0.20707724396636892,0.068056034856007
5-12A,6.0,203.0826,-0.08009770745695415,0.06893774958970411
5-12A,6.0,204.0498,0.3587275296362854,0.6073514898301619
5-12A,6.0,205.0351,-0.9400209962048688,0.13066782372900454
5-12A,6.0,206.0822,1.5870090190799062,0.5747321095641972
5-12A,6.0,209.0292,-0.5196723407161044,0.2554613414864344
5-12A,6.0,209.0814,0.4855306246632758,0.2121062046460851
5-12A,6.0,211.0235,-0.6338936789100964,0.5772721024933428
5-12A,6.0,211.9968,-0.9127963471268175,0.05855466567178043
5-12A,6.0,212.0331,-0.5030357915874706,0.454432008692584
5-12A,6.0,212.9807,-0.6679791489330603,0.10057274557630318
5-12A,6.0,213.014,-0.7202305718907895,0.24667122368089714
5-12A,6.0,213.0384,-0.4893878367913413,0.07835110209589213
5-12A,6.0,213.1252,0.8207449251331354,0.9696224569801404
5-12A,6.0,214.0488,0.5699395417665445,1.177319353744383
5-12A,6.0,215.0331,1.3587545673673649,0.06714239015697171
5-12A,6.0,216.1351,0.4079015580265553,0.15930948254984034
5-12A,6.0,218.0335,1.356485485415088,0.08538848780039483
5-12A,6.0,218.1034,-1.0429497357019044,0.04051369876662137
5-12A,6.0,220.0828,0.7240062364730744,0.4164164029875265
5-12A,6.0,221.0443,1.0132510708251434,0.05806606271776987
5-12A,6.0,221.0664,1.1674117230550856,0.4847723893925257
5-12A,6.0,225.0399,-0.23116004408560803,0.7502944865315253
5-12A,6.0,225.0861,-0.05538581836433886,0.3042204826734117
5-12A,6.0,225.0901,0.0642045993937232,0.7849584093668132
5-12A,6.0,226.0135,0.06963987274396294,0.2638989850891314
5-12A,6.0,226.0697,0.1730863728780912,0.43077473075753
5-12A,6.0,228.0501,-0.7403829523725697,0.2688471613097911
5-12A,6.0,229.0122,-0.7798071213863875,0.18199205987223369
5-12A,6.0,237.0614,-0.9517408197503354,0.14917409309765586
5-12A,6.0,238.0945,-0.5140148629718784,0.27742176257827755
5-12A,6.0,240.0515,-1.290736252719735,0.025225813908115863
5-12A,6.0,241.0844,-1.4853840946334533,0.5342182391430366
5-12A,6.0,242.0804,-0.007335434606053744,0.35580721541681326
5-12A,6.0,243.029,-0.3393018923504554,0.31217222036526093
5-12A,6.0,243.0625,-0.9695346475397986,0.30339013156275146
5-12A,6.0,245.0444,-0.621730677162152,0.24867582620855042
5-12A,6.0,246.0198,-0.8430474001047632,0.37368703979085793
5-12A,6.0,246.064,0.47140147033078433,1.3711820827016046
5-12A,6.0,251.0816,0.38382783720565294,0.7066194289599664
5-12A,6.0,253.0119,-0.3185269074481921,0.007733061960858182
5-12A,6.0,253.0499,0.410248574443538,1.297836803296638
5-12A,6.0,257.0072,-0.42129206899996063,0.26089145311543144
5-12A,6.0,257.1028,0.47946575090991383,0.5037566515023485
5-12A,6.0,259.005,-0.36182218330380445,0.6611700969154196
5-12A,6.0,259.0227,1.354650174369927,0.30841127133260926
5-12A,6.0,261.0385,-0.08855525955260553,0.37082073795843046
5-12A,6.0,266.0703,-0.6338807529437527,0.05219781832744314
5-12A,6.0,267.0724,-0.08796172348357786,0.054738710274942516
5-12A,6.0,268.02,-0.862072907877582,0.6124533252848051
5-12A,6.0,269.0398,-0.7324069520227706,0.03164531536898119
5-12A,6.0,271.0612,0.05184903287592451,0.5253243262004496
5-12A,6.0,271.0815,0.060066262389237894,0.6482294804843752
5-12A,6.0,273.0021,-0.7932478718231923,0.09108852434471928
5-12A,6.0,274.0933,-1.1313164683699455,0.1306128839411666
5-12A,6.0,275.0184,-0.7856422251111324,0.35263071671562385
5-12A,6.0,275.0991,-0.7550912744863878,0.22705865055547966
5-12A,6.0,277.1207,1.53485864936036,0.10162892192602997
5-12A,6.0,277.2169,0.3923476171442203,0.21843756093825306
5-12A,6.0,279.2331,-0.2569891763783368,0.020464650070255483
5-12A,6.0,282.0839,-0.23602192341220612,0.516844302902697
5-12A,6.0,283.2063,-0.2199424613003964,0.3474657302095171
5-12A,6.0,285.0972,1.0826885796984693,0.932828712783777
5-12A,6.0,287.0157,0.09339476213435977,0.5164209577881093
5-12A,6.0,288.0725,-0.7280364166861929,0.08163957807114067
5-12A,6.0,289.0333,-0.20887894554019554,0.5212971406114727
5-12A,6.0,289.1044,-1.265684326699232,0.03949140555026643
5-12A,6.0,290.9677,-0.4238355589837022,0.10767106390907441
5-12A,6.0,294.0479,1.5641259660512392,0.7150078814278988
5-12A,6.0,300.0509,-0.07125805764762272,0.8890186756934
5-12A,6.0,301.0333,-0.41556691639195686,0.5635980612504206
5-12A,6.0,303.2326,-0.1296445226316301,0.21538213343711257
5-12A,6.0,305.0207,0.8976113776263599,0.11367454953759909
5-12A,6.0,306.0481,-1.0810470492327804,0.08526326179145256
5-12A,6.0,306.0765,-0.264652153833307,0.024537605704538668
5-12A,6.0,308.0986,4.008893476514007,0.16247552181666922
5-12A,6.0,313.0441,-0.8425276690358946,0.3853656204678596
5-12A,6.0,313.1037,-1.0405326500784955,0.5821955444363776
5-12A,6.0,317.026,-0.09225415955003478,0.5749470098072358
5-12A,6.0,323.0256,-0.21179624013370954,0.4790967615389656
5-12A,6.0,325.1163,0.7565867675214475,0.3826453401612542
5-12A,6.0,328.0457,-0.8770164753269043,0.1254653277538097
5-12A,6.0,333.0589,-1.2346100963304967,0.3737559768913684
5-12A,6.0,338.9884,-0.4602925902142556,0.287789965474393
5-12A,6.0,339.0928,-0.872018407695927,0.5228108739674413
5-12A,6.0,341.1089,1.0197877686502275,0.16081817054342262
5-12A,6.0,344.0393,-0.6200267651390066,0.1991169450456715
5-12A,6.0,346.0556,-0.4699981943423166,0.21853464109078374
5-12A,6.0,348.087,-1.082235735319017,0.1416284723449508
5-12A,6.0,353.0489,0.15076950243444964,0.22986489281954872
5-12A,6.0,357.089,-0.6377381780927464,0.16415898013030705
5-12A,6.0,375.131,-0.5845118413766144,0.633526485100843
5-12A,6.0,377.1496,0.6860587912149765,0.4237768108708878
5-12A,6.0,383.1188,1.6924843523985784,0.5351292900143996
5-12A,6.0,388.9416,-0.5572407933989171,0.2129474570059666
5-12A,6.0,388.9442,-0.755757264721566,0.35894255022728394
5-12A,6.0,401.0756,1.1096704828245896,0.07241113923441318
5-12A,6.0,407.2795,0.3913434766324346,0.05329457067717991
5-12A,6.0,421.0743,-0.8384679348434929,0.590699469117226
5-12A,6.0,426.0222,-0.9830521446792234,0.3451969964600288
5-12A,6.0,442.9997,-0.008540888233938136,0.21188081082476493
5-12A,6.0,466.9657,0.7229330089966849,0.170793344057611
5-12A,6.0,490.9787,0.10979636530248157,1.0091087279143351
5-12A,6.0,503.1614,1.2729581873044782,0.4411727411655678
5-12A,6.0,547.0731,-1.1238337364103432,0.1317663488974143
5-12A,6.0,565.0471,-0.9747995654070999,0.11268659533369124
5-12A,6.0,578.8872,1.4019513012424651,0.11423068654362592
5-12A,6.0,579.0269,1.0276665876050959,0.1340480713090734
5-12A,6.0,612.2549,0.4548053700883644,0.6220769277121382
5-12A,6.0,624.2949,0.014680707134477666,0.5835420084319406
5-12A,6.0,659.307,0.7486096511288438,0.3224412936883158
5-12A,6.0,664.0939,-0.3762525298707872,0.15552238547817218
5-12A,6.0,665.2144,0.11506432414046694,0.23276899986688138
5-12A,6.0,668.1374,-0.6140871420106,0.00048136762904715157
5-12A,6.0,787.255,0.9408712278495834,0.40054962766580426
5-12A,6.0,790.2568,0.783156108130038,0.10610491451774395
5-12A,6.0,835.0407,-0.4629806680479173,0.032937110596030245
5-12A,6.0,863.2971,-0.34079256279758047,0.10166808686171064
5-12A,6.0,864.1473,0.6020474353768983,0.22157331511357503
5-12A,6.0,974.2935,0.11926525935693708,0.14427097522146634
5-12A,6.0,976.7162,1.247763453113612,0.26480278371289634
5-12A,7.0,57.0342,0.02946779538384095,0.32994062142486313
5-12A,7.0,58.0295,-0.822521989737285,0.2563418590081673
5-12A,7.0,59.0135,0.17763148596187536,0.1997396999863243
5-12A,7.0,71.0137,0.4798991540711924,0.21607579276743932
5-12A,7.0,73.0293,-0.8848520881989841,0.036742669214407796
5-12A,7.0,74.0247,-0.4197589961619843,0.3711444844172336
5-12A,7.0,75.0087,-1.3116456759819495,0.267545848869891
5-12A,7.0,87.0088,-0.5818270037815774,0.013404296177798803
5-12A,7.0,87.0451,-0.038136289891955805,0.7111864303794776
5-12A,7.0,88.0403,-0.8670483272799105,0.02813162987183837
5-12A,7.0,88.9883,-1.4546971827582156,0.16079692327164893
5-12A,7.0,89.0244,-0.6448450615605011,0.08366241567755402
5-12A,7.0,93.0338,-0.08031850157483161,0.00656262717506742
5-12A,7.0,94.9761,-0.7255022730278041,0.2350372083656322
5-12A,7.0,94.9806,0.41102936726347133,0.30891620036692874
5-12A,7.0,95.0139,0.4229119435564975,0.06311542558772901
5-12A,7.0,101.0242,-0.14653472145322935,0.08974456114523932
5-12A,7.0,102.056,-0.5388029889688285,0.04789089306983625
5-12A,7.0,103.0402,-0.9272922799991419,0.03413285165544818
5-12A,7.0,103.0509,-0.9384617377680149,0.07802029591573703
5-12A,7.0,104.0352,0.8800539551655311,0.196919089820943
5-12A,7.0,105.0193,-1.1434610355095678,0.10905581713271449
5-12A,7.0,107.0503,-0.4366983742298963,0.5033747432303809
5-12A,7.0,109.0295,-1.1101364938309675,0.13626591559599593
5-12A,7.0,111.02,-0.9180172144357832,0.028591527184089777
5-12A,7.0,112.0516,-0.23544217389055233,0.5228142860023621
5-12A,7.0,113.0244,0.49795662299896026,0.13752854892440516
5-12A,7.0,113.0357,-0.8506647539066683,0.06180285919885759
5-12A,7.0,114.056,-0.07233013536495014,0.027339178796784786
5-12A,7.0,115.0037,-0.85420757665699,0.05327078666983051
5-12A,7.0,115.0402,-0.9623901257074028,0.3702384019995586
5-12A,7.0,115.0764,-0.7399199680284232,0.43420279578562093
5-12A,7.0,116.0354,-1.0113881023618672,0.05674184655049232
5-12A,7.0,116.0717,-0.6955626128254196,0.017213449135261984
5-12A,7.0,117.0194,-0.853358433356638,0.011690827160188653
5-12A,7.0,118.0508,-0.9002549973450781,0.26796205110219995
5-12A,7.0,118.9804,0.5181462970402095,0.20116288798902654
5-12A,7.0,119.0503,-0.6493281443215699,0.3266207842244895
5-12A,7.0,120.9273,-0.7374869596687096,0.0555681004441246
5-12A,7.0,121.0295,0.28466601740665726,0.3347831881673633
5-12A,7.0,121.0409,0.09477053024668664,0.07566619295540321
5-12A,7.0,122.0248,0.22337845541271173,0.6936799183766614
5-12A,7.0,124.0075,2.9956012459366823,0.3263768432336419
5-12A,7.0,124.0144,0.7811548486448852,0.1490084773123308
5-12A,7.0,125.0439,0.2659082189400863,0.2670893848809433
5-12A,7.0,127.0764,0.22303694943232424,0.5032451375890955
5-12A,7.0,128.0354,2.1045233133917822,0.15705997704940033
5-12A,7.0,129.0193,-1.1365619711986494,0.08202841322643364
5-12A,7.0,129.0556,-0.3142292722876211,0.6763551947801386
5-12A,7.0,130.0142,-0.8421618831602462,0.12382621605587972
5-12A,7.0,130.0509,-0.9537243366405763,0.019429477607834915
5-12A,7.0,130.0874,-0.8043330259667456,0.031730426164243465
5-12A,7.0,131.0008,-1.0399071188734295,0.14974921298894708
5-12A,7.0,131.0123,-0.5886870306241754,0.0386870272432052
5-12A,7.0,131.035,-0.021901497238068727,0.09035677036802191
5-12A,7.0,131.0462,0.0961615732962319,0.23023613021113923
5-12A,7.0,131.0828,0.2452771285373505,0.12510190683222366
5-12A,7.0,132.0302,-1.01070939904607,0.015739265339187045
5-12A,7.0,133.0142,-0.5688352549840351,0.03241088478427731
5-12A,7.0,133.0257,-0.6258291154822779,0.040849406452395175
5-12A,7.0,133.0505,-1.1795940496680148,0.02777778168047242
5-12A,7.0,134.0472,-1.226476285851545,0.04779167313829883
5-12A,7.0,134.0604,-1.489363889491253,0.2566248552239366
5-12A,7.0,135.0302,-0.7853202672738646,0.08540740258476151
5-12A,7.0,135.0453,0.6470044993797377,0.304334212565005
5-12A,7.0,136.0404,-0.4289524810421399,0.07434085725460125
5-12A,7.0,136.0487,0.6150155428336743,0.23359457946826934
5-12A,7.0,136.0767,-0.62278295710129,0.8172444498312138
5-12A,7.0,137.0239,-0.16257695371768036,0.1480021708259663
5-12A,7.0,138.9789,-0.8524125140951364,0.3268680579086323
5-12A,7.0,139.0014,-0.24095257474848342,0.03748275622981907
5-12A,7.0,139.0067,-0.6761140041950429,0.04315492959344169
5-12A,7.0,139.976,0.1613933662777983,0.4968407851215363
5-12A,7.0,143.0713,0.09109827386971164,0.37844927799615735
5-12A,7.0,143.1077,-0.5290989736993239,0.2720246100448804
5-12A,7.0,145.0141,-0.36992890157482783,0.18887234558659854
5-12A,7.0,145.0506,0.03977230819385873,0.13876878127243295
5-12A,7.0,145.0623,-0.23430986623175876,0.16912270570429272
5-12A,7.0,145.0982,0.05430647476678642,0.04837158534280072
5-12A,7.0,145.1106,-0.4013497897270888,0.36446132135171944
5-12A,7.0,146.0459,-0.4712640546896295,0.014760546002648565
5-12A,7.0,147.0298,-0.8313534994780263,0.02810391255883593
5-12A,7.0,147.0662,-1.231233626677265,0.031224076106029244
5-12A,7.0,149.0092,-0.4098285392004255,0.32739024443448594
5-12A,7.0,149.0456,-0.131775125968301,0.199567976344435
5-12A,7.0,149.0608,-0.41416724418735923,0.22551049147998362
5-12A,7.0,150.0422,0.03141349260280568,0.4592482957318742
5-12A,7.0,150.9707,-0.6594212735590219,0.47357490531983587
5-12A,7.0,151.0259,-0.40442439396618574,0.14397154035077245
5-12A,7.0,151.04,-0.16899431702768647,0.34083957131395165
5-12A,7.0,151.06,-0.6036699205205991,0.3622357194851272
5-12A,7.0,152.0353,-0.8298152673984399,0.36912060489631476
5-12A,7.0,152.0716,-0.3639779497299059,0.41612456174824775
5-12A,7.0,153.0192,-0.22960820268745824,0.08569981655137736
5-12A,7.0,154.062,0.7274491017503123,0.09874120358472156
5-12A,7.0,154.9751,-0.882415789656154,0.01542901871758136
5-12A,7.0,155.0099,-0.8510480426784695,0.03500740267079301
5-12A,7.0,157.0128,-0.9250011977570776,0.03058518084020506
5-12A,7.0,157.0255,-0.8944585078203644,0.0421230920844052
5-12A,7.0,157.0379,-0.9242754490295116,0.04151409266751027
5-12A,7.0,157.0504,-1.0554082948805266,0.0328284091697639
5-12A,7.0,159.0297,-0.5978674322829923,0.19393104464813934
5-12A,7.0,159.0775,-1.0419217408662265,0.023043239693273085
5-12A,7.0,160.0616,-1.7439042477198563,0.29654620244293634
5-12A,7.0,161.0453,-0.3944908621568678,0.18931754890442198
5-12A,7.0,162.0424,-1.2431874829157805,0.2118022230039943
5-12A,7.0,163.0351,-1.0903327291876743,0.08943824567401554
5-12A,7.0,163.0398,0.39677475098821113,0.11220735239702756
5-12A,7.0,163.0611,-0.502721961097226,0.8786911393187973
5-12A,7.0,164.0716,-0.2906673856946276,0.04318032717466728
5-12A,7.0,165.03,-0.6123325693939013,0.2252817415825925
5-12A,7.0,165.0405,-0.7967817496816927,0.09306102611289438
5-12A,7.0,165.0556,-0.7363599539226237,0.14472843799518822
5-12A,7.0,166.0508,-0.9286109981471025,0.14591886822626504
5-12A,7.0,166.0632,-1.2386767518330921,0.5321347905538187
5-12A,7.0,166.9759,-0.7817776790567598,0.2292669906039279
5-12A,7.0,167.0207,1.5015155797268074,0.6363836544020304
5-12A,7.0,167.0358,-0.4966486243731727,0.36351287802516696
5-12A,7.0,167.0828,-0.19142098414612982,0.5473910820000314
5-12A,7.0,168.0277,-0.4708348735622372,0.030856557000086108
5-12A,7.0,168.0664,-0.48170098151975826,0.24892567611929256
5-12A,7.0,170.0455,-0.7388161228288233,0.014328706590162088
5-12A,7.0,171.0065,-0.9846489900987158,0.09162137248727058
5-12A,7.0,171.0092,-0.5772186401494694,0.2163573801768585
5-12A,7.0,171.0284,-0.7956584438209183,0.0658400318973512
5-12A,7.0,172.0616,-0.8320252587198809,0.20278697788592706
5-12A,7.0,172.962,-0.5762780781844986,0.09041777868597697
5-12A,7.0,173.0089,-0.9936953245401292,0.12207187946700324
5-12A,7.0,173.0453,-1.1291617744705138,0.17374285635008352
5-12A,7.0,173.0932,-0.6941986424432444,0.04236273090293918
5-12A,7.0,173.1041,-0.12909991162070594,0.13623189199760863
5-12A,7.0,174.0407,-0.8913389724787855,0.016610729791553543
5-12A,7.0,174.088,-0.007905082716359771,0.25778021519071914
5-12A,7.0,175.022,-0.8863383436328605,0.1823713773298063
5-12A,7.0,175.0361,-1.045264907695302,0.026494702916508336
5-12A,7.0,175.0611,-1.0966699416350674,0.018334584711666057
5-12A,7.0,176.0776,-1.0626101266590111,0.08987437839806765
5-12A,7.0,177.0402,-1.116534721632986,0.3775051593091552
5-12A,7.0,177.0553,-0.5737568026189561,0.4820551375825573
5-12A,7.0,178.0509,-0.982974309778569,0.03341653682007765
5-12A,7.0,179.0348,-0.6321778082746727,0.24597943796078425
5-12A,7.0,179.0561,0.37583886497361946,0.054575192069078016
5-12A,7.0,180.0663,0.4130916415417574,0.028103632461412262
5-12A,7.0,181.0505,-1.2483763641998367,0.17169224126970406
5-12A,7.0,182.9725,0.6344951689673286,0.23238464468664488
5-12A,7.0,183.0661,-0.16983540990066753,0.2838240440853768
5-12A,7.0,184.0017,-0.43230413701390263,0.04429017679209126
5-12A,7.0,184.9856,-0.9741899719404566,0.07061619051298382
5-12A,7.0,186.1136,-0.48547552377106423,0.7032795956667631
5-12A,7.0,187.0234,-1.369881074269109,0.3292723481336151
5-12A,7.0,188.035,-0.9571768873611941,0.7912040771196751
5-12A,7.0,188.0565,-0.9960209166421823,0.02940429181218537
5-12A,7.0,189.0405,-0.9572897266914662,0.12700085355293658
5-12A,7.0,191.0197,-0.8359598036347472,0.18027196341444113
5-12A,7.0,191.0561,-0.7457227884466529,0.06338703627108762
5-12A,7.0,192.0663,0.3261488072644737,0.8976124830288831
5-12A,7.0,193.0349,-0.48477565399537986,0.2990909694886483
5-12A,7.0,194.0682,-0.9629738833830349,0.13914888673064757
5-12A,7.0,194.0822,-0.5544096391459103,0.7762814627023028
5-12A,7.0,195.0509,-0.39522833410605857,0.15826090466414677
5-12A,7.0,195.0657,-0.6992193439402745,0.31865274729056137
5-12A,7.0,196.0603,-1.1860987807506334,0.07586377734723697
5-12A,7.0,198.0182,-1.032990513393902,0.230765861276231
5-12A,7.0,199.0019,-1.1180009918652418,0.2802337905359902
5-12A,7.0,200.9937,-0.15044481084599481,0.2885037392475574
5-12A,7.0,201.0051,-0.5741848744798234,0.3065347132094524
5-12A,7.0,203.0348,-0.4788932354507317,0.3203512263261239
5-12A,7.0,203.0826,-0.042473426163489036,0.023167208847625187
5-12A,7.0,204.0498,0.012296133841100884,0.35727707405845455
5-12A,7.0,205.0351,-1.0493816602399364,0.06388098193082598
5-12A,7.0,206.0822,0.65227841296757,0.327715004929097
5-12A,7.0,209.0292,-0.80071311695444,0.26287831112070603
5-12A,7.0,209.0814,0.45782924468977126,0.4394852494883645
5-12A,7.0,211.0235,-0.43337265544596204,0.5322765005720419
5-12A,7.0,211.9968,-0.96396517647419,0.046364797463500085
5-12A,7.0,212.0331,-0.7032694393406843,0.19073270584180219
5-12A,7.0,212.9807,-0.6854832065388525,0.08892887423037449
5-12A,7.0,213.014,-1.1242372615339153,0.21609954543665158
5-12A,7.0,213.0384,-0.5679164440592457,0.13975128225636982
5-12A,7.0,213.1252,0.10349061318375725,0.5954129451492528
5-12A,7.0,214.0488,-0.5075566285627421,0.36135581811542433
5-12A,7.0,215.0331,0.33706714204146154,0.055170221592770116
5-12A,7.0,216.1351,0.1682748791858088,0.2654125712567488
5-12A,7.0,218.0335,0.3664571255150182,0.04694856866199347
5-12A,7.0,218.1034,-1.1284159600220747,0.038655106423129755
5-12A,7.0,220.0828,0.238707176911223,0.48183739583865004
5-12A,7.0,221.0443,0.8080832222100527,0.10418578098195222
5-12A,7.0,221.0664,-0.49880560450999806,0.6198473496688737
5-12A,7.0,225.0399,-0.8219982814375808,0.43853556421308654
5-12A,7.0,225.0861,-0.008394245739602985,0.46268947817589295
5-12A,7.0,225.0901,-0.04338331031831549,0.7836030817835067
5-12A,7.0,226.0135,-0.28301503205399553,0.1727562032768078
5-12A,7.0,226.0697,-0.026560121755844907,0.5411170615049282
5-12A,7.0,228.0501,-0.8289966240900835,0.19216676420085363
5-12A,7.0,229.0122,-1.0127142595270604,0.16605517839692507
5-12A,7.0,237.0614,-1.2652607382183119,0.0893048292567385
5-12A,7.0,238.0945,-0.6822423139062757,0.08297735203725787
5-12A,7.0,240.0515,-1.1767321928451173,0.012911808873417844
5-12A,7.0,241.0844,-1.5621744319246895,0.7205423760599138
5-12A,7.0,242.0804,-0.7379561829855383,0.750220073427335
5-12A,7.0,243.029,-0.8049937396014568,0.3967062191428116
5-12A,7.0,243.0625,-1.4568190117102318,0.3789397058866568
5-12A,7.0,245.0444,-1.223559406092225,0.36571146785369046
5-12A,7.0,246.0198,-0.9964090061180669,0.2601463929907256
5-12A,7.0,246.064,0.8968334650468448,0.5299144181328944
5-12A,7.0,251.0816,1.0866605974650418,0.31825565028567016
5-12A,7.0,253.0119,-0.27642668512599067,0.04432544655992373
5-12A,7.0,253.0499,-0.22272608538710748,0.8106066166691436
5-12A,7.0,257.0072,-0.6699055922653134,0.242402221608472
5-12A,7.0,257.1028,0.1544435972404079,0.26735985243650323
5-12A,7.0,259.005,-0.8903655198753027,0.3218134483144167
5-12A,7.0,259.0227,-0.29063188146270663,0.024324989102810172
5-12A,7.0,261.0385,-0.8144735742100775,0.49154247305935556
5-12A,7.0,266.0703,-0.7737181474421266,0.3484692592746654
5-12A,7.0,267.0724,-0.19466548863213937,0.04218734981142367
5-12A,7.0,268.02,-0.5024678567172448,0.7641761377924796
5-12A,7.0,269.0398,-0.6067769821402231,0.20285652938609214
5-12A,7.0,271.0612,-0.15038086525942707,0.7683323800832558
5-12A,7.0,271.0815,-0.6273100615456915,0.6539625381853319
5-12A,7.0,273.0021,-0.7542493286847294,0.10609574839532866
5-12A,7.0,274.0933,-1.1638439451776459,0.0673487497884881
5-12A,7.0,275.0184,-1.2982783259137407,0.6732790248355462
5-12A,7.0,275.0991,-0.6081947463075293,0.1990715873449225
5-12A,7.0,277.1207,0.27296370764600075,0.07327461308136635
5-12A,7.0,277.2169,1.2291882805122112,0.030096479319422526
5-12A,7.0,279.2331,0.8692727631418837,0.05793855417680322
5-12A,7.0,282.0839,-0.6998234663815213,0.21729924598648176
5-12A,7.0,283.2063,1.4870546543481118,0.2341244797638684
5-12A,7.0,285.0972,0.5679355728122688,0.7349747440599046
5-12A,7.0,287.0157,-0.09266276817046237,0.5403703227928869
5-12A,7.0,288.0725,-0.5344644136364367,0.08049723317898314
5-12A,7.0,289.0333,-0.6966829930549364,0.7147546324907801
5-12A,7.0,289.1044,-1.530914921221692,0.10275852075219183
5-12A,7.0,290.9677,-0.4386428337240554,0.12577549936057697
5-12A,7.0,294.0479,1.5441357171604908,0.2213767311537116
5-12A,7.0,300.0509,-0.6781427983071104,0.6278830690134553
5-12A,7.0,301.0333,-0.6552152385968025,0.6117378329198715
5-12A,7.0,303.2326,1.0304940276532146,1.545618610564209
5-12A,7.0,305.0207,0.7300182864174593,0.10264860720813639
5-12A,7.0,306.0481,-0.9995047036080158,0.043931047044459756
5-12A,7.0,306.0765,-0.28486241420392344,0.015112069077976725
5-12A,7.0,308.0986,3.0365791653194103,0.2513208649285494
5-12A,7.0,313.0441,-0.5783727337279578,0.2653550648432623
5-12A,7.0,313.1037,-0.8343254657971172,0.12232064353263228
5-12A,7.0,317.026,-0.6620797513820911,0.37961182287131684
5-12A,7.0,323.0256,-0.8340907312984878,0.2743770554107455
5-12A,7.0,325.1163,0.265370921946252,0.2957889801731323
5-12A,7.0,328.0457,-0.890738522679106,0.053589782815610984
5-12A,7.0,333.0589,-1.1307291279426965,0.28566037140728345
5-12A,7.0,338.9884,-0.7649341200283644,0.1690898736015048
5-12A,7.0,339.0928,-0.28961903999982547,0.44053347218684513
5-12A,7.0,341.1089,1.062479963888217,0.20207510677342025
5-12A,7.0,344.0393,-0.44588127976038555,0.30244200265116555
5-12A,7.0,346.0556,-0.6738827335677295,0.22580951820925232
5-12A,7.0,348.087,-0.9226992915444756,0.11664812679832846
5-12A,7.0,353.0489,-0.7131871857919398,0.32856032643256877
5-12A,7.0,357.089,-0.849011310534538,0.11363184668453197
5-12A,7.0,375.131,-0.16333950727739127,0.11274836065774302
5-12A,7.0,377.1496,0.7031958240596667,0.7637312286715385
5-12A,7.0,383.1188,0.7178773734723025,0.39027945692679505
5-12A,7.0,388.9416,-0.31469247317387594,0.443954665371905
5-12A,7.0,388.9442,-0.6117208776340801,0.2805475501669392
5-12A,7.0,401.0756,0.8666279147634369,0.09667001472229526
5-12A,7.0,407.2795,0.9676595088718367,0.37091988854001406
5-12A,7.0,421.0743,-0.7477930019071275,0.6613998329661521
5-12A,7.0,426.0222,-0.8525244526457598,0.7601044493170396
5-12A,7.0,442.9997,0.2100482215763096,0.3423560021136522
5-12A,7.0,466.9657,0.5479854316920897,0.1440235979586183
5-12A,7.0,490.9787,0.044582858342328016,0.4183662655422839
5-12A,7.0,503.1614,0.08706197458333342,0.1803506468497603
5-12A,7.0,547.0731,-1.204014197119751,0.029943014846701355
5-12A,7.0,565.0471,-0.5988921790018271,0.3565081064886512
5-12A,7.0,578.8872,0.6449453967584016,0.1042738684686012
5-12A,7.0,579.0269,0.7755372313823554,0.11021667163788212
5-12A,7.0,612.2549,-1.4745417501956637,0.13435423591037038
5-12A,7.0,624.2949,-0.20300723017390532,0.20711539416582303
5-12A,7.0,659.307,-0.49948213113209405,0.2472368904688356
5-12A,7.0,664.0939,-0.5540465133319583,0.15488636590990004
5-12A,7.0,665.2144,-0.3491358172141678,0.12407464691719787
5-12A,7.0,668.1374,-0.5976803607441803,0.001229414156152414
5-12A,7.0,787.255,-0.4285164114316756,0.2638758327529955
5-12A,7.0,790.2568,-0.20369594318194373,0.21618629789307395
5-12A,7.0,835.0407,-0.861778219566552,0.17949186505736897
5-12A,7.0,863.2971,-0.7639347697400075,0.04413302741082401
5-12A,7.0,864.1473,-1.3182663723822998,0.4054476478169456
5-12A,7.0,974.2935,-0.8793870496721575,0.08692061951067981
5-12A,7.0,976.7162,0.08928164808275613,0.08233872343848324
5-12A,8.0,57.0342,1.429649516117914,0.28404237812825645
5-12A,8.0,58.0295,-0.9111063237915353,0.26957445946752323
5-12A,8.0,59.0135,1.8046728549684214,0.18817649665928882
5-12A,8.0,71.0137,1.5806947076098634,0.08738298123550213
5-12A,8.0,73.0293,-0.8577767134363539,0.030679508656784468
5-12A,8.0,74.0247,-0.7887418994765445,0.42768460175631523
5-12A,8.0,75.0087,0.09814088761551873,0.45504163841905143
5-12A,8.0,87.0088,-0.5990489246108851,0.01247359405416647
5-12A,8.0,87.0451,1.2104711529413739,0.554885246456215
5-12A,8.0,88.0403,-0.866642666028826,0.04735021880493541
5-12A,8.0,88.9883,-0.4354659020101507,0.6670945506986025
5-12A,8.0,89.0244,0.13203504084379789,0.09698585700558386
5-12A,8.0,93.0338,-0.07469446387640417,0.008225864662586388
5-12A,8.0,94.9761,-0.20178840292693753,0.4594433298893245
5-12A,8.0,94.9806,1.469005619314245,0.4779948208537047
5-12A,8.0,95.0139,1.6419457315974118,0.1524811962555752
5-12A,8.0,101.0242,1.4332234877316452,0.0737476212997631
5-12A,8.0,102.056,-0.4771427671295294,0.059320370157484106
5-12A,8.0,103.0402,-0.8886371482532461,0.039015725718055665
5-12A,8.0,103.0509,-0.7519835730332562,0.07681102624858982
5-12A,8.0,104.0352,-0.7553905088149094,0.22372709931743417
5-12A,8.0,105.0193,-0.5679295918022969,0.2500484003858084
5-12A,8.0,107.0503,1.178278705122641,0.9812291770505636
5-12A,8.0,109.0295,-0.8715988678930788,0.18354905268255545
5-12A,8.0,111.02,-0.6732092941307324,0.05191371032034906
5-12A,8.0,112.0516,1.1262982746452006,0.8054946646069867
5-12A,8.0,113.0244,1.7518882950036545,0.17067580262389295
5-12A,8.0,113.0357,-0.11680399667623699,0.11138789784674472
5-12A,8.0,114.056,-0.01704770911568766,0.017111847644345916
5-12A,8.0,115.0037,-0.7668439841445466,0.0671345050459072
5-12A,8.0,115.0402,-0.5666283157458709,0.5041504551217796
5-12A,8.0,115.0764,0.864955552280844,0.8585942268709386
5-12A,8.0,116.0354,-0.7879535147464841,0.20086372461616014
5-12A,8.0,116.0717,-0.7585724811129255,0.028268746223149593
5-12A,8.0,117.0194,-0.8528514625479121,0.01761818977662522
5-12A,8.0,118.0508,-1.4628262123676212,0.08118495258889499
5-12A,8.0,118.9804,1.2957929068808804,0.2524064953612296
5-12A,8.0,119.0503,-0.11591499118399748,0.5018473211476597
5-12A,8.0,120.9273,-0.5345915182826733,0.15282219531312377
5-12A,8.0,121.0295,0.6341744510564,0.48294510920297556
5-12A,8.0,121.0409,1.0625396875036748,0.8660263073426605
5-12A,8.0,122.0248,0.9924642719472917,0.8864172410393287
5-12A,8.0,124.0075,0.3806822927224747,2.764300052544276
5-12A,8.0,124.0144,1.9449771854898517,0.21968338441568666
5-12A,8.0,125.0439,1.0762273093810135,0.5699576869324002
5-12A,8.0,127.0764,1.1016302286228425,1.1025015566719643
5-12A,8.0,128.0354,3.9137091259918773,0.09199785400893365
5-12A,8.0,129.0193,-0.9121608125831819,0.06603730420445139
5-12A,8.0,129.0556,1.845280665397142,1.0207540966140995
5-12A,8.0,130.0142,-0.26140368110831086,0.2346373379202927
5-12A,8.0,130.0509,-0.9278505615935302,0.025449263285583397
5-12A,8.0,130.0874,-1.0277647265332295,0.040385252325077066
5-12A,8.0,131.0008,1.7989788179512005,0.272022269150957
5-12A,8.0,131.0123,-0.7003878140766797,0.0327395609915661
5-12A,8.0,131.035,0.7647293217685301,0.13392645133278128
5-12A,8.0,131.0462,0.8261580772197268,0.07424765699440768
5-12A,8.0,131.0828,-0.9286174045167122,0.12948282428582655
5-12A,8.0,132.0302,-0.9385212825940025,0.01836095029402802
5-12A,8.0,133.0142,-0.42046329253861925,0.08362492877345251
5-12A,8.0,133.0257,-0.4633138725153182,0.06969540836122705
5-12A,8.0,133.0505,-1.1043197774427305,0.01666134536016803
5-12A,8.0,134.0472,-0.4557128899529732,0.17338987551775265
5-12A,8.0,134.0604,-0.8821199269463977,0.31989890330003584
5-12A,8.0,135.0302,-0.8822973702866839,0.12863039614898647
5-12A,8.0,135.0453,0.5457151273528305,0.18139445176192848
5-12A,8.0,136.0404,-0.3549840189148784,0.1427183864050413
5-12A,8.0,136.0487,0.2925715879001905,0.30531983576547533
5-12A,8.0,136.0767,0.4436832504478496,1.5814950424740273
5-12A,8.0,137.0239,0.14027663597718015,0.282097642146431
5-12A,8.0,138.9789,2.027725013148172,0.373398482674469
5-12A,8.0,139.0014,-0.19015750074338245,0.09116393257322991
5-12A,8.0,139.0067,-0.5721274107891041,0.02234353359004275
5-12A,8.0,139.976,1.0569063145674742,0.9072139896979391
5-12A,8.0,143.0713,0.9341188626843846,0.7121212324712785
5-12A,8.0,143.1077,0.29413012261056215,0.678044182036498
5-12A,8.0,145.0141,-0.24784034350159467,0.05208706598804722
5-12A,8.0,145.0506,-0.9522145721579939,0.18384631994085768
5-12A,8.0,145.0623,-0.911281610680246,0.4198217474712124
5-12A,8.0,145.0982,-0.628761429260727,0.4167691911567954
5-12A,8.0,145.1106,-0.5783819468474586,0.741645743750753
5-12A,8.0,146.0459,-0.4942276570266939,0.006618982513828334
5-12A,8.0,147.0298,-0.7968935122107783,0.06575165418768628
5-12A,8.0,147.0662,-1.0811451529998797,0.022369296566739905
5-12A,8.0,149.0092,0.28484450936844047,0.6347500621746139
5-12A,8.0,149.0456,1.2315434642597438,0.4767050397955756
5-12A,8.0,149.0608,1.8239636903787182,0.48116640005713895
5-12A,8.0,150.0422,-0.39602287232870226,0.7648105939759298
5-12A,8.0,150.9707,0.09229204214040872,0.6389195175404603
5-12A,8.0,151.0259,-0.6586994286498788,0.11739752051188303
5-12A,8.0,151.04,1.0075905961564233,0.5571138448178229
5-12A,8.0,151.06,0.0395408409926657,0.9391721942460652
5-12A,8.0,152.0353,1.2132339547681696,0.33942618017417103
5-12A,8.0,152.0716,0.2510275328888131,0.8714171031827906
5-12A,8.0,153.0192,0.2664229243921041,0.027379929222007385
5-12A,8.0,154.062,-0.5059480422331842,0.10418739542122937
5-12A,8.0,154.9751,-0.8981866035952377,0.00976942783427844
5-12A,8.0,155.0099,-0.5738699831881878,0.05535607884210113
5-12A,8.0,157.0128,-0.7527038554808857,0.059923889152632276
5-12A,8.0,157.0255,-0.4847601879435687,0.047002967105932006
5-12A,8.0,157.0379,-0.5450874008055334,0.07327321896667198
5-12A,8.0,157.0504,-0.9648461892427804,0.041749782074354515
5-12A,8.0,159.0297,-0.44303860620870883,0.15803113589870527
5-12A,8.0,159.0775,-0.9657869098110541,0.025803150526934836
5-12A,8.0,160.0616,-0.715510787893392,0.6344125716862034
5-12A,8.0,161.0453,0.7765969946442166,0.08877084415858383
5-12A,8.0,162.0424,-1.1304841887911352,0.18961154515952494
5-12A,8.0,163.0351,-0.8463736523942031,0.27671239316649465
5-12A,8.0,163.0398,0.660439937315485,0.09990390508410615
5-12A,8.0,163.0611,0.608064753427534,0.8496508186766671
5-12A,8.0,164.0716,-0.5164961226644826,0.06524677162386053
5-12A,8.0,165.03,1.4264611180560927,0.9341632007640313
5-12A,8.0,165.0405,2.133696203383995,0.26737247839021866
5-12A,8.0,165.0556,-0.4620725682706262,0.17567377465370318
5-12A,8.0,166.0508,-0.9541147344426986,0.19463350663550552
5-12A,8.0,166.0632,-1.0983532213078082,0.7293035873941823
5-12A,8.0,166.9759,-0.30082496191660124,0.09020260765293937
5-12A,8.0,167.0207,0.41338526503695905,0.42380340233619773
5-12A,8.0,167.0358,2.126927886905699,0.401390681927833
5-12A,8.0,167.0828,1.133095013194911,0.7254779078545219
5-12A,8.0,168.0277,-0.4592670316420604,0.027296013063531653
5-12A,8.0,168.0664,0.07494012327158725,0.6101546314205379
5-12A,8.0,170.0455,-0.7775273159069145,0.016728943581814225
5-12A,8.0,171.0065,-0.7381337821342049,0.1428358096158267
5-12A,8.0,171.0092,-0.36358041944231645,0.07303337911930582
5-12A,8.0,171.0284,-0.7788202066199617,0.035052705121131233
5-12A,8.0,172.0616,-0.6038783507345186,0.18032389534062152
5-12A,8.0,172.962,-0.4065154782496905,0.08136667793145981
5-12A,8.0,173.0089,-0.8311396294366744,0.17551472573452717
5-12A,8.0,173.0453,-0.7870755279206243,0.17529766534525734
5-12A,8.0,173.0932,-0.85398446676828,0.025242614070761005
5-12A,8.0,173.1041,-1.0619408082946298,0.19788597908792976
5-12A,8.0,174.0407,-0.8776867000359508,0.02400567151492839
5-12A,8.0,174.088,-0.8127478367690443,0.15812257723996165
5-12A,8.0,175.022,-0.893338563531653,0.1955714504294231
5-12A,8.0,175.0361,-0.8861232932344315,0.021751147228017926
5-12A,8.0,175.0611,-1.0739304198827457,0.050158828954933045
5-12A,8.0,176.0776,-1.0693925745888269,0.2844978582159089
5-12A,8.0,177.0402,-0.9772584473657434,0.4136208463439396
5-12A,8.0,177.0553,-0.21301871133079864,0.5889590343440313
5-12A,8.0,178.0509,-0.9409493345754187,0.05353068790245295
5-12A,8.0,179.0348,1.1487124532715483,0.10243085278390315
5-12A,8.0,179.0561,1.9037176420610211,0.2784029487897707
5-12A,8.0,180.0663,1.875792898050441,0.2777110423033659
5-12A,8.0,181.0505,-0.9799644166192796,1.3277171024562817
5-12A,8.0,182.9725,1.5498483264830858,0.2392129871281784
5-12A,8.0,183.0661,0.6703512875831192,0.6873922142883659
5-12A,8.0,184.0017,-0.5159071950512809,0.024980888927103023
5-12A,8.0,184.9856,-0.7011719873644309,0.13940684797610642
5-12A,8.0,186.1136,1.392384909104624,0.5139813699842593
5-12A,8.0,187.0234,-0.5559937592893678,0.25346056664224303
5-12A,8.0,188.035,-0.49041952673518535,1.143793078701907
5-12A,8.0,188.0565,-0.9645816696395166,0.020954833570127895
5-12A,8.0,189.0405,-0.8118726042733053,0.07195748338871762
5-12A,8.0,191.0197,-0.5401908298572473,0.15754492690270994
5-12A,8.0,191.0561,-1.0128679390141533,0.048378086862550386
5-12A,8.0,192.0663,0.18611300885668022,0.4345348205582363
5-12A,8.0,193.0349,0.35196873787704597,0.6370935781120487
5-12A,8.0,194.0682,-0.8897876094576446,0.08587302325035874
5-12A,8.0,194.0822,1.0949859371603532,0.8999696707565339
5-12A,8.0,195.0509,0.06518357795236254,0.12370307567335519
5-12A,8.0,195.0657,-0.769867081007795,0.5221178594713609
5-12A,8.0,196.0603,-1.0345304398780215,0.08086249768160839
5-12A,8.0,198.0182,-0.6598346287874534,0.5594082160750475
5-12A,8.0,199.0019,0.008415088371708956,0.39905165402219184
5-12A,8.0,200.9937,0.7983918389845774,0.3529303182531394
5-12A,8.0,201.0051,0.39139707500722015,0.5945907059639075
5-12A,8.0,203.0348,0.6020887892027791,0.26049922992441016
5-12A,8.0,203.0826,-0.06680701306259057,0.010878220176921437
5-12A,8.0,204.0498,0.9447988921899145,0.9260671622589335
5-12A,8.0,205.0351,-0.9667910590239697,0.060387034696506706
5-12A,8.0,206.0822,1.2091913987615341,0.5994840253959626
5-12A,8.0,209.0292,-0.20221307758135842,0.909502694226872
5-12A,8.0,209.0814,0.01091364778389839,0.5880141867023455
5-12A,8.0,211.0235,-0.6463365109150307,0.5272083039084785
5-12A,8.0,211.9968,-0.9077093874840962,0.06936985273750149
5-12A,8.0,212.0331,-0.31056313793321855,0.2877969909319536
5-12A,8.0,212.9807,-0.5475164419317085,0.048756869047116486
5-12A,8.0,213.014,-0.9051399121005187,0.2780501521288723
5-12A,8.0,213.0384,-0.586083509919731,0.08407227820055554
5-12A,8.0,213.1252,1.3439291801086792,1.0668383143074154
5-12A,8.0,214.0488,2.535299547500985,0.3819639632940924
5-12A,8.0,215.0331,1.9157784138199854,0.25052388391280966
5-12A,8.0,216.1351,0.5926739368917093,0.18477414243376883
5-12A,8.0,218.0335,1.5794697447733141,0.15525692181540446
5-12A,8.0,218.1034,-1.0289120974418835,0.012165418326831502
5-12A,8.0,220.0828,0.7177362227836448,0.7548315293769261
5-12A,8.0,221.0443,2.229325392396087,0.2352243388712665
5-12A,8.0,221.0664,2.0409396955373924,0.5542871227977065
5-12A,8.0,225.0399,0.4978742555622499,0.7773199363797383
5-12A,8.0,225.0861,1.7079499092942547,0.39800580214327796
5-12A,8.0,225.0901,0.9018005081656262,0.6433302835695425
5-12A,8.0,226.0135,0.8965133184647734,0.13174774487712101
5-12A,8.0,226.0697,0.4935545325493932,0.38657873547274574
5-12A,8.0,228.0501,-0.7489161207601821,0.138378509051348
5-12A,8.0,229.0122,-0.4873190874422869,0.20475878835584888
5-12A,8.0,237.0614,-0.9959583700043847,0.0888958961816332
5-12A,8.0,238.0945,-0.03766096693225092,0.25920590607352423
5-12A,8.0,240.0515,-1.1234561593947308,0.05921223498691094
5-12A,8.0,241.0844,1.1754383693706418,1.0373038434913726
5-12A,8.0,242.0804,-0.4351331096440414,0.6875703609528949
5-12A,8.0,243.029,0.3388244826526777,0.38349828628217164
5-12A,8.0,243.0625,-0.6232741986046784,0.20365537348855994
5-12A,8.0,245.0444,-0.4962261639041565,0.25967638450878244
5-12A,8.0,246.0198,1.0696683472420327,0.6416728532372803
5-12A,8.0,246.064,1.114775054383068,0.8714930454964543
5-12A,8.0,251.0816,0.18051461977400934,0.5435730967929202
5-12A,8.0,253.0119,-0.3168817083794888,0.01268227084850423
5-12A,8.0,253.0499,-0.023151348728745774,0.865718752117256
5-12A,8.0,257.0072,0.27764028885923864,0.7372771663794195
5-12A,8.0,257.1028,0.7257940161752015,0.8699294329142003
5-12A,8.0,259.005,0.07469798306104904,0.5777433537176506
5-12A,8.0,259.0227,0.9108704249602027,0.14996381107501044
5-12A,8.0,261.0385,0.2973544768109685,0.21362193932545548
5-12A,8.0,266.0703,-0.6024886847910564,0.2257397143124458
5-12A,8.0,267.0724,-0.4473234779948528,0.10307672372445276
5-12A,8.0,268.02,-1.2026260357976364,0.6022185277923651
5-12A,8.0,269.0398,-0.680088044256774,0.11668749860065254
5-12A,8.0,271.0612,-0.40630011688204015,0.3852247776126964
5-12A,8.0,271.0815,-0.4414158355758677,0.6102195468195505
5-12A,8.0,273.0021,-0.5956743701878913,0.14590340769548293
5-12A,8.0,274.0933,-1.0275511291321582,0.07251755990243142
5-12A,8.0,275.0184,0.14706094050783997,0.14138472680954584
5-12A,8.0,275.0991,-0.6746133085534158,0.2009424231045623
5-12A,8.0,277.1207,1.1276136447566265,0.2418111552683618
5-12A,8.0,277.2169,1.5027112934703761,0.6368650124406722
5-12A,8.0,279.2331,-0.2532310841458207,0.040204885989472784
5-12A,8.0,282.0839,-0.5566466353827836,0.06391820497613776
5-12A,8.0,283.2063,-0.1423096742324621,0.22698064456899156
5-12A,8.0,285.0972,0.8944686436625179,1.2115771264645514
5-12A,8.0,287.0157,1.544763149656863,0.3421757771868699
5-12A,8.0,288.0725,-0.6078984056886962,0.12079312093283565
5-12A,8.0,289.0333,-0.15234296380743212,0.9541971063564171
5-12A,8.0,289.1044,-1.4833003863007717,0.48015702656386666
5-12A,8.0,290.9677,-0.3759175726711703,0.05356910169152921
5-12A,8.0,294.0479,0.9044477526565406,1.44874953739523
5-12A,8.0,300.0509,0.3496691258976752,2.077240151030951
5-12A,8.0,301.0333,1.6388663264857857,0.5222944300415189
5-12A,8.0,303.2326,-0.43703165988658893,0.1584314187109029
5-12A,8.0,305.0207,2.1459692001514585,0.3208672029301325
5-12A,8.0,306.0481,-0.9887678111236161,0.17197342757091688
5-12A,8.0,306.0765,-0.22636563573990331,0.043360064087898484
5-12A,8.0,308.0986,5.745817084306784,0.5215217771308889
5-12A,8.0,313.0441,-0.8166864253644659,0.2542836016663939
5-12A,8.0,313.1037,0.043815372630410465,0.6414034682013254
5-12A,8.0,317.026,0.5906056803700606,0.7856811798139264
5-12A,8.0,323.0256,0.26649622001773154,0.9755413621037367
5-12A,8.0,325.1163,-0.32789165264362047,0.6806941822321728
5-12A,8.0,328.0457,-0.7523248276482024,0.10758396590860052
5-12A,8.0,333.0589,-0.9793597168633306,0.0945021648149835
5-12A,8.0,338.9884,-0.28730815564926754,0.09983057492307294
5-12A,8.0,339.0928,0.03209558077841029,0.7704575666126723
5-12A,8.0,341.1089,1.225471322397211,0.4564721973437644
5-12A,8.0,344.0393,-0.3596325693362736,0.22158825342327687
5-12A,8.0,346.0556,-0.6241324642657201,0.21814296467719851
5-12A,8.0,348.087,-0.9159189926840575,0.08655587234531079
5-12A,8.0,353.0489,-0.6473619143080245,0.8525903555707997
5-12A,8.0,357.089,-0.5797990088081553,0.04016639828543156
5-12A,8.0,375.131,-0.657066739267657,0.3072677169712231
5-12A,8.0,377.1496,-0.7940730826301126,0.36332186171093955
5-12A,8.0,383.1188,1.792754338700528,1.1637169805384704
5-12A,8.0,388.9416,-0.09677213623322371,0.4875018091200187
5-12A,8.0,388.9442,-0.20946381732239666,0.4806008627216164
5-12A,8.0,401.0756,1.7518375016007575,0.32689499423284574
5-12A,8.0,407.2795,0.012188192264406778,0.435119709808828
5-12A,8.0,421.0743,-0.3898159229187682,0.3849712333143044
5-12A,8.0,426.0222,-0.6498630360674875,0.42750289483133
5-12A,8.0,442.9997,0.384460529666376,0.23489455041057875
5-12A,8.0,466.9657,2.0007621014720045,0.16298729067733533
5-12A,8.0,490.9787,0.5202578502869774,1.1801054507401194
5-12A,8.0,503.1614,1.6321402731520807,0.844000493237196
5-12A,8.0,547.0731,-1.0361597747000562,0.13469927433566764
5-12A,8.0,565.0471,-0.6498873670800619,0.15986111309454312
5-12A,8.0,578.8872,1.1124730020332445,0.3978598961435361
5-12A,8.0,579.0269,1.0365165351349455,0.10411947967365408
5-12A,8.0,612.2549,-0.32870156639937087,0.5830412799012521
5-12A,8.0,624.2949,-0.41994451942260425,0.2872786123348065
5-12A,8.0,659.307,1.276387119852616,0.25326635077985044
5-12A,8.0,664.0939,-0.1934361174982837,0.20422458315431585
5-12A,8.0,665.2144,0.04791587601998519,0.12155352612225548
5-12A,8.0,668.1374,-0.5890076485812596,0.0055486473593493275
5-12A,8.0,787.255,1.516764385739099,0.14891734854422403
5-12A,8.0,790.2568,1.9986374959370732,0.9277798285929094
5-12A,8.0,835.0407,-0.58593871258163,0.21848007505094305
5-12A,8.0,863.2971,-0.5395107900992804,0.074218282162182
5-12A,8.0,864.1473,1.3814131591889,0.7699008253842495
5-12A,8.0,974.2935,-0.33260427716655827,0.3942370735505775
5-12A,8.0,976.7162,1.8577610382556449,0.19745671310065205
5-12A,9.0,57.0342,1.7865585821873835,1.1427524362413228
5-12A,9.0,58.0295,-1.0324547266055768,0.24079123341044398
5-12A,9.0,59.0135,2.6440027915828983,0.8159802464185046
5-12A,9.0,71.0137,1.966470289865204,0.10819629428485524
5-12A,9.0,73.0293,-0.8200699722477548,0.015184128253791363
5-12A,9.0,74.0247,-1.722729873491525,0.7375470000178106
5-12A,9.0,75.0087,-0.255451300329025,0.6751541245188226
5-12A,9.0,87.0088,-0.5744493551166351,0.030802098616582358
5-12A,9.0,87.0451,0.49289998458359213,0.12027423242912515
5-12A,9.0,88.0403,-0.7863217383140837,0.01571592409723002
5-12A,9.0,88.9883,-0.5543762180974249,0.6310207098685985
5-12A,9.0,89.0244,-0.26804542507521956,0.0581733915591328
5-12A,9.0,93.0338,-0.06328943859029083,0.008286916720829053
5-12A,9.0,94.9761,-1.4959610657493823,0.8337350969466866
5-12A,9.0,94.9806,2.3574836446056766,0.17364506816829905
5-12A,9.0,95.0139,1.6595773078067184,0.3375525574870218
5-12A,9.0,101.0242,1.4526868095483882,0.13314484833237547
5-12A,9.0,102.056,-0.288969634504568,0.10083619385858666
5-12A,9.0,103.0402,-0.7890031580744676,0.024378299459384148
5-12A,9.0,103.0509,-0.8887116647807017,0.06639211295618434
5-12A,9.0,104.0352,-0.45861855892385917,0.1162208713944592
5-12A,9.0,105.0193,-0.4871799782576633,0.2587290948770996
5-12A,9.0,107.0503,2.922482404391069,0.7565140047336767
5-12A,9.0,109.0295,-0.6393043749623587,0.09802129931557096
5-12A,9.0,111.02,-0.27472503425721206,0.04608458777547075
5-12A,9.0,112.0516,1.6279781314173531,0.0503959294303247
5-12A,9.0,113.0244,1.7105097296596161,0.23503532882030445
5-12A,9.0,113.0357,0.7113277498021614,0.031674518020847864
5-12A,9.0,114.056,0.00322842465740762,0.008195110494161799
5-12A,9.0,115.0037,-0.6755888503910448,0.0318877650879625
5-12A,9.0,115.0402,-0.007422018033991961,0.4017109558876312
5-12A,9.0,115.0764,2.442948513746743,0.49937082311137754
5-12A,9.0,116.0354,-0.4780281190219206,0.23544439076427257
5-12A,9.0,116.0717,-0.6849014217915502,0.010983526740532979
5-12A,9.0,117.0194,-0.8260078801743362,0.01931679010049147
5-12A,9.0,118.0508,-1.3368690025784373,0.11206463922377294
5-12A,9.0,118.9804,2.316412047057866,0.5167423044812421
5-12A,9.0,119.0503,0.33086073149182943,0.19293717674809066
5-12A,9.0,120.9273,-0.6406073262650338,0.14860727134995977
5-12A,9.0,121.0295,1.9317127982319533,0.22218230939494865
5-12A,9.0,121.0409,0.5144056701750042,0.0824721048666461
5-12A,9.0,122.0248,1.0582960170739273,0.44054091650820404
5-12A,9.0,124.0075,0.31802743408309275,0.44428530393296667
5-12A,9.0,124.0144,1.662817429066381,0.2731359185602564
5-12A,9.0,125.0439,0.6780837098101056,0.39902786584369976
5-12A,9.0,127.0764,2.453327228658611,0.6945140163130891
5-12A,9.0,128.0354,4.8254503004919,0.27045450335812543
5-12A,9.0,129.0193,-0.6302481941954398,0.09151499864512201
5-12A,9.0,129.0556,1.6993189279042047,0.5929937968849303
5-12A,9.0,130.0142,-0.45823687539034325,0.18483592292182857
5-12A,9.0,130.0509,-0.8997775894660449,0.014920436022937125
5-12A,9.0,130.0874,-0.9259573233638025,0.009331212063047309
5-12A,9.0,131.0008,-0.6397257662459233,0.15495769093721617
5-12A,9.0,131.0123,-0.545396296367463,0.01930247929935792
5-12A,9.0,131.035,0.18927659498840718,0.15235607263826434
5-12A,9.0,131.0462,0.027226191350826507,0.08122497154302713
5-12A,9.0,131.0828,-0.7177222121233215,0.14122185333701331
5-12A,9.0,132.0302,-0.6422447658654654,0.012115183795461542
5-12A,9.0,133.0142,-0.34012163271310036,0.02720305972919274
5-12A,9.0,133.0257,-0.5400383877212017,0.14364897082068792
5-12A,9.0,133.0505,-0.9897245486701322,0.020500935582128905
5-12A,9.0,134.0472,-0.291874336020464,0.0770666492347332
5-12A,9.0,134.0604,-0.9352435575862572,0.2818122323293814
5-12A,9.0,135.0302,-0.6401157719189429,0.03486747439687514
5-12A,9.0,135.0453,1.229722602729069,0.21245208752878558
5-12A,9.0,136.0404,-0.40947107537899285,0.08221479670748338
5-12A,9.0,136.0487,0.6688913743263334,0.50953189985467
5-12A,9.0,136.0767,1.2491978225651572,0.4827172480682827
5-12A,9.0,137.0239,-0.058838350958080675,0.06783550473919978
5-12A,9.0,138.9789,-0.36982217524709055,0.41178267183870504
5-12A,9.0,139.0014,-0.2614680610128948,0.07407948783951317
5-12A,9.0,139.0067,-0.5254162972678452,0.022593454181902
5-12A,9.0,139.976,1.1139534304692797,0.8004615263875742
5-12A,9.0,143.0713,0.3555096942820557,0.5875239937001233
5-12A,9.0,143.1077,1.3765183603913116,0.5449038738659812
5-12A,9.0,145.0141,-0.12954447732116903,0.17108754617771252
5-12A,9.0,145.0506,-0.8862453842922875,0.11199632783956681
5-12A,9.0,145.0623,-0.7418400326243306,0.25872069112257684
5-12A,9.0,145.0982,-0.7520705995839836,0.16360322631347043
5-12A,9.0,145.1106,-1.3304255290332152,1.1313439906086764
5-12A,9.0,146.0459,-0.47723127831320156,0.003541880182460224
5-12A,9.0,147.0298,-0.6830177209122226,0.014461281311345327
5-12A,9.0,147.0662,-0.9652516453420382,0.03285696855347137
5-12A,9.0,149.0092,1.682574591575107,0.5978876057052155
5-12A,9.0,149.0456,0.48244255293491256,0.2048523871426755
5-12A,9.0,149.0608,2.2704989690508723,0.4661993296423551
5-12A,9.0,150.0422,-0.2619512174899374,0.4773946495854704
5-12A,9.0,150.9707,-0.7403750152497299,1.119452948048305
5-12A,9.0,151.0259,-0.5058825118229152,0.07436574600931851
5-12A,9.0,151.04,1.3964999832450569,0.7142248512744285
5-12A,9.0,151.06,-0.13529161431798678,1.2070391245356928
5-12A,9.0,152.0353,1.2694219555873356,0.6275361785551551
5-12A,9.0,152.0716,0.45945924943483973,0.19395660044115182
5-12A,9.0,153.0192,0.3020073698187599,0.08914342087173835
5-12A,9.0,154.062,-0.5225891148107393,0.1395462243019172
5-12A,9.0,154.9751,-0.8520337804499782,0.01920676776758891
5-12A,9.0,155.0099,-0.23418875536205566,0.04634800735603667
5-12A,9.0,157.0128,-0.6352314867043428,0.051200130782650136
5-12A,9.0,157.0255,0.2938511888929394,0.07686668283051117
5-12A,9.0,157.0379,0.19516724022963505,0.019761798001900286
5-12A,9.0,157.0504,-0.8837419286859434,0.028494471862802167
5-12A,9.0,159.0297,-0.5556715934172541,0.023931277787044757
5-12A,9.0,159.0775,-0.8339105060190589,0.0452930400384994
5-12A,9.0,160.0616,-1.6805679716812736,0.7723059940239005
5-12A,9.0,161.0453,-0.35206466382843216,0.11636108365940812
5-12A,9.0,162.0424,-1.0852181116427122,0.17056597577903979
5-12A,9.0,163.0351,-0.7653098836301517,0.25679128403447504
5-12A,9.0,163.0398,0.9205861755117225,0.15579420601795457
5-12A,9.0,163.0611,-0.013934340100096481,1.3319307751291465
5-12A,9.0,164.0716,-0.4813495045430069,0.05714396413510033
5-12A,9.0,165.03,1.7339122647788632,0.5673391754034687
5-12A,9.0,165.0405,1.502681819891683,0.5927936060089534
5-12A,9.0,165.0556,-0.5278647853985425,0.16991092192463408
5-12A,9.0,166.0508,-0.5708693998386065,0.12359590463867005
5-12A,9.0,166.0632,-0.8835897691014285,0.47826140578825427
5-12A,9.0,166.9759,-0.43118103104363054,0.4970291517464614
5-12A,9.0,167.0207,1.006948705045527,0.5155726301893985
5-12A,9.0,167.0358,2.057129453283435,0.53228696073838
5-12A,9.0,167.0828,0.531336929574226,0.2176248521846825
5-12A,9.0,168.0277,-0.5000191021974543,0.0636192707379561
5-12A,9.0,168.0664,0.5532191307864812,0.5331807047543028
5-12A,9.0,170.0455,-0.6160003891428021,0.031396892069522286
5-12A,9.0,171.0065,-0.6600571621690517,0.1905304479432159
5-12A,9.0,171.0092,-0.4278435811246059,0.4229525550057339
5-12A,9.0,171.0284,-0.6850263123971255,0.04347565207571269
5-12A,9.0,172.0616,0.02821138300396388,0.196456214147722
5-12A,9.0,172.962,-0.4308865102953955,0.07968619024272604
5-12A,9.0,173.0089,-0.7443908137039464,0.10353227035044435
5-12A,9.0,173.0453,-0.912573319208108,0.026901207016776504
5-12A,9.0,173.0932,-0.8027932405696588,0.016553690107077884
5-12A,9.0,173.1041,-0.9990063972327698,0.5750401844320481
5-12A,9.0,174.0407,-0.8631984698973127,0.008159319533316629
5-12A,9.0,174.088,-0.7598946066173451,0.07284436257835863
5-12A,9.0,175.022,-0.419046741465771,0.11396511127938197
5-12A,9.0,175.0361,-0.6440171348824495,0.03717958815491309
5-12A,9.0,175.0611,-1.0290897450120127,0.021123788531281114
5-12A,9.0,176.0776,-1.026437071033328,0.09232547990409071
5-12A,9.0,177.0402,-1.3021606858684462,0.4828626739389675
5-12A,9.0,177.0553,-0.47122142783420856,0.34087779179899425
5-12A,9.0,178.0509,-0.8285139072470916,0.02976508145430066
5-12A,9.0,179.0348,0.9031158471884414,0.11389760206464059
5-12A,9.0,179.0561,0.8842243359556662,0.10760210645857293
5-12A,9.0,180.0663,0.8590854494480906,0.1450887072908156
5-12A,9.0,181.0505,-1.3621824522781143,0.05045635566440725
5-12A,9.0,182.9725,1.7904219127532528,0.5561631908494851
5-12A,9.0,183.0661,0.04762047567843407,0.35550085918159596
5-12A,9.0,184.0017,-0.3707156773311945,0.07434643939821055
5-12A,9.0,184.9856,-0.5002293037844611,0.10975845082084607
5-12A,9.0,186.1136,1.0926153280643993,0.38450591430526293
5-12A,9.0,187.0234,-0.654308218751574,0.26566424502654223
5-12A,9.0,188.035,-0.24623627788917146,0.04139715127141518
5-12A,9.0,188.0565,-0.8835683057021397,0.025244800787129
5-12A,9.0,189.0405,-0.7573907123591442,0.047969770014251976
5-12A,9.0,191.0197,0.27735371939154585,0.3419581357306654
5-12A,9.0,191.0561,-0.9723929477264139,0.035268987189742085
5-12A,9.0,192.0663,-1.1366455200526049,0.6673869606392188
5-12A,9.0,193.0349,0.5084304862598915,0.45828028113675967
5-12A,9.0,194.0682,-0.955700713303493,0.2659953356414582
5-12A,9.0,194.0822,0.6363685481874031,0.300790377506186
5-12A,9.0,195.0509,0.40830815094879247,0.029736106911511257
5-12A,9.0,195.0657,-0.2639381252339383,0.23534610785928672
5-12A,9.0,196.0603,-0.8506699693671338,0.04084409762472086
5-12A,9.0,198.0182,-0.5688620880707571,0.13285467539219956
5-12A,9.0,199.0019,-0.39310444428839963,0.6244618988053331
5-12A,9.0,200.9937,0.8802128511484846,0.3343966362202832
5-12A,9.0,201.0051,0.027659460520615884,0.6930056352261404
5-12A,9.0,203.0348,-0.00847186633879219,0.1184665589518188
5-12A,9.0,203.0826,-0.1052157621296163,0.003301163044134599
5-12A,9.0,204.0498,2.3728138812692015,1.639055058771858
5-12A,9.0,205.0351,-0.7222911519428484,0.2345873598220437
5-12A,9.0,206.0822,0.100272149515403,0.5413009069642118
5-12A,9.0,209.0292,-0.7787245965641546,0.405341906767809
5-12A,9.0,209.0814,-0.45156748644041983,0.7209460786562127
5-12A,9.0,211.0235,0.011697873961305137,0.4975147565734274
5-12A,9.0,211.9968,-0.7988883488525493,0.12093837117983383
5-12A,9.0,212.0331,-0.29969774619467204,0.23835449260162297
5-12A,9.0,212.9807,-0.5057676337290737,0.25132549523512593
5-12A,9.0,213.014,-0.719311539384777,0.19945244249508706
5-12A,9.0,213.0384,-0.3715949258894847,0.08248386226362873
5-12A,9.0,213.1252,-0.3168454549162524,0.38038596527521046
5-12A,9.0,214.0488,-0.0697418829544918,0.6422747325247817
5-12A,9.0,215.0331,1.556633596306696,0.12042842434841688
5-12A,9.0,216.1351,0.4419048083038232,0.07782864188039375
5-12A,9.0,218.0335,1.5438282065520532,0.1509381925026474
5-12A,9.0,218.1034,-0.8360155854895276,0.02976039269724623
5-12A,9.0,220.0828,-0.6566507779393245,0.8489675714035066
5-12A,9.0,221.0443,1.7797123033372346,0.01657279563926246
5-12A,9.0,221.0664,2.425511758894383,0.5769462271870615
5-12A,9.0,225.0399,0.556624272383689,1.2228148707580437
5-12A,9.0,225.0861,1.6312430775097595,0.780613351821084
5-12A,9.0,225.0901,1.9786039000429898,0.7590292336472936
5-12A,9.0,226.0135,1.177253101891817,0.4049340524122711
5-12A,9.0,226.0697,0.32578255917308657,0.4605694789773149
5-12A,9.0,228.0501,0.29016122982370124,1.0263570994255373
5-12A,9.0,229.0122,-0.6886833983929096,0.1169744566795982
5-12A,9.0,237.0614,-0.7493893185877369,0.1458005069482103
5-12A,9.0,238.0945,-0.6578362588484357,0.25653175022745883
5-12A,9.0,240.0515,-0.7429576060161404,0.034361853339967864
5-12A,9.0,241.0844,-0.22989935678450518,0.5803096487869323
5-12A,9.0,242.0804,-0.6874856707619554,0.1568225446140089
5-12A,9.0,243.029,0.036423802388627184,0.38765375477541947
5-12A,9.0,243.0625,-0.6911444978677829,0.2407592761277267
5-12A,9.0,245.0444,-0.6358952285272276,0.38470380504288565
5-12A,9.0,246.0198,0.30317915627325503,0.3517258203968277
5-12A,9.0,246.064,2.5033901129738796,1.0050550000649534
5-12A,9.0,251.0816,0.4743840116364138,0.4873071470840897
5-12A,9.0,253.0119,-0.3228930126689815,0.011546331895216816
5-12A,9.0,253.0499,0.6414391109685709,1.100659785198428
5-12A,9.0,257.0072,-0.6477917209236512,0.17901708784692852
5-12A,9.0,257.1028,0.1868228534067269,1.5258268161643578
5-12A,9.0,259.005,0.7707706807779775,0.21953428622320348
5-12A,9.0,259.0227,0.5618181521941494,0.31991187993975273
5-12A,9.0,261.0385,0.2495492707028465,0.7513391240821827
5-12A,9.0,266.0703,-0.6955947051075758,0.01395045375131156
5-12A,9.0,267.0724,-0.271130532456333,0.0862378009488229
5-12A,9.0,268.02,-0.10952193988641268,1.0007144343905052
5-12A,9.0,269.0398,-0.6616795396724419,0.17458405128099727
5-12A,9.0,271.0612,-0.11637760805082813,0.6602483547618807
5-12A,9.0,271.0815,-0.7469164239913919,0.830522459572614
5-12A,9.0,273.0021,-0.6937442360213789,0.19129650999326875
5-12A,9.0,274.0933,-0.7348038378628562,0.19267277483409878
5-12A,9.0,275.0184,-0.4420147430409847,0.6953521370495764
5-12A,9.0,275.0991,-0.9684063649111326,0.15496038304627394
5-12A,9.0,277.1207,0.6951887041011467,0.15968397964143477
5-12A,9.0,277.2169,0.921924107561397,0.5871003924374772
5-12A,9.0,279.2331,-0.21203639809338068,0.049263110491406074
5-12A,9.0,282.0839,-1.379151834737234,0.6323771265784203
5-12A,9.0,283.2063,-0.14092337446339184,0.2678998961656886
5-12A,9.0,285.0972,-0.15927781641754346,0.6419666896529541
5-12A,9.0,287.0157,0.266888922225673,1.4755428153071224
5-12A,9.0,288.0725,-0.5782310728995834,0.24832372273143039
5-12A,9.0,289.0333,1.5038713728510862,0.7910947656191345
5-12A,9.0,289.1044,-0.9083989646629927,0.1874136471721882
5-12A,9.0,290.9677,-0.3880513116945153,0.06589873968210855
5-12A,9.0,294.0479,1.0196296629318056,1.118709533342726
5-12A,9.0,300.0509,0.28624174207578096,0.5585731312557307
5-12A,9.0,301.0333,1.059301392963681,0.6787170240427288
5-12A,9.0,303.2326,0.053324011448702587,0.1220518012879969
5-12A,9.0,305.0207,1.0783331345876017,0.2432600548574264
5-12A,9.0,306.0481,-0.5720603082155664,0.08748623160905078
5-12A,9.0,306.0765,-0.1978704239130094,0.02521561680256635
5-12A,9.0,308.0986,5.65750918642945,0.37210770113080177
5-12A,9.0,313.0441,-0.6336442826918468,0.26421344613684433
5-12A,9.0,313.1037,-0.6572890539262755,0.0030730407506118166
5-12A,9.0,317.026,0.18235257256973095,0.6887520081670251
5-12A,9.0,323.0256,-0.9776252232500932,0.6687220859297967
5-12A,9.0,325.1163,-0.4081374895506165,0.489490647915486
5-12A,9.0,328.0457,-0.2563424204541312,0.09123557965499424
5-12A,9.0,333.0589,-1.0463523413746467,0.4840922035843593
5-12A,9.0,338.9884,-0.4514367317894269,0.23721679218740216
5-12A,9.0,339.0928,-0.017600173650748063,1.4548717062920542
5-12A,9.0,341.1089,1.2257222069921452,0.10363762041559296
5-12A,9.0,344.0393,-0.4832374091160519,0.28586095106709336
5-12A,9.0,346.0556,-0.5011302647030832,0.09806775209888895
5-12A,9.0,348.087,-0.7057297280110989,0.16475823227219036
5-12A,9.0,353.0489,-0.4940189523284489,1.131414322743959
5-12A,9.0,357.089,-0.6026235300414791,0.08781782760164901
5-12A,9.0,375.131,-0.8313754573717471,0.04314176638372431
5-12A,9.0,377.1496,0.007559231549281769,0.561728317311669
5-12A,9.0,383.1188,2.4324076995922743,0.5716728362588946
5-12A,9.0,388.9416,0.029352990283797623,0.31819571779605776
5-12A,9.0,388.9442,-0.3079757504599518,0.3184581684630555
5-12A,9.0,401.0756,1.625869984282418,0.23064300179745564
5-12A,9.0,407.2795,-0.10422272747669581,0.22343593254069663
5-12A,9.0,421.0743,0.4281475346113614,0.6830603935088
5-12A,9.0,426.0222,0.2810055044869498,0.6466571567065449
5-12A,9.0,442.9997,0.18193571139073966,0.2623948580392167
5-12A,9.0,466.9657,0.4577019924406819,0.12408089654475048
5-12A,9.0,490.9787,1.0099985005955814,0.958872115751708
5-12A,9.0,503.1614,2.8839196088021777,0.16958906431182283
5-12A,9.0,547.0731,-0.8602123711994116,0.11251649165978601
5-12A,9.0,565.0471,0.14199505350623942,0.4434828542928678
5-12A,9.0,578.8872,1.56941090157671,0.22437677429516184
5-12A,9.0,579.0269,2.9904719716721955,0.12037411670944068
5-12A,9.0,612.2549,0.13273137248075784,0.5723094608122506
5-12A,9.0,624.2949,-0.7164505029978155,0.16364357255484402
5-12A,9.0,659.307,-0.9325767749946917,0.3877780964112258
5-12A,9.0,664.0939,-0.3310506696687946,0.3323578180571189
5-12A,9.0,665.2144,0.23885102850170287,0.42212720294828737
5-12A,9.0,668.1374,-0.5763665665659322,0.005012344520765312
5-12A,9.0,787.255,-0.8218245507503569,0.087906241363455
5-12A,9.0,790.2568,-0.1804455021824468,0.20881230797524344
5-12A,9.0,835.0407,-0.7072645706834793,0.05566830811913352
5-12A,9.0,863.2971,-0.6220973561246658,0.1229070729745681
5-12A,9.0,864.1473,-0.9539755301487143,0.3033510026379435
5-12A,9.0,974.2935,-0.9963091519689524,0.38291583153217207
5-12A,9.0,976.7162,0.40783726969501427,0.05642131279250139
5-12A,10.0,57.0342,0.41929020312863274,0.25256862292092147
5-12A,10.0,58.0295,0.20772595015392775,0.26539998923868513
5-12A,10.0,59.0135,1.0266163976857943,0.10924858058998768
5-12A,10.0,71.0137,0.7555229054319123,0.15850342038871099
5-12A,10.0,73.0293,-0.6125246380299398,0.023693565052848146
5-12A,10.0,74.0247,0.0013627956644159944,0.37703315868296255
5-12A,10.0,75.0087,0.09203130337457628,0.29475644161623327
5-12A,10.0,87.0088,-0.5816640436705043,0.023940431781004915
5-12A,10.0,87.0451,-0.5058739367137729,0.3769494611292245
5-12A,10.0,88.0403,-0.3647659418461228,0.042927407931148985
5-12A,10.0,88.9883,-1.046005424105315,0.30470460647443376
5-12A,10.0,89.0244,-0.6247462394325758,0.07135923511824163
5-12A,10.0,93.0338,-0.008801668702735625,0.02522323565613034
5-12A,10.0,94.9761,-0.5195298871155765,0.35625752753852685
5-12A,10.0,94.9806,0.9483039980515535,0.3631900941360888
5-12A,10.0,95.0139,0.8311164104782904,0.14438058428150938
5-12A,10.0,101.0242,0.2673262760864253,0.18123349993310467
5-12A,10.0,102.056,-0.23624832056504896,0.07777095033389732
5-12A,10.0,103.0402,-0.5466090909738992,0.0674763561688801
5-12A,10.0,103.0509,-0.5590751267559199,0.11677296386018259
5-12A,10.0,104.0352,-0.5330781080282604,0.1764933857969801
5-12A,10.0,105.0193,-1.2217348354313708,0.3548203104389621
5-12A,10.0,107.0503,0.02505560673194937,0.5163704886747943
5-12A,10.0,109.0295,0.08509883412540001,0.0989235555128464
5-12A,10.0,111.02,0.31519002200984514,0.03878057071477435
5-12A,10.0,112.0516,0.06870290090931125,0.6440440063049954
5-12A,10.0,113.0244,0.6900065518393791,0.03316180584378971
5-12A,10.0,113.0357,3.2307036602022148,0.14209523161211463
5-12A,10.0,114.056,-0.18039206342908018,0.006343232982426341
5-12A,10.0,115.0037,-0.1919215580043029,0.07146723125066695
5-12A,10.0,115.0402,-0.34716040294902134,0.450795295319665
5-12A,10.0,115.0764,-0.2903323459927798,0.2683471991541075
5-12A,10.0,116.0354,-0.12876141821991735,0.4758427553184781
5-12A,10.0,116.0717,-0.7036798050147985,0.048100801481334624
5-12A,10.0,117.0194,-0.6080424301321532,0.02017842977999753
5-12A,10.0,118.0508,-0.04679605567935258,0.2448244843607551
5-12A,10.0,118.9804,0.6305210923207551,0.12472372077834402
5-12A,10.0,119.0503,-0.4403112255840126,0.40820942745273503
5-12A,10.0,120.9273,-0.525545800878035,0.06222121116783231
5-12A,10.0,121.0295,0.2014469349307383,0.3786589755120212
5-12A,10.0,121.0409,-0.033728347153666544,0.7668358107729663
5-12A,10.0,122.0248,-0.32844646697232205,0.20813633710640053
5-12A,10.0,124.0075,0.32642236612300995,0.5128074302525321
5-12A,10.0,124.0144,1.5304033910396417,0.24727546379382745
5-12A,10.0,125.0439,0.2727883720931989,0.16580088549478073
5-12A,10.0,127.0764,0.5558315122573805,0.31126225417502984
5-12A,10.0,128.0354,7.253107426485617,0.21003915042380203
5-12A,10.0,129.0193,0.11908816063696362,0.07878455119518855
5-12A,10.0,129.0556,0.7272057142322345,0.37568242491648857
5-12A,10.0,130.0142,-0.6295705728876582,0.38476747405417444
5-12A,10.0,130.0509,0.11203018407936553,0.05281678246732155
5-12A,10.0,130.0874,-0.668299879904179,0.039459570057176235
5-12A,10.0,131.0008,0.9829908104243984,0.5545033795163343
5-12A,10.0,131.0123,-0.7427740885483514,0.08265068379403061
5-12A,10.0,131.035,-0.45692230759499,0.09749593177337529
5-12A,10.0,131.0462,-0.5869049800520523,0.26722060257626457
5-12A,10.0,131.0828,-0.7263709108650063,0.03467290304285102
5-12A,10.0,132.0302,0.7198158319512509,0.0415123034715099
5-12A,10.0,133.0142,-0.1188804464278751,0.09294323298924013
5-12A,10.0,133.0257,-0.08889282564639428,0.1332183331454794
5-12A,10.0,133.0505,0.1833904213309507,0.06064590300047747
5-12A,10.0,134.0472,1.5080840555405772,0.16745361246652019
5-12A,10.0,134.0604,0.6245479666625398,0.5485022379583273
5-12A,10.0,135.0302,-0.4869023955252606,0.12462612937837812
5-12A,10.0,135.0453,1.3254077352808846,0.15099147776642977
5-12A,10.0,136.0404,-0.418831282006208,0.053502096128599685
5-12A,10.0,136.0487,1.0455587467621061,0.22278069985615992
5-12A,10.0,136.0767,-0.05580400691466722,0.950950379810016
5-12A,10.0,137.0239,0.26248342450032475,0.08114506278328214
5-12A,10.0,138.9789,-0.43068259997884306,0.36960701554875325
5-12A,10.0,139.0014,0.1112857550336139,0.044060950489652584
5-12A,10.0,139.0067,-0.5473800890073571,0.034253471629927396
5-12A,10.0,139.976,0.7572187990299892,0.554623313263676
5-12A,10.0,143.0713,-0.034692391326456254,0.19704115976756537
5-12A,10.0,143.1077,0.09803002891919442,0.3144782775836385
5-12A,10.0,145.0141,-0.3471727502179826,0.08666526374750667
5-12A,10.0,145.0506,-0.7856394572466494,0.1394366948971295
5-12A,10.0,145.0623,-0.8445379175656065,0.2032506077308994
5-12A,10.0,145.0982,-0.3928515165633387,0.13354346812044235
5-12A,10.0,145.1106,-0.3121475400152746,1.0372680845374875
5-12A,10.0,146.0459,-0.1172909689081332,0.012836948210665404
5-12A,10.0,147.0298,-0.4767862032870104,0.08148260445398597
5-12A,10.0,147.0662,0.658036711945702,0.11233859455025257
5-12A,10.0,149.0092,0.35646769610019596,0.27040241637528256
5-12A,10.0,149.0456,0.784400720026744,0.2342988209228715
5-12A,10.0,149.0608,0.24023028041669933,0.6592754562209852
5-12A,10.0,150.0422,-0.09469350947326033,0.48277545119704185
5-12A,10.0,150.9707,0.47062687575616613,0.40727062084359683
5-12A,10.0,151.0259,-0.5421275497882847,0.047347650180982956
5-12A,10.0,151.04,0.05356076575713852,0.5071230454725402
5-12A,10.0,151.06,0.13235313208350594,0.4508543666446795
5-12A,10.0,152.0353,0.5173054303364989,0.5387023499480152
5-12A,10.0,152.0716,-0.48191336402873364,0.468379543539663
5-12A,10.0,153.0192,0.41880529084774765,0.08112211389848042
5-12A,10.0,154.062,-0.5174499600441415,0.10979937872545713
5-12A,10.0,154.9751,-0.4582638989786938,0.02336570918844574
5-12A,10.0,155.0099,0.48863315698660104,0.03571649597070768
5-12A,10.0,157.0128,-0.3619228719132893,0.08134478768606723
5-12A,10.0,157.0255,2.9218510840801706,0.13807195652914106
5-12A,10.0,157.0379,2.8413084851300594,0.04513375684794041
5-12A,10.0,157.0504,-0.16111074069582482,0.06383405213963264
5-12A,10.0,159.0297,-0.8189802729534552,0.10378053285708147
5-12A,10.0,159.0775,0.2188640443723091,0.08486066682207835
5-12A,10.0,160.0616,-0.497352503760497,0.055214620942582025
5-12A,10.0,161.0453,-0.95784682470366,0.08598153955694193
5-12A,10.0,162.0424,-0.3889057514258978,0.11033443656233353
5-12A,10.0,163.0351,-0.4585855683540172,0.21989734394338162
5-12A,10.0,163.0398,1.844597973846711,0.18433108125092146
5-12A,10.0,163.0611,0.5987347670246195,0.4688466444339804
5-12A,10.0,164.0716,-0.4643385413722127,0.07131745014683813
5-12A,10.0,165.03,0.45867372076806,0.9110720629267435
5-12A,10.0,165.0405,0.5148986331866168,0.5158015523070041
5-12A,10.0,165.0556,-0.5586474568201235,0.13238838816941187
5-12A,10.0,166.0508,0.5055720825475876,0.5269128645887704
5-12A,10.0,166.0632,0.0191012351923191,0.4869384028958111
5-12A,10.0,166.9759,-0.4241220381306145,0.5936464596139343
5-12A,10.0,167.0207,-0.4268376843795141,0.22196029358733746
5-12A,10.0,167.0358,0.5022816979125871,0.5743461527151557
5-12A,10.0,167.0828,-0.1503674703623129,0.7923439426009753
5-12A,10.0,168.0277,-0.12542516237055468,0.04519063050343865
5-12A,10.0,168.0664,-0.5323661306209122,0.2811750267470536
5-12A,10.0,170.0455,-0.5284075373973495,0.11956769094671484
5-12A,10.0,171.0065,-0.05856005473564535,0.19442972575514103
5-12A,10.0,171.0092,0.0894503424935178,0.21916762944050672
5-12A,10.0,171.0284,-0.5790392119253207,0.009445795509153102
5-12A,10.0,172.0616,1.9270658183042313,0.27450353343280387
5-12A,10.0,172.962,-0.551628838010418,0.026452253565070197
5-12A,10.0,173.0089,0.6412302125298577,0.3009353595857098
5-12A,10.0,173.0453,-0.5331024054820701,0.15307554982424834
5-12A,10.0,173.0932,-0.2720086371277345,0.0491819382948303
5-12A,10.0,173.1041,-0.9248967169169348,0.9630010600657798
5-12A,10.0,174.0407,0.2331130383029757,0.05431466104901556
5-12A,10.0,174.088,-0.2517667692876045,0.10565566993798566
5-12A,10.0,175.022,-0.30973561535385674,0.19981335590541296
5-12A,10.0,175.0361,0.7638798502379942,0.0315021797602437
5-12A,10.0,175.0611,-0.3887531225908585,0.03865141087057635
5-12A,10.0,176.0776,-0.7705127024816195,0.26429689782537286
5-12A,10.0,177.0402,-0.6718957840457206,0.32788549500296293
5-12A,10.0,177.0553,-0.40131094502642606,0.28232074040143856
5-12A,10.0,178.0509,-0.07572425016504078,0.06452855453191307
5-12A,10.0,179.0348,3.89505626773364,0.3600867700845664
5-12A,10.0,179.0561,0.4580177961920945,0.06416415733735369
5-12A,10.0,180.0663,0.4745124865848953,0.13828022996905928
5-12A,10.0,181.0505,-0.6462728347603196,0.0991902870210595
5-12A,10.0,182.9725,0.7239323558807758,0.26847201871778525
5-12A,10.0,183.0661,-0.4187134924107395,0.53625474725518
5-12A,10.0,184.0017,0.014408754599612404,0.2187578426992395
5-12A,10.0,184.9856,-0.6292775528702472,0.10388693300840264
5-12A,10.0,186.1136,0.9000070271702567,0.5860241479870435
5-12A,10.0,187.0234,-0.2414992099869694,0.5341092346894981
5-12A,10.0,188.035,-0.29269592258111216,0.60660347805186
5-12A,10.0,188.0565,0.1879297265084109,0.030296924252905956
5-12A,10.0,189.0405,-0.4608771430323767,0.1217689084291253
5-12A,10.0,191.0197,1.6878911943178312,0.5699355803797002
5-12A,10.0,191.0561,-0.37333245246260927,0.11864994372434676
5-12A,10.0,192.0663,-0.5149579309428465,0.47838808321108484
5-12A,10.0,193.0349,0.6518537556108331,0.5056579815981664
5-12A,10.0,194.0682,0.25800954372006074,0.2210557863152891
5-12A,10.0,194.0822,0.7034832880371031,0.3696233116495588
5-12A,10.0,195.0509,0.3452957593230251,0.2609179429199248
5-12A,10.0,195.0657,-0.6412324916518795,0.6009826167764508
5-12A,10.0,196.0603,0.7000344813610582,0.13687474707037728
5-12A,10.0,198.0182,-0.07862117420856041,0.42608750535174006
5-12A,10.0,199.0019,-0.1459995145094819,0.30921270888494207
5-12A,10.0,200.9937,0.34442876711026804,0.3085310216857343
5-12A,10.0,201.0051,0.47986490348542676,0.7723493275866008
5-12A,10.0,203.0348,-0.2416597551899462,0.22602464921586757
5-12A,10.0,203.0826,-0.10289253064637907,0.004269252806307962
5-12A,10.0,204.0498,-0.5165350227488356,0.21838489522961974
5-12A,10.0,205.0351,-0.34850175628355107,0.2851555695892972
5-12A,10.0,206.0822,1.015375866260551,1.1772940599764041
5-12A,10.0,209.0292,-0.7649817713202263,0.30439944283439385
5-12A,10.0,209.0814,-0.442861338448747,0.23952424868166486
5-12A,10.0,211.0235,-0.3558442406459864,0.6165560287634894
5-12A,10.0,211.9968,0.29909697952148134,0.13074703229485096
5-12A,10.0,212.0331,-0.19777002369497404,0.26239370681919916
5-12A,10.0,212.9807,-0.5741530513318269,0.023822523092099628
5-12A,10.0,213.014,-0.8608425453107128,0.268227620760714
5-12A,10.0,213.0384,-0.5849114411545384,0.1726017178776672
5-12A,10.0,213.1252,0.7196854023771756,1.4129231408326937
5-12A,10.0,214.0488,0.45021774506329043,0.7127781014458705
5-12A,10.0,215.0331,0.9877206942901405,0.04850115953975545
5-12A,10.0,216.1351,0.774238461957121,0.29519570514579613
5-12A,10.0,218.0335,0.8597023259654677,0.04810424416745078
5-12A,10.0,218.1034,1.513503864750736,0.10090658106331635
5-12A,10.0,220.0828,-0.14627166361975466,0.6507694298132652
5-12A,10.0,221.0443,0.954098372287989,0.0699766889244011
5-12A,10.0,221.0664,1.7515295968376166,0.5184885228596159
5-12A,10.0,225.0399,0.5633004106588525,0.5565219682741176
5-12A,10.0,225.0861,0.5165753327494806,0.10827077885231626
5-12A,10.0,225.0901,0.8846086256858674,0.4713949656322811
5-12A,10.0,226.0135,2.1801530999221885,0.07806004070102511
5-12A,10.0,226.0697,0.08284701877709957,0.39687859370927514
5-12A,10.0,228.0501,-0.7049374836855642,0.18799450577472643
5-12A,10.0,229.0122,-0.01035330659880249,0.2196208807829869
5-12A,10.0,237.0614,0.7057927731062578,0.48516094948653654
5-12A,10.0,238.0945,-0.5240387784420627,0.25058790685428345
5-12A,10.0,240.0515,1.1095953753268484,0.05529397643162369
5-12A,10.0,241.0844,-0.23288150580552405,0.5566715893075714
5-12A,10.0,242.0804,-0.5024271259421518,0.8375250526811661
5-12A,10.0,243.029,-0.18459131216377433,0.35030729395641536
5-12A,10.0,243.0625,1.2900992680461973,0.27458443439987845
5-12A,10.0,245.0444,0.06113246190300462,0.18830270754788184
5-12A,10.0,246.0198,0.1957303803346202,0.21092083928217506
5-12A,10.0,246.064,1.2307078870936656,0.46091933554959025
5-12A,10.0,251.0816,-0.7016777891966284,0.3704328377501434
5-12A,10.0,253.0119,-0.2725457027075112,0.01456410930380159
5-12A,10.0,253.0499,0.4866534241213266,1.0211109962944582
5-12A,10.0,257.0072,-0.07015059678690175,0.4039399500596587
5-12A,10.0,257.1028,-0.34149184530700977,0.34152887899340145
5-12A,10.0,259.005,-0.09519094655121826,0.597095160595369
5-12A,10.0,259.0227,0.17347440040957143,0.13033217361520627
5-12A,10.0,261.0385,0.025823626185461704,0.2634855331646774
5-12A,10.0,266.0703,-0.2232867706283741,0.06363339130221117
5-12A,10.0,267.0724,-0.24960415559274834,0.029138842273078763
5-12A,10.0,268.02,-0.7560965848535091,0.3916586454344392
5-12A,10.0,269.0398,-0.6939751617502175,0.1087979065665162
5-12A,10.0,271.0612,0.4187262817055446,0.3555281492957252
5-12A,10.0,271.0815,-0.13159212562616168,0.5981510189602481
5-12A,10.0,273.0021,-0.5930935842449048,0.2368076450333337
5-12A,10.0,274.0933,0.7826970429591911,0.3709907617460058
5-12A,10.0,275.0184,-0.2428510595554297,0.5540400603397425
5-12A,10.0,275.0991,0.06423259555410965,0.24187595252986357
5-12A,10.0,277.1207,0.05127488351328459,0.04786049690148051
5-12A,10.0,277.2169,0.3132854907709114,0.32679638437515535
5-12A,10.0,279.2331,-0.3058610286901118,0.01236762342423555
5-12A,10.0,282.0839,-0.9024034506669691,0.4050881466519675
5-12A,10.0,283.2063,-0.32175847767322296,0.13659318454437283
5-12A,10.0,285.0972,-0.7075396755525687,1.0199749284923203
5-12A,10.0,287.0157,0.004254659190891928,0.2509697619412099
5-12A,10.0,288.0725,0.13319744210270712,0.07084499109268083
5-12A,10.0,289.0333,0.11366607844800608,0.7545681973200142
5-12A,10.0,289.1044,0.3352221474197118,0.36847770490798043
5-12A,10.0,290.9677,-0.20110946809755598,0.16773893560917025
5-12A,10.0,294.0479,0.8368616730735341,0.9734061481783393
5-12A,10.0,300.0509,0.11325796801606952,1.1688808382329317
5-12A,10.0,301.0333,-0.5577914399556636,1.251572574980909
5-12A,10.0,303.2326,-0.32831293737821066,0.22313605318049087
5-12A,10.0,305.0207,0.612022376939626,0.1892855423573832
5-12A,10.0,306.0481,1.668467985623606,0.2702877148235088
5-12A,10.0,306.0765,0.45111744016206345,0.01429127158504992
5-12A,10.0,308.0986,7.278342183268416,0.3389834113275515
5-12A,10.0,313.0441,0.4208220215672807,0.6396369730048508
5-12A,10.0,313.1037,0.6413132626945015,0.6545285667576167
5-12A,10.0,317.026,-0.019114351963656517,0.5874684956598
5-12A,10.0,323.0256,-0.7457258486312126,0.404947760446499
5-12A,10.0,325.1163,-0.3520117885925441,0.4329703810316486
5-12A,10.0,328.0457,1.2135076082432947,0.13517770453521066
5-12A,10.0,333.0589,-0.28356923064137113,0.0816656268853976
5-12A,10.0,338.9884,-0.4709196203240501,0.04388624997359671
5-12A,10.0,339.0928,1.8037056334108628,0.8367139275153022
5-12A,10.0,341.1089,0.6700128292126348,0.14494928288140724
5-12A,10.0,344.0393,0.20840033880724096,0.20284489011407286
5-12A,10.0,346.0556,-0.6729670844394716,0.14990029414859302
5-12A,10.0,348.087,1.1728118974341293,0.35870955786100106
5-12A,10.0,353.0489,-0.1162716557446162,0.13620916586317905
5-12A,10.0,357.089,0.4701289679247377,0.4161864949135572
5-12A,10.0,375.131,-0.4358627822827709,0.7954244952958183
5-12A,10.0,377.1496,0.05643151040265735,0.29781664276664166
5-12A,10.0,383.1188,0.8216049455088019,0.8195521767630682
5-12A,10.0,388.9416,-0.2736458343665613,0.23247413459044886
5-12A,10.0,388.9442,-0.3721577675041165,0.4014154935001876
5-12A,10.0,401.0756,0.6249492219439294,0.07077382946616424
5-12A,10.0,407.2795,-0.5419933693199971,0.33696142793219336
5-12A,10.0,421.0743,-0.39170498402160914,0.9799136135082951
5-12A,10.0,426.0222,-0.30980404892767466,0.5186627697015899
5-12A,10.0,442.9997,-0.04468554418681374,0.44598894469399236
5-12A,10.0,466.9657,0.19771565700301796,0.10805955003813106
5-12A,10.0,490.9787,0.010058060539893793,0.37190134394524205
5-12A,10.0,503.1614,1.0703477399838142,0.47944640508587555
5-12A,10.0,547.0731,0.5677491795281362,0.19449779904371575
5-12A,10.0,565.0471,0.6832725498223589,0.483835485877091
5-12A,10.0,578.8872,0.6311945848385533,0.11165145904317066
5-12A,10.0,579.0269,0.8258124652221401,0.21888181112582197
5-12A,10.0,612.2549,-0.203278519254101,0.8558453012376341
5-12A,10.0,624.2949,-0.03561271286435563,0.6770307318338081
5-12A,10.0,659.307,-0.4134068358037535,0.1388139294737332
5-12A,10.0,664.0939,-0.5118581104767651,0.05695236555597253
5-12A,10.0,665.2144,0.12499061647132076,0.3689536763927516
5-12A,10.0,668.1374,-0.5630244827060578,0.009410110077995368
5-12A,10.0,787.255,0.013564438327160061,0.5990340436227436
5-12A,10.0,790.2568,-0.002192121186303478,0.4620071626936524
5-12A,10.0,835.0407,-0.7148814406988421,0.25191017311731695
5-12A,10.0,863.2971,-0.7606531843350253,0.13834981634182303
5-12A,10.0,864.1473,-0.7420368059496208,0.3773360064311449
5-12A,10.0,974.2935,-0.6654883801762564,0.448182159766026
5-12A,10.0,976.7162,0.3673459477128037,0.1660081318759646
5-12A,11.0,57.0342,-0.6843503367550983,0.04440441218641129
5-12A,11.0,58.0295,2.129884650728346,0.4419681420397643
5-12A,11.0,59.0135,-0.5714996155625464,0.0446197627070591
5-12A,11.0,71.0137,-0.5546177752033452,0.06568424258557866
5-12A,11.0,73.0293,-0.2056811175062746,0.04304392658600325
5-12A,11.0,74.0247,0.3457802611224362,0.4680490396869763
5-12A,11.0,75.0087,0.5311576706923142,0.819234910825661
5-12A,11.0,87.0088,-0.6652329515398592,0.007729185864459439
5-12A,11.0,87.0451,-1.0744412559043648,0.4813173321308824
5-12A,11.0,88.0403,0.46333618479967026,0.05001052230453323
5-12A,11.0,88.9883,-0.40848625046093723,0.612283939449168
5-12A,11.0,89.0244,-0.4773965200588897,0.09160186079640933
5-12A,11.0,93.0338,-0.026353897984804538,0.017977519566264255
5-12A,11.0,94.9761,-1.2130578752397134,0.1271536039133435
5-12A,11.0,94.9806,0.9813936079480625,0.1842231496501686
5-12A,11.0,95.0139,-0.5762851031405317,0.06073038729111849
5-12A,11.0,101.0242,-0.7054859361722413,0.038831027577051896
5-12A,11.0,102.056,-0.202134529192419,0.07017969385841909
5-12A,11.0,103.0402,0.0651976327633494,0.05379588213767207
5-12A,11.0,103.0509,0.13404153635984328,0.05144818946942585
5-12A,11.0,104.0352,-0.7266018525979333,0.1566513090858771
5-12A,11.0,105.0193,-1.1910728359486207,0.037289412962075295
5-12A,11.0,107.0503,0.22423058054726747,0.29103001063807865
5-12A,11.0,109.0295,0.29037304740109554,0.05304996587920415
5-12A,11.0,111.02,0.785738615032212,0.0994538000369124
5-12A,11.0,112.0516,0.06790531767119973,0.43206158198678474
5-12A,11.0,113.0244,-0.6146837026745261,0.030758504180918085
5-12A,11.0,113.0357,2.434934517230098,0.20218596709410228
5-12A,11.0,114.056,-0.009962883925169044,0.004831835842986249
5-12A,11.0,115.0037,0.4541647889704898,0.0866613670352868
5-12A,11.0,115.0402,-0.7588554805843293,0.688563599951046
5-12A,11.0,115.0764,-0.39574375899436215,0.2047680981641007
5-12A,11.0,116.0354,0.004878892921003924,0.4624346057338312
5-12A,11.0,116.0717,0.001689771506522119,0.017299354634429706
5-12A,11.0,117.0194,-0.25326521130904855,0.027669771674116096
5-12A,11.0,118.0508,-0.04265396507343024,0.061303511500891826
5-12A,11.0,118.9804,-0.5063737133062197,0.04863322707660478
5-12A,11.0,119.0503,-0.5719144707150673,0.05468378404173508
5-12A,11.0,120.9273,-0.5497883235224655,0.0479914311591635
5-12A,11.0,121.0295,-0.6472003023377642,0.33906195538865463
5-12A,11.0,121.0409,-0.5703550023270817,0.17760813983857218
5-12A,11.0,122.0248,-0.45438194999031006,0.077409660188188
5-12A,11.0,124.0075,-0.466591579989168,0.6829927206320272
5-12A,11.0,124.0144,-0.5899543854251861,0.17962311385302138
5-12A,11.0,125.0439,-0.7663863390196829,0.09426203503708167
5-12A,11.0,127.0764,-0.549054252987991,0.4017170113240678
5-12A,11.0,128.0354,6.405846240714768,0.21077792595521289
5-12A,11.0,129.0193,0.9987543621345851,0.14735780640080678
5-12A,11.0,129.0556,0.835933135218709,0.4598909884625011
5-12A,11.0,130.0142,0.9811953925469648,0.37729293464370206
5-12A,11.0,130.0509,1.7978254440756107,0.1882348494869109
5-12A,11.0,130.0874,0.6811398525963767,0.06451124913594376
5-12A,11.0,131.0008,-0.615998455388761,0.07682826265509458
5-12A,11.0,131.0123,-0.14134944330481566,0.0351856879988919
5-12A,11.0,131.035,-0.9758083918805892,0.07481277232956643
5-12A,11.0,131.0462,-0.8193092807474742,0.1722968687527353
5-12A,11.0,131.0828,-0.39838564319957537,0.049481118423685425
5-12A,11.0,132.0302,1.728006251946915,0.07533940058607277
5-12A,11.0,133.0142,0.3179457072367259,0.10642353161841751
5-12A,11.0,133.0257,0.26211844850539057,0.14278930663269146
5-12A,11.0,133.0505,1.0382701462658566,0.06506544803013041
5-12A,11.0,134.0472,2.035001306346858,0.2249465586095865
5-12A,11.0,134.0604,1.0801852602274882,0.10063693741583837
5-12A,11.0,135.0302,0.42576183067437856,0.13928720902606925
5-12A,11.0,135.0453,0.8072165326606975,0.1123681444206901
5-12A,11.0,136.0404,-0.27325343421870674,0.07663164587126733
5-12A,11.0,136.0487,0.7791920013822718,0.11418046108983876
5-12A,11.0,136.0767,-0.1415696237886213,0.26221804942246424
5-12A,11.0,137.0239,-0.10965362850521247,0.035268694828771575
5-12A,11.0,138.9789,-0.412752765306833,0.1219651037271499
5-12A,11.0,139.0014,0.3976805515197764,0.018891072118963452
5-12A,11.0,139.0067,-0.7376256688627493,0.017343777317679252
5-12A,11.0,139.976,-0.14361854674385519,0.5820337003927131
5-12A,11.0,143.0713,-0.9361456727322538,0.2439674148348912
5-12A,11.0,143.1077,-0.1567646438509403,0.10368407214840131
5-12A,11.0,145.0141,-0.3072591831555795,0.14305280319428462
5-12A,11.0,145.0506,0.8151143541464294,0.11217712565627903
5-12A,11.0,145.0623,1.6339176151467691,0.18618971229385622
5-12A,11.0,145.0982,-0.6167550100450415,0.037996740640756387
5-12A,11.0,145.1106,-0.9489143687273021,0.46910827356727464
5-12A,11.0,146.0459,-0.12545400755135405,0.018962996756683937
5-12A,11.0,147.0298,0.21609517198475603,0.06340380819238015
5-12A,11.0,147.0662,1.522654556322523,0.13369235007852306
5-12A,11.0,149.0092,-0.6452987484222169,0.35140877281817434
5-12A,11.0,149.0456,0.3508857964123165,0.08387497301118119
5-12A,11.0,149.0608,-0.014806375939466756,0.36406675664870125
5-12A,11.0,150.0422,1.2566425759313207,0.3625739958040719
5-12A,11.0,150.9707,-0.053094269467393256,0.2554609836348926
5-12A,11.0,151.0259,-0.015245048090924035,0.06503043876247182
5-12A,11.0,151.04,-0.46694490571319813,0.573332240909393
5-12A,11.0,151.06,-0.4223621890873298,0.9967073041806801
5-12A,11.0,152.0353,0.19960241999041434,0.2561079184001749
5-12A,11.0,152.0716,-0.7768838185837434,0.03630748158211186
5-12A,11.0,153.0192,-0.6754346357583063,0.012289835170991942
5-12A,11.0,154.062,-0.5384144485364535,0.10051257713908739
5-12A,11.0,154.9751,-0.19940039185319305,0.04220920892764938
5-12A,11.0,155.0099,0.7029031657151665,0.10129801736642197
5-12A,11.0,157.0128,-0.12969897671750621,0.05344771748737639
5-12A,11.0,157.0255,2.296959376040107,0.13014670435611958
5-12A,11.0,157.0379,2.355571729140666,0.09978789393767283
5-12A,11.0,157.0504,0.97942764034882,0.11761637251006087
5-12A,11.0,159.0297,-0.5304205402377572,0.17667697157638287
5-12A,11.0,159.0775,1.191381255575333,0.13518186008685373
5-12A,11.0,160.0616,1.0780787179992048,0.23822675428189935
5-12A,11.0,161.0453,-1.162030703092773,0.06894451493185895
5-12A,11.0,162.0424,-0.28936657157400825,0.19721129261537812
5-12A,11.0,163.0351,-0.886617622838235,0.040130309152881384
5-12A,11.0,163.0398,1.6019824954305446,0.015934706367385757
5-12A,11.0,163.0611,1.3762336339341574,0.7642509927764246
5-12A,11.0,164.0716,-0.5126534257498679,0.02338210347154544
5-12A,11.0,165.03,-1.5514480519947316,0.5770948311753574
5-12A,11.0,165.0405,-0.06328023530988461,0.49739276057010895
5-12A,11.0,165.0556,-0.6092780596657685,0.11762124788708637
5-12A,11.0,166.0508,0.7364842895482546,0.28997353551680943
5-12A,11.0,166.0632,-0.6320341716963462,0.8747554006476544
5-12A,11.0,166.9759,-0.0923493712188613,0.28894810990612263
5-12A,11.0,167.0207,-0.39813699947370385,0.10284813385229952
5-12A,11.0,167.0358,-0.31633600418232366,0.3789526198896203
5-12A,11.0,167.0828,-0.9336252991325041,0.3206333391666225
5-12A,11.0,168.0277,-0.1559325101796482,0.034145606845285
5-12A,11.0,168.0664,-0.7248936972052975,0.5323612665652426
5-12A,11.0,170.0455,-0.08903889366666845,0.04797791382566908
5-12A,11.0,171.0065,0.36706259613029363,0.25276605598009044
5-12A,11.0,171.0092,0.5277643498456217,0.3181724675326889
5-12A,11.0,171.0284,-0.017303113048840274,0.027156202212467426
5-12A,11.0,172.0616,2.281673760272037,0.2208030558212778
5-12A,11.0,172.962,-0.2299089583568419,0.09728169838384226
5-12A,11.0,173.0089,1.4836162805560758,0.41447757753386577
5-12A,11.0,173.0453,0.34571297129293604,0.21375442379553586
5-12A,11.0,173.0932,0.3172802248268998,0.04172861338088162
5-12A,11.0,173.1041,2.5490827736977333,1.9610315384411594
5-12A,11.0,174.0407,1.8222308057579752,0.13495929340294324
5-12A,11.0,174.088,1.6962927699230128,0.2531642618320017
5-12A,11.0,175.022,0.201711220021001,0.07391126304018869
5-12A,11.0,175.0361,1.6264257827999533,0.19018993493730063
5-12A,11.0,175.0611,0.9440661517848059,0.10087761938381029
5-12A,11.0,176.0776,0.9838804953640141,0.14501967030163332
5-12A,11.0,177.0402,-0.7573246243792984,0.27092148998538695
5-12A,11.0,177.0553,-1.3903112418138555,0.13224709614445027
5-12A,11.0,178.0509,1.1591503882854013,0.12393722087005375
5-12A,11.0,179.0348,2.7436210114078268,0.36411831589102805
5-12A,11.0,179.0561,-0.5077776631287673,0.0334592375673808
5-12A,11.0,180.0663,-0.5749601842293863,0.037156396783573936
5-12A,11.0,181.0505,-0.4569330105590227,0.1406135532330382
5-12A,11.0,182.9725,-0.6419850792466613,0.06758214436894489
5-12A,11.0,183.0661,-1.1407098809837173,0.558187756731803
5-12A,11.0,184.0017,-0.13248627370744256,0.04608932815931397
5-12A,11.0,184.9856,-0.3602386313354091,0.023190678137601325
5-12A,11.0,186.1136,-0.9947736078337603,0.2767850255167824
5-12A,11.0,187.0234,-0.5448216616232079,0.698188472428445
5-12A,11.0,188.035,-0.3413164809796547,0.34186856842633573
5-12A,11.0,188.0565,0.6964132940180826,0.05926176596706211
5-12A,11.0,189.0405,-0.5772372564296516,0.1419994110995526
5-12A,11.0,191.0197,2.689792532923579,0.4312222800646619
5-12A,11.0,191.0561,1.1554789145508304,0.11434614823218825
5-12A,11.0,192.0663,-0.8788726172509977,0.3996297594924436
5-12A,11.0,193.0349,0.8741598231047929,0.29892283112577017
5-12A,11.0,194.0682,2.165398397079923,0.3377577263152475
5-12A,11.0,194.0822,-0.6652506488976876,0.4997653121185667
5-12A,11.0,195.0509,-0.4517647376854584,0.10376290904814436
5-12A,11.0,195.0657,-0.4189073549304349,0.625451398700197
5-12A,11.0,196.0603,1.1177854823857962,0.1319815063768052
5-12A,11.0,198.0182,0.12859405742391447,0.05913991038881738
5-12A,11.0,199.0019,-0.5448173111837823,0.2165593172775782
5-12A,11.0,200.9937,-0.8078838208647574,0.17952006395324524
5-12A,11.0,201.0051,0.5617551982477816,0.17267372779917992
5-12A,11.0,203.0348,-1.129262510463076,0.18850365341350594
5-12A,11.0,203.0826,-0.09906070729090989,0.004550549291794465
5-12A,11.0,204.0498,-0.14917250686244998,0.13287623421919195
5-12A,11.0,205.0351,-0.32768059631313934,0.19823670165820081
5-12A,11.0,206.0822,-1.0413585820093751,0.8611423263456599
5-12A,11.0,209.0292,-0.3334570586608746,0.2516638651830632
5-12A,11.0,209.0814,-0.9654940406155322,0.6731129825530189
5-12A,11.0,211.0235,-0.5405724388730887,0.22318082728275454
5-12A,11.0,211.9968,1.3875068544503897,0.4336698165411817
5-12A,11.0,212.0331,-0.1962178248751817,0.21098741398536572
5-12A,11.0,212.9807,-0.41944327510175117,0.13029603646117965
5-12A,11.0,213.014,-0.4042671963236679,0.0876248858787709
5-12A,11.0,213.0384,-0.5608840314680901,0.1354010004263257
5-12A,11.0,213.1252,0.08739263610758667,0.3610148724001176
5-12A,11.0,214.0488,0.2518465928615483,0.5559866036634057
5-12A,11.0,215.0331,-0.3662959823827932,0.05545008734064087
5-12A,11.0,216.1351,-0.613479091811379,0.08854218861414859
5-12A,11.0,218.0335,-0.43318460850465756,0.04765329145220136
5-12A,11.0,218.1034,3.058158383375491,0.2078331364149864
5-12A,11.0,220.0828,-0.29549798942817923,0.41402858517529373
5-12A,11.0,221.0443,-0.6248843273304575,0.08281311582862867
5-12A,11.0,221.0664,0.20912092844511512,0.2710021615396237
5-12A,11.0,225.0399,0.0679309506417183,0.6032426932363641
5-12A,11.0,225.0861,-0.6695011743327008,0.40754709134575706
5-12A,11.0,225.0901,-1.151058147078687,0.13361504750926534
5-12A,11.0,226.0135,2.1846666012634595,0.27086629837999526
5-12A,11.0,226.0697,-0.5494745650904693,0.18010206301730353
5-12A,11.0,228.0501,0.307883964167204,0.18344990971019784
5-12A,11.0,229.0122,0.828558450890105,0.16528566200296468
5-12A,11.0,237.0614,1.798241062716187,0.37504895761150264
5-12A,11.0,238.0945,-0.7397708722568986,0.23876704945085828
5-12A,11.0,240.0515,1.1875554859221176,0.15710206089684337
5-12A,11.0,241.0844,0.309869616019912,0.5715394473298842
5-12A,11.0,242.0804,-0.620191654463845,0.7230183264546767
5-12A,11.0,243.029,0.035383731261321764,0.39983272866898956
5-12A,11.0,243.0625,2.91939285933833,0.6014325612448365
5-12A,11.0,245.0444,0.6270557001634672,0.49344112610086227
5-12A,11.0,246.0198,-0.2866731745471438,0.2572115401144724
5-12A,11.0,246.064,-0.3856010320212876,0.1671628427206643
5-12A,11.0,251.0816,-0.026888231341604167,0.2843058373998248
5-12A,11.0,253.0119,-0.14635049721966992,0.014161043367159648
5-12A,11.0,253.0499,-0.45194063442047333,0.7217033641257247
5-12A,11.0,257.0072,0.1134615470802321,0.3247196097814545
5-12A,11.0,257.1028,0.05402691672460846,0.7780260985672713
5-12A,11.0,259.005,-0.43575532859803184,0.39002756617113243
5-12A,11.0,259.0227,-0.41511973577882477,0.12313741983906877
5-12A,11.0,261.0385,0.04105601049302833,0.06982823756049764
5-12A,11.0,266.0703,0.6963581350267483,0.25068042444445426
5-12A,11.0,267.0724,-0.6662697839801026,0.02136342565522052
5-12A,11.0,268.02,-0.08094405502598853,0.5242381126807633
5-12A,11.0,269.0398,-0.07325330541536866,0.23961204247373655
5-12A,11.0,271.0612,0.01605613055108352,0.42163269191801483
5-12A,11.0,271.0815,-0.04657073545391676,0.13463771390967974
5-12A,11.0,273.0021,-0.358815571420462,0.03994981609330582
5-12A,11.0,274.0933,1.9367504143266046,0.17097199696527549
5-12A,11.0,275.0184,-0.5191556063628546,0.8396836595130069
5-12A,11.0,275.0991,2.260408412881597,0.01811388525163677
5-12A,11.0,277.1207,-0.7972400318089485,0.02983492409919467
5-12A,11.0,277.2169,-0.7172174518448312,0.3453573558919912
5-12A,11.0,279.2331,-0.28615463662891216,0.015762564629631486
5-12A,11.0,282.0839,-0.8247224040612711,0.20535157182464095
5-12A,11.0,283.2063,-0.3368537418253213,0.26392020968441054
5-12A,11.0,285.0972,-1.124617942904961,0.5993250664900711
5-12A,11.0,287.0157,-0.8015958016470354,0.37683905996375555
5-12A,11.0,288.0725,0.8287642148217096,0.2860694780379377
5-12A,11.0,289.0333,0.3572056920660639,0.2614435218304449
5-12A,11.0,289.1044,3.267572098031058,0.35802765228915734
5-12A,11.0,290.9677,-0.17005532246153743,0.08140988407924682
5-12A,11.0,294.0479,-0.6900125755341087,0.7327268509775668
5-12A,11.0,300.0509,0.09884265351109356,1.0257074521173903
5-12A,11.0,301.0333,0.06941870896028278,0.8828355554638944
5-12A,11.0,303.2326,-0.6589547850937021,0.10755305106262818
5-12A,11.0,305.0207,-0.4066648360661186,0.06499560587879123
5-12A,11.0,306.0481,3.2026828657593014,0.20131009803153488
5-12A,11.0,306.0765,9.351916954689553,0.5408004381109831
5-12A,11.0,308.0986,3.1585166462240037,0.1914850875655202
5-12A,11.0,313.0441,0.8019803657208524,0.1340522923538543
5-12A,11.0,313.1037,0.5799540517619938,0.8917697401674504
5-12A,11.0,317.026,-0.4439901433063449,0.555896471285672
5-12A,11.0,323.0256,0.6391248522178279,0.45458743870814866
5-12A,11.0,325.1163,0.6781963256874455,0.20564845561502354
5-12A,11.0,328.0457,2.449088480695887,0.3505055319245346
5-12A,11.0,333.0589,0.36134078126819646,0.3634526003773265
5-12A,11.0,338.9884,0.7730332930835606,0.06775444456561858
5-12A,11.0,339.0928,0.5717740367722529,0.5932213766590784
5-12A,11.0,341.1089,-0.33971403719967647,0.13892268209983238
5-12A,11.0,344.0393,4.151120050360436,0.5142023938998238
5-12A,11.0,346.0556,4.848091942579232,0.5056127682640266
5-12A,11.0,348.087,3.4525876789723298,0.21738023538740514
5-12A,11.0,353.0489,0.40060632829385584,0.4586770274826267
5-12A,11.0,357.089,1.3989114088807584,0.2664765924059609
5-12A,11.0,375.131,1.393051534068267,0.7294668393716002
5-12A,11.0,377.1496,0.8034792014471126,0.22847378893759362
5-12A,11.0,383.1188,-0.10546022956741175,0.34359223648135234
5-12A,11.0,388.9416,-0.24080852332070965,0.3395351156209887
5-12A,11.0,388.9442,-0.5423147429235299,0.444336096637608
5-12A,11.0,401.0756,-0.696318557152155,0.05460619462333344
5-12A,11.0,407.2795,-0.7354650387488718,0.4556859527835302
5-12A,11.0,421.0743,-0.021449007864783733,0.6234054288908407
5-12A,11.0,426.0222,6.397487353984864,0.44196416281439455
5-12A,11.0,442.9997,-0.17033125297538132,0.1393162977290195
5-12A,11.0,466.9657,-0.5065700931739392,0.10619757969854013
5-12A,11.0,490.9787,-0.2533533597305303,1.122868086413552
5-12A,11.0,503.1614,-0.26775436215451914,0.19672472427685456
5-12A,11.0,547.0731,1.9714317870128353,0.19649379013220794
5-12A,11.0,565.0471,4.291546357700878,0.9028696807502118
5-12A,11.0,578.8872,-0.5980015565483476,0.03011786672974596
5-12A,11.0,579.0269,-0.7027805996144595,0.06894438857049368
5-12A,11.0,612.2549,-0.14753494274509216,0.41126072730740654
5-12A,11.0,624.2949,0.3344567805598954,0.2821438325627157
5-12A,11.0,659.307,-0.4152189472843501,0.16004220751704037
5-12A,11.0,664.0939,-0.41542747537918084,0.17818796367727244
5-12A,11.0,665.2144,0.6020365479011781,0.3262871918231865
5-12A,11.0,668.1374,1.0114757317066614,0.09332189441434043
5-12A,11.0,787.255,-0.16651941560571784,0.14342494575186795
5-12A,11.0,790.2568,-0.43232527967699713,0.13120047425183431
5-12A,11.0,835.0407,0.9956499398940463,0.37719322670275257
5-12A,11.0,863.2971,-0.5531840626200395,0.02370127394215977
5-12A,11.0,864.1473,-0.4867623681762719,0.3717862386731491
5-12A,11.0,974.2935,0.05598976870220105,0.43084572217356915
5-12A,11.0,976.7162,-0.6497148389495053,0.06617827039251242
5-12A,12.0,57.0342,-1.0293784892442075,0.3392912018045723
5-12A,12.0,58.0295,1.236760406017,0.4716707988541859
5-12A,12.0,59.0135,-0.6651014336829784,0.15741346776171733
5-12A,12.0,71.0137,-0.8651291254251738,0.04141558469548081
5-12A,12.0,73.0293,0.3810437030627903,0.05619010786907053
5-12A,12.0,74.0247,0.31820681046713617,0.472609044389018
5-12A,12.0,75.0087,1.0054141473954712,0.5422324136706944
5-12A,12.0,87.0088,-0.518828106296303,0.0137045048689692
5-12A,12.0,87.0451,-1.0189849361015386,0.3432640634346544
5-12A,12.0,88.0403,0.41672201922049934,0.1380717212846637
5-12A,12.0,88.9883,-0.07373872197995518,0.4638523386925347
5-12A,12.0,89.0244,0.011221645676305021,0.07844510698624702
5-12A,12.0,93.0338,0.0032573144552878754,0.01823889950701744
5-12A,12.0,94.9761,-0.8512608415639054,0.4483824099781934
5-12A,12.0,94.9806,0.7980187292375762,0.40182675350303215
5-12A,12.0,95.0139,-0.9863866383886424,0.1443886340608992
5-12A,12.0,101.0242,-0.917768848441673,0.16809921741442554
5-12A,12.0,102.056,-0.32682317305975894,0.04050831144060529
5-12A,12.0,103.0402,0.29961228712601,0.06131091466909422
5-12A,12.0,103.0509,0.24606380954896323,0.15196072091621735
5-12A,12.0,104.0352,-0.5766165078625762,0.0856394054882226
5-12A,12.0,105.0193,-0.8469347423751467,0.5276538296755419
5-12A,12.0,107.0503,-0.07557517765759941,0.6759964294782557
5-12A,12.0,109.0295,0.5260638046877153,0.16815752713434282
5-12A,12.0,111.02,0.5556928313529008,0.042803799579035066
5-12A,12.0,112.0516,-0.44600414875199634,0.9508997518022301
5-12A,12.0,113.0244,-0.8763460719820596,0.016980230415012308
5-12A,12.0,113.0357,2.0221913848796564,0.14119900960656712
5-12A,12.0,114.056,0.046326419091675786,0.026669629900829956
5-12A,12.0,115.0037,0.09436314259759199,0.07236169048272426
5-12A,12.0,115.0402,-0.6492500182800478,0.48484416220386584
5-12A,12.0,115.0764,-0.4080594140309792,0.4710770148208881
5-12A,12.0,116.0354,0.11959933978804195,0.34187016474182796
5-12A,12.0,116.0717,0.3393728346223528,0.026572913735161453
5-12A,12.0,117.0194,0.30933259496300625,0.031547622710987745
5-12A,12.0,118.0508,0.26649661560495524,0.2032414611799842
5-12A,12.0,118.9804,-0.8698979990786291,0.05248186768640819
5-12A,12.0,119.0503,-1.3692753088620453,0.11869568715856195
5-12A,12.0,120.9273,-0.47498024058610716,0.08835591719578129
5-12A,12.0,121.0295,-0.7207563667922008,0.3855725807145172
5-12A,12.0,121.0409,-0.7759532061676468,0.39565819944497976
5-12A,12.0,122.0248,-0.5328798519611635,0.31834035121562815
5-12A,12.0,124.0075,-0.6494372949073646,0.04193352268603047
5-12A,12.0,124.0144,-0.8369308306975729,0.06250460133286394
5-12A,12.0,125.0439,-0.6576618135343121,0.23719503038262452
5-12A,12.0,127.0764,-0.8984592314561065,0.3271914256562814
5-12A,12.0,128.0354,5.872211682844576,0.10510944174119918
5-12A,12.0,129.0193,0.8713573387759517,0.10226103413156655
5-12A,12.0,129.0556,0.6768629882429349,0.5768814843258365
5-12A,12.0,130.0142,1.4313044874772018,0.09111641771819359
5-12A,12.0,130.0509,1.2626530485075302,0.07574107029911564
5-12A,12.0,130.0874,1.0395268719630466,0.07706753686274848
5-12A,12.0,131.0008,-0.5228253566569772,0.22191584760713987
5-12A,12.0,131.0123,0.4170311385324734,0.06898129821030839
5-12A,12.0,131.035,-0.9625378030147074,0.10692695092570773
5-12A,12.0,131.0462,-0.9504436880963888,0.04603268247934744
5-12A,12.0,131.0828,-0.6084492299447272,0.15546446669784203
5-12A,12.0,132.0302,1.4909565236424238,0.044756360915574875
5-12A,12.0,133.0142,-0.2354556369966,0.10876127610631652
5-12A,12.0,133.0257,-0.22881019552802323,0.06661371365310656
5-12A,12.0,133.0505,1.1268718231461339,0.05954306246855967
5-12A,12.0,134.0472,1.9957763457251594,0.2075613006197192
5-12A,12.0,134.0604,0.47539315755831885,0.19276691625269823
5-12A,12.0,135.0302,-0.2015424819920274,0.059156356628760044
5-12A,12.0,135.0453,0.6506662335387619,0.16706097322624092
5-12A,12.0,136.0404,-0.03316032926859356,0.07681359264698523
5-12A,12.0,136.0487,0.9789380949163451,0.36542581319478246
5-12A,12.0,136.0767,-0.5474943900159155,0.42098728553839126
5-12A,12.0,137.0239,0.10178866140031446,0.08921571599076969
5-12A,12.0,138.9789,0.42792920121600553,0.14873500777823376
5-12A,12.0,139.0014,1.0222394540119846,0.028740027874455554
5-12A,12.0,139.0067,-0.7702451615451927,0.02462107732138158
5-12A,12.0,139.976,0.9253176338873095,0.43830707715347594
5-12A,12.0,143.0713,-0.6655981223103405,0.47883954062643697
5-12A,12.0,143.1077,-0.37596632187202783,0.30012147398840683
5-12A,12.0,145.0141,-0.38744752603208177,0.11985324227993839
5-12A,12.0,145.0506,0.9948677570285898,0.049180984644728185
5-12A,12.0,145.0623,-0.08354063089243895,0.33157339200945585
5-12A,12.0,145.0982,-0.7254617786194913,0.1419583067649454
5-12A,12.0,145.1106,-0.7609034731808629,0.43659757075222105
5-12A,12.0,146.0459,-0.3481905489918383,0.015278308695720893
5-12A,12.0,147.0298,0.611723227191179,0.07228327268655572
5-12A,12.0,147.0662,1.499933587513915,0.07430555457496768
5-12A,12.0,149.0092,-0.6455382908527579,0.49587657273939406
5-12A,12.0,149.0456,-0.006656709895424162,0.16014067191829873
5-12A,12.0,149.0608,-0.21441310004712508,0.44018218762409256
5-12A,12.0,150.0422,0.8955783173556371,0.5309635762593882
5-12A,12.0,150.9707,-0.025008277452249685,0.28255068070172734
5-12A,12.0,151.0259,-0.5370896294533299,0.03704664980271429
5-12A,12.0,151.04,0.13103137732481654,0.6013729958806705
5-12A,12.0,151.06,-0.15579665537293985,0.7199017369388703
5-12A,12.0,152.0353,0.3506678736213722,0.2505472190407639
5-12A,12.0,152.0716,-0.6884982172635928,0.2660896208490981
5-12A,12.0,153.0192,-0.7833546751670167,0.08542104794492128
5-12A,12.0,154.062,-0.5220180976144506,0.09580607696507226
5-12A,12.0,154.9751,0.10483472162801505,0.07155427824092661
5-12A,12.0,155.0099,0.4896253413928435,0.03130294961163358
5-12A,12.0,157.0128,0.3124719168736444,0.06906265743661491
5-12A,12.0,157.0255,2.0905378419637035,0.10738794309604094
5-12A,12.0,157.0379,2.0267967523657973,0.15166942636679182
5-12A,12.0,157.0504,1.0207053039485139,0.029720231346398222
5-12A,12.0,159.0297,-0.6092470187487524,0.1641457098782138
5-12A,12.0,159.0775,0.8985954651811328,0.07679931096659055
5-12A,12.0,160.0616,0.8364625538520201,0.308516934493378
5-12A,12.0,161.0453,-1.0768975448293165,0.037772423155481794
5-12A,12.0,162.0424,-0.1297805546884962,0.17442687442968746
5-12A,12.0,163.0351,-0.8721579450634318,0.11967766492885194
5-12A,12.0,163.0398,1.5586034621061349,0.2793498207378093
5-12A,12.0,163.0611,0.466559959649998,0.9616213030667131
5-12A,12.0,164.0716,-0.601597800675949,0.0492059125098901
5-12A,12.0,165.03,-1.2576712030458574,0.39289968663242236
5-12A,12.0,165.0405,-0.39363128102473344,0.5011668016267652
5-12A,12.0,165.0556,-0.7291926453528228,0.14215012511238162
5-12A,12.0,166.0508,1.0696412051213562,0.2948260936336444
5-12A,12.0,166.0632,0.4383605642007895,0.4183500350618998
5-12A,12.0,166.9759,-0.02505363878144187,0.22962235135883216
5-12A,12.0,167.0207,-0.5749165804152885,0.07604226704388657
5-12A,12.0,167.0358,-0.3789633658570949,0.42398239983260255
5-12A,12.0,167.0828,-1.1259286005409097,0.43890635676877876
5-12A,12.0,168.0277,-0.4663740717760252,0.04416000292140114
5-12A,12.0,168.0664,-1.160613979475222,0.3878718082438563
5-12A,12.0,170.0455,0.20966473601196697,0.06439576563231254
5-12A,12.0,171.0065,0.8263083048694249,0.119785052307599
5-12A,12.0,171.0092,1.1056422465001021,0.22204333892476788
5-12A,12.0,171.0284,0.34737648044137703,0.07364057075735295
5-12A,12.0,172.0616,2.468241486726545,0.28392863980127997
5-12A,12.0,172.962,-0.26095698548356194,0.062297552865237756
5-12A,12.0,173.0089,0.5460425177728412,0.14272960618282063
5-12A,12.0,173.0453,0.6140223967783909,0.44146010920121287
5-12A,12.0,173.0932,0.5196074521833548,0.15639162116294084
5-12A,12.0,173.1041,-0.47635669938633307,1.622343692753096
5-12A,12.0,174.0407,1.2857973655327868,0.04191048146893022
5-12A,12.0,174.088,0.8755798770580219,0.02558784214627588
5-12A,12.0,175.022,0.271821114699677,0.1591654382102831
5-12A,12.0,175.0361,1.5307172613726516,0.056415307449581405
5-12A,12.0,175.0611,0.8350486538954769,0.05394661263848744
5-12A,12.0,176.0776,0.5113699562535278,0.1055892232086586
5-12A,12.0,177.0402,-0.6873456807017932,0.35380213442620184
5-12A,12.0,177.0553,-0.9618376605163796,0.43300037487851883
5-12A,12.0,178.0509,1.9727113512814762,0.12244528845768128
5-12A,12.0,179.0348,2.4868291184377407,0.26852856673378256
5-12A,12.0,179.0561,-0.6721191788064396,0.03252882093472381
5-12A,12.0,180.0663,-0.737893712618116,0.06682875306900264
5-12A,12.0,181.0505,-0.06648280863056635,0.16020797496627073
5-12A,12.0,182.9725,-0.883625510688758,0.2169021319110657
5-12A,12.0,183.0661,-1.0010953468927013,0.3607886356674839
5-12A,12.0,184.0017,-0.4379388258784908,0.06413427727905598
5-12A,12.0,184.9856,-0.5360408711551488,0.09219402709670427
5-12A,12.0,186.1136,-0.9612152069459083,0.8152523599931416
5-12A,12.0,187.0234,0.8388426343306832,0.26769940642341683
5-12A,12.0,188.035,-0.09281140472043713,0.43281075077302444
5-12A,12.0,188.0565,0.4493383199334668,0.041911342613833474
5-12A,12.0,189.0405,-0.6663234045414131,0.07353796106724614
5-12A,12.0,191.0197,1.224680615437848,0.15125219756477795
5-12A,12.0,191.0561,0.7666025480674932,0.12188452218054428
5-12A,12.0,192.0663,-1.2619641804111716,0.5739254135769607
5-12A,12.0,193.0349,0.048498138409485234,0.5980066284313474
5-12A,12.0,194.0682,2.0935758425444466,0.18238506516622083
5-12A,12.0,194.0822,-0.5340718391914558,0.5607300865076736
5-12A,12.0,195.0509,-0.678013145464111,0.059564612467692596
5-12A,12.0,195.0657,0.4868523421682065,0.4029419489363417
5-12A,12.0,196.0603,1.3339380825349598,0.23659751323146755
5-12A,12.0,198.0182,0.16397226770262968,0.47350379822230393
5-12A,12.0,199.0019,-0.2551080831671201,0.14108400524341802
5-12A,12.0,200.9937,-0.30762728158192165,0.24064524223256517
5-12A,12.0,201.0051,0.35357625614107235,0.12546893403389153
5-12A,12.0,203.0348,0.24089838815088746,0.1765352950778982
5-12A,12.0,203.0826,-0.10075033018780968,0.004377473352403209
5-12A,12.0,204.0498,-0.2645072502221292,0.2595137489434445
5-12A,12.0,205.0351,-0.28891357941584883,0.06566607565701767
5-12A,12.0,206.0822,-0.6610876005201044,0.4866119320530033
5-12A,12.0,209.0292,-0.2956642892400715,0.2693371703216051
5-12A,12.0,209.0814,-0.7061563595302471,0.3607819415694839
5-12A,12.0,211.0235,-0.2515158799892292,0.3114591814274536
5-12A,12.0,211.9968,0.8577648414603392,0.05422798091411309
5-12A,12.0,212.0331,-0.07721591535776781,0.3518645756832533
5-12A,12.0,212.9807,-0.313657883484138,0.0960809237816861
5-12A,12.0,213.014,0.22288058577930991,0.28210753299914965
5-12A,12.0,213.0384,-0.30508002346480445,0.2253195508292141
5-12A,12.0,213.1252,-0.16570333681220636,0.9980226216994688
5-12A,12.0,214.0488,-0.746126340241489,0.8112942755583255
5-12A,12.0,215.0331,-0.7208070871726585,0.0318010011076128
5-12A,12.0,216.1351,-0.6308015023299872,0.24491279255267423
5-12A,12.0,218.0335,-0.7851899762197059,0.018095095521831434
5-12A,12.0,218.1034,2.4519078810208392,0.048256837777454424
5-12A,12.0,220.0828,-1.010279550023154,0.4510989080661829
5-12A,12.0,221.0443,-0.8380969429466014,0.08759937354631532
5-12A,12.0,221.0664,-0.010830746566714664,0.2730378771042343
5-12A,12.0,225.0399,0.2962548796523111,0.5244622563315271
5-12A,12.0,225.0861,0.07660521650808103,0.5543106623580457
5-12A,12.0,225.0901,0.028711680725834077,1.375197778954978
5-12A,12.0,226.0135,2.885312459473397,0.4226892243396773
5-12A,12.0,226.0697,-0.5488284599298417,0.09064007415945699
5-12A,12.0,228.0501,-0.3324318636878676,0.3593121727695247
5-12A,12.0,229.0122,0.5628340278951377,0.18571795354407902
5-12A,12.0,237.0614,1.5391811778944409,0.3698669142204059
5-12A,12.0,238.0945,-0.5436507869706841,0.29561827013983144
5-12A,12.0,240.0515,1.201336995940692,0.07746529427819432
5-12A,12.0,241.0844,-0.13894381164342937,0.6617342088397997
5-12A,12.0,242.0804,-1.0089347664716792,0.4382603702403788
5-12A,12.0,243.029,0.451152164401663,0.4906123980258158
5-12A,12.0,243.0625,2.6202758518075218,0.6135626653912439
5-12A,12.0,245.0444,0.36484679582392815,0.21303686656721865
5-12A,12.0,246.0198,0.19987528860525003,0.44903877265134456
5-12A,12.0,246.064,-0.6506244194814053,0.16690368444437026
5-12A,12.0,251.0816,-0.5807414788278059,0.41861942496491433
5-12A,12.0,253.0119,-0.026504072753363025,0.08346557591549593
5-12A,12.0,253.0499,-0.05740179858430619,0.47910607793281557
5-12A,12.0,257.0072,0.01227383275929337,0.14735675038002374
5-12A,12.0,257.1028,-1.1382674653997205,0.16894486115598378
5-12A,12.0,259.005,0.0031244062336586477,0.30054195565136776
5-12A,12.0,259.0227,-0.5642133925496131,0.07498056521172546
5-12A,12.0,261.0385,0.3941209181934119,0.09267489601972233
5-12A,12.0,266.0703,0.2318982175857206,0.3003293549343717
5-12A,12.0,267.0724,-0.4748077811391792,0.011991987219428922
5-12A,12.0,268.02,0.8180685728748546,0.4985052574195065
5-12A,12.0,269.0398,1.234719388734547,0.2615371180887262
5-12A,12.0,271.0612,-0.02331606200624156,0.48386055252936605
5-12A,12.0,271.0815,-0.6763054389330868,0.9957860168608116
5-12A,12.0,273.0021,-0.01729156496524619,0.11987128691350915
5-12A,12.0,274.0933,1.4813657390188015,0.25058720999378326
5-12A,12.0,275.0184,0.0011945807719405052,0.4012082907053763
5-12A,12.0,275.0991,1.9423750053392497,0.5559663570849684
5-12A,12.0,277.1207,-0.9590088885360137,0.0048809321116018295
5-12A,12.0,277.2169,-0.5472139149587893,0.2140502936717793
5-12A,12.0,279.2331,-0.3204604121044652,0.025401076724302498
5-12A,12.0,282.0839,-0.21622087231663603,0.3852482769909564
5-12A,12.0,283.2063,-0.5381752749558573,0.3304502843923565
5-12A,12.0,285.0972,-0.361043884213658,1.2235916085737757
5-12A,12.0,287.0157,-0.5365685157144431,0.2592585663588369
5-12A,12.0,288.0725,0.3179573661061922,0.22960779046346155
5-12A,12.0,289.0333,0.6703280524321382,0.680833658773467
5-12A,12.0,289.1044,1.0543779748549458,0.40453043770784985
5-12A,12.0,290.9677,-0.1365332977021267,0.07651484819731494
5-12A,12.0,294.0479,0.3142594520725392,0.15321619586998245
5-12A,12.0,300.0509,1.0416042221365212,0.7334321626714303
5-12A,12.0,301.0333,-0.04293866465504548,0.9709337951081385
5-12A,12.0,303.2326,-0.3909353937198987,0.21558011838801142
5-12A,12.0,305.0207,-0.5369789998300992,0.12221993701169755
5-12A,12.0,306.0481,2.112452999167698,0.2945505133032292
5-12A,12.0,306.0765,-0.2232273965519194,0.0314122328077248
5-12A,12.0,308.0986,1.6517177750458139,0.17218548810675915
5-12A,12.0,313.0441,0.5313651194950586,0.13684635908193077
5-12A,12.0,313.1037,0.9209503223541265,0.10404831585846096
5-12A,12.0,317.026,-0.297045620791894,0.324313738920995
5-12A,12.0,323.0256,0.18561196233816235,0.5943103799683838
5-12A,12.0,325.1163,0.39200163567810126,0.40682498729724237
5-12A,12.0,328.0457,2.062086971313504,0.49331421767986755
5-12A,12.0,333.0589,0.7018159552086191,0.17850029257700126
5-12A,12.0,338.9884,0.8459465274479839,0.7547966311571292
5-12A,12.0,339.0928,0.0007087885073629105,0.3115554454529487
5-12A,12.0,341.1089,-0.26536856890080746,0.0346727391502055
5-12A,12.0,344.0393,2.1827816462229,0.36348794306797827
5-12A,12.0,346.0556,-0.0707751744218973,0.22887456777875304
5-12A,12.0,348.087,1.8632058578684583,0.1605152549665483
5-12A,12.0,353.0489,1.292239551121437,0.9805047654252343
5-12A,12.0,357.089,1.112141783128742,0.45869937880244765
5-12A,12.0,375.131,2.3185688900930304,0.27662725971323027
5-12A,12.0,377.1496,-0.43673421257231443,0.6713686113172516
5-12A,12.0,383.1188,-0.2502466322016922,0.49842980231681205
5-12A,12.0,388.9416,-0.168417178515082,0.22475603984348064
5-12A,12.0,388.9442,-0.7318755839609465,0.17717993139646493
5-12A,12.0,401.0756,-0.9893335140671831,0.014460645499153515
5-12A,12.0,407.2795,-0.7366947315630383,0.2196219992777812
5-12A,12.0,421.0743,-0.728902390878718,0.5233233438625021
5-12A,12.0,426.0222,0.19398704313130744,0.6033550822652658
5-12A,12.0,442.9997,-0.23688331790448564,0.2881314890137169
5-12A,12.0,466.9657,-0.5717539870732958,0.21076655278365664
5-12A,12.0,490.9787,-1.0192923924586081,1.0531914184016684
5-12A,12.0,503.1614,-0.15484021472507944,0.23500212358550449
5-12A,12.0,547.0731,0.48621988863857,0.2137856656062295
5-12A,12.0,565.0471,-0.05397216925154812,0.15538582627964742
5-12A,12.0,578.8872,-0.9263614618757601,0.05804239169840678
5-12A,12.0,579.0269,-0.9031283479497811,0.06781855621049344
5-12A,12.0,612.2549,-0.03295092436546289,0.06040045360027223
5-12A,12.0,624.2949,1.5842857999338875,0.37992977114491533
5-12A,12.0,659.307,-0.20274887618439374,0.03009028256060139
5-12A,12.0,664.0939,0.2575779987393761,0.2764192054360364
5-12A,12.0,665.2144,1.2046208823388926,0.2661700398854479
5-12A,12.0,668.1374,2.22769803626214,0.0990824708924569
5-12A,12.0,787.255,0.1117351503669581,0.23114779506406416
5-12A,12.0,790.2568,-0.11973601735042697,0.2757135395403916
5-12A,12.0,835.0407,1.2502710232647434,0.4091939333147488
5-12A,12.0,863.2971,0.20832606163610767,0.07658797634914258
5-12A,12.0,864.1473,-0.33711873224017075,0.4632644331496892
5-12A,12.0,974.2935,2.6138327007126714,0.350481865418885
5-12A,12.0,976.7162,-0.7527945170340118,0.06979350434430918
5-12B,1.0,57.0342,0.6426192678621605,0.2443189950105866
5-12B,1.0,58.0295,-1.123466028716108,0.12002046172748809
5-12B,1.0,59.0135,1.4798066842777655,0.08742834433980337
5-12B,1.0,71.0137,1.2971987824859705,0.09572381481033387
5-12B,1.0,73.0293,-0.9658504397504252,0.009187463536179033
5-12B,1.0,74.0247,-0.8032806280038844,0.2976947842307946
5-12B,1.0,75.0087,-0.7461272846797148,0.15089624371015817
5-12B,1.0,87.0088,-0.6987212543653647,0.00889326193376463
5-12B,1.0,87.0451,-0.4442558035995215,0.0917776154111584
5-12B,1.0,88.0403,-0.9382971942885799,0.005175064345857259
5-12B,1.0,88.9883,-0.10371611259019237,0.6009550979410663
5-12B,1.0,89.0244,-0.5043517228249703,0.05028228278631515
5-12B,1.0,93.0338,-0.0907818275253943,0.007052791384231952
5-12B,1.0,94.9761,-0.9431062265511128,0.4396964569553942
5-12B,1.0,94.9806,0.5902863777120327,0.3285241494826953
5-12B,1.0,95.0139,0.9486230544555041,0.3254191568085435
5-12B,1.0,101.0242,0.6919142180364439,0.18180074459471757
5-12B,1.0,102.056,-0.574832260605697,0.03637095234914284
5-12B,1.0,103.0402,-1.012581956228841,0.028979225176658203
5-12B,1.0,103.0509,-1.0105485782190193,0.05994392599255594
5-12B,1.0,104.0352,0.9776155123452837,0.3739159639086094
5-12B,1.0,105.0193,-1.7972662791386416,0.30942897994208945
5-12B,1.0,107.0503,-0.4688509057172263,0.4316403708707637
5-12B,1.0,109.0295,-1.3062707603841683,0.06329143278143688
5-12B,1.0,111.02,-1.2223878920986802,0.0026471795437942717
5-12B,1.0,112.0516,-0.37342407408384704,0.2337822559958742
5-12B,1.0,113.0244,1.0607740720441377,0.061296557587506274
5-12B,1.0,113.0357,-1.104452811474987,0.009317766173878982
5-12B,1.0,114.056,-0.2379328286631225,0.002293691740987421
5-12B,1.0,115.0037,-0.9036814342952522,0.0120487814659294
5-12B,1.0,115.0402,-1.0223968676723494,0.4476821032865958
5-12B,1.0,115.0764,0.4111302855014184,0.4617685277311629
5-12B,1.0,116.0354,-1.0441224707087444,0.08832657255498688
5-12B,1.0,116.0717,-0.7376041607400385,0.021982792840218136
5-12B,1.0,117.0194,-0.9427323489977015,0.0012230063627267133
5-12B,1.0,118.0508,-0.9503366383075936,0.0883922528850525
5-12B,1.0,118.9804,1.2515736054682751,0.11285702840196267
5-12B,1.0,119.0503,-0.37319192346773633,0.31094234364156004
5-12B,1.0,120.9273,-0.24042478828383695,0.3995002150845925
5-12B,1.0,121.0295,0.9457921413128145,0.2798093702501517
5-12B,1.0,121.0409,0.522460823683683,0.2388923743692279
5-12B,1.0,122.0248,-2.1475324830450915,0.04222241549254677
5-12B,1.0,124.0075,-0.112366398792662,0.04634210155025373
5-12B,1.0,124.0144,-0.6663870958568511,0.12479788746984766
5-12B,1.0,125.0439,-1.9881566936829334,0.07699167109892076
5-12B,1.0,127.0764,0.8724064927486259,0.4920327360200014
5-12B,1.0,128.0354,0.5726911696169552,0.018918215589057423
5-12B,1.0,129.0193,-1.4514989835317706,0.020430802049738173
5-12B,1.0,129.0556,1.3740212815356476,0.6037738735249423
5-12B,1.0,130.0142,-0.9742435462810859,0.16430286963357277
5-12B,1.0,130.0509,-1.0729680494786171,0.01332488124299078
5-12B,1.0,130.0874,-0.5217910092212814,0.056474029362647296
5-12B,1.0,131.0008,-0.9805888417305235,0.1355110705953792
5-12B,1.0,131.0123,-0.7310572231512356,0.04280523770219215
5-12B,1.0,131.035,-0.6064133702987823,0.03348592850610195
5-12B,1.0,131.0462,-0.3414770567089639,0.09686716920754926
5-12B,1.0,131.0828,1.0523504101532244,0.05670719260878092
5-12B,1.0,132.0302,-1.2061921483646953,0.007296305786415803
5-12B,1.0,133.0142,-0.54448497313477,0.027258262625445482
5-12B,1.0,133.0257,-0.594300346447056,0.03514786416753136
5-12B,1.0,133.0505,-1.3786495751020118,0.0068252246488875
5-12B,1.0,134.0472,-0.8047725575792786,0.2252053843193365
5-12B,1.0,134.0604,-1.3438868702005609,0.3140943370189029
5-12B,1.0,135.0302,-0.6819882912628982,0.083429033514857
5-12B,1.0,135.0453,-1.7865639278250953,0.0571148590164211
5-12B,1.0,136.0404,-0.5847276271064448,0.03499561308513735
5-12B,1.0,136.0487,-1.7660644851354335,0.13555496221913646
5-12B,1.0,136.0767,-0.1345037064893467,0.6731652695946757
5-12B,1.0,137.0239,-0.23242352565128932,0.218349030014938
5-12B,1.0,138.9789,-0.5678079552873145,0.22938679983956126
5-12B,1.0,139.0014,-0.3909109065082124,0.018315433974547032
5-12B,1.0,139.0067,-0.6557898856210351,0.023055282532273586
5-12B,1.0,139.976,-0.7090188510150832,0.47397014662673836
5-12B,1.0,143.0713,2.054102046930975,0.226887652621635
5-12B,1.0,143.1077,0.48880047655513936,0.33959388094492865
5-12B,1.0,145.0141,-0.23050232342018878,0.05181887541567168
5-12B,1.0,145.0506,-0.46352944507502736,0.2256198302515299
5-12B,1.0,145.0623,0.42538002910668793,0.42414292793134745
5-12B,1.0,145.0982,1.5692245317513214,0.15300269917825962
5-12B,1.0,145.1106,0.9449180097696761,1.1350288581373242
5-12B,1.0,146.0459,-0.488287399552486,0.003507495424999919
5-12B,1.0,147.0298,-1.0007291304165804,0.0029736694286711675
5-12B,1.0,147.0662,-1.479348078665836,0.0068810178697576154
5-12B,1.0,149.0092,0.4791134205371819,0.8284654062793394
5-12B,1.0,149.0456,0.049786074713781,0.1714683789375676
5-12B,1.0,149.0608,-0.2536268287122928,0.1942782754471051
5-12B,1.0,150.0422,0.05796233514513538,0.3585527421731374
5-12B,1.0,150.9707,-0.8477626317782199,1.1563636163602644
5-12B,1.0,151.0259,-0.4693575893944926,0.0425573966836848
5-12B,1.0,151.04,-1.7287820767162037,0.24655283436181394
5-12B,1.0,151.06,-1.2015537491755466,0.3263198444183845
5-12B,1.0,152.0353,-0.17070326159875607,0.4119552561088143
5-12B,1.0,152.0716,1.4886897889868014,0.2873347092613763
5-12B,1.0,153.0192,0.041467977381380104,0.062113085888759634
5-12B,1.0,154.062,1.1366237098337262,0.3320887727179786
5-12B,1.0,154.9751,-0.9396399194908477,0.024293813702594886
5-12B,1.0,155.0099,-1.1909054610987146,0.0020569016695464993
5-12B,1.0,157.0128,-1.0559417362022687,0.019163547634105018
5-12B,1.0,157.0255,-1.3579969760954294,0.0009990188594633628
5-12B,1.0,157.0379,-1.3915501207449745,0.02416407472217787
5-12B,1.0,157.0504,-1.2018364662564645,0.037645264905195555
5-12B,1.0,159.0297,-1.6186246445291674,0.11464152797500148
5-12B,1.0,159.0775,-1.2170406235870235,0.017913922849541318
5-12B,1.0,160.0616,-1.6514802004635545,0.25771460861088524
5-12B,1.0,161.0453,-1.474229810682039,0.14614140170801002
5-12B,1.0,162.0424,-1.6599356268664411,0.025371078965988905
5-12B,1.0,163.0351,-0.9719681102346396,0.05542043936121318
5-12B,1.0,163.0398,-0.010719442585777351,0.04854709551182143
5-12B,1.0,163.0611,-0.6716983815055656,0.761712312183342
5-12B,1.0,164.0716,-0.03273807084049152,0.0614862639834094
5-12B,1.0,165.03,1.7775817963793716,0.8546237371349757
5-12B,1.0,165.0405,-0.8732813797000569,0.24912334850577572
5-12B,1.0,165.0556,-0.8813601196039811,0.12360351827157075
5-12B,1.0,166.0508,-1.9269329279161553,0.18650575269425837
5-12B,1.0,166.0632,-0.6337454342637276,0.4649304407687472
5-12B,1.0,166.9759,-1.2406122184028014,0.29899073508145685
5-12B,1.0,167.0207,0.11889128078603678,0.38149061024442577
5-12B,1.0,167.0358,-0.8981489748555802,0.5563984807437719
5-12B,1.0,167.0828,-0.12335857971506492,0.7434068810298425
5-12B,1.0,168.0277,-0.4436542253903186,0.03134735903128252
5-12B,1.0,168.0664,-1.293018902459571,0.16254265172477847
5-12B,1.0,170.0455,-0.857758472069933,0.015472196351928725
5-12B,1.0,171.0065,-1.12366740245903,0.10441928603637529
5-12B,1.0,171.0092,-1.0822486016144846,0.18177839807018453
5-12B,1.0,171.0284,-0.9050846537475604,0.014657518003121435
5-12B,1.0,172.0616,-1.656499495603716,0.04264747563837455
5-12B,1.0,172.962,-0.5610879143751892,0.10217402499979505
5-12B,1.0,173.0089,-0.8566708142813437,0.08854784296577398
5-12B,1.0,173.0453,-0.6880447576428035,0.0987010825342426
5-12B,1.0,173.0932,-0.7119700973140407,0.014359762920705961
5-12B,1.0,173.1041,0.8238564697103731,0.14637963043156396
5-12B,1.0,174.0407,-1.0021575306909343,0.001320191053888769
5-12B,1.0,174.088,-0.2329209794479906,0.250917031214864
5-12B,1.0,175.022,-0.9169239198060464,0.1466305865854931
5-12B,1.0,175.0361,-1.2545882317389545,0.004666732272634613
5-12B,1.0,175.0611,-1.2673674479452708,0.007910145522734986
5-12B,1.0,176.0776,-1.2733181756786154,0.08995623605072446
5-12B,1.0,177.0402,-2.1762158687494937,0.38950241451305717
5-12B,1.0,177.0553,-1.4477931943446989,0.23892179332125857
5-12B,1.0,178.0509,-1.137264484562388,0.016522996792890328
5-12B,1.0,179.0348,-1.8351113842805908,0.14935350774165734
5-12B,1.0,179.0561,0.5953104550371229,0.09097564963933723
5-12B,1.0,180.0663,0.6400493810971609,0.08805134172237963
5-12B,1.0,181.0505,-1.1287933173358597,0.7381393749920567
5-12B,1.0,182.9725,1.5372239919485833,0.22154530284818644
5-12B,1.0,183.0661,-0.28516915545411553,0.4686151249446377
5-12B,1.0,184.0017,-0.42784880163260036,0.03188610413656336
5-12B,1.0,184.9856,-0.9082641320080542,0.06326422659142589
5-12B,1.0,186.1136,1.6021954154959008,0.21614063531011946
5-12B,1.0,187.0234,-0.763236170996632,0.16931626393976684
5-12B,1.0,188.035,-0.9831078518404167,0.6242070830457279
5-12B,1.0,188.0565,-1.1377532601291942,0.006790873002052017
5-12B,1.0,189.0405,1.2283256609340794,0.2590296733418365
5-12B,1.0,191.0197,1.1161103181103573,0.40024714031163977
5-12B,1.0,191.0561,-0.9010385494663135,0.04995549418921792
5-12B,1.0,192.0663,-1.8386084076126907,0.21627648816574752
5-12B,1.0,193.0349,-0.1366482638435486,0.6882809138144317
5-12B,1.0,194.0682,-1.1216199057430425,0.09013968537594647
5-12B,1.0,194.0822,-0.853375298476392,0.6423361636405694
5-12B,1.0,195.0509,-0.2139520655382922,0.10395297611897578
5-12B,1.0,195.0657,-1.4781169755520778,0.2517829084900838
5-12B,1.0,196.0603,-1.5028800243148468,0.06445317234713153
5-12B,1.0,198.0182,-0.6109790050692275,0.4142318155599313
5-12B,1.0,199.0019,-1.0091002490526657,0.14160709768466279
5-12B,1.0,200.9937,0.6060406875817079,0.5770293508933048
5-12B,1.0,201.0051,-1.5062214020160227,0.17226724883586067
5-12B,1.0,203.0348,-0.2652860090221936,0.15433203923204322
5-12B,1.0,203.0826,-0.05371243561161715,0.054081004320797585
5-12B,1.0,204.0498,0.16308563164097772,0.3905533728055759
5-12B,1.0,205.0351,-1.10837494682277,0.13460873144348687
5-12B,1.0,206.0822,-1.73484200631669,0.18836046280559673
5-12B,1.0,209.0292,-0.4461482256610874,0.10208230658827804
5-12B,1.0,209.0814,1.0392944014669516,0.45432262465514067
5-12B,1.0,211.0235,-0.3304800061743895,0.22472556674876737
5-12B,1.0,211.9968,-1.0826609014710193,0.0222465583818832
5-12B,1.0,212.0331,-0.3224633288849599,0.33507633681242166
5-12B,1.0,212.9807,-0.6118791879107701,0.046445527069072595
5-12B,1.0,213.014,-0.8994419105632407,0.19365388094890218
5-12B,1.0,213.0384,-0.6394126387359945,0.10334427358998603
5-12B,1.0,213.1252,1.0854672148301627,0.5226478903921101
5-12B,1.0,214.0488,-0.590575392700035,0.319426185597183
5-12B,1.0,215.0331,1.0161695351967435,0.08541950917875747
5-12B,1.0,216.1351,1.1364051559480217,0.14381051037653708
5-12B,1.0,218.0335,1.4555085477873773,0.1492044176443183
5-12B,1.0,218.1034,-1.2216875952713084,0.018820152230921025
5-12B,1.0,220.0828,0.4205375739046815,0.6027045563047155
5-12B,1.0,221.0443,1.6183963219043542,0.08521667866138333
5-12B,1.0,221.0664,0.1573214260337654,0.2824796009103598
5-12B,1.0,225.0399,-0.4795123879216915,0.31887326587461623
5-12B,1.0,225.0861,0.007499962648175328,0.2659882077642248
5-12B,1.0,225.0901,0.12298974593741448,0.2379944910388759
5-12B,1.0,226.0135,-1.3397761460901987,0.17398392534094875
5-12B,1.0,226.0697,-0.013853386930168292,0.1557792955329044
5-12B,1.0,228.0501,-0.542807284320928,0.126012377991836
5-12B,1.0,229.0122,-0.8766659038689656,0.04616391948847471
5-12B,1.0,237.0614,-1.4875975728290682,0.09768055341285868
5-12B,1.0,238.0945,0.789965792975574,0.11295790518445238
5-12B,1.0,240.0515,-1.4416469054118173,0.009639220003496195
5-12B,1.0,241.0844,-0.8859721414086588,0.39878647707624804
5-12B,1.0,242.0804,1.16670481402348,0.7835711018231105
5-12B,1.0,243.029,-1.1120747399383817,0.313679600965903
5-12B,1.0,243.0625,-0.40706462250903985,0.2882273557567372
5-12B,1.0,245.0444,-1.1461484858412303,0.1855189075583365
5-12B,1.0,246.0198,-1.536522437690908,0.2804350729657275
5-12B,1.0,246.064,1.034822684427451,0.3822505384547923
5-12B,1.0,251.0816,-0.3061517886184021,0.4464902739779358
5-12B,1.0,253.0119,-0.33333369906652144,0.009956814754494324
5-12B,1.0,253.0499,-0.15949448565376514,0.1463298455362326
5-12B,1.0,257.0072,-0.6967102848006614,0.32610486377235304
5-12B,1.0,257.1028,1.011059361640493,0.7543366669136438
5-12B,1.0,259.005,-0.25878769358525344,0.6432857602835906
5-12B,1.0,259.0227,0.186701234930659,0.04542478480022428
5-12B,1.0,261.0385,-0.30956083544363916,0.05304773115228013
5-12B,1.0,266.0703,-0.9456610661875762,0.028271682382075256
5-12B,1.0,267.0724,-0.6926163926587597,0.02833836081919485
5-12B,1.0,268.02,-0.4905604046920681,0.2596179555919165
5-12B,1.0,269.0398,-0.6090376756856675,0.19143241905058106
5-12B,1.0,271.0612,-0.31681786106993765,0.3692571780250367
5-12B,1.0,271.0815,1.380779891081822,0.8424656707593172
5-12B,1.0,273.0021,-0.855473488448534,0.15440497719088012
5-12B,1.0,274.0933,-1.2963732515098458,0.08892934855647146
5-12B,1.0,275.0184,-0.5759593329907771,0.31358744597104926
5-12B,1.0,275.0991,-0.5383825348957947,0.14885470517907168
5-12B,1.0,277.1207,0.7195782385727936,0.09377718172143175
5-12B,1.0,277.2169,1.6059312917910848,0.2673218712021845
5-12B,1.0,279.2331,1.331440392392389,0.06443899882799213
5-12B,1.0,282.0839,1.4683916285834049,0.4954461393823524
5-12B,1.0,283.2063,1.2285867640703465,0.08655411028635975
5-12B,1.0,285.0972,1.2074555827526037,0.8012425423581138
5-12B,1.0,287.0157,1.3138364400180804,0.46380010565025886
5-12B,1.0,288.0725,-0.805582712293379,0.05527519880427979
5-12B,1.0,289.0333,0.559430549802487,0.6889103135366204
5-12B,1.0,289.1044,-1.221244094106373,0.20512757168392656
5-12B,1.0,290.9677,-0.409028284243349,0.10036624726164202
5-12B,1.0,294.0479,0.0372517174435965,1.1189286145981723
5-12B,1.0,300.0509,0.746090274784514,0.8406238051872256
5-12B,1.0,301.0333,1.4909528219795307,0.6179153623734822
5-12B,1.0,303.2326,-0.7071758471400349,0.11256999917513438
5-12B,1.0,305.0207,1.3057345920016128,0.138106383608806
5-12B,1.0,306.0481,-1.1364726293549512,0.10093519923223236
5-12B,1.0,306.0765,-0.31662139478632056,0.025357904772031047
5-12B,1.0,308.0986,0.9713437289799394,0.05735612636552658
5-12B,1.0,313.0441,-0.5783727337279579,0.2604330214686999
5-12B,1.0,313.1037,-0.7166364874511599,0.7184409405072226
5-12B,1.0,317.026,7.460428334756065,2.0557131447347685
5-12B,1.0,323.0256,-0.7943499110513006,0.5763258010952309
5-12B,1.0,325.1163,-0.4336491718042858,0.16420748672763721
5-12B,1.0,328.0457,-0.9344899780049662,0.10363633632529781
5-12B,1.0,333.0589,-1.0696725587678262,0.41050729026159843
5-12B,1.0,338.9884,-0.677851512184215,0.2104913473043726
5-12B,1.0,339.0928,0.1506679071357004,0.7573547952873378
5-12B,1.0,341.1089,-0.1293054902480966,0.09462242696845005
5-12B,1.0,344.0393,-0.12560740601989331,0.21260340002901712
5-12B,1.0,346.0556,-0.2108694910453472,0.16199908459457915
5-12B,1.0,348.087,-0.9374564125936207,0.0844071301153715
5-12B,1.0,353.0489,-0.4394138975747463,0.31423373865574117
5-12B,1.0,357.089,-0.19119690370746356,0.5104353371947454
5-12B,1.0,375.131,-0.1819206396641217,0.12778570514384116
5-12B,1.0,377.1496,1.5644904007353895,1.126229586545675
5-12B,1.0,383.1188,0.08686797691693096,0.34575317093508035
5-12B,1.0,388.9416,-0.11692230437499634,0.33972070151943295
5-12B,1.0,388.9442,-0.5684353312554573,0.23521793357325124
5-12B,1.0,401.0756,1.5053034129209935,0.10619680666498625
5-12B,1.0,407.2795,2.33507791822507,0.5407620917674626
5-12B,1.0,421.0743,-0.06489741323012549,0.8076619937568595
5-12B,1.0,426.0222,-0.7929855054024255,0.3336190183824396
5-12B,1.0,442.9997,0.15324947650750506,0.2523597501085665
5-12B,1.0,466.9657,1.0540971596118074,0.22987177739890877
5-12B,1.0,490.9787,0.49340522977397305,1.4889354549617024
5-12B,1.0,503.1614,0.06682077416540225,0.20764938974897176
5-12B,1.0,547.0731,-0.9465375027295404,0.07137396129415906
5-12B,1.0,565.0471,-0.7613482781653462,0.334551986615128
5-12B,1.0,578.8872,1.3405468135314185,0.07276204247290727
5-12B,1.0,579.0269,2.5888349912217805,0.19007302315870053
5-12B,1.0,612.2549,-1.0920788780366308,0.2472147657522116
5-12B,1.0,624.2949,-1.0084525982149224,0.42643218891256474
5-12B,1.0,659.307,-0.3898493865559971,0.31795919557465424
5-12B,1.0,664.0939,-0.3370775843623936,0.158207839386292
5-12B,1.0,665.2144,-0.441391945936221,0.5639259603151182
5-12B,1.0,668.1374,-0.616528726666437,0.0001209747819120239
5-12B,1.0,787.255,-0.8330797916211616,0.2333833113948852
5-12B,1.0,790.2568,-0.4368461987602326,0.1424354317460011
5-12B,1.0,835.0407,-0.7252186214339771,0.14835614661832483
5-12B,1.0,863.2971,-0.5247436557768606,0.05659601998635963
5-12B,1.0,864.1473,-0.9045457318530791,0.2165515705557642
5-12B,1.0,974.2935,-0.4364586150890054,0.34310357442572886
5-12B,1.0,976.7162,0.2430053395019448,0.25070831192089693
5-12B,2.0,57.0342,1.3692816308987863,0.4569321226495206
5-12B,2.0,58.0295,-0.9918030116628729,0.19454259647575328
5-12B,2.0,59.0135,0.6164184490299248,0.43398471299358965
5-12B,2.0,71.0137,0.8189886437856315,0.2291092153382514
5-12B,2.0,73.0293,-0.9371984043575664,0.008495178694972436
5-12B,2.0,74.0247,-1.0765084572245849,0.22703117426401595
5-12B,2.0,75.0087,0.19054834925977315,0.2859689682907456
5-12B,2.0,87.0088,-0.6637070523179937,0.01771653614984722
5-12B,2.0,87.0451,0.965679115023848,0.6750734020080759
5-12B,2.0,88.0403,-0.9460047580591865,0.011465295428154134
5-12B,2.0,88.9883,1.0823893092215262,0.9316227645237944
5-12B,2.0,89.0244,-0.04458473649534589,0.15222832985007395
5-12B,2.0,93.0338,-0.08267274991370822,0.01431644676742011
5-12B,2.0,94.9761,-0.8873288548060259,0.1642838721363237
5-12B,2.0,94.9806,1.2147131518518135,0.3647852922506799
5-12B,2.0,95.0139,0.9248539042492872,0.26681085750571376
5-12B,2.0,101.0242,1.1488599325067979,0.48423486475997046
5-12B,2.0,102.056,-0.5849569420023866,0.044202017686206484
5-12B,2.0,103.0402,-0.9687417586182347,0.00805733758047943
5-12B,2.0,103.0509,-1.0163019880202735,0.1014743395431164
5-12B,2.0,104.0352,-0.2181799671857807,0.38211834155829083
5-12B,2.0,105.0193,0.6349349344899343,0.13918533339016856
5-12B,2.0,107.0503,0.7153391588404661,0.929111583900535
5-12B,2.0,109.0295,-1.054497692471083,0.137560820369524
5-12B,2.0,111.02,-1.1832969787825962,0.01019831434393323
5-12B,2.0,112.0516,-0.3481672715436486,1.1025993201710445
5-12B,2.0,113.0244,1.01683177607706,0.2445688938658368
5-12B,2.0,113.0357,-1.1030478276294158,0.05755114139509112
5-12B,2.0,114.056,-0.2160444691346474,0.004992664318336959
5-12B,2.0,115.0037,-0.8721871005304072,0.05560404098590429
5-12B,2.0,115.0402,-0.21237009819264244,0.7403300872171233
5-12B,2.0,115.0764,0.876609075326245,0.688467183990558
5-12B,2.0,116.0354,-1.1696542685894302,0.16007341068550782
5-12B,2.0,116.0717,-0.7756198960502321,0.015520447107133508
5-12B,2.0,117.0194,-0.9325212216434355,0.005103521137251401
5-12B,2.0,118.0508,-1.5336183063597484,0.012261627450008786
5-12B,2.0,118.9804,1.0255355242160062,0.30173844414736567
5-12B,2.0,119.0503,-0.14811578520542573,0.47411947355597267
5-12B,2.0,120.9273,-0.4663868090517008,0.15962144288965482
5-12B,2.0,121.0295,0.9895978230102018,0.6733700995274772
5-12B,2.0,121.0409,1.3264418595975345,0.33764865702580543
5-12B,2.0,122.0248,-0.6139593909958067,0.47767357039677977
5-12B,2.0,124.0075,-0.3959512981898648,0.11962490851791188
5-12B,2.0,124.0144,0.27905606832621543,0.352801158562454
5-12B,2.0,125.0439,-0.5344527550950202,0.3905263174161527
5-12B,2.0,127.0764,1.3502002133048574,1.015354367072986
5-12B,2.0,128.0354,1.194572171356982,0.11583413440848687
5-12B,2.0,129.0193,-1.1609084222094763,0.08931309771585638
5-12B,2.0,129.0556,0.4394640631304551,0.6461847138309942
5-12B,2.0,130.0142,-0.7181025336345985,0.20932050212995756
5-12B,2.0,130.0509,-1.0502971319245595,0.012977681842336272
5-12B,2.0,130.0874,-0.8536672597834312,0.12152833497894618
5-12B,2.0,131.0008,0.2717501996084835,0.6102880856146895
5-12B,2.0,131.0123,-0.7773902312303568,0.07140786995893846
5-12B,2.0,131.035,1.010023128750675,0.46028508093939124
5-12B,2.0,131.0462,0.9438197714848486,0.38023915538763803
5-12B,2.0,131.0828,0.18315618661390298,0.18713105586211765
5-12B,2.0,132.0302,-1.2282717706604305,0.025196987258450657
5-12B,2.0,133.0142,-0.6118017619018647,0.012262505668530283
5-12B,2.0,133.0257,-0.6599289000182262,0.062087125984991796
5-12B,2.0,133.0505,-1.322265450344239,0.006148061185692534
5-12B,2.0,134.0472,-0.4436763496899972,0.3204683658218789
5-12B,2.0,134.0604,-1.148964010083538,0.4184002007371606
5-12B,2.0,135.0302,-0.5979820934106803,0.18410124012739304
5-12B,2.0,135.0453,-1.129215663338337,0.23035710092565656
5-12B,2.0,136.0404,-0.3820753486651923,0.09487654862137378
5-12B,2.0,136.0487,-1.1470138019843001,0.16747100773327525
5-12B,2.0,136.0767,0.3584049382152248,0.7439209317230219
5-12B,2.0,137.0239,-0.14520055449524466,0.08717457737334156
5-12B,2.0,138.9789,1.1597694952932618,0.6710646435653754
5-12B,2.0,139.0014,-0.37721071958158614,0.04079207306858629
5-12B,2.0,139.0067,-0.7013440944684901,0.054202151635658946
5-12B,2.0,139.976,-0.08555725989268426,0.8093041150868958
5-12B,2.0,143.0713,1.4066008734212105,0.5964361481147291
5-12B,2.0,143.1077,0.5574279844010824,0.9715122109617782
5-12B,2.0,145.0141,-0.16403991310813282,0.04204372636020212
5-12B,2.0,145.0506,-0.5848940912251365,0.17436615254678872
5-12B,2.0,145.0623,-0.1886222191592376,0.34542175780676865
5-12B,2.0,145.0982,1.0675509072256513,0.337998539055323
5-12B,2.0,145.1106,1.4293548428199903,0.6701992094064564
5-12B,2.0,146.0459,-0.5025640494872554,0.009953487757159688
5-12B,2.0,147.0298,-0.9801505575297509,0.007924611915054187
5-12B,2.0,147.0662,-1.428040290068056,0.011520042197138425
5-12B,2.0,149.0092,0.6875153351078417,1.2629145457824524
5-12B,2.0,149.0456,1.3375614703317869,0.10992864485395239
5-12B,2.0,149.0608,0.2944808524046006,1.2609152755558273
5-12B,2.0,150.0422,0.594248954500195,0.48520446052727734
5-12B,2.0,150.9707,-0.7602004213780665,0.16424792501422755
5-12B,2.0,151.0259,-0.5263140776257876,0.030768095903632976
5-12B,2.0,151.04,0.04370401383892952,0.8476082685880544
5-12B,2.0,151.06,-0.1978859501699488,1.2524527105757324
5-12B,2.0,152.0353,0.6936822405269476,1.0749328643326015
5-12B,2.0,152.0716,1.183693505028312,1.0182351369117995
5-12B,2.0,153.0192,-0.19059656682012038,0.1266147343579019
5-12B,2.0,154.062,-0.07727727559077191,0.06445541494595025
5-12B,2.0,154.9751,-0.9655909647187826,0.00874929108589462
5-12B,2.0,155.0099,-1.1489792185116996,0.011290591563968753
5-12B,2.0,157.0128,-0.8838824676323409,0.05798228736627184
5-12B,2.0,157.0255,-1.312967267652443,0.011069975016941673
5-12B,2.0,157.0379,-1.3392976534456948,0.025346052944638292
5-12B,2.0,157.0504,-1.145011660058016,0.027844275385855474
5-12B,2.0,159.0297,0.8006588255564456,0.6114710196681069
5-12B,2.0,159.0775,-1.1968666476161829,0.026559151080763073
5-12B,2.0,160.0616,-1.2010889041891906,0.21082862374010033
5-12B,2.0,161.0453,0.7201171181194865,0.4303837319225515
5-12B,2.0,162.0424,-1.2818715029278258,0.11698887098086247
5-12B,2.0,163.0351,-1.1396619838972906,0.08515156635564407
5-12B,2.0,163.0398,0.13861191992037575,0.18048911501350132
5-12B,2.0,163.0611,0.10631881798191208,0.8024825685895691
5-12B,2.0,164.0716,-0.29315108004187856,0.13125664516057242
5-12B,2.0,165.03,1.4926270750265598,0.5169758616589057
5-12B,2.0,165.0405,0.93500121333246,0.5249369273681702
5-12B,2.0,165.0556,-0.5927381168123818,0.09129526110566925
5-12B,2.0,166.0508,-1.2727965564426242,0.23337582266839968
5-12B,2.0,166.0632,-0.10582093222653127,0.4908955353357004
5-12B,2.0,166.9759,-0.6631865981180906,0.13235453101484296
5-12B,2.0,167.0207,0.10225320257976998,0.35803928831047027
5-12B,2.0,167.0358,0.9562105521888872,0.39365774732087494
5-12B,2.0,167.0828,0.3811674975755272,0.6818325124827229
5-12B,2.0,168.0277,-0.42059414835990094,0.043278867331813756
5-12B,2.0,168.0664,0.2512548421436032,0.8581148568303537
5-12B,2.0,170.0455,-0.8305541754714618,0.010498668151207471
5-12B,2.0,171.0065,-0.7530055192704246,0.2519114481453162
5-12B,2.0,171.0092,-1.0336833114881743,0.24632822593168052
5-12B,2.0,171.0284,-0.9271932145286574,0.04897904073469315
5-12B,2.0,172.0616,-1.32558953274676,0.09557300030305935
5-12B,2.0,172.962,-0.462157103924816,0.06355032872942494
5-12B,2.0,173.0089,-0.9040858718500153,0.13054174933639912
5-12B,2.0,173.0453,-0.7943539586982816,0.1336542098554415
5-12B,2.0,173.0932,-0.8163970533689853,0.09115528689468026
5-12B,2.0,173.1041,0.9064358277765894,0.5784072653362905
5-12B,2.0,174.0407,-0.9950018145711103,0.004888284946229294
5-12B,2.0,174.088,-0.8916734378266755,0.09970586721813467
5-12B,2.0,175.022,-0.8163361446449351,0.20030938162106124
5-12B,2.0,175.0361,-1.223165833578458,0.00682132511661841
5-12B,2.0,175.0611,-1.2408430423398213,0.011263498252935728
5-12B,2.0,176.0776,-1.3149171896481513,0.29678581336129833
5-12B,2.0,177.0402,1.4997235135828344,0.6033279977893986
5-12B,2.0,177.0553,0.23844765097901433,0.6913305030662875
5-12B,2.0,178.0509,-1.073982319370404,0.024210247057018342
5-12B,2.0,179.0348,-0.5407962790597047,0.1936810752259155
5-12B,2.0,179.0561,1.6157543880666316,0.22865405733856314
5-12B,2.0,180.0663,1.6336612530892851,0.4758187743933861
5-12B,2.0,181.0505,0.5201673560572049,0.7955334987237365
5-12B,2.0,182.9725,1.0674565012421673,0.6079988327508175
5-12B,2.0,183.0661,1.7715564618457618,0.5350449338382356
5-12B,2.0,184.0017,-0.5134174488087885,0.05465201905456188
5-12B,2.0,184.9856,-0.5052935658368816,0.0747096702954631
5-12B,2.0,186.1136,0.9829160175990678,1.1376515369560984
5-12B,2.0,187.0234,-0.6062681987870869,0.576089209836266
5-12B,2.0,188.035,0.08222260551431615,0.545676352069862
5-12B,2.0,188.0565,-1.124941403899347,0.006641728536207864
5-12B,2.0,189.0405,0.760705931668413,0.3211625303937296
5-12B,2.0,191.0197,-1.1993044279902199,0.08859598729205281
5-12B,2.0,191.0561,-1.0995854802472798,0.030394798707587854
5-12B,2.0,192.0663,-0.5408244159990631,0.6905196650399923
5-12B,2.0,193.0349,0.14009345360860936,0.1941101969362804
5-12B,2.0,194.0682,-0.9366086418446955,0.1279053335385191
5-12B,2.0,194.0822,0.6358601031885418,0.624865182192198
5-12B,2.0,195.0509,0.3642097561568607,0.40722677021799436
5-12B,2.0,195.0657,-0.16366391778326397,1.0079023666371303
5-12B,2.0,196.0603,-1.2662605814371983,0.07637736256276328
5-12B,2.0,198.0182,-0.9167478224781234,0.23036375122152628
5-12B,2.0,199.0019,-0.3912340116828401,0.31336652805234916
5-12B,2.0,200.9937,0.8134641306989814,0.4061734875209205
5-12B,2.0,201.0051,-1.1697805524502034,0.26098328464004317
5-12B,2.0,203.0348,-0.09148740206442857,0.28719213179853026
5-12B,2.0,203.0826,-0.0795998721391176,0.007411404442421732
5-12B,2.0,204.0498,1.3424901739227342,0.5367148114659467
5-12B,2.0,205.0351,-1.1344509709761903,0.03325518083353733
5-12B,2.0,206.0822,-0.43537837279744057,0.9647598814181993
5-12B,2.0,209.0292,-0.5897607494601391,0.46522931168784964
5-12B,2.0,209.0814,0.8598949883052082,0.5432397416677681
5-12B,2.0,211.0235,-0.4917582517768078,0.21905130743045384
5-12B,2.0,211.9968,-1.0820624356306991,0.036837711974016835
5-12B,2.0,212.0331,-0.17345224218489383,0.3605453659518906
5-12B,2.0,212.9807,-0.7377779376468401,0.08749635716539617
5-12B,2.0,213.014,-0.5775967269576386,0.4659738545139533
5-12B,2.0,213.0384,-0.5113641261387026,0.17378464010674885
5-12B,2.0,213.1252,0.6123655552027052,0.4336111910238757
5-12B,2.0,214.0488,0.16620618354097239,0.9283683127821227
5-12B,2.0,215.0331,1.0592965433946095,0.31392270591693766
5-12B,2.0,216.1351,0.6346968216683329,0.20163056008083455
5-12B,2.0,218.0335,0.9531382647073889,0.18642415667722195
5-12B,2.0,218.1034,-1.2369656282913741,0.02398128129487412
5-12B,2.0,220.0828,0.5823039270919653,0.4159629973796708
5-12B,2.0,221.0443,0.883956416867043,0.29042507889546737
5-12B,2.0,221.0664,-0.12934172935631788,0.5079647699248372
5-12B,2.0,225.0399,-0.4447964688908411,0.5182958367158669
5-12B,2.0,225.0861,0.4198279773456126,0.5127001153874309
5-12B,2.0,225.0901,-0.14394657987733453,0.8704909683065217
5-12B,2.0,226.0135,-0.27519162972912614,0.22798345150513977
5-12B,2.0,226.0697,0.48192463965809595,0.2772172651237644
5-12B,2.0,228.0501,-0.48996728007455864,0.6238902352746084
5-12B,2.0,229.0122,-0.740936162626932,0.17957156729789167
5-12B,2.0,237.0614,-1.2145479545936113,0.1474086993688525
5-12B,2.0,238.0945,1.3268990042480544,0.26980375973299026
5-12B,2.0,240.0515,-1.4336856409516152,0.0017289146550209843
5-12B,2.0,241.0844,-0.1628010038115804,0.9018055127421725
5-12B,2.0,242.0804,0.6998525759553388,0.4195936116647248
5-12B,2.0,243.029,-0.05926274132347137,0.29759588898000366
5-12B,2.0,243.0625,-1.0808907074086047,0.45713549511386525
5-12B,2.0,245.0444,-0.2824402607428991,0.22547854977854043
5-12B,2.0,246.0198,-0.5806428226641209,0.44883335122790546
5-12B,2.0,246.064,0.7093243797453646,0.8681262277583179
5-12B,2.0,251.0816,-0.38502329538067764,1.0438400488956587
5-12B,2.0,253.0119,-0.36282072852866454,0.00931088093875048
5-12B,2.0,253.0499,0.4076139244546487,0.31230397394270476
5-12B,2.0,257.0072,-0.7141333349486376,0.35977998827404084
5-12B,2.0,257.1028,1.396741387621584,0.41874349732342914
5-12B,2.0,259.005,-0.391710050550407,0.19930763525214115
5-12B,2.0,259.0227,0.8701201038989108,0.46641401214436096
5-12B,2.0,261.0385,-0.5917679554275743,0.5150695330311114
5-12B,2.0,266.0703,-0.7034427221457499,0.13783988976639372
5-12B,2.0,267.0724,-0.6945325096535712,0.02735497383672071
5-12B,2.0,268.02,-0.44531208699639646,0.5674247607413386
5-12B,2.0,269.0398,-0.5893373462182243,0.20102677966540786
5-12B,2.0,271.0612,0.17354490078038384,0.4315146851482236
5-12B,2.0,271.0815,1.1350824838891485,0.46621372504290304
5-12B,2.0,273.0021,-0.9392056545987633,0.12016452250297763
5-12B,2.0,274.0933,-1.3716434457755984,0.06908745978425852
5-12B,2.0,275.0184,0.5124281204232419,0.5351133828186189
5-12B,2.0,275.0991,-0.7386078356808392,0.14784282726350034
5-12B,2.0,277.1207,1.4205138874392746,0.15907242027267599
5-12B,2.0,277.2169,0.5277115607833704,0.2660071998740305
5-12B,2.0,279.2331,-0.3510580552146996,0.04381775632800741
5-12B,2.0,282.0839,0.37247960833242894,0.9577165657277796
5-12B,2.0,283.2063,-0.09101658277686264,0.2551052469614313
5-12B,2.0,285.0972,0.47881628491645845,0.5912580944872484
5-12B,2.0,287.0157,1.7314189356861378,0.7139461262546175
5-12B,2.0,288.0725,-0.8000017288974073,0.0918368530586812
5-12B,2.0,289.0333,-0.8097549565204633,0.5090081048207754
5-12B,2.0,289.1044,-0.05486433867316151,0.658308237968668
5-12B,2.0,290.9677,-0.5019850645577886,0.09040309235807407
5-12B,2.0,294.0479,1.1129174910886317,0.18335538330536896
5-12B,2.0,300.0509,-0.24424183170733416,0.44315468475646286
5-12B,2.0,301.0333,-0.12045102999726559,0.6278908017808593
5-12B,2.0,303.2326,-0.22644077937090284,0.48399948303705004
5-12B,2.0,305.0207,1.5428609870099508,0.11872938249219168
5-12B,2.0,306.0481,-1.1939295134606573,0.07889563268452404
5-12B,2.0,306.0765,-0.2962228400644252,0.03754383500442043
5-12B,2.0,308.0986,2.3502776028206736,0.1600917156262788
5-12B,2.0,313.0441,-0.5905755432394658,0.21466789325359673
5-12B,2.0,313.1037,-0.693501047263493,0.28732696254789714
5-12B,2.0,317.026,0.8705316712233812,0.8369768821941322
5-12B,2.0,323.0256,1.1136769998754161,0.8442773375885277
5-12B,2.0,325.1163,-0.05885936705947189,0.34825004374751584
5-12B,2.0,328.0457,-0.943836879824582,0.1303563274495007
5-12B,2.0,333.0589,-1.1693134876295936,0.32299677503995056
5-12B,2.0,338.9884,-0.6226499946694493,0.151394509926148
5-12B,2.0,339.0928,-0.5912809879382253,0.3943819749767866
5-12B,2.0,341.1089,-0.4118433582432924,0.07875628687731229
5-12B,2.0,344.0393,-0.11242288977671695,0.24661301122374246
5-12B,2.0,346.0556,-0.0014910570503872261,0.4023159002950473
5-12B,2.0,348.087,-1.1117499774173074,0.21624986938246743
5-12B,2.0,353.0489,-0.6615741888329608,0.34198033871844746
5-12B,2.0,357.089,-0.345116110998852,0.2622538107242323
5-12B,2.0,375.131,-0.8596895638658126,0.29314479406763455
5-12B,2.0,377.1496,0.7279493159464413,0.26118807970499935
5-12B,2.0,383.1188,-0.03155433449140589,0.6004150558509024
5-12B,2.0,388.9416,-0.09229432109060759,0.2521821639791849
5-12B,2.0,388.9442,-0.4549973476425151,0.19415487234722892
5-12B,2.0,401.0756,1.1113616881242296,0.19956313013145055
5-12B,2.0,407.2795,0.695077601731579,0.35456119114958545
5-12B,2.0,421.0743,0.4102014541343724,0.11806631892755913
5-12B,2.0,426.0222,-0.2983542513808796,0.41589672346320156
5-12B,2.0,442.9997,0.585837898546683,0.21569607112334888
5-12B,2.0,466.9657,2.006381402670225,0.32184341965366847
5-12B,2.0,490.9787,-0.10502459880155363,0.5464782211525391
5-12B,2.0,503.1614,0.2734000843131117,0.5779322422080584
5-12B,2.0,547.0731,-1.3255587833540123,0.07007274250498055
5-12B,2.0,565.0471,-0.8618816489481518,0.1804080190248673
5-12B,2.0,578.8872,0.8649583874759748,0.26572040320300466
5-12B,2.0,579.0269,0.127608094143782,0.060062729874080706
5-12B,2.0,612.2549,-0.9480746387216914,0.12166451168188469
5-12B,2.0,624.2949,-0.5242845997186912,0.3111367540595976
5-12B,2.0,659.307,2.265799988258383,0.5246541953766732
5-12B,2.0,664.0939,-0.018655591383912193,0.3207792489100662
5-12B,2.0,665.2144,-0.6498440848841514,0.33432519781207554
5-12B,2.0,668.1374,-0.6164730915994094,0.00016301976870707822
5-12B,2.0,787.255,2.6435390551385645,0.6145195540873325
5-12B,2.0,790.2568,1.8875520556061434,0.7927051439985103
5-12B,2.0,835.0407,-0.44774692801719185,0.10198371964392391
5-12B,2.0,863.2971,-0.5628465085347093,0.09270402582057997
5-12B,2.0,864.1473,1.995561474999053,0.6567434984645337
5-12B,2.0,974.2935,0.18460408122867536,0.27530419827770175
5-12B,2.0,976.7162,2.0838674468465728,0.17912049065137897
5-12B,3.0,57.0342,0.3407798417665227,0.36544276389266117
5-12B,3.0,58.0295,-0.7836905008367916,0.23297523917033275
5-12B,3.0,59.0135,0.053956794549738236,0.19695721496918384
5-12B,3.0,71.0137,0.5091609811114729,0.21184250084183512
5-12B,3.0,73.0293,-0.945874474955053,0.014865183915345886
5-12B,3.0,74.0247,-0.2884091039494642,0.14892363906086872
5-12B,3.0,75.0087,-0.6304270331168673,0.7271394564113911
5-12B,3.0,87.0088,-0.6977064573100464,0.01062226274801604
5-12B,3.0,87.0451,0.9421521914711337,0.4788937696518877
5-12B,3.0,88.0403,-0.9027833956709046,0.013506571907734757
5-12B,3.0,88.9883,1.0224345280010518,0.5329996660868622
5-12B,3.0,89.0244,-0.8770948511513433,0.0795130462307137
5-12B,3.0,93.0338,-0.08400682397240497,0.00474516926982036
5-12B,3.0,94.9761,-1.0626033789629172,0.34979421359441115
5-12B,3.0,94.9806,0.5929714534554249,0.27416528873364726
5-12B,3.0,95.0139,0.2656784569810995,0.2520769652709473
5-12B,3.0,101.0242,0.12281111159710809,0.26797148674924776
5-12B,3.0,102.056,-0.5672919573432975,0.07060295092403776
5-12B,3.0,103.0402,-0.9952570056150178,0.02190431976948419
5-12B,3.0,103.0509,-1.0535299337930928,0.04939154323038908
5-12B,3.0,104.0352,0.6090496296662187,0.29411329505485995
5-12B,3.0,105.0193,0.1321543218535362,0.4859794661629688
5-12B,3.0,107.0503,-0.49094984328816393,0.5720038471997654
5-12B,3.0,109.0295,-1.182806562034407,0.07916005371851126
5-12B,3.0,111.02,-1.1049746573813337,0.020099739951824177
5-12B,3.0,112.0516,-0.594886353199482,0.3349617139392295
5-12B,3.0,113.0244,0.5218769568450292,0.12430240033817297
5-12B,3.0,113.0357,-1.156389238702984,0.04412869289187573
5-12B,3.0,114.056,-0.18840223690397606,0.003775909316512388
5-12B,3.0,115.0037,-0.8293801468787645,0.035622293415304866
5-12B,3.0,115.0402,-1.499238451038338,0.4537969488121122
5-12B,3.0,115.0764,-0.6968813885993852,0.3653585209552163
5-12B,3.0,116.0354,-1.1351180084069448,0.15545342526849554
5-12B,3.0,116.0717,-0.6874323072399349,0.009936906098264824
5-12B,3.0,117.0194,-0.9264439260938924,0.007503378544323705
5-12B,3.0,118.0508,-0.8663651651148043,0.20282989235831259
5-12B,3.0,118.9804,0.6470236846346815,0.20770136238229056
5-12B,3.0,119.0503,-0.8983695794131277,0.22977190166848432
5-12B,3.0,120.9273,-0.2898144053131619,0.5582142308964898
5-12B,3.0,121.0295,0.8002026697891449,0.49852153972819385
5-12B,3.0,121.0409,0.6459731774834254,0.2331286892899697
5-12B,3.0,122.0248,-0.936906052444241,0.3353790475236516
5-12B,3.0,124.0075,0.606731194480245,0.21680494887745938
5-12B,3.0,124.0144,-0.02026205166354733,0.22431513509087533
5-12B,3.0,125.0439,-0.7884752517744127,0.11215446983520437
5-12B,3.0,127.0764,0.9910244021055308,0.37744523228410215
5-12B,3.0,128.0354,1.312129857678425,0.11015850703412623
5-12B,3.0,129.0193,-1.1730213842222885,0.08566752718833993
5-12B,3.0,129.0556,-0.18692490289295455,0.19354589730652302
5-12B,3.0,130.0142,-0.588312960112385,0.13579018898838116
5-12B,3.0,130.0509,-1.0049552968164446,0.01734832164667934
5-12B,3.0,130.0874,-0.2697307038259503,0.07302025062310764
5-12B,3.0,131.0008,-0.3827763511098238,0.8077609845015918
5-12B,3.0,131.0123,-0.7086512875672771,0.03002821045793267
5-12B,3.0,131.035,0.010487223076149747,0.15057505652773234
5-12B,3.0,131.0462,0.572646526026363,0.1583010344087551
5-12B,3.0,131.0828,0.6611631132216356,0.14879427614472251
5-12B,3.0,132.0302,-1.1187874328077303,0.011718010685070378
5-12B,3.0,133.0142,-0.3851378703353433,0.04506789987840452
5-12B,3.0,133.0257,-0.41338204515910826,0.0307280940606142
5-12B,3.0,133.0505,-1.2926656595452728,0.03138783450579307
5-12B,3.0,134.0472,0.7523309333817166,0.2775673741555443
5-12B,3.0,134.0604,-1.038221672365062,0.12442165541227061
5-12B,3.0,135.0302,0.23459332240135222,0.1641213606472156
5-12B,3.0,135.0453,-0.9973709059661586,0.11760679827562633
5-12B,3.0,136.0404,-0.5127377452418466,0.05820676674322975
5-12B,3.0,136.0487,-1.074831773984458,0.3168819574590935
5-12B,3.0,136.0767,-0.3676789773654094,0.5517263314118777
5-12B,3.0,137.0239,-0.30909181979801426,0.10127303696535914
5-12B,3.0,138.9789,-1.4430869267406514,0.18344313765297107
5-12B,3.0,139.0014,-0.42013797195168173,0.028215558507844036
5-12B,3.0,139.0067,-0.786785418968037,0.045338504872943435
5-12B,3.0,139.976,-1.6747631375483152,0.22367815614084874
5-12B,3.0,143.0713,0.44866730442733305,0.22636090303519182
5-12B,3.0,143.1077,-0.8868349082383731,0.5029101158165686
5-12B,3.0,145.0141,0.03245764781446733,0.19828901982051683
5-12B,3.0,145.0506,-0.49867154633053623,0.04631352317975138
5-12B,3.0,145.0623,2.317047259852857,0.6720032394924786
5-12B,3.0,145.0982,2.1177880907814934,0.15869820542706364
5-12B,3.0,145.1106,1.412886735180886,0.6941588091140762
5-12B,3.0,146.0459,-0.44221765951743264,0.0061466932155802585
5-12B,3.0,147.0298,-0.9561915633356501,0.012517784993060745
5-12B,3.0,147.0662,-1.3678600950708033,0.023606249653218104
5-12B,3.0,149.0092,0.3533536445031631,0.43798635240689654
5-12B,3.0,149.0456,-0.15581159698058608,0.22439197002117736
5-12B,3.0,149.0608,-0.5779509003790937,0.5629088346163033
5-12B,3.0,150.0422,1.0535439304824985,0.7345830134583279
5-12B,3.0,150.9707,0.5069734536581166,0.23752787682169252
5-12B,3.0,151.0259,-0.4329726091975965,0.06436140860181075
5-12B,3.0,151.04,-1.3222342914581433,0.25316452534014716
5-12B,3.0,151.06,0.015798161876404232,0.837506826055196
5-12B,3.0,152.0353,-0.924532183065034,0.25650712382481106
5-12B,3.0,152.0716,-0.1869429094737238,0.5404478772729542
5-12B,3.0,153.0192,-0.4583913943393696,0.060852520263484346
5-12B,3.0,154.062,0.3001650911560296,0.07113866414272406
5-12B,3.0,154.9751,-0.9709984496839636,0.01618058122543129
5-12B,3.0,155.0099,-1.0695466256657475,0.021978758166486468
5-12B,3.0,157.0128,-0.9452374627895161,0.04096642746572585
5-12B,3.0,157.0255,-1.2311780885639114,0.01580891905668675
5-12B,3.0,157.0379,-1.2561842113268926,0.06683329227276906
5-12B,3.0,157.0504,-1.147110524308848,0.012002657752259675
5-12B,3.0,159.0297,-0.0712500732105901,0.22308591327784155
5-12B,3.0,159.0775,-1.1370464232156903,0.017050562109191394
5-12B,3.0,160.0616,-1.4853984099623827,0.4458161713750683
5-12B,3.0,161.0453,-0.5634313599860173,0.16538012391358878
5-12B,3.0,162.0424,-1.3672072963275315,0.04068490754754334
5-12B,3.0,163.0351,-1.1022971528331973,0.14339758506155645
5-12B,3.0,163.0398,0.12882284602858424,0.038144819668881065
5-12B,3.0,163.0611,0.06329721401291763,0.3910691346914222
5-12B,3.0,164.0716,0.1434636413418398,0.1041621553890811
5-12B,3.0,165.03,0.7427462293612656,0.586309422967478
5-12B,3.0,165.0405,1.5983708959101546,0.26099167092666303
5-12B,3.0,165.0556,-0.7051178396440042,0.09710941140543043
5-12B,3.0,166.0508,-1.3771091355255125,0.17639963628094427
5-12B,3.0,166.0632,-1.2720463718970318,0.18750302727390403
5-12B,3.0,166.9759,-0.9747234853458645,0.2326044188154715
5-12B,3.0,167.0207,-0.06454353143805464,0.21202549961438724
5-12B,3.0,167.0358,-1.1136795261663388,0.4805206244304017
5-12B,3.0,167.0828,0.1877838405412317,0.3810149478254059
5-12B,3.0,168.0277,-0.4366983988762254,0.020413873685787544
5-12B,3.0,168.0664,-0.19594954058924957,0.3859847485654216
5-12B,3.0,170.0455,-0.8168274446316003,0.010090238761324507
5-12B,3.0,171.0065,-0.8954185672813977,0.11047588628288998
5-12B,3.0,171.0092,-0.8597803281570933,0.2379703800528508
5-12B,3.0,171.0284,-0.8845839882959976,0.03293625444156159
5-12B,3.0,172.0616,-1.2921969258178354,0.1319281125925432
5-12B,3.0,172.962,-0.6413231385987204,0.09643685253174432
5-12B,3.0,173.0089,-0.9517154771904908,0.11691937890351835
5-12B,3.0,173.0453,-0.390070212775685,0.18958754028981561
5-12B,3.0,173.0932,-0.6514213351436285,0.03427489282281741
5-12B,3.0,173.1041,1.4773156350349188,0.373309747556342
5-12B,3.0,174.0407,-0.945397229489686,0.011272187357357334
5-12B,3.0,174.088,-0.40961797140286693,0.16934509560337985
5-12B,3.0,175.022,-0.5942676303170857,0.1270016092750764
5-12B,3.0,175.0361,-1.1779037552545981,0.013896330138512774
5-12B,3.0,175.0611,-1.19849918206681,0.014547301798826868
5-12B,3.0,176.0776,-1.1449038282074404,0.2613095142855633
5-12B,3.0,177.0402,1.0673536115753914,0.2960900601844307
5-12B,3.0,177.0553,-0.12104758728144929,0.6306497154605754
5-12B,3.0,178.0509,-1.0341703048868118,0.020658635179637626
5-12B,3.0,179.0348,-1.1279890762817653,0.21690621564289206
5-12B,3.0,179.0561,0.1621879786560279,0.08989809605393961
5-12B,3.0,180.0663,0.09797276776003948,0.18702813549326056
5-12B,3.0,181.0505,-1.1077796297528781,0.3923831899833282
5-12B,3.0,182.9725,0.49687214178838623,0.15630225731695177
5-12B,3.0,183.0661,0.09368255981587924,0.38661537581672106
5-12B,3.0,184.0017,-0.2804296162218628,0.11605050161858976
5-12B,3.0,184.9856,-0.6060362073796747,0.06794185805277464
5-12B,3.0,186.1136,1.6814383621302404,0.14180218169381853
5-12B,3.0,187.0234,-0.39288113336343466,0.1813187051395056
5-12B,3.0,188.035,0.11247539740674264,0.8347292003721083
5-12B,3.0,188.0565,-1.0730309701558416,0.02321938690690274
5-12B,3.0,189.0405,2.4578994131156127,0.08324329214085417
5-12B,3.0,191.0197,-0.5707964222935313,0.11502845388804274
5-12B,3.0,191.0561,-0.8363193956796129,0.05856015732416404
5-12B,3.0,192.0663,0.6213835160095671,0.3854377261014908
5-12B,3.0,193.0349,2.5949130933402955,0.7225265391024585
5-12B,3.0,194.0682,-0.9670650415527772,0.08046158415128081
5-12B,3.0,194.0822,-0.5528843041493262,0.4511183326338535
5-12B,3.0,195.0509,2.4236253516322877,0.2675408052389688
5-12B,3.0,195.0657,1.4369251359937874,0.5854170237862586
5-12B,3.0,196.0603,-1.3095820652124912,0.12198293874790259
5-12B,3.0,198.0182,-0.967288122876288,0.205172940482287
5-12B,3.0,199.0019,0.3376112269501831,0.4477161716375659
5-12B,3.0,200.9937,-0.20929852134985785,0.23418917939762815
5-12B,3.0,201.0051,0.7156694871987137,0.37980174229266284
5-12B,3.0,203.0348,-0.6575465521000544,0.13385112112272898
5-12B,3.0,203.0826,-0.09157809160463937,0.007454906864440745
5-12B,3.0,204.0498,0.8474051089084076,0.44930740420360826
5-12B,3.0,205.0351,-0.6651816845954333,0.17290752746348262
5-12B,3.0,206.0822,-0.8287339471981701,0.42493120974843807
5-12B,3.0,209.0292,0.20801025594990413,0.5600983926861378
5-12B,3.0,209.0814,1.0543322934525685,0.5266400022017997
5-12B,3.0,211.0235,-0.28453724184847806,0.3232788633524723
5-12B,3.0,211.9968,-0.9977784964522785,0.03633687512351305
5-12B,3.0,212.0331,-0.7296568192771544,0.38429046699701636
5-12B,3.0,212.9807,-0.9008592196883816,0.027651598610064523
5-12B,3.0,213.014,-0.9452097293626667,0.21489160190900944
5-12B,3.0,213.0384,-0.4404539658445501,0.1665509131091313
5-12B,3.0,213.1252,0.6490331696539826,0.4645189186468667
5-12B,3.0,214.0488,-0.24189658332340458,0.24051229827017456
5-12B,3.0,215.0331,0.2757542303912765,0.1869033936397053
5-12B,3.0,216.1351,0.6879471947440543,0.27417643588312146
5-12B,3.0,218.0335,0.5020534660136917,0.16327416104455025
5-12B,3.0,218.1034,-1.125118325172199,0.014197987667331918
5-12B,3.0,220.0828,-0.07353950482237126,0.7441704186691946
5-12B,3.0,221.0443,0.3777670579184321,0.08587351646338111
5-12B,3.0,221.0664,-1.088221154675508,0.7385845023889409
5-12B,3.0,225.0399,-0.16706911664403812,0.43603088621629915
5-12B,3.0,225.0861,-1.1870995257433945,0.3929870050259779
5-12B,3.0,225.0901,-0.9582502607734353,0.7235269704028885
5-12B,3.0,226.0135,-0.6245366335434861,0.3958774485415252
5-12B,3.0,226.0697,0.14530385097110332,0.2556830655582368
5-12B,3.0,228.0501,1.599674378538071,1.2672023239030215
5-12B,3.0,229.0122,-0.8699750011316822,0.18739033601931115
5-12B,3.0,237.0614,-1.0236880201637035,0.08562506538230813
5-12B,3.0,238.0945,1.3844275625986775,0.5937251439942239
5-12B,3.0,240.0515,-1.3508198948142893,0.025213740365588787
5-12B,3.0,241.0844,-0.15534563125903322,0.775203409643363
5-12B,3.0,242.0804,2.983042414641228,1.22758852898013
5-12B,3.0,243.029,-0.8803988963310996,0.4222860624196051
5-12B,3.0,243.0625,-0.11892065737406306,0.38742323593884687
5-12B,3.0,245.0444,-0.8203638044444914,0.40005452707938866
5-12B,3.0,246.0198,-1.0231914903282906,0.405476929090104
5-12B,3.0,246.064,0.8481967214613211,0.1554748859257924
5-12B,3.0,251.0816,-0.13438717389166863,0.1579981388382004
5-12B,3.0,253.0119,-0.34118003308649086,0.01369938790741688
5-12B,3.0,253.0499,0.6717375858407973,0.31902663293051
5-12B,3.0,257.0072,-0.9111478250834454,0.1603709880247818
5-12B,3.0,257.1028,1.8619370300111038,0.7938653800650622
5-12B,3.0,259.005,-1.274188657147462,0.358105202813153
5-12B,3.0,259.0227,0.28123419930196125,0.2742604071941029
5-12B,3.0,261.0385,-0.6643257860354922,0.3878398987412512
5-12B,3.0,266.0703,-0.7337646061568769,0.06391275193983458
5-12B,3.0,267.0724,-0.5717513253454201,0.02145786681931498
5-12B,3.0,268.02,-0.8299227874096049,0.3918468494881909
5-12B,3.0,269.0398,-0.5802945720364472,0.11357212131820267
5-12B,3.0,271.0612,0.10673148310734734,0.4413236472535262
5-12B,3.0,271.0815,2.3729362831765783,0.9136184530500678
5-12B,3.0,273.0021,-0.8480178846132396,0.08640436011451784
5-12B,3.0,274.0933,-1.0934125491146918,0.11902355613077437
5-12B,3.0,275.0184,-0.9490405992383659,0.38656274880542807
5-12B,3.0,275.0991,-0.7735139413867066,0.26638987948180437
5-12B,3.0,277.1207,1.017559634270368,0.1925127235915215
5-12B,3.0,277.2169,-0.6877688062891164,0.30939135358222175
5-12B,3.0,279.2331,-0.3184731196092795,0.027543187920194202
5-12B,3.0,282.0839,2.63589206433375,0.7091729481673201
5-12B,3.0,283.2063,-0.028325026553352176,0.14198125448389615
5-12B,3.0,285.0972,1.4099346048518848,0.6115550905568455
5-12B,3.0,287.0157,-0.2912836686887934,0.5002491166601546
5-12B,3.0,288.0725,-0.3931774129278893,0.1537246920948873
5-12B,3.0,289.0333,-0.3176019873339714,0.4036693695352917
5-12B,3.0,289.1044,0.6360754680681936,0.4313393905722675
5-12B,3.0,290.9677,-0.4372032375687433,0.029699166726340008
5-12B,3.0,294.0479,-0.4977254195373855,0.5069618095957729
5-12B,3.0,300.0509,0.5010299281999226,0.34433295418054183
5-12B,3.0,301.0333,-0.8500628358790807,0.3450039309428414
5-12B,3.0,303.2326,-0.8444612698080523,0.07899751390180143
5-12B,3.0,305.0207,0.16986188098422883,0.08495395651866108
5-12B,3.0,306.0481,-1.1010699027847688,0.1040222374335604
5-12B,3.0,306.0765,-0.2633968581581134,0.023610795811154
5-12B,3.0,308.0986,2.3637858885690326,0.1088813726704145
5-12B,3.0,313.0441,-0.5302793080061325,0.32627840531630564
5-12B,3.0,313.1037,-0.4148698763076796,0.2504932172258078
5-12B,3.0,317.026,-0.18733590941232658,0.552465051022836
5-12B,3.0,323.0256,0.24031403256076114,0.5526738227011296
5-12B,3.0,325.1163,-0.6335679909194031,0.40943739232263027
5-12B,3.0,328.0457,-0.5104986018470835,0.17259413580328065
5-12B,3.0,333.0589,-0.9797837208159339,0.39375367010114803
5-12B,3.0,338.9884,-0.8080326310291976,0.056783992158508025
5-12B,3.0,339.0928,0.9449281226613718,0.2872640968267888
5-12B,3.0,341.1089,-0.04404654206958481,0.14064448698741835
5-12B,3.0,344.0393,-0.02397675997874226,0.0646303774416227
5-12B,3.0,346.0556,2.2284197866335447,0.7661079998492657
5-12B,3.0,348.087,-1.1452526306099613,0.15164129203637672
5-12B,3.0,353.0489,0.932444601305945,0.6925653803310461
5-12B,3.0,357.089,-0.5891629149551598,0.13206130390846912
5-12B,3.0,375.131,0.03397442235312709,0.3823742289945568
5-12B,3.0,377.1496,0.8320409228549295,0.6328717839787444
5-12B,3.0,383.1188,-0.1473834565988303,0.1995893361852782
5-12B,3.0,388.9416,-0.31319986812633727,0.3503191531485258
5-12B,3.0,388.9442,-0.5788835665882284,0.3078640383188143
5-12B,3.0,401.0756,0.604000098232261,0.1871636302284743
5-12B,3.0,407.2795,2.5105140930461682,0.7821408777118721
5-12B,3.0,421.0743,0.014443153089194236,0.18339384888660343
5-12B,3.0,426.0222,1.7339848131752413,0.38102660062582616
5-12B,3.0,442.9997,-0.0762404025583718,0.038990773942100244
5-12B,3.0,466.9657,0.10293677679303383,0.17727659202122117
5-12B,3.0,490.9787,-0.41702647523836667,0.32730293895817575
5-12B,3.0,503.1614,-0.6950024454859489,0.38535982181257694
5-12B,3.0,547.0731,-1.3350005946151202,0.0528951297624416
5-12B,3.0,565.0471,-0.888107745674101,0.2335060409109724
5-12B,3.0,578.8872,0.7209700005911261,0.29142179988698186
5-12B,3.0,579.0269,0.7617915681976952,0.10519706835601154
5-12B,3.0,612.2549,-0.06624222700278762,0.35340325866256167
5-12B,3.0,624.2949,-1.1120420304513252,0.3557216531434012
5-12B,3.0,659.307,-0.3019619797470599,0.19470292497821576
5-12B,3.0,664.0939,-0.5048267100008996,0.1046386231480804
5-12B,3.0,665.2144,-1.0416406821784405,0.176252249375556
5-12B,3.0,668.1374,-0.6163785119854626,0.0001345202367272529
5-12B,3.0,787.255,-0.7092721420423082,0.2758651559827411
5-12B,3.0,790.2568,-0.1869039580156404,0.1609745554238423
5-12B,3.0,835.0407,-0.7986670108678321,0.11106821351192005
5-12B,3.0,863.2971,-0.6802543419129614,0.06324319528518746
5-12B,3.0,864.1473,-1.0108536542149247,0.33265482600794644
5-12B,3.0,974.2935,-0.3504864810472445,0.28379674476631844
5-12B,3.0,976.7162,0.1055259542467108,0.22151990462357085
5-12B,4.0,57.0342,0.7831030433056089,0.7298012755260431
5-12B,4.0,58.0295,-0.9177804859463076,0.06832249155563258
5-12B,4.0,59.0135,0.5562133480913336,0.22698712015831082
5-12B,4.0,71.0137,0.8222508100845146,0.20134845598175544
5-12B,4.0,73.0293,-0.9407037380289001,0.01733750486071452
5-12B,4.0,74.0247,-1.0153455303164647,0.3809264409277571
5-12B,4.0,75.0087,0.4799899026744212,0.40125385419795173
5-12B,4.0,87.0088,-0.6308187389923479,0.006565656589163222
5-12B,4.0,87.0451,1.7930425932942957,0.7002580394847705
5-12B,4.0,88.0403,-0.9512045977321795,0.007048644115548242
5-12B,4.0,88.9883,0.7006772021178392,0.48293380889331655
5-12B,4.0,89.0244,0.7071479548223862,0.08218350572935594
5-12B,4.0,93.0338,-0.08350981598975324,0.01718392247036425
5-12B,4.0,94.9761,-0.9181508167007624,0.38721008528905004
5-12B,4.0,94.9806,1.1758133990651913,0.36822886907915087
5-12B,4.0,95.0139,0.8195108160114051,0.24610360591215974
5-12B,4.0,101.0242,1.3480935721945495,0.2121793836237416
5-12B,4.0,102.056,-0.6303507838199771,0.06261931584913971
5-12B,4.0,103.0402,-0.9839554249278644,0.0334205285954748
5-12B,4.0,103.0509,-1.0325469098120492,0.07284473428037723
5-12B,4.0,104.0352,-0.3569697233923138,0.2988689415460525
5-12B,4.0,105.0193,0.8964189425012126,0.6292535787090476
5-12B,4.0,107.0503,0.2625954743131228,0.5569668726968011
5-12B,4.0,109.0295,-0.9320823404665259,0.11597475815928368
5-12B,4.0,111.02,-1.1760499073557509,0.006086242758508461
5-12B,4.0,112.0516,-1.0846024613999616,0.32263265280415016
5-12B,4.0,113.0244,1.0371094075831657,0.17743541273580943
5-12B,4.0,113.0357,-1.105741284465072,0.03957697122782937
5-12B,4.0,114.056,-0.1824425047816871,0.004114055729278702
5-12B,4.0,115.0037,-0.9523709502880295,0.05576235306304087
5-12B,4.0,115.0402,-0.48798993013013786,0.5590127504976805
5-12B,4.0,115.0764,-0.5432667666372802,1.0150570499859333
5-12B,4.0,116.0354,-1.1225047655576894,0.12370305455435472
5-12B,4.0,116.0717,-0.8130455285356727,0.005928047979681067
5-12B,4.0,117.0194,-0.9380268701620115,0.003582089468283559
5-12B,4.0,118.0508,-1.3651105294369987,0.16313715176387575
5-12B,4.0,118.9804,0.6536502081893083,0.2711440314991697
5-12B,4.0,119.0503,0.5138534791020944,0.5556918619422998
5-12B,4.0,120.9273,0.21294656803663278,0.6623419978824007
5-12B,4.0,121.0295,-0.8509435732270831,0.3494763814170219
5-12B,4.0,121.0409,1.0694441047968282,0.5478875929003945
5-12B,4.0,122.0248,0.23184945202827145,0.3095414950256137
5-12B,4.0,124.0075,0.3043088866032281,0.4518878536452961
5-12B,4.0,124.0144,2.0058113835885236,0.49605561283718286
5-12B,4.0,125.0439,1.4016766591894299,0.24215640958492057
5-12B,4.0,127.0764,-0.5760217513261342,0.8132565333188674
5-12B,4.0,128.0354,1.4230018805755442,0.1049354806302855
5-12B,4.0,129.0193,-1.2305931074871643,0.050650628033397656
5-12B,4.0,129.0556,-0.5507435808092346,0.5203502214603167
5-12B,4.0,130.0142,-0.8928743655298528,0.23016409626563106
5-12B,4.0,130.0509,-1.0635365935430423,0.008230446480848122
5-12B,4.0,130.0874,-0.9791679534750151,0.023314310589849535
5-12B,4.0,131.0008,-0.8361994744412065,0.9373450417055458
5-12B,4.0,131.0123,-0.859860518902688,0.06742541717511402
5-12B,4.0,131.035,2.08669811947665,0.07833184870490624
5-12B,4.0,131.0462,2.0842849340278913,0.28860341861224104
5-12B,4.0,131.0828,-0.04071205389201489,0.2899015100614488
5-12B,4.0,132.0302,-1.226774737273194,0.005150145268828268
5-12B,4.0,133.0142,-0.728247222679171,0.045853819535784844
5-12B,4.0,133.0257,-0.8546494950469148,0.09119616409356476
5-12B,4.0,133.0505,-1.3029117409756843,0.006823062745840681
5-12B,4.0,134.0472,-1.1712498069978903,0.21476937025987358
5-12B,4.0,134.0604,-1.114229328511322,0.08540645233638941
5-12B,4.0,135.0302,-0.8210990727839801,0.06479186407193051
5-12B,4.0,135.0453,-0.8219090895717022,0.11143770656813169
5-12B,4.0,136.0404,-0.3241638263618528,0.12361268604575122
5-12B,4.0,136.0487,-0.8214415729641455,0.1691744351244465
5-12B,4.0,136.0767,-0.1759246010023359,0.5594192902411513
5-12B,4.0,137.0239,0.004837350149075579,0.23109328363287857
5-12B,4.0,138.9789,1.7118063768850087,0.3570656603975506
5-12B,4.0,139.0014,-0.2604764284353486,0.051229054882959285
5-12B,4.0,139.0067,-0.7079549783187987,0.030053627232353344
5-12B,4.0,139.976,0.6661969563244418,0.2343006987494121
5-12B,4.0,143.0713,0.11034340889972402,0.3433377570064893
5-12B,4.0,143.1077,-0.2505254714562527,0.1385261904347728
5-12B,4.0,145.0141,-0.443073673793259,0.0190746495242285
5-12B,4.0,145.0506,-1.0704692978430137,0.140307589321895
5-12B,4.0,145.0623,-0.8344071784321343,0.36477849582240607
5-12B,4.0,145.0982,0.6152009508292837,0.1867785867441189
5-12B,4.0,145.1106,-0.09531745610040318,0.8083313625546295
5-12B,4.0,146.0459,-0.5080767008786896,0.0028252901510813916
5-12B,4.0,147.0298,-0.9996086343518995,0.0042744234281937715
5-12B,4.0,147.0662,-1.3911332883441088,0.022577597086619647
5-12B,4.0,149.0092,0.4611477382466078,0.4470168980680463
5-12B,4.0,149.0456,2.861838571802812,0.2585187077047356
5-12B,4.0,149.0608,0.5406723068062176,0.24932690941267904
5-12B,4.0,150.0422,-0.6562015292435333,0.28997445860302784
5-12B,4.0,150.9707,0.48714804752978,0.8933132681677336
5-12B,4.0,151.0259,-0.5866291794137193,0.08045919749562247
5-12B,4.0,151.04,0.39301346778247764,0.485806992941397
5-12B,4.0,151.06,-0.009023729926959989,0.5613026581917944
5-12B,4.0,152.0353,-0.2245902300034229,0.3947868470093955
5-12B,4.0,152.0716,0.7048282322042128,0.3973004092088733
5-12B,4.0,153.0192,-0.3207751143568773,0.10348193263281376
5-12B,4.0,154.062,0.03415265157070007,0.15036462869319747
5-12B,4.0,154.9751,-0.9931288565504952,0.007781320515961053
5-12B,4.0,155.0099,-1.1408522048953653,0.004307982056094605
5-12B,4.0,157.0128,-0.9576172955152433,0.011239609539184545
5-12B,4.0,157.0255,-1.267706043998953,0.007705324441391872
5-12B,4.0,157.0379,-1.327375643305703,0.0254846242717031
5-12B,4.0,157.0504,-1.1912903211936425,0.020700849385780262
5-12B,4.0,159.0297,1.6821199319407252,0.18149686126178413
5-12B,4.0,159.0775,-1.2223033999272428,0.024295204263582653
5-12B,4.0,160.0616,-1.3667015370900764,0.20660981982481733
5-12B,4.0,161.0453,2.4278729869747333,0.21497837915534304
5-12B,4.0,162.0424,-1.1378745687337348,0.572129901502896
5-12B,4.0,163.0351,-1.2971189175423818,0.057840256339382126
5-12B,4.0,163.0398,0.19197196976190606,0.09321386993886674
5-12B,4.0,163.0611,-0.13522416333798443,0.5270916483708517
5-12B,4.0,164.0716,-0.4299417177706618,0.07646215500848877
5-12B,4.0,165.03,-0.16857955131196842,0.6261429575051368
5-12B,4.0,165.0405,-0.20681384933759175,0.6797415146416517
5-12B,4.0,165.0556,-0.6577033367976288,0.19357851531233955
5-12B,4.0,166.0508,-0.8606010346921797,0.43295040143232794
5-12B,4.0,166.0632,-0.7338542944555462,0.434695219171371
5-12B,4.0,166.9759,-0.44247541970445614,0.9578820353792202
5-12B,4.0,167.0207,-0.16894747218237877,0.20280377317387507
5-12B,4.0,167.0358,0.3074675766723636,0.4193419326260633
5-12B,4.0,167.0828,0.544301197084905,0.27673698258562807
5-12B,4.0,168.0277,-0.4868257138636579,0.03452216104110976
5-12B,4.0,168.0664,1.7772891330703624,0.8979169818585109
5-12B,4.0,170.0455,-0.8607258016739295,0.0154733017030384
5-12B,4.0,171.0065,-0.474968694549796,0.6202091626160193
5-12B,4.0,171.0092,-0.6056710323446817,0.4208779306471288
5-12B,4.0,171.0284,-0.994635490850792,0.04041366050406005
5-12B,4.0,172.0616,-1.3268821497891699,0.27889702840531944
5-12B,4.0,172.962,-0.43044137728999443,0.07808735385966548
5-12B,4.0,173.0089,-0.5322030673898459,0.6030210549354885
5-12B,4.0,173.0453,-1.3702322241668576,0.07946097923940809
5-12B,4.0,173.0932,-0.9358432478324346,0.033223967674026716
5-12B,4.0,173.1041,-0.21203217292652138,0.14557951352974619
5-12B,4.0,174.0407,-1.0050976899706732,0.0018795749873218857
5-12B,4.0,174.088,-0.7905013028982218,0.10321152178659893
5-12B,4.0,175.022,-1.1864862337549344,0.08401975789453876
5-12B,4.0,175.0361,-1.20899523651427,0.008783307803668233
5-12B,4.0,175.0611,-1.2587551373812684,0.006776998795121396
5-12B,4.0,176.0776,-1.3284820855077824,0.1691362351938506
5-12B,4.0,177.0402,0.7145052364742044,0.32170715009669687
5-12B,4.0,177.0553,0.23689408469439693,0.7799831944759135
5-12B,4.0,178.0509,-1.0412985918200044,0.029941607837891977
5-12B,4.0,179.0348,0.11874605966945911,0.23107184683967938
5-12B,4.0,179.0561,3.2821996137797074,0.1534477146705828
5-12B,4.0,180.0663,3.3184482354078977,0.19614520030667673
5-12B,4.0,181.0505,0.755795062528918,1.5180928501528723
5-12B,4.0,182.9725,0.38538682132172347,0.18535062523958443
5-12B,4.0,183.0661,0.8013961316020523,1.1750746454371261
5-12B,4.0,184.0017,-0.5591501561050973,0.039320736107149167
5-12B,4.0,184.9856,-0.21599759609236147,0.09188034613427205
5-12B,4.0,186.1136,0.733061032837413,0.7111750549642585
5-12B,4.0,187.0234,-1.0101395294187636,0.3378539128150755
5-12B,4.0,188.035,0.12868225020625684,0.6418568497540468
5-12B,4.0,188.0565,-1.1369071345822253,0.0025746218387565486
5-12B,4.0,189.0405,-1.1849910155642265,0.08058599643067643
5-12B,4.0,191.0197,-1.6541765357588438,0.06369973238158476
5-12B,4.0,191.0561,-1.1580777122974049,0.015258131597587966
5-12B,4.0,192.0663,1.020976112740086,0.6369897664123193
5-12B,4.0,193.0349,-0.780749128019596,0.5969344015279542
5-12B,4.0,194.0682,-1.0079766232502003,0.08249844842306976
5-12B,4.0,194.0822,1.806808935566262,0.42405897955745725
5-12B,4.0,195.0509,-0.5104084072164539,0.045521489711385
5-12B,4.0,195.0657,-0.41080438867179453,0.7791838346647352
5-12B,4.0,196.0603,-1.2274872849349023,0.14254623765624622
5-12B,4.0,198.0182,-0.6935281623862297,0.29523808612560726
5-12B,4.0,199.0019,-0.6161015760401058,0.2724620078951055
5-12B,4.0,200.9937,3.44357903486247,0.8545926642564442
5-12B,4.0,201.0051,-1.0415186449910934,0.368878271277979
5-12B,4.0,203.0348,0.4778082210989024,0.24743121053666242
5-12B,4.0,203.0826,-0.05822312530959071,0.00913133932592218
5-12B,4.0,204.0498,1.6718349410720403,1.79987939239139
5-12B,4.0,205.0351,-1.320949075282593,0.11549823209209223
5-12B,4.0,206.0822,1.6303517330991135,0.5475312861901379
5-12B,4.0,209.0292,-0.8790472208448319,0.37238238503849086
5-12B,4.0,209.0814,0.36654660211041346,0.5251424690723807
5-12B,4.0,211.0235,-0.9645858679643131,0.28159835859474214
5-12B,4.0,211.9968,-1.0940317524371022,0.019364786238053686
5-12B,4.0,212.0331,-0.10825989175361493,0.2562279312893958
5-12B,4.0,212.9807,-0.9653306865221376,0.04649029687642748
5-12B,4.0,213.014,-0.3044602661707028,0.21352008353146135
5-12B,4.0,213.0384,-0.7847491656198773,0.2678061180057087
5-12B,4.0,213.1252,0.632935192577812,0.6323517953333236
5-12B,4.0,214.0488,1.813473240370417,0.421677288408001
5-12B,4.0,215.0331,1.2001582843020266,0.03937138817095976
5-12B,4.0,216.1351,0.07556790437325758,0.16863458901488546
5-12B,4.0,218.0335,0.8809566063634846,0.0886292999769958
5-12B,4.0,218.1034,-1.259504508687313,0.008232277939341502
5-12B,4.0,220.0828,0.5120797737703537,0.8185555101486259
5-12B,4.0,221.0443,0.5477587684700951,0.03938461134253694
5-12B,4.0,221.0664,-0.17800186798516157,0.19353518369384204
5-12B,4.0,225.0399,-0.5382624047431306,1.0669956159944025
5-12B,4.0,225.0861,0.5787700612233957,0.5182364205464878
5-12B,4.0,225.0901,1.563410695209246,0.6719137367248463
5-12B,4.0,226.0135,1.124896486333076,0.5622297772552903
5-12B,4.0,226.0697,0.08629291296711358,0.21502740415682198
5-12B,4.0,228.0501,-0.7997869323017177,0.19279949045938788
5-12B,4.0,229.0122,-0.8113499485764377,0.1147843533974791
5-12B,4.0,237.0614,-1.4236445057949632,0.060005076174069805
5-12B,4.0,238.0945,-0.38108902738899975,0.1640952889920627
5-12B,4.0,240.0515,-1.4277198892542837,0.0040495059444242846
5-12B,4.0,241.0844,-0.49307400788942135,0.5276023408165817
5-12B,4.0,242.0804,0.10562237846577446,0.5240177620011202
5-12B,4.0,243.029,-0.10450583536125709,0.3340156214773194
5-12B,4.0,243.0625,-1.8559126277363915,0.2121262809390044
5-12B,4.0,245.0444,-0.6882711277608793,0.14776982785530024
5-12B,4.0,246.0198,2.035431974298783,0.5105468900427472
5-12B,4.0,246.064,-0.8462170540119822,0.04271249624151854
5-12B,4.0,251.0816,-0.06661610141445408,0.29820712597892673
5-12B,4.0,253.0119,-0.3601841915595888,0.00834284066466297
5-12B,4.0,253.0499,-0.2602698477287795,1.1148313053231331
5-12B,4.0,257.0072,-0.7402679101706019,0.20808050798110195
5-12B,4.0,257.1028,-0.13041188422277827,0.8441859978773433
5-12B,4.0,259.005,-0.6638469470589463,0.5797726070455022
5-12B,4.0,259.0227,2.048913102522747,0.38328981769184806
5-12B,4.0,261.0385,-0.2477472759098085,0.25632976191572066
5-12B,4.0,266.0703,-0.5475525655238381,0.20261064444414983
5-12B,4.0,267.0724,-0.6785149691500694,0.017237219822290113
5-12B,4.0,268.02,-0.9263731488135364,0.39382956276290626
5-12B,4.0,269.0398,-0.8131460072172099,0.2693834347477328
5-12B,4.0,271.0612,-0.40152772990539465,0.5437319432731091
5-12B,4.0,271.0815,-0.36432016821628976,0.5372569324017828
5-12B,4.0,273.0021,-0.7946816417915183,0.11873543036178678
5-12B,4.0,274.0933,-1.389385705852526,0.08694002798975244
5-12B,4.0,275.0184,-0.24004593725281625,0.8449856701205364
5-12B,4.0,275.0991,-0.8292667491113559,0.12378032571576447
5-12B,4.0,277.1207,2.2248039524464076,0.1567967498585348
5-12B,4.0,277.2169,0.9759299287330637,0.45498724220163095
5-12B,4.0,279.2331,0.09906369494487513,0.0379343009239543
5-12B,4.0,282.0839,-0.33198086333689203,0.4242124298063118
5-12B,4.0,283.2063,0.2788173889495467,0.3445096255314553
5-12B,4.0,285.0972,-0.09368602052622704,1.0690799104983275
5-12B,4.0,287.0157,1.745178817348552,1.3278851500313014
5-12B,4.0,288.0725,-0.674576470472148,0.10217663814298673
5-12B,4.0,289.0333,-1.7020087195080502,0.5918137231443278
5-12B,4.0,289.1044,-1.5778240556252654,0.19631394827463383
5-12B,4.0,290.9677,-0.5001341552152445,0.07702097984602636
5-12B,4.0,294.0479,0.813063757727405,1.0829061582785247
5-12B,4.0,300.0509,-1.3556625800409803,0.5852327718614084
5-12B,4.0,301.0333,-0.17307410371583704,0.22869530914624414
5-12B,4.0,303.2326,0.05432738728075601,0.49415486889564897
5-12B,4.0,305.0207,1.895714139390779,0.31511582429791346
5-12B,4.0,306.0481,-1.0665377350646728,0.046835502779122885
5-12B,4.0,306.0765,-0.2782093471253975,0.010877217307197111
5-12B,4.0,308.0986,3.0984350170745842,0.10207702698930421
5-12B,4.0,313.0441,-0.8956457810271643,0.26869681871585244
5-12B,4.0,313.1037,-1.5746595518024555,0.6132707454165361
5-12B,4.0,317.026,-1.2292457138473698,0.7410755492700041
5-12B,4.0,323.0256,1.7888034050158665,0.3719827864726753
5-12B,4.0,325.1163,0.24125078599732835,0.16274328652770753
5-12B,4.0,328.0457,-1.0689262680062463,0.06550080883556293
5-12B,4.0,333.0589,-1.4478840844899397,0.1890802511864059
5-12B,4.0,338.9884,-0.9110557840380387,1.1743054158282626
5-12B,4.0,339.0928,-1.0202338156425395,0.328266754269498
5-12B,4.0,341.1089,-0.18027687711891852,0.11007874840026254
5-12B,4.0,344.0393,-0.4689541831859442,0.1988553242878537
5-12B,4.0,346.0556,-0.037811805804614976,0.15485954262378238
5-12B,4.0,348.087,-0.9912999623675285,0.18034837607463036
5-12B,4.0,353.0489,-0.39902111734598006,0.4359044171597427
5-12B,4.0,357.089,-0.7863901881764447,0.20298074427226126
5-12B,4.0,375.131,-1.049040151044875,0.2762307533252347
5-12B,4.0,377.1496,-1.50557729814484,0.8239094928321432
5-12B,4.0,383.1188,0.36088164638001696,0.23331165700995793
5-12B,4.0,388.9416,0.2472733272244499,0.5344352914971966
5-12B,4.0,388.9442,-0.293796002508334,0.26833286226090486
5-12B,4.0,401.0756,0.42696909186673004,0.028975695619226107
5-12B,4.0,407.2795,0.37740695807188007,0.5402174670133194
5-12B,4.0,421.0743,-0.20279887373751454,0.7425530119973679
5-12B,4.0,426.0222,0.001630444345150625,0.5090457746783913
5-12B,4.0,442.9997,0.05170020502085454,0.08914421536553603
5-12B,4.0,466.9657,3.271098792349697,0.4809740577257079
5-12B,4.0,490.9787,-0.37866558879121753,0.6704283639288776
5-12B,4.0,503.1614,-0.20901519231424823,0.26120934837496973
5-12B,4.0,547.0731,-1.3107216513722715,0.0643175823986956
5-12B,4.0,565.0471,-0.9798990842149234,0.15379978307008838
5-12B,4.0,578.8872,0.05950853065359501,0.1220240901071019
5-12B,4.0,579.0269,-0.4261726651176665,0.08583048638432889
5-12B,4.0,612.2549,-1.1981465166718281,0.286045435538156
5-12B,4.0,624.2949,-0.531040432255848,0.46580418833829207
5-12B,4.0,659.307,5.072760671702583,0.7506745171005555
5-12B,4.0,664.0939,1.3524675014098642,0.32445771883122854
5-12B,4.0,665.2144,-0.6434211898465401,0.3968116207676044
5-12B,4.0,668.1374,-0.6160756982634985,0.00026254880791545083
5-12B,4.0,787.255,3.3226052543437916,0.5307225404259928
5-12B,4.0,790.2568,5.429369234529513,0.28323378695259604
5-12B,4.0,835.0407,-0.4292488151227395,0.21328068774937972
5-12B,4.0,863.2971,-0.15611222861719332,0.1849546457379491
5-12B,4.0,864.1473,3.030201636584404,0.8201323560872383
5-12B,4.0,974.2935,-0.04236235264157342,0.36531258317031706
5-12B,4.0,976.7162,2.839586013753493,0.2693857913232009
5-12B,5.0,57.0342,2.057411301242352,0.8468493087969866
5-12B,5.0,58.0295,-0.9608591689452923,0.09734128871210072
5-12B,5.0,59.0135,2.331462541984829,0.4673296106536058
5-12B,5.0,71.0137,2.1227612632625905,0.25090970680115043
5-12B,5.0,73.0293,-0.9265463313191931,0.00867730178589063
5-12B,5.0,74.0247,-1.3412135835154648,0.20903865469480137
5-12B,5.0,75.0087,-0.03779736174545057,0.546871071865894
5-12B,5.0,87.0088,-0.6687810375945854,0.012112052862242437
5-12B,5.0,87.0451,0.5814060303295168,0.9505654143893403
5-12B,5.0,88.0403,-0.9382234376974736,0.011785524742561483
5-12B,5.0,88.9883,-0.6203264774399468,0.6702761015052315
5-12B,5.0,89.0244,0.02219332444668621,0.16987959571215364
5-12B,5.0,93.0338,-0.06716086919199903,0.010696032276765872
5-12B,5.0,94.9761,-0.3899467779197695,0.27687504459438744
5-12B,5.0,94.9806,1.0538906530196501,0.3655976798474995
5-12B,5.0,95.0139,1.680333467141725,0.5430737662683596
5-12B,5.0,101.0242,2.0392847882116376,0.25212983762789426
5-12B,5.0,102.056,-0.6257901165241709,0.034620188025041965
5-12B,5.0,103.0402,-0.9791739869448379,0.04637379462484743
5-12B,5.0,103.0509,-0.9340620714494089,0.05389814822931872
5-12B,5.0,104.0352,-0.8296723501648848,0.17590327065544653
5-12B,5.0,105.0193,0.2342340219948655,0.3067700289382262
5-12B,5.0,107.0503,0.7206504914755412,0.6580190028724213
5-12B,5.0,109.0295,-0.9668940501144966,0.090101375444231
5-12B,5.0,111.02,-1.0133643407190611,0.027998064491943156
5-12B,5.0,112.0516,-0.2513938386527829,0.5917643221167509
5-12B,5.0,113.0244,2.098261672043173,0.08336625575733733
5-12B,5.0,113.0357,-0.6048131416708937,0.06938912558913411
5-12B,5.0,114.056,-0.10686152442644796,0.012309808982868762
5-12B,5.0,115.0037,-0.8593359643390049,0.035318842348128446
5-12B,5.0,115.0402,-0.2955057771033928,0.6934402140456392
5-12B,5.0,115.0764,0.3761697163652152,0.8531475613136875
5-12B,5.0,116.0354,-1.184369718580228,0.14114723533292933
5-12B,5.0,116.0717,-0.8129012811785108,0.012300393507373004
5-12B,5.0,117.0194,-0.930473822074803,0.0022724510084112253
5-12B,5.0,118.0508,-1.518556158701849,0.14268333567449462
5-12B,5.0,118.9804,1.89971274160725,0.0905887196440796
5-12B,5.0,119.0503,0.9375698096398142,0.1038530265037126
5-12B,5.0,120.9273,-0.37339683413201946,0.22879657006826082
5-12B,5.0,121.0295,0.8912692941734193,0.6647664935934053
5-12B,5.0,121.0409,1.3694026783104882,0.9381815291118897
5-12B,5.0,122.0248,0.49921024044698525,0.34806586657295946
5-12B,5.0,124.0075,0.8078000545582618,0.8806074042239292
5-12B,5.0,124.0144,1.5409757160653368,0.4072478256964571
5-12B,5.0,125.0439,0.25377742259117736,0.24476246926459283
5-12B,5.0,127.0764,1.4279760418452994,0.6207820381195489
5-12B,5.0,128.0354,3.1952871444046127,0.10900783489618349
5-12B,5.0,129.0193,-1.0853781781494853,0.05827776093467341
5-12B,5.0,129.0556,0.9831815877529063,0.7337850762429476
5-12B,5.0,130.0142,-0.6118068784983044,0.2938289810773448
5-12B,5.0,130.0509,-1.0596990684362357,0.015459744385145484
5-12B,5.0,130.0874,-1.1213087873577385,0.027720771639283343
5-12B,5.0,131.0008,0.7622110764729977,0.4697193942136605
5-12B,5.0,131.0123,-0.7565465443660139,0.02566913685032999
5-12B,5.0,131.035,0.9453668807146205,0.09088705628816583
5-12B,5.0,131.0462,0.7956199275631303,0.4754725418750499
5-12B,5.0,131.0828,-0.8824632910394521,0.1232387944966676
5-12B,5.0,132.0302,-1.1360908057251393,0.022327209644908867
5-12B,5.0,133.0142,-0.5242082067360478,0.033808392578402374
5-12B,5.0,133.0257,-0.6804970240240362,0.08362828954187647
5-12B,5.0,133.0505,-1.2888105969711559,0.014971780493631768
5-12B,5.0,134.0472,-1.2263346794955101,0.2728263186702447
5-12B,5.0,134.0604,-1.4652539340470092,0.3545347554814997
5-12B,5.0,135.0302,-0.7474521884492897,0.09200702112045345
5-12B,5.0,135.0453,1.0697450097448762,0.24554138279973894
5-12B,5.0,136.0404,-0.5166949057671734,0.02546991305803287
5-12B,5.0,136.0487,0.3268667408503562,0.3841547713909082
5-12B,5.0,136.0767,0.8959019576014258,0.707037263166261
5-12B,5.0,137.0239,0.1371689872060472,0.2662441990150935
5-12B,5.0,138.9789,0.29661210220973455,0.15217964810171916
5-12B,5.0,139.0014,-0.22019787887106734,0.09088742617404102
5-12B,5.0,139.0067,-0.5905552495218392,0.02033311604737225
5-12B,5.0,139.976,0.44105100556531596,0.2821007161292416
5-12B,5.0,143.0713,0.9772112302515862,0.24371660195039702
5-12B,5.0,143.1077,0.7530765813303057,0.777949389224536
5-12B,5.0,145.0141,-0.2761952305097272,0.11376924147808291
5-12B,5.0,145.0506,-0.8785483311411916,0.13347799226448612
5-12B,5.0,145.0623,-0.8767179124601647,0.30862393491183504
5-12B,5.0,145.0982,-0.9605604467752792,0.11255631387918749
5-12B,5.0,145.1106,-1.3592447174016473,0.602517142468375
5-12B,5.0,146.0459,-0.5121986694243462,0.0032193303866236036
5-12B,5.0,147.0298,-0.9486699538077608,0.008764937347747265
5-12B,5.0,147.0662,-1.3247006852410035,0.02583313426947333
5-12B,5.0,149.0092,1.906786306561472,0.8901876306544171
5-12B,5.0,149.0456,1.0421489493638367,0.17352324003811992
5-12B,5.0,149.0608,1.2291238589352902,0.4081689162498782
5-12B,5.0,150.0422,-0.7531048045230365,0.5055097617003351
5-12B,5.0,150.9707,0.08733569060832458,0.25064311025147384
5-12B,5.0,151.0259,-0.6599589087336175,0.047104022965849805
5-12B,5.0,151.04,1.2396565799149588,0.3038648445284819
5-12B,5.0,151.06,-0.3651639166708817,0.8105941036722751
5-12B,5.0,152.0353,0.47861597834387304,0.3498881016222933
5-12B,5.0,152.0716,0.632009050221044,0.5587995789027868
5-12B,5.0,153.0192,0.25592259623341873,0.09599002095393858
5-12B,5.0,154.062,-0.5041534167591342,0.08987901092894336
5-12B,5.0,154.9751,-0.9499544224154032,0.02130666804402641
5-12B,5.0,155.0099,-0.9644631739010988,0.029267272676718303
5-12B,5.0,157.0128,-0.8705163295520915,0.009965085133621033
5-12B,5.0,157.0255,-1.0655804032730094,0.04619565645471679
5-12B,5.0,157.0379,-1.0770815561380966,0.08338419195249937
5-12B,5.0,157.0504,-1.1342323078562129,0.03846873032274828
5-12B,5.0,159.0297,1.0455275912576194,0.2788707971568278
5-12B,5.0,159.0775,-1.095426633658456,0.05350568364075299
5-12B,5.0,160.0616,-1.9845820966664693,0.33883563163151675
5-12B,5.0,161.0453,0.9155427941698433,0.17276654141007727
5-12B,5.0,162.0424,-1.0926084915853118,0.20020840962404524
5-12B,5.0,163.0351,-0.8216130537267304,0.24521514893778443
5-12B,5.0,163.0398,0.5080374928040639,0.04081892918707149
5-12B,5.0,163.0611,0.1374187726582936,0.9507502506191632
5-12B,5.0,164.0716,-0.5733867818637779,0.09396834829625778
5-12B,5.0,165.03,1.289277033937324,2.6280769150091747
5-12B,5.0,165.0405,1.3768747792990523,0.65751859774184
5-12B,5.0,165.0556,-0.5767495053874412,0.15174817283665873
5-12B,5.0,166.0508,-1.4168582020042344,0.07314948533935732
5-12B,5.0,166.0632,-0.8228399479593849,0.6754972810480483
5-12B,5.0,166.9759,-0.6316564297732856,0.15216795275128625
5-12B,5.0,167.0207,0.0219744752345327,0.2720461465936001
5-12B,5.0,167.0358,1.5730820968276649,0.8175296451024971
5-12B,5.0,167.0828,-0.5112062494095458,1.311240667991356
5-12B,5.0,168.0277,-0.49778870130434827,0.046329107447521674
5-12B,5.0,168.0664,0.0013067732445767367,0.8241538303350767
5-12B,5.0,170.0455,-0.8512575285863684,0.011340919638458439
5-12B,5.0,171.0065,-0.8577542764907544,0.22063412534653537
5-12B,5.0,171.0092,-0.4695410524451754,0.35783372291417453
5-12B,5.0,171.0284,-0.8350518793945095,0.0618354381540075
5-12B,5.0,172.0616,-1.0205319107380038,0.20234320076808185
5-12B,5.0,172.962,-0.5010506002717289,0.04794354038451898
5-12B,5.0,173.0089,-0.8305675020451972,0.027559624235582295
5-12B,5.0,173.0453,-1.049540152933112,0.14335647011711497
5-12B,5.0,173.0932,-0.9050184234547702,0.05242233848587271
5-12B,5.0,173.1041,-1.0190042474767254,0.08342956243881534
5-12B,5.0,174.0407,-0.988417370275191,0.00581362789055707
5-12B,5.0,174.088,-0.8806210197252478,0.05296555719616291
5-12B,5.0,175.022,-0.6578080878599718,0.16195722797963716
5-12B,5.0,175.0361,-1.0850411191743858,0.014344703745863155
5-12B,5.0,175.0611,-1.2095176513278605,0.01663719430279383
5-12B,5.0,176.0776,-0.9486650014381091,0.1827254075849347
5-12B,5.0,177.0402,0.9962386460849397,0.3111896709290894
5-12B,5.0,177.0553,1.1823945255125392,0.5076562409766123
5-12B,5.0,178.0509,-1.0311700408343338,0.02488292552938316
5-12B,5.0,179.0348,-0.01377814885515749,0.5386009354956148
5-12B,5.0,179.0561,1.5953360282856606,0.18860521290005006
5-12B,5.0,180.0663,1.6026068143299632,0.26761545782072627
5-12B,5.0,181.0505,-0.9042140445417965,0.10514147649886962
5-12B,5.0,182.9725,1.6919165418784026,0.31703015876579643
5-12B,5.0,183.0661,1.107405481259343,0.19921542941755668
5-12B,5.0,184.0017,-0.4883889471079432,0.046941578034164745
5-12B,5.0,184.9856,-0.3447745454253395,0.04806567697049102
5-12B,5.0,186.1136,1.088385277532317,0.9857859397988888
5-12B,5.0,187.0234,-1.2458707901747355,0.8158755314324841
5-12B,5.0,188.035,-0.5314768871606212,0.7176432592845886
5-12B,5.0,188.0565,-1.1178124804476481,0.005517852392803787
5-12B,5.0,189.0405,-0.297893737887953,0.1960432655812475
5-12B,5.0,191.0197,-0.39737324046524664,0.15656788916064193
5-12B,5.0,191.0561,-1.0409911675129484,0.029368088304483942
5-12B,5.0,192.0663,-0.340582143753524,0.9501442905047938
5-12B,5.0,193.0349,0.5413526458154485,0.7125777060484807
5-12B,5.0,194.0682,-1.0638891182366788,0.179776632916482
5-12B,5.0,194.0822,0.5906084982898804,0.4542721089063813
5-12B,5.0,195.0509,0.21839723165253597,0.2530544320738707
5-12B,5.0,195.0657,0.2698447770539947,0.9298157459606
5-12B,5.0,196.0603,-1.2878644709839322,0.1019279447216433
5-12B,5.0,198.0182,-0.6017132833295641,0.28042108378039404
5-12B,5.0,199.0019,-0.07679350810377994,0.7569138916885912
5-12B,5.0,200.9937,0.6810432820652895,0.9948521194286999
5-12B,5.0,201.0051,-0.19794994593310067,0.824122956225744
5-12B,5.0,203.0348,0.053830241369531406,0.14015411013761922
5-12B,5.0,203.0826,-0.09595300803411205,0.002182041385279635
5-12B,5.0,204.0498,1.7081440269445318,1.0283870082689515
5-12B,5.0,205.0351,-0.9016505728308242,0.10934208524445199
5-12B,5.0,206.0822,0.761044091544071,0.8438859777978123
5-12B,5.0,209.0292,0.17983746419985094,0.21515313550453227
5-12B,5.0,209.0814,-0.03921265883482407,0.5490820719305651
5-12B,5.0,211.0235,-0.18212316303863377,0.27886754294707433
5-12B,5.0,211.9968,-1.065704369328615,0.03137599292236723
5-12B,5.0,212.0331,-0.11446868703278433,0.3523045564241075
5-12B,5.0,212.9807,-0.5890478084249542,0.0845215438168257
5-12B,5.0,213.014,-0.31622388224766373,0.35584614248298363
5-12B,5.0,213.0384,-0.20017986898006646,0.2761969538068472
5-12B,5.0,213.1252,0.5569169674958954,0.811342723964323
5-12B,5.0,214.0488,0.712382263391584,0.6544582660358572
5-12B,5.0,215.0331,2.1427666679326274,0.3552505683037299
5-12B,5.0,216.1351,0.8210731274333578,0.31759259300916504
5-12B,5.0,218.0335,2.2095414476612305,0.2563380252732342
5-12B,5.0,218.1034,-1.161936872074021,0.016325800521898096
5-12B,5.0,220.0828,1.190495254966637,0.9916934005969366
5-12B,5.0,221.0443,1.9205745961203786,0.336483457318365
5-12B,5.0,221.0664,3.091449301258478,0.8111463434314562
5-12B,5.0,225.0399,1.0927181758793207,1.2196299086062858
5-12B,5.0,225.0861,1.1753787528805817,0.19144335812721003
5-12B,5.0,225.0901,-0.0992107136396827,1.0485370664129114
5-12B,5.0,226.0135,0.29200503882390433,0.22667070561929495
5-12B,5.0,226.0697,0.9001700469710452,0.5067945959943903
5-12B,5.0,228.0501,-0.5414944891843723,0.5215947814518628
5-12B,5.0,229.0122,-1.0178120901840382,0.19955023773330688
5-12B,5.0,237.0614,-1.048170053637697,0.14367014283664478
5-12B,5.0,238.0945,-0.2350885194537068,0.4664879224756492
5-12B,5.0,240.0515,-1.3612651569324394,0.03604392929992027
5-12B,5.0,241.0844,-0.5519714510545441,0.8101434707792122
5-12B,5.0,242.0804,-0.8935735956749187,0.7373168138954908
5-12B,5.0,243.029,-0.00023870484888884047,0.43502342574690034
5-12B,5.0,243.0625,-0.9553103333229802,0.4324045736786303
5-12B,5.0,245.0444,-0.15594752297106107,0.45899109366847823
5-12B,5.0,246.0198,-0.19707938808199135,0.8855286852163516
5-12B,5.0,246.064,1.3694339447418036,1.4994079422834203
5-12B,5.0,251.0816,0.9259964170233694,1.7153220816776942
5-12B,5.0,253.0119,-0.34202372491659505,0.009948194950010283
5-12B,5.0,253.0499,1.0372952717991826,0.8709031876134068
5-12B,5.0,257.0072,-0.335517052886847,0.040257266228980175
5-12B,5.0,257.1028,-0.21238468464383906,0.8213902301257551
5-12B,5.0,259.005,0.4593076431554875,0.8862623248530084
5-12B,5.0,259.0227,2.282425085501653,0.5571883482564869
5-12B,5.0,261.0385,-0.23095085214209,0.45851393294798565
5-12B,5.0,266.0703,-0.7394722549119126,0.24738543529367737
5-12B,5.0,267.0724,-0.6922870600502765,0.020850415268253306
5-12B,5.0,268.02,-1.1919093289749774,0.6930815620163092
5-12B,5.0,269.0398,-0.6565122401399978,0.24382738390762132
5-12B,5.0,271.0612,0.23260318961637147,0.3023197835457896
5-12B,5.0,271.0815,0.5384917121720398,0.20430275300426187
5-12B,5.0,273.0021,-0.7895200699055452,0.09309264256046215
5-12B,5.0,274.0933,-1.2076619511252091,0.12247830125161999
5-12B,5.0,275.0184,0.5734395305050844,0.8418393558046464
5-12B,5.0,275.0991,-0.8612640126750676,0.22229763366578506
5-12B,5.0,277.1207,2.626403231478,0.14807208184058276
5-12B,5.0,277.2169,1.4282411592854158,0.46261630636811313
5-12B,5.0,279.2331,-0.29913309990752757,0.033054072428257725
5-12B,5.0,282.0839,-0.21926718786980068,0.3685559244642725
5-12B,5.0,283.2063,-0.37489996882091614,0.05282661309667152
5-12B,5.0,285.0972,0.7732664121242159,0.6629512844635256
5-12B,5.0,287.0157,1.0906870547971845,0.5981475300925075
5-12B,5.0,288.0725,-0.6763388862814022,0.11798719737638347
5-12B,5.0,289.0333,0.45723089051633764,0.41747194158042983
5-12B,5.0,289.1044,-1.4318061485344429,0.17348742182667645
5-12B,5.0,290.9677,-0.40717737490080486,0.024146045981721185
5-12B,5.0,294.0479,0.5931710199291722,0.9720087929603558
5-12B,5.0,300.0509,-0.3855119138560985,0.6182736065455041
5-12B,5.0,301.0333,0.43920247022592007,0.856620717940398
5-12B,5.0,303.2326,0.9534701770161714,1.2045237576035521
5-12B,5.0,305.0207,1.41789553892285,0.15384342069213439
5-12B,5.0,306.0481,-1.1051325107518388,0.08172252332703175
5-12B,5.0,306.0765,-0.27400410661349905,0.013733684324756822
5-12B,5.0,308.0986,4.821205167262365,0.1744275962430638
5-12B,5.0,313.0441,-0.8726757866525612,0.2830645065667906
5-12B,5.0,313.1037,-1.3050813791809466,0.29616832368595036
5-12B,5.0,317.026,0.8133496398376673,0.382433679332438
5-12B,5.0,323.0256,-0.6255683097661879,0.42899496647034513
5-12B,5.0,325.1163,-0.8311675661932778,0.3174601211816358
5-12B,5.0,328.0457,-0.9299159622208992,0.1100754177547456
5-12B,5.0,333.0589,-0.9573115113279608,0.1521481137961
5-12B,5.0,338.9884,-0.30649584890306314,0.28064378517177957
5-12B,5.0,339.0928,-0.17627784568770985,1.0388657913657893
5-12B,5.0,341.1089,1.4205759090577974,0.3555816601660947
5-12B,5.0,344.0393,-0.4184135375871015,0.2235928202901477
5-12B,5.0,346.0556,-0.700436558287207,0.19661905337847146
5-12B,5.0,348.087,-1.0670797731604358,0.17235766761270094
5-12B,5.0,353.0489,0.27942798760755705,0.14237186506412386
5-12B,5.0,357.089,-0.4744550646543533,0.3944983938998612
5-12B,5.0,375.131,-0.5349621550119998,0.9013401591892645
5-12B,5.0,377.1496,0.6117983155546526,0.722857572876753
5-12B,5.0,383.1188,2.8572585467251033,0.4697793158563036
5-12B,5.0,388.9416,0.3301129073628485,0.2945856889957806
5-12B,5.0,388.9442,-0.20573230470354986,0.23418524490470133
5-12B,5.0,401.0756,1.7619847333985967,0.38524553692143937
5-12B,5.0,407.2795,-0.15955890411419174,0.13407662304769422
5-12B,5.0,421.0743,0.1419547775309581,0.6750733261606094
5-12B,5.0,426.0222,0.3245147351647709,0.5336879069596686
5-12B,5.0,442.9997,0.04825785683486639,0.2149888656453679
5-12B,5.0,466.9657,0.7446609736298038,0.2413052562316501
5-12B,5.0,490.9787,0.6199961550495652,1.0238609836525023
5-12B,5.0,503.1614,4.365099215855495,0.5943176950062912
5-12B,5.0,547.0731,-1.1665466921153549,0.04452485025481533
5-12B,5.0,565.0471,-0.418952015354342,0.34384169220559396
5-12B,5.0,578.8872,2.2394863858778242,0.3232552807949554
5-12B,5.0,579.0269,2.3476268468443866,0.33130689802426605
5-12B,5.0,612.2549,0.878301708288751,0.44956576975811474
5-12B,5.0,624.2949,-0.19700204569643265,0.5821601974751202
5-12B,5.0,659.307,-0.11622055298590404,0.5747881149470057
5-12B,5.0,664.0939,-0.38227944456438623,0.3692843675100176
5-12B,5.0,665.2144,1.053974798729464,0.38643784969744777
5-12B,5.0,668.1374,-0.6161019262236687,0.00025886304797889854
5-12B,5.0,787.255,0.4719028582327139,0.4237762926778535
5-12B,5.0,790.2568,0.6494660723829306,0.3266097584871711
5-12B,5.0,835.0407,-0.6234790005144892,0.1047932989446228
5-12B,5.0,863.2971,-0.3827239318612419,0.08125144190623333
5-12B,5.0,864.1473,0.0840502340596252,0.2626273443552577
5-12B,5.0,974.2935,0.28226842550011577,0.30718596211278176
5-12B,5.0,976.7162,1.1147034746823947,0.34445612492687366
5-12B,6.0,57.0342,1.640134349953755,0.7759687089935106
5-12B,6.0,58.0295,-0.8231287317513551,0.05660071613461123
5-12B,6.0,59.0135,1.9010643277823605,0.2792378948978276
5-12B,6.0,71.0137,1.7113766988645207,0.16957714986566746
5-12B,6.0,73.0293,-0.9380325850287192,0.02044130340078465
5-12B,6.0,74.0247,-1.2249037552967448,0.27111002651010063
5-12B,6.0,75.0087,-0.14204214285653097,0.35183714123992066
5-12B,6.0,87.0088,-0.6572997570417136,0.010489175250053693
5-12B,6.0,87.0451,2.3179170544584187,0.5451770134492574
5-12B,6.0,88.0403,-0.9524584597809862,0.007702150700426623
5-12B,6.0,88.9883,-0.36252091819190685,0.2977346136291127
5-12B,6.0,89.0244,-0.13858255508338735,0.06915798870836647
5-12B,6.0,93.0338,-0.058607100227414034,0.018037854176427524
5-12B,6.0,94.9761,-0.43314490826199,0.6227189932904449
5-12B,6.0,94.9806,1.3963055012872747,0.5927883724581475
5-12B,6.0,95.0139,1.927175534072016,0.4680428016371571
5-12B,6.0,101.0242,1.7884512282983613,0.1981589387800053
5-12B,6.0,102.056,-0.5549173467473435,0.1103315007859092
5-12B,6.0,103.0402,-0.9302729166638857,0.036191587904107946
5-12B,6.0,103.0509,-0.9025875354778434,0.11676315477033197
5-12B,6.0,104.0352,-0.6979909041353829,0.1633443949356379
5-12B,6.0,105.0193,0.2624202078547848,0.695110684665889
5-12B,6.0,107.0503,1.2905280296514166,1.3270983167769228
5-12B,6.0,109.0295,-0.8880307939679459,0.12079390051085749
5-12B,6.0,111.02,-1.0333072219551807,0.0009543315965688146
5-12B,6.0,112.0516,0.075349427893574,1.2712337783437737
5-12B,6.0,113.0244,1.6317541766869144,0.1917539295892315
5-12B,6.0,113.0357,-0.7047931628376946,0.03721038629716743
5-12B,6.0,114.056,-0.08956525671449717,0.0020819352852296928
5-12B,6.0,115.0037,-0.8620208261254716,0.05365141207115641
5-12B,6.0,115.0402,0.847192202113459,0.6022006424131633
5-12B,6.0,115.0764,0.5564020443742022,1.0902097450870307
5-12B,6.0,116.0354,-1.2981892195294622,0.3950825626296037
5-12B,6.0,116.0717,-0.8038136976773159,0.021663503676414134
5-12B,6.0,117.0194,-0.9246570468871297,0.005562695504792127
5-12B,6.0,118.0508,-1.4477640647097219,0.06314988028854322
5-12B,6.0,118.9804,1.259509858571626,0.24932901198892266
5-12B,6.0,119.0503,1.207117632739903,0.15148727176093194
5-12B,6.0,120.9273,-0.630023836901607,0.07638114361471976
5-12B,6.0,121.0295,0.5638979563547091,0.2695752484001694
5-12B,6.0,121.0409,1.1388718564668698,0.32304792457460113
5-12B,6.0,122.0248,1.932986924749152,0.2308641927923875
5-12B,6.0,124.0075,0.7852770661584839,0.5192482573435663
5-12B,6.0,124.0144,2.6611222183779235,0.3190884111749847
5-12B,6.0,125.0439,2.5086570901928553,0.28804770137652896
5-12B,6.0,127.0764,0.7227173353064691,0.3488990024869325
5-12B,6.0,128.0354,2.7697209441245656,0.1600689532677924
5-12B,6.0,129.0193,-0.9856019222330028,0.07436201616717675
5-12B,6.0,129.0556,1.0615907855796909,0.45469374318542044
5-12B,6.0,130.0142,-0.677417943258982,0.1892055984916858
5-12B,6.0,130.0509,-1.0467990801925857,0.008510860830606542
5-12B,6.0,130.0874,-1.0923209067747646,0.05177200655134294
5-12B,6.0,131.0008,0.23181887158057612,1.5700791802870253
5-12B,6.0,131.0123,-0.6871498117683593,0.06808928061149556
5-12B,6.0,131.035,1.8506149495155744,0.165659243150161
5-12B,6.0,131.0462,1.6596699266703614,0.17636217512846158
5-12B,6.0,131.0828,-0.6622541153857855,0.08416214828630453
5-12B,6.0,132.0302,-1.152564653648755,0.008504780433766906
5-12B,6.0,133.0142,-0.5706125531264694,0.028131872614799693
5-12B,6.0,133.0257,-0.7078309782949155,0.056113769315114276
5-12B,6.0,133.0505,-1.266743687064142,0.009014615458153808
5-12B,6.0,134.0472,-1.0733998149776969,0.12362248399065308
5-12B,6.0,134.0604,-1.2184333732279695,0.22164533512481044
5-12B,6.0,135.0302,-0.8192709586338283,0.11130923712280842
5-12B,6.0,135.0453,0.9471215707121912,0.16052804370341617
5-12B,6.0,136.0404,-0.3384704836457264,0.1035599579407038
5-12B,6.0,136.0487,0.29569986198686105,0.1888246282718382
5-12B,6.0,136.0767,1.30864898880733,0.5653682288533745
5-12B,6.0,137.0239,-0.17433781606132825,0.38918672474574195
5-12B,6.0,138.9789,1.0446145007800705,0.2459638732334084
5-12B,6.0,139.0014,-0.1983906606964312,0.05926058202408298
5-12B,6.0,139.0067,-0.5899985435133922,0.009745369072243151
5-12B,6.0,139.976,1.4646030362123774,0.4615334723789059
5-12B,6.0,143.0713,0.559954389600883,0.4996745107086164
5-12B,6.0,143.1077,0.6125858388430518,0.14828324475275892
5-12B,6.0,145.0141,-0.28197457053686253,0.11243919433467363
5-12B,6.0,145.0506,-0.7513137101132266,0.13818481373656483
5-12B,6.0,145.0623,-0.9233987692516539,0.14083825883315876
5-12B,6.0,145.0982,-0.5288161017355612,0.17915363020123728
5-12B,6.0,145.1106,-0.8487333805894184,0.5100013725292165
5-12B,6.0,146.0459,-0.509174608388514,0.006619716006102865
5-12B,6.0,147.0298,-0.9517715419929453,0.011432098230978545
5-12B,6.0,147.0662,-1.3264309885637224,0.016873510063591977
5-12B,6.0,149.0092,1.6854491007415988,0.34299531830204716
5-12B,6.0,149.0456,0.9833454399230679,0.3423751448418127
5-12B,6.0,149.0608,1.8447499149719082,0.290221037256562
5-12B,6.0,150.0422,-0.03230372949878556,0.45863717810272325
5-12B,6.0,150.9707,-0.19021999518838828,0.469188674020992
5-12B,6.0,151.0259,-0.5891481395811966,0.10288368478547052
5-12B,6.0,151.04,1.2159657902168073,0.5052007535354459
5-12B,6.0,151.06,-0.12773712550826724,0.3920117840070991
5-12B,6.0,152.0353,0.4530370598757194,0.4659567432167646
5-12B,6.0,152.0716,1.1554628801290399,0.4077631194653664
5-12B,6.0,153.0192,0.20393138805881705,0.08251717309529086
5-12B,6.0,154.062,-0.5395564829290308,0.13712697077838748
5-12B,6.0,154.9751,-0.95808395963168,0.012947068883314868
5-12B,6.0,155.0099,-0.9910154523745249,0.00391071238605752
5-12B,6.0,157.0128,-0.859666970652347,0.03473678487388397
5-12B,6.0,157.0255,-1.0468148092660639,0.035595356722297446
5-12B,6.0,157.0379,-1.027962874361329,0.02639742546800584
5-12B,6.0,157.0504,-1.0930064680651816,0.020355847366416546
5-12B,6.0,159.0297,1.3975472076217899,0.06626083348886107
5-12B,6.0,159.0775,-1.1334063362470386,0.04020245477570938
5-12B,6.0,160.0616,-1.2761541202349178,0.5225974848214969
5-12B,6.0,161.0453,1.7539593429014881,0.18463894639603845
5-12B,6.0,162.0424,-1.1063499792910831,0.5225130893357476
5-12B,6.0,163.0351,-0.8719020215629928,0.11194054609799184
5-12B,6.0,163.0398,0.5103408043080149,0.08656707766271693
5-12B,6.0,163.0611,0.7122496015934121,0.9951751524125299
5-12B,6.0,164.0716,-0.52310368687132,0.0344930097898522
5-12B,6.0,165.03,1.3660295440230659,0.8275235237491538
5-12B,6.0,165.0405,1.7200474727897577,0.4201822402822505
5-12B,6.0,165.0556,-0.3779945254325767,0.14423601466692404
5-12B,6.0,166.0508,-0.6749522155314445,0.42954774269737545
5-12B,6.0,166.0632,-0.19052842931191613,0.353977395577442
5-12B,6.0,166.9759,-0.2245878384560282,0.31578782897570795
5-12B,6.0,167.0207,-0.10322706326762493,0.05441185797438833
5-12B,6.0,167.0358,1.672122568280261,0.44555892512339645
5-12B,6.0,167.0828,1.3189161808479768,0.797300500042355
5-12B,6.0,168.0277,-0.49775089789938043,0.017940480656345757
5-12B,6.0,168.0664,0.992992624984498,0.5722806289625114
5-12B,6.0,170.0455,-0.8373495867783238,0.013156917779527794
5-12B,6.0,171.0065,-0.8595324189744329,0.22767193468040556
5-12B,6.0,171.0092,-0.7736873138422704,0.21022300931811871
5-12B,6.0,171.0284,-0.8920428360746708,0.043437819275152896
5-12B,6.0,172.0616,-0.8914856426707402,0.08762533672348963
5-12B,6.0,172.962,-0.5310414365106215,0.05950918038700085
5-12B,6.0,173.0089,-0.8333566230786484,0.13943795146795715
5-12B,6.0,173.0453,-1.0597961235743563,0.2042373772779121
5-12B,6.0,173.0932,-0.961320908797647,0.03838415287613461
5-12B,6.0,173.1041,-1.0302971511439,0.11342218781454466
5-12B,6.0,174.0407,-0.9945572649407013,0.004013755749605422
5-12B,6.0,174.088,-0.9459436446580449,0.0961141663730061
5-12B,6.0,175.022,-1.0115884319758714,0.08554778345046786
5-12B,6.0,175.0361,-1.1037342472165064,0.004629456173909017
5-12B,6.0,175.0611,-1.2233691174849644,0.012903273042902237
5-12B,6.0,176.0776,-0.9400739007270094,0.34981031204320545
5-12B,6.0,177.0402,0.45276581077132766,0.23987171643271396
5-12B,6.0,177.0553,1.3321583153496555,0.872320722370801
5-12B,6.0,178.0509,-0.9745267578010244,0.033935795158248384
5-12B,6.0,179.0348,0.4407504987561992,0.28983840649676246
5-12B,6.0,179.0561,1.7536166686003396,0.14968830736667876
5-12B,6.0,180.0663,1.8148555352873883,0.15693361909157383
5-12B,6.0,181.0505,-0.6456951388817497,0.07015076245997402
5-12B,6.0,182.9725,1.5477146361392262,0.2573282254982391
5-12B,6.0,183.0661,2.3293004573704854,0.6665219387322614
5-12B,6.0,184.0017,-0.5290111226433465,0.03229243108747582
5-12B,6.0,184.9856,-0.6021475775894233,0.142685320437126
5-12B,6.0,186.1136,1.0415727183106074,0.6052246952070337
5-12B,6.0,187.0234,-0.8352962009433627,0.49059885315201895
5-12B,6.0,188.035,-0.5195918617743108,0.19236886220613245
5-12B,6.0,188.0565,-1.1150152146468484,0.007488117529079569
5-12B,6.0,189.0405,-0.8400050720980721,0.05636946435160115
5-12B,6.0,191.0197,-0.8096595850580017,0.11792566550838554
5-12B,6.0,191.0561,-1.0929502357738798,0.05105139114121251
5-12B,6.0,192.0663,0.8082465718467182,0.8577559144587126
5-12B,6.0,193.0349,-0.07308567856301763,0.5326431134092613
5-12B,6.0,194.0682,-1.0188863783695132,0.07427739780865611
5-12B,6.0,194.0822,2.537952843928903,0.5234428299025433
5-12B,6.0,195.0509,-0.35133552623623365,0.018471077310986708
5-12B,6.0,195.0657,-0.1461918967880707,0.5251551865992551
5-12B,6.0,196.0603,-1.042944586333065,0.06635016499451657
5-12B,6.0,198.0182,-0.43661496869555966,0.4086814051700592
5-12B,6.0,199.0019,-0.4685452260459666,0.2293391550714856
5-12B,6.0,200.9937,1.1285468003477115,0.35157790995729044
5-12B,6.0,201.0051,-1.1398527740430777,0.21416741685184654
5-12B,6.0,203.0348,1.07655574972435,0.19246330424481825
5-12B,6.0,203.0826,-0.02150399913946478,0.07966381177204089
5-12B,6.0,204.0498,0.15582381446647942,0.40517923533405276
5-12B,6.0,205.0351,-1.019637145996491,0.08070822331391854
5-12B,6.0,206.0822,2.1251129025636484,0.5699844767535948
5-12B,6.0,209.0292,-0.5938835970333176,0.7122417234376361
5-12B,6.0,209.0814,0.34702372479575316,0.5851872006747165
5-12B,6.0,211.0235,-0.4716582923842215,0.371864851762428
5-12B,6.0,211.9968,-1.0830598786978993,0.026799558512156322
5-12B,6.0,212.0331,-0.40162546869437,0.2947457128912933
5-12B,6.0,212.9807,-0.5723047968020227,0.07791422737802736
5-12B,6.0,213.014,-0.7860332993212895,0.30138205950939534
5-12B,6.0,213.0384,-0.4600861176615262,0.20510673162432916
5-12B,6.0,213.1252,1.1409158025369726,0.45095506164250326
5-12B,6.0,214.0488,1.4665421944493082,0.7901661262199972
5-12B,6.0,215.0331,1.5207936010966607,0.05877677587420682
5-12B,6.0,216.1351,0.4008442796671223,0.28357088900269123
5-12B,6.0,218.0335,1.3957942988501095,0.047405735759128965
5-12B,6.0,218.1034,-1.1923719239912216,0.03564673531314596
5-12B,6.0,220.0828,0.6312100338695162,0.6680983265573466
5-12B,6.0,221.0443,2.002021289483981,0.13456867346562487
5-12B,6.0,221.0664,2.091169516057489,0.3177085038509343
5-12B,6.0,225.0399,0.49587141407970087,0.5418210307733262
5-12B,6.0,225.0861,1.612584658967585,0.6456861322961761
5-12B,6.0,225.0901,1.9279525473606898,0.9386111330782073
5-12B,6.0,226.0135,0.48728919685622096,0.3041045008265194
5-12B,6.0,226.0697,0.910723097927963,0.451603559705853
5-12B,6.0,228.0501,-0.8506577438432534,0.29548561183356625
5-12B,6.0,229.0122,-0.86073518306591,0.28817800621275486
5-12B,6.0,237.0614,-1.047170786965289,0.12262648401743091
5-12B,6.0,238.0945,-0.44253998744534695,0.16559798841296633
5-12B,6.0,240.0515,-1.328204083501757,0.0030609505535280274
5-12B,6.0,241.0844,0.2957044081700723,0.8734790121984496
5-12B,6.0,242.0804,-0.4615700446182991,1.2102280380299797
5-12B,6.0,243.029,-0.1715904230724566,0.12790831202436528
5-12B,6.0,243.0625,-1.6592106825666755,0.7110080635993289
5-12B,6.0,245.0444,-0.9280802764533221,0.2122931949334228
5-12B,6.0,246.0198,0.6073516555179364,0.20931003617155622
5-12B,6.0,246.064,1.1450666922784298,1.4589267405874442
5-12B,6.0,251.0816,0.5199542155435064,0.2626969964316438
5-12B,6.0,253.0119,-0.33727795837225877,0.0131346136318458
5-12B,6.0,253.0499,0.7856861978602581,0.32985951136315994
5-12B,6.0,257.0072,-0.6645446537582438,0.7349835777098734
5-12B,6.0,257.1028,0.7885032084973129,0.3656595670743737
5-12B,6.0,259.005,0.2209912280049459,0.5875157014611931
5-12B,6.0,259.0227,1.0167337291969953,0.2092593693063617
5-12B,6.0,261.0385,-0.3875588033042593,0.3021136026237534
5-12B,6.0,266.0703,-0.5475525655238381,0.20076152484207382
5-12B,6.0,267.0724,-0.7159391292049802,0.01682615096537125
5-12B,6.0,268.02,-0.47865295266689134,0.2715212397659364
5-12B,6.0,269.0398,-0.7921538528666556,0.08852143017532663
5-12B,6.0,271.0612,0.0524455812480052,0.392019437651497
5-12B,6.0,271.0815,-0.39746409997835136,1.3670882168642895
5-12B,6.0,273.0021,-0.8491649005879003,0.1562006674359014
5-12B,6.0,274.0933,-1.1845432486007277,0.06848213888911817
5-12B,6.0,275.0184,0.41424883983177113,0.747896472854733
5-12B,6.0,275.0991,-0.9659823297926696,0.12874920493224104
5-12B,6.0,277.1207,1.2201282677987686,0.05515625718165054
5-12B,6.0,277.2169,1.3154378729194574,0.31946690776002895
5-12B,6.0,279.2331,-0.2327031298240415,0.0026013328334480064
5-12B,6.0,282.0839,-0.6975387297166478,0.19792994295145894
5-12B,6.0,283.2063,-0.2789372181397195,0.13386132534369385
5-12B,6.0,285.0972,0.724785519508895,0.8625103974442866
5-12B,6.0,287.0157,2.2034427022794003,0.95696552586636
5-12B,6.0,288.0725,-0.6960191961514077,0.09121656659780537
5-12B,6.0,289.0333,0.23036214330665877,0.5658049109898182
5-12B,6.0,289.1044,-1.3940672208563802,0.13923204750973275
5-12B,6.0,290.9677,-0.4182828309560698,0.10573682645523982
5-12B,6.0,294.0479,1.9382291952923887,0.9680654995307664
5-12B,6.0,300.0509,-0.21685273414787987,0.3703613843523232
5-12B,6.0,301.0333,1.5961989694166736,0.42334895959634267
5-12B,6.0,303.2326,3.469759697482888,2.132595181042448
5-12B,6.0,305.0207,2.2745004586898125,0.12077161236755869
5-12B,6.0,306.0481,-0.9365342801184289,0.1271872499139678
5-12B,6.0,306.0765,-0.28329329460993147,0.011859001320975145
5-12B,6.0,308.0986,4.474626910524607,0.17921378879512803
5-12B,6.0,313.0441,-0.9243582739954184,0.3211448805255865
5-12B,6.0,313.1037,-1.0324855404480027,0.43358976189827364
5-12B,6.0,317.026,-0.34358913471049835,0.7532875905526399
5-12B,6.0,323.0256,0.035531923522314254,0.46962175112116605
5-12B,6.0,325.1163,-0.23048341131142874,0.3017632441994178
5-12B,6.0,328.0457,-0.9150006933598104,0.03907366074039846
5-12B,6.0,333.0589,-1.15065731371505,0.41236006618952753
5-12B,6.0,338.9884,-0.6678148726360758,0.17826691231526864
5-12B,6.0,339.0928,-0.2957220273858624,0.5489615535590014
5-12B,6.0,341.1089,0.7594950014058743,0.22694348368364123
5-12B,6.0,344.0393,-0.5403703128364827,0.3670052187008039
5-12B,6.0,346.0556,-0.5032667793356849,0.15200664185322027
5-12B,6.0,348.087,-1.130495509560816,0.13155288961896913
5-12B,6.0,353.0489,0.010142786082448618,0.8884694661168745
5-12B,6.0,357.089,-0.9297750010524529,0.1985611252385471
5-12B,6.0,375.131,-0.2217373519214012,0.5408418201495624
5-12B,6.0,377.1496,-0.4145195403662346,0.1554927743681836
5-12B,6.0,383.1188,1.6959419381331284,0.606569834222254
5-12B,6.0,388.9416,-0.16841717851508198,0.15648109030502083
5-12B,6.0,388.9442,-0.37812818769427137,0.2477795561365419
5-12B,6.0,401.0756,1.7498735212527885,0.10759452180184649
5-12B,6.0,407.2795,-0.18538245321168986,0.11708324059239071
5-12B,6.0,421.0743,0.30158044072101803,0.21003154157343348
5-12B,6.0,426.0222,-0.5891791090694738,0.5975591457838972
5-12B,6.0,442.9997,0.47797765538572085,0.2293987821894976
5-12B,6.0,466.9657,2.1858244209333964,0.33324563583846994
5-12B,6.0,490.9787,-0.22522204300262097,0.5228517783585229
5-12B,6.0,503.1614,1.7341400478071456,0.5340372369354429
5-12B,6.0,547.0731,-1.1941227757985904,0.06825143897614523
5-12B,6.0,565.0471,-0.6083627139306422,0.2866374957807346
5-12B,6.0,578.8872,1.3773737006271038,0.17936712808957014
5-12B,6.0,579.0269,1.4842862207941514,0.17214965049460063
5-12B,6.0,612.2549,-0.8667819229793867,0.18435455079017438
5-12B,6.0,624.2949,-0.30659666241030825,0.15264756364142382
5-12B,6.0,659.307,0.8673029531079239,0.2888915072973413
5-12B,6.0,664.0939,-0.30995646824119805,0.1935054370227491
5-12B,6.0,665.2144,0.053170971959848976,0.15131712966776967
5-12B,6.0,668.1374,-0.6131580363912402,0.0004927626088469429
5-12B,6.0,787.255,0.9214872019054194,0.5046109988188947
5-12B,6.0,790.2568,0.5280471027188909,0.8626827430363139
5-12B,6.0,835.0407,-0.4368656851381022,0.10356205403562312
5-12B,6.0,863.2971,-0.48044225280960073,0.15595734255344607
5-12B,6.0,864.1473,0.44224699157183106,0.546883159151879
5-12B,6.0,974.2935,-0.2851476591755062,0.26656308651448285
5-12B,6.0,976.7162,1.3085601578007657,0.201745323874058
5-12B,7.0,57.0342,1.0407904256904486,0.3452023458781696
5-12B,7.0,58.0295,-0.8747018029473228,0.11408255862301844
5-12B,7.0,59.0135,0.9926063521670829,0.17466835511196524
5-12B,7.0,71.0137,1.06118984103025,0.1319408617441376
5-12B,7.0,73.0293,-0.8538927445667664,0.06080055434879974
5-12B,7.0,74.0247,-1.2920827078023849,0.4897117784733287
5-12B,7.0,75.0087,-0.49296138769566233,0.3018327465806056
5-12B,7.0,87.0088,-0.625248466104761,0.036779296353239496
5-12B,7.0,87.0451,-0.07286651037453384,0.6565332739499833
5-12B,7.0,88.0403,-0.8995381056622282,0.02211684372410804
5-12B,7.0,88.9883,-0.39349755515581863,0.7833197053264936
5-12B,7.0,89.0244,0.03691286401605898,0.04490684820741795
5-12B,7.0,93.0338,-0.07097998316395442,0.0035936041256335685
5-12B,7.0,94.9761,-0.7096174551845431,0.26408173146456576
5-12B,7.0,94.9806,1.6035640159169255,0.2499941531239077
5-12B,7.0,95.0139,1.2473555197233115,0.11052313817351454
5-12B,7.0,101.0242,0.7728860602763262,0.14423441746950505
5-12B,7.0,102.056,-0.5396847179793509,0.08026247720009562
5-12B,7.0,103.0402,-0.9123270000782409,0.014873258511938067
5-12B,7.0,103.0509,-0.9357542508027188,0.13894114979599087
5-12B,7.0,104.0352,-0.5412526647318462,0.10132646204048705
5-12B,7.0,105.0193,-0.08152743851693299,0.5331131543495894
5-12B,7.0,107.0503,0.911716198499807,0.657741943141805
5-12B,7.0,109.0295,-1.0031541666201305,0.10233902876308375
5-12B,7.0,111.02,-0.9581945035538944,0.026918177901257407
5-12B,7.0,112.0516,0.3768358918997325,0.37357064139147655
5-12B,7.0,113.0244,1.0244432178627527,0.059305071449269706
5-12B,7.0,113.0357,-0.7265943999731205,0.06061507398542947
5-12B,7.0,114.056,-0.0857538001246612,0.008798603348598163
5-12B,7.0,115.0037,-0.857706947075306,0.01094873218307548
5-12B,7.0,115.0402,-1.0122458342350245,0.5940803050433033
5-12B,7.0,115.0764,1.0086381943747094,0.4223335846943346
5-12B,7.0,116.0354,-0.8014677035135436,0.12461734307241984
5-12B,7.0,116.0717,-0.7821241405186198,0.029872677069542965
5-12B,7.0,117.0194,-0.8470995905165932,0.06039217923907684
5-12B,7.0,118.0508,-1.334233126738305,0.1041657140074036
5-12B,7.0,118.9804,1.0423991771082295,0.14714562387075208
5-12B,7.0,119.0503,1.08696172870598,0.3612237746260536
5-12B,7.0,120.9273,-0.6150079460099074,0.04729826206626128
5-12B,7.0,121.0295,0.7641274025089435,0.41258063444121
5-12B,7.0,121.0409,1.3440864815689264,0.24757236794672688
5-12B,7.0,122.0248,1.5014501543050662,0.376782716143757
5-12B,7.0,124.0075,-0.09209570923286194,0.09098127087246505
5-12B,7.0,124.0144,1.551201407483632,0.21421047799401455
5-12B,7.0,125.0439,1.5320374557747203,0.3789135253337298
5-12B,7.0,127.0764,0.6934048371128353,0.6492619562514991
5-12B,7.0,128.0354,2.777631593621475,0.09818542333144145
5-12B,7.0,129.0193,-1.0552263440180902,0.06848712249644844
5-12B,7.0,129.0556,1.3827066080641528,0.8652569224332577
5-12B,7.0,130.0142,-0.7244057800308208,0.32746830558818807
5-12B,7.0,130.0509,-1.0111691355470813,0.06108577432419636
5-12B,7.0,130.0874,-1.0438186799676359,0.03182945097779138
5-12B,7.0,131.0008,-0.7210352095491259,1.3713556121551058
5-12B,7.0,131.0123,-0.594936025502637,0.07036395804306589
5-12B,7.0,131.035,1.045471962022551,0.16273367752284026
5-12B,7.0,131.0462,0.7017600264127086,0.2728796021237035
5-12B,7.0,131.0828,-0.671069135257118,0.09148865359668189
5-12B,7.0,132.0302,-1.0743819229837275,0.023498532639887756
5-12B,7.0,133.0142,-0.5693412011705674,0.03693351645242262
5-12B,7.0,133.0257,-0.683609305945968,0.07013195654669171
5-12B,7.0,133.0505,-1.1600903643902991,0.07427074312258003
5-12B,7.0,134.0472,-0.8711859385596992,0.2506719964905383
5-12B,7.0,134.0604,-0.5878967418640992,0.47113342727936813
5-12B,7.0,135.0302,-0.8813397866842234,0.12531168552232716
5-12B,7.0,135.0453,1.1202278203153242,0.1461100454151168
5-12B,7.0,136.0404,-0.44850998594615865,0.0748000828955244
5-12B,7.0,136.0487,0.6627506881562024,0.23938985303977262
5-12B,7.0,136.0767,0.9828858360787032,0.742110559597511
5-12B,7.0,137.0239,-0.07296382525088585,0.1339452648104572
5-12B,7.0,138.9789,1.7118063768850087,0.30391570908416815
5-12B,7.0,139.0014,-0.27708192484355776,0.045724894587364825
5-12B,7.0,139.0067,-0.6031202781031164,0.023620748918100627
5-12B,7.0,139.976,1.092909383269947,1.0372800274505298
5-12B,7.0,143.0713,0.5189538845369435,0.09099510163808011
5-12B,7.0,143.1077,0.8790441779685826,0.1860696253178301
5-12B,7.0,145.0141,-0.2713189123618318,0.14523616551559673
5-12B,7.0,145.0506,-0.638695715271181,0.09244561164618564
5-12B,7.0,145.0623,-0.9202204981509566,0.09048505763222868
5-12B,7.0,145.0982,-0.6561814947668195,0.29633282929489363
5-12B,7.0,145.1106,-0.2586261901881861,0.7329331516459067
5-12B,7.0,146.0459,-0.4979412810248368,0.0074515196982126945
5-12B,7.0,147.0298,-0.883330058865487,0.046649912560818484
5-12B,7.0,147.0662,-1.1984314934742355,0.072232954845867
5-12B,7.0,149.0092,1.7292853655305995,0.1365990578889467
5-12B,7.0,149.0456,1.114043751052368,0.2979571296380343
5-12B,7.0,149.0608,1.428435742977797,0.4145251745465701
5-12B,7.0,150.0422,-0.44115590465066273,0.532065895866029
5-12B,7.0,150.9707,-0.5338603680795566,0.3624568375060871
5-12B,7.0,151.0259,-0.6052414962067468,0.035647931577782004
5-12B,7.0,151.04,1.4004772691067904,0.753729481793806
5-12B,7.0,151.06,-0.5356795212331231,0.6554731322904667
5-12B,7.0,152.0353,0.9973650068591069,0.34976509649815923
5-12B,7.0,152.0716,0.9480865140465375,0.38965576560085574
5-12B,7.0,153.0192,-0.07525702470206119,0.05896895284470936
5-12B,7.0,154.062,-0.3421476807835241,0.06740267379640194
5-12B,7.0,154.9751,-0.9161301767302632,0.048044092387219274
5-12B,7.0,155.0099,-0.9295898941875171,0.03709801557272117
5-12B,7.0,157.0128,-0.9172467970387649,0.010029416236238507
5-12B,7.0,157.0255,-0.908484470990052,0.04608435638935601
5-12B,7.0,157.0379,-0.9062902451611807,0.07710853381423946
5-12B,7.0,157.0504,-1.0639333114055103,0.05984042623184725
5-12B,7.0,159.0297,-0.1372018371070392,0.16540332284508327
5-12B,7.0,159.0775,-1.0618325780200562,0.052850691230905536
5-12B,7.0,160.0616,-1.1476049377566098,0.542032782516703
5-12B,7.0,161.0453,1.0026334847458802,0.21602061007487405
5-12B,7.0,162.0424,-1.2989617565450875,0.04407539354459336
5-12B,7.0,163.0351,-0.7667814437576759,0.0378026097447259
5-12B,7.0,163.0398,0.33260193325313336,0.06498872939614472
5-12B,7.0,163.0611,-0.6774000398629023,0.48004947595488634
5-12B,7.0,164.0716,-0.5172459171844075,0.045266483183450654
5-12B,7.0,165.03,0.7661248674908306,0.5261965874741846
5-12B,7.0,165.0405,1.208902588302599,0.6872901702913112
5-12B,7.0,165.0556,-0.5497342653935762,0.14852619611667936
5-12B,7.0,166.0508,-0.7958077586979627,0.31551087193249633
5-12B,7.0,166.0632,-0.47031985907879337,0.823493141350232
5-12B,7.0,166.9759,-0.8326024280304751,0.15716309866401407
5-12B,7.0,167.0207,-0.17310699173394548,0.19555036450304394
5-12B,7.0,167.0358,1.2322171435901692,0.2043483627166886
5-12B,7.0,167.0828,1.1665860375974983,0.9394514771065273
5-12B,7.0,168.0277,-0.49200478034425993,0.017122341356403205
5-12B,7.0,168.0664,0.6227992688853994,0.4106964011477268
5-12B,7.0,170.0455,-0.7995897512831933,0.04631309016822496
5-12B,7.0,171.0065,-0.7329610039998677,0.08214118477119385
5-12B,7.0,171.0092,-0.4933331390222062,0.29165837027211206
5-12B,7.0,171.0284,-0.8371510760747349,0.11163319207044875
5-12B,7.0,172.0616,-0.8464594823601257,0.2923390555351476
5-12B,7.0,172.962,-0.41864535264686786,0.21586688648824637
5-12B,7.0,173.0089,-0.8192679860635228,0.14339494415569912
5-12B,7.0,173.0453,-1.0256095547702089,0.23379843444765172
5-12B,7.0,173.0932,-0.8438405832358343,0.03978377293865162
5-12B,7.0,173.1041,-0.8625504779210735,0.16714780803153031
5-12B,7.0,174.0407,-0.9425950338883495,0.02971452329257533
5-12B,7.0,174.088,-0.8365530449875039,0.12314519244412296
5-12B,7.0,175.022,-0.9818644213286909,0.11618436862979817
5-12B,7.0,175.0361,-1.0658111703820388,0.028814666422087448
5-12B,7.0,175.0611,-1.1617193276976479,0.046441793417037226
5-12B,7.0,176.0776,-1.1168697100975358,0.1507548981887925
5-12B,7.0,177.0402,-0.823895502617964,0.3281377457541466
5-12B,7.0,177.0553,0.9235703824952826,0.4838022592061137
5-12B,7.0,178.0509,-0.982612575814795,0.01778731906918207
5-12B,7.0,179.0348,0.2246814618375001,0.5144246252792238
5-12B,7.0,179.0561,1.7397546167327804,0.12390266285261778
5-12B,7.0,180.0663,1.9095436802948536,0.10822179975294378
5-12B,7.0,181.0505,-1.1516845165241936,0.19525112977761722
5-12B,7.0,182.9725,0.7738962714328208,0.25116568533972566
5-12B,7.0,183.0661,0.8981622153326542,0.569353906741052
5-12B,7.0,184.0017,-0.5679297875917813,0.08482631620052342
5-12B,7.0,184.9856,-0.676393276607945,0.08886449374820665
5-12B,7.0,186.1136,0.759005342767517,0.7701916254810709
5-12B,7.0,187.0234,-0.712961731498913,0.4987020506560445
5-12B,7.0,188.035,-1.1667855169015775,0.7609513233356942
5-12B,7.0,188.0565,-1.0595813625808912,0.02966991909139967
5-12B,7.0,189.0405,-0.9825164936141443,0.09228846575459017
5-12B,7.0,191.0197,-0.6880200105600546,0.11761212655785366
5-12B,7.0,191.0561,-1.0910617431160659,0.06152967752470552
5-12B,7.0,192.0663,-0.004763811902987344,0.23958166249705062
5-12B,7.0,193.0349,0.006449043531595495,0.26010975940929004
5-12B,7.0,194.0682,-1.0134315008098569,0.17347390538823626
5-12B,7.0,194.0822,1.3359888666206394,0.910576967157347
5-12B,7.0,195.0509,-0.3120170273832874,0.16885275767746263
5-12B,7.0,195.0657,-1.0486597638441395,0.34102586117376643
5-12B,7.0,196.0603,-0.988366339057106,0.1934377764417959
5-12B,7.0,198.0182,-1.0793191220922196,0.3430320547423939
5-12B,7.0,199.0019,-0.30145324661598355,0.3916780807684577
5-12B,7.0,200.9937,0.7481508666032309,0.5738194880313193
5-12B,7.0,201.0051,0.4341510441602568,0.5270571856332421
5-12B,7.0,203.0348,0.4323357736546454,0.38891159387817753
5-12B,7.0,203.0826,-0.07466677671691908,0.009432206528081697
5-12B,7.0,204.0498,1.0896080699637338,0.3089455677889837
5-12B,7.0,205.0351,-1.0662368849778887,0.10060435935026658
5-12B,7.0,206.0822,1.7301217540489864,0.705440135773183
5-12B,7.0,209.0292,-0.32795992856330325,0.45683870791753484
5-12B,7.0,209.0814,0.3280284928139215,0.5018117022290269
5-12B,7.0,211.0235,-0.6827078660063772,0.6560488895555805
5-12B,7.0,211.9968,-1.0216173857583644,0.027025308366126936
5-12B,7.0,212.0331,-0.3762728879710949,0.13321574660979954
5-12B,7.0,212.9807,-0.6521059041476837,0.040307685655640385
5-12B,7.0,213.014,-0.75901374364452,0.23600611602487964
5-12B,7.0,213.0384,-0.6080597992670924,0.2531254747874177
5-12B,7.0,213.1252,0.8010696198178158,1.129253039421701
5-12B,7.0,214.0488,0.7700584574238085,0.5974119933629073
5-12B,7.0,215.0331,1.2067900954108928,0.05410038990516092
5-12B,7.0,216.1351,-0.17528626276658682,0.2431907936748978
5-12B,7.0,218.0335,0.8294987003577401,0.029636815909679315
5-12B,7.0,218.1034,-1.159516589615397,0.05758697920607131
5-12B,7.0,220.0828,0.9898548169048895,0.6779985111112621
5-12B,7.0,221.0443,1.1703080579633487,0.14414584390578183
5-12B,7.0,221.0664,1.4862533572158556,0.6291799953030113
5-12B,7.0,225.0399,-0.06158613189645426,1.0424425961374013
5-12B,7.0,225.0861,1.6628011434391166,0.531720859615978
5-12B,7.0,225.0901,0.8027161102177691,0.48720445515135546
5-12B,7.0,226.0135,0.5850817259170883,0.19489475945710452
5-12B,7.0,226.0697,-0.10904621392930502,0.1273332993356381
5-12B,7.0,228.0501,-0.5684067894837652,0.2527508535487787
5-12B,7.0,229.0122,-0.6233674431003817,0.13078672244544803
5-12B,7.0,237.0614,-1.188816837779108,0.27877226946917355
5-12B,7.0,238.0945,-0.573722533381237,0.22638446882564944
5-12B,7.0,240.0515,-1.2502959393846873,0.06182515138366314
5-12B,7.0,241.0844,-0.5586812863518367,0.29005391763367844
5-12B,7.0,242.0804,-0.2608896745864341,0.5366089302118454
5-12B,7.0,243.029,0.11624926140931809,0.1995791887260542
5-12B,7.0,243.0625,-1.0365921288476563,0.6222548370132495
5-12B,7.0,245.0444,-0.8859160305293761,0.42478121406048963
5-12B,7.0,246.0198,0.05576001642642826,0.2827070365433315
5-12B,7.0,246.064,0.7596515170034607,0.9136958425980433
5-12B,7.0,251.0816,0.1092381469962492,0.39683512305431734
5-12B,7.0,253.0119,-0.3147092019169704,0.024427489075214796
5-12B,7.0,253.0499,-0.7312135332427352,0.25603903760760643
5-12B,7.0,257.0072,-0.5130981409335276,0.46151383659833095
5-12B,7.0,257.1028,0.5569300473078163,0.5534232101766036
5-12B,7.0,259.005,-0.05507828261498848,0.2632553492876502
5-12B,7.0,259.0227,0.3123561628809908,0.1330532990935682
5-12B,7.0,261.0385,0.10327758032081163,0.40912781487853156
5-12B,7.0,266.0703,-0.5928570275169338,0.17572601267656812
5-12B,7.0,267.0724,-0.45028747147120174,0.13910511084805152
5-12B,7.0,268.02,-0.04164946334290531,0.8031403529520175
5-12B,7.0,269.0398,-0.812823050996432,0.18336747770969375
5-12B,7.0,271.0612,-0.06328480293564734,0.2172058755372232
5-12B,7.0,271.0815,0.19120094892609024,0.26119662595338033
5-12B,7.0,273.0021,-0.7444996929001138,0.10828257581963369
5-12B,7.0,274.0933,-1.2840074338804723,0.1479078763069292
5-12B,7.0,275.0184,-0.02966176455680744,0.4555645501673035
5-12B,7.0,275.0991,-0.8316907842298189,0.18587002228017865
5-12B,7.0,277.1207,0.8205990881436274,0.14625069316820302
5-12B,7.0,277.2169,0.6602803787426561,0.12994093370741858
5-12B,7.0,279.2331,-0.10470039896792853,0.021223219778342302
5-12B,7.0,282.0839,-0.6221424197758232,0.761375138683384
5-12B,7.0,283.2063,0.4377797624696027,0.5036746509332749
5-12B,7.0,285.0972,0.22714341589869014,0.8835935620476443
5-12B,7.0,287.0157,1.9174764659909598,0.458085779425769
5-12B,7.0,288.0725,-0.682507341613792,0.05416728063930255
5-12B,7.0,289.0333,-0.5683898037382809,0.4781930033504872
5-12B,7.0,289.1044,-1.4854165878528125,0.19376955467816626
5-12B,7.0,290.9677,-0.4935531442195319,0.029039604319601307
5-12B,7.0,294.0479,1.3842137260345033,1.1456489468139106
5-12B,7.0,300.0509,0.08298580755562,0.7004616748301374
5-12B,7.0,301.0333,0.46338063923175016,0.8011681330201361
5-12B,7.0,303.2326,0.7513194579112877,1.1997868132005687
5-12B,7.0,305.0207,1.9368830418734297,0.1876810076818604
5-12B,7.0,306.0481,-1.1147086581027899,0.05652478221747678
5-12B,7.0,306.0765,-0.2901974208234961,0.029437754178468993
5-12B,7.0,308.0986,4.179662402317893,0.17234154478383293
5-12B,7.0,313.0441,-0.740598318998593,0.1630998498420401
5-12B,7.0,313.1037,-0.8333195770933056,0.20635760382670887
5-12B,7.0,317.026,-0.22723034991398744,0.3487690952965338
5-12B,7.0,323.0256,1.1309759451594856,0.6524049292642824
5-12B,7.0,325.1163,0.5742942015997744,0.5620220941450617
5-12B,7.0,328.0457,-0.5679721045251455,0.2172188789634481
5-12B,7.0,333.0589,-1.0098880014507658,0.19287100446113653
5-12B,7.0,338.9884,-0.751059941829466,0.23532575770509825
5-12B,7.0,339.0928,-0.402960234311941,1.2253717198624352
5-12B,7.0,341.1089,0.5136280983702444,0.1771697066406405
5-12B,7.0,344.0393,-0.33930644012804334,0.1880396504402583
5-12B,7.0,346.0556,-0.6387828503178455,0.10681628403876697
5-12B,7.0,348.087,-1.0698716609264902,0.13077529039829414
5-12B,7.0,353.0489,-0.37284061164215004,0.4352859264112622
5-12B,7.0,357.089,-0.7185018686106612,0.3199924548050842
5-12B,7.0,375.131,-1.8559921861257394,0.7604084780567835
5-12B,7.0,377.1496,-0.5579628523254928,0.9876717612603344
5-12B,7.0,383.1188,0.6867591018613527,0.5495582884934037
5-12B,7.0,388.9416,0.07413114170995905,0.34620823122268907
5-12B,7.0,388.9442,-0.599033734730001,0.27801313329559757
5-12B,7.0,401.0756,1.2096698155420067,0.03401543132827091
5-12B,7.0,407.2795,0.1954124215752267,0.15248245989330095
5-12B,7.0,421.0743,-0.5220502001176344,0.7863238113757278
5-12B,7.0,426.0222,0.16421756950964028,0.24958107504663074
5-12B,7.0,442.9997,0.1211208934382823,0.16112439574568382
5-12B,7.0,466.9657,2.4154665299006703,0.34694019796235837
5-12B,7.0,490.9787,0.5777991799577011,0.3252013840185734
5-12B,7.0,503.1614,0.4815669395916393,0.2704134720392739
5-12B,7.0,547.0731,-1.2176523689413514,0.07419943456101194
5-12B,7.0,565.0471,-0.5996206816886591,0.22739866447328744
5-12B,7.0,578.8872,0.9925880498354864,0.2013830316427802
5-12B,7.0,579.0269,0.2445403795913711,0.15885715454992014
5-12B,7.0,612.2549,-1.4226692553886693,0.360963925380018
5-12B,7.0,624.2949,-0.04236854540151236,0.5553637426497652
5-12B,7.0,659.307,1.7738117212763944,0.47920756185549085
5-12B,7.0,664.0939,0.0848064441895376,0.04036316691713191
5-12B,7.0,665.2144,-0.42679445721437714,0.4323675293299187
5-12B,7.0,668.1374,-0.5825690817528304,0.01931655470209839
5-12B,7.0,787.255,1.78376371084097,0.24038602771783138
5-12B,7.0,790.2568,2.034159003019638,0.3277034745684385
5-12B,7.0,835.0407,-0.4336013122743754,0.28483441604460813
5-12B,7.0,863.2971,-0.5825360209646026,0.10685784056602253
5-12B,7.0,864.1473,1.684763154208689,0.8965065517261562
5-12B,7.0,974.2935,-0.39175310538728975,0.13077353536290162
5-12B,7.0,976.7162,1.8053253735058208,0.3380006449809949
5-12B,8.0,57.0342,1.1324661237226876,0.37899160894818457
5-12B,8.0,58.0295,-0.8425444762016018,0.12955137904279362
5-12B,8.0,59.0135,2.2675576862399556,0.3766176285378488
5-12B,8.0,71.0137,2.124695122326,0.2689992480796479
5-12B,8.0,73.0293,-0.8433915339901974,0.02257425459454653
5-12B,8.0,74.0247,-1.366781692304925,0.1684096697107763
5-12B,8.0,75.0087,-0.6243174488759249,0.4827881964473483
5-12B,8.0,87.0088,-0.5966193375003419,0.03675576395775576
5-12B,8.0,87.0451,0.6609494385315504,0.7147079301393311
5-12B,8.0,88.0403,-0.8454007677902164,0.028271866046405306
5-12B,8.0,88.9883,-1.3767559671715988,0.33726797246430124
5-12B,8.0,89.0244,-0.30305485418579964,0.06721087420826485
5-12B,8.0,93.0338,-0.05397707849429004,0.010953339502710787
5-12B,8.0,94.9761,-1.0045696410469125,0.8427608880189064
5-12B,8.0,94.9806,2.024387588623942,0.7685175773957773
5-12B,8.0,95.0139,2.174463970020265,0.13627510084412975
5-12B,8.0,101.0242,1.7173879862560937,0.27121898242062553
5-12B,8.0,102.056,-0.44707276742584756,0.08824570188405148
5-12B,8.0,103.0402,-0.809060358964306,0.06667982174181353
5-12B,8.0,103.0509,-0.8795738962728279,0.08813097945779359
5-12B,8.0,104.0352,-0.6775545123764184,0.20169308218211
5-12B,8.0,105.0193,-0.0868599601661069,0.500051095069067
5-12B,8.0,107.0503,2.1694113129179144,0.599930284738059
5-12B,8.0,109.0295,-0.6268680540120792,0.03643497272569492
5-12B,8.0,111.02,-0.45428261771452627,0.015979853990382854
5-12B,8.0,112.0516,1.2196155135042495,0.5181566278159222
5-12B,8.0,113.0244,1.7658680155098883,0.16495905042748632
5-12B,8.0,113.0357,0.2021204826887143,0.08823753376456225
5-12B,8.0,114.056,-0.009879317229883871,0.005150147465281172
5-12B,8.0,115.0037,-0.742348391216334,0.033607570841201806
5-12B,8.0,115.0402,-0.0567637501850401,0.5501811621682515
5-12B,8.0,115.0764,1.1254382776252063,0.5197386637314524
5-12B,8.0,116.0354,-0.57863374651003,0.19112413068189069
5-12B,8.0,116.0717,-0.6985393537413954,0.018769822155672317
5-12B,8.0,117.0194,-0.8433392922620775,0.015428325524725705
5-12B,8.0,118.0508,-1.3460945680189007,0.09944202436085504
5-12B,8.0,118.9804,2.105913729910732,0.416405404023998
5-12B,8.0,119.0503,1.0027949474018887,0.3812169425831513
5-12B,8.0,120.9273,-0.5777395903027978,0.07667909038171773
5-12B,8.0,121.0295,0.924064991700875,0.7036416492918954
5-12B,8.0,121.0409,0.7526080667887931,0.17488161960603194
5-12B,8.0,122.0248,1.8193142177841648,0.5755710020031531
5-12B,8.0,124.0075,0.7467832314388636,0.17061537678926275
5-12B,8.0,124.0144,2.2962903465895907,0.21600150913048416
5-12B,8.0,125.0439,1.7323766521936426,0.1897653123116721
5-12B,8.0,127.0764,1.0236589834277765,0.24360810823929263
5-12B,8.0,128.0354,4.081562411254823,0.2616550996130488
5-12B,8.0,129.0193,-0.8048917957533015,0.05203092416720271
5-12B,8.0,129.0556,1.3207834467035129,0.7121242144225718
5-12B,8.0,130.0142,-0.6934625704493659,0.10145625492125725
5-12B,8.0,130.0509,-0.9376805297517348,0.009192935053539629
5-12B,8.0,130.0874,-1.0135260611196748,0.01931591402059321
5-12B,8.0,131.0008,-0.32693036336064907,1.246463631172683
5-12B,8.0,131.0123,-0.5806291161756325,0.07088697529917436
5-12B,8.0,131.035,0.6758042571078835,0.10198754945739733
5-12B,8.0,131.0462,0.6844700446218415,0.35247715755611353
5-12B,8.0,131.0828,-0.7562255536367837,0.08598646910966795
5-12B,8.0,132.0302,-0.846262549690543,0.007770719719950198
5-12B,8.0,133.0142,-0.35671407303553515,0.06954487910413316
5-12B,8.0,133.0257,-0.4999846725519927,0.06965953744675753
5-12B,8.0,133.0505,-1.1202274494439712,0.02374207402512644
5-12B,8.0,134.0472,-0.6433413116993645,0.27027143831279643
5-12B,8.0,134.0604,-1.0917539463175356,0.6259914060870504
5-12B,8.0,135.0302,-0.7674743910461913,0.06843625207664719
5-12B,8.0,135.0453,1.383135867403792,0.2838427531916056
5-12B,8.0,136.0404,-0.2893864732835004,0.08970737407691103
5-12B,8.0,136.0487,0.9711753407012739,0.4162245831901179
5-12B,8.0,136.0767,0.9928755812259534,0.7233398492791934
5-12B,8.0,137.0239,-0.2699785391960779,0.33345534900089574
5-12B,8.0,138.9789,-0.39027733874614434,0.2593518033066327
5-12B,8.0,139.0014,-0.155245945041786,0.028541878508473405
5-12B,8.0,139.0067,-0.4499173941379071,0.07006021204912877
5-12B,8.0,139.976,0.8614248640772874,0.5409820775942723
5-12B,8.0,143.0713,0.4800452419762663,0.5946541669396613
5-12B,8.0,143.1077,0.7799406386778952,0.7044076488207198
5-12B,8.0,145.0141,-0.26680380296563233,0.1099046507810687
5-12B,8.0,145.0506,-0.732226573258741,0.2089684756592268
5-12B,8.0,145.0623,-1.2670493320145302,0.05041593581462713
5-12B,8.0,145.0982,-0.7340609707604553,0.1564825463755916
5-12B,8.0,145.1106,-0.7622758154841216,0.9700884447610149
5-12B,8.0,146.0459,-0.4931721248944417,0.0050979730164251585
5-12B,8.0,147.0298,-0.7380098088792856,0.06447271527307848
5-12B,8.0,147.0662,-1.1480686222938268,0.02974503395471628
5-12B,8.0,149.0092,1.6219703566482369,0.4290290751678985
5-12B,8.0,149.0456,0.2759864358472496,0.5077468772609951
5-12B,8.0,149.0608,1.2444555423231753,0.5242364697458034
5-12B,8.0,150.0422,-0.7331931726162892,0.49785687040291726
5-12B,8.0,150.9707,0.5152340395449235,0.7377124077025919
5-12B,8.0,151.0259,-0.498605515783536,0.07737084403420215
5-12B,8.0,151.04,0.9494876374806649,1.3641837439058697
5-12B,8.0,151.06,-0.4806396741908806,0.654344431160588
5-12B,8.0,152.0353,0.6895082747518095,0.5713310042872318
5-12B,8.0,152.0716,0.5074776955251902,0.6016310700729208
5-12B,8.0,153.0192,0.22161423235382535,0.12171608242311407
5-12B,8.0,154.062,-0.48816493526305177,0.10415843765052521
5-12B,8.0,154.9751,-0.8405840718781048,0.01891850327089581
5-12B,8.0,155.0099,-0.4053374509586881,0.025432103507160148
5-12B,8.0,157.0128,-0.7157003994215694,0.04807256903867488
5-12B,8.0,157.0255,-0.26105861579428613,0.04280974339213621
5-12B,8.0,157.0379,-0.32190737098488076,0.06812144610463117
5-12B,8.0,157.0504,-0.9610889631147479,0.09214425716202315
5-12B,8.0,159.0297,-0.45450125534940145,0.29486954785582264
5-12B,8.0,159.0775,-0.940876435134016,0.06768652788264783
5-12B,8.0,160.0616,-1.1612105081648978,0.5111427019517736
5-12B,8.0,161.0453,0.14996828448003482,0.2526133170003375
5-12B,8.0,162.0424,-1.2720561545665605,0.1340704376473565
5-12B,8.0,163.0351,-0.7822008346591254,0.18176011722388674
5-12B,8.0,163.0398,0.8045248680626387,0.09131385970790014
5-12B,8.0,163.0611,-0.358107171852052,1.0906171956808532
5-12B,8.0,164.0716,-0.5098885584576451,0.0340185588986973
5-12B,8.0,165.03,1.7180324351059513,0.45784341985869725
5-12B,8.0,165.0405,0.9374967018257474,0.6355042021063476
5-12B,8.0,165.0556,-0.48697437112211406,0.22282476489136205
5-12B,8.0,166.0508,-0.6432448677044873,0.15204365566154465
5-12B,8.0,166.0632,-0.4985556914405883,0.8234064569801571
5-12B,8.0,166.9759,-0.4702407918289858,0.2718630566384506
5-12B,8.0,167.0207,-0.0870049370165148,0.4074642366874242
5-12B,8.0,167.0358,1.449739659330787,0.657827401358758
5-12B,8.0,167.0828,0.6501760484221171,0.8848657793662885
5-12B,8.0,168.0277,-0.4557891183850138,0.02873525479062418
5-12B,8.0,168.0664,0.3181328389571266,0.41946482616708286
5-12B,8.0,170.0455,-0.6784955217949107,0.03654742617981642
5-12B,8.0,171.0065,-0.7045107242610127,0.07122996021704577
5-12B,8.0,171.0092,-0.37658021932461166,0.31106385423670124
5-12B,8.0,171.0284,-0.793871893454769,0.027340289431591662
5-12B,8.0,172.0616,-0.4713851038874952,0.32248914703958725
5-12B,8.0,172.962,-0.6048222321558381,0.043806076250664495
5-12B,8.0,173.0089,-0.747322966585267,0.15170010986945714
5-12B,8.0,173.0453,-0.8815848487759614,0.1684085656571992
5-12B,8.0,173.0932,-0.8574443960351608,0.018489705074480965
5-12B,8.0,173.1041,-1.1444025319476463,0.0903320983122389
5-12B,8.0,174.0407,-0.9025753476198114,0.008278425337712062
5-12B,8.0,174.088,-0.9414093192831001,0.0707312217634484
5-12B,8.0,175.022,-0.5228653873494018,0.19656682263051156
5-12B,8.0,175.0361,-0.8330883445956534,0.020790244764370625
5-12B,8.0,175.0611,-1.0647590645979221,0.034104498512614184
5-12B,8.0,176.0776,-0.867727789475643,0.2954426613773834
5-12B,8.0,177.0402,-0.6246372766271455,0.43204375725455946
5-12B,8.0,177.0553,1.174315980832529,0.68537576461339
5-12B,8.0,178.0509,-0.8520691718293131,0.040425198161637234
5-12B,8.0,179.0348,0.5665575351486283,0.3415922258318526
5-12B,8.0,179.0561,0.7949861196152319,0.11292825545565527
5-12B,8.0,180.0663,0.9477486614268014,0.10535709748296801
5-12B,8.0,181.0505,-1.1152896761742874,0.06479863235640972
5-12B,8.0,182.9725,1.494194570014082,0.21121369072480478
5-12B,8.0,183.0661,0.5775129784688886,1.0636766809918956
5-12B,8.0,184.0017,-0.44226312198387246,0.06642420405413446
5-12B,8.0,184.9856,-0.44461285445877186,0.18301050673339084
5-12B,8.0,186.1136,1.87799471018766,0.8056276399142639
5-12B,8.0,187.0234,-0.6816798580336655,0.11671277849560939
5-12B,8.0,188.035,-0.1252251103194655,0.36733573307824796
5-12B,8.0,188.0565,-0.9571496564396498,0.00876430275801313
5-12B,8.0,189.0405,-0.5766429085178608,0.0662862339809261
5-12B,8.0,191.0197,-0.01863647912972477,0.34840201783805896
5-12B,8.0,191.0561,-0.8535199909683495,0.16067748300314053
5-12B,8.0,192.0663,-0.3307707183873728,0.7819007935903226
5-12B,8.0,193.0349,0.6238210256922401,0.21444194192843866
5-12B,8.0,194.0682,-0.9534278476536362,0.11093323039350698
5-12B,8.0,194.0822,1.3415817616081145,0.72999216412582
5-12B,8.0,195.0509,0.269228598143469,0.03199496357938227
5-12B,8.0,195.0657,0.4602644841320429,0.8348053501212871
5-12B,8.0,196.0603,-0.784607549226858,0.08833880576016684
5-12B,8.0,198.0182,-0.37765128489770095,0.34020598522775075
5-12B,8.0,199.0019,-0.1212682389470839,0.0794850767960325
5-12B,8.0,200.9937,0.6544873395208636,0.4466162703282172
5-12B,8.0,201.0051,-0.11474414442757547,0.518965603926226
5-12B,8.0,203.0348,0.0645106026909583,0.23824121078738303
5-12B,8.0,203.0826,-0.09340348777004004,0.005027452675096431
5-12B,8.0,204.0498,0.459538638646968,0.2823065579303396
5-12B,8.0,205.0351,-0.6110466686723626,0.23097745483126447
5-12B,8.0,206.0822,0.2352070139148216,0.10763664241899977
5-12B,8.0,209.0292,-0.19534166495939423,0.6430575196908312
5-12B,8.0,209.0814,-0.18141307603214724,0.37287778919208625
5-12B,8.0,211.0235,-0.251037309527501,0.34705609604238347
5-12B,8.0,211.9968,-0.9095047850050566,0.05432748045081562
5-12B,8.0,212.0331,-0.24899258474812178,0.6830534472530756
5-12B,8.0,212.9807,-0.5060937962931569,0.07138788820461198
5-12B,8.0,213.014,-0.9895070961524726,0.1363860340475286
5-12B,8.0,213.0384,-0.24266736171829834,0.09146064334229818
5-12B,8.0,213.1252,0.6195202116810031,0.5836590817695603
5-12B,8.0,214.0488,1.6151020881686748,0.589514464649097
5-12B,8.0,215.0331,1.612371986207755,0.1565164973634479
5-12B,8.0,216.1351,0.48039905390073023,0.15143607007715848
5-12B,8.0,218.0335,1.4994462185446502,0.12416744932450188
5-12B,8.0,218.1034,-0.9569389478285437,0.03654858165080971
5-12B,8.0,220.0828,0.11581490859840277,0.7571501273760087
5-12B,8.0,221.0443,1.9255697128857383,0.2718987357601861
5-12B,8.0,221.0664,2.6134811653719323,0.39273825377973853
5-12B,8.0,225.0399,-0.01218270866024412,0.5711091941997766
5-12B,8.0,225.0861,1.5510809830322687,0.6244238298547959
5-12B,8.0,225.0901,1.10348162413785,0.5404063862211894
5-12B,8.0,226.0135,1.1075947311915377,0.34647866797498666
5-12B,8.0,226.0697,1.128029800285721,0.6880540898206252
5-12B,8.0,228.0501,-0.6950915201613961,0.0761937351469153
5-12B,8.0,229.0122,-0.5969224465673094,0.24662999174692557
5-12B,8.0,237.0614,-0.7983533855357237,0.22091869577483522
5-12B,8.0,238.0945,-0.6234062883204113,0.2336911850004885
5-12B,8.0,240.0515,-0.9634201931307718,0.023295042962230696
5-12B,8.0,241.0844,-0.08451959200983478,1.2347483496420957
5-12B,8.0,242.0804,-0.27891485752342793,0.6395167364257458
5-12B,8.0,243.029,0.0026214907512010655,0.03796229932153551
5-12B,8.0,243.0625,-0.7602340240637576,0.18200952444475277
5-12B,8.0,245.0444,-0.4899674086498208,0.29850481865563905
5-12B,8.0,246.0198,-0.1298043384586918,0.39912861014837897
5-12B,8.0,246.064,2.3894944213558693,1.1476944561941418
5-12B,8.0,251.0816,-0.2786928195974617,0.10060130175819874
5-12B,8.0,253.0119,-0.32831373267740127,0.011917246650464954
5-12B,8.0,253.0499,0.6256312110352353,1.791014112955525
5-12B,8.0,257.0072,-0.35428033766159056,0.38322020465098067
5-12B,8.0,257.1028,1.2393536108131473,0.38475294172421076
5-12B,8.0,259.005,1.0806606727559096,0.6707055400605338
5-12B,8.0,259.0227,0.768584697722327,0.17683454157027248
5-12B,8.0,261.0385,0.27307786432078424,0.22935578495054404
5-12B,8.0,266.0703,-0.7919112778488028,0.11942169585371308
5-12B,8.0,267.0724,-0.3174167336122466,0.08904541202896085
5-12B,8.0,268.02,-0.026169775710175567,0.7599240353577842
5-12B,8.0,269.0398,-0.7295003460357709,0.1721983671419974
5-12B,8.0,271.0612,0.20814470636106347,1.0438973809968304
5-12B,8.0,271.0815,-0.11862276102361585,0.6450525076767127
5-12B,8.0,273.0021,-0.7834982360385767,0.12230329565149467
5-12B,8.0,274.0933,-1.0345405043139781,0.1586615403523085
5-12B,8.0,275.0184,-0.29965478618335206,0.7411882144618681
5-12B,8.0,275.0991,-0.8835651357649272,0.22771828524496732
5-12B,8.0,277.1207,1.0191404374305675,0.1324185851399427
5-12B,8.0,277.2169,1.1454343360334156,0.6123957828276558
5-12B,8.0,279.2331,-0.23195928291243567,0.030999528225244925
5-12B,8.0,282.0839,-0.9534292361824768,0.40311894021968847
5-12B,8.0,283.2063,0.02666486428643463,0.32511829139818105
5-12B,8.0,285.0972,0.07457119502106285,1.1020213483719645
5-12B,8.0,287.0157,0.8693324367496469,0.35748720630442965
5-12B,8.0,288.0725,-0.6067234618158601,0.1305125684775086
5-12B,8.0,289.0333,1.654633990805122,1.2588397787989474
5-12B,8.0,289.1044,-1.0611181766686113,0.19246190943132985
5-12B,8.0,290.9677,-0.3175111000842215,0.11657971935804873
5-12B,8.0,294.0479,0.44752777801086213,0.651026529144106
5-12B,8.0,300.0509,0.19686679214493005,0.2934723432765907
5-12B,8.0,301.0333,1.3785954483642024,0.3364191258508461
5-12B,8.0,303.2326,0.09033087301914405,0.25096671247833496
5-12B,8.0,305.0207,0.9711967387567668,0.22295790699757098
5-12B,8.0,306.0481,-0.7891196481704559,0.2058646206249595
5-12B,8.0,306.0765,-0.21594668163579672,0.039961850347274626
5-12B,8.0,308.0986,5.038345820262112,0.1529431704744078
5-12B,8.0,313.0441,-0.48075025763589435,0.2577319452624529
5-12B,8.0,313.1037,-0.6210770605890578,0.2903814451411996
5-12B,8.0,317.026,0.5068273553165727,0.8325666601928656
5-12B,8.0,323.0256,-1.401683152240667,0.38032619168308607
5-12B,8.0,325.1163,-0.46519088804518594,0.24397680935039673
5-12B,8.0,328.0457,-0.5435110635929599,0.12884909847468345
5-12B,8.0,333.0589,-0.7788058472819859,0.464487766704969
5-12B,8.0,338.9884,-0.295573623512441,0.5245440727613908
5-12B,8.0,339.0928,-0.08822045626060468,0.39195497799654333
5-12B,8.0,341.1089,1.5914701323072227,0.2400720832295913
5-12B,8.0,344.0393,-0.5854174100006686,0.24296704642968459
5-12B,8.0,346.0556,-0.5508805340050926,0.2763629370604334
5-12B,8.0,348.087,-0.7260706245923529,0.16481808246078009
5-12B,8.0,353.0489,0.8344547085287528,0.6138296079015824
5-12B,8.0,357.089,-0.6921658825722107,0.3037958274467795
5-12B,8.0,375.131,-0.7800561393512536,0.7118032167823155
5-12B,8.0,377.1496,0.6727299878913287,0.37025952759024894
5-12B,8.0,383.1188,2.9458591811729464,0.5554572741963036
5-12B,8.0,388.9416,0.49206055502079904,0.14085162696180797
5-12B,8.0,388.9442,0.009202822142024983,0.22798412237094853
5-12B,8.0,401.0756,1.5519479461852548,0.1511471394768117
5-12B,8.0,407.2795,0.4655349430871514,0.37782688314458707
5-12B,8.0,421.0743,0.006886908677830457,0.7135941338947832
5-12B,8.0,426.0222,-0.4300269231690226,0.5963087832939118
5-12B,8.0,442.9997,0.3632327158527824,0.09903303739382516
5-12B,8.0,466.9657,0.24079696618937435,0.2568669296889146
5-12B,8.0,490.9787,1.0215067665297262,0.9024862993889736
5-12B,8.0,503.1614,2.6590835296500597,0.19829888690471092
5-12B,8.0,547.0731,-1.0557927473223598,0.05464011003741088
5-12B,8.0,565.0471,-0.41312399385968657,0.18212518603887554
5-12B,8.0,578.8872,1.3637809440166793,0.20337575140623368
5-12B,8.0,579.0269,2.8298548388432203,0.24609713677132172
5-12B,8.0,612.2549,-0.7312940634088791,0.4350652679554829
5-12B,8.0,624.2949,-0.5040171021072211,0.1927319652265584
5-12B,8.0,659.307,-0.823397058288744,0.17336234809136966
5-12B,8.0,664.0939,-0.4495799919762419,0.1458869356032914
5-12B,8.0,665.2144,-0.004051183829778954,0.5508988324820846
5-12B,8.0,668.1374,-0.5914452593037375,0.004670606598324859
5-12B,8.0,787.255,-1.0619363559941941,0.3975094803105039
5-12B,8.0,790.2568,-0.42199175034388736,0.052916001189917426
5-12B,8.0,835.0407,-0.4945362723972772,0.2847290896575177
5-12B,8.0,863.2971,-0.7934690383848473,0.12189803470266922
5-12B,8.0,864.1473,-1.0724716219533192,0.1752107418701816
5-12B,8.0,974.2935,-0.638665074355227,0.15635952864341435
5-12B,8.0,976.7162,0.3247046440324227,0.10447440617616009
5-12B,9.0,57.0342,1.0027393916560516,0.4132338534957875
5-12B,9.0,58.0295,-0.8601399946096377,0.1996771283290867
5-12B,9.0,59.0135,1.791001568491732,0.17393596430043368
5-12B,9.0,71.0137,1.7917978884004588,0.17253025702930036
5-12B,9.0,73.0293,-0.9000300350914845,0.017962986443579076
5-12B,9.0,74.0247,-1.2454585094216046,0.3082709024788393
5-12B,9.0,75.0087,-0.2806533353229126,0.9566193016632988
5-12B,9.0,87.0088,-0.667277360206048,0.007386409238083634
5-12B,9.0,87.0451,0.3892694879823513,0.5318159738888785
5-12B,9.0,88.0403,-0.8182952205586573,0.025470303920914723
5-12B,9.0,88.9883,-0.997042352775261,0.2520452436078722
5-12B,9.0,89.0244,-0.37545470632631905,0.11849248892777434
5-12B,9.0,93.0338,-0.06676849446885293,0.015090241914288762
5-12B,9.0,94.9761,-0.6346496891558004,0.19682035466863096
5-12B,9.0,94.9806,1.381424766390072,0.2927505135305398
5-12B,9.0,95.0139,1.2784897587258213,0.27628914129642124
5-12B,9.0,101.0242,0.9941928762971569,0.1698278599726383
5-12B,9.0,102.056,-0.5320836058196741,0.07005861467865387
5-12B,9.0,103.0402,-0.8569678836903436,0.027820315081754685
5-12B,9.0,103.0509,-0.7441995480080305,0.2596039183985909
5-12B,9.0,104.0352,-0.6416575459824111,0.1909262594604417
5-12B,9.0,105.0193,-0.9080682941388905,0.16859300214715867
5-12B,9.0,107.0503,0.35179740901469736,0.3641375178100856
5-12B,9.0,109.0295,-0.7962317662305425,0.08053409402333976
5-12B,9.0,111.02,-0.4640933674404335,0.036100679367377236
5-12B,9.0,112.0516,-0.08310377541125002,0.7587045303826081
5-12B,9.0,113.0244,1.2687294513464307,0.11050479523465888
5-12B,9.0,113.0357,0.3149098443792847,0.08950682702156205
5-12B,9.0,114.056,-0.025441066461647288,0.009709977532307042
5-12B,9.0,115.0037,-0.8165893446600918,0.03504488128819744
5-12B,9.0,115.0402,-0.7681070553626508,0.47315005238589064
5-12B,9.0,115.0764,-0.2732493406194078,0.30019997418712485
5-12B,9.0,116.0354,-0.5948507730305013,0.2153668385436461
5-12B,9.0,116.0717,-0.7602641092105507,0.0052363023813342575
5-12B,9.0,117.0194,-0.8913072634902005,0.00521499600029582
5-12B,9.0,118.0508,-1.479771128482758,0.1373522711458956
5-12B,9.0,118.9804,1.6365774558397628,0.14482588332799082
5-12B,9.0,119.0503,0.9668058246720572,0.14233819850768853
5-12B,9.0,120.9273,-0.6926202013417038,0.030248424547779092
5-12B,9.0,121.0295,-0.004990268255478776,0.2614679737112101
5-12B,9.0,121.0409,0.3759337455734295,0.4446357091670656
5-12B,9.0,122.0248,-0.10126240535883448,0.1167629301977455
5-12B,9.0,124.0075,0.1986555955642702,0.09343086669617999
5-12B,9.0,124.0144,1.3985093034240021,0.22175540180628833
5-12B,9.0,125.0439,0.4561987706222257,0.18503113151811343
5-12B,9.0,127.0764,0.5847531771417659,0.5045890619870751
5-12B,9.0,128.0354,4.267001147989362,0.37177743954597814
5-12B,9.0,129.0193,-0.8257027885315329,0.031761818791018984
5-12B,9.0,129.0556,0.7958037098694111,0.4600597361428228
5-12B,9.0,130.0142,-0.9854174830743891,0.27478774211309726
5-12B,9.0,130.0509,-0.9037331922684455,0.03170950788858362
5-12B,9.0,130.0874,-1.0389590026618145,0.03770223151608971
5-12B,9.0,131.0008,-0.1617072597089455,1.1875110687994053
5-12B,9.0,131.0123,-0.7833103316415311,0.0651982775338713
5-12B,9.0,131.035,-0.0066918268940671585,0.1855879931847443
5-12B,9.0,131.0462,0.0292470983133954,0.09294978715768254
5-12B,9.0,131.0828,-0.7028364710198448,0.024236656433106112
5-12B,9.0,132.0302,-0.7757140412340202,0.01670696077564483
5-12B,9.0,133.0142,-0.4071789618973579,0.054315413814197314
5-12B,9.0,133.0257,-0.5193349471100903,0.14716749322306805
5-12B,9.0,133.0505,-1.0363909162229472,0.02879719093893666
5-12B,9.0,134.0472,-0.4103988560217693,0.22836184031064202
5-12B,9.0,134.0604,-1.0860329399409352,0.34562399774380304
5-12B,9.0,135.0302,-0.85644261302025,0.11922654512701446
5-12B,9.0,135.0453,1.6272105439853277,0.26838267495354245
5-12B,9.0,136.0404,-0.39843668545260097,0.06088357801171727
5-12B,9.0,136.0487,1.157365579859775,0.6270537639032226
5-12B,9.0,136.0767,0.13789958801372343,0.6234086549710344
5-12B,9.0,137.0239,0.21848986916630894,0.13530914660901766
5-12B,9.0,138.9789,-0.6165468016492573,0.22641311114603815
5-12B,9.0,139.0014,-0.2218114564424256,0.07231867735516458
5-12B,9.0,139.0067,-0.5906422348356591,0.02375815753507197
5-12B,9.0,139.976,0.8383524749792237,0.3088881800831421
5-12B,9.0,143.0713,0.03573364628337167,0.26789853548242937
5-12B,9.0,143.1077,0.2103022237724257,0.5738430154295318
5-12B,9.0,145.0141,-0.3103294575449951,0.11488747687485003
5-12B,9.0,145.0506,-0.8548740616006993,0.1875433157326284
5-12B,9.0,145.0623,-1.0169591247784253,0.18635931790629418
5-12B,9.0,145.0982,-0.5839807305643865,0.08940896336653784
5-12B,9.0,145.1106,-0.2435304248523406,0.4396717173293781
5-12B,9.0,146.0459,-0.48169995449353953,0.00813227371623861
5-12B,9.0,147.0298,-0.7628139084002041,0.033558812961371136
5-12B,9.0,147.0662,-0.9432240250279949,0.04374893518839729
5-12B,9.0,149.0092,1.761623593653633,0.493459480618822
5-12B,9.0,149.0456,0.35828988792949357,0.2931296881586564
5-12B,9.0,149.0608,1.0022444288011054,0.6002743578975842
5-12B,9.0,150.0422,-0.1982339953883461,0.582646796265094
5-12B,9.0,150.9707,-0.043181566403224944,1.011473577239755
5-12B,9.0,151.0259,-0.5608798088128389,0.08684581573184506
5-12B,9.0,151.04,0.5792542013949536,0.3943085406571173
5-12B,9.0,151.06,-1.4476142418349833,0.4469226357918801
5-12B,9.0,152.0353,0.04008201004571535,0.48366850887635165
5-12B,9.0,152.0716,-0.2729539722509449,0.4377152985259
5-12B,9.0,153.0192,0.28966583828502734,0.16124691800053165
5-12B,9.0,154.062,-0.5160632039960118,0.04517069954278045
5-12B,9.0,154.9751,-0.9086842042048445,0.011204795999562022
5-12B,9.0,155.0099,-0.4576518197864877,0.04656819120780555
5-12B,9.0,157.0128,-0.738691517340777,0.04505409382817652
5-12B,9.0,157.0255,-0.04705495857388442,0.09470006226098175
5-12B,9.0,157.0379,-0.09477604637497353,0.13993471418137574
5-12B,9.0,157.0504,-0.9268334255888251,0.06996478241950031
5-12B,9.0,159.0297,-0.7429779253901669,0.28003639407324427
5-12B,9.0,159.0775,-0.8880732458538158,0.05360590099039495
5-12B,9.0,160.0616,-1.2841297994397762,0.16464334949570963
5-12B,9.0,161.0453,-0.5087140424359613,0.2340707885827746
5-12B,9.0,162.0424,-1.1588909616955028,0.15819794651385727
5-12B,9.0,163.0351,-0.4390714014455439,0.18815156742829342
5-12B,9.0,163.0398,0.6708688199583739,0.04893478847120699
5-12B,9.0,163.0611,-1.1521926812556602,0.8830817389949799
5-12B,9.0,164.0716,-0.5854303563400702,0.07137086073413361
5-12B,9.0,165.03,0.6474672513237929,0.5557097201561935
5-12B,9.0,165.0405,0.5920006224964643,0.37710160321408154
5-12B,9.0,165.0556,-0.6976748653599801,0.09570459757489995
5-12B,9.0,166.0508,-1.0699154830281077,0.14245398123751093
5-12B,9.0,166.0632,-1.0333252437473108,0.8541640440774737
5-12B,9.0,166.9759,-0.5088299530868068,0.29965662801299436
5-12B,9.0,167.0207,-0.07452637836181471,0.20922273085122395
5-12B,9.0,167.0358,1.1507059591203332,0.4032272488507933
5-12B,9.0,167.0828,0.6987920515871633,1.1041086501681765
5-12B,9.0,168.0277,-0.4562805626495965,0.01821537104812452
5-12B,9.0,168.0664,-0.060842476319505526,0.5497435443463548
5-12B,9.0,170.0455,-0.7612409801414682,0.01978215269119169
5-12B,9.0,171.0065,-0.6396893482650987,0.14689420083666463
5-12B,9.0,171.0092,-0.40503261151982384,0.3514312913051921
5-12B,9.0,171.0284,-0.7949438236744586,0.03890637303225499
5-12B,9.0,172.0616,-0.2906341541238323,0.17562880489978583
5-12B,9.0,172.962,-0.5159625559526625,0.13771931821225303
5-12B,9.0,173.0089,-0.8573144575967555,0.11318393091136306
5-12B,9.0,173.0453,-0.9233806861203869,0.24802778409936987
5-12B,9.0,173.0932,-0.7792814485060833,0.08338137255535284
5-12B,9.0,173.1041,-1.0187689786503258,0.12163290246333557
5-12B,9.0,174.0407,-0.8295874519788768,0.02503266093008752
5-12B,9.0,174.088,-0.913919971697498,0.17333254714948537
5-12B,9.0,175.022,-0.7285641566831518,0.07538339358362285
5-12B,9.0,175.0361,-0.7485942292518428,0.03071729213333256
5-12B,9.0,175.0611,-0.9838600052342217,0.04062306585510311
5-12B,9.0,176.0776,-0.9690123452275559,0.09389438487953188
5-12B,9.0,177.0402,-1.3105672472842504,0.4075538801743232
5-12B,9.0,177.0553,0.11043378912654155,0.49646530629500707
5-12B,9.0,178.0509,-0.7451448678314244,0.027062762828583622
5-12B,9.0,179.0348,0.9315238876641512,0.19366368315732513
5-12B,9.0,179.0561,0.7931137869564152,0.09638066950837601
5-12B,9.0,180.0663,0.9274424056632208,0.13453591525259673
5-12B,9.0,181.0505,-1.2874430479881287,0.17850401465609503
5-12B,9.0,182.9725,1.659377764134544,0.3949433966878608
5-12B,9.0,183.0661,-0.04878853763249768,0.30725897509701405
5-12B,9.0,184.0017,-0.4497323607113498,0.04610249025956394
5-12B,9.0,184.9856,0.11616373459586055,0.28786350820124046
5-12B,9.0,186.1136,0.3501004579995717,0.535516402998958
5-12B,9.0,187.0234,-0.8269171276937429,0.34957703066179135
5-12B,9.0,188.035,-0.5368791714271259,0.42287338411211234
5-12B,9.0,188.0565,-0.9209683177521073,0.016465107494702355
5-12B,9.0,189.0405,-0.8164953102539008,0.15216701391668921
5-12B,9.0,191.0197,-0.12900210033935486,0.40930094408688883
5-12B,9.0,191.0561,-0.9756084892789076,0.0597644702108551
5-12B,9.0,192.0663,-0.7303633151178919,0.35301633349192446
5-12B,9.0,193.0349,0.462143885696633,0.6501806305966946
5-12B,9.0,194.0682,-0.7815992045244589,0.1393744246425726
5-12B,9.0,194.0822,0.9546551174746167,0.9710131226759402
5-12B,9.0,195.0509,0.278274422716173,0.11271268630600446
5-12B,9.0,195.0657,-0.4692976763513546,0.16500910618873116
5-12B,9.0,196.0603,-0.733781556451121,0.0636416863232822
5-12B,9.0,198.0182,-0.967288122876288,0.5119206877366478
5-12B,9.0,199.0019,-0.22788289746397608,0.3542471644869232
5-12B,9.0,200.9937,0.778654314120477,0.0952687844601266
5-12B,9.0,201.0051,0.31739982070388745,0.7697853020072111
5-12B,9.0,203.0348,-0.06721385360664014,0.156678814022007
5-12B,9.0,203.0826,-0.09133671690508224,0.0053704952493125345
5-12B,9.0,204.0498,0.8371531317208806,0.45098578923163296
5-12B,9.0,205.0351,-1.1164059656685001,0.19439815300303784
5-12B,9.0,206.0822,0.44946722283995905,1.4652815076013932
5-12B,9.0,209.0292,-0.16442030816055533,0.1336868011865103
5-12B,9.0,209.0814,-0.20119977601322192,0.6717317286296143
5-12B,9.0,211.0235,-0.29315151015958646,0.5093137283001095
5-12B,9.0,211.9968,-0.8646198469810455,0.05005571081637933
5-12B,9.0,212.0331,-0.07773331496436528,0.3232622863844482
5-12B,9.0,212.9807,-0.37769446689911657,0.19419394113508595
5-12B,9.0,213.014,-0.895949587040393,0.140649130260693
5-12B,9.0,213.0384,-0.41818465930589066,0.22468439003903604
5-12B,9.0,213.1252,1.265227958847401,0.2936116351541557
5-12B,9.0,214.0488,-0.43764609034186375,0.47222695927372127
5-12B,9.0,215.0331,1.4227794307495902,0.19315282994414523
5-12B,9.0,216.1351,0.339253486712071,0.2438989418914403
5-12B,9.0,218.0335,1.26622608343156,0.18249192859450175
5-12B,9.0,218.1034,-0.8682658492506963,0.053135765828886204
5-12B,9.0,220.0828,0.34028139867998264,0.6407107298760417
5-12B,9.0,221.0443,1.7182986572115486,0.2868586096864041
5-12B,9.0,221.0664,2.4563167660102234,0.14300137119160763
5-12B,9.0,225.0399,0.5572918862112053,0.5298667198500451
5-12B,9.0,225.0861,1.4877345003273554,0.26832383490563105
5-12B,9.0,225.0901,0.46479394706724203,0.2829445256464742
5-12B,9.0,226.0135,0.9761013921158486,0.25394957396161877
5-12B,9.0,226.0697,0.5943469376073027,0.6084134693528676
5-12B,9.0,228.0501,-0.683604562716533,0.11218959108065228
5-12B,9.0,229.0122,-0.4430316836097924,0.19209322773236054
5-12B,9.0,237.0614,-0.7286545351352731,0.06126487452604026
5-12B,9.0,238.0945,-0.43382353921040406,0.23873244233090749
5-12B,9.0,240.0515,-0.7754366548909859,0.03871378229852505
5-12B,9.0,241.0844,-0.08153744298881593,0.6641598877506517
5-12B,9.0,242.0804,-0.5024271259421518,0.431937946777145
5-12B,9.0,243.029,0.350005247271211,0.3045207884702
5-12B,9.0,243.0625,-0.7074008569727182,0.4114188570476725
5-12B,9.0,245.0444,-0.5034731436723348,0.21099641227652827
5-12B,9.0,246.0198,-0.19197796251813926,0.12130015471797616
5-12B,9.0,246.064,1.9794168358323425,1.011386258092654
5-12B,9.0,251.0816,0.028613940083700856,0.9807264743010459
5-12B,9.0,253.0119,-0.32392653516085923,0.01325299063296279
5-12B,9.0,253.0499,0.9075387598463864,0.48115178957556015
5-12B,9.0,257.0072,-0.3495895164679047,0.1758258943784732
5-12B,9.0,257.1028,-0.07794929195329939,0.4485722612188339
5-12B,9.0,259.005,-0.2690124902748806,0.42765896199053666
5-12B,9.0,259.0227,0.4297929473237351,0.2819998466529905
5-12B,9.0,261.0385,0.498027539720027,0.15661474724928204
5-12B,9.0,266.0703,-0.7262733171658926,0.2237667965141193
5-12B,9.0,267.0724,-0.6039361029926432,0.05776958143214009
5-12B,9.0,268.02,-0.4286416541611491,0.534945070789588
5-12B,9.0,269.0398,-0.7298233022565486,0.0697194091562393
5-12B,9.0,271.0612,0.14133128868802697,0.6338106779385275
5-12B,9.0,271.0815,-0.04512969494252277,0.7944011659704386
5-12B,9.0,273.0021,-0.6928839740403834,0.11042709766619292
5-12B,9.0,274.0933,-0.6891040770586493,0.12674233742023716
5-12B,9.0,275.0184,0.2606683937636847,0.84640149680697
5-12B,9.0,275.0991,-0.8297515561350484,0.19582043255024795
5-12B,9.0,277.1207,0.3480518577554691,0.10485585167669129
5-12B,9.0,277.2169,0.6309315591040794,0.3920010562729185
5-12B,9.0,279.2331,-0.19810314624165926,0.02686429418564033
5-12B,9.0,282.0839,-0.47058822100588277,0.5840729179055638
5-12B,9.0,283.2063,-0.28602275029274526,0.018271190031531992
5-12B,9.0,285.0972,0.9429495362778386,1.136251074273573
5-12B,9.0,287.0157,1.7816724165401734,0.7704693742801376
5-12B,9.0,288.0725,-0.5423952847780807,0.12881943736333087
5-12B,9.0,289.0333,1.2929486717711611,0.5278025606988597
5-12B,9.0,289.1044,-0.9641256055334032,0.10885646528762964
5-12B,9.0,290.9677,-0.3103131193076609,0.14404224618112924
5-12B,9.0,294.0479,1.6869232092372655,0.9524538191902431
5-12B,9.0,300.0509,-0.09143949795458906,0.4810771517324947
5-12B,9.0,301.0333,0.8587648147388547,0.6762985465854696
5-12B,9.0,303.2326,0.7710328419057494,1.0595586230931406
5-12B,9.0,305.0207,1.4538778080218595,0.17066601025192812
5-12B,9.0,306.0481,-0.7322431366314741,0.1134461368664487
5-12B,9.0,306.0765,-0.12901745612864238,0.026572047734493183
5-12B,9.0,308.0986,5.260325262186644,0.31210185352204645
5-12B,9.0,313.0441,-0.7047077027882755,0.2136284730030468
5-12B,9.0,313.1037,0.10014514004386013,0.8812266328752758
5-12B,9.0,317.026,0.5666690160690642,0.47444186806396604
5-12B,9.0,323.0256,-0.36748674769033696,0.46963672335957735
5-12B,9.0,325.1163,-0.027781499586820232,0.36070249389957565
5-12B,9.0,328.0457,-0.1883287944475665,0.15107766070749687
5-12B,9.0,333.0589,-0.8792947840489598,0.3360197662489435
5-12B,9.0,338.9884,1.4732364992066866,1.080232702290478
5-12B,9.0,339.0928,-0.03154985910454691,0.7261133157321151
5-12B,9.0,341.1089,1.110440735619827,0.3433768289542448
5-12B,9.0,344.0393,-0.46071386053395896,0.2883186724166689
5-12B,9.0,346.0556,-0.479459902000981,0.1423005685459641
5-12B,9.0,348.087,-0.54699096645543,0.11843902207106907
5-12B,9.0,353.0489,-0.24418212646904272,0.7304656320666382
5-12B,9.0,357.089,-0.13501346682543583,0.2869367896401574
5-12B,9.0,375.131,-1.0862024158183359,0.5699935673632904
5-12B,9.0,377.1496,-0.2926561956928825,0.24405373964116833
5-12B,9.0,383.1188,1.9267357859143397,0.4541701379334212
5-12B,9.0,388.9416,0.5413165215895765,0.22664017021026883
5-12B,9.0,388.9442,-0.09154801856683822,0.30627149922169306
5-12B,9.0,401.0756,1.9657476945003713,0.13917858684037446
5-12B,9.0,407.2795,0.1954124215752267,0.18566913675511135
5-12B,9.0,421.0743,0.2071273855789707,0.756022613278251
5-12B,9.0,426.0222,0.08750392594611348,0.5371830470596303
5-12B,9.0,442.9997,0.08612368688073607,0.08667611259907275
5-12B,9.0,466.9657,0.7469086941090919,0.3226677362358854
5-12B,9.0,490.9787,0.492126533559068,0.4281239662773415
5-12B,9.0,503.1614,1.9887425981621036,0.6821546124691464
5-12B,9.0,547.0731,-0.9502842532299801,0.07149035595640725
5-12B,9.0,565.0471,-0.17344660989198363,0.14556144838158977
5-12B,9.0,578.8872,1.3930211762600349,0.11913997552481201
5-12B,9.0,579.0269,2.2653411644923795,0.1805682440205599
5-12B,9.0,612.2549,-0.7374877941321023,0.3086845632184716
5-12B,9.0,624.2949,-0.15946964271222874,0.5670436052297793
5-12B,9.0,659.307,-0.5465970296276067,0.0818911837658269
5-12B,9.0,664.0939,-0.5048267100008996,0.22909911004588163
5-12B,9.0,665.2144,0.5126999169234936,0.6040584995396513
5-12B,9.0,668.1374,-0.5555495140575726,0.015529475569817085
5-12B,9.0,787.255,-0.4841673246262108,0.18818944017468953
5-12B,9.0,790.2568,-0.25471774426417315,0.21083569468362026
5-12B,9.0,835.0407,-0.8193413723381024,0.24690812495496758
5-12B,9.0,863.2971,-0.6877290642243097,0.10346592745418096
5-12B,9.0,864.1473,-1.163205772249417,0.296593218170705
5-12B,9.0,974.2935,-0.4873541184417279,0.2505498023448098
5-12B,9.0,976.7162,0.4322037289409463,0.07533497505175793
5-12B,10.0,57.0342,0.68548688848319,0.40091084449204456
5-12B,10.0,58.0295,0.029950540031356894,0.3519150756103787
5-12B,10.0,59.0135,0.8191135719730291,0.08529257630899838
5-12B,10.0,71.0137,0.7191116600359958,0.09846563749189424
5-12B,10.0,73.0293,-0.5318871731518344,0.04500491409282341
5-12B,10.0,74.0247,0.08959783776137605,0.5485916649654481
5-12B,10.0,75.0087,0.3860550449699312,0.26779742316904215
5-12B,10.0,87.0088,-0.58450103105873,0.023574671733832184
5-12B,10.0,87.0451,-0.6879275118240609,0.2637648865595413
5-12B,10.0,88.0403,-0.415879259482777,0.04658665434369436
5-12B,10.0,88.9883,-1.235862231303484,0.45214544912512483
5-12B,10.0,89.0244,-0.6025971169852021,0.08864494996071753
5-12B,10.0,93.0338,-0.024705924147590916,0.010403108439656687
5-12B,10.0,94.9761,-0.8088975667049245,0.3583701283821923
5-12B,10.0,94.9806,1.2402552169066023,0.36691761536833034
5-12B,10.0,95.0139,0.5068293189324374,0.2822686464241244
5-12B,10.0,101.0242,0.19854112739316288,0.2224212157826465
5-12B,10.0,102.056,-0.16200065698932498,0.06838023587672573
5-12B,10.0,103.0402,-0.4935165003831509,0.09544417848647281
5-12B,10.0,103.0509,-0.43689977744694014,0.17918179197917536
5-12B,10.0,104.0352,-0.28393183632331875,0.23528620773001066
5-12B,10.0,105.0193,-1.2457311828526534,0.09565803566159863
5-12B,10.0,107.0503,0.12483278409086111,0.409570247932847
5-12B,10.0,109.0295,0.21225896721540508,0.09583134248114498
5-12B,10.0,111.02,0.1313972237381607,0.06814109126014936
5-12B,10.0,112.0516,0.38162139132840167,0.3729067238470139
5-12B,10.0,113.0244,0.5098206207037472,0.04003657637691494
5-12B,10.0,113.0357,2.9634825863542877,0.05798610548759094
5-12B,10.0,114.056,-0.20452653266985432,0.006485208956536381
5-12B,10.0,115.0037,-0.3697559426247634,0.0680004714198419
5-12B,10.0,115.0402,-0.5465832370595075,0.8779514673680172
5-12B,10.0,115.0764,0.06894047244100532,0.44532055479435917
5-12B,10.0,116.0354,0.2244093815592364,0.26669909888500487
5-12B,10.0,116.0717,-0.6071258694891157,0.05161198597535378
5-12B,10.0,117.0194,-0.5512732731946228,0.04180903619231654
5-12B,10.0,118.0508,-0.16465736110241547,0.22553593682201467
5-12B,10.0,118.9804,0.5972539617831578,0.0940918379476743
5-12B,10.0,119.0503,1.055007999600317,0.11190683168901566
5-12B,10.0,120.9273,-0.6145556601396756,0.07785364379225325
5-12B,10.0,121.0295,0.11020461930970957,0.44165527788677783
5-12B,10.0,121.0409,-0.19252994489619255,0.2066740847660568
5-12B,10.0,122.0248,-0.9912011069420666,0.08064662536400262
5-12B,10.0,124.0075,-0.2227290419515734,0.12808160823914483
5-12B,10.0,124.0144,0.48512974792542096,0.19421476107280194
5-12B,10.0,125.0439,-0.7238380234675394,0.0409451011003056
5-12B,10.0,127.0764,0.5015056822718458,0.34508050803846474
5-12B,10.0,128.0354,7.177188483303987,0.1223631912331272
5-12B,10.0,129.0193,0.25658936292170753,0.24837318907677977
5-12B,10.0,129.0556,0.9742550021541647,0.380318114593749
5-12B,10.0,130.0142,0.07524697868992497,0.8481170304502538
5-12B,10.0,130.0509,-0.2224839275385768,0.02981917113663297
5-12B,10.0,130.0874,-0.47298623441067755,0.0811680433761273
5-12B,10.0,131.0008,-0.7456305927547211,1.0676737818213828
5-12B,10.0,131.0123,-0.5691178098205713,0.05950859593579619
5-12B,10.0,131.035,-0.6534057979950899,0.10513279265993884
5-12B,10.0,131.0462,-0.7847293171657399,0.17428161637532935
5-12B,10.0,131.0828,-0.7591361734056199,0.09010577995562084
5-12B,10.0,132.0302,0.5195373912622575,0.040708921758648826
5-12B,10.0,133.0142,-0.21526968145187086,0.10861018916937402
5-12B,10.0,133.0257,-0.23178716084465362,0.12275622819546882
5-12B,10.0,133.0505,0.07554410847059936,0.05979865792915909
5-12B,10.0,134.0472,1.3360323329580375,0.1599547689118905
5-12B,10.0,134.0604,0.36546810646507116,0.11761239181619695
5-12B,10.0,135.0302,-0.6498657140530864,0.05765977554079153
5-12B,10.0,135.0453,2.0078076200507224,0.16280928320710678
5-12B,10.0,136.0404,-0.43816048918761175,0.03443791249345866
5-12B,10.0,136.0487,1.7221928455086195,0.5102100757263105
5-12B,10.0,136.0767,0.5413878310343712,0.07532535564303493
5-12B,10.0,137.0239,0.01872180950859417,0.08738933603489424
5-12B,10.0,138.9789,0.1375163861059832,0.31444593058466425
5-12B,10.0,139.0014,0.1703357353202185,0.03550631652509983
5-12B,10.0,139.0067,-0.6429160591756975,0.041121717082088595
5-12B,10.0,139.976,0.33507014135662844,0.3264497388917696
5-12B,10.0,143.0713,-0.24889911166050716,0.4276953651429244
5-12B,10.0,143.1077,0.09697653647419091,0.5231237470739225
5-12B,10.0,145.0141,-0.27854308739575095,0.1931498573309818
5-12B,10.0,145.0506,-0.4289704539067227,0.20395533309642286
5-12B,10.0,145.0623,-0.6703289328586454,0.15618676795227884
5-12B,10.0,145.0982,-0.7300047480524534,0.0737084010711392
5-12B,10.0,145.1106,-0.5427010469627328,0.5484563911733424
5-12B,10.0,146.0459,-0.07634864955931245,0.017468413795544178
5-12B,10.0,147.0298,-0.33947638138840563,0.09953985517665197
5-12B,10.0,147.0662,0.4886571969682185,0.060371939739464434
5-12B,10.0,149.0092,0.39263860311188514,0.2560598033543358
5-12B,10.0,149.0456,0.5259013509705173,0.3550172944713121
5-12B,10.0,149.0608,0.6221955848206452,0.3772495532057051
5-12B,10.0,150.0422,0.4110619409581202,0.6526516961113142
5-12B,10.0,150.9707,-0.06961544124100712,0.5942625144613805
5-12B,10.0,151.0259,-0.5470255278917131,0.029496954380035172
5-12B,10.0,151.04,0.3926676168379791,0.86276731089321
5-12B,10.0,151.06,-0.6176996854529353,1.0736367398191846
5-12B,10.0,152.0353,-0.19547949434092166,0.48261715061458244
5-12B,10.0,152.0716,-0.37796134337160137,0.23181118866507458
5-12B,10.0,153.0192,0.5371891989423702,0.08990623775367967
5-12B,10.0,154.062,-0.43473404046747044,0.1010688147505324
5-12B,10.0,154.9751,-0.4741323650164715,0.058272263275494
5-12B,10.0,155.0099,0.25403093166769036,0.05354672146344124
5-12B,10.0,157.0128,-0.5270439924720953,0.056486564766266255
5-12B,10.0,157.0255,2.794434115588185,0.05905337734136809
5-12B,10.0,157.0379,2.6233741397710038,0.08635116533612211
5-12B,10.0,157.0504,-0.030151976205647735,0.0736420211212802
5-12B,10.0,159.0297,-1.1259799195041804,0.1327067413752461
5-12B,10.0,159.0775,0.1138716563849342,0.05676097480342726
5-12B,10.0,160.0616,-0.1403235699430065,0.23590542345724236
5-12B,10.0,161.0453,-1.1933746168946082,0.01982361061106719
5-12B,10.0,162.0424,-0.4945650896677527,0.2136589196400128
5-12B,10.0,163.0351,-0.4239079340445335,0.5504437864376535
5-12B,10.0,163.0398,1.8589296898712946,0.23246799516893568
5-12B,10.0,163.0611,0.38362674717964734,0.9315086361763211
5-12B,10.0,164.0716,-0.5476594573988577,0.05063339918412222
5-12B,10.0,165.03,0.2932588283418922,0.5760693951414773
5-12B,10.0,165.0405,-0.04994227956989984,0.6070271242659987
5-12B,10.0,165.0556,-0.5608527825339084,0.083174994971751
5-12B,10.0,166.0508,0.23674891618860208,0.3974575270094857
5-12B,10.0,166.0632,-0.12122229533296489,0.784081230601323
5-12B,10.0,166.9759,-0.29706016569632604,0.1134512559336492
5-12B,10.0,167.0207,-0.28790973135718634,0.2850881618837989
5-12B,10.0,167.0358,0.28093461046663987,0.4245453123211034
5-12B,10.0,167.0828,-0.3469921942742782,0.5446917647973389
5-12B,10.0,168.0277,-0.07730142784642074,0.045741906520354626
5-12B,10.0,168.0664,-0.7796120582345438,0.23432670510467216
5-12B,10.0,170.0455,-0.5587603745680003,0.05856774982321206
5-12B,10.0,171.0065,-0.2420320291879206,0.20996039363124527
5-12B,10.0,171.0092,-0.1595080892145882,0.10020009830665615
5-12B,10.0,171.0284,-0.4532214023892593,0.1028410090039563
5-12B,10.0,172.0616,1.533894801237861,0.197022672678648
5-12B,10.0,172.962,-0.4256561974819336,0.117077050007987
5-12B,10.0,173.0089,0.41938781648457973,0.26086116299270173
5-12B,10.0,173.0453,-0.4084868482282419,0.11205081349794259
5-12B,10.0,173.0932,-0.4836934004559804,0.08599292136878832
5-12B,10.0,173.1041,0.47154140217715723,0.13841345477578115
5-12B,10.0,174.0407,-0.17464729981839833,0.038024337722784275
5-12B,10.0,174.088,-0.4334231796213266,0.2695963628137983
5-12B,10.0,175.022,-0.21205562384301324,0.09608958529541857
5-12B,10.0,175.0361,0.546364494471713,0.06074917325099031
5-12B,10.0,175.0611,-0.16401336749154088,0.10806361838340782
5-12B,10.0,176.0776,-0.22475172572912472,0.38908811543907573
5-12B,10.0,177.0402,-1.251721317373621,0.2429738297333049
5-12B,10.0,177.0553,0.1843835442743292,0.2839383698346282
5-12B,10.0,178.0509,-0.04295540874081222,0.10876578115407852
5-12B,10.0,179.0348,3.4886673537362944,0.655733408039388
5-12B,10.0,179.0561,0.3120588400437989,0.07160407591186375
5-12B,10.0,180.0663,0.3502203496583638,0.14049929138014255
5-12B,10.0,181.0505,-0.61897670449789,0.07052682491210846
5-12B,10.0,182.9725,0.5420352540667471,0.2652438606387408
5-12B,10.0,183.0661,-0.6226007020423766,0.648984172967775
5-12B,10.0,184.0017,-0.05137296191255672,0.18177403850266655
5-12B,10.0,184.9856,-0.6624665559637887,0.11893862391404732
5-12B,10.0,186.1136,1.1899064903022898,0.8804175132774013
5-12B,10.0,187.0234,-1.0928130521483461,0.25436975678063334
5-12B,10.0,188.035,-0.8350852629381871,1.056167436937156
5-12B,10.0,188.0565,-0.10791743955222206,0.04050336748618507
5-12B,10.0,189.0405,-0.06847544393668561,0.19826772434213907
5-12B,10.0,191.0197,1.2184182534603374,0.4245843855291881
5-12B,10.0,191.0561,-0.28472641857166914,0.1392414303356476
5-12B,10.0,192.0663,-1.6174053629940106,0.47505074088558785
5-12B,10.0,193.0349,0.1567175143742867,0.5189055298235785
5-12B,10.0,194.0682,0.38574459324201527,0.8001384130390802
5-12B,10.0,194.0822,-0.02105083534033997,0.6555549975658662
5-12B,10.0,195.0509,-0.17000786093794057,0.1045779705450624
5-12B,10.0,195.0657,-0.8136737423435694,0.2533160515553068
5-12B,10.0,196.0603,0.4521582749827433,0.08323772958860833
5-12B,10.0,198.0182,-0.07104012914883573,0.2985773571113094
5-12B,10.0,199.0019,-0.5963581207591999,0.6201314272942438
5-12B,10.0,200.9937,0.3103366787086401,0.2666199979475793
5-12B,10.0,201.0051,0.13355775334582978,0.7558513324860097
5-12B,10.0,203.0348,-0.3269408221049762,0.2015342183929086
5-12B,10.0,203.0826,-0.0509818843228773,0.06644783292094328
5-12B,10.0,204.0498,1.0691041155886798,0.8670769602655316
5-12B,10.0,205.0351,-0.5740643226296789,0.15900259861281285
5-12B,10.0,206.0822,-0.17123315339736656,0.4235902768920182
5-12B,10.0,209.0292,-0.5691465115942466,0.6451807611449362
5-12B,10.0,209.0814,-0.7715843808010006,0.759762543971247
5-12B,10.0,211.0235,-0.21562309535961086,0.40289105526832975
5-12B,10.0,211.9968,-0.1711974266634346,0.03342625039745061
5-12B,10.0,212.0331,-0.6313508940236385,0.18818367354381804
5-12B,10.0,212.9807,-0.5640420118452513,0.07163519130519143
5-12B,10.0,213.014,-0.7042394062861708,0.28722285566950206
5-12B,10.0,213.0384,-0.7293689164645268,0.3139049375676047
5-12B,10.0,213.1252,-0.010983890469011326,0.6229046872073238
5-12B,10.0,214.0488,-0.6395127694546499,0.2536982658428025
5-12B,10.0,215.0331,0.7963688415833361,0.10182852323312419
5-12B,10.0,216.1351,0.07877575817299984,0.22226908561183328
5-12B,10.0,218.0335,0.6302854138814769,0.06644407076605882
5-12B,10.0,218.1034,1.6736660564501982,0.026129915705493344
5-12B,10.0,220.0828,0.11205290038474501,0.3601586681203089
5-12B,10.0,221.0443,0.9624060401714294,0.07120074920484043
5-12B,10.0,221.0664,1.2655168412583992,0.42421256621191855
5-12B,10.0,225.0399,1.1868517255591267,0.6889001596008483
5-12B,10.0,225.0861,0.7476172314877654,0.48961564108374445
5-12B,10.0,225.0901,-0.6892804864933384,0.7453823457264276
5-12B,10.0,226.0135,1.7616010755416767,0.3724665375190245
5-12B,10.0,226.0697,-0.30783123501573767,0.29785904696274035
5-12B,10.0,228.0501,-0.3475290077582588,0.11480141390731276
5-12B,10.0,229.0122,-0.19419382466606402,0.2999613296080226
5-12B,10.0,237.0614,0.7260279232225175,0.2965119345821365
5-12B,10.0,238.0945,-0.7441290963743701,0.29081200895227394
5-12B,10.0,240.0515,1.0280807576227162,0.06520604785123016
5-12B,10.0,241.0844,-0.2873057254391186,0.24895884277121594
5-12B,10.0,242.0804,-0.3966793860451212,0.8727079154105295
5-12B,10.0,243.029,-0.28235799813048373,0.19782073550804538
5-12B,10.0,243.0625,0.7930610884128029,0.9199979047384305
5-12B,10.0,245.0444,-0.4863439187657317,0.4004335374053957
5-12B,10.0,246.0198,0.10231052469657867,0.7096821645005815
5-12B,10.0,246.064,0.8553538049275655,0.41963478936965115
5-12B,10.0,251.0816,-1.3414133440461968,0.7256028093448277
5-12B,10.0,253.0119,-0.2839988193011762,0.018536148238254987
5-12B,10.0,253.0499,0.7685609729324778,1.261707341724301
5-12B,10.0,257.0072,0.10944084319992989,0.16753960316297886
5-12B,10.0,257.1028,0.004023508467761387,0.505810041440225
5-12B,10.0,259.005,0.025933568079750093,0.585368872922901
5-12B,10.0,259.0227,-0.3254495782167459,0.0947596735373953
5-12B,10.0,261.0385,0.07356083057792497,0.32513844945394826
5-12B,10.0,266.0703,0.0399785281976462,0.17755503229516564
5-12B,10.0,267.0724,-0.28316614232999227,0.04993919106741926
5-12B,10.0,268.02,-0.04164946334290531,0.18366191317616176
5-12B,10.0,269.0398,-0.426244454725457,0.21248654148606408
5-12B,10.0,271.0612,-0.010788546192547224,0.5288092044150822
5-12B,10.0,271.0815,-0.3218094731301673,0.3456785568176116
5-12B,10.0,273.0021,-0.5959611241815563,0.11701483848182359
5-12B,10.0,274.0933,1.041035102564149,0.21523773336583596
5-12B,10.0,275.0184,-0.14958074299353247,0.5176031848685008
5-12B,10.0,275.0991,0.06035413936456881,0.5377611415349762
5-12B,10.0,277.1207,-0.30824492092062117,0.08731343858316577
5-12B,10.0,277.2169,0.14707533873611417,0.19756625921897367
5-12B,10.0,279.2331,-0.25677268362048133,0.03484475196626615
5-12B,10.0,282.0839,-0.7066776763761417,0.44122702389115304
5-12B,10.0,283.2063,-0.2097762629938812,0.10024034326331553
5-12B,10.0,285.0972,0.34050315010216087,0.4194215899702479
5-12B,10.0,287.0157,0.26210287643005054,0.3818971403345792
5-12B,10.0,288.0725,0.22073076062900052,0.13906208602006026
5-12B,10.0,289.0333,-0.0457943828495318,0.4345529800841451
5-12B,10.0,289.1044,0.5373193956396181,0.40216924414190275
5-12B,10.0,290.9677,-0.34506908362876776,0.05822309724847724
5-12B,10.0,294.0479,0.5884114368599463,0.6665616674166998
5-12B,10.0,300.0509,-0.3148768727817164,0.5557709799988454
5-12B,10.0,301.0333,0.02035124833080398,0.7389828945365712
5-12B,10.0,303.2326,0.02841668197067021,0.6149864099966392
5-12B,10.0,305.0207,0.8574149689031418,0.2139392948608386
5-12B,10.0,306.0481,1.193723226043126,0.159956530038558
5-12B,10.0,306.0765,0.22472486514090412,0.09213667165996664
5-12B,10.0,308.0986,6.8745855707361105,0.44685650941597793
5-12B,10.0,313.0441,0.08129679221767735,0.2289521268510253
5-12B,10.0,313.1037,0.10014514004386012,0.5337706490633234
5-12B,10.0,317.026,-0.41340440558840486,0.39965079776781864
5-12B,10.0,323.0256,-0.3244731540110285,0.4398542953883982
5-12B,10.0,325.1163,-0.47400401464190806,0.36149703913506015
5-12B,10.0,328.0457,1.020603464306547,0.15718899755233395
5-12B,10.0,333.0589,-0.0011825982075959543,0.2607330131992714
5-12B,10.0,338.9884,-0.7218356090275312,0.13651465263419366
5-12B,10.0,339.0928,2.35210264281333,0.7230914015383236
5-12B,10.0,341.1089,0.5408908910197734,0.15575980929157113
5-12B,10.0,344.0393,-0.05858611511708019,0.3610823202749396
5-12B,10.0,346.0556,-0.6470236924721662,0.06032149519730886
5-12B,10.0,348.087,1.0942401988751675,0.13209289989801332
5-12B,10.0,353.0489,0.13057311232006652,0.41338859074449413
5-12B,10.0,357.089,0.23778704665218559,0.1856986185565479
5-12B,10.0,375.131,-0.2739414857698343,0.2061975281300998
5-12B,10.0,377.1496,0.774282775119122,0.43956099628371537
5-12B,10.0,383.1188,0.9646625552758074,0.7415518495251806
5-12B,10.0,388.9416,-0.210210119846166,0.4455509405322276
5-12B,10.0,388.9442,-0.5788835665882284,0.48978430820159413
5-12B,10.0,401.0756,0.45724712223125075,0.05736824381587586
5-12B,10.0,407.2795,-0.30507255379056997,0.25581409250142606
5-12B,10.0,421.0743,0.3233046434036889,0.9231003599454153
5-12B,10.0,426.0222,-0.6601678538596031,0.2216021476236399
5-12B,10.0,442.9997,-0.2713067997643671,0.1337143742441812
5-12B,10.0,466.9657,0.5251336068193267,0.3706477767661966
5-12B,10.0,490.9787,0.313109063472372,0.7751680325311305
5-12B,10.0,503.1614,0.8296362095235148,0.23809039614590322
5-12B,10.0,547.0731,0.2987324935965715,0.29744815801891644
5-12B,10.0,565.0471,0.5448570393242933,0.2232041564045657
5-12B,10.0,578.8872,0.4397896051266416,0.03473898457226656
5-12B,10.0,579.0269,0.43773285120043137,0.08150813922297225
5-12B,10.0,612.2549,-1.1640809976941004,0.40271655102810894
5-12B,10.0,624.2949,-0.2105137107707461,0.26958021304499824
5-12B,10.0,659.307,-0.25801827634259134,0.13988221296116923
5-12B,10.0,664.0939,-0.5229074540816966,0.2762585489454643
5-12B,10.0,665.2144,-0.09922681029620091,0.48869148246687605
5-12B,10.0,668.1374,-0.5533956421769353,0.01533331699450363
5-12B,10.0,787.255,0.07484297195709769,0.37261687285161577
5-12B,10.0,790.2568,0.13278960572744272,0.4239153496265206
5-12B,10.0,835.0407,-0.846000417391872,0.1441846801728433
5-12B,10.0,863.2971,-0.7114294032602924,0.1355088887074031
5-12B,10.0,864.1473,-0.7569334574907712,0.18084231614631183
5-12B,10.0,974.2935,-0.7941026927027307,0.3156759403400711
5-12B,10.0,976.7162,0.2652218170497063,0.0905372515004164
5-12B,11.0,57.0342,-1.2194731065299709,0.3291567026245377
5-12B,11.0,58.0295,1.3441537425074268,0.6263328386911376
5-12B,11.0,59.0135,-0.8065428620792938,0.05255779399722148
5-12B,11.0,71.0137,-0.6886791363364863,0.061137754592934225
5-12B,11.0,73.0293,0.13693344942611024,0.04162601830319028
5-12B,11.0,74.0247,0.10213122442287606,0.1886949265097266
5-12B,11.0,75.0087,0.7701951541191872,0.33181566212917224
5-12B,11.0,87.0088,-0.6274558348820227,0.02390326434206325
5-12B,11.0,87.0451,-0.890147021408104,0.15063331633540605
5-12B,11.0,88.0403,0.4687204159504289,0.0628091941248652
5-12B,11.0,88.9883,-0.7832036330889022,0.22201191232092393
5-12B,11.0,89.0244,-0.4891545147223927,0.08053952058140953
5-12B,11.0,93.0338,0.010293901157041284,0.02071431903958067
5-12B,11.0,94.9761,-1.0712114159049686,0.1816994209661611
5-12B,11.0,94.9806,1.063547900231178,0.4408565505392264
5-12B,11.0,95.0139,-0.7599659540298896,0.07391350694301292
5-12B,11.0,101.0242,-0.5926871392797531,0.23487444756733392
5-12B,11.0,102.056,-0.10301602663023218,0.09959209092476805
5-12B,11.0,103.0402,0.5071701632073857,0.06362436811784215
5-12B,11.0,103.0509,0.39632933612288845,0.15130001352656383
5-12B,11.0,104.0352,-0.4923830322647571,0.07547113943094637
5-12B,11.0,105.0193,-0.8389359599013857,0.2097670240749521
5-12B,11.0,107.0503,0.728380377364088,0.8556046716021968
5-12B,11.0,109.0295,0.6868369658883148,0.15015441174671357
5-12B,11.0,111.02,0.5613930553720097,0.0677312988961945
5-12B,11.0,112.0516,-0.07884999814132188,1.3928802960739257
5-12B,11.0,113.0244,-0.8021925679411079,0.04220238019492193
5-12B,11.0,113.0357,2.4257507203858757,0.07994657596033934
5-12B,11.0,114.056,-0.04098447178468957,0.0032640908523009823
5-12B,11.0,115.0037,0.584908507875507,0.09016767729907432
5-12B,11.0,115.0402,0.4518158744343571,0.6416847371373334
5-12B,11.0,115.0764,-0.10493538845230832,0.7195951375322066
5-12B,11.0,116.0354,0.49859725587757603,0.45158405663137413
5-12B,11.0,116.0717,0.2580435519752951,0.03818675584716199
5-12B,11.0,117.0194,0.09490323227156934,0.06927447413011548
5-12B,11.0,118.0508,0.5325317986126037,0.14412954291145685
5-12B,11.0,118.9804,-0.7327232978025093,0.028670418219282994
5-12B,11.0,119.0503,-0.6398573225505617,0.3304491170245915
5-12B,11.0,120.9273,-0.4967804195312854,0.12521590747468275
5-12B,11.0,121.0295,0.00748380955407138,0.6702711081404436
5-12B,11.0,121.0409,-0.34557786156109077,0.48919484493974186
5-12B,11.0,122.0248,0.027496743197673423,0.2925836306840293
5-12B,11.0,124.0075,-0.5415317050284287,0.15239343536341718
5-12B,11.0,124.0144,-0.6005267104508814,0.21610696582123248
5-12B,11.0,125.0439,-0.46420277026850254,0.2400824251815712
5-12B,11.0,127.0764,-0.3903759294331199,0.16619777677349573
5-12B,11.0,128.0354,5.873609202166821,0.20796483824313153
5-12B,11.0,129.0193,1.6549233574057554,0.12708431847140408
5-12B,11.0,129.0556,0.7604994659248384,0.31082640573974085
5-12B,11.0,130.0142,2.0894207134827743,0.22409126304092858
5-12B,11.0,130.0509,1.2458712560212262,0.07670194246024786
5-12B,11.0,130.0874,0.7445803870750966,0.0776301529247658
5-12B,11.0,131.0008,0.07122548712051402,0.2406690469637931
5-12B,11.0,131.0123,0.13705972325402113,0.14445923337400057
5-12B,11.0,131.035,-0.7996549588526507,0.22194578626468872
5-12B,11.0,131.0462,-0.6154222227460798,0.24470690200078304
5-12B,11.0,131.0828,-0.43622370019444634,0.05435639837063073
5-12B,11.0,132.0302,1.940410015006123,0.053698578667954314
5-12B,11.0,133.0142,0.7469102355413616,0.0534235466556052
5-12B,11.0,133.0257,0.8400556697475929,0.07330347515480924
5-12B,11.0,133.0505,1.145990343020777,0.07517181057198453
5-12B,11.0,134.0472,1.8956606520084058,0.10419543479325964
5-12B,11.0,134.0604,1.3903455345017446,0.33748594162941314
5-12B,11.0,135.0302,0.5205626073179694,0.23937568234888085
5-12B,11.0,135.0453,0.8220197628279716,0.19026940906910453
5-12B,11.0,136.0404,-0.11641289878219857,0.1375715094312153
5-12B,11.0,136.0487,0.40125014691118865,0.336070251349943
5-12B,11.0,136.0767,-0.07797636809514967,0.4756356874285436
5-12B,11.0,137.0239,-0.11286790139429709,0.1967263064137466
5-12B,11.0,138.9789,-0.3566904653464634,0.4753866510767477
5-12B,11.0,139.0014,0.6633684940511237,0.045927460131504214
5-12B,11.0,139.0067,-0.6707731059265042,0.029316797312510384
5-12B,11.0,139.976,-0.1322091235634941,0.49375517467697155
5-12B,11.0,143.0713,-0.9298700852224671,0.5024959048912981
5-12B,11.0,143.1077,-0.31290727409253205,0.1343441241576897
5-12B,11.0,145.0141,-0.2178600171108303,0.08808187307328764
5-12B,11.0,145.0506,0.8243274935242564,0.1503668437302469
5-12B,11.0,145.0623,1.7755493210715847,0.27097770692720213
5-12B,11.0,145.0982,-0.683277062456272,0.21325825586313524
5-12B,11.0,145.1106,-0.16667925586985455,0.419775261713009
5-12B,11.0,146.0459,-0.10971348093681871,0.019618329333770553
5-12B,11.0,147.0298,0.7936480698157381,0.04589720315441279
5-12B,11.0,147.0662,1.568636446749665,0.15187034030725277
5-12B,11.0,149.0092,-0.7011121347382672,0.1803427871830672
5-12B,11.0,149.0456,0.0547221357252324,0.12693608150464394
5-12B,11.0,149.0608,-0.011563135222798747,0.8777281405041453
5-12B,11.0,150.0422,1.9933729564809695,1.0919965810778474
5-12B,11.0,150.9707,0.08733569060832456,0.39310206388518143
5-12B,11.0,151.0259,-0.25874453094707484,0.04068277362320311
5-12B,11.0,151.04,-0.09446343848824625,0.6425237534384961
5-12B,11.0,151.06,-0.4255998271486382,0.16485717098987052
5-12B,11.0,152.0353,0.41980587081981263,0.49430948169849426
5-12B,11.0,152.0716,-0.5681882644218358,0.5353962159480666
5-12B,11.0,153.0192,-0.7837921888402952,0.05617219183775017
5-12B,11.0,154.062,-0.5122292313923594,0.06445321248090137
5-12B,11.0,154.9751,0.009257730031246497,0.044936578221060404
5-12B,11.0,155.0099,0.6108791743505313,0.08917548097349329
5-12B,11.0,157.0128,-0.04742750593856666,0.07435278155451731
5-12B,11.0,157.0255,2.3647933327177157,0.10669855499060034
5-12B,11.0,157.0379,2.4942076756257174,0.10521197900059553
5-12B,11.0,157.0504,1.6060033989829656,0.13393466986239175
5-12B,11.0,159.0297,-0.9654197688595507,0.21532205385238978
5-12B,11.0,159.0775,1.2281329770178642,0.14256022409874552
5-12B,11.0,160.0616,0.37715726317222614,0.46798723432046
5-12B,11.0,161.0453,-0.8201956481417318,0.09261758029033175
5-12B,11.0,162.0424,-0.24467786785860074,0.17358846608078582
5-12B,11.0,163.0351,-0.41623022903136364,0.10619665712152696
5-12B,11.0,163.0398,1.7696123882180856,0.2347358791487029
5-12B,11.0,163.0611,0.7931094837520041,0.6357775363137228
5-12B,11.0,164.0716,-0.5637800395772412,0.046655571129225214
5-12B,11.0,165.03,-0.8055371637476654,0.43775913619558654
5-12B,11.0,165.0405,-0.582772098550453,0.45557139608531644
5-12B,11.0,165.0556,-0.5848356996713192,0.12562880562532305
5-12B,11.0,166.0508,1.5360608869236987,0.4044755266621883
5-12B,11.0,166.0632,-0.36251031733375805,0.663660152119636
5-12B,11.0,166.9759,-0.06646639720446922,0.3551560311557057
5-12B,11.0,167.0207,-0.27667902856795623,0.17813625079299708
5-12B,11.0,167.0358,-0.7023787106890244,0.24210802991661684
5-12B,11.0,167.0828,-0.12551929096684478,1.2422436173872757
5-12B,11.0,168.0277,-0.12992376756173452,0.06318908214430358
5-12B,11.0,168.0664,-0.6586912357131229,0.3694496846386587
5-12B,11.0,170.0455,0.378417450132376,0.04789571029265117
5-12B,11.0,171.0065,0.5901386531735886,0.17807746845352904
5-12B,11.0,171.0092,0.6199893452369989,0.27261972279530017
5-12B,11.0,171.0284,0.209008154583117,0.06594792719178737
5-12B,11.0,172.0616,2.270686515411552,0.12235630426050925
5-12B,11.0,172.962,-0.2638503500186685,0.037961605309499484
5-12B,11.0,173.0089,1.9024135311173742,0.25379491713231106
5-12B,11.0,173.0453,0.9285388297765484,0.34891949394284244
5-12B,11.0,173.0932,0.4095974284477619,0.08465487106882205
5-12B,11.0,173.1041,-0.4502418596559912,0.09090542580041555
5-12B,11.0,174.0407,1.3466281062235035,0.027187295269234288
5-12B,11.0,174.088,0.7933952296371491,0.03286937971391203
5-12B,11.0,175.022,0.6013699283966795,0.11455182139661373
5-12B,11.0,175.0361,2.0273426387119815,0.05229502111762347
5-12B,11.0,175.0611,1.7822366134511598,0.035815159771147076
5-12B,11.0,176.0776,1.6255000695245694,0.21563776086097297
5-12B,11.0,177.0402,-0.4308319553384704,0.2606121195174689
5-12B,11.0,177.0553,-0.39509667988795655,0.5058265497811002
5-12B,11.0,178.0509,2.1910709945901994,0.15886192134232016
5-12B,11.0,179.0348,3.480970594001496,0.2717734556493921
5-12B,11.0,179.0561,-0.6789697283868518,0.0430133318171532
5-12B,11.0,180.0663,-0.7465777981873394,0.028245912378234022
5-12B,11.0,181.0505,0.030497886984361858,0.23788246705280974
5-12B,11.0,182.9725,-0.7492030190256049,0.05458662170749706
5-12B,11.0,183.0661,-1.1196427262231803,0.4307673923621777
5-12B,11.0,184.0017,-0.16734272110233694,0.0559403174718312
5-12B,11.0,184.9856,-0.18118079448197066,0.10669662272557312
5-12B,11.0,186.1136,-0.543004211007382,0.3599619552731556
5-12B,11.0,187.0234,0.4467020062484742,0.43816515070993145
5-12B,11.0,188.035,0.704565753015661,1.0929880736263016
5-12B,11.0,188.0565,0.7369010328775105,0.01136555860362159
5-12B,11.0,189.0405,-0.358979495488679,0.10646209829554189
5-12B,11.0,191.0197,3.419400246523499,0.36016116398638226
5-12B,11.0,191.0561,1.650672313634875,0.07406647745901873
5-12B,11.0,192.0663,-0.567582848815839,0.3462323037742599
5-12B,11.0,193.0349,1.0586543014062315,0.3887509857377468
5-12B,11.0,194.0682,2.1872179073185487,0.3841193157190818
5-12B,11.0,194.0822,-0.414078819460174,0.4727047544647549
5-12B,11.0,195.0509,-0.4613245295634296,0.10468471050996782
5-12B,11.0,195.0657,0.00903055060400848,0.5187042993002969
5-12B,11.0,196.0603,1.7092772372390046,0.1898318874826982
5-12B,11.0,198.0182,-0.1611703315255626,0.688238536054278
5-12B,11.0,199.0019,-0.08032654746983679,0.11866613105099008
5-12B,11.0,200.9937,-0.6690034186391782,0.13387891247798656
5-12B,11.0,201.0051,0.8991826778709787,0.23486984349676132
5-12B,11.0,203.0348,-1.0747279382612447,0.12010615296855172
5-12B,11.0,203.0826,-0.09412761186871138,0.009900390139913175
5-12B,11.0,204.0498,-0.5498539486082984,0.13591569111729804
5-12B,11.0,205.0351,0.324319155903184,0.15704355508312465
5-12B,11.0,206.0822,-1.01682497030039,0.6348238504028807
5-12B,11.0,209.0292,-0.18709596981303722,0.14364320625563365
5-12B,11.0,209.0814,-0.9037595366745792,0.2200211443285741
5-12B,11.0,211.0235,-0.35536567018425824,0.20058040766369767
5-12B,11.0,211.9968,0.8421049853052952,0.21141300917088854
5-12B,11.0,212.0331,-0.2955585493418924,0.6118043421135234
5-12B,11.0,212.9807,-0.24201084024055408,0.15661533780537215
5-12B,11.0,213.014,0.5879202971675028,0.16398726675908007
5-12B,11.0,213.0384,-0.47649508037422267,0.15002594653869042
5-12B,11.0,213.1252,-0.7693774771686032,0.5677705663013378
5-12B,11.0,214.0488,0.5288671005617784,1.0093434836142698
5-12B,11.0,215.0331,-0.49769386066985744,0.060342058325992785
5-12B,11.0,216.1351,-0.8418782823530275,0.20743638952301632
5-12B,11.0,218.0335,-0.5952443517890678,0.062387503295165556
5-12B,11.0,218.1034,3.1751487867192427,0.18321319068872235
5-12B,11.0,220.0828,0.39796552462273493,0.9877647245360428
5-12B,11.0,221.0443,-0.6535931036871565,0.14620961331080073
5-12B,11.0,221.0664,0.3341068490361371,0.30807054549523794
5-12B,11.0,225.0399,-0.5462737706733268,0.5591074818132438
5-12B,11.0,225.0861,-0.7174141503422354,0.1378255416173358
5-12B,11.0,225.0901,-0.2899851514795865,0.340457178732472
5-12B,11.0,226.0135,2.492336942693419,0.3430849131844441
5-12B,11.0,226.0697,-0.706693487509858,0.35116742830975695
5-12B,11.0,228.0501,-0.3521237907362039,0.13396126669752734
5-12B,11.0,229.0122,1.1678828039951892,0.3299620589968241
5-12B,11.0,237.0614,2.2494099653083515,0.23897503035994225
5-12B,11.0,238.0945,-0.5636986179110528,0.10464821241496532
5-12B,11.0,240.0515,1.822222084175699,0.0950636961592504
5-12B,11.0,241.0844,-0.15087240772750488,0.9588312486729914
5-12B,11.0,242.0804,-1.1068715937626794,0.1402841056929671
5-12B,11.0,243.029,-0.15000894718086916,0.14784291879481357
5-12B,11.0,243.0625,3.158361338180878,0.4219128102088951
5-12B,11.0,245.0444,1.2015435508772314,0.439393623663736
5-12B,11.0,246.0198,-0.10429721063943131,0.27680645093446427
5-12B,11.0,246.064,-0.44346450773626955,0.24602641304350725
5-12B,11.0,251.0816,-0.49778033838156044,0.8371241470535696
5-12B,11.0,253.0119,-0.19254262491787688,0.02410917373779968
5-12B,11.0,253.0499,0.7856861978602581,0.3188386881985231
5-12B,11.0,257.0072,-0.3361871702002307,0.42996403479885925
5-12B,11.0,257.1028,-0.6743014150165165,0.47672898173564676
5-12B,11.0,259.005,-0.26193378487436947,0.20645237786615583
5-12B,11.0,259.0227,-0.4993921777826657,0.047340358793313705
5-12B,11.0,261.0385,0.24288510256828608,0.07621099446689933
5-12B,11.0,266.0703,0.8515348355542807,0.14353343562573853
5-12B,11.0,267.0724,-0.6044750108974339,0.041671472230722796
5-12B,11.0,268.02,-0.10237746867130663,0.4099456337425329
5-12B,11.0,269.0398,0.4253910994654881,0.18906928505653725
5-12B,11.0,271.0612,0.5105947310059699,0.39797601432843305
5-12B,11.0,271.0815,0.14076453102730088,0.6465497423399108
5-12B,11.0,273.0021,-0.14747787808923274,0.15302600295745866
5-12B,11.0,274.0933,2.426544321298752,0.14019041464543
5-12B,11.0,275.0184,-0.3669777214460749,0.2607934137872268
5-12B,11.0,275.0991,1.2054683293264947,0.3480373087697573
5-12B,11.0,277.1207,-0.9418082446262257,0.022296235047134474
5-12B,11.0,277.2169,-1.0076110447993207,0.3670019030262981
5-12B,11.0,279.2331,-0.35710875024194116,0.01551176809111901
5-12B,11.0,282.0839,-0.8117755629603214,0.3294257877433146
5-12B,11.0,283.2063,-0.5592778381072601,0.1538718731890419
5-12B,11.0,285.0972,-0.737483756285561,0.48040283731105987
5-12B,11.0,287.0157,-0.628699897280175,0.4872206765264098
5-12B,11.0,288.0725,1.1577484992158324,0.16773146842560877
5-12B,11.0,289.0333,0.48622370166134454,0.5663642260660748
5-12B,11.0,289.1044,4.46745837803825,0.3246689058022658
5-12B,11.0,290.9677,-0.11432238559159688,0.10437472287575557
5-12B,11.0,294.0479,-0.5101003355173727,0.258860650505357
5-12B,11.0,300.0509,-0.3653304735491322,0.6414944529266364
5-12B,11.0,301.0333,-0.24774197858678304,0.2870079491556094
5-12B,11.0,303.2326,0.14457219005779748,0.9952293804759382
5-12B,11.0,305.0207,-0.25916994921882697,0.08166288653864998
5-12B,11.0,306.0481,3.289738750767947,0.21478594725295702
5-12B,11.0,306.0765,8.720314935715912,0.3376464274114506
5-12B,11.0,308.0986,2.433101539916585,0.17102794860896525
5-12B,11.0,313.0441,1.2046730796006144,0.06762564218894145
5-12B,11.0,313.1037,1.0124861944009822,0.4460055007746291
5-12B,11.0,317.026,0.0972444328328544,0.5583072181098768
5-12B,11.0,323.0256,0.5002657508835385,0.36097124283943793
5-12B,11.0,325.1163,-0.024998406977329052,0.3505742477664322
5-12B,11.0,328.0457,2.703045791837358,0.13662468294809896
5-12B,11.0,333.0589,0.45377364293570843,0.09015610976622485
5-12B,11.0,338.9884,0.8314819586874302,0.15428484264272016
5-12B,11.0,339.0928,0.787994161306135,0.34313277080278476
5-12B,11.0,341.1089,0.15398503153190213,0.1057688113397956
5-12B,11.0,344.0393,3.789095208516552,0.973400770790573
5-12B,11.0,346.0556,4.411632524776327,0.43909892182020915
5-12B,11.0,348.087,3.8095504719178668,0.4367023604675732
5-12B,11.0,353.0489,0.23529513513538647,0.28449308043502974
5-12B,11.0,357.089,1.2069513328671637,0.1678253246769124
5-12B,11.0,375.131,1.5293131715709567,0.5721675992694703
5-12B,11.0,377.1496,0.11926729749985453,0.6682845046978046
5-12B,11.0,383.1188,-0.5579717625766405,0.5482801347564544
5-12B,11.0,388.9416,-0.14826701037330936,0.36010134362331253
5-12B,11.0,388.9442,-0.5244034823530653,0.4892891999800513
5-12B,11.0,401.0756,-0.8347791716839631,0.016948354711384117
5-12B,11.0,407.2795,-0.6104462693086032,0.22594283246244912
5-12B,11.0,421.0743,-0.5834446859599651,0.4235413032771815
5-12B,11.0,426.0222,4.389192864277012,0.8585536356552553
5-12B,11.0,442.9997,-0.2724542491596965,0.17981762177359845
5-12B,11.0,466.9657,-0.6646597668838732,0.09554697193851444
5-12B,11.0,490.9787,0.2018624927756395,0.5953892992208601
5-12B,11.0,503.1614,-0.35586311691492545,0.19929577273582
5-12B,11.0,547.0731,1.4500339873716577,0.19831988918810445
5-12B,11.0,565.0471,3.842060199925581,0.7938660609585995
5-12B,11.0,578.8872,-0.8700937717209785,0.02212134491741334
5-12B,11.0,579.0269,-0.8370361866098395,0.01625471132297244
5-12B,11.0,612.2549,-0.7390362268129083,0.5950804948742641
5-12B,11.0,624.2949,0.005672930418268718,0.25388629325140327
5-12B,11.0,659.307,-0.3459056831515285,0.24543966883513146
5-12B,11.0,664.0939,-0.5550509991142247,0.11956334813911813
5-12B,11.0,665.2144,0.6621782014351747,0.5153178444704302
5-12B,11.0,668.1374,2.309008686722881,0.10867681329863635
5-12B,11.0,787.255,-0.4991743124539506,0.32139783119259935
5-12B,11.0,790.2568,-0.5995992857567113,0.3780006804449195
5-12B,11.0,835.0407,1.41620997717086,0.4274565308202702
5-12B,11.0,863.2971,-0.5464385815097983,0.11438568217556042
5-12B,11.0,864.1473,-0.3554009864043098,0.6295297222879136
5-12B,11.0,974.2935,0.7664634844233131,0.27379258354596203
5-12B,11.0,976.7162,-0.8821517492072686,0.06898096658664787
5-12B,12.0,57.0342,-1.1231413747973207,0.344520644294976
5-12B,12.0,58.0295,0.7264903721839553,0.367592034120499
5-12B,12.0,59.0135,-1.0461366091599178,0.22071474429263513
5-12B,12.0,71.0137,-1.0995362846263532,0.07573066230497183
5-12B,12.0,73.0293,0.5735856175498,0.08206482727152604
5-12B,12.0,74.0247,0.1738221961266561,0.38667440443005474
5-12B,12.0,75.0087,0.14281722237741032,0.30445956449289735
5-12B,12.0,87.0088,-0.42489641681825924,0.015363274464271956
5-12B,12.0,87.0451,-1.2777810951813944,0.3744700951378197
5-12B,12.0,88.0403,0.35166870586475774,0.04245033566777445
5-12B,12.0,88.9883,-0.5793573769392892,0.7175978073379216
5-12B,12.0,89.0244,0.09472545402717009,0.07061285857314593
5-12B,12.0,93.0338,-0.005479562713431971,0.022919874096743578
5-12B,12.0,94.9761,-0.9384242667464584,0.6433606810256102
5-12B,12.0,94.9806,0.8136215013094725,0.2998782089064294
5-12B,12.0,95.0139,-1.145070824272401,0.13082001449335798
5-12B,12.0,101.0242,-0.9595707555253599,0.097023839353893
5-12B,12.0,102.056,-0.21745837130632767,0.09899605679699741
5-12B,12.0,103.0402,0.534927342147812,0.19156600873080024
5-12B,12.0,103.0509,0.6748620576777093,0.18041510180618733
5-12B,12.0,104.0352,-0.4616395907490974,0.14526048236699665
5-12B,12.0,105.0193,-0.9008313004721544,0.33910848557748774
5-12B,12.0,107.0503,0.35592317632944326,0.4309856038516761
5-12B,12.0,109.0295,1.0646214304180863,0.19272509378959937
5-12B,12.0,111.02,0.6837109624784643,0.12930129994596973
5-12B,12.0,112.0516,-0.489073643610019,0.9397465750117898
5-12B,12.0,113.0244,-1.0919035107072896,0.02997073057617371
5-12B,12.0,113.0357,1.764387129586924,0.329960757541042
5-12B,12.0,114.056,-0.018038280186628987,0.02106724227783616
5-12B,12.0,115.0037,0.007421887894255727,0.16143631465596806
5-12B,12.0,115.0402,-0.3041148814109976,0.4056551565038289
5-12B,12.0,115.0764,0.009348593231568059,0.6056656458262997
5-12B,12.0,116.0354,0.3214112253761298,0.33995533453706245
5-12B,12.0,116.0717,0.5118271068073665,0.15633894212108268
5-12B,12.0,117.0194,0.5607390559155955,0.12117006103082423
5-12B,12.0,118.0508,0.25350551325001697,0.16345275081741975
5-12B,12.0,118.9804,-1.0516955400607453,0.0367134143155674
5-12B,12.0,119.0503,-1.5191613577597423,0.0944897848176636
5-12B,12.0,120.9273,-0.5013032782336044,0.1111029538314326
5-12B,12.0,121.0295,-0.4962229662202982,0.37038097532433806
5-12B,12.0,121.0409,-0.9627560518212945,0.5088463172271498
5-12B,12.0,122.0248,0.1354414429273774,0.2838762294941638
5-12B,12.0,124.0075,-0.8073029681458074,0.12546619650255572
5-12B,12.0,124.0144,-1.0383249565968806,0.08060125860748636
5-12B,12.0,125.0439,-0.4176712081540308,0.16517462308902608
5-12B,12.0,127.0764,-0.7434938243390956,0.13299994920526217
5-12B,12.0,128.0354,5.258543263788363,0.3534959700707393
5-12B,12.0,129.0193,1.1955548411387686,0.11519526593533518
5-12B,12.0,129.0556,0.7558351239002707,0.6106542382142672
5-12B,12.0,130.0142,1.5473415234076575,0.12705428451900638
5-12B,12.0,130.0509,0.6214173628720953,0.0598241744943592
5-12B,12.0,130.0874,1.1232570319248265,0.15169831955314672
5-12B,12.0,131.0008,-0.11483135289357599,0.35937340965917947
5-12B,12.0,131.0123,0.7811173138196941,0.15521733184371456
5-12B,12.0,131.035,-1.0773071880009182,0.16133376286524806
5-12B,12.0,131.0462,-1.073943558031154,0.2675825385777152
5-12B,12.0,131.0828,-0.6295720134099958,0.08103320365321598
5-12B,12.0,132.0302,1.3249413535955061,0.15357021667524023
5-12B,12.0,133.0142,-0.2237150908732196,0.02826333938129982
5-12B,12.0,133.0257,-0.09362890683194264,0.0774989359109612
5-12B,12.0,133.0505,0.9783718132729692,0.11345793848954958
5-12B,12.0,134.0472,1.2601313261232707,0.2254177937190227
5-12B,12.0,134.0604,0.7365162343188589,0.39915304568883025
5-12B,12.0,135.0302,-0.0020168804611639043,0.09677620663720395
5-12B,12.0,135.0453,0.4441354959108784,0.12591109869510644
5-12B,12.0,136.0404,0.0459067819970697,0.055972151330482535
5-12B,12.0,136.0487,0.49498250750809436,0.11324618354746596
5-12B,12.0,136.0767,-0.09649394446566249,0.5121654465394135
5-12B,12.0,137.0239,0.08128906405621122,0.17598743858679275
5-12B,12.0,138.9789,0.38929167016223737,0.34547310584675167
5-12B,12.0,139.0014,1.2724831540746178,0.1535634882620275
5-12B,12.0,139.0067,-0.647187038084252,0.11093666336993656
5-12B,12.0,139.976,0.1337572079075903,0.2856427977375053
5-12B,12.0,143.0713,-0.7226362398992903,0.2923809224142431
5-12B,12.0,143.1077,-0.35737970516375167,0.31745758267692703
5-12B,12.0,145.0141,-0.35963445215149314,0.07051400214202448
5-12B,12.0,145.0506,1.3852405234089216,0.15438838530442853
5-12B,12.0,145.0623,0.7235415867408368,0.22158827135797365
5-12B,12.0,145.0982,-0.650665031883937,0.21338593742339415
5-12B,12.0,145.1106,-0.9200951803588697,0.7129931324298515
5-12B,12.0,146.0459,-0.38936400676377997,0.00607889129582012
5-12B,12.0,147.0298,0.9273416670877763,0.19287180104555174
5-12B,12.0,147.0662,1.1886078417996409,0.17198775381012749
5-12B,12.0,149.0092,-0.6486523424497908,0.2845926386407369
5-12B,12.0,149.0456,-0.5605685999196011,0.2109033448461882
5-12B,12.0,149.0608,-0.45087483229873804,0.43549693303456105
5-12B,12.0,150.0422,1.4557588949987934,0.6520574447796791
5-12B,12.0,150.9707,0.2723728144727998,0.3808766159567292
5-12B,12.0,151.0259,-0.19031277973060487,0.03771791464606917
5-12B,12.0,151.04,0.4146291518136378,0.2842402977578187
5-12B,12.0,151.06,0.20466038211939308,1.3591825837881826
5-12B,12.0,152.0353,0.37844079974056,0.19834758968831293
5-12B,12.0,152.0716,-1.1813468837293875,0.16732845628849724
5-12B,12.0,153.0192,-0.87825868279569,0.07378595041216869
5-12B,12.0,154.062,-0.5062743377739206,0.048138707279197376
5-12B,12.0,154.9751,0.158006289366907,0.10052941784250703
5-12B,12.0,155.0099,0.6054332832597653,0.1274137333600937
5-12B,12.0,157.0128,0.436270244130916,0.17498579695072705
5-12B,12.0,157.0255,1.9543876052532696,0.23754598817785147
5-12B,12.0,157.0379,1.8541660455387112,0.20826835964802715
5-12B,12.0,157.0504,1.3519112651106515,0.2581817729749089
5-12B,12.0,159.0297,-1.0489808198417014,0.2024581436711367
5-12B,12.0,159.0775,0.808558133293881,0.14348900998150513
5-12B,12.0,160.0616,0.7665580714094367,0.5414262328837182
5-12B,12.0,161.0453,-0.9523875712422805,0.08920307412249712
5-12B,12.0,162.0424,-0.24063625382749154,0.12859634603877626
5-12B,12.0,163.0351,-0.8546911661584704,0.16163451726801126
5-12B,12.0,163.0398,1.596032274045338,0.3146796169225436
5-12B,12.0,163.0611,-0.04814429024411615,0.4326505189103593
5-12B,12.0,164.0716,-0.5516427407859582,0.02632740031296723
5-12B,12.0,165.03,-0.421774613318956,0.25678150810517986
5-12B,12.0,165.0405,-0.3353745324055741,0.18778733491269298
5-12B,12.0,165.0556,-0.5155517168299102,0.13501255057474654
5-12B,12.0,166.0508,1.665877202302183,0.5510143829191303
5-12B,12.0,166.0632,0.26124488847680305,0.8458323857908752
5-12B,12.0,166.9759,0.4417810925326846,0.6622173704558758
5-12B,12.0,167.0207,-0.35986941959929025,0.2637787016988767
5-12B,12.0,167.0358,-0.7328956057544663,0.3422485270571429
5-12B,12.0,167.0828,-1.0503037067286154,0.688151764696879
5-12B,12.0,168.0277,-0.46051454400600106,0.02219626528334544
5-12B,12.0,168.0664,-0.9207989403964265,0.4802435349603887
5-12B,12.0,170.0455,0.35585668459359376,0.07197757838423417
5-12B,12.0,171.0065,0.8560517791418643,0.3963548948666644
5-12B,12.0,171.0092,0.43480351672505796,0.6755975763111796
5-12B,12.0,171.0284,0.5788687441351672,0.16284754281589406
5-12B,12.0,172.0616,2.203039556858763,0.6371232514545678
5-12B,12.0,172.962,-0.1347617784523772,0.06712372124638205
5-12B,12.0,173.0089,0.7412809901144302,0.32306349840093407
5-12B,12.0,173.0453,0.6346446173150864,0.13084970045714064
5-12B,12.0,173.0932,0.42202171990610626,0.15973390869652385
5-12B,12.0,173.1041,-0.6611603625231217,0.18183601731973903
5-12B,12.0,174.0407,0.607061033730763,0.09303763584137617
5-12B,12.0,174.088,-0.0053545246929533755,0.07580917935077859
5-12B,12.0,175.022,0.8398081877186283,0.2194729316544025
5-12B,12.0,175.0361,1.4589671235650312,0.20158814185363877
5-12B,12.0,175.0611,1.2324312398402877,0.1721339657610275
5-12B,12.0,176.0776,0.9685069467230988,0.23536762903108188
5-12B,12.0,177.0402,-0.6246372766271456,0.3480593605021077
5-12B,12.0,177.0553,-1.4770002404955056,0.22755668255625347
5-12B,12.0,178.0509,2.860938460094186,0.2769448692368083
5-12B,12.0,179.0348,2.172241556913624,0.32073528156283293
5-12B,12.0,179.0561,-0.9387448821712376,0.04359536080097589
5-12B,12.0,180.0663,-0.970950767091518,0.045580426022822765
5-12B,12.0,181.0505,-0.050451748000250596,0.0710166964837861
5-12B,12.0,182.9725,-1.1005506956478146,0.2040896625337695
5-12B,12.0,183.0661,-0.10663394561905673,0.45638647142051986
5-12B,12.0,184.0017,-0.5731713586286074,0.07443903647285105
5-12B,12.0,184.9856,-0.27957217150042574,0.11226098592753628
5-12B,12.0,186.1136,-0.7412525792776342,0.5443512179752075
5-12B,12.0,187.0234,0.7075704867533055,0.5242381090157927
5-12B,12.0,188.035,0.22052108273683724,0.17910833337815443
5-12B,12.0,188.0565,0.19651726937316794,0.08758390035958348
5-12B,12.0,189.0405,-0.6865972721991677,0.017517181641455826
5-12B,12.0,191.0197,1.4595702414584362,0.2723076349804122
5-12B,12.0,191.0561,0.880422510957353,0.13213598034288404
5-12B,12.0,192.0663,-0.795475501638713,0.4799399391465425
5-12B,12.0,193.0349,0.13552998594744303,0.2196277513634175
5-12B,12.0,194.0682,2.1463063256211257,0.2795946258172302
5-12B,12.0,194.0822,-0.48170200430873533,0.23206397451830565
5-12B,12.0,195.0509,-0.7475529218667727,0.08233623085465158
5-12B,12.0,195.0657,0.012575598342163624,0.4766731706764067
5-12B,12.0,196.0603,1.874490139930606,0.23429411860637123
5-12B,12.0,198.0182,1.0652742914698985,0.5549435112269016
5-12B,12.0,199.0019,0.11482192104353896,0.23431928560141876
5-12B,12.0,200.9937,-0.7544130716874673,0.34224271883773266
5-12B,12.0,201.0051,1.1833321343957763,0.21225255592199183
5-12B,12.0,203.0348,-0.2332449250579129,0.3062409408959968
5-12B,12.0,203.0826,-0.09794434930545824,0.004203632893904745
5-12B,12.0,204.0498,-0.9227696188045944,0.3319370808352868
5-12B,12.0,205.0351,-0.32748229955151636,0.15599932004598283
5-12B,12.0,206.0822,-0.8557209200780538,0.7679972603805659
5-12B,12.0,209.0292,0.6257921433653273,0.488973636177617
5-12B,12.0,209.0814,-0.41410466780958516,0.41263245406170257
5-12B,12.0,211.0235,-0.19504456550529636,0.09824069757568626
5-12B,12.0,211.9968,0.4373425886354354,0.1476019270535024
5-12B,12.0,212.0331,0.18200128754755546,0.14677955985552993
5-12B,12.0,212.9807,-0.12709289682861452,0.13830049126911223
5-12B,12.0,213.014,0.6075875927961717,0.6728129037558632
5-12B,12.0,213.0384,-0.34991165373342153,0.13079862065097703
5-12B,12.0,213.1252,0.1956068153418445,0.5275487866612234
5-12B,12.0,214.0488,-0.32054593882189264,0.8050120498033907
5-12B,12.0,215.0331,-1.0248381158981315,0.037314588821923754
5-12B,12.0,216.1351,-1.1167913529909388,0.11913927553640072
5-12B,12.0,218.0335,-1.044850303515914,0.025770156471677016
5-12B,12.0,218.1034,1.771687496024482,0.2634774416026906
5-12B,12.0,220.0828,-0.14000164993032507,0.730013074222943
5-12B,12.0,221.0443,-1.0136621522048763,0.07269683681718699
5-12B,12.0,221.0664,-0.302202947630557,0.8267977072587683
5-12B,12.0,225.0399,-0.1430350188534494,0.9021182332083159
5-12B,12.0,225.0861,-0.5114804938397165,0.5134711886662896
5-12B,12.0,225.0901,-0.730873750557271,1.094658785919
5-12B,12.0,226.0135,2.7426858170892396,0.23076251304818604
5-12B,12.0,226.0697,-0.8027477880564984,0.16654536365560854
5-12B,12.0,228.0501,-0.5309921280919261,0.30980081962709133
5-12B,12.0,229.0122,0.7434884018017882,0.36352192151755686
5-12B,12.0,237.0614,1.7040601788417433,0.469329309565138
5-12B,12.0,238.0945,-0.710134948258093,0.26371205630673183
5-12B,12.0,240.0515,1.415366133054194,0.18352942878793801
5-12B,12.0,241.0844,0.3702581336955443,0.5739460345204834
5-12B,12.0,242.0804,-0.7782124248781579,0.2752491711361126
5-12B,12.0,243.029,0.7119499995734968,0.43336894141116916
5-12B,12.0,243.0625,2.4573058517805464,0.2244305037422871
5-12B,12.0,245.0444,0.7822069488367374,0.4641891413583216
5-12B,12.0,246.0198,0.341121008904405,0.23563999758745277
5-12B,12.0,246.064,-0.9434851232545919,0.05491383653009059
5-12B,12.0,251.0816,-0.48960107101362077,0.7028480579745161
5-12B,12.0,253.0119,-0.14398816009537801,0.029775735756203108
5-12B,12.0,253.0499,-0.878753932620534,0.890029585885758
5-12B,12.0,257.0072,-0.07819200454750615,0.3042684369414703
5-12B,12.0,257.1028,-0.43494083778701903,0.5197348674440797
5-12B,12.0,259.005,-0.2642933533412065,0.49281288206717233
5-12B,12.0,259.0227,-0.7396148341583,0.18332870886506633
5-12B,12.0,261.0385,0.47497495811170076,0.21196673265449736
5-12B,12.0,266.0703,0.5401112503576468,0.20388082005981076
5-12B,12.0,267.0724,-0.455616671863021,0.045484750376215556
5-12B,12.0,268.02,-0.05712915097563506,0.5761939628941123
5-12B,12.0,269.0398,1.726258756758293,0.3601126473860598
5-12B,12.0,271.0612,0.14491057892051107,0.5528896434099501
5-12B,12.0,271.0815,-1.1093381126069783,0.2135691398583519
5-12B,12.0,273.0021,0.2577055149596505,0.2522811594514464
5-12B,12.0,274.0933,1.1173805853194123,0.19965697308199265
5-12B,12.0,275.0184,0.04116757358418219,0.5531776275112957
5-12B,12.0,275.0991,1.226799838368969,0.4018719795496097
5-12B,12.0,277.1207,-1.024235837979477,0.031413632731850605
5-12B,12.0,277.2169,-0.7514577414231709,0.25198608420720175
5-12B,12.0,279.2331,-0.32986952042664364,0.010689977594962914
5-12B,12.0,282.0839,-0.7637960929979785,0.2893127836740748
5-12B,12.0,283.2063,-0.4294277597376795,0.27219157183889175
5-12B,12.0,285.0972,-0.5713654036477704,0.6498331105189427
5-12B,12.0,287.0157,-0.3457249396139985,0.5426576264629857
5-12B,12.0,288.0725,0.5485401011502872,0.11777444896330537
5-12B,12.0,289.0333,0.36880281652406666,0.6990408419748783
5-12B,12.0,289.1044,1.101287109258519,0.14972392546042346
5-12B,12.0,290.9677,-0.23771634176120696,0.04281264503892173
5-12B,12.0,294.0479,-0.5824459981696051,0.17637193635654483
5-12B,12.0,300.0509,0.40012272666509097,0.8433188970198571
5-12B,12.0,301.0333,0.427113385723005,0.393274811060082
5-12B,12.0,303.2326,-0.1894929399082292,0.36644898391336966
5-12B,12.0,305.0207,-0.69922337536212,0.052758554114510185
5-12B,12.0,306.0481,2.1020062929666605,0.5054720487994204
5-12B,12.0,306.0765,-0.230131522765484,0.008766947010672996
5-12B,12.0,308.0986,0.8688420502565676,0.02904710448067818
5-12B,12.0,313.0441,1.121406849992678,0.23250139525992666
5-12B,12.0,313.1037,1.0547335199610695,0.8806554165707252
5-12B,12.0,317.026,-0.5942592025292676,0.6662591647569068
5-12B,12.0,323.0256,-0.636321708186015,0.3369941643677127
5-12B,12.0,325.1163,0.286244116517436,0.41375336128252377
5-12B,12.0,328.0457,2.9033081350789094,0.21542926923462982
5-12B,12.0,333.0589,0.5389984374089649,0.19715819058095263
5-12B,12.0,338.9884,0.3745196639662672,0.4292241908568186
5-12B,12.0,339.0928,-0.6453360190716959,0.38151649880470395
5-12B,12.0,341.1089,-0.37145093845886745,0.22549608252469627
5-12B,12.0,344.0393,2.7618016512357277,0.4174724533551977
5-12B,12.0,346.0556,0.10716597283621007,0.10698824474126303
5-12B,12.0,348.087,1.6586003687276087,0.12118361210616573
5-12B,12.0,353.0489,0.013134843877172009,0.6206819385223309
5-12B,12.0,357.089,0.8879932797348189,0.27494164823015343
5-12B,12.0,375.131,3.0175733941652703,0.46156158500535355
5-12B,12.0,377.1496,-0.07431770315312666,0.5735966406932694
5-12B,12.0,383.1188,-0.5605649518775531,0.4183323767566277
5-12B,12.0,388.9416,-0.18035801889539171,0.40886186772981453
5-12B,12.0,388.9442,-0.6318710457758527,0.3855611483363581
5-12B,12.0,401.0756,-1.0636919922416728,0.05710269673653275
5-12B,12.0,407.2795,-0.4620633363991696,0.4245518274732218
5-12B,12.0,421.0743,-0.5985571747826928,0.16418538508927735
5-12B,12.0,426.0222,0.6737335603420198,0.36599912609447427
5-12B,12.0,442.9997,-0.1502508885571171,0.11956758560320872
5-12B,12.0,466.9657,-0.9947000572593514,0.11514982778004561
5-12B,12.0,490.9787,-0.17151680197661218,0.7477282947254056
5-12B,12.0,503.1614,-0.3489176069675961,0.4743550332411356
5-12B,12.0,547.0731,0.5344780350842323,0.2514157771550237
5-12B,12.0,565.0471,0.5725401414239064,0.30120451408508025
5-12B,12.0,578.8872,-1.0926356473893284,0.09905642876756791
5-12B,12.0,579.0269,-0.9876735913732393,0.07283969838291061
5-12B,12.0,612.2549,-0.5330946802657366,0.3653448076929393
5-12B,12.0,624.2949,0.8298844999513877,0.4599186214482922
5-12B,12.0,659.307,-0.1429491973247045,0.15279939019189295
5-12B,12.0,664.0939,0.2515510840457771,0.2011606611595154
5-12B,12.0,665.2144,1.726627079032029,0.442578397205258
5-12B,12.0,668.1374,3.831027547621856,0.3334206544226875
5-12B,12.0,787.255,-0.6567476846452187,0.20427634710558581
5-12B,12.0,790.2568,-0.4852846175091846,0.4133214947483393
5-12B,12.0,835.0407,1.8558121894860808,0.27845070053857135
5-12B,12.0,863.2971,0.16129000416469613,0.20052572283051392
5-12B,12.0,864.1473,-0.13262833381165245,0.4711803716123845
5-12B,12.0,974.2935,2.6392804523890323,0.5427932413625113
5-12B,12.0,976.7162,-1.141702317547515,0.1074076275432966
5-12C,1.0,57.0342,1.3784331454133882,0.5124845697081132
5-12C,1.0,58.0295,-0.9469041026216776,0.20663077137884078
5-12C,1.0,59.0135,1.9142805642026623,0.42352858443318525
5-12C,1.0,71.0137,1.5656145137012543,0.2501372400130753
5-12C,1.0,73.0293,-0.9480723339574166,0.011403181837038666
5-12C,1.0,74.0247,-1.2289144390284248,0.24846066351883633
5-12C,1.0,75.0087,-0.38069777726834503,0.8177085135537926
5-12C,1.0,87.0088,-0.6842400263131941,0.0168963302131946
5-12C,1.0,87.0451,0.7096837801764582,0.4861292866664495
5-12C,1.0,88.0403,-0.9540442264897713,0.009569307775441344
5-12C,1.0,88.9883,-1.598588657687354,0.29092315822264087
5-12C,1.0,89.0244,-0.3713100132074343,0.11819590720531316
5-12C,1.0,93.0338,-0.08847989581627051,0.004994434581245219
5-12C,1.0,94.9761,-0.40276293777058236,0.33849372814808726
5-12C,1.0,94.9806,0.9690287213314331,0.35552176075596675
5-12C,1.0,95.0139,1.3004734328602097,0.1053812835347586
5-12C,1.0,101.0242,1.7342414535565007,0.19615816615653095
5-12C,1.0,102.056,-0.517945537202675,0.08800948121649696
5-12C,1.0,103.0402,-0.9684002273337329,0.03835388671579421
5-12C,1.0,103.0509,-0.984489016178046,0.06510266509228939
5-12C,1.0,104.0352,0.40468571207657333,0.2716167350082372
5-12C,1.0,105.0193,-0.26511854100992077,0.30923144640796124
5-12C,1.0,107.0503,0.2566676477114764,1.001254309875619
5-12C,1.0,109.0295,-0.9974604293175928,0.0794444291917776
5-12C,1.0,111.02,-1.2317079638435229,0.0009081758677410652
5-12C,1.0,112.0516,0.7035791584460894,0.3071272403963941
5-12C,1.0,113.0244,1.5184339993216187,0.24394254302005672
5-12C,1.0,113.0357,-1.0427431795456017,0.07671455298219941
5-12C,1.0,114.056,-0.23759652366990167,0.000986996351723907
5-12C,1.0,115.0037,-0.9102578373227772,0.05309598422489526
5-12C,1.0,115.0402,0.05297020621338467,0.2679514018875362
5-12C,1.0,115.0764,1.154439658840466,0.6840750519419735
5-12C,1.0,116.0354,-1.077457469667491,0.1572459659941071
5-12C,1.0,116.0717,-0.8023843375018034,0.005745643145672969
5-12C,1.0,117.0194,-0.9467985544367125,0.0011868078161437687
5-12C,1.0,118.0508,-1.214865606549452,0.06848516885536869
5-12C,1.0,118.9804,1.8051644274277194,0.3415964788774774
5-12C,1.0,119.0503,0.3544966084333893,0.3610736605235956
5-12C,1.0,120.9273,0.9039489205769498,1.077042064990516
5-12C,1.0,121.0295,1.309941511358743,0.6166226766760623
5-12C,1.0,121.0409,0.8189671885507666,0.43839649039894935
5-12C,1.0,122.0248,-0.580882166116002,0.1740789045032887
5-12C,1.0,124.0075,0.5627089898806792,0.23472314083836918
5-12C,1.0,124.0144,0.47421078929232596,0.4135410485137942
5-12C,1.0,125.0439,-0.3321219353949339,0.3784949424438375
5-12C,1.0,127.0764,1.6263239462888883,0.7379437532454728
5-12C,1.0,128.0354,0.5810180555786697,0.06932297079206795
5-12C,1.0,129.0193,-1.1781638689242453,0.08158832113854074
5-12C,1.0,129.0556,0.9810906758108588,0.5508950363802498
5-12C,1.0,130.0142,-0.67942352165778,0.2670716266181726
5-12C,1.0,130.0509,-1.0823847457022424,0.0062727676031456014
5-12C,1.0,130.0874,-0.891901763722618,0.05447356791427095
5-12C,1.0,131.0008,0.4207692860894421,1.293225804987533
5-12C,1.0,131.0123,-0.6153274824744597,0.07693620665165833
5-12C,1.0,131.035,1.0719222453100279,0.3534655333724546
5-12C,1.0,131.0462,0.7581208761465743,0.36346621020359743
5-12C,1.0,131.0828,0.6332211634408078,0.1283072655865006
5-12C,1.0,132.0302,-1.2429051100040671,0.004643087098892655
5-12C,1.0,133.0142,-0.6102579773839838,0.021178550362367297
5-12C,1.0,133.0257,-0.6476150889358003,0.07113930829964926
5-12C,1.0,133.0505,-1.370622455418506,0.004174143299549753
5-12C,1.0,134.0472,-1.6246733590219997,0.06496177756857803
5-12C,1.0,134.0604,-1.5559727494473843,0.11277864464190245
5-12C,1.0,135.0302,-0.9919842192957973,0.09120507183257803
5-12C,1.0,135.0453,-1.609293571998438,0.15177905290829527
5-12C,1.0,136.0404,-0.42803929015167985,0.046044568723988606
5-12C,1.0,136.0487,-1.5826549340539728,0.11507813268424028
5-12C,1.0,136.0767,1.2913496740401404,0.6269640096778502
5-12C,1.0,137.0239,-0.027475310929756067,0.14880177551976317
5-12C,1.0,138.9789,0.1289302680940347,0.48705842355124906
5-12C,1.0,139.0014,-0.3828430186514214,0.04474279284032752
5-12C,1.0,139.0067,-0.6826639983256776,0.0378651946007397
5-12C,1.0,139.976,-0.2949835609366458,0.6580480038558137
5-12C,1.0,143.0713,1.5428508511336894,0.8839156823050016
5-12C,1.0,143.1077,0.8917613367689821,0.5538158710278533
5-12C,1.0,145.0141,-0.07229289017735996,0.1840880773800897
5-12C,1.0,145.0506,-0.11230280254900699,0.08160730393153388
5-12C,1.0,145.0623,-0.3691877460675929,0.21873896695280046
5-12C,1.0,145.0982,0.14776184595914932,0.3844957613438986
5-12C,1.0,145.1106,0.05564019725805161,1.0615399633428773
5-12C,1.0,146.0459,-0.5170949516874579,0.0017171944058071004
5-12C,1.0,147.0298,-1.0014365403744665,0.0025576930222668197
5-12C,1.0,147.0662,-1.4860299946886752,0.007965851146538687
5-12C,1.0,149.0092,1.8325281530937656,0.5963217044599108
5-12C,1.0,149.0456,0.2470139038235131,0.26677697696678265
5-12C,1.0,149.0608,1.1455367004648012,0.5898259291185673
5-12C,1.0,150.0422,-0.2831902915238011,0.5289480726823789
5-12C,1.0,150.9707,0.1187259169781909,0.8811532543055165
5-12C,1.0,151.0259,-0.4769144698969249,0.037760552975425014
5-12C,1.0,151.04,0.5142342238292239,0.5380393984297543
5-12C,1.0,151.06,0.7885144458420043,1.069996247981927
5-12C,1.0,152.0353,0.14004313912209837,0.4323520278608561
5-12C,1.0,152.0716,1.8657137420808168,0.3361291226324529
5-12C,1.0,153.0192,0.14966146283588957,0.14414303589613386
5-12C,1.0,154.062,0.6707552515473671,0.15430645723710498
5-12C,1.0,154.9751,-0.9544708319800015,0.021700775944955664
5-12C,1.0,155.0099,-1.1985724214970872,0.0011294571212173757
5-12C,1.0,157.0128,-0.9458836628493755,0.036472673603873365
5-12C,1.0,157.0255,-1.3549551234685322,0.005657243353066711
5-12C,1.0,157.0379,-1.4177785430529573,0.03521153542895828
5-12C,1.0,157.0504,-1.1822988903906961,0.03399866660831068
5-12C,1.0,159.0297,1.3756186614395953,0.3660350174996567
5-12C,1.0,159.0775,-1.2505908227559215,0.02287378722941903
5-12C,1.0,160.0616,-1.4061107755140831,0.5849657820186319
5-12C,1.0,161.0453,0.5221333918757977,0.24992057039786356
5-12C,1.0,162.0424,-1.3558907770404258,0.1423380914557602
5-12C,1.0,163.0351,-0.8864896610880155,0.16749348720633056
5-12C,1.0,163.0398,0.19536295614272273,0.107746250562935
5-12C,1.0,163.0611,-0.201570733314265,0.32543031144472423
5-12C,1.0,164.0716,-0.1587035501878603,0.031052924990092507
5-12C,1.0,165.03,1.0837214609490728,0.8926553167803969
5-12C,1.0,165.0405,0.6793427197615258,0.34433761659013556
5-12C,1.0,165.0556,-0.5448641711089679,0.15084633421113944
5-12C,1.0,166.0508,-1.277621587633683,0.3610538250550832
5-12C,1.0,166.0632,0.19450564834892406,0.42612929150881185
5-12C,1.0,166.9759,-0.5907142708777927,0.06400614929925262
5-12C,1.0,167.0207,0.3160525075302983,0.5496944234651855
5-12C,1.0,167.0358,1.5970653485631687,0.2561749899351835
5-12C,1.0,167.0828,0.7949437022913661,0.5901376062404886
5-12C,1.0,168.0277,-0.4915511394846451,0.04972960931959882
5-12C,1.0,168.0664,1.0875675699733187,0.42840001522854865
5-12C,1.0,170.0455,-0.8432842459863168,0.008401541812717735
5-12C,1.0,171.0065,-1.054643144228967,0.12096565186979465
5-12C,1.0,171.0092,-0.9887972100077965,0.15053905722928243
5-12C,1.0,171.0284,-0.8233053107370781,0.045535741095005924
5-12C,1.0,172.0616,-1.6071646118184018,0.0747886297012474
5-12C,1.0,172.962,-0.5253659906917587,0.09805615885103663
5-12C,1.0,173.0089,-0.918961184028422,0.08732625345449226
5-12C,1.0,173.0453,-0.7505730947781313,0.15053130317840108
5-12C,1.0,173.0932,-0.8559503356699167,0.057166746566043494
5-12C,1.0,173.1041,-0.5483489602645728,0.16218350303009116
5-12C,1.0,174.0407,-1.0111527625227952,0.00034923246728351466
5-12C,1.0,174.088,-0.604310567189555,0.07972665175344112
5-12C,1.0,175.022,-0.7831658718937335,0.15574197012539137
5-12C,1.0,175.0361,-1.2556912880750355,0.003974820817676058
5-12C,1.0,175.0611,-1.2710050159598032,0.0018713950173713187
5-12C,1.0,176.0776,-1.2041372067944964,0.1606673121994759
5-12C,1.0,177.0402,1.254115597623798,0.482954890993319
5-12C,1.0,177.0553,0.2735582490113673,0.6339664240253577
5-12C,1.0,178.0509,-1.0841959842299036,0.018739168087245687
5-12C,1.0,179.0348,-1.003861332922383,0.1169917244277793
5-12C,1.0,179.0561,0.8489015040424217,0.10674579886454402
5-12C,1.0,180.0663,0.8325683059326457,0.1543607725970734
5-12C,1.0,181.0505,-0.7023815469664247,0.1316652098394648
5-12C,1.0,182.9725,2.1567054217824797,0.3996373365595593
5-12C,1.0,183.0661,1.1027635658036314,0.7888491860799798
5-12C,1.0,184.0017,-0.5502394853424927,0.05602819173478684
5-12C,1.0,184.9856,-0.38519820859376724,0.055643107266694844
5-12C,1.0,186.1136,0.9174912360361964,0.09549371390091252
5-12C,1.0,187.0234,-0.6626872920011939,0.40773411890016303
5-12C,1.0,188.035,-0.7497291715274124,0.4556108605874526
5-12C,1.0,188.0565,-1.1429815582850904,0.0027572040962205416
5-12C,1.0,189.0405,1.4779517838862355,0.2627824204442643
5-12C,1.0,191.0197,-0.9905873908865094,0.17008379674285076
5-12C,1.0,191.0561,-1.08299736906378,0.07241281568536857
5-12C,1.0,192.0663,-0.1349881849446297,0.6829797920197067
5-12C,1.0,193.0349,-0.7582577516895619,0.41458211711082543
5-12C,1.0,194.0682,-1.069343995796335,0.15203574193327882
5-12C,1.0,194.0822,0.6475543381623531,0.4264277615266828
5-12C,1.0,195.0509,-0.8053228469788138,0.06424643397650044
5-12C,1.0,195.0657,-1.074741186489138,1.0052620901361211
5-12C,1.0,196.0603,-1.352448730260484,0.07870562732382597
5-12C,1.0,198.0182,-1.0060356865148807,0.44307824066571266
5-12C,1.0,199.0019,-0.6368841605463227,0.17815330388332085
5-12C,1.0,200.9937,1.2746044843420545,0.24967382767141827
5-12C,1.0,201.0051,-0.8718182751221171,0.24424683445818324
5-12C,1.0,203.0348,0.26452464198313486,0.33621961060900335
5-12C,1.0,203.0826,-0.06292993195095442,0.0036686605353473973
5-12C,1.0,204.0498,1.6923388954470944,1.067183045559527
5-12C,1.0,205.0351,-1.0699053750679137,0.11679847591793814
5-12C,1.0,206.0822,-0.0935433829855801,0.30873636673512633
5-12C,1.0,209.0292,-0.6440449091736563,0.5768920920140648
5-12C,1.0,209.0814,0.8142536670155294,0.26191213620118164
5-12C,1.0,211.0235,-0.4434226351422551,0.8352944856523313
5-12C,1.0,211.9968,-1.0752798227737375,0.020323376733074917
5-12C,1.0,212.0331,-0.6339378920566259,0.4021801646285482
5-12C,1.0,212.9807,-0.5288164549242783,0.04671455661995633
5-12C,1.0,213.014,-0.4430503680773984,0.30048812142347175
5-12C,1.0,213.0384,-0.39503630119333677,0.15147401766684268
5-12C,1.0,213.1252,0.5640716239741934,0.07620212981777909
5-12C,1.0,214.0488,-0.7845771362629722,0.9313207029280428
5-12C,1.0,215.0331,1.245299102568811,0.20890529123721235
5-12C,1.0,216.1351,0.8999863309070174,0.21908075825876613
5-12C,1.0,218.0335,1.5923151554225992,0.16827566309735545
5-12C,1.0,218.1034,-1.238841347196808,0.00987141693514726
5-12C,1.0,220.0828,0.3051693220191768,0.19191295483505544
5-12C,1.0,221.0443,1.7241876369770255,0.355674540120808
5-12C,1.0,221.0664,0.44143384835056254,0.5800951574460484
5-12C,1.0,225.0399,0.6127038338950627,0.8301684213838658
5-12C,1.0,225.0861,0.43295797557899474,0.04190676406118144
5-12C,1.0,225.0901,1.1210432245203994,0.6848782073657756
5-12C,1.0,226.0135,-0.3486112515471312,0.34337032565292297
5-12C,1.0,226.0697,0.6206218808061594,0.29465425754621716
5-12C,1.0,228.0501,-0.36590813967003943,0.2874988254240378
5-12C,1.0,229.0122,-0.7909586259485265,0.15057579321564302
5-12C,1.0,237.0614,-1.4698605893938281,0.04796046298454341
5-12C,1.0,238.0945,1.2127135323703029,1.0519770537789852
5-12C,1.0,240.0515,-1.4395474596925473,0.009678199100634449
5-12C,1.0,241.0844,-1.2192272945075184,0.41409387967612044
5-12C,1.0,242.0804,-0.08244036351019483,0.357657799042022
5-12C,1.0,243.029,0.18411390246599668,0.25188982446321245
5-12C,1.0,243.0625,-1.2402030266369701,0.20680800126929785
5-12C,1.0,245.0444,-0.7442705168786201,0.47105149655053774
5-12C,1.0,246.0198,0.07329616680216985,0.24672186092774442
5-12C,1.0,246.064,1.340209638748675,0.30742854044398527
5-12C,1.0,251.0816,1.3413863526380208,1.6411997925031088
5-12C,1.0,253.0119,-0.36343240510549013,0.01057038320047871
5-12C,1.0,253.0499,0.9141253848186095,1.0101774967930117
5-12C,1.0,257.0072,-0.8139808146428089,0.13230306309437853
5-12C,1.0,257.1028,1.2635355869373601,0.44136314382037833
5-12C,1.0,259.005,-0.5482280921839311,0.4422935173650733
5-12C,1.0,259.0227,0.4845481519955901,0.19273472690673463
5-12C,1.0,261.0385,-0.4631087094011634,0.16942950994805311
5-12C,1.0,266.0703,-0.7630163060264347,0.09463361529971992
5-12C,1.0,267.0724,-0.7057896969980884,0.02107044600047885
5-12C,1.0,268.02,0.03217673921319041,0.33002551053884066
5-12C,1.0,269.0398,-0.6135590627765561,0.09347151272172641
5-12C,1.0,271.0612,-0.02271951363416088,0.4735691151617857
5-12C,1.0,271.0815,1.248204164033576,0.4394346655442169
5-12C,1.0,273.0021,-0.6687966385725093,0.19317509359657128
5-12C,1.0,274.0933,-1.3641164263490233,0.1269503756458794
5-12C,1.0,275.0184,-0.5864785416255774,0.6311695304060465
5-12C,1.0,275.0991,-0.7032169229512792,0.16657689960982217
5-12C,1.0,277.1207,0.2388258870197913,0.1191124035913053
5-12C,1.0,277.2169,0.9617546484994655,0.4347277221255073
5-12C,1.0,279.2331,0.19710715877160948,0.05691777742424139
5-12C,1.0,282.0839,-0.3662519133099941,0.3570310744796394
5-12C,1.0,283.2063,0.5072487842307899,0.2377205074915139
5-12C,1.0,285.0972,1.6623204281728197,0.7236880691180889
5-12C,1.0,287.0157,1.2336701729414048,0.6850097710508022
5-12C,1.0,288.0725,-0.8032328245477067,0.059815250921783775
5-12C,1.0,289.0333,0.3919970654400722,0.2648151165058207
5-12C,1.0,289.1044,-1.4970556963890376,0.17517146343545154
5-12C,1.0,290.9677,-0.41108485017950913,0.11528784092816069
5-12C,1.0,294.0479,0.6312476844829787,1.1035709617987575
5-12C,1.0,300.0509,-0.23991723735584136,0.6388847222745464
5-12C,1.0,301.0333,1.5137087457497236,1.2807255170954275
5-12C,1.0,303.2326,0.3378695929975038,1.117821693530069
5-12C,1.0,305.0207,1.5687941539281558,0.3646841872922033
5-12C,1.0,306.0481,-1.0851096571998504,0.05466681367575817
5-12C,1.0,306.0765,-0.30318973106174946,0.033528126589641515
5-12C,1.0,308.0986,0.9301333766371833,0.10005634914666921
5-12C,1.0,313.0441,-0.5991892911299421,0.270569546091709
5-12C,1.0,313.1037,-0.567764959287043,0.37723195745246696
5-12C,1.0,317.026,0.006817034362423063,0.22600949424675398
5-12C,1.0,323.0256,-0.22675749010912116,0.7870241643998734
5-12C,1.0,325.1163,-0.1924478123150491,0.25008461293857004
5-12C,1.0,328.0457,-1.1876518081405127,0.032626037099054865
5-12C,1.0,333.0589,-0.7609976812726487,0.1902198487985623
5-12C,1.0,338.9884,-0.7734947831723655,0.24564457321343497
5-12C,1.0,339.0928,-0.7107251696363779,0.19494758206132215
5-12C,1.0,341.1089,-0.19390827344368303,0.26665641468318996
5-12C,1.0,344.0393,-0.8782235415678767,0.20911955376052416
5-12C,1.0,346.0556,-0.7480503129566147,0.14060672819652748
5-12C,1.0,348.087,-1.2106625725575233,0.10864571404776754
5-12C,1.0,353.0489,-0.38032075612895866,0.3073699288859139
5-12C,1.0,357.089,-0.774685305492689,0.21026777354088044
5-12C,1.0,375.131,-1.0039145438199584,0.25046800745585307
5-12C,1.0,377.1496,1.0218176939868686,0.5614284634654355
5-12C,1.0,383.1188,0.2878401477376486,0.16489877144783335
5-12C,1.0,388.9416,0.18010610008520778,0.25035270362742656
5-12C,1.0,388.9442,-0.2034933971322418,0.1347098451184299
5-12C,1.0,401.0756,1.7534741518907313,0.13018032121759307
5-12C,1.0,407.2795,0.5421857951702014,0.1464650428331505
5-12C,1.0,421.0743,-0.42004090056422333,0.6821287340561879
5-12C,1.0,426.0222,-1.168538864937303,0.47127937890861327
5-12C,1.0,442.9997,0.2834849828773902,0.22295658280445865
5-12C,1.0,466.9657,1.2365371385140298,0.3855612356749724
5-12C,1.0,490.9787,1.5291491638469998,2.0729896602590814
5-12C,1.0,503.1614,-0.5033063709396595,0.398797632299353
5-12C,1.0,547.0731,-1.336948904875349,0.07441726889761874
5-12C,1.0,565.0471,-1.0534778555849478,0.30138154099801523
5-12C,1.0,578.8872,1.4021093565518887,0.08510515251401389
5-12C,1.0,579.0269,2.74832234351503,0.3031047530728244
5-12C,1.0,612.2549,-0.9774948596570016,0.39571064878720885
5-12C,1.0,624.2949,-1.1345614722418476,0.1157483730276982
5-12C,1.0,659.307,-0.2956195895649717,0.41666941283407527
5-12C,1.0,664.0939,-0.5912124872758189,0.15177488771087272
5-12C,1.0,665.2144,-0.9633981426293574,0.14407812571663742
5-12C,1.0,668.1374,-0.6164675280927067,0.0003281984605784837
5-12C,1.0,787.255,-0.41726117056087075,0.034604466212880255
5-12C,1.0,790.2568,-0.19659164176543079,0.13366767368357546
5-12C,1.0,835.0407,-0.8111804401787852,0.15515694675088001
5-12C,1.0,863.2971,-0.7043193015494975,0.15796027654672445
5-12C,1.0,864.1473,-0.8002691710650267,0.32968167866386777
5-12C,1.0,974.2935,-0.8085460112217466,0.41374902699228816
5-12C,1.0,976.7162,0.2189972105390412,0.2563347885791276
5-12C,2.0,57.0342,1.2262290092758006,0.6559624557482733
5-12C,2.0,58.0295,-1.0294210165352258,0.05158258783971635
5-12C,2.0,59.0135,0.837394713368776,0.1714629560340936
5-12C,2.0,71.0137,0.9571325962748598,0.11182679504553251
5-12C,2.0,73.0293,-0.9533525201205647,0.018146462607530403
5-12C,2.0,74.0247,-1.7061858030983452,0.16003493990017162
5-12C,2.0,75.0087,-0.18060889337748012,0.21088796638551424
5-12C,2.0,87.0088,-0.6409444877122032,0.007826620039424286
5-12C,2.0,87.0451,1.4759892901791476,0.889118553553241
5-12C,2.0,88.0403,-0.9653658632245858,0.0006954924549457305
5-12C,2.0,88.9883,1.4341240257149759,1.0910672053954034
5-12C,2.0,89.0244,-0.34654473694743115,0.06720192152744366
5-12C,2.0,93.0338,-0.06561752861429103,0.010289886672960736
5-12C,2.0,94.9761,-1.1745191410404383,0.6761847126378573
5-12C,2.0,94.9806,1.8282191137243522,0.5605174620935877
5-12C,2.0,95.0139,1.06267033854355,0.19357895230883718
5-12C,2.0,101.0242,1.3008065471443262,0.2573764353891409
5-12C,2.0,102.056,-0.45211990589987305,0.12448832713525002
5-12C,2.0,103.0402,-0.9309870275314804,0.0404707555341044
5-12C,2.0,103.0509,-0.9790740422474541,0.05168068301166206
5-12C,2.0,104.0352,-0.40406227831514513,0.09064744639469134
5-12C,2.0,105.0193,2.465322990568882,1.0062043560266212
5-12C,2.0,107.0503,2.29048124342994,0.8241070836375267
5-12C,2.0,109.0295,-0.703134166827648,0.1768780215990886
5-12C,2.0,111.02,-1.2029486846097663,0.005621846247121733
5-12C,2.0,112.0516,1.4400143483024026,1.1663858534607587
5-12C,2.0,113.0244,1.149721216560394,0.06501997669719162
5-12C,2.0,113.0357,-1.1160833362844236,0.015964092574295572
5-12C,2.0,114.056,-0.20680729198751552,0.0029285043650731854
5-12C,2.0,115.0037,-0.8766518145123967,0.013919364822915423
5-12C,2.0,115.0402,0.7499221728469396,0.37730714892924083
5-12C,2.0,115.0764,2.112412223731731,0.9793903318386895
5-12C,2.0,116.0354,-0.9372102217960074,0.06485582350607731
5-12C,2.0,116.0717,-0.814212620789073,0.013095243343317322
5-12C,2.0,117.0194,-0.9435484040685065,0.0016327416558706365
5-12C,2.0,118.0508,-1.3543787492307455,0.10823866489862119
5-12C,2.0,118.9804,1.3223414788144812,0.051943861964896795
5-12C,2.0,119.0503,0.936746259920596,0.3202715398734271
5-12C,2.0,120.9273,2.5079355307674067,0.8813834044644672
5-12C,2.0,121.0295,1.6619681860686297,0.6898601519345704
5-12C,2.0,121.0409,1.9056457547453949,0.7096112322144774
5-12C,2.0,122.0248,0.7767362248043707,0.25062625629244983
5-12C,2.0,124.0075,0.45337011892175777,0.3424533158924908
5-12C,2.0,124.0144,0.5899864141638729,0.2486561631856743
5-12C,2.0,125.0439,1.0506077917187655,0.16609828046068892
5-12C,2.0,127.0764,1.869422264641425,0.4724795255532583
5-12C,2.0,128.0354,1.0888286993060055,0.07309190532063589
5-12C,2.0,129.0193,-1.1315400134818945,0.018355350031263516
5-12C,2.0,129.0556,1.9191059408894375,0.9875610535236712
5-12C,2.0,130.0142,-0.3295933466674429,0.36330840275843884
5-12C,2.0,130.0509,-1.0640679431732156,0.016230089144175473
5-12C,2.0,130.0874,-1.0475816207608597,0.01656981247131153
5-12C,2.0,131.0008,-0.7265330010892002,0.7429592533082314
5-12C,2.0,131.0123,-0.6378978652920618,0.06282173105688725
5-12C,2.0,131.035,1.6857627257273022,0.15675252244284582
5-12C,2.0,131.0462,1.6500144822936433,0.2823935929180431
5-12C,2.0,131.0828,-0.5513179219107132,0.08441000790623782
5-12C,2.0,132.0302,-1.252366879464523,0.005647256968106497
5-12C,2.0,133.0142,-0.559611466814175,0.01518392674470082
5-12C,2.0,133.0257,-0.6546515524114722,0.0370342538636787
5-12C,2.0,133.0505,-1.3362575209602863,0.013981109855698831
5-12C,2.0,134.0472,-1.1596380858030193,0.07385157265453016
5-12C,2.0,134.0604,-0.7987566911730799,0.229974348947877
5-12C,2.0,135.0302,-0.8800339908626863,0.011983003979061766
5-12C,2.0,135.0453,-1.1067317224960367,0.05744193739649544
5-12C,2.0,136.0404,-0.20765588858732875,0.09493732321100434
5-12C,2.0,136.0487,-0.9605918388193789,0.16898409947737922
5-12C,2.0,136.0767,1.7886440605166753,0.33271795720033276
5-12C,2.0,137.0239,-0.49826632907007284,0.10393080154315626
5-12C,2.0,138.9789,1.3317443884149358,0.3400685411559325
5-12C,2.0,139.0014,-0.3493710698935434,0.028407382264893664
5-12C,2.0,139.0067,-0.6194648185698661,0.00962328444253558
5-12C,2.0,139.976,1.0351016391561174,0.5705588217269031
5-12C,2.0,143.0713,1.8566302266230217,0.412359863558172
5-12C,2.0,143.1077,1.5038404473160216,0.3575177807134392
5-12C,2.0,145.0141,-0.1889633169751538,0.14464550228384732
5-12C,2.0,145.0506,-0.5348632457430127,0.08042387947873976
5-12C,2.0,145.0623,-0.45281600440468595,0.24684057133469336
5-12C,2.0,145.0982,-0.1627825645654732,0.19535244701678492
5-12C,2.0,145.1106,0.23267235437842132,0.9130426189812235
5-12C,2.0,146.0459,-0.5167366871316206,0.0031756744227539155
5-12C,2.0,147.0298,-0.9963108302659873,0.0064567055924626676
5-12C,2.0,147.0662,-1.4598116042703166,0.020181084816813976
5-12C,2.0,149.0092,1.513936720474251,0.6383940000159599
5-12C,2.0,149.0456,0.9171378389651219,0.15594724187272954
5-12C,2.0,149.0608,1.7035215237642745,0.3847274888170127
5-12C,2.0,150.0422,-0.2619512174899373,0.7731154840489628
5-12C,2.0,150.9707,-0.651160687672215,0.43120258329132183
5-12C,2.0,151.0259,-0.585229757098454,0.09732496769092491
5-12C,2.0,151.04,1.94674883594227,0.658041446957169
5-12C,2.0,151.06,0.3859681135526623,0.6524838152583522
5-12C,2.0,152.0353,1.009672854657591,0.1673153307742104
5-12C,2.0,152.0716,2.1957745995480056,0.4099626795365645
5-12C,2.0,153.0192,-0.11953705438512832,0.09916489283168203
5-12C,2.0,154.062,-0.17141353909321602,0.22619681836668382
5-12C,2.0,154.9751,-0.9980969070715533,0.01365747458280286
5-12C,2.0,155.0099,-1.169742123220988,0.006279531793852596
5-12C,2.0,157.0128,-0.924218955579353,0.036661731179859165
5-12C,2.0,157.0255,-1.3298936019314977,0.007778441885184643
5-12C,2.0,157.0379,-1.2986265674252646,0.01860852278076546
5-12C,2.0,157.0504,-1.1269769746434606,0.024246948232956245
5-12C,2.0,159.0297,1.2187132684919977,0.4014946930171149
5-12C,2.0,159.0775,-1.219935150574144,0.017132019603931053
5-12C,2.0,160.0616,-0.8520356495765585,0.5448228859024382
5-12C,2.0,161.0453,1.43957653392767,0.2975114831270938
5-12C,2.0,162.0424,-1.208083178188432,0.16977376257779075
5-12C,2.0,163.0351,-0.6763764672276013,0.0714824161774984
5-12C,2.0,163.0398,0.491466446150639,0.0931064194822665
5-12C,2.0,163.0611,0.42405668825894327,0.34296895968564284
5-12C,2.0,164.0716,-0.3857038410950978,0.023434202683234973
5-12C,2.0,165.03,1.1538573753377679,0.48656113206478924
5-12C,2.0,165.0405,1.5066401809500012,0.3114266332885103
5-12C,2.0,165.0556,-0.2770089854555096,0.13539585858325495
5-12C,2.0,166.0508,-0.3355916884269816,0.3790384763039296
5-12C,2.0,166.0632,0.9132359266491592,0.35072812334838194
5-12C,2.0,166.9759,-0.732835328193182,0.22743333989428235
5-12C,2.0,167.0207,-0.044161885635377804,0.05121222814505305
5-12C,2.0,167.0358,2.9382948384759224,0.5504260454084346
5-12C,2.0,167.0828,2.036272316438883,0.8812724689378416
5-12C,2.0,168.0277,-0.5109820896381446,0.016509891457596897
5-12C,2.0,168.0664,1.6516395632995002,0.788139853558714
5-12C,2.0,170.0455,-0.8341783948351216,0.01941740475245876
5-12C,2.0,171.0065,-0.8430441886712328,0.09943837712507593
5-12C,2.0,171.0092,-0.9475902971733514,0.11633883489614376
5-12C,2.0,171.0284,-0.909997667254471,0.015766138278724785
5-12C,2.0,172.0616,-1.4669156627169184,0.06439920215399987
5-12C,2.0,172.962,-0.4113562996834264,0.030418213674579562
5-12C,2.0,173.0089,-0.9292594770750113,0.10949324625480043
5-12C,2.0,173.0453,-0.5430275383606935,0.04862385608484147
5-12C,2.0,173.0932,-0.8946386356541282,0.04221280405641835
5-12C,2.0,173.1041,-0.6459855232203555,0.13830025369276563
5-12C,2.0,174.0407,-1.004987319027951,0.0025366093756208825
5-12C,2.0,174.088,-0.6493704256030679,0.09022789317573914
5-12C,2.0,175.022,-0.7011017555417349,0.20054414378631785
5-12C,2.0,175.0361,-1.2245189160173844,0.012938554949959458
5-12C,2.0,175.0611,-1.2509322886189662,0.011593220632159376
5-12C,2.0,176.0776,-1.1222956684413883,0.18580826641821727
5-12C,2.0,177.0402,0.7083707186842931,0.13928597243011245
5-12C,2.0,177.0553,1.0950841003170422,0.6183226081071447
5-12C,2.0,178.0509,-1.0064870174238758,0.012082442030581729
5-12C,2.0,179.0348,-0.4737644988239166,0.42302870206550935
5-12C,2.0,179.0561,1.4666480520358525,0.15438466605746837
5-12C,2.0,180.0663,1.5223859467804335,0.2338040758728223
5-12C,2.0,181.0505,-0.666997674404016,0.09025156785732212
5-12C,2.0,182.9725,1.6499539651158308,0.12564384583030208
5-12C,2.0,183.0661,2.5706800610674847,0.7771756419586271
5-12C,2.0,184.0017,-0.5084379563238035,0.033174338161425135
5-12C,2.0,184.9856,-0.28526946630939876,0.05208934320253247
5-12C,2.0,186.1136,1.1772163387060433,0.2992973464333351
5-12C,2.0,187.0234,-0.04151866176270898,0.5661693124755827
5-12C,2.0,188.035,0.6105660067784788,1.2047192430895335
5-12C,2.0,188.0565,-1.1330301115535777,0.004072234916284258
5-12C,2.0,189.0405,1.0749838996920404,0.11860740715796887
5-12C,2.0,191.0197,-0.9879837458252074,0.16325985123417344
5-12C,2.0,191.0561,-1.095144970484312,0.037496140414590755
5-12C,2.0,192.0663,0.6909554413331842,0.47668989340242646
5-12C,2.0,193.0349,-0.6360220107654638,0.22416729992446655
5-12C,2.0,194.0682,-0.9847933936216606,0.06020534667676746
5-12C,2.0,194.0822,1.4203907364316257,0.2595964021269186
5-12C,2.0,195.0509,-0.5278318988650144,0.08673175560269604
5-12C,2.0,195.0657,0.5992809990068414,0.41141603046539793
5-12C,2.0,196.0603,-1.156990382203455,0.03602477042369338
5-12C,2.0,198.0182,-0.751649507844119,0.3984227699148672
5-12C,2.0,199.0019,-0.3207810502067652,0.13357684533015363
5-12C,2.0,200.9937,1.2749633484304925,0.20838068869551338
5-12C,2.0,201.0051,-1.1599142518764256,0.17316900837019059
5-12C,2.0,203.0348,0.3007731410134322,0.11468826625387667
5-12C,2.0,203.0826,-0.07673354758187687,0.009779814547127934
5-12C,2.0,204.0498,-0.0056448262370714375,0.30086904064722236
5-12C,2.0,205.0351,-0.9889011479449308,0.0569640021690249
5-12C,2.0,206.0822,0.6432827553409421,0.7546793710872683
5-12C,2.0,209.0292,-0.8893543397777781,0.3502183145594384
5-12C,2.0,209.0814,0.7121542951131841,0.2761928065452181
5-12C,2.0,211.0235,0.3304258014723158,0.566478864436481
5-12C,2.0,211.9968,-1.0752798227737375,0.02836061172179755
5-12C,2.0,212.0331,-0.22570960245123645,0.10863256228723671
5-12C,2.0,212.9807,-0.5193577405658689,0.07287877141362596
5-12C,2.0,213.014,-0.8617615778167254,0.10684097102287755
5-12C,2.0,213.0384,-0.04722489512243176,0.3960165733446253
5-12C,2.0,213.1252,1.1328668139988873,0.70088307686999
5-12C,2.0,214.0488,0.45021774506329043,0.5281919290339548
5-12C,2.0,215.0331,0.9054746378628685,0.16783831479535094
5-12C,2.0,216.1351,0.23018645752083433,0.17543363053589353
5-12C,2.0,218.0335,0.8366044605594483,0.1610003491536797
5-12C,2.0,218.1034,-1.2597162834024425,0.025178354409989973
5-12C,2.0,220.0828,0.6525280804135769,0.4016431977175328
5-12C,2.0,221.0443,1.2426583807963483,0.08567398315198502
5-12C,2.0,221.0664,0.6119405437879221,0.5884686063433059
5-12C,2.0,225.0399,1.7329598364675038,0.7995185918804145
5-12C,2.0,225.0861,1.2136169933497294,0.14016863187064113
5-12C,2.0,225.0901,2.120575574714546,0.3709758230623795
5-12C,2.0,226.0135,0.12365143879450352,0.3294824721093411
5-12C,2.0,226.0697,0.562903153123425,0.5440852826456977
5-12C,2.0,228.0501,-1.1594927997179958,0.16505451532354923
5-12C,2.0,229.0122,-0.8559559668249933,0.2330196357620091
5-12C,2.0,237.0614,-1.085642553852993,0.1270978563811289
5-12C,2.0,238.0945,0.7620731586237568,0.39721636599065757
5-12C,2.0,240.0515,-1.4198105912722812,0.008678766965457526
5-12C,2.0,241.0844,-0.5967036863698274,0.8599734806223466
5-12C,2.0,242.0804,-0.06561685943566722,0.4101546662490421
5-12C,2.0,243.029,0.11910945700940799,0.2885364888976205
5-12C,2.0,243.0625,-0.8228210066177581,0.2402290766177058
5-12C,2.0,245.0444,-0.6615890658871322,0.1820204954761141
5-12C,2.0,246.0198,0.5579315953681192,0.4066295321437718
5-12C,2.0,246.064,0.6943438076150343,0.9087291823980924
5-12C,2.0,251.0816,-0.3324422908724939,0.9696927284320159
5-12C,2.0,253.0119,-0.35014425878134836,0.005417436166164996
5-12C,2.0,253.0499,0.1336103256101654,0.6136023606585331
5-12C,2.0,257.0072,-0.40118854959844963,0.19665821566023386
5-12C,2.0,257.1028,1.8803809101058426,1.3107208984987626
5-12C,2.0,259.005,0.4467232779990233,0.6575172421521828
5-12C,2.0,259.0227,0.43164081391123993,0.2182377619040985
5-12C,2.0,261.0385,-0.44835233710320826,0.16544208570090996
5-12C,2.0,266.0703,-0.5247219705036954,0.29980970980698596
5-12C,2.0,267.0724,-0.7269867412531898,0.03783636206426853
5-12C,2.0,268.02,0.8621261453680086,0.8553993963668479
5-12C,2.0,269.0398,-0.7330528644643262,0.13833689386604403
5-12C,2.0,271.0612,-0.1563463489802339,0.5620068251045458
5-12C,2.0,271.0815,1.8527206585633513,1.1583111807153406
5-12C,2.0,273.0021,-0.7258606833118778,0.11928541052864895
5-12C,2.0,274.0933,-1.3539011856986711,0.021230708263198225
5-12C,2.0,275.0184,-0.3852110164130623,0.42873945259096585
5-12C,2.0,275.0991,-0.6891575192641939,0.0797498958058791
5-12C,2.0,277.1207,1.0837275379758546,0.235083778541834
5-12C,2.0,277.2169,0.7865601639222468,0.4831126664622229
5-12C,2.0,279.2331,-0.30666593766162553,0.0038838267236999614
5-12C,2.0,282.0839,-0.4705882210058827,0.9042756519204832
5-12C,2.0,283.2063,-0.5518842393388854,0.12312725457273774
5-12C,2.0,285.0972,1.7599951677066277,1.2955358639430412
5-12C,2.0,287.0157,1.6350997640492362,0.6647812836419061
5-12C,2.0,288.0725,-0.7427232150966447,0.01933904315568372
5-12C,2.0,289.0333,0.43186218076445665,0.7581241295122041
5-12C,2.0,289.1044,-1.2275926987624959,0.26500568401538976
5-12C,2.0,290.9677,-0.5698517404510741,0.06899117170718333
5-12C,2.0,294.0479,1.596491130921975,0.5426024899741052
5-12C,2.0,300.0509,0.6595983877546582,1.246717206877559
5-12C,2.0,301.0333,1.9318488450270213,0.4885702207451195
5-12C,2.0,303.2326,0.279083573660726,0.6585396869322626
5-12C,2.0,305.0207,1.7065641031811205,0.20439588292267966
5-12C,2.0,306.0481,-1.1405352373220214,0.05466270582129214
5-12C,2.0,306.0765,-0.3209521648657384,0.042352294513958874
5-12C,2.0,308.0986,1.8371643605882164,0.1680227924002609
5-12C,2.0,313.0441,-0.4046621512700213,0.3588659623617076
5-12C,2.0,313.1037,0.13233357856583133,0.49494187827736486
5-12C,2.0,317.026,0.1278301705507944,0.18930563212775067
5-12C,2.0,323.0256,2.013689693708773,0.9672199013884429
5-12C,2.0,325.1163,-0.8126136154633364,0.16076938530757734
5-12C,2.0,328.0457,-1.1136720745895126,0.03504106622578218
5-12C,2.0,333.0589,-0.7478535587419474,0.16401811638053923
5-12C,2.0,338.9884,-0.6813938555541466,0.18724620836322795
5-12C,2.0,339.0928,0.059123096345145565,0.8946220050217446
5-12C,2.0,341.1089,-0.4213351587516407,0.13869525958065557
5-12C,2.0,344.0393,-0.7161638627455007,0.08167485908308965
5-12C,2.0,346.0556,-0.5307362531834201,0.09344540512390637
5-12C,2.0,348.087,-1.0682762964887447,0.15369758436145584
5-12C,2.0,353.0489,-0.7356276192523656,0.9623248762918695
5-12C,2.0,357.089,-0.7811229909687545,0.2583243565540168
5-12C,2.0,375.131,-0.2819048282212902,0.6209186272734604
5-12C,2.0,377.1496,-0.10414883440129098,0.6334235326556592
5-12C,2.0,383.1188,0.5376507170588848,0.4152328107669464
5-12C,2.0,388.9416,-0.6221691129668512,0.45781062370772013
5-12C,2.0,388.9442,-0.8266560044796549,0.3160119023297176
5-12C,2.0,401.0756,1.408468270764193,0.06640337530164477
5-12C,2.0,407.2795,0.41470764010159955,0.34065688759954255
5-12C,2.0,421.0743,-0.04695133275313651,0.3211862217242062
5-12C,2.0,426.0222,-0.5674244937305633,0.0976102236072317
5-12C,2.0,442.9997,0.1727561162281046,0.21789356039395918
5-12C,2.0,466.9657,2.0996618025606835,0.17254552457231248
5-12C,2.0,490.9787,1.1851798820375627,0.4288667805068069
5-12C,2.0,503.1614,0.4502129232579812,0.5918244232734946
5-12C,2.0,547.0731,-1.2876416682895635,0.07308429108037455
5-12C,2.0,565.0471,-1.1146720812788293,0.3266000314069353
5-12C,2.0,578.8872,0.9401136871068698,0.21943544054310724
5-12C,2.0,579.0269,0.3735236574200322,0.17357553387197316
5-12C,2.0,612.2549,-1.159435699651683,0.30834423285691587
5-12C,2.0,624.2949,-1.062499258512176,0.6047211326693613
5-12C,2.0,659.307,1.7611269409122179,0.6198447225027582
5-12C,2.0,664.0939,-0.028700449206577223,0.22386891196248307
5-12C,2.0,665.2144,-0.5809439381170483,0.28616717729150054
5-12C,2.0,668.1374,-0.6167298076944079,0.00040111983860347786
5-12C,2.0,787.255,1.296036606439426,0.8035365267812254
5-12C,2.0,790.2568,1.4186681621162882,0.5113796193237726
5-12C,2.0,835.0407,-0.6925748927967084,0.19452891045509785
5-12C,2.0,863.2971,-0.6725973093013362,0.14422342663468107
5-12C,2.0,864.1473,1.2006219791213029,0.9965285000563439
5-12C,2.0,974.2935,-0.33466760838356047,0.20321106585355989
5-12C,2.0,976.7162,1.2663966278310892,0.29526006221746
5-12C,3.0,57.0342,0.4722726555815905,0.6660033040866538
5-12C,3.0,58.0295,-0.9153535178900267,0.14855270049830208
5-12C,3.0,59.0135,0.6101664569508598,0.6352783335484093
5-12C,3.0,71.0137,0.8344790502228429,0.49008531992882004
5-12C,3.0,73.0293,-0.9599520133026282,0.014584202408641242
5-12C,3.0,74.0247,-0.23977956370284417,0.7802525422886969
5-12C,3.0,75.0087,-1.125303356633205,0.5131632150912595
5-12C,3.0,87.0088,-0.682136359424797,0.00861921570496564
5-12C,3.0,87.0451,-0.15801156704149935,0.2658753860714482
5-12C,3.0,88.0403,-0.9422062936172129,0.029127192847750775
5-12C,3.0,88.9883,-0.12669877872470753,0.5224759056863986
5-12C,3.0,89.0244,-0.4027185564523166,0.09941605360789002
5-12C,3.0,93.0338,-0.09099109404440556,0.006744923731186654
5-12C,3.0,94.9761,-0.8533705439337135,0.2968670316099264
5-12C,3.0,94.9806,0.3748034083893867,0.4331389979175542
5-12C,3.0,95.0139,0.8726287291483033,0.42898181297267624
5-12C,3.0,101.0242,0.5865911061144776,0.6515506618788726
5-12C,3.0,102.056,-0.5680520685592652,0.03441165324488364
5-12C,3.0,103.0402,-0.9869050132940171,0.021541068501997666
5-12C,3.0,103.0509,-1.0064873477710754,0.06285651021638188
5-12C,3.0,104.0352,1.59532766672929,2.6434374764730433
5-12C,3.0,105.0193,0.20795230815250834,0.4592678265563068
5-12C,3.0,107.0503,-0.6840547226633962,0.45522681962244577
5-12C,3.0,109.0295,-1.2179678871307793,0.144368189693993
5-12C,3.0,111.02,-1.1674470614071382,0.01115002970850603
5-12C,3.0,112.0516,-0.21018537135035387,0.5900717830209873
5-12C,3.0,113.0244,0.8300899189657698,0.4064622056234668
5-12C,3.0,113.0357,-1.1359175960360497,0.11537353193921916
5-12C,3.0,114.056,-0.18491485603488017,0.005450805113994847
5-12C,3.0,115.0037,-0.9285993650325719,0.015878680148709832
5-12C,3.0,115.0402,-1.278100115017625,0.6789197459188306
5-12C,3.0,115.0764,-0.4017029469153059,0.788483259689214
5-12C,3.0,116.0354,-1.1693539532834953,0.18590358365879586
5-12C,3.0,116.0717,-0.727742886868612,0.08690254986648686
5-12C,3.0,117.0194,-0.9399644336198905,0.002399118833768166
5-12C,3.0,118.0508,-1.0053134772589265,0.6161608242079583
5-12C,3.0,118.9804,0.784453252201364,0.36534341791772834
5-12C,3.0,119.0503,-0.3830745200983537,0.5116629040872593
5-12C,3.0,120.9273,0.2228064000076885,0.25272956864774015
5-12C,3.0,121.0295,-0.08914637066075363,0.6762107595509608
5-12C,3.0,121.0409,0.5163235638675467,0.32020348061465337
5-12C,3.0,122.0248,-0.5225533037060051,0.4483677301131311
5-12C,3.0,124.0075,0.2193357940040662,0.3066847654344472
5-12C,3.0,124.0144,0.41251000717515424,0.4337007863097022
5-12C,3.0,125.0439,-0.3399073718576665,0.373422024121466
5-12C,3.0,127.0764,0.09679779054507452,0.4932030791151627
5-12C,3.0,128.0354,1.6487400710994113,0.13565087101143353
5-12C,3.0,129.0193,-1.2815760222276582,0.07474596208874175
5-12C,3.0,129.0556,-0.003005071682845681,0.5623381067639935
5-12C,3.0,130.0142,-0.8708130031430747,0.19261985523611552
5-12C,3.0,130.0509,-1.0459725363234273,0.011065453599444849
5-12C,3.0,130.0874,-0.6130281415192914,0.38147553116047916
5-12C,3.0,131.0008,1.1476351991771467,1.1964917473402543
5-12C,3.0,131.0123,-0.6547948185489552,0.13067734993094612
5-12C,3.0,131.035,0.46844373154145585,0.41488778581231367
5-12C,3.0,131.0462,0.6436028149343374,0.446137896919561
5-12C,3.0,131.0828,1.5828316531648332,1.3383311288403585
5-12C,3.0,132.0302,-1.175097922425471,0.04847862148753098
5-12C,3.0,133.0142,-0.5743617440984661,0.03475217769429082
5-12C,3.0,133.0257,-0.6200105014543185,0.0526982465552127
5-12C,3.0,133.0505,-1.3387321234614435,0.006525390518431073
5-12C,3.0,134.0472,-1.4349208419350832,0.07930541728332949
5-12C,3.0,134.0604,-1.572727125264571,0.34948632501304294
5-12C,3.0,135.0302,-0.6889525356444292,0.2606680521752437
5-12C,3.0,135.0453,-0.6263523905972355,0.3338729958447145
5-12C,3.0,136.0404,-0.37309563824233544,0.08312251723417434
5-12C,3.0,136.0487,-0.7622360893238257,0.24998594989102368
5-12C,3.0,136.0767,0.22390885720834222,0.896366245775285
5-12C,3.0,137.0239,-0.18901529229811237,0.24271473289512913
5-12C,3.0,138.9789,-1.022114611272471,0.5997837607937598
5-12C,3.0,139.0014,-0.4057679981086426,0.03915213162280448
5-12C,3.0,139.0067,-0.7769169351151752,0.05603373472402417
5-12C,3.0,139.976,-1.1484084148276563,0.627035060078816
5-12C,3.0,143.0713,0.28759389167614247,0.4986614890849519
5-12C,3.0,143.1077,-0.4373698815236611,0.7045037295019847
5-12C,3.0,145.0141,-0.16458172623567677,0.1642419477433431
5-12C,3.0,145.0506,-0.07906552757836532,1.0056457821633231
5-12C,3.0,145.0623,0.38346657896624464,0.7887383906445562
5-12C,3.0,145.0982,1.288696169265913,1.0141934277840905
5-12C,3.0,145.1106,1.095875663128131,0.7485595792960257
5-12C,3.0,146.0459,-0.49527548454484216,0.02095455282767351
5-12C,3.0,147.0298,-0.9885430902661327,0.0038735797170233437
5-12C,3.0,147.0662,-1.4334214106851635,0.013157964828155668
5-12C,3.0,149.0092,0.3322739106155561,0.724794912975512
5-12C,3.0,149.0456,0.2445458733177874,0.40589470653136056
5-12C,3.0,149.0608,-0.4320050681290333,1.0274050959066985
5-12C,3.0,150.0422,-0.24469446983742305,0.33140357708596924
5-12C,3.0,150.9707,-0.7139411404119477,0.4689947182556834
5-12C,3.0,151.0259,-0.46767828261617433,0.3926014895607171
5-12C,3.0,151.04,-0.39466205831299855,0.719886006339629
5-12C,3.0,151.06,-0.5238081816749923,0.33394672558911104
5-12C,3.0,152.0353,-1.3752134620164782,0.6229575981841008
5-12C,3.0,152.0716,0.48821754956587377,0.9336620398853639
5-12C,3.0,153.0192,-0.2886725485800633,0.17531086836051557
5-12C,3.0,154.062,0.728020118946601,1.1067382183515568
5-12C,3.0,154.9751,-0.9939711059017311,0.012133207768189469
5-12C,3.0,155.0099,-1.1256740081085688,0.009749156777820024
5-12C,3.0,157.0128,-0.9645214329968987,0.04682518759894955
5-12C,3.0,157.0255,-1.296188845868988,0.014054208721324294
5-12C,3.0,157.0379,-1.3794918590605254,0.011958288687567323
5-12C,3.0,157.0504,-1.1917308235672741,0.047459204901372884
5-12C,3.0,159.0297,0.5251399328051588,0.41374756829131176
5-12C,3.0,159.0775,-1.1838412761741401,0.01064149917835779
5-12C,3.0,160.0616,-1.5355982731929627,0.17171082713489672
5-12C,3.0,161.0453,0.054345560637213214,0.4966919276058498
5-12C,3.0,162.0424,-1.3853368221242213,0.18375933071564327
5-12C,3.0,163.0351,-1.0592380238843366,0.2163864694550464
5-12C,3.0,163.0398,0.1302304252809987,0.142356450260118
5-12C,3.0,163.0611,-1.0319395231736517,1.1482683107982081
5-12C,3.0,164.0716,-0.06516668382723974,0.45767544275058086
5-12C,3.0,165.03,-0.3256134225218771,0.9721241066002074
5-12C,3.0,165.0405,-0.075757677776322,0.7869062675323052
5-12C,3.0,165.0556,-0.7911255424816155,0.17533080264557946
5-12C,3.0,166.0508,-1.623185726269507,0.3346031083203374
5-12C,3.0,166.0632,-1.3250955114858585,1.073395384889307
5-12C,3.0,166.9759,-1.080608379041105,0.33944843354424137
5-12C,3.0,167.0207,1.3280636144264761,1.9786261620948051
5-12C,3.0,167.0358,-0.27832932286061135,0.7142984646315266
5-12C,3.0,167.0828,-0.4236974437124624,0.30752204759449636
5-12C,3.0,168.0277,-0.4822136984575744,0.010060796996538909
5-12C,3.0,168.0664,0.21545147011212104,0.5316344236833511
5-12C,3.0,170.0455,-0.8519370697170545,0.01296441611715448
5-12C,3.0,171.0065,-1.111382054389979,0.06058119517779632
5-12C,3.0,171.0092,-1.1563229330192608,0.19350153948688215
5-12C,3.0,171.0284,-0.749967418206651,0.09972807015642211
5-12C,3.0,172.0616,-1.5390867809181423,0.1475694282868168
5-12C,3.0,172.962,-0.6747081140037958,0.04863791059438781
5-12C,3.0,173.0089,-0.9685932352390678,0.15489175857668147
5-12C,3.0,173.0453,-0.5433583761233144,0.07004599325599921
5-12C,3.0,173.0932,-0.7346955418169616,0.1650568067871566
5-12C,3.0,173.1041,0.3401437626330497,0.5038178325853689
5-12C,3.0,174.0407,-0.9930141156489369,0.0047518715239461455
5-12C,3.0,174.088,-0.24184793252991296,0.9677768982290165
5-12C,3.0,175.022,-0.8278595835552551,0.07610001858455352
5-12C,3.0,175.0361,-1.2165695566886934,0.011853073977920557
5-12C,3.0,175.0611,-1.2383537824004893,0.00786367605755836
5-12C,3.0,176.0776,-1.2620140957955894,0.09270815836882573
5-12C,3.0,177.0402,0.3005388878364949,0.7330311243401899
5-12C,3.0,177.0553,-0.42678943209415127,0.8927414970519651
5-12C,3.0,178.0509,-1.0021462098585885,0.0670557648777647
5-12C,3.0,179.0348,-0.7469294988662099,0.22221334320270272
5-12C,3.0,179.0561,0.5313531306412894,0.30874074371022037
5-12C,3.0,180.0663,0.5624690706157891,0.32376146920055754
5-12C,3.0,181.0505,-1.1079962657073419,0.4647871266070889
5-12C,3.0,182.9725,0.5516368606141152,0.3662028681783387
5-12C,3.0,183.0661,-0.21839698697580354,0.55014637304395
5-12C,3.0,184.0017,-0.5350389293356966,0.02051870319267849
5-12C,3.0,184.9856,-0.6569501276566878,0.17311405374687597
5-12C,3.0,186.1136,1.497008158931457,0.7540927569006335
5-12C,3.0,187.0234,-1.1106884084142017,0.2747616860455461
5-12C,3.0,188.035,-0.6697753643831423,0.5333182892325882
5-12C,3.0,188.0565,-1.1289952292810925,0.019058025657393046
5-12C,3.0,189.0405,2.131206177601243,0.4964398244799096
5-12C,3.0,191.0197,-0.579824093568176,0.38075712037892473
5-12C,3.0,191.0561,-0.5563120789021373,0.9157914335991324
5-12C,3.0,192.0663,0.07238966938538295,0.6252837962918016
5-12C,3.0,193.0349,-0.20575220271263872,0.35431706919743855
5-12C,3.0,194.0682,-1.0461607661677952,0.10868354605427911
5-12C,3.0,194.0822,-0.8681202034433717,0.7114728115681294
5-12C,3.0,195.0509,-0.23343142640792175,0.1134038276459951
5-12C,3.0,195.0657,-1.2697188120876715,0.3424765042247612
5-12C,3.0,196.0603,-1.3748485525799923,0.09850568935964878
5-12C,3.0,198.0182,-1.0532066335531678,0.37727073257510013
5-12C,3.0,199.0019,-1.0435993393329857,0.32961039252981256
5-12C,3.0,200.9937,0.07671615713537895,0.6181445121563938
5-12C,3.0,201.0051,-0.930358325193198,0.3152322062525333
5-12C,3.0,203.0348,-0.5991282121449769,0.21652744988514697
5-12C,3.0,203.0826,-0.008364163932324396,0.046612669311013995
5-12C,3.0,204.0498,0.9537693722290006,0.5721658477630569
5-12C,3.0,205.0351,-1.0381778932082386,0.0877265971581775
5-12C,3.0,206.0822,-0.5302416714055167,0.6072355713259774
5-12C,3.0,209.0292,-0.5657108052832645,0.48133906177472213
5-12C,3.0,209.0814,1.3471754531724733,0.7058501525466058
5-12C,3.0,211.0235,-0.5477509957990124,0.35557012371286234
5-12C,3.0,211.9968,-1.0992184563865433,0.04525622444388933
5-12C,3.0,212.0331,-0.5718499392649317,0.04786622195677309
5-12C,3.0,212.9807,-0.8182313701206672,0.0950348802391969
5-12C,3.0,213.014,-0.7419197390326862,0.13976205279782206
5-12C,3.0,213.0384,-0.514001280860386,0.25122512043756734
5-12C,3.0,213.1252,-0.07358713465411915,0.5890483108063366
5-12C,3.0,214.0488,-0.427159509608732,0.9246456075842511
5-12C,3.0,215.0331,0.6779863244630673,0.44616203165832174
5-12C,3.0,216.1351,0.4579440773025345,0.12744764525038813
5-12C,3.0,218.0335,0.9570177511450925,0.414486104531413
5-12C,3.0,218.1034,-1.2350899093859402,0.024814412381957057
5-12C,3.0,220.0828,0.2876132836887739,0.6573251418784158
5-12C,3.0,221.0443,0.9528364480525296,0.4562110106284722
5-12C,3.0,221.0664,-0.05419320881257941,1.0603967011546966
5-12C,3.0,225.0399,-0.4281061232029323,0.6439900475373705
5-12C,3.0,225.0861,-0.850326588599454,1.0199117660220092
5-12C,3.0,225.0901,-0.7212610850847178,1.1937921193909156
5-12C,3.0,226.0135,-0.1716819989693158,0.4590909343138146
5-12C,3.0,226.0697,0.16856363675369782,0.40321648007407374
5-12C,3.0,228.0501,-0.5775963554396556,0.36070400159005167
5-12C,3.0,229.0122,-1.0805791301480772,0.12142289079346327
5-12C,3.0,237.0614,-1.4386335058810813,0.08986272826249941
5-12C,3.0,238.0945,0.7067237123318697,0.2671619822515185
5-12C,3.0,240.0515,-1.411028256456523,0.005464340459591067
5-12C,3.0,241.0844,-1.329566808285217,0.7775067168768077
5-12C,3.0,242.0804,-0.666456290668796,0.5514549557933736
5-12C,3.0,243.029,-1.072032001537123,0.3145724812874999
5-12C,3.0,243.0625,-1.1768032261277226,0.5003955269282001
5-12C,3.0,245.0444,-1.311511387824206,0.3119504657852927
5-12C,3.0,246.0198,-0.9677134873213988,0.5343122748754818
5-12C,3.0,246.064,0.2658669371169683,0.2951049476844205
5-12C,3.0,251.0816,1.8175365601287954,1.8644695170093006
5-12C,3.0,253.0119,-0.36263089786689107,0.007935264409206137
5-12C,3.0,253.0499,-0.5599612839649332,0.43068721359770035
5-12C,3.0,257.0072,-1.350074665349769,0.10535699112839211
5-12C,3.0,257.1028,0.8561307688446882,0.4572629512966664
5-12C,3.0,259.005,-0.6292399428786697,0.9019529696551565
5-12C,3.0,259.0227,0.3998380573789191,0.5939875097730951
5-12C,3.0,261.0385,-0.8012812413722742,0.4688092068333676
5-12C,3.0,266.0703,-0.7369751585815845,0.08040769408650526
5-12C,3.0,267.0724,-0.6654614221229165,0.08049806419244844
5-12C,3.0,268.02,-0.37505812004785377,0.33648684073254964
5-12C,3.0,269.0398,-0.6506990281659981,0.12606329013422887
5-12C,3.0,271.0612,-0.17662899363097712,0.641835317565941
5-12C,3.0,271.0815,1.224426995595575,0.3957119284904379
5-12C,3.0,273.0021,-0.9102435012385812,0.13413917415175813
5-12C,3.0,274.0933,-1.3412665459469197,0.11544744366875896
5-12C,3.0,275.0184,-1.1902811172631227,0.6850506244792659
5-12C,3.0,275.0991,-0.7216395898515982,0.1976633803162593
5-12C,3.0,277.1207,1.1032993866259417,0.41430660623431154
5-12C,3.0,277.2169,0.5960923140229116,0.4325453649003224
5-12C,3.0,279.2331,0.13197614523525608,1.0704300472020742
5-12C,3.0,282.0839,-0.14463245681726722,0.5642958674301619
5-12C,3.0,283.2063,0.16899164057764757,1.1214264893207666
5-12C,3.0,285.0972,0.6534900891922467,1.1027889032721636
5-12C,3.0,287.0157,0.23637788027857998,0.890553097200115
5-12C,3.0,288.0725,-0.7876648182326277,0.0638058712480098
5-12C,3.0,289.0333,0.05857973727249302,0.877584664415099
5-12C,3.0,289.1044,-1.2156008899675972,0.19056870742362528
5-12C,3.0,290.9677,-0.5743761855106264,0.06434510285982614
5-12C,3.0,294.0479,0.655997516442953,0.4031674975138293
5-12C,3.0,300.0509,-0.779049999841942,0.5134517025149296
5-12C,3.0,301.0333,0.20310976111016704,0.49132963861629403
5-12C,3.0,303.2326,1.3145084102321052,1.7923293792762536
5-12C,3.0,305.0207,0.38445883723237617,0.2947918095384983
5-12C,3.0,306.0481,-1.1080343735854603,0.023393166446555817
5-12C,3.0,306.0765,-0.29735260617209935,0.024919647990378244
5-12C,3.0,308.0986,2.8208901489970986,0.26721091926454404
5-12C,3.0,313.0441,-0.7764889352089104,0.3129189741833286
5-12C,3.0,313.1037,-1.2024807313921633,0.4901696100919043
5-12C,3.0,317.026,-0.7857525169372398,0.41458665647752335
5-12C,3.0,323.0256,-0.7097253408778783,0.10011014690619112
5-12C,3.0,325.1163,-0.2773321369045305,0.4440603639072357
5-12C,3.0,328.0457,-1.0701194895151334,0.04244284415708924
5-12C,3.0,333.0589,-1.3274669619506119,0.17392295514441294
5-12C,3.0,338.9884,-0.8774035220236894,0.2169883440644991
5-12C,3.0,339.0928,-0.30356872545362423,1.5338695164010063
5-12C,3.0,341.1089,0.08198115278575338,0.3881340548617809
5-12C,3.0,344.0393,-0.5936577326526538,0.1994057187613098
5-12C,3.0,346.0556,-0.41261751563815846,0.09978833030200857
5-12C,3.0,348.087,-1.1723738260516332,0.05594401184977328
5-12C,3.0,353.0489,-0.853813902143941,0.4435136984935673
5-12C,3.0,357.089,-0.6424201311662486,0.34072988549404737
5-12C,3.0,375.131,-0.05362234461288779,0.6124672748690049
5-12C,3.0,377.1496,1.3264760556702488,1.0166255169343719
5-12C,3.0,383.1188,0.10891008597468708,1.0055092830172039
5-12C,3.0,388.9416,-0.3400667589820341,0.5089474979102009
5-12C,3.0,388.9442,-0.7632202899592596,0.32553507354128386
5-12C,3.0,401.0756,0.8454060160034396,0.342110081002376
5-12C,3.0,407.2795,0.9615110448010038,0.7899266051591505
5-12C,3.0,421.0743,-0.8129656099551401,0.8979319997760279
5-12C,3.0,426.0222,-0.8834389060221064,0.2754392325181048
5-12C,3.0,442.9997,0.23816073176187952,0.10711457006756779
5-12C,3.0,466.9657,0.25802948986391694,0.15301430421922352
5-12C,3.0,490.9787,-0.42086256388308163,0.7037384515007304
5-12C,3.0,503.1614,-0.1421398536785344,0.6485876806185255
5-12C,3.0,547.0731,-1.3667730388588482,0.03798192436970215
5-12C,3.0,565.0471,-0.9602295116704614,0.0875416553337669
5-12C,3.0,578.8872,0.9746487722159142,0.37251251051803747
5-12C,3.0,579.0269,1.0440484053731156,0.32983436315769815
5-12C,3.0,612.2549,-0.569482848264673,0.47416331817181934
5-12C,3.0,624.2949,-1.0444837050797582,0.33189709639860326
5-12C,3.0,659.307,-0.18100353841723402,0.18397078236931041
5-12C,3.0,664.0939,-0.4365216768067774,0.10192437592176389
5-12C,3.0,665.2144,-0.9850024259376863,0.3225176967659591
5-12C,3.0,668.1374,-0.6165875408801518,5.345592801751935e-05
5-12C,3.0,787.255,-0.35223088997399815,0.7305163622726113
5-12C,3.0,790.2568,-0.31930230259610914,0.27034610623477834
5-12C,3.0,835.0407,-0.660475226303394,0.18871010684149006
5-12C,3.0,863.2971,-0.6456153848603715,0.19654110153769852
5-12C,3.0,864.1473,-0.8287082330981319,0.39253897991708314
5-12C,3.0,974.2935,-0.7920393614857284,0.3762961972577232
5-12C,3.0,976.7162,0.19725850670198425,0.30351032498651037
5-12C,4.0,57.0342,0.6374815755030858,0.14635497155265606
5-12C,4.0,58.0295,-1.0482300189714022,0.2812570478146216
5-12C,4.0,59.0135,0.6415846956266675,0.14391696311394256
5-12C,4.0,71.0137,0.9255852994323679,0.1450813802027135
5-12C,4.0,73.0293,-0.9173378049741621,0.029175576538996266
5-12C,4.0,74.0247,-1.0043161500543447,0.5427346402325994
5-12C,4.0,75.0087,-0.6224082038006303,0.43908187135206583
5-12C,4.0,87.0088,-0.624937360438167,0.00942954995029153
5-12C,4.0,87.0451,0.8071524634662741,0.619145029545658
5-12C,4.0,88.0403,-0.9395141780418337,0.01855339926742417
5-12C,4.0,88.9883,1.3581813028357084,0.5698271875621735
5-12C,4.0,89.0244,0.44275474732019293,0.09102890436905985
5-12C,4.0,93.0338,-0.07464214724665136,0.01432567623188989
5-12C,4.0,94.9761,-0.39371490942520215,0.3343419574270878
5-12C,4.0,94.9806,1.032003901161748,0.1987395543650306
5-12C,4.0,95.0139,1.0660181061782286,0.07184149528544616
5-12C,4.0,101.0242,1.157662662146643,0.11775652214912477
5-12C,4.0,102.056,-0.6246043430272614,0.03850416622622658
5-12C,4.0,103.0402,-0.978832455660336,0.04340754981255395
5-12C,4.0,103.0509,-0.9262780464241831,0.08243096431906734
5-12C,4.0,104.0352,-0.42005597621346524,0.18596950226135583
5-12C,4.0,105.0193,0.9792634752651646,0.38787637143889164
5-12C,4.0,107.0503,-0.006101049886303944,0.5161065068167917
5-12C,4.0,109.0295,-1.0891595669268819,0.1103558992593222
5-12C,4.0,111.02,-1.140251840190332,0.015433508129151523
5-12C,4.0,112.0516,-0.2952609167489171,0.555420107178445
5-12C,4.0,113.0244,1.0995865611744478,0.04366397451919803
5-12C,4.0,113.0357,-1.037856577194907,0.027265989995919317
5-12C,4.0,114.056,-0.1763706709949912,0.0019833287280173954
5-12C,4.0,115.0037,-0.8859432463127532,0.0230116967422707
5-12C,4.0,115.0402,-0.9978544956909687,0.3750262246786261
5-12C,4.0,115.0764,-0.1702216027862029,1.062706290155207
5-12C,4.0,116.0354,-1.2489375093561788,0.15740113178311538
5-12C,4.0,116.0717,-0.7897167968637739,0.010380783353252394
5-12C,4.0,117.0194,-0.9065447545161183,0.017870106482919267
5-12C,4.0,118.0508,-1.4112383566393156,0.19612878333613393
5-12C,4.0,118.9804,0.7680780930327189,0.17859314486457897
5-12C,4.0,119.0503,0.581302201106058,0.5553398434400822
5-12C,4.0,120.9273,-0.5269931156627772,0.06593784064388099
5-12C,4.0,121.0295,-0.6257074077081637,0.7417479768844832
5-12C,4.0,121.0409,0.9037380897611489,0.5587829489650764
5-12C,4.0,122.0248,0.4533861825647193,0.3141036749552575
5-12C,4.0,124.0075,0.28014786268346636,0.19036757075600827
5-12C,4.0,124.0144,1.7851790924785247,0.22089782475824687
5-12C,4.0,125.0439,0.8374135723032384,0.284259704012259
5-12C,4.0,127.0764,-0.3102551010371874,0.6168369962174115
5-12C,4.0,128.0354,1.8711483699048408,0.051025037721023174
5-12C,4.0,129.0193,-1.2263947508359574,0.05574860460726683
5-12C,4.0,129.0556,0.10532025085323504,0.7728835067348381
5-12C,4.0,130.0142,-0.8685209135444485,0.29939177436856507
5-12C,4.0,130.0509,-1.0441866111775675,0.01653385541393978
5-12C,4.0,130.0874,-0.9789788609728429,0.04877448325813955
5-12C,4.0,131.0008,0.8400482303824692,1.2150544821773785
5-12C,4.0,131.0123,-0.7856125929125433,0.028914542105067737
5-12C,4.0,131.035,1.6854597442463461,0.17503393034736175
5-12C,4.0,131.0462,1.443881972111617,0.13514488575117856
5-12C,4.0,131.0828,-0.12703272017921502,0.11682063531038021
5-12C,4.0,132.0302,-1.2044358884168984,0.01187015423169083
5-12C,4.0,133.0142,-0.6884461226719545,0.04711492825395119
5-12C,4.0,133.0257,-0.7482906432800286,0.044593682572762326
5-12C,4.0,133.0505,-1.2488692855268577,0.03759707145182881
5-12C,4.0,134.0472,-0.9080035911288025,0.24609053973182865
5-12C,4.0,134.0604,-0.9650745194071014,0.3608117588526233
5-12C,4.0,135.0302,-0.6761557365933659,0.1261542942619185
5-12C,4.0,135.0453,0.8615843538632808,0.09842890691786127
5-12C,4.0,136.0404,-0.301638451063839,0.13394345541395766
5-12C,4.0,136.0487,0.5246431803298592,0.19348888626438193
5-12C,4.0,136.0767,-0.34818679171223804,0.9025524832833072
5-12C,4.0,137.0239,0.11357951177713627,0.17138868841706625
5-12C,4.0,138.9789,1.6918562791513634,0.484599196781639
5-12C,4.0,139.0014,-0.25148214698637616,0.03868302815567938
5-12C,4.0,139.0067,-0.6853387967256379,0.01174600240816655
5-12C,4.0,139.976,0.17457758861954892,0.485354445596318
5-12C,4.0,143.0713,0.17700409400367997,0.420703007509799
5-12C,4.0,143.1077,-0.03764474810518624,0.5117526980242829
5-12C,4.0,145.0141,-0.2817939661610146,0.04582881262152986
5-12C,4.0,145.0506,-0.7552399847004017,0.1906425781105341
5-12C,4.0,145.0623,-0.4323558841939482,0.42284333458089707
5-12C,4.0,145.0982,0.2665280468494438,0.43665112166365044
5-12C,4.0,145.1106,0.27658730808269905,0.8953423142102434
5-12C,4.0,146.0459,-0.5017858834627483,0.006562381789418717
5-12C,4.0,147.0298,-0.9592845455602765,0.009990852711159631
5-12C,4.0,147.0662,-1.335094776832087,0.042608805738205524
5-12C,4.0,149.0092,0.51744020942374,1.0569429571791553
5-12C,4.0,149.0456,2.526830257069089,0.26714929484983535
5-12C,4.0,149.0608,1.1695661657746594,0.21021945020607996
5-12C,4.0,150.0422,0.015484187077407873,0.6018902295622433
5-12C,4.0,150.9707,-0.018399808742804145,0.8018540125457696
5-12C,4.0,151.0259,-0.5870490061082988,0.09486538578293256
5-12C,4.0,151.04,0.48500981901909535,0.17378138142443011
5-12C,4.0,151.06,-0.13205397625667842,0.5162954698235283
5-12C,4.0,152.0353,0.24524848160827017,0.4249118988829797
5-12C,4.0,152.0716,0.7921584830608391,0.4029095552384381
5-12C,4.0,153.0192,-0.18853660660843385,0.1887879676803972
5-12C,4.0,154.062,-0.24988761664031411,0.2074987110217936
5-12C,4.0,154.9751,-0.9457187626345502,0.009990732699163547
5-12C,4.0,155.0099,-1.0962911120600238,0.015290277335006337
5-12C,4.0,157.0128,-0.9029963851923921,0.06673663226285018
5-12C,4.0,157.0255,-1.2177437753766225,0.010135386699341357
5-12C,4.0,157.0379,-1.2574786009992347,0.03725966997954769
5-12C,4.0,157.0504,-1.1407361958433584,0.035177246502468874
5-12C,4.0,159.0297,1.5982266302588441,0.3437764931855978
5-12C,4.0,159.0775,-1.130994230424438,0.04728353891781943
5-12C,4.0,160.0616,-1.291636321044349,0.391944322956347
5-12C,4.0,161.0453,2.1047787692632567,0.1659516877285663
5-12C,4.0,162.0424,-0.887179024118361,0.23715643572729989
5-12C,4.0,163.0351,-1.0417712449793752,0.3615027699985308
5-12C,4.0,163.0398,0.28346462116884646,0.17957547295902718
5-12C,4.0,163.0611,0.6645630044229605,0.47110196485612715
5-12C,4.0,164.0716,-0.48153695317298817,0.030796995583157898
5-12C,4.0,165.03,0.6509961023622178,0.6274881022765072
5-12C,4.0,165.0405,0.7702989727754865,0.18149699189948854
5-12C,4.0,165.0556,-0.5506531511076532,0.08579557066456737
5-12C,4.0,166.0508,-0.7287168488032416,0.2100364156581798
5-12C,4.0,166.0632,-0.8373856797821276,0.6261397254588982
5-12C,4.0,166.9759,-0.2537650091631611,0.3929274035920117
5-12C,4.0,167.0207,-0.10197920740215492,0.40747131356726435
5-12C,4.0,167.0358,1.5620864531748422,0.599719649906287
5-12C,4.0,167.0828,0.651256404048007,1.517060384596876
5-12C,4.0,168.0277,-0.48973657604618603,0.034918261193295184
5-12C,4.0,168.0664,1.1145889828272677,0.37457403094210934
5-12C,4.0,170.0455,-0.8463874838164505,0.0125874791758612
5-12C,4.0,171.0065,-0.6393660496317026,0.12803751799386318
5-12C,4.0,171.0092,-0.6380478924288886,0.13301848623753768
5-12C,4.0,171.0284,-0.9597530949517277,0.04755236283823248
5-12C,4.0,172.0616,-1.2600969359313208,0.10382585743446844
5-12C,4.0,172.962,-0.419591260283345,0.1547326682566413
5-12C,4.0,173.0089,-0.5683901249007778,0.3703272705342677
5-12C,4.0,173.0453,-1.2241122123426784,0.05285506451087352
5-12C,4.0,173.0932,-0.8364489161656801,0.03170375495241294
5-12C,4.0,173.1041,-0.31437411241029356,0.16035666167692225
5-12C,4.0,174.0407,-0.9815478010439063,0.00754172054439059
5-12C,4.0,174.088,-0.8813295080650829,0.09445316138542659
5-12C,4.0,175.022,-0.979064333369174,0.14325810160389907
5-12C,4.0,175.0361,-1.1748666734759214,0.013401618839601254
5-12C,4.0,175.0611,-1.2223983438819166,0.01771659836494941
5-12C,4.0,176.0776,-1.130886769152488,0.17724085931162312
5-12C,4.0,177.0402,0.936483898723953,0.2735069973301403
5-12C,4.0,177.0553,0.047669711227999054,0.3097379508693042
5-12C,4.0,178.0509,-1.012551380934204,0.03783026053188018
5-12C,4.0,179.0348,0.12224458682164013,0.14662823279772344
5-12C,4.0,179.0561,2.679874347000332,0.18760575558337794
5-12C,4.0,180.0663,2.6120062423141017,0.21218134362740584
5-12C,4.0,181.0505,-0.6111778101371959,0.15163398058539387
5-12C,4.0,182.9725,0.7070406406585542,0.1600705960528801
5-12C,4.0,183.0661,1.547673308712598,0.19493592352996444
5-12C,4.0,184.0017,-0.5084379563238035,0.021082124989250682
5-12C,4.0,184.9856,-0.4028326925263028,0.2952247506799393
5-12C,4.0,186.1136,0.13634190444501817,0.27350251473424986
5-12C,4.0,187.0234,-0.8956255283406256,0.6691955942018798
5-12C,4.0,188.035,-0.5584883084931449,0.48616676602296244
5-12C,4.0,188.0565,-1.1084924706914854,0.014468988028444258
5-12C,4.0,189.0405,-1.0266303164003985,0.07147952754183426
5-12C,4.0,191.0197,-1.2882452836300518,0.3749662898432388
5-12C,4.0,191.0561,-1.1570058651132404,0.03661556734502581
5-12C,4.0,192.0663,0.4809017437214939,0.7561172479359167
5-12C,4.0,193.0349,-0.3687331906114361,0.5481385734270452
5-12C,4.0,194.0682,-1.0157043664597136,0.09401754846971308
5-12C,4.0,194.0822,1.4631001163359802,0.852389350900317
5-12C,4.0,195.0509,-0.18085257107907995,0.10052606187816218
5-12C,4.0,195.0657,-0.5346278418116424,0.7530125342565939
5-12C,4.0,196.0603,-1.0315741181505738,0.18422469837895428
5-12C,4.0,198.0182,-0.9142208074582152,0.2892677019146503
5-12C,4.0,199.0019,-0.005093591557331981,0.3990976875613657
5-12C,4.0,200.9937,0.9907429903874468,0.3854199752929636
5-12C,4.0,201.0051,-0.6373291981520006,0.5273033857527685
5-12C,4.0,203.0348,0.2860471882823739,0.21070117422920095
5-12C,4.0,203.0826,-0.06698804408725839,0.007398085936552215
5-12C,4.0,204.0498,1.46252374016003,0.6218900554495715
5-12C,4.0,205.0351,-1.3275920167969626,0.049642489641051904
5-12C,4.0,206.0822,1.099607933128067,0.6180731928526585
5-12C,4.0,209.0292,-0.5121137868319438,0.23910771680413534
5-12C,4.0,209.0814,0.24466053022699363,0.3262590500513795
5-12C,4.0,211.0235,-0.4793154197718734,0.4200798356698022
5-12C,4.0,211.9968,-1.089643002941421,0.02554337252074982
5-12C,4.0,212.0331,-0.07204191929179331,0.2005293409972175
5-12C,4.0,212.9807,-0.8724830766131533,0.16568253292531304
5-12C,4.0,213.014,-0.26567709441697235,0.6202687303657491
5-12C,4.0,213.0384,-0.5550236876421271,0.21640326366571672
5-12C,4.0,213.1252,0.33512261666865617,0.29091326519582944
5-12C,4.0,214.0488,0.8819153185772137,0.6425534942161155
5-12C,4.0,215.0331,1.5679700283649334,0.17511842534281213
5-12C,4.0,216.1351,0.4040521334668646,0.4292769643286259
5-12C,4.0,218.0335,1.178788427566396,0.07049593501201179
5-12C,4.0,218.1034,-1.17379625612128,0.024399849217377624
5-12C,4.0,220.0828,1.8250206403369127,0.5845625820320757
5-12C,4.0,221.0443,0.6961926066659949,0.1250129273945438
5-12C,4.0,221.0664,0.6423531304309493,0.5611821316486488
5-12C,4.0,225.0399,-0.39539304565463096,0.8041500236805097
5-12C,4.0,225.0861,1.1834410324975706,0.43210986337507107
5-12C,4.0,225.0901,0.24776953812921199,0.40808677370249646
5-12C,4.0,226.0135,0.5563457673776642,0.09426468732207731
5-12C,4.0,226.0697,-0.007176966937016166,0.2529336741635754
5-12C,4.0,228.0501,-0.2405362041289644,0.374895539477421
5-12C,4.0,229.0122,-0.8059335035033988,0.24481718874850722
5-12C,4.0,237.0614,-1.2202937379599565,0.16474640601004997
5-12C,4.0,238.0945,-0.43948923056311695,0.1444846059653405
5-12C,4.0,240.0515,-1.40953162188437,0.019463313967884255
5-12C,4.0,241.0844,0.04744050217025059,0.6888832821184832
5-12C,4.0,242.0804,-0.02415893868058135,0.6011777087463152
5-12C,4.0,243.029,-0.06056283023260313,0.30854938254897674
5-12C,4.0,243.0625,-0.6318087871347693,0.5808194772221256
5-12C,4.0,245.0444,-0.6243659425323986,0.17700175229598683
5-12C,4.0,246.0198,0.9931469637842513,0.19112482534857536
5-12C,4.0,246.064,-0.6698851550775439,0.5944687281733959
5-12C,4.0,251.0816,-0.25123385057652126,1.2783949830059185
5-12C,4.0,253.0119,-0.35219021146935114,0.017492945213138156
5-12C,4.0,253.0499,-0.1825476730565462,0.22894436340556362
5-12C,4.0,257.0072,-0.19546253438965366,0.2726556846207216
5-12C,4.0,257.1028,-0.19025202853015263,0.32260506433521885
5-12C,4.0,259.005,0.013349202923285845,0.5241136529663583
5-12C,4.0,259.0227,2.09622821277649,0.4254822576135945
5-12C,4.0,261.0385,-0.41713954961582844,0.41399761714044914
5-12C,4.0,266.0703,-0.5446987411463203,0.25459655153327865
5-12C,4.0,267.0724,-0.6549527179794976,0.016996214873155408
5-12C,4.0,268.02,-1.0013900965721496,0.2879864311715123
5-12C,4.0,269.0398,-0.7382201639967703,0.2048478662892207
5-12C,4.0,271.0612,-0.5393304038560324,0.33199886583049065
5-12C,4.0,271.0815,-1.148966726670313,0.5471418792029556
5-12C,4.0,273.0021,-0.8698111881317925,0.10397261155481234
5-12C,4.0,274.0933,-1.1950273113734577,0.12319876690786613
5-12C,4.0,275.0184,0.2136825951949094,0.2963696674970462
5-12C,4.0,275.0991,-0.7565456955574655,0.11293402456491665
5-12C,4.0,277.1207,2.4764903984524302,0.22217413311979634
5-12C,4.0,277.2169,1.270316558373074,0.6616430134120098
5-12C,4.0,279.2331,-0.20997139024922118,0.01865549533735096
5-12C,4.0,282.0839,-0.1088382490675828,0.3615203565166731
5-12C,4.0,283.2063,-0.06621722024127251,0.24790927538316673
5-12C,4.0,285.0972,-0.1535741819922116,1.1136193308078086
5-12C,4.0,287.0157,1.2671724935107618,0.6631307820360723
5-12C,4.0,288.0725,-0.6813323977409558,0.08564540307971515
5-12C,4.0,289.0333,-1.0909852246270302,0.22171919410382698
5-12C,4.0,289.1044,-1.5337365232910798,0.15476898346500187
5-12C,4.0,290.9677,-0.45077657274740035,0.03400969811734279
5-12C,4.0,294.0479,1.9686905269354338,1.3201194793388806
5-12C,4.0,300.0509,-0.5484049677623268,0.5764828277697026
5-12C,4.0,301.0333,-0.22925279052350117,0.3944664956624893
5-12C,4.0,303.2326,0.06430212349352254,0.7110883540016563
5-12C,4.0,305.0207,1.5135240919337312,0.26999368527537465
5-12C,4.0,306.0481,-1.0903330103003692,0.10907131844222627
5-12C,4.0,306.0765,-0.2803433497732266,0.02294168041086553
5-12C,4.0,308.0986,3.5756202515405096,0.1754615458033749
5-12C,4.0,313.0441,-0.7520833161858945,0.4167951984837854
5-12C,4.0,313.1037,-0.7528484807883775,0.3096155277871241
5-12C,4.0,317.026,-0.5816259630370749,0.592570854362419
5-12C,4.0,323.0256,2.0782100842277353,0.28743919755065106
5-12C,4.0,325.1163,0.2449615761433166,0.3346853422274023
5-12C,4.0,328.0457,-1.1087003183024828,0.10021429595429869
5-12C,4.0,333.0589,-1.083664689203734,0.11082736618684182
5-12C,4.0,338.9884,1.0995192736789134,1.9103119162086655
5-12C,4.0,339.0928,-0.14750661943924975,0.5727463641867426
5-12C,4.0,341.1089,0.20629446957570705,0.3207216709716785
5-12C,4.0,344.0393,-0.5771770873486834,0.21112457820528194
5-12C,4.0,346.0556,-0.34516469652316406,0.03329470947168555
5-12C,4.0,348.087,-1.1368769673117978,0.10030173285557774
5-12C,4.0,353.0489,-0.87924639339909,0.5936539751745592
5-12C,4.0,357.089,-0.8367211837165945,0.1459356054718359
5-12C,4.0,375.131,-0.466831336260655,0.3685793412250433
5-12C,4.0,377.1496,-0.568752835968446,0.2843733046313515
5-12C,4.0,383.1188,0.23727295636985513,0.5618632228398295
5-12C,4.0,388.9416,0.04577164580672348,0.2937143722136764
5-12C,4.0,388.9442,-0.5393295328284524,0.21693496634265147
5-12C,4.0,401.0756,0.7708838727999525,0.165264452854713
5-12C,4.0,407.2795,-0.05544491251475493,0.19903683953048243
5-12C,4.0,421.0743,0.010665030883512339,0.6858954721361576
5-12C,4.0,426.0222,-0.6178036029364613,1.1131988748699124
5-12C,4.0,442.9997,0.17275611622810458,0.19362648979442307
5-12C,4.0,466.9657,2.4784027033207385,0.35092418091172284
5-12C,4.0,490.9787,0.5701270026682713,0.6960963506041905
5-12C,4.0,503.1614,0.3238046422165874,0.4349838653123828
5-12C,4.0,547.0731,-1.2103087379604895,0.07011968569438275
5-12C,4.0,565.0471,-1.1642102639834002,0.3962063514516059
5-12C,4.0,578.8872,0.6770306245713811,0.20641172201987995
5-12C,4.0,579.0269,-0.10154905785253995,0.12785793425290579
5-12C,4.0,612.2549,-0.5059971083516351,0.0702264439157068
5-12C,4.0,624.2949,0.049961165939629404,0.4864452339148513
5-12C,4.0,659.307,3.78434940899837,0.7448341693128069
5-12C,4.0,664.0939,0.22141651057778197,0.6312037650736289
5-12C,4.0,665.2144,0.1705347812834736,0.24241982907017898
5-12C,4.0,668.1374,-0.616278368864813,0.0001523746523436656
5-12C,4.0,787.255,3.5933563264025974,1.0321456113681313
5-12C,4.0,790.2568,3.9484453119782206,0.42170963662404626
5-12C,4.0,835.0407,-0.3884441543261534,0.5289346495579001
5-12C,4.0,863.2971,-0.30834132934831204,0.1394193908798316
5-12C,4.0,864.1473,3.7560748389531837,0.45800317494833914
5-12C,4.0,974.2935,0.19354518316901848,0.800615349399384
5-12C,4.0,976.7162,3.1877636054294336,0.3574350111307906
5-12C,5.0,57.0342,1.2220546342340524,0.676452498381644
5-12C,5.0,58.0295,-1.0081850460427686,0.34035072361501173
5-12C,5.0,59.0135,2.0971909020854342,0.45568106936136765
5-12C,5.0,71.0137,2.0573225979855945,0.3818110566118328
5-12C,5.0,73.0293,-0.9194883345767441,0.03428671430625883
5-12C,5.0,74.0247,-1.2910800368694648,0.11254469453698175
5-12C,5.0,75.0087,-0.060326453633925824,0.21609764330120948
5-12C,5.0,87.0088,-0.6699513874832008,0.02038122137918898
5-12C,5.0,87.0451,0.7511359788169547,0.580511256473575
5-12C,5.0,88.0403,-0.9425750765727443,0.006803487501747827
5-12C,5.0,88.9883,-1.139934581350725,0.5373864764687524
5-12C,5.0,89.0244,0.016365768341587563,0.1737489870888797
5-12C,5.0,93.0338,-0.08018771000044958,0.006379393956129632
5-12C,5.0,94.9761,-0.3010572326164644,0.26158773333622626
5-12C,5.0,94.9806,0.9867411957731377,0.28442181764451574
5-12C,5.0,95.0139,1.8412494981152692,0.2846728910685511
5-12C,5.0,101.0242,1.9474754145056143,0.22377551649713764
5-12C,5.0,102.056,-0.5862643332938511,0.04611697418152433
5-12C,5.0,103.0402,-0.9581853370972673,0.03225236822285359
5-12C,5.0,103.0509,-0.9039412789604915,0.03593162657247736
5-12C,5.0,104.0352,-0.7713842067132295,0.13867795173001202
5-12C,5.0,105.0193,1.650018519850541,0.43881133404957345
5-12C,5.0,107.0503,1.219346687818847,0.5405539330202932
5-12C,5.0,109.0295,-0.8638074379001327,0.16923114365371797
5-12C,5.0,111.02,-1.014889060200665,0.024517981574776686
5-12C,5.0,112.0516,0.5118933202199516,0.5904466528233869
5-12C,5.0,113.0244,1.9143837811631095,0.21245640805976124
5-12C,5.0,113.0357,-0.6892012689417203,0.10057534481479094
5-12C,5.0,114.056,-0.09041111472774953,0.012377760349635423
5-12C,5.0,115.0037,-0.8253377707058821,0.02557446486959568
5-12C,5.0,115.0402,0.5002581479264018,0.14288672301496352
5-12C,5.0,115.0764,1.0112867223395732,0.4959807069415457
5-12C,5.0,116.0354,-0.8465149994037418,0.32376274301306057
5-12C,5.0,116.0717,-0.7959194332217325,0.021240819786358826
5-12C,5.0,117.0194,-0.9080130182280504,0.016587715502444814
5-12C,5.0,118.0508,-1.6277567292216197,0.14779124774264404
5-12C,5.0,118.9804,2.01793530233237,0.2519491159522535
5-12C,5.0,119.0503,1.4802067196326294,0.2887615196278558
5-12C,5.0,120.9273,0.0031763814230714588,0.33919425223737554
5-12C,5.0,121.0295,1.2532518056327122,0.24508024681994636
5-12C,5.0,121.0409,1.3049614502410574,0.6013615947722116
5-12C,5.0,122.0248,2.710543737899292,0.19236649819569684
5-12C,5.0,124.0075,0.0921832867653204,0.5703982314479205
5-12C,5.0,124.0144,2.3616307815844606,0.5323451417611298
5-12C,5.0,125.0439,2.4485462784340823,0.25166782113969977
5-12C,5.0,127.0764,1.2667573017803133,0.5279084505463916
5-12C,5.0,128.0354,3.1934280986395267,0.2368561521442303
5-12C,5.0,129.0193,-0.9324495217588711,0.0723876043689055
5-12C,5.0,129.0556,1.707441316602159,0.27692080537724134
5-12C,5.0,130.0142,-0.33016636906709945,0.1561406304553837
5-12C,5.0,130.0509,-1.0259731266321852,0.021630942417558165
5-12C,5.0,130.0874,-1.0263087142665048,0.007673490852203128
5-12C,5.0,131.0008,1.1204355989262533,1.0198752392078443
5-12C,5.0,131.0123,-0.7243559983802534,0.06004685146022089
5-12C,5.0,131.035,2.034009639938366,0.13871172422792047
5-12C,5.0,131.0462,1.8011334140501836,0.24135212933123826
5-12C,5.0,131.0828,-0.6569318392370562,0.054762942058120115
5-12C,5.0,132.0302,-1.1343799104254404,0.021222236954324902
5-12C,5.0,133.0142,-0.5683163358183608,0.07860699178841808
5-12C,5.0,133.0257,-0.6052609914764678,0.06498292623846966
5-12C,5.0,133.0505,-1.255376194858413,0.021606972438827962
5-12C,5.0,134.0472,-0.7804162643412564,0.25026321168626153
5-12C,5.0,134.0604,-0.6757550540761745,0.48821931881283664
5-12C,5.0,135.0302,-0.758333820295432,0.24537625466533736
5-12C,5.0,135.0453,0.9435491471424116,0.2495353249994891
5-12C,5.0,136.0404,-0.16747548940708795,0.11352703489259888
5-12C,5.0,136.0487,0.4675232127473197,0.4561844173408085
5-12C,5.0,136.0767,0.9183179711025728,0.5602023438697948
5-12C,5.0,137.0239,0.027296165660540696,0.15259525356611567
5-12C,5.0,138.9789,0.5251543610571869,0.11496765766990559
5-12C,5.0,139.0014,-0.300585356637681,0.03308308860432894
5-12C,5.0,139.0067,-0.5667386705979646,0.011769236183017532
5-12C,5.0,139.976,0.6357718278434789,0.7327605603222517
5-12C,5.0,143.0713,1.1675707180484478,0.23694328614507681
5-12C,5.0,143.1077,1.6566721013018881,0.4083635502542565
5-12C,5.0,145.0141,-0.1591635949602374,0.2524708786506794
5-12C,5.0,145.0506,-0.6080241246842379,0.18913489729795063
5-12C,5.0,145.0623,-0.9287621017340801,0.24017171939972848
5-12C,5.0,145.0982,-0.7608320406332676,0.09643610699168147
5-12C,5.0,145.1106,-0.16667925586985455,0.4324105202040433
5-12C,5.0,146.0459,-0.5049717413947652,0.0017934658101405355
5-12C,5.0,147.0298,-0.9165404606596804,0.0353155841507623
5-12C,5.0,147.0662,-1.3132635029943807,0.038399059979845565
5-12C,5.0,149.0092,1.9707441355159159,0.3925033628721614
5-12C,5.0,149.0456,0.9614550823940226,0.10340184709229674
5-12C,5.0,149.0608,1.8479931556885765,0.6346250222172931
5-12C,5.0,150.0422,-0.2646061017441703,0.7114924694686516
5-12C,5.0,150.9707,-0.5685548288041458,0.6147888902878582
5-12C,5.0,151.0259,-0.6157371635712361,0.039321774948258434
5-12C,5.0,151.04,2.159447166808886,0.5249118078394615
5-12C,5.0,151.06,0.4917309568887361,0.6167672967766233
5-12C,5.0,152.0353,0.8153693965867415,0.23842289998980742
5-12C,5.0,152.0716,2.1002653825990665,0.3477785118765348
5-12C,5.0,153.0192,0.33168538065615527,0.1959902372631905
5-12C,5.0,154.062,-0.42070333221580636,0.07285980449350785
5-12C,5.0,154.9751,-0.913041929109065,0.02185085269727879
5-12C,5.0,155.0099,-0.9728624820719715,0.0230272247519791
5-12C,5.0,157.0128,-0.8371860106751337,0.04998146725311829
5-12C,5.0,157.0255,-1.1122821660140785,0.022257300763315214
5-12C,5.0,157.0379,-1.1177526421585269,0.01763650679053735
5-12C,5.0,157.0504,-1.1074912225863547,0.08146028522802226
5-12C,5.0,159.0297,1.6605236364582607,0.26841724931598254
5-12C,5.0,159.0775,-1.0602537451179903,0.04888706051688379
5-12C,5.0,160.0616,-0.39273035889676455,0.535702109206842
5-12C,5.0,161.0453,2.1144338489563825,0.2590542313368889
5-12C,5.0,162.0424,-1.1903000764515514,0.26969484083918654
5-12C,5.0,163.0351,-1.03038264920984,0.25867522667156223
5-12C,5.0,163.0398,0.5063739900512104,0.02876785343180218
5-12C,5.0,163.0611,0.9760808837647152,0.20359564384352485
5-12C,5.0,164.0716,-0.47750680762839226,0.055592576975809584
5-12C,5.0,165.03,1.0876914183673008,0.6396447602359804
5-12C,5.0,165.0405,1.6231536781883196,0.16041266138168497
5-12C,5.0,165.0556,-0.30264589687825916,0.18389686525661703
5-12C,5.0,166.0508,-0.3829229467773671,0.29258143224440264
5-12C,5.0,166.0632,0.07471726863221823,0.18366333614509114
5-12C,5.0,166.9759,-0.7577771031525053,0.15334204761259657
5-12C,5.0,167.0207,0.05982610315378965,0.466596998749596
5-12C,5.0,167.0358,1.9133096214476053,0.4367992295311405
5-12C,5.0,167.0828,1.8947457294473036,1.0860683872390238
5-12C,5.0,168.0277,-0.4421798925965706,0.04919516829691598
5-12C,5.0,168.0664,0.966646747451898,0.19159655321041005
5-12C,5.0,170.0455,-0.8227394524685703,0.021223387798392068
5-12C,5.0,171.0065,-0.8702012738765035,0.23631624495932926
5-12C,5.0,171.0092,-0.1023580255811018,0.186077569997836
5-12C,5.0,171.0284,-0.8280396692073737,0.04373628156350805
5-12C,5.0,172.0616,-1.0450916345437933,0.18042819207667565
5-12C,5.0,172.962,-0.28788753231032277,0.0664596381719462
5-12C,5.0,173.0089,-0.8124739732897313,0.10916615512412806
5-12C,5.0,173.0453,-0.9843651136968179,0.2773123315147004
5-12C,5.0,173.0932,-0.9132750728416446,0.046427369986658994
5-12C,5.0,173.1041,-1.024180161657514,0.06427562708614094
5-12C,5.0,174.0407,-0.9743021530448273,0.014040605821879248
5-12C,5.0,174.088,-0.8800542290533797,0.07635225584159967
5-12C,5.0,175.022,-0.7433184663159915,0.15808224628640294
5-12C,5.0,175.0361,-1.1127057720832991,0.017594720959809275
5-12C,5.0,175.0611,-1.1922514795787138,0.03597168633217004
5-12C,5.0,176.0776,-0.8030684525447344,0.25385691767513363
5-12C,5.0,177.0402,0.8949055003701107,0.4235535415324158
5-12C,5.0,177.0553,1.9094635467134768,0.7663848561338191
5-12C,5.0,178.0509,-0.9777398065380754,0.027483992860962113
5-12C,5.0,179.0348,0.5799918794130035,0.3040706844059031
5-12C,5.0,179.0561,1.3719952860454083,0.241377928568836
5-12C,5.0,180.0663,1.3640826909971355,0.2671407100337429
5-12C,5.0,181.0505,-0.6116110820461234,0.11818214406554255
5-12C,5.0,182.9725,1.8098029333766439,0.2918223327184818
5-12C,5.0,183.0661,1.088837819436497,0.49465771708224576
5-12C,5.0,184.0017,-0.4876027114524193,0.03965296990050205
5-12C,5.0,184.9856,-0.20387954046692675,0.11251247260785618
5-12C,5.0,186.1136,1.4702178388949365,0.7139134963549262
5-12C,5.0,187.0234,-0.5844826083380752,0.3263022422413521
5-12C,5.0,188.035,-0.6384421156374149,0.5174245337897346
5-12C,5.0,188.0565,-1.0960847341258622,0.015836672226504474
5-12C,5.0,189.0405,-0.2919502587700445,0.17621395649463514
5-12C,5.0,191.0197,-0.3282660339688612,0.10474566971550839
5-12C,5.0,191.0561,-1.0164407629613685,0.07565179120656897
5-12C,5.0,192.0663,0.6963071278965394,0.6902401681065121
5-12C,5.0,193.0349,0.3011186696526212,0.5612345549468947
5-12C,5.0,194.0682,-1.0593433869369648,0.1712013577173436
5-12C,5.0,194.0822,1.8454507554797255,0.42014614459553157
5-12C,5.0,195.0509,-0.13845026839453012,0.18679216194685141
5-12C,5.0,195.0657,0.6772720492462547,0.6585882020119053
5-12C,5.0,196.0603,-0.9957571433757255,0.12732587451080815
5-12C,5.0,198.0182,-1.059945340272923,0.10732130942884383
5-12C,5.0,199.0019,-0.18735685767685334,0.3806523866182326
5-12C,5.0,200.9937,1.0391896423266025,0.32478052542510744
5-12C,5.0,201.0051,0.4834825470291453,0.894951135290835
5-12C,5.0,203.0348,0.2182430762569516,0.31313665014562186
5-12C,5.0,203.0826,-0.08208904872830033,0.012441155126735375
5-12C,5.0,204.0498,1.203234150458825,0.3540111228306219
5-12C,5.0,205.0351,-0.870716278017641,0.13678494470514846
5-12C,5.0,206.0822,2.273950146931492,1.0865017399791823
5-12C,5.0,209.0292,0.32619855304768836,0.40117497644157785
5-12C,5.0,209.0814,0.2378011409002211,0.5691368548650885
5-12C,5.0,211.0235,-0.1304375531719834,0.29617016536350643
5-12C,5.0,211.9968,-1.021118664224764,0.04606560261030121
5-12C,5.0,212.0331,-0.1480996614616187,0.15394616461776925
5-12C,5.0,212.9807,-0.5706739839816073,0.02171878792403748
5-12C,5.0,213.014,-1.1394932011337242,0.31105331862901314
5-12C,5.0,213.0384,-0.4548118082181595,0.2637967990300013
5-12C,5.0,213.1252,-0.0807417911324172,0.5080611669350531
5-12C,5.0,214.0488,0.8530772215611016,2.0483051994403536
5-12C,5.0,215.0331,2.0263533758946597,0.23996043996321642
5-12C,5.0,216.1351,0.8833054911483577,0.4589180655113861
5-12C,5.0,218.0335,1.9645800634234325,0.25482710615283727
5-12C,5.0,218.1034,-1.1422720770976986,0.05549862956240556
5-12C,5.0,220.0828,0.9033286279907611,0.9603248705819708
5-12C,5.0,221.0443,1.8749350029379341,0.19571568799764552
5-12C,5.0,221.0664,2.5603081913057366,0.46940360598720315
5-12C,5.0,225.0399,0.7909567258419291,0.8789824206461876
5-12C,5.0,225.0861,1.2419501474322907,0.136166449413404
5-12C,5.0,225.0901,0.6189663125308852,0.4713260922576095
5-12C,5.0,226.0135,0.3392463528625387,0.14063216830728542
5-12C,5.0,226.0697,0.8374978463901654,0.13441535395313883
5-12C,5.0,228.0501,-0.44598864299994073,0.34629077856600793
5-12C,5.0,229.0122,-0.977666673760338,0.2824982341995227
5-12C,5.0,237.0614,-1.028684353525743,0.09511554347051829
5-12C,5.0,238.0945,-0.2525214159235925,0.3855446419203272
5-12C,5.0,240.0515,-1.3718559251895492,0.03252621958385231
5-12C,5.0,241.0844,-0.38198895685646805,0.5348601561338736
5-12C,5.0,242.0804,-0.2873266095606917,0.4944012897598177
5-12C,5.0,243.029,0.370546652035493,0.5002915779849789
5-12C,5.0,243.0625,-1.1511994605374496,0.3160102688728619
5-12C,5.0,245.0444,-0.2030528914642195,0.2346560250462278
5-12C,5.0,246.0198,-0.33162948732859043,0.5114726399175428
5-12C,5.0,246.064,1.5960117120077721,0.930316690299669
5-12C,5.0,251.0816,0.10573274669570365,0.8554980323836205
5-12C,5.0,253.0119,-0.34643201472888974,0.00930227634921396
5-12C,5.0,253.0499,1.450935320054797,0.5604732798845194
5-12C,5.0,257.0072,-0.6725860615188481,0.5578804780185794
5-12C,5.0,257.1028,0.6245576076551914,1.1051952987020226
5-12C,5.0,259.005,0.27762087120903495,0.7304433117161507
5-12C,5.0,259.0227,1.4930456561604242,0.4081821844993277
5-12C,5.0,261.0385,-0.2435311695389642,0.42849514406459094
5-12C,5.0,266.0703,-0.76908068282866,0.09813479869113019
5-12C,5.0,267.0724,-0.6486355197622287,0.041552882447138985
5-12C,5.0,268.02,-0.6775074014873427,0.4219765350821071
5-12C,5.0,269.0398,-0.6358430420102212,0.14840813506944417
5-12C,5.0,271.0612,0.4730121835648868,0.7792276721216965
5-12C,5.0,271.0815,-0.3138837503175004,1.0906969624885687
5-12C,5.0,273.0021,-0.7169713095082575,0.12959461739784636
5-12C,5.0,274.0933,-1.0815843757300734,0.09225613356970966
5-12C,5.0,275.0184,0.09867258078775792,0.5830802536955579
5-12C,5.0,275.0991,-0.7662418360313176,0.3952818702607257
5-12C,5.0,277.1207,1.9590408306805145,0.19348400180449524
5-12C,5.0,277.2169,0.7434353677186237,0.3364540536396725
5-12C,5.0,279.2331,-0.2852609101157141,0.01138299603558063
5-12C,5.0,282.0839,-0.13016245793973524,0.4296985745984496
5-12C,5.0,283.2063,-0.36997090297533297,0.20511798825097183
5-12C,5.0,285.0972,0.0717193778083969,0.49739894517229305
5-12C,5.0,287.0157,1.3072556270490996,0.34548512705502193
5-12C,5.0,288.0725,-0.7659283565851589,0.0528343836721637
5-12C,5.0,289.0333,0.9022705415921933,0.6135359977679421
5-12C,5.0,289.1044,-1.618384585372716,0.32066848558707006
5-12C,5.0,290.9677,-0.40923394083696496,0.1304855027215192
5-12C,5.0,294.0479,1.578404715258917,0.893937554911495
5-12C,5.0,300.0509,-0.2355926430043486,0.49367769610808915
5-12C,5.0,301.0333,0.9625887169403605,0.7064072937317738
5-12C,5.0,303.2326,0.7347342456285222,1.2107721647004441
5-12C,5.0,305.0207,1.3548455268529638,0.3202604480652764
5-12C,5.0,306.0481,-1.0874311474667477,0.1375816595684184
5-12C,5.0,306.0765,-0.2851134733389621,0.047119300230228464
5-12C,5.0,308.0986,4.632532722436772,0.3202076940962345
5-12C,5.0,313.0441,-1.0822769853208154,0.02936019130293877
5-12C,5.0,313.1037,-0.7488249259731311,0.17370060186359929
5-12C,5.0,317.026,-0.25183192155667833,0.3433779193574559
5-12C,5.0,323.0256,-0.40909772418445056,0.19328240487047518
5-12C,5.0,325.1163,-0.6985068184741976,0.24590387330261224
5-12C,5.0,328.0457,-0.9022729972650146,0.01286522997958961
5-12C,5.0,333.0589,-1.0942647880188157,0.160361710487859
5-12C,5.0,338.9884,-0.3935784567472124,0.3236192622771377
5-12C,5.0,339.0928,-0.1998179398909954,0.6403146851055213
5-12C,5.0,341.1089,1.3829014057184943,0.2918585252069224
5-12C,5.0,344.0393,-0.6013487004611734,0.20727185665577022
5-12C,5.0,346.0556,-0.4477173988880424,0.16632724338632948
5-12C,5.0,348.087,-1.1392700139684158,0.07463729985766336
5-12C,5.0,353.0489,-0.01902977741610483,0.5144996502288476
5-12C,5.0,357.089,-0.7875606764448202,0.18773205146744437
5-12C,5.0,375.131,-0.588935920516312,0.4657245011793554
5-12C,5.0,377.1496,0.02215744471327707,0.48939151882100485
5-12C,5.0,383.1188,2.49594083746463,0.248932541262753
5-12C,5.0,388.9416,0.48609013483064417,0.6148089533428712
5-12C,5.0,388.9442,-0.0796071781865285,0.6700698173456817
5-12C,5.0,401.0756,2.0075913869140423,0.0615659347059333
5-12C,5.0,407.2795,-0.15832921130002517,0.1814910075866023
5-12C,5.0,421.0743,0.634999725372445,1.2596552317911411
5-12C,5.0,426.0222,-0.20103097223312166,0.4049647340275845
5-12C,5.0,442.9997,0.25594619738948493,0.2266127826915592
5-12C,5.0,466.9657,0.9518258778041959,0.27347394125586266
5-12C,5.0,490.9787,0.7606527386891121,0.7081233688305232
5-12C,5.0,503.1614,2.766639712262988,0.7335952402874448
5-12C,5.0,547.0731,-1.230391320642846,0.075030865513293
5-12C,5.0,565.0471,-0.8735376919374624,0.19301884561730628
5-12C,5.0,578.8872,2.05867111189729,0.22775526952744646
5-12C,5.0,579.0269,2.337458822022857,0.19690559494882767
5-12C,5.0,612.2549,0.21324987188265948,0.3323279489061271
5-12C,5.0,624.2949,-0.44021201703407437,0.4088680596311544
5-12C,5.0,659.307,0.005643944084220209,0.24895382580942085
5-12C,5.0,664.0939,-0.5018132526541,0.14808814260940772
5-12C,5.0,665.2144,0.8408514633905436,0.8445155115445493
5-12C,5.0,668.1374,-0.6152983968984567,0.0010189074205118433
5-12C,5.0,787.255,0.7251457778258235,0.2500964015663522
5-12C,5.0,790.2568,0.6326740872166272,0.4888608822087703
5-12C,5.0,835.0407,-0.3808272843107907,0.059469750375758045
5-12C,5.0,863.2971,-0.29904350403419583,0.10781163838039323
5-12C,5.0,864.1473,-0.41769607466730213,0.14320418757042103
5-12C,5.0,974.2935,0.009908704855817213,0.740110342490704
5-12C,5.0,976.7162,1.25493005877418,0.2861363312698738
5-12C,6.0,57.0342,1.870046083022347,0.5071566144348043
5-12C,6.0,58.0295,-1.0373086627181385,0.06453465050529344
5-12C,6.0,59.0135,2.4821830345744402,0.3728327307964355
5-12C,6.0,71.0137,1.972213265265633,0.2117452905457423
5-12C,6.0,73.0293,-0.9322406497304312,0.010521881706278794
5-12C,6.0,74.0247,-1.586867962080865,0.1043753471766429
5-12C,6.0,75.0087,-0.19511915594971843,0.5959045163763322
5-12C,6.0,87.0088,-0.6783290186479092,0.01391090381887729
5-12C,6.0,87.0451,1.442379399389556,0.6871683220117567
5-12C,6.0,88.0403,-0.9344987298466063,0.015587032360393221
5-12C,6.0,88.9883,-1.0080340626656812,0.3741662816045145
5-12C,6.0,89.0244,-0.04436427409540521,0.05390218665080068
5-12C,6.0,93.0338,-0.07537458006319074,0.01166347996580726
5-12C,6.0,94.9761,-0.4482738434379936,0.6274911851028541
5-12C,6.0,94.9806,1.4501875254487908,0.4789020256868461
5-12C,6.0,95.0139,2.003839412906153,0.2244922862993248
5-12C,6.0,101.0242,1.9850528960586216,0.31367974114185393
5-12C,6.0,102.056,-0.5881190046608122,0.10692456133589964
5-12C,6.0,103.0402,-0.9469458530072961,0.04387042556431536
5-12C,6.0,103.0509,-0.8068101840804993,0.09403626062247804
5-12C,6.0,104.0352,-0.7704956679411006,0.08962627362085977
5-12C,6.0,105.0193,0.2576590278108795,0.7995468837401393
5-12C,6.0,107.0503,2.5916148347935755,0.8096114866926267
5-12C,6.0,109.0295,-0.8247004527432301,0.09416533112528595
5-12C,6.0,111.02,-0.9765115090746614,0.02164318706500127
5-12C,6.0,112.0516,1.1582016041696617,1.7349107047541006
5-12C,6.0,113.0244,2.0842162749976483,0.13937880926449625
5-12C,6.0,113.0357,-0.5700175173588669,0.060981862571604754
5-12C,6.0,114.056,-0.07091561618134258,0.0021394001292084647
5-12C,6.0,115.0037,-0.8046432180596335,0.06503830621451402
5-12C,6.0,115.0402,1.6961526821186024,0.44980355013232715
5-12C,6.0,115.0764,1.1377539326618233,0.5914765396652607
5-12C,6.0,116.0354,-0.6921529321533293,0.33727762091095637
5-12C,6.0,116.0717,-0.8060167482230602,0.004905929285670108
5-12C,6.0,117.0194,-0.9165368904512166,0.006638095298874533
5-12C,6.0,118.0508,-1.5161085597074404,0.18644399247392138
5-12C,6.0,118.9804,1.8178369457640247,0.27810788787539903
5-12C,6.0,119.0503,1.6565287145172278,0.6106203103638778
5-12C,6.0,120.9273,-0.5605527272339852,0.06493531522509816
5-12C,6.0,121.0295,1.40264792061939,0.8269826549004051
5-12C,6.0,121.0409,2.008828435404186,0.6979481560121515
5-12C,6.0,122.0248,2.407766116011714,0.3731546055278144
5-12C,6.0,124.0075,1.1137031879152444,0.365890321553328
5-12C,6.0,124.0144,2.84362481267394,0.2564795717979661
5-12C,6.0,125.0439,2.616838445692454,0.4308618283797821
5-12C,6.0,127.0764,1.35586729628896,0.8576601064231364
5-12C,6.0,128.0354,3.4510935670129714,0.2222992699320354
5-12C,6.0,129.0193,-0.9494438266723688,0.10136392173768467
5-12C,6.0,129.0556,1.7395287729435813,0.5850455828330952
5-12C,6.0,130.0142,-0.49089915217076785,0.36021264760264277
5-12C,6.0,130.0509,-1.0408509162770356,0.014220875869044487
5-12C,6.0,130.0874,-1.0693083492604272,0.035059776078076595
5-12C,6.0,131.0008,1.124197245769462,1.107667308627276
5-12C,6.0,131.0123,-0.6792974563618712,0.12267716556895097
5-12C,6.0,131.035,2.0307071417959435,0.2319463931167964
5-12C,6.0,131.0462,1.5301073358478894,0.1255208438458012
5-12C,6.0,131.0828,-0.8422967382295121,0.078841639417229
5-12C,6.0,132.0302,-1.1148536697512255,0.02345639045243825
5-12C,6.0,133.0142,-0.5469887581091484,0.030127227789753297
5-12C,6.0,133.0257,-0.5928118637887407,0.13404631212101017
5-12C,6.0,133.0505,-1.2579837305517811,0.016061222708638023
5-12C,6.0,134.0472,-1.1712498069978903,0.2349328115501466
5-12C,6.0,134.0604,-0.8363518759335957,0.41751182774451384
5-12C,6.0,135.0302,-0.7709565132369568,0.17949062056550041
5-12C,6.0,135.0453,0.8970406577933434,0.3120981667913808
5-12C,6.0,136.0404,-0.18581540645716,0.03327231358388625
5-12C,6.0,136.0487,0.7652885609970694,0.2519005867521198
5-12C,6.0,136.0767,1.9236274461648872,0.7518364725748102
5-12C,6.0,137.0239,-0.13293322759132636,0.4576092890579649
5-12C,6.0,138.9789,1.3340171843592752,0.4483934497530787
5-12C,6.0,139.0014,-0.22770036218802936,0.06719321063835328
5-12C,6.0,139.0067,-0.5167177658858603,0.017222175398019075
5-12C,6.0,139.976,2.111644101907523,0.6235305494211197
5-12C,6.0,143.0713,1.395723188404247,0.3396346005730256
5-12C,6.0,143.1077,1.8709073149393878,1.0178159855924032
5-12C,6.0,145.0141,-0.20955221582182332,0.08679288363356041
5-12C,6.0,145.0506,-0.570977197143862,0.3164788052634535
5-12C,6.0,145.0623,-0.9414751861368686,0.1609383903450419
5-12C,6.0,145.0982,-0.9021508397800524,0.2535081085092863
5-12C,6.0,145.1106,0.0775976741101905,0.37591409187553976
5-12C,6.0,146.0459,-0.5060966150539536,0.002267621860796798
5-12C,6.0,147.0298,-0.9397937660880067,0.01055735986115355
5-12C,6.0,147.0662,-1.2888613174821382,0.03194481373217263
5-12C,6.0,149.0092,2.3932969829902193,0.8737446999117793
5-12C,6.0,149.0456,1.3686801158387631,0.48540055096508283
5-12C,6.0,149.0608,2.529515966286586,0.5067124467759309
5-12C,6.0,150.0422,-0.2592963332357044,0.2901030546528046
5-12C,6.0,150.9707,0.11707379980082952,1.028059478496398
5-12C,6.0,151.0259,-0.6238538129997745,0.08535466644055126
5-12C,6.0,151.04,2.523801136838122,0.11688209925761636
5-12C,6.0,151.06,0.06867958354444112,0.6543681633898308
5-12C,6.0,152.0353,3.0078787009323324,1.0729005816851298
5-12C,6.0,152.0716,1.7184923524191928,0.4425129714241649
5-12C,6.0,153.0192,0.45451734442910974,0.06154884832512519
5-12C,6.0,154.062,-0.48653345755936994,0.07250768253635985
5-12C,6.0,154.9751,-0.9492586512122083,0.013496885180253083
5-12C,6.0,155.0099,-0.921471779086037,0.027660413927822463
5-12C,6.0,157.0128,-0.864462455307093,0.048129357612452184
5-12C,6.0,157.0255,-0.9924987684906479,0.0345331001460585
5-12C,6.0,157.0379,-1.0135883364211098,0.03878654554408738
5-12C,6.0,157.0504,-1.086113901513067,0.04834974110480537
5-12C,6.0,159.0297,1.301609818074688,0.22217899755446802
5-12C,6.0,159.0775,-1.1405110843063346,0.05347981923028057
5-12C,6.0,160.0616,-0.6343465230439492,0.5421012027348451
5-12C,6.0,161.0453,2.0819356929941413,0.3381264641698089
5-12C,6.0,162.0424,-1.4169768862534764,0.19479161528187808
5-12C,6.0,163.0351,-0.6370922099102156,0.32576333006342617
5-12C,6.0,163.0398,0.7452785777110116,0.08804927682152633
5-12C,6.0,163.0611,1.2570171410080284,1.0910460810185987
5-12C,6.0,164.0716,-0.40861943611029994,0.05504644800788508
5-12C,6.0,165.03,1.554823074578799,0.8066497866519519
5-12C,6.0,165.0405,3.205809690896707,0.7395911431081109
5-12C,6.0,165.0556,-0.1482730969133158,0.08994803867803003
5-12C,6.0,166.0508,0.14001852897737738,0.2665087618443366
5-12C,6.0,166.0632,0.4058465754205408,0.5595462258025964
5-12C,6.0,166.9759,-0.1972930658590329,0.33298278224477085
5-12C,6.0,167.0207,-0.3544620441822535,0.26889194757458146
5-12C,6.0,167.0358,3.1087273150946704,0.6768943762148405
5-12C,6.0,167.0828,1.877460039433065,1.4190553738675473
5-12C,6.0,168.0277,-0.4783577511508488,0.03630897823122594
5-12C,6.0,168.0664,1.2922547723419813,1.093819705414249
5-12C,6.0,170.0455,-0.8405660814635719,0.02505077444856986
5-12C,6.0,171.0065,-0.738295431450903,0.16886164927654396
5-12C,6.0,171.0092,-0.4543337393753206,0.07874788047887744
5-12C,6.0,171.0284,-0.8329526827142841,0.07174801154652548
5-12C,6.0,172.0616,-0.5823347333610189,0.30831044152734527
5-12C,6.0,172.962,-0.359776512682585,0.18666697329591203
5-12C,6.0,173.0089,-0.9183175407130102,0.14663954367482993
5-12C,6.0,173.0453,-0.828650806756636,0.20176923925160364
5-12C,6.0,173.0932,-0.9073774661367343,0.013651606652085568
5-12C,6.0,173.1041,-1.1145233909949126,0.11212567288802061
5-12C,6.0,174.0407,-0.9851828884815261,0.005956475995315001
5-12C,6.0,174.088,-0.9231303201153543,0.20531222792904302
5-12C,6.0,175.022,-0.8540296364076642,0.17253377372514045
5-12C,6.0,175.0361,-1.0815922296969056,0.028518944445365735
5-12C,6.0,175.0611,-1.2071001606432283,0.016724370466757038
5-12C,6.0,176.0776,-1.186050678981655,0.07774752973627598
5-12C,6.0,177.0402,0.5845443410731233,0.7166547604409811
5-12C,6.0,177.0553,1.7252105853578548,0.28594596264556094
5-12C,6.0,178.0509,-0.8937749700056039,0.038668223255790245
5-12C,6.0,179.0348,0.49266864169456537,0.465877663507823
5-12C,6.0,179.0561,1.8128548093369794,0.14527979364549867
5-12C,6.0,180.0663,1.7353227002133647,0.14868984466284124
5-12C,6.0,181.0505,-0.7545908119921829,0.1279224933438324
5-12C,6.0,182.9725,2.0711800004994414,0.2163759096010694
5-12C,6.0,183.0661,1.6437252516038598,0.6430407353735935
5-12C,6.0,184.0017,-0.5409356967521262,0.03071457389555586
5-12C,6.0,184.9856,-0.5118047599042793,0.18365762067087954
5-12C,6.0,186.1136,2.1323617488502027,0.43726517622819705
5-12C,6.0,187.0234,-0.40405323102959445,0.18990238369489393
5-12C,6.0,188.035,-0.6708558212364433,0.2753469620029834
5-12C,6.0,188.0565,-1.1051584834616384,0.005507255117640182
5-12C,6.0,189.0405,-0.6560213740703718,0.13180259337756084
5-12C,6.0,191.0197,-0.546189423871031,0.1444779218120123
5-12C,6.0,191.0561,-1.0686039925907125,0.06376033815696742
5-12C,6.0,192.0663,1.908910108376764,1.3036426802394339
5-12C,6.0,193.0349,0.5980700296042301,0.5717162124094567
5-12C,6.0,194.0682,-0.9020610839668715,0.17668729928063773
5-12C,6.0,194.0822,2.875560323172848,0.931899792876828
5-12C,6.0,195.0509,-0.3613064919584187,0.024860225412218055
5-12C,6.0,195.0657,-0.30774478656971266,0.05122158582235344
5-12C,6.0,196.0603,-1.0748956019258662,0.0627303690493315
5-12C,6.0,198.0182,-0.9757115062759821,0.18850006393360905
5-12C,6.0,199.0019,-0.3259766963333194,0.561296941116092
5-12C,6.0,200.9937,1.6115778633855142,0.4431764692561319
5-12C,6.0,201.0051,-0.10487784385379778,0.24711889877441312
5-12C,6.0,203.0348,0.9658683687568348,0.34724308822531974
5-12C,6.0,203.0826,-0.06947722067644113,0.007864819623418045
5-12C,6.0,204.0498,0.6517632109131,0.8598735519492031
5-12C,6.0,205.0351,-0.9531085824719847,0.07870324941958176
5-12C,6.0,206.0822,1.6238094366433842,0.5069030935288878
5-12C,6.0,209.0292,-0.46951102857576577,0.5682735787030506
5-12C,6.0,209.0814,0.1240935716756454,0.28606034335125885
5-12C,6.0,211.0235,-0.49941537916445966,0.35716482311354814
5-12C,6.0,211.9968,-1.040868036955329,0.017154474262781483
5-12C,6.0,212.0331,0.015398614223176024,0.5122513927586383
5-12C,6.0,212.9807,-0.5068548422760174,0.13477719077163733
5-12C,6.0,213.014,-0.9249910142303901,0.278885689995212
5-12C,6.0,213.0384,-0.2042821096582406,0.3765702618230286
5-12C,6.0,213.1252,-0.5261191569064699,1.0885864300717343
5-12C,6.0,214.0488,1.4840198290045281,0.546565808571587
5-12C,6.0,215.0331,1.9222255509529225,0.07640593724087717
5-12C,6.0,216.1351,0.5750307409931268,0.26172050669490965
5-12C,6.0,218.0335,1.6673815600919755,0.09250549006211298
5-12C,6.0,218.1034,-1.1588207584085424,0.01828143703955566
5-12C,6.0,220.0828,0.7666423295611957,0.8964131658862041
5-12C,6.0,221.0443,2.426080412774782,0.25348782381039053
5-12C,6.0,221.0664,2.6505649000527853,0.3676552449616055
5-12C,6.0,225.0399,1.1594795586309563,0.9785487285910304
5-12C,6.0,225.0861,2.586047335007456,0.7167196087742886
5-12C,6.0,225.0901,1.976570451577642,0.761383514645206
5-12C,6.0,226.0135,0.5082017530707756,0.4546522602983451
5-12C,6.0,226.0697,0.8273755322069993,0.3135642171392065
5-12C,6.0,228.0501,-0.4906236776428365,0.4508590904404827
5-12C,6.0,229.0122,-0.8196339233940266,0.10935408095383123
5-12C,6.0,237.0614,-1.1253634040812068,0.09133045925744043
5-12C,6.0,238.0945,-0.40593090485858696,0.4307860021450584
5-12C,6.0,240.0515,-1.2984688646758582,0.008506388144432778
5-12C,6.0,241.0844,0.35758400035621407,0.3981334149198985
5-12C,6.0,242.0804,-0.30354927420398625,0.7852830387579264
5-12C,6.0,243.029,0.6550061053535251,0.4290221697662511
5-12C,6.0,243.0625,-0.8768734006416679,0.4985282170412376
5-12C,6.0,245.0444,-0.3542512420821196,0.3368677595423455
5-12C,6.0,246.0198,0.13578862995935803,0.6753674173194245
5-12C,6.0,246.064,1.787112883863469,0.7696002888650053
5-12C,6.0,251.0816,0.03328780715109497,0.8773089267068305
5-12C,6.0,253.0119,-0.34797175231882993,0.00282508186265286
5-12C,6.0,253.0499,0.8199366477158184,1.0021004602516137
5-12C,6.0,257.0072,-0.362321745422195,0.5837973166572306
5-12C,6.0,257.1028,0.30937219003621275,0.31381087722571893
5-12C,6.0,259.005,0.25559823218522254,0.5448357379261788
5-12C,6.0,259.0227,1.3922882990733159,0.20914648675208986
5-12C,6.0,261.0385,0.2842301456888241,0.34824162162111943
5-12C,6.0,266.0703,-0.5329267155890591,0.12885867705733148
5-12C,6.0,267.0724,-0.7047717598445947,0.011583012317310421
5-12C,6.0,268.02,-0.2143075177079679,0.41326235684892787
5-12C,6.0,269.0398,-0.7204575718539936,0.21623335938224422
5-12C,6.0,271.0612,-0.07819851223766441,0.160131111086774
5-12C,6.0,271.0815,0.8310229359850182,0.9814874452248133
5-12C,6.0,273.0021,-0.7657194884313363,0.13218280885563444
5-12C,6.0,274.0933,-1.1106171649468637,0.1703104305556746
5-12C,6.0,275.0184,0.6589957607347947,0.7090160492176188
5-12C,6.0,275.0991,-0.5791063248859732,0.1079803578147297
5-12C,6.0,277.1207,1.1993896358637726,0.19652505479200028
5-12C,6.0,277.2169,1.3368006191869928,0.34469303275280383
5-12C,6.0,279.2331,-0.27084471288108447,0.04956902147544884
5-12C,6.0,282.0839,-0.6975387297166478,0.2421529467471851
5-12C,6.0,283.2063,-0.3482522065932323,0.10032015617117233
5-12C,6.0,285.0972,0.6335273687035852,1.1203549272629993
5-12C,6.0,287.0157,2.344631053250262,0.8367559675426591
5-12C,6.0,288.0725,-0.682213605645583,0.11950205437469609
5-12C,6.0,289.0333,0.5239143561498535,0.6865840082881787
5-12C,6.0,289.1044,-1.4011212260298498,0.1382721468675944
5-12C,6.0,290.9677,-0.5254299162300146,0.06774150463459734
5-12C,6.0,294.0479,3.0957597977281077,1.0959345598903647
5-12C,6.0,300.0509,-0.3163184042322139,0.6626321452345836
5-12C,6.0,301.0333,1.8258915749720597,1.2517828642909268
5-12C,6.0,303.2326,0.09434437634735782,0.8577866359714227
5-12C,6.0,305.0207,2.354893276136248,0.18223497352426873
5-12C,6.0,306.0481,-1.0494167443463058,0.08474830664068678
5-12C,6.0,306.0765,-0.25398214059416174,0.03210826153940793
5-12C,6.0,308.0986,4.8987467597820515,0.244050614897028
5-12C,6.0,313.0441,-0.9379967081553391,0.29503978508053225
5-12C,6.0,313.1037,-0.7448013711578847,0.5217205100714152
5-12C,6.0,317.026,0.4715872662067724,0.33449245274949263
5-12C,6.0,323.0256,0.11407848589322539,0.5403160500246411
5-12C,6.0,325.1163,-0.44431769347400196,0.4155645768010912
5-12C,6.0,328.0457,-0.8674707032558076,0.08199148181106167
5-12C,6.0,333.0589,-1.2579303137236764,0.1284750634292132
5-12C,6.0,338.9884,-0.38767455113065996,0.16938576844872966
5-12C,6.0,339.0928,0.6973212058564424,0.6674584591023375
5-12C,6.0,341.1089,1.3637923624043307,0.16095099899241225
5-12C,6.0,344.0393,-0.3508428918408227,0.28109562786964426
5-12C,6.0,346.0556,-0.606735130828821,0.024807789778367013
5-12C,6.0,348.087,-1.1145418651833618,0.14496324415543282
5-12C,6.0,353.0489,-0.0609185865422328,0.644886794097764
5-12C,6.0,357.089,-0.32755878697321833,0.1660041659611105
5-12C,6.0,375.131,-1.0384223611096006,0.5071088371149062
5-12C,6.0,377.1496,-0.3675513762733802,0.5163980189691255
5-12C,6.0,383.1188,2.2335965198556504,0.24993404181552525
5-12C,6.0,388.9416,-0.11692230437499636,0.4498951955562
5-12C,6.0,388.9442,-0.3952931457409665,0.1692313996814527
5-12C,6.0,401.0756,2.0453980086124437,0.2773804370180196
5-12C,6.0,407.2795,-0.6063472932613813,0.15859788858198448
5-12C,6.0,421.0743,0.24113048543010776,0.5837501925948222
5-12C,6.0,426.0222,-0.35445825936017533,0.38546839287934404
5-12C,6.0,442.9997,0.34544725022517697,0.31420075539513614
5-12C,6.0,466.9657,2.2255341494008203,0.4566543480336046
5-12C,6.0,490.9787,1.0598676529768754,1.223597586021389
5-12C,6.0,503.1614,2.3512982174126944,0.3133951909696171
5-12C,6.0,547.0731,-1.165047991915179,0.09360515606095458
5-12C,6.0,565.0471,-0.8378410602826982,0.0995350815422864
5-12C,6.0,578.8872,1.8181109309546564,0.1399453401264936
5-12C,6.0,579.0269,2.008504389370783,0.2004291382954886
5-12C,6.0,612.2549,-0.4936096469051887,0.2679355341431012
5-12C,6.0,624.2949,-0.2750694439035769,0.5112986053148192
5-12C,6.0,659.307,0.6217618474870787,0.11770590545823563
5-12C,6.0,664.0939,-0.39131981660478476,0.1736298542261795
5-12C,6.0,665.2144,0.1284940137645633,0.3918344488643382
5-12C,6.0,668.1374,-0.609204767485598,0.0011175808503866174
5-12C,6.0,787.255,0.6870030170969847,0.6650233361392889
5-12C,6.0,790.2568,0.7024254102151182,0.3274116504347032
5-12C,6.0,835.0407,-0.6403449269770781,0.16722338049752655
5-12C,6.0,863.2971,-0.5396931003995572,0.10590596627507168
5-12C,6.0,864.1473,0.17884710750330918,0.5031625166135631
5-12C,6.0,974.2935,0.04292200432785338,0.48320846794200534
5-12C,6.0,976.7162,1.3547847643114306,0.26345327749186864
5-12C,7.0,57.0342,0.461997270863441,0.4285271226661391
5-12C,7.0,58.0295,-1.0664322793935084,0.21831557964851653
5-12C,7.0,59.0135,0.01527753975678862,0.3045786609239442
5-12C,7.0,71.0137,0.40277919869400447,0.035547387486610994
5-12C,7.0,73.0293,-0.9475635429097631,0.013495715728273459
5-12C,7.0,74.0247,0.2685745992875962,0.73284722797349
5-12C,7.0,75.0087,-0.7556735100561873,0.685476168360195
5-12C,7.0,87.0088,-0.6258558628823968,0.02931183268011335
5-12C,7.0,87.0451,0.7225675716458018,0.48161886342893434
5-12C,7.0,88.0403,-0.9065818601128781,0.016193939430574917
5-12C,7.0,88.9883,2.548283710062125,1.7751288278248383
5-12C,7.0,89.0244,0.9460410113981075,0.34753840749119597
5-12C,7.0,93.0338,-0.06990749225402174,0.020196523053429585
5-12C,7.0,94.9761,-1.3290802237483046,0.3755236986545287
5-12C,7.0,94.9806,1.5674621571822414,0.3769140247571944
5-12C,7.0,95.0139,0.7283399440936618,0.1458390090139738
5-12C,7.0,101.0242,0.48040541515745094,0.285256732715555
5-12C,7.0,102.056,-0.6108311277939269,0.05516432600180368
5-12C,7.0,103.0402,-0.9571296949451705,0.041056167559241075
5-12C,7.0,103.0509,-1.028147243493443,0.08166152030715317
5-12C,7.0,104.0352,2.7522051480411087,0.4364026195838382
5-12C,7.0,105.0193,-1.000435186990653,0.47931602011319235
5-12C,7.0,107.0503,1.1159653918861343,0.4152527867764399
5-12C,7.0,109.0295,-1.122472924653132,0.08857847814773169
5-12C,7.0,111.02,-1.0671053460825313,0.012147577273574179
5-12C,7.0,112.0516,-1.4682399989316077,0.3914070762062463
5-12C,7.0,113.0244,0.7058791640316079,0.10184125367720444
5-12C,7.0,113.0357,-1.0243618786976882,0.028848432481811005
5-12C,7.0,114.056,-0.1348013356208177,0.007359480789283669
5-12C,7.0,115.0037,-0.9863389769347877,0.02471368564091514
5-12C,7.0,115.0402,-1.6422523778198916,0.46175513787283634
5-12C,7.0,115.0764,-0.00614529536288564,0.512123382204602
5-12C,7.0,116.0354,-1.2867772379039453,0.17095266889995137
5-12C,7.0,116.0717,-0.7163735724450392,0.014449113980428942
5-12C,7.0,117.0194,-0.9245172554734433,0.0036911437094812073
5-12C,7.0,118.0508,-0.7136726432328491,0.12929817852921524
5-12C,7.0,118.9804,0.1191601987836918,0.13248860667315956
5-12C,7.0,119.0503,0.7814247828760597,0.6454219117636613
5-12C,7.0,120.9273,-0.70121363287611,0.0633690005256462
5-12C,7.0,121.0295,-0.68567668318694,0.4022281345942048
5-12C,7.0,121.0409,0.6601655908082407,0.43261940110306224
5-12C,7.0,122.0248,0.16779258238299125,0.4576640823646123
5-12C,7.0,124.0075,-0.6948927805869162,0.44756866460319833
5-12C,7.0,124.0144,0.2144089005461451,0.22834132055962952
5-12C,7.0,125.0439,0.0647542675425061,0.23685913316090343
5-12C,7.0,127.0764,-0.767334656203251,0.15867607737052922
5-12C,7.0,128.0354,2.268708110433833,0.17402463355705303
5-12C,7.0,129.0193,-1.3853698443175446,0.060420317353013196
5-12C,7.0,129.0556,-0.45705464186748695,0.5140538038003322
5-12C,7.0,130.0142,-1.0206583606532684,0.1940098342230289
5-12C,7.0,130.0509,-1.0619573043644719,0.01370354272898117
5-12C,7.0,130.0874,-0.7206028660049657,0.04256793666208795
5-12C,7.0,131.0008,-1.350387662162883,0.16266281632353025
5-12C,7.0,131.0123,-0.7268227068849094,0.07012960765383774
5-12C,7.0,131.035,0.8674097456645885,0.0686266074197036
5-12C,7.0,131.0462,0.6418064531898316,0.08668763889914131
5-12C,7.0,131.0828,0.4257355542051966,0.41561719879696696
5-12C,7.0,132.0302,-1.1229544997687393,0.01957623244154854
5-12C,7.0,133.0142,-0.7740158930916416,0.023229004591049787
5-12C,7.0,133.0257,-1.0040390272996405,0.11001639462363816
5-12C,7.0,133.0505,-1.2992509653747986,0.011673853239560418
5-12C,7.0,134.0472,-1.5112466678379548,0.13363446663802028
5-12C,7.0,134.0604,-1.5441220933815696,0.2702714475786446
5-12C,7.0,135.0302,-0.9826695424354996,0.16494520218539943
5-12C,7.0,135.0453,0.3460501412731172,0.163630191385121
5-12C,7.0,136.0404,-0.502083851519813,0.05739786609017275
5-12C,7.0,136.0487,-0.08965716068966337,0.20021280460914737
5-12C,7.0,136.0767,-1.9977130026118668,0.4981310261544637
5-12C,7.0,137.0239,-0.2970055317610347,0.07831796828574568
5-12C,7.0,138.9789,4.870487673751234,0.5517073891951793
5-12C,7.0,139.0014,-0.39711295938356767,0.012389016220670568
5-12C,7.0,139.0067,-0.7911390339247205,0.027469168239375563
5-12C,7.0,139.976,2.2969838429040554,0.29103378492176746
5-12C,7.0,143.0713,-0.6318494072577101,0.5022959675345926
5-12C,7.0,143.1077,-0.3472962774758609,0.4502532077434523
5-12C,7.0,145.0141,-0.5192887204011057,0.06354357352620556
5-12C,7.0,145.0506,-0.5106836141269435,0.1982610108531229
5-12C,7.0,145.0623,-0.8536754469801107,0.07502347965822227
5-12C,7.0,145.0982,0.09714018656328607,0.36817729722157266
5-12C,7.0,145.1106,-0.6058287929126321,0.5329496237818435
5-12C,7.0,146.0459,-0.49440486315108667,0.0025338879687295886
5-12C,7.0,147.0298,-0.9817168423513479,0.007561817341608482
5-12C,7.0,147.0662,-1.358723848093753,0.02441991979132798
5-12C,7.0,149.0092,0.16483375166740535,0.4877387226201024
5-12C,7.0,149.0456,2.5398142436426894,0.8193734055125264
5-12C,7.0,149.0608,0.17050060500833716,0.27865161519216586
5-12C,7.0,150.0422,-0.8314238900229092,0.4697594941871555
5-12C,7.0,150.9707,-0.5553378913852547,0.36645235178790253
5-12C,7.0,151.0259,-0.555282119551778,0.048474717761384754
5-12C,7.0,151.04,-0.5409570078358905,0.2265475926167804
5-12C,7.0,151.06,-0.7245417414761118,1.2624782050982621
5-12C,7.0,152.0353,-0.15839541380027208,0.2658180347185371
5-12C,7.0,152.0716,-0.7811052204378401,0.5822043559160579
5-12C,7.0,153.0192,-0.5418288977808674,0.23828604639334194
5-12C,7.0,154.062,0.8765661638668356,0.11869049817846862
5-12C,7.0,154.9751,-1.0357906171674436,0.01714084545449396
5-12C,7.0,155.0099,-1.042325178875286,0.010501821894034652
5-12C,7.0,157.0128,-1.0075447527717474,0.027260212001388576
5-12C,7.0,157.0255,-1.1014781228572352,0.015922832874740868
5-12C,7.0,157.0379,-1.1881946906428231,0.02033433527291703
5-12C,7.0,157.0504,-1.3078420668756403,0.018771811089332513
5-12C,7.0,159.0297,-0.6211249812641079,0.2185892520817115
5-12C,7.0,159.0775,-1.1738420011277233,0.052569322664572836
5-12C,7.0,160.0616,-2.0638697311147687,0.38669440651835973
5-12C,7.0,161.0453,0.81931955244627,0.21346366822875634
5-12C,7.0,162.0424,-1.448386001009525,0.11480551570972501
5-12C,7.0,163.0351,-1.4826634553606524,0.3253113199857037
5-12C,7.0,163.0398,0.08653148758104046,0.11346921768181006
5-12C,7.0,163.0611,-1.0557828217588774,0.7372608151291862
5-12C,7.0,164.0716,-0.29033935059216054,0.06947789644364574
5-12C,7.0,165.03,-2.3560260887556117,0.6459633073984143
5-12C,7.0,165.0405,0.23617838388461232,0.6656292906786523
5-12C,7.0,165.0556,-0.9334609395921496,0.047924155320222296
5-12C,7.0,166.0508,-1.4793538440979472,0.2953260496302125
5-12C,7.0,166.0632,-1.5030668184935359,0.6889787284783364
5-12C,7.0,166.9759,-1.280142578715691,0.33916472851982243
5-12C,7.0,167.0207,0.5926605577094838,0.17330310966020224
5-12C,7.0,167.0358,0.4967041975089816,0.6941478504313046
5-12C,7.0,167.0828,-1.1248482449150197,0.6173562066185894
5-12C,7.0,168.0277,-0.5178245059373341,0.024707689689485817
5-12C,7.0,168.0664,-0.9478203532503752,0.5466995405257373
5-12C,7.0,170.0455,-0.8452775666363297,0.011626156825728809
5-12C,7.0,171.0065,-0.9193426661527077,0.20839850973768298
5-12C,7.0,171.0092,-0.9044211503944088,0.17541902070608353
5-12C,7.0,171.0284,-0.9766806596709919,0.07170980389203267
5-12C,7.0,172.0616,-1.327097585962905,0.1425977008384812
5-12C,7.0,172.962,-0.18450539180593942,0.18061627950168138
5-12C,7.0,173.0089,-1.16111410247114,0.15189905923960204
5-12C,7.0,173.0453,-1.514367209415312,0.04061112457815851
5-12C,7.0,173.0932,-0.8506818070135302,0.05991416292335816
5-12C,7.0,173.1041,-1.001594354323164,0.0795216753907626
5-12C,7.0,174.0407,-0.9990589686693252,0.0016227560940903108
5-12C,7.0,174.088,-0.5384211515848898,0.2627452801164885
5-12C,7.0,175.022,-1.2583192594856207,0.09716139054944785
5-12C,7.0,175.0361,-1.1616961808231134,0.008176472279463512
5-12C,7.0,175.0611,-1.2561638895536782,0.006633042767666765
5-12C,7.0,176.0776,-1.2276496929511906,0.13115954580909592
5-12C,7.0,177.0402,-1.6463752951912398,0.05552888876166004
5-12C,7.0,177.0553,-0.9624590870302268,0.7623507899703807
5-12C,7.0,178.0509,-1.069173385499056,0.020824653418692683
5-12C,7.0,179.0348,-0.2645525751234923,0.1602899967054507
5-12C,7.0,179.0561,2.9672868409513624,0.38424287349695074
5-12C,7.0,180.0663,3.0286563949137224,0.39042226604394625
5-12C,7.0,181.0505,-1.4931027807590262,0.05323357288527477
5-12C,7.0,182.9725,-1.0178701948232562,0.20303149208101412
5-12C,7.0,183.0661,-0.9568186148536068,0.6597260684430134
5-12C,7.0,184.0017,-0.5836545007022599,0.04142002063857042
5-12C,7.0,184.9856,-1.1206918384569062,0.10947877894136179
5-12C,7.0,186.1136,-1.9510470314531414,0.3567069518669668
5-12C,7.0,187.0234,-0.37779880151411893,0.5243452384966323
5-12C,7.0,188.035,-1.5525086135300152,0.4744653357708764
5-12C,7.0,188.0565,-1.126930430371699,0.008041790536152973
5-12C,7.0,189.0405,-1.2767847486074797,0.02361129037722709
5-12C,7.0,191.0197,-1.5939353363012707,0.15615459724825895
5-12C,7.0,191.0561,-0.3919621773302321,0.10860919478177525
5-12C,7.0,192.0663,-1.2133530274606956,0.38493746627678266
5-12C,7.0,193.0349,-1.3801932015113727,0.39275825631029276
5-12C,7.0,194.0682,-1.1161650281833861,0.08818679668683678
5-12C,7.0,194.0822,-0.9387940582851012,0.7626446179238859
5-12C,7.0,195.0509,-0.6599728930492297,0.1285434696527721
5-12C,7.0,195.0657,-1.7698237608631304,0.7231588836684132
5-12C,7.0,196.0603,-1.4432987710385912,0.06442133730988604
5-12C,7.0,198.0182,-1.0018239948150338,0.22561043501543748
5-12C,7.0,199.0019,-0.5462720920992175,0.21281488306973703
5-12C,7.0,200.9937,0.03221701016904349,0.15690351635237237
5-12C,7.0,201.0051,-1.7249243980680948,0.1853117256429435
5-12C,7.0,203.0348,0.49366693942465745,0.1764012207655934
5-12C,7.0,203.0826,-0.005226292838081918,0.0030928708918169356
5-12C,7.0,204.0498,0.34078656955811304,0.5458602362733406
5-12C,7.0,205.0351,-1.434473971311743,0.09242889440813967
5-12C,7.0,206.0822,-0.5465974125448402,0.2701170167369
5-12C,7.0,209.0292,-0.9347056630827419,0.23779820399424312
5-12C,7.0,209.0814,0.3177394088237627,0.3244641272583779
5-12C,7.0,211.0235,-1.6092202799122581,0.16216761017929415
5-12C,7.0,211.9968,-1.1216609253985488,0.02748650996604367
5-12C,7.0,212.0331,-0.06738532283241623,0.3162075042552104
5-12C,7.0,212.9807,-1.066332360533199,0.0911835527716442
5-12C,7.0,213.014,0.22453484429013254,0.17734711343128243
5-12C,7.0,213.0384,-0.669593409439704,0.2820096256389118
5-12C,7.0,213.1252,1.2992125771193166,1.0146361775627568
5-12C,7.0,214.0488,0.3575862819206267,1.3990439808518353
5-12C,7.0,215.0331,0.7530653854218317,0.15852845397455684
5-12C,7.0,216.1351,-0.31322397615550385,0.15397163587180565
5-12C,7.0,218.0335,0.5549073239769347,0.14962276201296756
5-12C,7.0,218.1034,-1.2202959328575993,0.009694781569049987
5-12C,7.0,220.0828,0.16346701263806776,0.8158396995222055
5-12C,7.0,221.0443,0.4242479339245162,0.20967967051739295
5-12C,7.0,221.0664,-1.1971178358811865,0.8402618479063328
5-12C,7.0,225.0399,-1.2713023873560867,0.41722250047061255
5-12C,7.0,225.0861,-0.5492580326164649,0.20077116877517773
5-12C,7.0,225.0901,-0.9702660926141269,0.2705554378167864
5-12C,7.0,226.0135,8.178897282560499,4.929358712299698
5-12C,7.0,226.0697,-0.6321760256508053,0.18102781613088176
5-12C,7.0,228.0501,-1.1191243492689062,0.23590987047691536
5-12C,7.0,229.0122,-0.7664253159118208,0.2796257968249969
5-12C,7.0,237.0614,-1.4623660893507688,0.15545824496223284
5-12C,7.0,238.0945,-0.43338771679865695,0.5378024427033525
5-12C,7.0,240.0515,-1.3517656847175248,0.008921411896934527
5-12C,7.0,241.0844,-1.7254470908254733,0.2998839625098242
5-12C,7.0,242.0804,-0.36843993277716414,0.40377959533371616
5-12C,7.0,243.029,-0.7321887606900774,0.22261708543427178
5-12C,7.0,243.0625,-1.5941852461469346,0.16973353600106808
5-12C,7.0,245.0444,-0.9867149309413096,0.12425224987098779
5-12C,7.0,246.0198,8.875805977228966,6.453360959570976
5-12C,7.0,246.064,-0.8928708357892958,0.22792520857828902
5-12C,7.0,251.0816,-1.634698502525177,0.5083515352921532
5-12C,7.0,253.0119,-0.35402524119982787,0.004214168201375769
5-12C,7.0,253.0499,-1.296345955859482,0.3785628919560952
5-12C,7.0,257.0072,-0.5720684645112931,0.4681532467683081
5-12C,7.0,257.1028,-0.9919460166481271,0.2598166024672382
5-12C,7.0,259.005,-1.468459794250379,0.6548914476613685
5-12C,7.0,259.0227,0.45002222365010425,0.09526731674855647
5-12C,7.0,261.0385,-0.5532109826490463,0.1521386839064386
5-12C,7.0,266.0703,-0.34386085057850263,0.28498024073850853
5-12C,7.0,267.0724,-0.6480966118574379,0.02543870550386452
5-12C,7.0,268.02,-0.8168245901819104,0.07511768394869883
5-12C,7.0,269.0398,-0.8916243688662049,0.07731817443794356
5-12C,7.0,271.0612,-1.0070243275672879,0.440130893188957
5-12C,7.0,271.0815,-0.8557149826016375,0.2528112452366809
5-12C,7.0,273.0021,-0.8649363702394846,0.08577396272175968
5-12C,7.0,274.0933,-1.4853552035413604,0.0932399497893081
5-12C,7.0,275.0184,-0.4700659660671192,0.4156971366963293
5-12C,7.0,275.0991,-0.955801382295125,0.1808029064380097
5-12C,7.0,277.1207,0.8802932265263926,0.1585669871612661
5-12C,7.0,277.2169,0.7004103974321387,0.3556248244624472
5-12C,7.0,279.2331,0.24757217573734622,0.022872756175576252
5-12C,7.0,282.0839,-0.7302866219131676,0.6189650130254616
5-12C,7.0,283.2063,0.2532478598755842,0.26524033164622884
5-12C,7.0,285.0972,0.5508246695362733,0.3184565577725176
5-12C,7.0,287.0157,0.9776167228756045,0.6338766198610173
5-12C,7.0,288.0725,-0.6648831835212496,0.06615670476880159
5-12C,7.0,289.0333,-1.1170787546575363,0.2515101997153406
5-12C,7.0,289.1044,-1.455084365606893,0.0809101875814825
5-12C,7.0,290.9677,-0.532422240412959,0.08910944600931404
5-12C,7.0,294.0479,0.46751802690161054,0.44528640549493
5-12C,7.0,300.0509,-0.8453604465648314,0.5971165949573071
5-12C,7.0,301.0333,-1.5234959549532316,0.3003890579434065
5-12C,7.0,303.2326,-0.23747791352349062,0.1499777154009335
5-12C,7.0,305.0207,1.0451062644736515,0.40393963204784655
5-12C,7.0,306.0481,-1.1028110204849417,0.09401378757761153
5-12C,7.0,306.0765,-0.2862432394466363,0.030840105238176665
5-12C,7.0,308.0986,3.5456600834478795,0.5461498714340349
5-12C,7.0,313.0441,0.2090673859264076,0.3774728340841281
5-12C,7.0,313.1037,-0.6090063961433185,0.22126731767694838
5-12C,7.0,317.026,-1.0636837857654773,0.9412773489581142
5-12C,7.0,323.0256,3.9932500810804266,0.7783619731472105
5-12C,7.0,325.1163,2.903742715743902,0.38436431982296587
5-12C,7.0,328.0457,-1.0271635151951977,0.09354994169313885
5-12C,7.0,333.0589,-1.4635722307362604,0.12374209884689355
5-12C,7.0,338.9884,-0.05056154042551242,1.0902528343403477
5-12C,7.0,339.0928,0.31544856655869924,0.6399685454458292
5-12C,7.0,341.1089,-0.09535244173365248,0.25930234727649715
5-12C,7.0,344.0393,-0.250310955486603,0.06519448015080309
5-12C,7.0,346.0556,-0.3277673630862651,0.11718772061276905
5-12C,7.0,348.087,-0.9330691603898207,0.17457444390569818
5-12C,7.0,353.0489,-1.0610139044285383,0.4396416344006114
5-12C,7.0,357.089,-1.0386304100113817,0.12852295201540684
5-12C,7.0,375.131,-0.38896754340197504,0.3705283592773056
5-12C,7.0,377.1496,-1.5068467079851875,0.34230372491192046
5-12C,7.0,383.1188,-1.2784461900134927,0.6699834008658965
5-12C,7.0,388.9416,0.12114820070742854,0.4097907674876475
5-12C,7.0,388.9442,-0.440071297167128,0.26717039695303085
5-12C,7.0,401.0756,0.011750913300302986,0.20213785464614334
5-12C,7.0,407.2795,-0.0410984963494782,0.5221310377925225
5-12C,7.0,421.0743,-0.5928899914741699,0.21172658865397534
5-12C,7.0,426.0222,-0.3212538464744697,0.639008130275805
5-12C,7.0,442.9997,0.17447729032109868,0.21281397198099378
5-12C,7.0,466.9657,1.917221823658461,0.45075187190181193
5-12C,7.0,490.9787,-0.6689296295746461,0.606465183463613
5-12C,7.0,503.1614,-1.2067873070334443,0.4035245846327258
5-12C,7.0,547.0731,-1.183482004377342,0.10634845331772048
5-12C,7.0,565.0471,-0.36795682727610735,0.19055927772730255
5-12C,7.0,578.8872,-0.1396411592200703,0.2109869021986041
5-12C,7.0,579.0269,-0.5973344162800795,0.16425752478552713
5-12C,7.0,612.2549,0.3378987026875265,0.6747057392704476
5-12C,7.0,624.2949,0.8178741309964426,0.5358729937978921
5-12C,7.0,659.307,5.298821578907014,0.6768939335232039
5-12C,7.0,664.0939,6.0424116188121655,2.2086745822173404
5-12C,7.0,665.2144,0.3778191211336564,0.47696933462158014
5-12C,7.0,668.1374,-0.6056202795956813,0.0021016742100168975
5-12C,7.0,787.255,2.9161660006758376,0.8548065583906072
5-12C,7.0,790.2568,5.382868352530519,1.1041329827382456
5-12C,7.0,835.0407,0.6936954499993093,0.4038718817398441
5-12C,7.0,863.2971,1.1302692501358291,0.8423974531529932
5-12C,7.0,864.1473,6.217407945865979,1.8558309375602529
5-12C,7.0,974.2935,1.531271588858818,0.9172220066692651
5-12C,7.0,976.7162,2.4663253022655645,0.3044896611011458
5-12C,8.0,57.0342,1.8877069005066665,0.44486052701697415
5-12C,8.0,58.0295,-0.8813759651020951,0.08264990334027617
5-12C,8.0,59.0135,2.620122556015077,0.1761184487381885
5-12C,8.0,71.0137,2.1764014348597938,0.1900190459058293
5-12C,8.0,73.0293,-0.8708455439510814,0.03922252154473146
5-12C,8.0,74.0247,-0.9561879452741846,0.29780663009652925
5-12C,8.0,75.0087,0.11608779132328714,0.4075815676007105
5-12C,8.0,87.0088,-0.6214855689945294,0.030394327225108368
5-12C,8.0,87.0451,0.6883975160097169,0.37209158118464125
5-12C,8.0,88.0403,-0.8673802319398888,0.03942156975332733
5-12C,8.0,88.9883,-1.214878057876318,0.4335792760061618
5-12C,8.0,89.0244,-0.08391522864476328,0.10539160015870408
5-12C,8.0,93.0338,-0.06867805145483062,0.007444112884372947
5-12C,8.0,94.9761,-0.42217896867132976,0.3009602997413377
5-12C,8.0,94.9806,1.5303110881780806,0.2400542878324181
5-12C,8.0,95.0139,1.5891625952239816,0.4551308944265344
5-12C,8.0,101.0242,1.5072504628687349,0.21179383784405426
5-12C,8.0,102.056,-0.5088546070597015,0.07090968419877382
5-12C,8.0,103.0402,-0.8634880263944706,0.04681683982782022
5-12C,8.0,103.0509,-0.7584138545758341,0.047821758960926525
5-12C,8.0,104.0352,-0.757345294113593,0.06978848466427914
5-12C,8.0,105.0193,-0.847315636778659,0.49815634397608904
5-12C,8.0,107.0503,1.3135279968658047,0.5246398412556134
5-12C,8.0,109.0295,-0.9358781653348842,0.14338951865329475
5-12C,8.0,111.02,-0.625069815211082,0.026002139792543243
5-12C,8.0,112.0516,0.39677547285252074,0.3931548751667636
5-12C,8.0,113.0244,1.9222978041476786,0.11291904738918351
5-12C,8.0,113.0357,-0.05931616986329996,0.04446511051143271
5-12C,8.0,114.056,-0.032403598927358335,0.00446629148878609
5-12C,8.0,115.0037,-0.8158955039737017,0.08274993519992366
5-12C,8.0,115.0402,-0.391233877240192,0.4794335979116893
5-12C,8.0,115.0764,0.834894759879639,0.17114319298634176
5-12C,8.0,116.0354,-0.6909516709295906,0.2051749246937917
5-12C,8.0,116.0717,-0.7385352118635375,0.0264881198904931
5-12C,8.0,117.0194,-0.8492152972532769,0.03568332061960275
5-12C,8.0,118.0508,-1.3803609539406219,0.08164242126139808
5-12C,8.0,118.9804,1.7233169500612235,0.17078781087942937
5-12C,8.0,119.0503,1.3234852080654225,0.33703875307368003
5-12C,8.0,120.9273,-0.5934791385868684,0.05136151651258527
5-12C,8.0,121.0295,0.5577487630683111,0.22059795905373777
5-12C,8.0,121.0409,0.7848286808235085,0.7790002251310949
5-12C,8.0,122.0248,0.4957411656425179,0.17820526383568028
5-12C,8.0,124.0075,0.5821606616804874,0.45739024034798054
5-12C,8.0,124.0144,1.739250139498046,0.3195859723240167
5-12C,8.0,125.0439,0.5754245824991893,0.24264147961852012
5-12C,8.0,127.0764,1.3072085492875278,0.6391491679356762
5-12C,8.0,128.0354,4.011104145424932,0.11955733213947858
5-12C,8.0,129.0193,-0.9340163725664985,0.035435000077371055
5-12C,8.0,129.0556,1.2677868709416145,0.6023430903703615
5-12C,8.0,130.0142,-0.8146568079767308,0.1436763445176385
5-12C,8.0,130.0509,-0.9722772945607913,0.026080945599442462
5-12C,8.0,130.0874,-1.0665475987287154,0.02909632267382134
5-12C,8.0,131.0008,0.8982090777274647,1.1066978428740835
5-12C,8.0,131.0123,-0.7073768215065382,0.03570092884026601
5-12C,8.0,131.035,0.3440395354608375,0.06884214639791532
5-12C,8.0,131.0462,0.1650969552416373,0.20369011487299904
5-12C,8.0,131.0828,-0.928866886211184,0.03598498992816572
5-12C,8.0,132.0302,-0.9262728276075218,0.015693131865076742
5-12C,8.0,133.0142,-0.43653681369537983,0.04977095522396088
5-12C,8.0,133.0257,-0.5508637161453123,0.04062045822342286
5-12C,8.0,133.0505,-1.1572953588104795,0.02189743672685141
5-12C,8.0,134.0472,-0.5314722904317049,0.14129495167064277
5-12C,8.0,134.0604,-0.9454596404016149,0.26986551901009515
5-12C,8.0,135.0302,-0.7813158267544842,0.08351444991246505
5-12C,8.0,135.0453,1.4527088164252495,0.18047307355034675
5-12C,8.0,136.0404,-0.4680674908501774,0.06526001314284888
5-12C,8.0,136.0487,1.3874675182348732,0.4372215228053031
5-12C,8.0,136.0767,0.7784615390410682,0.3007685341607253
5-12C,8.0,137.0239,0.15493412019184832,0.36321261895778534
5-12C,8.0,138.9789,0.4562128840788947,0.3261907398223781
5-12C,8.0,139.0014,-0.14448151245657964,0.023817189952390024
5-12C,8.0,139.0067,-0.5340713359929201,0.02318714390446646
5-12C,8.0,139.976,0.9144152961816311,0.5060684879953845
5-12C,8.0,143.0713,0.25356626162307705,0.16953617973792906
5-12C,8.0,143.1077,0.8004837413554637,0.10243147890478334
5-12C,8.0,145.0141,-0.3547581340035977,0.12635919041122276
5-12C,8.0,145.0506,-0.922631453733832,0.04386062962437805
5-12C,8.0,145.0623,-1.2388421759958432,0.21406300174032333
5-12C,8.0,145.0982,-0.8000962764467257,0.08738872403650585
5-12C,8.0,145.1106,-1.1177124720281197,0.3828449701515958
5-12C,8.0,146.0459,-0.4938347217073883,0.007418040443512843
5-12C,8.0,147.0298,-0.784031043560454,0.07369540649951033
5-12C,8.0,147.0662,-1.1492282936696914,0.02405366083348183
5-12C,8.0,149.0092,1.248523707434836,0.2530805928817545
5-12C,8.0,149.0456,0.7771039341837289,0.0947045780667461
5-12C,8.0,149.0608,1.7978703446127982,0.40897455039035263
5-12C,8.0,150.0422,-0.6920424666756783,0.5705345644644371
5-12C,8.0,150.9707,-0.253000447928121,1.0284979014281102
5-12C,8.0,151.0259,-0.5529031016158271,0.06457324391383917
5-12C,8.0,151.04,1.398402163439799,0.4267993451915433
5-12C,8.0,151.06,-0.35329257711275097,0.2937098031127589
5-12C,8.0,152.0353,1.2134480042951,0.2230272878317858
5-12C,8.0,152.0716,0.04497035488571593,0.11637203018465771
5-12C,8.0,153.0192,0.26944906063228075,0.10245746951008369
5-12C,8.0,154.062,-0.5340910326216965,0.14412080256886375
5-12C,8.0,154.9751,-0.8769350656169524,0.036314941099301896
5-12C,8.0,155.0099,-0.5603905128870565,0.017036601760168604
5-12C,8.0,157.0128,-0.7389636015765073,0.06434953956689625
5-12C,8.0,157.0255,-0.4691522041687718,0.044277658875216355
5-12C,8.0,157.0379,-0.515520815658353,0.09054404657791823
5-12C,8.0,157.0504,-0.9984021053517592,0.055370732383801156
5-12C,8.0,159.0297,-0.7718006735917636,0.1883331813525045
5-12C,8.0,159.0775,-0.9569279029716848,0.049494786621284564
5-12C,8.0,160.0616,-1.3155633586589246,0.18333660161748455
5-12C,8.0,161.0453,0.1791830894319319,0.09423687426140714
5-12C,8.0,162.0424,-1.2228639380736315,0.14388144406143466
5-12C,8.0,163.0351,-0.7658857115061395,0.24042151083493687
5-12C,8.0,163.0398,0.6769470030938001,0.09494821506852225
5-12C,8.0,163.0611,0.582666457108489,0.7965137644262071
5-12C,8.0,164.0716,-0.5700595686816115,0.06304948752811472
5-12C,8.0,165.03,2.0012227309395505,0.8742431330127814
5-12C,8.0,165.0405,1.177063597181345,0.5248832178641343
5-12C,8.0,165.0556,-0.7026368482159961,0.06998942031160643
5-12C,8.0,166.0508,-1.0150020328060587,0.146987466202343
5-12C,8.0,166.0632,-1.1291559475206756,0.9861935305994868
5-12C,8.0,166.9759,-0.5295363322983205,0.3380455438730258
5-12C,8.0,167.0207,-0.01046977726768755,0.08170324213178745
5-12C,8.0,167.0358,1.3520537236904948,0.26456751339910606
5-12C,8.0,167.0828,0.3087836706409026,1.1393859860318083
5-12C,8.0,168.0277,-0.48644767981397896,0.04718577738815495
5-12C,8.0,168.0664,0.3728511999863729,0.5360629943228007
5-12C,8.0,170.0455,-0.7368681049208561,0.03798026377894959
5-12C,8.0,171.0065,-0.7541370644873109,0.12793407327898246
5-12C,8.0,171.0092,-0.3957120002834612,0.24191825136664624
5-12C,8.0,171.0284,-0.7982489418518348,0.05871576781414524
5-12C,8.0,172.0616,-0.3759468789228913,0.0909854239424351
5-12C,8.0,172.962,-0.49559772095556653,0.013407784635565726
5-12C,8.0,173.0089,-0.7951671196975465,0.13155040102876783
5-12C,8.0,173.0453,-0.6284939603710625,0.21049895747000782
5-12C,8.0,173.0932,-0.8672737405433444,0.05680694006250405
5-12C,8.0,173.1041,-1.1833395227167596,0.08581455302796294
5-12C,8.0,174.0407,-0.932656539277483,0.015456786881579185
5-12C,8.0,174.088,-0.9547289000720003,0.09539312503144043
5-12C,8.0,175.022,-0.8322751068760319,0.1155903924441176
5-12C,8.0,175.0361,-0.9056768052186954,0.009336720141719585
5-12C,8.0,175.0611,-1.09764449256731,0.041810375049563774
5-12C,8.0,176.0776,-1.2353364672716483,0.17032313970901342
5-12C,8.0,177.0402,-0.8520688435790376,0.3339173492807453
5-12C,8.0,177.0553,0.8576991720275052,0.6340951414130893
5-12C,8.0,178.0509,-0.8975412589225445,0.008097782966066914
5-12C,8.0,179.0348,0.9452381141007008,0.5195686941818203
5-12C,8.0,179.0561,1.4497404731705403,0.08359139907399377
5-12C,8.0,180.0663,1.4538058448975715,0.10548324680755486
5-12C,8.0,181.0505,-1.0938427166823783,0.11518071146834225
5-12C,8.0,182.9725,1.9148871828117278,0.3294721848950065
5-12C,8.0,183.0661,1.3605684088054564,0.7352655670672045
5-12C,8.0,184.0017,-0.5007066390444849,0.040751037787713176
5-12C,8.0,184.9856,-0.44895365050370367,0.1185745461076954
5-12C,8.0,186.1136,1.7871896254322954,0.4051622002428298
5-12C,8.0,187.0234,-1.041421402884011,0.4310985912447414
5-12C,8.0,188.035,-0.7518900852340142,0.6702743648100602
5-12C,8.0,188.0565,-1.0171803696861534,0.014823484304435246
5-12C,8.0,189.0405,-0.7390980044073592,0.06336816621109036
5-12C,8.0,191.0197,-0.15982891751940956,0.2782592892061685
5-12C,8.0,191.0561,-0.9054280188871779,0.08868833350290309
5-12C,8.0,192.0663,-0.40391043475322674,0.31130584778490217
5-12C,8.0,193.0349,0.37217838037649686,0.8825124976999127
5-12C,8.0,194.0682,-0.9457001044441229,0.1813642351484783
5-12C,8.0,194.0822,1.4112387264521211,0.707279463457331
5-12C,8.0,195.0509,0.20416033729663255,0.09437454914158908
5-12C,8.0,195.0657,0.6228302446960149,0.3454989130226859
5-12C,8.0,196.0603,-1.0197488312407823,0.03649737268225039
5-12C,8.0,198.0182,-0.17549008330504257,0.5553422816545912
5-12C,8.0,199.0019,0.18631401174492476,0.30000155639780896
5-12C,8.0,200.9937,0.8342782478283963,0.16644176773958452
5-12C,8.0,201.0051,-0.22721997096864116,0.7389199493021684
5-12C,8.0,203.0348,0.6129309741805913,0.1574038500447904
5-12C,8.0,203.0826,-0.08996389830135117,0.0045715727165756915
5-12C,8.0,204.0498,0.2741487178391873,0.29225159891864183
5-12C,8.0,205.0351,-0.8500934148088521,0.15191520818097776
5-12C,8.0,206.0822,0.2360248009717878,0.6255203251763581
5-12C,8.0,209.0292,0.012174996223924539,0.3684860822261297
5-12C,8.0,209.0814,0.07555020105540891,0.4462630653176187
5-12C,8.0,211.0235,0.027969269660065438,0.542327891705952
5-12C,8.0,211.9968,-1.0141365627543624,0.05531877761287901
5-12C,8.0,212.0331,-0.07980291339075507,0.2698642800745739
5-12C,8.0,212.9807,-0.41183281527314597,0.11386010059170504
5-12C,8.0,213.014,-0.8110309834848315,0.07753933405834597
5-12C,8.0,213.0384,-0.3871248370282867,0.14474811987300504
5-12C,8.0,213.1252,0.9101781311118609,0.23239042614750738
5-12C,8.0,214.0488,1.8449329825698122,0.7714153519090693
5-12C,8.0,215.0331,1.967598342766308,0.07101254934738682
5-12C,8.0,216.1351,0.5256297924770961,0.21107734879067838
5-12C,8.0,218.0335,1.788338641938973,0.10521129680306507
5-12C,8.0,218.1034,-0.9845604213875934,0.055465812035059084
5-12C,8.0,220.0828,0.3515674233209559,0.8281331289100515
5-12C,8.0,221.0443,2.3267564594088403,0.06187977918454396
5-12C,8.0,221.0664,3.2030929257738494,0.199833969031272
5-12C,8.0,225.0399,-0.040890103243447315,0.3172102544176186
5-12C,8.0,225.0861,1.9440595266489327,0.39382430114124695
5-12C,8.0,225.0901,1.5621166825494792,0.3381564927619618
5-12C,8.0,226.0135,1.0230418060650648,0.3144102140227133
5-12C,8.0,226.0697,0.7519965968004432,0.3284841676136658
5-12C,8.0,228.0501,-0.9665119146442992,0.14804008777887495
5-12C,8.0,229.0122,-0.9496286051469602,0.20108676044310542
5-12C,8.0,237.0614,-0.8445694691345889,0.1882065899870818
5-12C,8.0,238.0945,-0.39590698938840263,0.10067749265163871
5-12C,8.0,240.0515,-1.0862481610037076,0.02280231901141721
5-12C,8.0,241.0844,0.12870406299301507,0.39077414235110725
5-12C,8.0,242.0804,-0.6195908150326119,1.0999956670000322
5-12C,8.0,243.029,-0.030140749758919637,0.46316303134535614
5-12C,8.0,243.0625,-0.4550208818685988,0.342807759342608
5-12C,8.0,245.0444,-0.4692146938591286,0.2138550051099304
5-12C,8.0,246.0198,0.19317966755269414,0.5113841194859816
5-12C,8.0,246.064,1.8788546660995915,0.3473680591378596
5-12C,8.0,251.0816,-0.3774282613961622,0.2639724355120056
5-12C,8.0,253.0119,-0.3497645974578015,0.007953660204564257
5-12C,8.0,253.0499,0.9990928469602882,1.0703136548790548
5-12C,8.0,257.0072,-0.3763942090032527,0.39197376035764014
5-12C,8.0,257.1028,0.36183478230569166,0.9219486305371427
5-12C,8.0,259.005,0.5536903818289693,0.47263586787402345
5-12C,8.0,259.0227,0.9001722499799112,0.1594069583891372
5-12C,8.0,261.0385,0.47891905761991,0.036669238157127644
5-12C,8.0,266.0703,-0.6567113479638953,0.35018964805508607
5-12C,8.0,267.0724,-0.4545089167253956,0.08108290845750114
5-12C,8.0,268.02,-0.3262375667446291,0.827771202672391
5-12C,8.0,269.0398,-0.7795585602563231,0.08990856027166935
5-12C,8.0,271.0612,-0.08893638293511671,0.674020819949648
5-12C,8.0,271.0815,-0.09988923437549409,0.4165086981590223
5-12C,8.0,273.0021,-0.7204123574322396,0.06667919333606442
5-12C,8.0,274.0933,-1.0038947823629216,0.16735416820701085
5-12C,8.0,275.0184,0.19544930022792198,0.4173012280915725
5-12C,8.0,275.0991,-0.8922916621913941,0.16669655536995476
5-12C,8.0,277.1207,1.249486040773899,0.10674371612313355
5-12C,8.0,277.2169,1.3090490142226243,0.23039441053562015
5-12C,8.0,279.2331,-0.2033600344900976,0.018389362700311822
5-12C,8.0,282.0839,-0.6114803153397469,0.30385247933342224
5-12C,8.0,283.2063,-0.2582967549113402,0.22671587274652208
5-12C,8.0,285.0972,0.4830940107354574,1.1444805775789797
5-12C,8.0,287.0157,1.5423701267590517,0.6252845653737317
5-12C,8.0,288.0725,-0.6407968341281085,0.07138589841988818
5-12C,8.0,289.0333,1.0276644497943481,0.6599154611396008
5-12C,8.0,289.1044,-1.254750618680354,0.237928154263243
5-12C,8.0,290.9677,-0.3066113006225726,0.13495392936899173
5-12C,8.0,294.0479,1.2909258978776772,0.6983917956487649
5-12C,8.0,300.0509,-0.41866713721754323,0.673975179203762
5-12C,8.0,301.0333,1.0671237417596848,1.107606369514255
5-12C,8.0,303.2326,0.013897243459779291,0.27686291019063963
5-12C,8.0,305.0207,2.095561606954197,0.11740856918658349
5-12C,8.0,306.0481,-0.8663091995447881,0.1540196788208937
5-12C,8.0,306.0765,-0.2615766794290828,0.027331835362949454
5-12C,8.0,308.0986,5.5674673891874,0.210385773666426
5-12C,8.0,313.0441,-0.5597096132985928,0.4526846871681601
5-12C,8.0,313.1037,-0.7588838130112472,0.44544858767141093
5-12C,8.0,317.026,0.42304903026308494,1.4442556839719236
5-12C,8.0,323.0256,-0.6910237784086137,0.10953692886660236
5-12C,8.0,325.1163,-0.33160244278960876,0.6770482549732459
5-12C,8.0,328.0457,-0.6435428000879951,0.12088039955227896
5-12C,8.0,333.0589,-1.1409052228051748,0.1629784640580542
5-12C,8.0,338.9884,-0.36287814754113945,0.029013356440253817
5-12C,8.0,339.0928,0.21169778099607034,0.5959214698058637
5-12C,8.0,341.1089,1.3636251060077078,0.1023945102421518
5-12C,8.0,344.0393,-0.30304902045930837,0.13575290709503776
5-12C,8.0,346.0556,-0.5786552242289138,0.1350187234489313
5-12C,8.0,348.087,-0.8130179864494782,0.04859318757476614
5-12C,8.0,353.0489,-0.16190053711414848,0.4176455685333892
5-12C,8.0,357.089,-0.5400024076833856,0.12717405758753297
5-12C,8.0,375.131,-0.8499565897584775,0.38497386635586384
5-12C,8.0,377.1496,-0.24822685128072292,1.022836841715912
5-12C,8.0,383.1188,2.1328943353368826,0.5562722941025376
5-12C,8.0,388.9416,0.051742065996878334,0.08183846082520586
5-12C,8.0,388.9442,-0.12289272456515121,0.08183846082520585
5-12C,8.0,401.0756,2.006227511672397,0.1730252476099939
5-12C,8.0,407.2795,-0.2308810873358532,0.13128566607033637
5-12C,8.0,421.0743,-0.20090981263467358,1.116307116023921
5-12C,8.0,426.0222,-0.43689680169709966,0.12235578883006995
5-12C,8.0,442.9997,0.3879028778523642,0.05645773638769409
5-12C,8.0,466.9657,1.121528773990452,0.24928228990566192
5-12C,8.0,490.9787,0.15199334039434564,0.4942118136935831
5-12C,8.0,503.1614,3.1510240770623286,0.5126097735541671
5-12C,8.0,547.0731,-1.0707797493241182,0.04837893077850513
5-12C,8.0,565.0471,0.02907713704729121,0.4835802078993071
5-12C,8.0,578.8872,1.8230896732014978,0.15799984203408204
5-12C,8.0,579.0269,2.465312319315793,0.25715289336139635
5-12C,8.0,612.2549,0.08008466133336062,0.69373931563654
5-12C,8.0,624.2949,0.4072696423492511,0.29171121089469415
5-12C,8.0,659.307,-0.45644448346792377,0.1719287024380255
5-12C,8.0,664.0939,-0.3652031862658557,0.29459588979683254
5-12C,8.0,665.2144,0.6160501370741482,0.35786564570668833
5-12C,8.0,668.1374,-0.5844996185786857,0.012615331250297415
5-12C,8.0,787.255,0.07546826311658686,0.7598131555320531
5-12C,8.0,790.2568,0.3310641998064862,0.5097042095006163
5-12C,8.0,835.0407,-0.7295711185856131,0.038424810201534154
5-12C,8.0,863.2971,-0.43832857344566256,0.14725267394951927
5-12C,8.0,864.1473,-0.4745741987335125,0.10528008463649291
5-12C,8.0,974.2935,-0.42476640485932593,0.20575879271818662
5-12C,8.0,976.7162,0.9436604862501662,0.11147094817260571
5-12C,9.0,57.0342,0.8987011213847894,0.37699755027792387
5-12C,9.0,58.0295,-0.7533534001332813,0.21095783761351744
5-12C,9.0,59.0135,1.7774489907254043,0.19749464433502986
5-12C,9.0,71.0137,1.7265154945629302,0.24496043904932643
5-12C,9.0,73.0293,-0.8949155018275723,0.03772498117854843
5-12C,9.0,74.0247,-1.2524772059520448,0.2212262632219913
5-12C,9.0,75.0087,-0.5891873394905058,0.3658219189032685
5-12C,9.0,87.0088,-0.6436925877671165,0.05796039360056431
5-12C,9.0,87.0451,-0.22243052438821667,0.7278122352607103
5-12C,9.0,88.0403,-0.8683759459198236,0.060596594651489026
5-12C,9.0,88.9883,-1.5416316155279035,0.3719434217181728
5-12C,9.0,89.0244,-0.0700334461951651,0.10217308027687154
5-12C,9.0,93.0338,-0.0686257348250778,0.009506319362049773
5-12C,9.0,94.9761,-0.400743490047611,0.6193057400996702
5-12C,9.0,94.9806,1.361534898593432,0.48240669573676764
5-12C,9.0,95.0139,1.3405350522218618,0.20656578352428354
5-12C,9.0,101.0242,1.0191413160804366,0.25815740936951814
5-12C,9.0,102.056,-0.5076688335627919,0.04965266469605357
5-12C,9.0,103.0402,-0.8849113524223164,0.05156773456876622
5-12C,9.0,103.0509,-0.8061333123391753,0.12106152752210694
5-12C,9.0,104.0352,-0.8081697118793657,0.10280338555689923
5-12C,9.0,105.0193,-1.521117836592135,0.08053912862514064
5-12C,9.0,107.0503,0.29484285102607904,0.3913937018481012
5-12C,9.0,109.0295,-0.8468760611846922,0.12352746205269191
5-12C,9.0,111.02,-0.5508337841689488,0.03802065245146478
5-12C,9.0,112.0516,0.8168359782579268,0.9738914228484458
5-12C,9.0,113.0244,1.3320205249067838,0.07937088646691365
5-12C,9.0,113.0357,0.10850743709525855,0.07032883843629212
5-12C,9.0,114.056,-0.04240918202869777,0.004010659160200083
5-12C,9.0,115.0037,-0.8281734674241727,0.07014033657463674
5-12C,9.0,115.0402,-0.8238734922208666,0.3402656245221719
5-12C,9.0,115.0764,0.42662417409587206,0.18842861883353793
5-12C,9.0,116.0354,-0.6918526168473946,0.29615434179398875
5-12C,9.0,116.0717,-0.7420364886237383,0.04307213609953754
5-12C,9.0,117.0194,-0.8606443799926959,0.04268412602173367
5-12C,9.0,118.0508,-1.5108368080271755,0.050554582765612394
5-12C,9.0,118.9804,1.5130876584430164,0.12033923018005475
5-12C,9.0,119.0503,1.5133134183451977,0.12908300539678252
5-12C,9.0,120.9273,-0.5647137572401186,0.06855269347909194
5-12C,9.0,121.0295,1.0342233971457757,0.43953390551234695
5-12C,9.0,121.0409,0.5638873274426028,0.24355125521446974
5-12C,9.0,122.0248,0.015556671777646372,0.1606846846408476
5-12C,9.0,124.0075,0.5309720516809924,0.32193085088593315
5-12C,9.0,124.0144,1.3496339647806246,0.377444844973604
5-12C,9.0,125.0439,0.5543314813850415,0.1735418738431042
5-12C,9.0,127.0764,1.4244585420620632,0.4649872946080093
5-12C,9.0,128.0354,4.301611317871153,0.09184688968279871
5-12C,9.0,129.0193,-0.8662199433903099,0.07503632408992081
5-12C,9.0,129.0556,1.2775980731312222,0.32079647223768265
5-12C,9.0,130.0142,-0.7504782992151948,0.021806871659260645
5-12C,9.0,130.0509,-0.9660339364062559,0.044434313222460234
5-12C,9.0,130.0874,-1.0421357566983047,0.04292640670293905
5-12C,9.0,131.0008,0.8603032518459004,1.4624541148601669
5-12C,9.0,131.0123,-0.7188470160531885,0.08480924986943894
5-12C,9.0,131.035,0.24072285045477104,0.10177649444434697
5-12C,9.0,131.0462,0.15207333259397116,0.0476120588798599
5-12C,9.0,131.0828,-0.9298648129890705,0.10483848500260105
5-12C,9.0,132.0302,-0.853313512137787,0.027679721459805795
5-12C,9.0,133.0142,-0.449561684753804,0.05600594964114941
5-12C,9.0,133.0257,-0.5197408969259945,0.11355044107280782
5-12C,9.0,133.0505,-1.1000318298580807,0.028596862171922772
5-12C,9.0,134.0472,-0.1491351291371716,0.21531208018369935
5-12C,9.0,134.0604,-0.805703627487523,0.19834431166872266
5-12C,9.0,135.0302,-0.9696986372748981,0.09632023524884414
5-12C,9.0,135.0453,1.5998926675001695,0.1545972206339917
5-12C,9.0,136.0404,-0.4696655749084824,0.0822450679890574
5-12C,9.0,136.0487,0.8982981406821717,0.016151013640179922
5-12C,9.0,136.0767,0.9833731407200323,0.6949443015722704
5-12C,9.0,137.0239,0.004578564529463721,0.3287336846540074
5-12C,9.0,138.9789,0.319592594535832,0.3239551034483529
5-12C,9.0,139.0014,-0.2903036925441748,0.04118866822264065
5-12C,9.0,139.0067,-0.5791862690055849,0.04310817979848426
5-12C,9.0,139.976,0.5886128786979863,0.5202891365852733
5-12C,9.0,143.0713,0.07910492885100828,0.7183094887334636
5-12C,9.0,143.1077,0.8615863031656673,0.48739027452601325
5-12C,9.0,145.0141,-0.3972001623278726,0.14131066208988968
5-12C,9.0,145.0506,-0.8232694948742296,0.13427013328858253
5-12C,9.0,145.0623,-0.8401677948021479,0.2652782652748765
5-12C,9.0,145.0982,-0.9352496170773477,0.11220443661273487
5-12C,9.0,145.1106,-0.04454079087983202,0.9555638936697766
5-12C,9.0,146.0459,-0.4853519415788502,0.008037773504726512
5-12C,9.0,147.0298,-0.7510684934303374,0.09782188148982014
5-12C,9.0,147.0662,-1.0425630703996833,0.027592677490452952
5-12C,9.0,149.0092,1.6780232853948283,0.23919959961333798
5-12C,9.0,149.0456,0.7800011873861025,0.3686588792043656
5-12C,9.0,149.0608,1.6791972183892643,0.17149360413960055
5-12C,9.0,150.0422,0.09380327257728045,0.27884606278797536
5-12C,9.0,150.9707,0.18315848689528497,0.8151709778251325
5-12C,9.0,151.0259,-0.5222557529115185,0.10448762765315334
5-12C,9.0,151.04,0.8841218089704366,0.5232716789739583
5-12C,9.0,151.06,-0.8562056893026526,0.624783681214223
5-12C,9.0,152.0353,0.8420720750712785,0.5269742421603365
5-12C,9.0,152.0716,0.06053677422269767,0.2906569423425497
5-12C,9.0,153.0192,0.23638031882697658,0.05445803235688417
5-12C,9.0,154.062,-0.6094653025317991,0.06553470479428539
5-12C,9.0,154.9751,-0.9037161536837863,0.04824176137968586
5-12C,9.0,155.0099,-0.49509588044144576,0.04987302439323266
5-12C,9.0,157.0128,-0.7510713500665042,0.08089122318312747
5-12C,9.0,157.0255,-0.23479450135824562,0.08701881114031775
5-12C,9.0,157.0379,-0.29854023111049616,0.06992818774701674
5-12C,9.0,157.0504,-1.014959812219433,0.054415646889393855
5-12C,9.0,159.0297,-0.5897272901396019,0.17600782208835813
5-12C,9.0,159.0775,-0.8772845543563662,0.07877575832513758
5-12C,9.0,160.0616,-1.588143924424972,0.4655937138773034
5-12C,9.0,161.0453,-0.09333504442662093,0.1492577771676646
5-12C,9.0,162.0424,-1.2621253315186922,0.10500323910841951
5-12C,9.0,163.0351,-0.611819764241865,0.1644957962950872
5-12C,9.0,163.0398,0.6963332082520539,0.10227644574584457
5-12C,9.0,163.0611,0.3836267471796473,0.5804166993764629
5-12C,9.0,164.0716,-0.5348660884026406,0.03870374496823832
5-12C,9.0,165.03,1.0929846949249382,1.0063819257113436
5-12C,9.0,165.0405,0.7530887073045385,0.7467244617563311
5-12C,9.0,165.0556,-0.5706848596745328,0.06005987267454004
5-12C,9.0,166.0508,-0.7333121166042498,0.5156631723789524
5-12C,9.0,166.0632,-0.5883969762281176,0.8761947044128251
5-12C,9.0,166.9759,-0.7370707239409916,0.381957161954172
5-12C,9.0,167.0207,-0.26461642186841283,0.06471896975407188
5-12C,9.0,167.0358,1.3047246488370416,0.8700234122957764
5-12C,9.0,167.0828,0.8651668179742109,1.4584576874033155
5-12C,9.0,168.0277,-0.4537855379217152,0.03226680984750763
5-12C,9.0,168.0664,0.5302509298606246,0.7517032758023916
5-12C,9.0,170.0455,-0.7542870092374461,0.07875825244317877
5-12C,9.0,171.0065,-0.669594471854236,0.1745382250824435
5-12C,9.0,171.0092,-0.27160070329400143,0.18878849789295377
5-12C,9.0,171.0284,-0.7987402432025259,0.05299672001950043
5-12C,9.0,172.0616,-0.18959458864211853,0.12448079099445736
5-12C,9.0,172.962,-0.5845130387844172,0.051274042355444416
5-12C,9.0,173.0089,-0.8211274000858236,0.10746768586775121
5-12C,9.0,173.0453,-1.0098396214186183,0.11058496567642372
5-12C,9.0,173.0932,-0.8353480295807636,0.09596696799010702
5-12C,9.0,173.1041,-1.1694586619591902,0.031020412601511987
5-12C,9.0,174.0407,-0.9223624049622894,0.027330639333373548
5-12C,9.0,174.088,-0.888981182135302,0.12485858949300915
5-12C,9.0,175.022,-0.7495648163795293,0.2347215576632191
5-12C,9.0,175.0361,-0.8481193256019848,0.047463583169638966
5-12C,9.0,175.0611,-1.0945357506400404,0.05331305118687771
5-12C,9.0,176.0776,-0.9861945466497555,0.34646009650165505
5-12C,9.0,177.0402,-1.1381191360789698,0.3331962370554679
5-12C,9.0,177.0553,1.3591903687019982,0.7755089185580855
5-12C,9.0,178.0509,-0.8493029709298652,0.035105120270716786
5-12C,9.0,179.0348,1.1554296254037357,0.5898321997732437
5-12C,9.0,179.0561,1.4156738268356421,0.13319368666568257
5-12C,9.0,180.0663,1.4971332953821344,0.14220776863365692
5-12C,9.0,181.0505,-1.3251377040648171,0.10216771832530466
5-12C,9.0,182.9725,1.5109084777076487,0.08752821295278172
5-12C,9.0,183.0661,0.16009765787452113,0.536012535218142
5-12C,9.0,184.0017,-0.5013618354240882,0.045851514608664226
5-12C,9.0,184.9856,-0.6395869434769603,0.10507750971030241
5-12C,9.0,186.1136,0.6995026319495607,0.5031312085697078
5-12C,9.0,187.0234,-0.2934494641346124,0.3159635335392113
5-12C,9.0,188.035,-0.9506941462413884,1.2674986970502229
5-12C,9.0,188.0565,-0.956593991901342,0.03786060913041538
5-12C,9.0,189.0405,-0.9060437289637219,0.14170664280730152
5-12C,9.0,191.0197,-0.21088078146650546,0.26840363004158924
5-12C,9.0,191.0561,-0.9544267473061312,0.07018020436277578
5-12C,9.0,192.0663,-0.46679275187265,0.7028523356741047
5-12C,9.0,193.0349,0.5413526458154485,0.3634076960613446
5-12C,9.0,194.0682,-0.8202379205720252,0.1676276040620367
5-12C,9.0,194.0822,1.3064990566866803,0.31191004534502553
5-12C,9.0,195.0509,-0.09964573684685119,0.27553476609850375
5-12C,9.0,195.0657,-0.8481113489427909,1.4260226278458756
5-12C,9.0,196.0603,-0.9667624495103719,0.09525249614318206
5-12C,9.0,198.0182,-0.803032146582253,0.4517413214336266
5-12C,9.0,199.0019,-0.3122601905592163,0.4704816513620079
5-12C,9.0,200.9937,0.9806947959111776,0.3048874461926626
5-12C,9.0,201.0051,0.37002009043070183,1.0736722610528318
5-12C,9.0,203.0348,0.11985429317471591,0.25484953398500776
5-12C,9.0,203.0826,-0.08254162628996992,0.008582721100039062
5-12C,9.0,204.0498,0.14642616871124628,0.5921318092544469
5-12C,9.0,205.0351,-0.640394589392562,0.270348455569652
5-12C,9.0,206.0822,-0.49998355029776825,0.8712226773953764
5-12C,9.0,209.0292,-0.018059219312717943,0.3058478545742898
5-12C,9.0,209.0814,0.4303916873826811,0.3606167955819872
5-12C,9.0,211.0235,-0.6090080149002277,0.4233712478590981
5-12C,9.0,211.9968,-0.9278577374415411,0.06468608625047359
5-12C,9.0,212.0331,-0.5014835927676782,0.3626755960226213
5-12C,9.0,212.9807,-0.5176182068907591,0.20890489911212182
5-12C,9.0,213.014,-1.1617337877792282,0.302166930943051
5-12C,9.0,213.0384,-0.7161831428561101,0.25610127178533626
5-12C,9.0,213.1252,0.9933510126720755,0.21086268907855035
5-12C,9.0,214.0488,0.4869207776292515,0.4752052809394672
5-12C,9.0,215.0331,1.7568836910287358,0.09515755307255397
5-12C,9.0,216.1351,0.3382911305721484,0.3061892670986773
5-12C,9.0,218.0335,1.484588117068283,0.09712731821589526
5-12C,9.0,218.1034,-0.8954335198487539,0.05185725806672527
5-12C,9.0,220.0828,1.1403351454512,0.8561928111006826
5-12C,9.0,221.0443,1.7722984984539112,0.08211306619990344
5-12C,9.0,221.0664,2.8830740301946394,0.30102060940484676
5-12C,9.0,225.0399,-0.16373104750645634,0.7800251702244508
5-12C,9.0,225.0861,1.7945618274653365,0.8700852359512085
5-12C,9.0,225.0901,1.1306558899929526,0.3660740613313544
5-12C,9.0,226.0135,1.1858287544402317,0.37494827591696844
5-12C,9.0,226.0697,0.37596339331516543,0.23821765421064653
5-12C,9.0,228.0501,-0.7922383602665222,0.14612415859360306
5-12C,9.0,229.0122,-0.7049327336120264,0.1737999050088488
5-12C,9.0,237.0614,-1.0706535537668747,0.14478997083264508
5-12C,9.0,238.0945,-0.5140148629718784,0.30701206568166545
5-12C,9.0,240.0515,-0.958130005650037,0.06368606542391818
5-12C,9.0,241.0844,-0.03456859590776856,0.6579411685542663
5-12C,9.0,242.0804,-1.0648128335763603,0.25887441908984654
5-12C,9.0,243.029,-0.07850405717862162,0.1045951490690367
5-12C,9.0,243.0625,-0.9329578395536944,0.5817703939883773
5-12C,9.0,245.0444,-0.8335401312957245,0.15061159758961834
5-12C,9.0,246.0198,-0.16455780011243423,0.6315395585916399
5-12C,9.0,246.064,1.5583625272939696,0.7796751727460698
5-12C,9.0,251.0816,-0.5836626457449272,0.6876996903247574
5-12C,9.0,253.0119,-0.3403574335521392,0.011088584516031504
5-12C,9.0,253.0499,0.5999433736435649,0.7033055735942334
5-12C,9.0,257.0072,-0.09494493738209865,0.16719124809087713
5-12C,9.0,257.1028,0.10976842101092979,0.5458836148355266
5-12C,9.0,259.005,-0.14631492999935425,0.25285577243442536
5-12C,9.0,259.0227,0.563811902985931,0.10561032364239456
5-12C,9.0,261.0385,0.2787900084361217,0.3835702340596131
5-12C,9.0,266.0703,-0.7769286998668341,0.11930780071039424
5-12C,9.0,267.0724,-0.46884985485843744,0.2188727117032329
5-12C,9.0,268.02,-1.1835741125573538,0.7098396264668262
5-12C,9.0,269.0398,-0.6122672378934451,0.21783407066631033
5-12C,9.0,271.0612,-0.004823062471740386,0.40025802638279884
5-12C,9.0,271.0815,0.15229285511845272,0.5503617775682895
5-12C,9.0,273.0021,-0.7846452520132373,0.17924731964059146
5-12C,9.0,274.0933,-0.9243234341391261,0.12534252459306916
5-12C,9.0,275.0184,-0.1453730595396123,0.41104454888190795
5-12C,9.0,275.0991,-0.730366116278065,0.1350153470293028
5-12C,9.0,277.1207,0.6864942867200504,0.15635241377856482
5-12C,9.0,277.2169,1.1339543555625435,0.40049644972013704
5-12C,9.0,279.2331,-0.23469597341558254,0.03969800414759997
5-12C,9.0,282.0839,-0.5056208498672761,0.33073311477096223
5-12C,9.0,283.2063,0.016190599364570485,0.18313482838122697
5-12C,9.0,285.0972,-0.057325351064736435,0.9196674806230695
5-12C,9.0,287.0157,2.1352415496917807,0.3177729201756454
5-12C,9.0,288.0725,-0.6478464973651255,0.06996015480441403
5-12C,9.0,289.0333,0.11656535956250676,0.49712650115093143
5-12C,9.0,289.1044,-0.9147475693191154,0.32434977509346397
5-12C,9.0,290.9677,-0.3940153529093798,0.05047755800819371
5-12C,9.0,294.0479,1.1243404904547736,0.3484673630198387
5-12C,9.0,300.0509,0.022441486634720995,0.6095451150137015
5-12C,9.0,301.0333,0.7840969398679087,0.4662873536272169
5-12C,9.0,303.2326,1.3852759174457565,1.6642969427533976
5-12C,9.0,305.0207,1.7469225941975772,0.23032045951574914
5-12C,9.0,306.0481,-1.0299742633610416,0.1137229147340712
5-12C,9.0,306.0765,-0.21638603512211446,0.02679781870923014
5-12C,9.0,308.0986,6.0145714858375765,0.2684960876486868
5-12C,9.0,313.0441,-0.5755014844311325,0.25313988567787815
5-12C,9.0,313.1037,-0.17043892128146054,0.6640234430300229
5-12C,9.0,317.026,0.26147654623135835,0.46533428397872195
5-12C,9.0,323.0256,-0.5596453020620302,0.18029314990123813
5-12C,9.0,325.1163,-0.2740851955267908,0.13774251919340078
5-12C,9.0,328.0457,-0.5574319811966427,0.20014911778850356
5-12C,9.0,333.0589,-1.1667694639139743,0.3222385407480721
5-12C,9.0,338.9884,-0.3457568212531372,0.12362010979884458
5-12C,9.0,339.0928,-0.6531827171394576,1.125205910358478
5-12C,9.0,341.1089,1.0314539023146732,0.2669520116404565
5-12C,9.0,344.0393,-0.27063708469483316,0.3172900344278596
5-12C,9.0,346.0556,-0.5075398086008881,0.10838505263712257
5-12C,9.0,348.087,-0.943439029235166,0.299142176675922
5-12C,9.0,353.0489,-0.25764638654529814,0.4476860747031203
5-12C,9.0,357.089,-0.4680173791782876,0.14185743180183108
5-12C,9.0,375.131,-0.8791555120804825,0.3834901769208001
5-12C,9.0,377.1496,-0.0260801292199248,0.05152198700869877
5-12C,9.0,383.1188,2.3511544348303497,0.7951812960269095
5-12C,9.0,388.9416,0.17861349503766902,0.308434894048912
5-12C,9.0,388.9442,-0.08557759837668338,0.47333390605714454
5-12C,9.0,401.0756,1.8281054051135501,0.10425576538052587
5-12C,9.0,407.2795,-0.030441158626701215,0.5015147586192545
5-12C,9.0,421.0743,-0.1168465935582515,0.432795675929431
5-12C,9.0,426.0222,-0.25942493972177644,0.7664217720924247
5-12C,9.0,442.9997,0.19857372762301573,0.03506141735902775
5-12C,9.0,466.9657,1.4961488538718122,0.295345111068717
5-12C,9.0,490.9787,-0.44004300710665617,0.7271915132385336
5-12C,9.0,503.1614,2.4951694948930876,0.4062401243441915
5-12C,9.0,547.0731,-1.0833688310055953,0.17469925094402405
5-12C,9.0,565.0471,-0.5631955473470629,0.26025769107879587
5-12C,9.0,578.8872,1.7101591546183759,0.1456530916916467
5-12C,9.0,579.0269,1.7173976046655128,0.2658622837339659
5-12C,9.0,612.2549,-0.3062492925276868,0.5530244535117499
5-12C,9.0,624.2949,-0.19700204569643265,0.8076139413344422
5-12C,9.0,659.307,0.1383811100379243,0.18619096411621397
5-12C,9.0,664.0939,-0.5088446531299655,0.15886020187280311
5-12C,9.0,665.2144,0.41051749587058667,0.26254688975131374
5-12C,9.0,668.1374,-0.587644589439085,0.01855979827706586
5-12C,9.0,787.255,0.5994622547685025,0.718363120856501
5-12C,9.0,790.2568,0.26260456797463405,0.1271468596046327
5-12C,9.0,835.0407,-0.329141380635115,0.27250707260776685
5-12C,9.0,863.2971,-0.6104294969069513,0.05634538662988725
5-12C,9.0,864.1473,-0.034445857744979755,0.7526470032886079
5-12C,9.0,974.2935,-0.02998236533955985,0.4556447404850139
5-12C,9.0,976.7162,1.1510142766959406,0.20854191952837536
5-12C,10.0,57.0342,0.06382611303515291,0.05994280226140835
5-12C,10.0,58.0295,-0.3268137642419252,0.18963187552028377
5-12C,10.0,59.0135,0.5499020016570877,0.12859567261496527
5-12C,10.0,71.0137,0.5311757201464504,0.030525789245326777
5-12C,10.0,73.0293,-0.67468293038077,0.012161049153582695
5-12C,10.0,74.0247,-0.28038773648610416,0.08437045449999851
5-12C,10.0,75.0087,0.34519720035862866,0.3299498101396911
5-12C,10.0,87.0088,-0.588175040835649,0.008307049844081621
5-12C,10.0,87.0451,-0.4661022326127561,0.4816531756297933
5-12C,10.0,88.0403,-0.4209684642691105,0.022061051363136953
5-12C,10.0,88.9883,-0.9061109345908748,0.3787235957989431
5-12C,10.0,89.0244,-0.7748002975788676,0.05898894930520046
5-12C,10.0,93.0338,-0.03550930819154689,0.003477383704701784
5-12C,10.0,94.9761,-1.3826125111533285,0.08945922636398941
5-12C,10.0,94.9806,1.501328064712642,0.0009892049285835035
5-12C,10.0,95.0139,0.4746907496395243,0.07259502868708481
5-12C,10.0,101.0242,0.22775822752943287,0.15354734850600282
5-12C,10.0,102.056,-0.15923385216320257,0.02644400592712195
5-12C,10.0,103.0402,-0.5633130756159007,0.07126418520377632
5-12C,10.0,103.0509,-0.6880191934781394,0.01770896213649829
5-12C,10.0,104.0352,0.16993376848011976,0.344052584817043
5-12C,10.0,105.0193,-1.0398577577541888,0.004847994281513431
5-12C,10.0,107.0503,0.945575944048411,0.03708733331856571
5-12C,10.0,109.0295,-0.0471057504343971,0.04343928698254815
5-12C,10.0,111.02,0.3233141320327664,0.007641602319706891
5-12C,10.0,112.0516,1.0258027866431476,0.7636242029745914
5-12C,10.0,113.0244,0.45770159559493634,0.07097408724731685
5-12C,10.0,113.0357,2.305998121685059,0.023659210429049355
5-12C,10.0,114.056,-0.17518035514019753,0.004802190299734059
5-12C,10.0,115.0037,-0.2487561603155748,0.09338834658285176
5-12C,10.0,115.0402,-0.4816937195171135,0.31964212140476156
5-12C,10.0,115.0764,0.3457116447692806,0.037643120890760814
5-12C,10.0,116.0354,0.325615639659215,0.5138990741556266
5-12C,10.0,116.0717,-0.5441946815782435,0.03838844522617144
5-12C,10.0,117.0194,-0.6530032974272293,0.02054871736757858
5-12C,10.0,118.0508,-0.22904804233993548,0.19437247815344091
5-12C,10.0,118.9804,0.7651542103104317,0.08037708632928312
5-12C,10.0,119.0503,1.5648676307682516,0.460978437117456
5-12C,10.0,120.9273,-0.6216113197152935,0.0012792576235034119
5-12C,10.0,121.0295,0.3018251948629868,0.10327858915682984
5-12C,10.0,121.0409,-0.23357286991660386,0.27123112711835384
5-12C,10.0,122.0248,-1.0159686875227985,0.19430091910306277
5-12C,10.0,124.0075,-0.44611613598937,0.06717942939229045
5-12C,10.0,124.0144,0.23122063050503736,0.2558916812522847
5-12C,10.0,125.0439,-1.0209520056848473,0.10856638162479937
5-12C,10.0,127.0764,1.051017315075168,0.8860129918058073
5-12C,10.0,128.0354,6.291087906369057,0.1510017455051477
5-12C,10.0,129.0193,0.022043849718395663,0.07181664464680955
5-12C,10.0,129.0556,0.9049332293062794,1.0174340942358004
5-12C,10.0,130.0142,-0.44362480419910066,0.2135340889478365
5-12C,10.0,130.0509,-0.12545358118416658,0.08595659866964563
5-12C,10.0,130.0874,-0.4983246297017311,0.10619136262067311
5-12C,10.0,131.0008,-0.7441838055073331,0.24184501859011284
5-12C,10.0,131.0123,-0.5139457629330995,0.005058256301472939
5-12C,10.0,131.035,-0.7900504459063391,0.06165834675837436
5-12C,10.0,131.0462,-0.790118402399257,0.29088028175992997
5-12C,10.0,131.0828,-0.49061070958927183,0.05750972452936357
5-12C,10.0,132.0302,0.2767457946413525,0.008752616009416597
5-12C,10.0,133.0142,-0.16658209073248242,0.1264995522076661
5-12C,10.0,133.0257,-0.10134195333412141,0.008802862607849073
5-12C,10.0,133.0505,-0.11084526972606917,0.03513113561831255
5-12C,10.0,134.0472,0.940808993264318,0.42155072951430467
5-12C,10.0,134.0604,0.12477719533524635,0.025427992254377533
5-12C,10.0,135.0302,-0.593368281507916,0.12151115976141554
5-12C,10.0,135.0453,2.0215391231470625,0.22717397549252505
5-12C,10.0,136.0404,-0.3654857141551686,0.0785630223247174
5-12C,10.0,136.0487,1.4714674705621373,0.6971971373706456
5-12C,10.0,136.0767,0.880064556758224,0.03755882938625005
5-12C,10.0,137.0239,-0.1561617359542551,0.018160683149234316
5-12C,10.0,138.9789,0.17362858833270772,0.11499760770835223
5-12C,10.0,139.0014,-0.10128025634795154,0.011914081249957425
5-12C,10.0,139.0067,-0.6047382049401657,0.03704006055097752
5-12C,10.0,139.976,-0.05234316130096636,0.4144994959244858
5-12C,10.0,143.0713,0.36555063429771434,0.4528232920663554
5-12C,10.0,143.1077,0.24386348309182318,0.7747289178624094
5-12C,10.0,145.0141,-0.38528027352190597,0.01941139998885856
5-12C,10.0,145.0506,-0.22791409583870093,0.033590425355931035
5-12C,10.0,145.0623,0.023726018756088957,0.19720733594025275
5-12C,10.0,145.0982,-0.6149702720535206,0.041072374586139646
5-12C,10.0,145.1106,0.6622154952983882,1.2032867604417887
5-12C,10.0,146.0459,-0.16761750823566368,0.007425603390602878
5-12C,10.0,147.0298,-0.40749445125639927,0.0842429168787907
5-12C,10.0,147.0662,0.3214006782661274,0.047300345532517316
5-12C,10.0,149.0092,0.5133679881045432,0.3499433711180318
5-12C,10.0,149.0456,0.4858763345080962,0.05948723077003239
5-12C,10.0,149.0608,0.9572813188654807,0.05462265327176198
5-12C,10.0,150.0422,-0.17964980560871535,0.23278354576975677
5-12C,10.0,150.9707,0.022903120691230516,0.6495321322414199
5-12C,10.0,151.0259,-0.3838528859317868,0.0003958164035471324
5-12C,10.0,151.04,0.015344236390047353,0.17681221530139235
5-12C,10.0,151.06,-0.6025907078334963,0.7554874232990114
5-12C,10.0,152.0353,0.05939997985116196,0.16316163001824877
5-12C,10.0,152.0716,-0.43547794363366943,0.35073537056456927
5-12C,10.0,153.0192,0.2669515867473157,0.05963085262945146
5-12C,10.0,154.062,-0.44125995128219797,0.06656439027814197
5-12C,10.0,154.9751,-0.5861393222185083,0.018073958214816978
5-12C,10.0,155.0099,0.3907717398776154,0.002282810231068535
5-12C,10.0,157.0128,-0.41892451929878033,0.007503311717414414
5-12C,10.0,157.0255,2.032864830635983,0.09320326860131961
5-12C,10.0,157.0379,1.8566866991111668,0.02880697291878402
5-12C,10.0,157.0504,-0.3259363641469559,0.01462134164633939
5-12C,10.0,159.0297,-1.1454165854383986,0.15129924950459078
5-12C,10.0,159.0775,0.04681511451664002,0.057680844989576346
5-12C,10.0,160.0616,-0.49922913416164016,0.042463298637733654
5-12C,10.0,161.0453,-1.334574308206433,0.09291130800740091
5-12C,10.0,162.0424,-0.7421428177448423,0.21246093414429468
5-12C,10.0,163.0351,-0.11667177176752094,0.045241310656352784
5-12C,10.0,163.0398,1.3852792714338262,0.014386736788720128
5-12C,10.0,163.0611,0.043082243473269645,0.10702281238514978
5-12C,10.0,164.0716,-0.36260079744991447,0.0315459949773532
5-12C,10.0,165.03,-0.0031646588858005864,0.5789036837836475
5-12C,10.0,165.0405,0.18205209897848051,0.6008079889114719
5-12C,10.0,165.0556,-0.506914191117586,0.1538608756716471
5-12C,10.0,166.0508,-0.23955059138590812,0.07408506653491449
5-12C,10.0,166.0632,-0.7817696463422285,0.6715751780113234
5-12C,10.0,166.9759,-0.24247062050233545,0.19899294205137097
5-12C,10.0,167.0207,-0.1905769738505256,0.35000571328550995
5-12C,10.0,167.0358,0.26197110909438087,0.39822004157898266
5-12C,10.0,167.0828,-0.9757591685422109,0.576000799026488
5-12C,10.0,168.0277,-0.21509483895440834,0.011601273098057923
5-12C,10.0,168.0664,-0.8363570252278363,0.3429710855795202
5-12C,10.0,170.0455,-0.4363976683024366,0.01604897192955336
5-12C,10.0,171.0065,-0.38783971284955254,0.28575832002838947
5-12C,10.0,171.0092,-0.21371480193132852,0.24524220309974268
5-12C,10.0,171.0284,-0.5699278050579596,0.03252950838001285
5-12C,10.0,172.0616,1.1894123594356,0.06276258829669064
5-12C,10.0,172.962,-0.4210935841765734,0.01778374601566842
5-12C,10.0,173.0089,0.15206129281686567,0.019519786383926204
5-12C,10.0,173.0453,-0.5981671654641574,0.38443749777639413
5-12C,10.0,173.0932,-0.30047441882343473,0.02201885502333419
5-12C,10.0,173.1041,0.8696162564450713,0.06138690736053322
5-12C,10.0,174.0407,-0.11662897426075147,0.018045516832810977
5-12C,10.0,174.088,-0.5306277798467036,0.07935474246305839
5-12C,10.0,175.022,-0.4154927836709994,0.009290587094591582
5-12C,10.0,175.0361,0.2770275520363427,0.024574526238557246
5-12C,10.0,175.0611,-0.5299345785733801,0.020486378927821302
5-12C,10.0,176.0776,-0.571560896540362,0.17904749050411134
5-12C,10.0,177.0402,-1.825185128549021,0.05269574052467666
5-12C,10.0,177.0553,0.24745833542979515,0.9443026242911904
5-12C,10.0,178.0509,-0.22318403657406932,0.01281931923718135
5-12C,10.0,179.0348,2.7077960933694936,0.14249273895201306
5-12C,10.0,179.0561,0.22993523631826407,0.07075294258557566
5-12C,10.0,180.0663,0.2964050527904131,0.028165124949913353
5-12C,10.0,181.0505,-1.0245914232388071,0.10528898651738312
5-12C,10.0,182.9725,0.6368066668398433,0.1367930532726461
5-12C,10.0,183.0661,-0.310878225670364,1.1230617984086864
5-12C,10.0,184.0017,0.01270524401264388,0.058560336702531066
5-12C,10.0,184.9856,-0.6053127413721862,0.06087655866252792
5-12C,10.0,186.1136,0.9933501422448705,0.03509554301436569
5-12C,10.0,187.0234,-1.0157255782518435,0.2267261547688339
5-12C,10.0,188.035,-0.36724744545887744,0.2567034515635221
5-12C,10.0,188.0565,-0.07090260405721789,0.051355667090944836
5-12C,10.0,189.0405,-0.2745820920143786,0.1114175676671039
5-12C,10.0,191.0197,0.9666815123372078,0.5628213672788875
5-12C,10.0,191.0561,-0.44999504630142967,0.1655131976615531
5-12C,10.0,192.0663,-1.745399866634255,0.03973424552720049
5-12C,10.0,193.0349,0.030896191716415104,0.039183286994225575
5-12C,10.0,194.0682,-0.02200750434230221,0.34586055519679254
5-12C,10.0,194.0822,-0.8015139085925331,1.3503755490215439
5-12C,10.0,195.0509,0.04986735225539787,0.15118678301486801
5-12C,10.0,195.0657,-0.759485155488912,0.05049264980491641
5-12C,10.0,196.0603,0.15254643837409204,0.01431144057964802
5-12C,10.0,198.0182,-0.34985411967871044,0.014294955653898973
5-12C,10.0,199.0019,-0.6630702170241559,0.3447565809634197
5-12C,10.0,200.9937,0.07097433172036792,0.26542797106008525
5-12C,10.0,201.0051,0.1615122716381999,0.5827726423534328
5-12C,10.0,203.0348,-0.8214739160183189,0.11579972404385333
5-12C,10.0,203.0826,-0.09604352354644596,0.007680495908866519
5-12C,10.0,204.0498,0.7619719656790156,0.814935687811237
5-12C,10.0,205.0351,-0.4928617987450728,0.4739334087285568
5-12C,10.0,206.0822,-1.1607554923264365,1.0478121456678355
5-12C,10.0,209.0292,-0.36025556788653496,0.3197105179549691
5-12C,10.0,209.0814,-0.5454883556839208,0.7051620105896497
5-12C,10.0,211.0235,-0.8975860033223589,0.182736226132354
5-12C,10.0,211.9968,-0.08491860135061334,0.10015242344640204
5-12C,10.0,212.0331,-0.4937225986687164,0.03878081766328086
5-12C,10.0,212.9807,-0.4861978798840888,0.19065558895473417
5-12C,10.0,213.014,-1.1999655400293512,0.06576523665379433
5-12C,10.0,213.0384,-0.8782216496439874,0.03439427753321224
5-12C,10.0,213.1252,-0.6978309123856228,0.4957923990607508
5-12C,10.0,214.0488,-1.5160161423989111,0.7847681734816014
5-12C,10.0,215.0331,0.5786684956881465,0.09166674925502212
5-12C,10.0,216.1351,0.5654071795939001,0.051263470951672954
5-12C,10.0,218.0335,0.46148464843650994,0.04755837207182278
5-12C,10.0,218.1034,0.7854223941350835,0.13712577587776695
5-12C,10.0,220.0828,-0.07353950482237132,0.9558775190733105
5-12C,10.0,221.0443,0.6443485526592088,0.10239316739118651
5-12C,10.0,221.0664,0.7320212084687783,0.1673223559738186
5-12C,10.0,225.0399,-0.045563400036061796,0.033989347054851814
5-12C,10.0,225.0861,0.7043112724022245,0.3238106990549161
5-12C,10.0,225.0901,-0.2040257390807926,0.07973616103771794
5-12C,10.0,226.0135,1.8479594012046578,0.13149092909865517
5-12C,10.0,226.0697,-0.1904554641683858,0.2853885493278226
5-12C,10.0,228.0501,-0.6379849317212205,0.14945410128213482
5-12C,10.0,229.0122,-0.2849989332434809,0.24196620082996895
5-12C,10.0,237.0614,0.25287515383738013,0.40699482639744256
5-12C,10.0,238.0945,-0.49440285444325704,0.2767393385000536
5-12C,10.0,240.0515,0.6257562834002297,0.010641597907882374
5-12C,10.0,241.0844,0.2420257257917325,0.3932721388180926
5-12C,10.0,242.0804,0.04734095363616097,0.07052636761404946
5-12C,10.0,243.029,-0.35126271031446776,0.23350262768329455
5-12C,10.0,243.0625,0.4939440808819948,0.33105547470249713
5-12C,10.0,245.0444,-0.7696349460672438,0.062424369453170134
5-12C,10.0,246.0198,0.05097742996031693,0.26287853394779065
5-12C,10.0,246.064,0.782786071432578,0.7819181088078486
5-12C,10.0,251.0816,-0.9739305458723351,0.33131854054631527
5-12C,10.0,253.0119,-0.27284099484804764,0.0055183669822601485
5-12C,10.0,253.0499,0.3015692624018559,0.7992179366013671
5-12C,10.0,257.0072,-0.07484141798058766,0.7211913236488384
5-12C,10.0,257.1028,-0.5210122782291329,0.2498227843480151
5-12C,10.0,259.005,-0.5851946648310448,0.13792659405548546
5-12C,10.0,259.0227,-0.29388996202488626,0.0717276037645849
5-12C,10.0,261.0385,-0.23149486586736018,0.15656304823823586
5-12C,10.0,266.0703,-0.40379116250637714,0.2280293183713923
5-12C,10.0,267.0724,-0.23391594769772975,0.03781015916487845
5-12C,10.0,268.02,-0.3857748268705128,0.2256517139739796
5-12C,10.0,269.0398,-0.7085081916852165,0.2543980905845016
5-12C,10.0,271.0612,0.5034361505410017,0.06664809707423944
5-12C,10.0,271.0815,-0.31028114903901544,0.711240723264708
5-12C,10.0,273.0021,-0.603703482010516,0.1370696087742043
5-12C,10.0,274.0933,0.57704811934026,0.17107735109960065
5-12C,10.0,275.0184,-1.1068287287603726,0.5593529226304375
5-12C,10.0,275.0991,0.3585104589355191,0.3860044361064143
5-12C,10.0,277.1207,-0.08546458984395783,0.10140012325418238
5-12C,10.0,277.2169,-0.006057618153602881,0.07086993327824358
5-12C,10.0,279.2331,-0.30037099439475223,0.03580583746331736
5-12C,10.0,282.0839,-0.969422392836591,0.09047095618162385
5-12C,10.0,283.2063,0.08165475512622145,0.020258747327649727
5-12C,10.0,285.0972,-0.13575032441304952,0.7188962568067832
5-12C,10.0,287.0157,0.22082323144280708,0.12098677437825509
5-12C,10.0,288.0725,0.01658426272371895,0.23054999144889785
5-12C,10.0,289.0333,0.2883477655966726,0.3249410618557802
5-12C,10.0,289.1044,-0.34019884794001004,0.21497999387474068
5-12C,10.0,290.9677,-0.2087187620613486,0.018613910008526278
5-12C,10.0,294.0479,-0.44727383900359186,0.5263694337493083
5-12C,10.0,300.0509,-0.650753700747656,0.6972125981353223
5-12C,10.0,301.0333,0.8374311362042987,0.975508873110352
5-12C,10.0,303.2326,-0.3302606669345497,0.327118402052459
5-12C,10.0,305.0207,0.4941885497550315,0.08664477342651336
5-12C,10.0,306.0481,0.788042801902838,0.3418510194953155
5-12C,10.0,306.0765,0.36469033292498654,0.015711017092526258
5-12C,10.0,308.0986,6.493006740775738,0.3066840766942903
5-12C,10.0,313.0441,0.4402029543208522,0.33702645481154936
5-12C,10.0,313.1037,-0.5546884061374922,0.44952309730516987
5-12C,10.0,317.026,0.3632073695105936,0.09591273999525
5-12C,10.0,323.0256,-0.30951190403561685,0.11438761419292692
5-12C,10.0,325.1163,-0.20126093891177124,0.16399530473678217
5-12C,10.0,328.0457,0.6936607708714816,0.19715274976486352
5-12C,10.0,333.0589,-0.5426356456819666,0.35258369847954657
5-12C,10.0,338.9884,-0.6285539002860017,0.1102118607994698
5-12C,10.0,339.0928,0.31457671121783676,0.5659422481910537
5-12C,10.0,341.1089,0.5313572764122694,0.0859809321449237
5-12C,10.0,344.0393,-0.06902385714292812,0.31231583821417513
5-12C,10.0,346.0556,-0.6100925109657664,0.010791028462977843
5-12C,10.0,348.087,0.5861166254532523,0.16977799836524401
5-12C,10.0,353.0489,0.3669456781032173,0.9277363602599146
5-12C,10.0,357.089,-0.18475921823139788,0.3045789506073027
5-12C,10.0,375.131,-0.39162199088579364,0.5568367521131447
5-12C,10.0,377.1496,0.30015819974936153,0.806949867286918
5-12C,10.0,383.1188,0.6651491910204153,0.13752463046817168
5-12C,10.0,388.9416,-0.46469928045151676,0.0
5-12C,10.0,388.9442,-0.9706923915671408,0.24274916467201563
5-12C,10.0,401.0756,0.6167659704940589,0.07460640422413643
5-12C,10.0,407.2795,0.15565235391717405,0.2921601068983146
5-12C,10.0,421.0743,-0.203743404288935,1.0031617048368227
5-12C,10.0,426.0222,-0.3556032391148548,1.2209114068736224
5-12C,10.0,442.9997,-0.19213279148663964,0.06977775537149979
5-12C,10.0,466.9657,0.4161191635738509,0.3724443367869748
5-12C,10.0,490.9787,1.6825927096355966,1.6745316641074948
5-12C,10.0,503.1614,0.17616294505050106,0.4689510806885554
5-12C,10.0,547.0731,0.03481138834560469,0.16447181476394862
5-12C,10.0,565.0471,0.21338831681576798,0.5130686732115873
5-12C,10.0,578.8872,0.6429697053906074,0.1621666345701884
5-12C,10.0,579.0269,0.43679136742066005,0.15764476100464325
5-12C,10.0,612.2549,-0.7978766686835286,0.29562495717833465
5-12C,10.0,624.2949,-0.15571640241380835,0.4065838632979467
5-12C,10.0,659.307,-0.49585790817090075,0.21142379217232038
5-12C,10.0,664.0939,-0.46565176449250595,0.0994390191544565
5-12C,10.0,665.2144,-0.09864291074732716,0.39471263999662015
5-12C,10.0,668.1374,-0.557565093057313,0.003275330435670105
5-12C,10.0,787.255,-0.7811806253835615,0.05394200952907558
5-12C,10.0,790.2568,0.17929048772643663,0.03379445257577305
5-12C,10.0,835.0407,-0.7605826607910184,0.13695677117024949
5-12C,10.0,863.2971,-0.8397758546551517,0.003093908390540933
5-12C,10.0,864.1473,-0.6777103561128353,0.06128595387182797
5-12C,10.0,974.2935,-0.9495403110502345,0.5232930510082606
5-12C,10.0,976.7162,0.011643420093266875,0.18901981868327813
5-12C,11.0,57.0342,-1.022635268022922,0.37558057208182793
5-12C,11.0,58.0295,1.87930019891735,0.5550601828326401
5-12C,11.0,59.0135,-0.250550832313836,0.14949926598490085
5-12C,11.0,71.0137,-0.31372535126426665,0.03469006705816478
5-12C,11.0,73.0293,-0.41919883035904537,0.05349156255502301
5-12C,11.0,74.0247,0.5959466588859764,0.9177900702674601
5-12C,11.0,75.0087,1.1337154164552623,0.4322838365163047
5-12C,11.0,87.0088,-0.6543072168201909,0.020621064445410054
5-12C,11.0,87.0451,-1.210561313602211,0.21608015579013745
5-12C,11.0,88.0403,0.3190314143002274,0.02665794897869544
5-12C,11.0,88.9883,-1.2018878552785484,0.25749488271429727
5-12C,11.0,89.0244,-0.6352769934030756,0.06390714081345655
5-12C,11.0,93.0338,-0.014242598197028226,0.011898707919513387
5-12C,11.0,94.9761,-0.4817019082601402,0.20324432136161927
5-12C,11.0,94.9806,0.3752095543001519,0.08806439724863131
5-12C,11.0,95.0139,-0.5017414771416915,0.19230683859041262
5-12C,11.0,101.0242,-0.8567247936527971,0.16380227918530882
5-12C,11.0,102.056,-0.2104349436707862,0.013669113339366839
5-12C,11.0,103.0402,-0.10982162639457349,0.05959260240504225
5-12C,11.0,103.0509,-0.18205756683845886,0.2029316531074461
5-12C,11.0,104.0352,-0.6197994921880403,0.18245902276429224
5-12C,11.0,105.0193,-1.3560001126694998,0.27326288942635324
5-12C,11.0,107.0503,-0.36153353292102036,0.16518242062596122
5-12C,11.0,109.0295,0.26580007588488086,0.13448581000594098
5-12C,11.0,111.02,0.5940918079311914,0.04878471550868806
5-12C,11.0,112.0516,0.7261773501925828,1.459359842603611
5-12C,11.0,113.0244,-0.3873607810534458,0.01840549706378572
5-12C,11.0,113.0357,3.1087442088268915,0.17772501717989164
5-12C,11.0,114.056,-0.12524415917710602,0.007650944189599315
5-12C,11.0,115.0037,0.47805704217140665,0.09192818114959758
5-12C,11.0,115.0402,-0.7276314157074941,0.2551857340137713
5-12C,11.0,115.0764,-0.3844875151436907,0.1585943285398724
5-12C,11.0,116.0354,0.19648005810731356,0.3786531422999274
5-12C,11.0,116.0717,-0.19985001324075763,0.043533353944177774
5-12C,11.0,117.0194,-0.41060498609521945,0.031036240445552754
5-12C,11.0,118.0508,0.026067083615735835,0.2599352386764657
5-12C,11.0,118.9804,-0.3549477386161429,0.057336987257432546
5-12C,11.0,119.0503,0.6750221591530794,0.24468311250311559
5-12C,11.0,120.9273,-0.5312446028429572,0.03228632687164797
5-12C,11.0,121.0295,-0.6094266864356053,0.17216107713836679
5-12C,11.0,121.0409,-0.7291566000696077,0.10253612862580345
5-12C,11.0,122.0248,-0.9264181518725956,0.15210765259895728
5-12C,11.0,124.0075,-0.47682930198906703,0.19838398356626794
5-12C,11.0,124.0144,-0.4443682703172529,0.1552829256584513
5-12C,11.0,125.0439,-0.8880564158326207,0.14163202946884562
5-12C,11.0,127.0764,-0.28367843600829273,0.4515312292806708
5-12C,11.0,128.0354,6.857361441743675,0.33087588590294986
5-12C,11.0,129.0193,0.7204374654720392,0.14029924180086176
5-12C,11.0,129.0556,0.3284044711316968,0.4865920063566953
5-12C,11.0,130.0142,1.1553942020425625,1.073137098211818
5-12C,11.0,130.0509,1.9025160809316848,0.15613497481511893
5-12C,11.0,130.0874,0.4538695742358002,0.15260910059626462
5-12C,11.0,131.0008,-0.7022269753330825,0.22865092058724748
5-12C,11.0,131.0123,-0.3243792143502884,0.0365788527385452
5-12C,11.0,131.035,-0.9471766419302277,0.13272203746539196
5-12C,11.0,131.0462,-0.8891428435651325,0.15759699371173022
5-12C,11.0,131.0828,-0.5441661133358584,0.13786990879714153
5-12C,11.0,132.0302,1.8752598996732712,0.13949264968212152
5-12C,11.0,133.0142,0.21951971448745858,0.09298963730216123
5-12C,11.0,133.0257,0.2943238005671195,0.11457654720522081
5-12C,11.0,133.0505,1.0408981332195648,0.11994310549114401
5-12C,11.0,134.0472,3.0470619329290907,0.19905957256008883
5-12C,11.0,134.0604,0.6257738966003825,0.2222674049784551
5-12C,11.0,135.0302,0.2950951954659029,0.08651834319160126
5-12C,11.0,135.0453,1.2691643917041668,0.23736919069698367
5-12C,11.0,136.0404,-0.27538421296311344,0.031405392386943363
5-12C,11.0,136.0487,1.1905021127778406,0.37786824663456015
5-12C,11.0,136.0767,0.4166378428540743,0.31976279901992993
5-12C,11.0,137.0239,0.09955955093438744,0.09968367673865716
5-12C,11.0,138.9789,-0.5983644340945429,0.32713111315054577
5-12C,11.0,139.0014,0.26040032924929035,0.033702304274362375
5-12C,11.0,139.0067,-0.706637150814428,0.03528040723561146
5-12C,11.0,139.976,0.6012900155650541,0.4955308862147705
5-12C,11.0,143.0713,-0.6100940372237831,0.2584114991424596
5-12C,11.0,143.1077,0.006978181886748168,0.44564772777487743
5-12C,11.0,145.0141,-0.3422964320700872,0.07929354856015684
5-12C,11.0,145.0506,0.45074829765540686,0.10825681270717404
5-12C,11.0,145.0623,1.1730683055456863,0.2481790556872234
5-12C,11.0,145.0982,-0.6078313200874373,0.16182184798375454
5-12C,11.0,145.1106,-0.9530313956370781,0.5227165182794773
5-12C,11.0,146.0459,-0.055303496134151774,0.02293926969722279
5-12C,11.0,147.0298,0.053981250565232786,0.11691049778790866
5-12C,11.0,147.0662,1.652077563365452,0.1588495202227443
5-12C,11.0,149.0092,-0.06943874540168117,0.3941578799734616
5-12C,11.0,149.0456,0.7111109445741068,0.2531462227132365
5-12C,11.0,149.0608,-0.0025705132356738172,0.4019636818577287
5-12C,11.0,150.0422,1.6548752140662661,0.1946879922123552
5-12C,11.0,150.9707,0.12698650286499785,0.36936921368613235
5-12C,11.0,151.0259,-0.028399617854417237,0.14114273123255405
5-12C,11.0,151.04,-0.007827776891356344,0.6756548512944702
5-12C,11.0,151.06,0.055729031299207615,0.8442550092969183
5-12C,11.0,152.0353,0.6048516868509328,0.27009217340118674
5-12C,11.0,152.0716,-0.8438985730175292,0.18707178504885627
5-12C,11.0,153.0192,-0.38964705842547653,0.04725863467243883
5-12C,11.0,154.062,-0.4597772232189872,0.08447930603269864
5-12C,11.0,154.9751,-0.3431198681061117,0.0716037384710943
5-12C,11.0,155.0099,0.6231297597502986,0.05764199112538927
5-12C,11.0,157.0128,-0.2433621661938254,0.03940924760386941
5-12C,11.0,157.0255,2.8834195591365424,0.17829557626648104
5-12C,11.0,157.0379,2.7056019468508348,0.1007867020230841
5-12C,11.0,157.0504,0.7526466536416514,0.09515888419268821
5-12C,11.0,159.0297,-0.7200526271087816,0.12991066090248
5-12C,11.0,159.0775,1.159366032838999,0.1652852220876224
5-12C,11.0,160.0616,0.5671660912879735,0.6760565361154167
5-12C,11.0,161.0453,-1.2566005709109,0.12343258543447469
5-12C,11.0,162.0424,-0.1393649536765552,0.14235008214433661
5-12C,11.0,163.0351,-0.76319851475153,0.1935914079744037
5-12C,11.0,163.0398,1.773835125975329,0.1456310786204648
5-12C,11.0,163.0611,0.5106182287748718,0.38608818945354306
5-12C,11.0,164.0716,-0.5073111397954035,0.06885180660523783
5-12C,11.0,165.03,-0.7327546110801515,0.37654357412445233
5-12C,11.0,165.0405,-0.2081906705752676,0.44551826055133253
5-12C,11.0,165.0556,-0.7846933424830762,0.1153890590628191
5-12C,11.0,166.0508,0.787032235359346,0.5151811514714395
5-12C,11.0,166.0632,-0.4532072334049782,0.4775953151404057
5-12C,11.0,166.9759,-0.3714148910467615,0.364129710542069
5-12C,11.0,167.0207,-0.20263958055006903,0.27934087571742455
5-12C,11.0,167.0358,0.19233203262650547,0.4098542298622995
5-12C,11.0,167.0828,-1.4500352883078853,0.4979564450103636
5-12C,11.0,168.0277,-0.10009688104206313,0.04673203752827203
5-12C,11.0,168.0664,-1.1457522024055502,0.21517540893833642
5-12C,11.0,170.0455,-0.28463348244918285,0.025473908158845978
5-12C,11.0,171.0065,0.6214986206130084,0.22886443614410099
5-12C,11.0,171.0092,0.3671064456398981,0.5027562185200696
5-12C,11.0,171.0284,-0.20185376587205867,0.07721344382163715
5-12C,11.0,172.0616,3.230670105574701,0.23144607376035706
5-12C,11.0,172.962,-0.3653963168757727,0.09484793658318495
5-12C,11.0,173.0089,1.3305006874119947,0.18642745573878755
5-12C,11.0,173.0453,0.12405167033701153,0.16391123274345662
5-12C,11.0,173.0932,0.5604188905813339,0.10260164416352542
5-12C,11.0,173.1041,-0.7587969254789044,0.07257636551398279
5-12C,11.0,174.0407,2.1901298603526813,0.056768188150361096
5-12C,11.0,174.088,1.2153708848429405,0.20663094517500089
5-12C,11.0,175.022,0.2080652657752896,0.18015897911339931
5-12C,11.0,175.0361,1.8690393470665325,0.08803743709509018
5-12C,11.0,175.0611,0.7755821603827191,0.04668620795495432
5-12C,11.0,176.0776,0.9300730751208104,0.4247057796988914
5-12C,11.0,177.0402,-0.4787720758448133,0.656234902328241
5-12C,11.0,177.0553,-0.10022979906757627,0.6473598921348516
5-12C,11.0,178.0509,1.008562667013151,0.046380975000427156
5-12C,11.0,179.0348,3.7483980095142124,0.33378608882173577
5-12C,11.0,179.0561,-0.18548872953707823,0.021938676429821048
5-12C,11.0,180.0663,-0.2186151483342452,0.059324181071065844
5-12C,11.0,181.0505,-0.5310947189704385,0.24846090086162054
5-12C,11.0,182.9725,-0.3537590752969639,0.19427008425202033
5-12C,11.0,183.0661,-1.082507402577488,0.17267779299543043
5-12C,11.0,184.0017,-0.06290441819357442,0.15089641560713735
5-12C,11.0,184.9856,-0.2017091424444608,0.20145481164900497
5-12C,11.0,186.1136,-0.10871902304694359,0.3861052156044164
5-12C,11.0,187.0234,-0.1398331212249152,0.5533023901176104
5-12C,11.0,188.035,-0.49474135414838905,0.3788671936977959
5-12C,11.0,188.0565,0.8294002353965,0.03948523510203789
5-12C,11.0,189.0405,-0.4926417369847542,0.04048198393834988
5-12C,11.0,191.0197,2.552437492973917,0.5227147921274614
5-12C,11.0,191.0561,0.847603570985075,0.21800719506121044
5-12C,11.0,192.0663,-0.9546881768985293,0.28672987647550663
5-12C,11.0,193.0349,0.8552540285085324,0.5990481148663912
5-12C,11.0,194.0682,2.714977311215307,0.47033149428822774
5-12C,11.0,194.0822,0.18029338420876,0.3097732189955441
5-12C,11.0,195.0509,-0.15931734098838132,0.09552005049439304
5-12C,11.0,195.0657,-0.22899408324355175,0.32069105596703384
5-12C,11.0,196.0603,1.3027829997149332,0.07546710876576253
5-12C,11.0,198.0182,0.3122238155372459,0.13284399360923618
5-12C,11.0,199.0019,-0.4591930630181691,0.48030406793640007
5-12C,11.0,200.9937,-0.49961956889635284,0.3186201170991644
5-12C,11.0,201.0051,0.41047192278319033,0.4107476705545296
5-12C,11.0,203.0348,-0.7627319287504708,0.22541200837135342
5-12C,11.0,203.0826,-0.10159514163625959,0.00683525314136185
5-12C,11.0,204.0498,-0.501157056967545,0.4204186737296045
5-12C,11.0,205.0351,-0.2882195407501684,0.17840401410949605
5-12C,11.0,206.0822,-0.5621353666271974,0.5070851292576286
5-12C,11.0,209.0292,-0.7423061096677444,0.5482801707153848
5-12C,11.0,209.0814,-0.8509950033917135,0.3008721025920364
5-12C,11.0,211.0235,-0.309901476320075,0.2974356808190267
5-12C,11.0,211.9968,1.6615044650102972,0.13279773598965675
5-12C,11.0,212.0331,-0.16569124808593205,0.1229057327211783
5-12C,11.0,212.9807,-0.4866327633028663,0.17234624071896856
5-12C,11.0,213.014,-0.32706846581861204,0.34454282283121107
5-12C,11.0,213.0384,-0.6903976300218727,0.19901735398442155
5-12C,11.0,213.1252,-0.42237663797114844,0.5564295658999208
5-12C,11.0,214.0488,-0.12567031353119443,0.35333651011979816
5-12C,11.0,215.0331,-0.024188058925039814,0.03833214416019851
5-12C,11.0,216.1351,-0.629197575430116,0.11963001081416685
5-12C,11.0,218.0335,-0.16800347358556383,0.03916883049575751
5-12C,11.0,218.1034,3.237229031782956,0.11285243794818148
5-12C,11.0,220.0828,-0.12244561159992216,0.6959835698991237
5-12C,11.0,221.0443,-0.2611872466357924,0.18565153180993335
5-12C,11.0,221.0664,0.5193293122039937,0.23767142825685095
5-12C,11.0,225.0399,0.2682150988966243,0.5252978318045987
5-12C,11.0,225.0861,-0.14430124499741753,0.40777652112716517
5-12C,11.0,225.0901,-0.4498881444364825,0.990085698649087
5-12C,11.0,226.0135,2.3831102102346655,0.3378825647337455
5-12C,11.0,226.0697,-0.39634764202172224,0.25360326387223303
5-12C,11.0,228.0501,-0.17555284486945433,0.5216965120334925
5-12C,11.0,229.0122,0.9703418660372998,0.2118447262024712
5-12C,11.0,237.0614,1.7827524292938648,0.15999680087196025
5-12C,11.0,238.0945,-0.5959494763803413,0.2089343126839744
5-12C,11.0,240.0515,1.322283777302797,0.026377037006250326
5-12C,11.0,241.0844,-0.11955984300680664,0.6865599380890012
5-12C,11.0,242.0804,-0.9650734879916609,0.5613151388351315
5-12C,11.0,243.029,0.09622789220868877,0.2597622754917226
5-12C,11.0,243.0625,2.7316319116763284,0.5905952639307501
5-12C,11.0,245.0444,1.0355218325516942,0.49730932464776656
5-12C,11.0,246.0198,0.250889544243771,0.39334886285468845
5-12C,11.0,246.064,-0.1446386647531395,0.2322510060116491
5-12C,11.0,251.0816,-0.34471119192440347,0.42856920261603804
5-12C,11.0,253.0119,-0.18501267533419657,0.0013399281037897973
5-12C,11.0,253.0499,0.5610822863074483,0.6289059999523073
5-12C,11.0,257.0072,-0.30670200841134787,0.2807343696269121
5-12C,11.0,257.1028,-0.37264150946701285,0.3586279571252007
5-12C,11.0,259.005,-0.49631758591351605,0.38817670346661304
5-12C,11.0,259.0227,-0.016126437082047605,0.17129297094599782
5-12C,11.0,261.0385,0.23676494815899593,0.019985872751024585
5-12C,11.0,266.0703,0.46305799216466526,0.21700405630482472
5-12C,11.0,267.0724,-0.6738444339752165,0.028988377203419645
5-12C,11.0,268.02,-0.32623756674462917,0.37335005181517206
5-12C,11.0,269.0398,-0.21503108633680396,0.24519219696793768
5-12C,11.0,271.0612,0.33282331612592625,0.38747611574868207
5-12C,11.0,271.0815,-0.9609109399333982,0.5260554522933873
5-12C,11.0,273.0021,-0.40469621040688897,0.08513503445917721
5-12C,11.0,274.0933,2.4628353078197396,0.4250057350786108
5-12C,11.0,275.0184,-0.4911043833367201,0.6674613258023366
5-12C,11.0,275.0991,2.202716377062177,0.6319932038604245
5-12C,11.0,277.1207,-0.7078870150872052,0.0067537534298467575
5-12C,11.0,277.2169,-0.51447101413752,0.491721216020426
5-12C,11.0,279.2331,-0.3041290866272683,0.01632203452811861
5-12C,11.0,282.0839,-0.8270071407261446,0.21345594888345934
5-12C,11.0,283.2063,-0.4281954932762837,0.08986093353883418
5-12C,11.0,285.0972,-0.6768826405164099,0.454231163523192
5-12C,11.0,287.0157,-0.41392609220161825,0.15482691708947982
5-12C,11.0,288.0725,0.9536020013105508,0.16064144122877005
5-12C,11.0,289.0333,0.12671284346325917,0.16972354664462572
5-12C,11.0,289.1044,4.311212163445896,0.5184519448873818
5-12C,11.0,290.9677,-0.14229168232337516,0.09372707593710217
5-12C,11.0,294.0479,-0.3473225945498497,0.7197671005138307
5-12C,11.0,300.0509,0.7374410860815284,1.1492429616442805
5-12C,11.0,301.0333,-0.21503033816713052,1.1748247123461386
5-12C,11.0,303.2326,-0.4823016165445293,0.3064187338063376
5-12C,11.0,305.0207,-0.23518176981948727,0.14279891568377306
5-12C,11.0,306.0481,3.275519622883202,0.15074155636128947
5-12C,11.0,306.0765,11.448386261830326,0.5392819764031074
5-12C,11.0,308.0986,4.501724128503405,0.18125792172127828
5-12C,11.0,313.0441,1.4386798972918844,0.4209398603411757
5-12C,11.0,313.1037,1.043668744219142,0.727301356561919
5-12C,11.0,317.026,-0.06366314385717783,0.8087274310994316
5-12C,11.0,323.0256,2.6705820754416907,0.2514705396341321
5-12C,11.0,325.1163,0.44395269772193685,0.47054319768186104
5-12C,11.0,328.0457,2.1493910117137434,0.16062328065884532
5-12C,11.0,333.0589,0.3592207615051801,0.5752046643256188
5-12C,11.0,338.9884,1.5567767636809045,0.3354315636103403
5-12C,11.0,339.0928,0.8089186894868332,0.9515831424868632
5-12C,11.0,341.1089,0.061324987802828,0.18230255431989886
5-12C,11.0,344.0393,3.5847352067473186,0.4479583703052627
5-12C,11.0,346.0556,7.99487278002535,0.31305143685192066
5-12C,11.0,348.087,2.653310095661876,0.5656991385861562
5-12C,11.0,353.0489,0.4170626461648346,0.4118800583463288
5-12C,11.0,357.089,0.9342275663356543,0.8605009512532711
5-12C,11.0,375.131,1.2514810015979398,0.46374367208726996
5-12C,11.0,377.1496,1.3512295475570233,1.0759596982362787
5-12C,11.0,383.1188,0.220417225913924,0.1810828006644392
5-12C,11.0,388.9416,-0.19005995170439335,0.40699428690956063
5-12C,11.0,388.9442,-0.4393249946433586,0.2373820847943522
5-12C,11.0,401.0756,-0.4658781963238028,0.09485663047055132
5-12C,11.0,407.2795,-0.5251875675263872,0.25639141593258635
5-12C,11.0,421.0743,-0.010114641247738056,0.44423706230664955
5-12C,11.0,426.0222,7.289426582880198,0.8882728535723492
5-12C,11.0,442.9997,-0.2397519413928091,0.21906168342655513
5-12C,11.0,466.9657,-0.31701233275397095,0.30353536586512875
5-12C,11.0,490.9787,-0.2418450937963856,1.2452958462630783
5-12C,11.0,503.1614,0.36944656472760873,0.4037117662844569
5-12C,11.0,547.0731,2.6260640344496453,0.07114181094186683
5-12C,11.0,565.0471,5.717954618517785,0.26657757234572366
5-12C,11.0,578.8872,-0.4037515812668122,0.04450884940932652
5-12C,11.0,579.0269,-0.5628761099404518,0.22575118919904943
5-12C,11.0,612.2549,-0.14753494274509218,0.20263920293064874
5-12C,11.0,624.2949,0.12727791608708955,0.2698465800326383
5-12C,11.0,659.307,-0.0659344593993472,0.2067984977416167
5-12C,11.0,664.0939,-0.4686652218393055,0.22970608161162176
5-12C,11.0,665.2144,0.7258232522624141,0.6860435391495088
5-12C,11.0,668.1374,0.6728521014569053,0.042766680221353146
5-12C,11.0,787.255,0.1455008729793727,0.29505329242945744
5-12C,11.0,790.2568,-0.03190101801899403,0.14504710251555308
5-12C,11.0,835.0407,0.5990286369512297,0.08852622821609085
5-12C,11.0,863.2971,-0.5808952282621114,0.06257493990057371
5-12C,11.0,864.1473,-0.3032627060102836,0.25412475519751043
5-12C,11.0,974.2935,-0.5128018701180891,0.5188477669447016
5-12C,11.0,976.7162,-0.2714375034991785,0.09934560648739126
5-12C,12.0,57.0342,-0.2775093230708715,0.14039420425029625
5-12C,12.0,58.0295,2.0067160218720934,0.30440535682916875
5-12C,12.0,59.0135,-0.4733868664483585,0.06463102330179969
5-12C,12.0,71.0137,-0.6146650758187139,0.028290766672034756
5-12C,12.0,73.0293,0.1087813308184459,0.030222024416997163
5-12C,12.0,74.0247,0.12719799774587606,0.42590820718862216
5-12C,12.0,75.0087,1.0806384033620748,1.027920597820315
5-12C,12.0,87.0088,-0.6100116957194337,0.01293385293556977
5-12C,12.0,87.0451,-0.2498786018663832,0.3376840154055305
5-12C,12.0,88.0403,0.5366871146548688,0.06781704979611558
5-12C,12.0,88.9883,-0.22062793597011743,0.5448996435076026
5-12C,12.0,89.0244,-0.6833377965901439,0.028541950232411708
5-12C,12.0,93.0338,0.0008245911717820497,0.005722297046143331
5-12C,12.0,94.9761,-1.7329246410191654,0.03644041378788845
5-12C,12.0,94.9806,1.505964897193878,0.04302261912507473
5-12C,12.0,95.0139,-0.633420337439044,0.09396719422883949
5-12C,12.0,101.0242,-0.7035838388128778,0.10533051509592291
5-12C,12.0,102.056,-0.2810036689612266,0.019449240435468296
5-12C,12.0,103.0402,0.2214326712736684,0.12460092919846442
5-12C,12.0,103.0509,0.03251077516124517,0.016117508673274605
5-12C,12.0,104.0352,-0.6162453370995248,0.1554360876354862
5-12C,12.0,105.0193,-0.7865629794184277,0.3467368563811432
5-12C,12.0,107.0503,0.9002873488118328,0.08302165100815813
5-12C,12.0,109.0295,0.6621141591799281,0.1533842407978988
5-12C,12.0,111.02,1.1843644233855957,0.08662305406716703
5-12C,12.0,112.0516,0.8407634754012726,0.665458867480852
5-12C,12.0,113.0244,-0.6564375625287989,0.014998454165857883
5-12C,12.0,113.0357,2.835930613915617,0.11030440960011309
5-12C,12.0,114.056,-0.08793876347455648,0.012519124626757626
5-12C,12.0,115.0037,0.2748522220181544,0.059763967362147626
5-12C,12.0,115.0402,0.6965971237774475,0.4984098914458439
5-12C,12.0,115.0764,0.4651602559846415,0.20551473424396233
5-12C,12.0,116.0354,0.32831847741262693,0.4022525568599029
5-12C,12.0,116.0717,0.12089054210661146,0.06426984820220222
5-12C,12.0,117.0194,0.08838613841078591,0.03115319498532667
5-12C,12.0,118.0508,0.11851101486609349,0.21789079060748323
5-12C,12.0,118.9804,-0.5465647114041002,0.02395708262933616
5-12C,12.0,119.0503,-0.1573395420606686,0.2083376302717108
5-12C,12.0,120.9273,-0.4901770458258994,0.03704943722842036
5-12C,12.0,121.0295,0.7184476809528444,0.13269259351733684
5-12C,12.0,121.0409,-0.27078000755193,0.21586135623472252
5-12C,12.0,122.0248,0.013136387030343588,0.1268506309155316
5-12C,12.0,124.0075,-0.7657378168262173,1.0737915527356963
5-12C,12.0,124.0144,-0.8828597836780518,0.1103443813709284
5-12C,12.0,125.0439,0.19493400746587258,0.24868598279768647
5-12C,12.0,127.0764,-0.21684594012680758,0.41831464093957943
5-12C,12.0,128.0354,6.561395748611337,0.1548486650356112
5-12C,12.0,129.0193,1.1375813612565522,0.06188594825300285
5-12C,12.0,129.0556,0.8942374105258052,0.681054288833235
5-12C,12.0,130.0142,1.7771235056699428,0.24459041220309563
5-12C,12.0,130.0509,1.8448794057698392,0.13073355210462725
5-12C,12.0,130.0874,0.8978020415851016,0.04963479360774741
5-12C,12.0,131.0008,-0.10817613155559143,0.13783218459286273
5-12C,12.0,131.0123,-0.049999005015723026,0.062130085858525974
5-12C,12.0,131.035,-0.7624488329912287,0.017780332534167945
5-12C,12.0,131.0462,-0.43623513873163844,0.20186469402900079
5-12C,12.0,131.0828,-0.5793430322563649,0.016565729236161682
5-12C,12.0,132.0302,1.9182072600941216,0.07429672233048025
5-12C,12.0,133.0142,-0.1558793829404506,0.030160115637151236
5-12C,12.0,133.0257,-0.08253294519722931,0.09726807586479153
5-12C,12.0,133.0505,1.1677266242189583,0.02202600518852087
5-12C,12.0,134.0472,1.032853124687076,0.22887401543031272
5-12C,12.0,134.0604,1.2702044005931394,0.6914607112384128
5-12C,12.0,135.0302,-0.26770280361657206,0.10321306220057597
5-12C,12.0,135.0453,1.0025164636910862,0.13044847687858668
5-12C,12.0,136.0404,-0.1460916027221492,0.09324790600333971
5-12C,12.0,136.0487,1.1556276498116247,0.13533032466177425
5-12C,12.0,136.0767,0.18638639982598726,0.2514698132369169
5-12C,12.0,137.0239,-0.25190019786379375,0.1956568605058282
5-12C,12.0,138.9789,-0.3897722729807356,0.15673939804905518
5-12C,12.0,139.0014,0.7443648690144763,0.011314410799681844
5-12C,12.0,139.0067,-0.6075434813108558,0.030175452665674438
5-12C,12.0,139.976,0.6535198194573739,0.5879702909637479
5-12C,12.0,143.0713,-0.32462453427859933,0.2748872536530303
5-12C,12.0,143.1077,-0.11364670306615376,0.2843281251394515
5-12C,12.0,145.0141,-0.4414482344106272,0.11377196512045168
5-12C,12.0,145.0506,1.0791854756383228,0.03096879238045811
5-12C,12.0,145.0623,0.32665498304128354,0.20670483160895828
5-12C,12.0,145.0982,-0.7488256214175821,0.16643311331977503
5-12C,12.0,145.1106,-0.054147187002642774,0.6162224453710105
5-12C,12.0,146.0459,-0.38864747765210506,0.0042837608227655494
5-12C,12.0,147.0298,0.47168359460350495,0.0801463445838628
5-12C,12.0,147.0662,1.7195716646062533,0.09376146584890704
5-12C,12.0,149.0092,-0.3767716837857691,0.3121063830688412
5-12C,12.0,149.0456,0.2661143138243468,0.09342496076618215
5-12C,12.0,149.0608,0.13703625761362637,0.2197307660335951
5-12C,12.0,150.0422,0.3353977397124806,0.5386864174145415
5-12C,12.0,150.9707,-0.2992597288942398,0.8364668888283466
5-12C,12.0,151.0259,-0.5270137887834203,0.09958762213583675
5-12C,12.0,151.04,0.5638638343647676,0.43419804681035945
5-12C,12.0,151.06,0.0913430499735998,0.7466163096185041
5-12C,12.0,152.0353,0.36088873853228715,0.20742625793827735
5-12C,12.0,152.0716,-0.5879760856129143,0.24909862113917772
5-12C,12.0,153.0192,-0.7718334817706813,0.040866873159486436
5-12C,12.0,154.062,-0.4483568792932141,0.07593607188178994
5-12C,12.0,154.9751,0.15544292177618907,0.07532445604492014
5-12C,12.0,155.0099,1.0593812301800731,0.06588001566717393
5-12C,12.0,157.0128,0.12337337304110862,0.06937900152182426
5-12C,12.0,157.0255,2.4139517290813526,0.03684239927463029
5-12C,12.0,157.0379,2.2799521219670016,0.02547536510011788
5-12C,12.0,157.0504,0.9596050335354078,0.06556489448210101
5-12C,12.0,159.0297,-0.42700750994672554,0.1415603095532067
5-12C,12.0,159.0775,0.9244269257177091,0.1393582501364065
5-12C,12.0,160.0616,1.1020057556137806,0.376326398681697
5-12C,12.0,161.0453,-0.8932404594549908,0.07786421412076465
5-12C,12.0,162.0424,-0.17146691655222257,0.10256145908809666
5-12C,12.0,163.0351,-0.6177060047519618,0.15187618720555998
5-12C,12.0,163.0398,1.9195195786002266,0.10037392199701438
5-12C,12.0,163.0611,0.8926293387164249,0.9823717470150177
5-12C,12.0,164.0716,-0.5515490164709677,0.021685991871289546
5-12C,12.0,165.03,-0.356049762728292,0.48064668415589923
5-12C,12.0,165.0405,0.11932068133687473,0.32057362659824995
5-12C,12.0,165.0556,-0.6631247625106833,0.1685217026415642
5-12C,12.0,166.0508,1.7878815624189535,0.37761909648818776
5-12C,12.0,166.0632,0.20220632990214088,0.6330754134452108
5-12C,12.0,166.9759,-0.3878858745104656,0.24281415548884386
5-12C,12.0,167.0207,-0.36402893915085693,0.2688258795437989
5-12C,12.0,167.0358,0.07512484557359389,0.2987970406616576
5-12C,12.0,167.0828,-0.9757591685422109,1.0726721835333737
5-12C,12.0,168.0277,-0.5142331824653839,0.013819441316986671
5-12C,12.0,168.0664,-0.12569386716898268,0.46026566868538443
5-12C,12.0,170.0455,0.163387985012236,0.0788902854876958
5-12C,12.0,171.0065,0.5219226415270158,0.13170547753274692
5-12C,12.0,171.0092,0.6116498509728849,0.34707790035555425
5-12C,12.0,171.0284,-0.08648727597797029,0.08701137276311467
5-12C,12.0,172.0616,2.3857294321860407,0.33843505252916556
5-12C,12.0,172.962,-0.3350716308828292,0.04378836860668184
5-12C,12.0,173.0089,1.0216234119382501,0.25186619655261183
5-12C,12.0,173.0453,0.6217419445728758,0.18227070209348928
5-12C,12.0,173.0932,0.5532631277793761,0.13586829818263738
5-12C,12.0,173.1041,-0.6115186401528322,0.11874440930293617
5-12C,12.0,174.0407,1.9637938032373023,0.08584500469339187
5-12C,12.0,174.088,1.3696796452590272,0.22601986214268138
5-12C,12.0,175.022,0.6290477209195977,0.22461705989898836
5-12C,12.0,175.0361,1.7857071177300607,0.09538596557838908
5-12C,12.0,175.0611,1.0892100260926076,0.08110661039705903
5-12C,12.0,176.0776,1.1434941033123411,0.23259464046886372
5-12C,12.0,177.0402,-0.31904740894453354,0.33868367508838093
5-12C,12.0,177.0553,-0.057351369612136376,0.4219638179676631
5-12C,12.0,178.0509,1.8038454256044125,0.16582277703224466
5-12C,12.0,179.0348,3.2429308065671005,0.257550863728565
5-12C,12.0,179.0561,-0.6005530666883093,0.028721087958426057
5-12C,12.0,180.0663,-0.6612059848076708,0.05218496090201798
5-12C,12.0,181.0505,-0.3584358632628484,0.03658138748240574
5-12C,12.0,182.9725,-0.6565652965963684,0.23997989912336
5-12C,12.0,183.0661,-1.0057372623484129,0.5780211720363458
5-12C,12.0,184.0017,-0.527307612056378,0.04180050205250101
5-12C,12.0,184.9856,-0.41911067769479726,0.04355400937737262
5-12C,12.0,186.1136,-0.28807316560722857,0.5526445616063816
5-12C,12.0,187.0234,0.43552990858231444,0.2638547366510276
5-12C,12.0,188.035,-0.15871927277179484,1.053655222871135
5-12C,12.0,188.0565,0.914726313875516,0.039404631902054406
5-12C,12.0,189.0405,-0.5159533828583286,0.05958453475246698
5-12C,12.0,191.0197,1.6765917150975405,0.4339707561310123
5-12C,12.0,191.0561,1.1114310993158756,0.15414880456354751
5-12C,12.0,192.0663,0.07551148654734013,0.3102220939606607
5-12C,12.0,193.0349,-0.16076945005257062,0.4896125381780485
5-12C,12.0,194.0682,2.714977311215307,0.16020075507656698
5-12C,12.0,194.0822,-0.35306541959681037,0.42655919367664813
5-12C,12.0,195.0509,-0.6322700552953238,0.04531614103806864
5-12C,12.0,195.0657,0.3951875363673376,0.5869643716245434
5-12C,12.0,196.0603,1.4227414390402187,0.21065009879690755
5-12C,12.0,198.0182,0.7611901507409413,0.46161575647538805
5-12C,12.0,199.0019,-0.4562835011872987,0.22486756435726576
5-12C,12.0,200.9937,-0.5617030561961596,0.19845238168931967
5-12C,12.0,201.0051,0.4818381636001824,0.2309473155758345
5-12C,12.0,203.0348,-0.1950545421509925,0.28951905895543056
5-12C,12.0,203.0826,-0.09791417746801359,0.007113283967952656
5-12C,12.0,204.0498,-0.8454526241819947,0.2734504593292868
5-12C,12.0,205.0351,0.10738249868765551,0.2032434675195748
5-12C,12.0,206.0822,-0.3437862224172291,0.5565013382611076
5-12C,12.0,209.0292,-0.6900833737408165,0.5257290808896035
5-12C,12.0,209.0814,-0.8230298007517947,0.4015047001566457
5-12C,12.0,211.0235,-0.27448726215218494,0.35801506209695866
5-12C,12.0,211.9968,1.3217753563218935,0.08829324489411053
5-12C,12.0,212.0331,0.13026132688781028,0.14463609635195832
5-12C,12.0,212.9807,-0.254948621949183,0.0614025511451261
5-12C,12.0,213.014,-0.002466184694972281,0.13012963739092429
5-12C,12.0,213.0384,-0.5881346302588181,0.22634030705045713
5-12C,12.0,213.1252,-0.4509952638843406,0.9085725640794529
5-12C,12.0,214.0488,-0.9278937396157727,0.48472715683633255
5-12C,12.0,215.0331,-0.48520373038783154,0.04151077067250591
5-12C,12.0,216.1351,-0.7417932438010693,0.21994144541212568
5-12C,12.0,218.0335,-0.599273049243606,0.02535310923723528
5-12C,12.0,218.1034,3.5856891987633883,0.14201427543494
5-12C,12.0,220.0828,0.0932428593164562,0.681474439933955
5-12C,12.0,221.0443,-0.7843600025866262,0.06034402463163896
5-12C,12.0,221.0664,0.5236459374049396,0.3752941082215866
5-12C,12.0,225.0399,-0.07961170523939581,0.26721127034141656
5-12C,12.0,225.0861,-0.3649773556567164,0.26442859150439174
5-12C,12.0,225.0901,0.5184030429718661,0.4121770431487833
5-12C,12.0,226.0135,2.0254904539613094,0.19526878014954493
5-12C,12.0,226.0697,-0.7329684307087148,0.14251220876302992
5-12C,12.0,228.0501,-0.4505834259778858,0.07647219478594075
5-12C,12.0,229.0122,0.7074849727868825,0.22282691994245032
5-12C,12.0,237.0614,2.034317814072552,0.5087359068570747
5-12C,12.0,238.0945,-0.716236462022553,0.08364573983858596
5-12C,12.0,240.0515,1.7018781139607113,0.08176737716125469
5-12C,12.0,241.0844,0.4485395454972899,0.5749789027630448
5-12C,12.0,242.0804,-0.946447465623434,0.6692268874392289
5-12C,12.0,243.029,0.12821007937333043,0.2643153760020535
5-12C,12.0,243.0625,3.030342510229513,0.43746775541261435
5-12C,12.0,245.0444,0.6679023134022899,0.08922098003672663
5-12C,12.0,246.0198,0.3242225367241449,0.30825145649106545
5-12C,12.0,246.064,-0.36432482704631247,0.2969982844652056
5-12C,12.0,251.0816,-0.303814855084705,0.918888733795843
5-12C,12.0,253.0119,-0.1705644527436615,0.01179853956330903
5-12C,12.0,253.0499,0.20276988781850852,1.2055647068825168
5-12C,12.0,257.0072,-0.43335418064086717,0.34951848442841577
5-12C,12.0,257.1028,-0.4414986618207039,0.4669200741716795
5-12C,12.0,259.005,-0.13923622459884313,0.5248056464270369
5-12C,12.0,259.0227,-0.6440606803570609,0.12192959036459845
5-12C,12.0,261.0385,0.27668195525069955,0.16446013071978094
5-12C,12.0,266.0703,0.23582222610480763,0.28524506439019254
5-12C,12.0,267.0724,-0.5687274532129832,0.028674270626688737
5-12C,12.0,268.02,-0.3512432159975003,0.7634908682056236
5-12C,12.0,269.0398,0.013298961753070198,0.08767037088467758
5-12C,12.0,271.0612,0.6173768896084121,0.5348830481318381
5-12C,12.0,271.0815,-1.1172638354196454,0.5025649873939587
5-12C,12.0,273.0021,-0.0637457119390035,0.2086289843154542
5-12C,12.0,274.0933,2.5214385304980755,0.3121648402615467
5-12C,12.0,275.0184,0.006804825377167423,0.7274922134968086
5-12C,12.0,275.0991,2.923624421293076,0.2854734060067824
5-12C,12.0,277.1207,-0.9165153940630364,0.020204780847414106
5-12C,12.0,277.2169,-0.5591930250153514,0.18664296651303655
5-12C,12.0,279.2331,-0.2997215161211859,0.0064834429060480715
5-12C,12.0,282.0839,-1.003693442809693,0.5670586027466783
5-12C,12.0,283.2063,-0.30604708029042677,0.2516011531738275
5-12C,12.0,285.0972,-1.0625909185294768,0.550219683147086
5-12C,12.0,287.0157,-1.053461461641666,0.18560042208548305
5-12C,12.0,288.0725,0.7274253057895914,0.2411885334674657
5-12C,12.0,289.0333,-0.37486278934536,0.7119117720748447
5-12C,12.0,289.1044,1.4726804816416976,0.4998934047218514
5-12C,12.0,290.9677,-0.20357734722094817,0.13005710622664204
5-12C,12.0,294.0479,-0.6052919969018891,0.2685839093997015
5-12C,12.0,300.0509,0.33813687429369443,0.5846548985424749
5-12C,12.0,301.0333,-0.5065906114727291,0.45374805667790197
5-12C,12.0,303.2326,-0.06029354600440722,0.25475371869114644
5-12C,12.0,305.0207,-0.5794445606586602,0.0722363523260154
5-12C,12.0,306.0481,3.5912422991812223,0.10838163090641675
5-12C,12.0,306.0765,-0.1603998480084815,0.04251346269327232
5-12C,12.0,308.0986,2.569353771390335,0.21670533967020875
5-12C,12.0,313.0441,0.9620525140188683,0.0830266140619165
5-12C,12.0,313.1037,1.4751949981543189,0.6771795358944853
5-12C,12.0,317.026,-0.24651266282312356,0.17223153795284057
5-12C,12.0,323.0256,-0.8037006922859328,0.5562981391656098
5-12C,12.0,325.1163,0.3437613637802539,0.3737691532505936
5-12C,12.0,328.0457,2.084559309730878,0.23888158517499847
5-12C,12.0,333.0589,0.49956606981686114,0.3455705915049222
5-12C,12.0,338.9884,-0.2321066381345017,0.31325101740115857
5-12C,12.0,339.0928,0.35293834621578357,0.5922893073146598
5-12C,12.0,341.1089,-0.17626272359996945,0.08449815945985902
5-12C,12.0,344.0393,1.7174780938074676,0.3272427692135146
5-12C,12.0,346.0556,-0.27038668438210695,0.12054411196769702
5-12C,12.0,348.087,3.1981270511519355,0.3251032148096759
5-12C,12.0,353.0489,0.16124170471598165,0.45108351696227694
5-12C,12.0,357.089,1.1279433747518124,0.3128993410061196
5-12C,12.0,375.131,2.3751971030811614,1.3121524383071919
5-12C,12.0,377.1496,-0.12572880168719708,0.7280072812533662
5-12C,12.0,383.1188,-0.08212152585919938,0.3315208250124081
5-12C,12.0,388.9416,-0.39006902807458105,0.2615667023776181
5-12C,12.0,388.9442,-0.6497823063463173,0.25817465432440584
5-12C,12.0,401.0756,-0.8417076579115201,0.038945437822892545
5-12C,12.0,407.2795,-0.9900114512813531,0.10469547670713823
5-12C,12.0,421.0743,0.28741248244971096,0.6053379802480127
5-12C,12.0,426.0222,-0.11057757161344084,0.33848565867675157
5-12C,12.0,442.9997,-0.1800845728356811,0.19173595564359872
5-12C,12.0,466.9657,-0.6968770937536701,0.12443760330529992
5-12C,12.0,490.9787,-0.1881398527703768,0.6787022713655123
5-12C,12.0,503.1614,0.25395265646058957,0.14192976620354172
5-12C,12.0,547.0731,0.8507037773213362,0.14035013308223895
5-12C,12.0,565.0471,0.6876435659433504,0.2674256529797298
5-12C,12.0,578.8872,-0.7433334135632963,0.07338764912907686
5-12C,12.0,579.0269,-0.7773461149723424,0.10769564876860897
5-12C,12.0,612.2549,-0.7235519000048501,0.4087940480250032
5-12C,12.0,624.2949,0.07998708832699256,0.432405209805938
5-12C,12.0,659.307,-0.4106886685828585,0.0964382025593356
5-12C,12.0,664.0939,-0.3290416981042616,0.2069427621902711
5-12C,12.0,665.2144,0.8817244318117065,0.5291383279354916
5-12C,12.0,668.1374,1.9974761549688465,0.10144553989121662
5-12C,12.0,787.255,-0.367237877801738,0.33025378731990884
5-12C,12.0,790.2568,-0.5053058305920848,0.2660058079670008
5-12C,12.0,835.0407,1.6621260662382855,0.5714654827454886
5-12C,12.0,863.2971,-0.5646696115374772,0.06874685896992022
5-12C,12.0,864.1473,-0.5592142643082303,0.3339504151061124
5-12C,12.0,974.2935,1.1096642435180226,0.6535069399734615
5-12C,12.0,976.7162,-0.8491853631686546,0.06386799162504239
5-13A,1.0,57.0342,-0.22436631773169274,0.326402819922301
5-13A,1.0,58.0295,-0.9911962696488027,0.022514952703603094
5-13A,1.0,59.0135,-0.26776359531632504,0.31545497375116893
5-13A,1.0,71.0137,0.1452829343115091,0.1820579791562821
5-13A,1.0,73.0293,-0.9668768961081913,0.00782100635623994
5-13A,1.0,74.0247,-0.4027135903023442,0.17751240435053398
5-13A,1.0,75.0087,-1.0993376236091996,0.2617359833758878
5-13A,1.0,87.0088,-0.7114691794179405,0.0034350260705780142
5-13A,1.0,87.0451,-0.4879486616259907,0.34730627051457835
5-13A,1.0,88.0403,-0.9231033365206855,0.01957996716813354
5-13A,1.0,88.9883,0.2640065455620506,0.515809896637621
5-13A,1.0,89.0244,-0.9449972703330729,0.0982614521872853
5-13A,1.0,93.0338,-0.084137615546787,0.006714012780574934
5-13A,1.0,94.9761,-1.1288615715719175,0.3516030620920555
5-13A,1.0,94.9806,0.22470993069993733,0.19508019994872405
5-13A,1.0,95.0139,0.1464979291865465,0.20701731746776633
5-13A,1.0,101.0242,-0.31153060867243754,0.2715523573033613
5-13A,1.0,102.056,-0.5134152743555076,0.045460046591056874
5-13A,1.0,103.0402,-0.9878985588489317,0.022733143575601168
5-13A,1.0,103.0509,-1.0352543967773449,0.052636661608775524
5-13A,1.0,104.0352,1.1069867575672505,0.22903039001813394
5-13A,1.0,105.0193,-0.048389625411352194,0.7900826974845594
5-13A,1.0,107.0503,-1.6014925901470016,0.27374188863338106
5-13A,1.0,109.0295,-1.3417817009289421,0.06260194900409197
5-13A,1.0,111.02,-1.1667041953155481,0.015987063970824427
5-13A,1.0,112.0516,-1.0673214912408784,0.6623296744292935
5-13A,1.0,113.0244,0.20026363511822942,0.1166740959018639
5-13A,1.0,113.0357,-1.3058521055528325,0.02551435827714815
5-13A,1.0,114.056,-0.2359414954608392,0.004543278358155558
5-13A,1.0,115.0037,-0.8276002946832417,0.04069729208717824
5-13A,1.0,115.0402,-1.4576063645358912,0.4861069708650448
5-13A,1.0,115.0764,-1.3639131565503528,0.4059928163143051
5-13A,1.0,116.0354,-0.9161881503805815,0.19137501071455926
5-13A,1.0,116.0717,-0.6452333985720486,0.07193634607456693
5-13A,1.0,117.0194,-0.9354595645402048,0.005407550520259088
5-13A,1.0,118.0508,-0.41299452061203207,0.209917678770289
5-13A,1.0,118.9804,0.40718034597694047,0.08561996362620228
5-13A,1.0,119.0503,-1.4696660196347335,0.05970084161904107
5-13A,1.0,120.9273,-0.4719951538425765,0.12671385244015643
5-13A,1.0,121.0295,-0.5234551079172034,0.14241229124121915
5-13A,1.0,121.0409,-0.2680949563823704,0.3141182786865405
5-13A,1.0,122.0248,-1.5774747488970435,0.157005725773034
5-13A,1.0,124.0075,0.3681922718825979,0.14628597818408554
5-13A,1.0,124.0144,-0.4116113944179679,0.16661442935791995
5-13A,1.0,125.0439,-1.286290543734491,0.26151934285163364
5-13A,1.0,127.0764,0.9751956530809686,0.11418933840729444
5-13A,1.0,128.0354,-0.13852323546576384,0.03928793256671584
5-13A,1.0,129.0193,-1.267293574481208,0.04271072816467473
5-13A,1.0,129.0556,-0.14285491272979772,0.3620349842638221
5-13A,1.0,130.0142,-0.8968855223274488,0.06562711910101574
5-13A,1.0,130.0509,-1.0173977339896676,0.02772239467078938
5-13A,1.0,130.0874,-0.048227746781621145,0.2531124559545054
5-13A,1.0,131.0008,-1.2612655677237854,0.0786674517905886
5-13A,1.0,131.0123,-0.7577387868099309,0.010567014429125254
5-13A,1.0,131.035,-0.3107943393298116,0.23277000366579007
5-13A,1.0,131.0462,0.41411760207373693,0.28403857691646556
5-13A,1.0,131.0828,1.8633322383158215,0.18101518329925884
5-13A,1.0,132.0302,-1.1441981164066668,0.02353894307830998
5-13A,1.0,133.0142,-0.3245929766802978,0.08030641543354762
5-13A,1.0,133.0257,-0.36778034917254254,0.061953532061171726
5-13A,1.0,133.0505,-1.318277454577911,0.012528750255338669
5-13A,1.0,134.0472,0.8765197076244223,0.7651449882788905
5-13A,1.0,134.0604,-0.7546232134107351,0.3931375212900945
5-13A,1.0,135.0302,1.0844922961124432,0.7084581962389275
5-13A,1.0,135.0453,-2.2693881371044644,0.08745115353610836
5-13A,1.0,136.0404,-0.4285719848377816,0.07070516391759266
5-13A,1.0,136.0487,-2.169495980312721,0.12953701853943053
5-13A,1.0,136.0767,-0.7477765976022515,0.6662141818810712
5-13A,1.0,137.0239,-0.4004697995504879,0.06459924804446854
5-13A,1.0,138.9789,-2.022144826781765,0.3188506418256034
5-13A,1.0,139.0014,-0.3754144728512062,0.06202513323297446
5-13A,1.0,139.0067,-0.8162908374157298,0.04371140548096068
5-13A,1.0,139.976,-1.619997906282582,0.30569166035453177
5-13A,1.0,143.0713,0.40222795685491186,0.4894003483235611
5-13A,1.0,143.1077,-1.825722425117573,0.5888522365282559
5-13A,1.0,145.0141,-0.017750368671270573,0.1390008919845747
5-13A,1.0,145.0506,-0.48934178493526836,0.12523286967269123
5-13A,1.0,145.0623,4.849732043220877,1.6448473318686652
5-13A,1.0,145.0982,3.039686387856156,1.0400819480134398
5-13A,1.0,145.1106,2.6081968813191967,0.8146810034114718
5-13A,1.0,146.0459,-0.3996034389080372,0.012840118503695545
5-13A,1.0,147.0298,-0.9577698965020287,0.011756157922940585
5-13A,1.0,147.0662,-1.4158913518447118,0.010371270889994911
5-13A,1.0,149.0092,-0.2011870821992247,0.41856848572101213
5-13A,1.0,149.0456,-0.20903521136493164,0.1681822271333729
5-13A,1.0,149.0608,-1.3884662394809442,0.8721838046173813
5-13A,1.0,150.0422,0.6367271025679226,0.6828865149278994
5-13A,1.0,150.9707,0.5102776880128395,0.6966999880437889
5-13A,1.0,151.0259,-0.23985232969099415,0.056542376710274185
5-13A,1.0,151.04,-1.5750513318865926,0.6730084319504785
5-13A,1.0,151.06,0.815494763019574,0.9536827326969718
5-13A,1.0,152.0353,-1.3301025242159477,0.3200405448330051
5-13A,1.0,152.0716,0.24152937871709546,0.4451758187688739
5-13A,1.0,153.0192,-0.5639597977542077,0.1152116512867141
5-13A,1.0,154.062,1.201882817981001,0.0949361511225111
5-13A,1.0,154.9751,-0.9767843365315841,0.006287681023411109
5-13A,1.0,155.0099,-1.1341809883091771,0.01319625790272803
5-13A,1.0,157.0128,-1.020094638144806,0.05006945625379359
5-13A,1.0,157.0255,-1.3155846757267498,0.00891098979829909
5-13A,1.0,157.0379,-1.3609616490143663,0.04189321416818766
5-13A,1.0,157.0504,-1.197353706807157,0.01284159923954144
5-13A,1.0,159.0297,0.24920572667920923,0.24401020477213428
5-13A,1.0,159.0775,-1.150554215822253,0.0338504808716372
5-13A,1.0,160.0616,-0.5320701661816458,0.37424350164706904
5-13A,1.0,161.0453,-1.171794967855126,0.23282781310583703
5-13A,1.0,162.0424,-1.4913425844258856,0.08825195261742055
5-13A,1.0,163.0351,-1.1939177659903573,0.14942393338358512
5-13A,1.0,163.0398,-0.12812434841216594,0.05616557638279107
5-13A,1.0,163.0611,-0.4659203480635079,0.9445749083525314
5-13A,1.0,164.0716,0.3155414836645847,0.2746207568821221
5-13A,1.0,165.03,0.43882393367691985,0.44021820013320234
5-13A,1.0,165.0405,2.6253074365616276,1.1563628299635573
5-13A,1.0,165.0556,-0.6873833453623173,0.10491763688104638
5-13A,1.0,166.0508,-1.7031433860070513,0.3230481979635818
5-13A,1.0,166.0632,-1.568950427337724,0.3858621987541402
5-13A,1.0,166.9759,-1.0646079951049352,0.27220294622595465
5-13A,1.0,167.0207,0.42627977564681585,0.39150861395708253
5-13A,1.0,167.0358,-1.5500790934598785,0.5323311748993268
5-13A,1.0,167.0828,0.2212748649438192,0.3635499685335411
5-13A,1.0,168.0277,-0.3148580246646907,0.04682296227062245
5-13A,1.0,168.0664,-0.012879468503746388,0.5953562961668061
5-13A,1.0,170.0455,-0.8144263993031757,0.01295274902851527
5-13A,1.0,171.0065,-0.973818485879947,0.07023217904284082
5-13A,1.0,171.0092,-1.0937767260384068,0.03224123887892759
5-13A,1.0,171.0284,-0.9614056540404159,0.04339009301799787
5-13A,1.0,172.0616,-1.4380472154364288,0.2127727170031833
5-13A,1.0,172.962,-0.6713139748376131,0.06197017626026369
5-13A,1.0,173.0089,-0.9424899230029212,0.08529316618612455
5-13A,1.0,173.0453,-0.7040352495028079,0.07867005918804997
5-13A,1.0,173.0932,-0.5065761144710323,0.18570452984169392
5-13A,1.0,173.1041,2.7349451465533194,0.9176366746864097
5-13A,1.0,174.0407,-0.9680212288413943,0.014130531647415413
5-13A,1.0,174.088,0.08164784343879809,0.2364566150870927
5-13A,1.0,175.022,-0.7133790642873095,0.08441828693281409
5-13A,1.0,175.0361,-1.2183270931175159,0.002617159413147876
5-13A,1.0,175.0611,-1.2050792895240434,0.014551948813261795
5-13A,1.0,176.0776,-1.3311950646797086,0.13664283983009948
5-13A,1.0,177.0402,0.4286821483368616,0.630169871252518
5-13A,1.0,177.0553,-1.264472372759847,0.16966451801534477
5-13A,1.0,178.0509,-0.9435665861956656,0.04741265998812383
5-13A,1.0,179.0348,-1.8587614278293345,0.16049552699687145
5-13A,1.0,179.0561,-0.04099092217961209,0.1293868140145868
5-13A,1.0,180.0663,-0.043036698774055124,0.19537388595229374
5-13A,1.0,181.0505,-1.1817969141946514,0.39067538042728267
5-13A,1.0,182.9725,0.507718401036339,0.2804850878385783
5-13A,1.0,183.0661,-0.09699304428796354,0.5007957295997102
5-13A,1.0,184.0017,-0.14087278736636452,0.12077442995718371
5-13A,1.0,184.9856,-1.1107441808539376,0.08488877630600358
5-13A,1.0,186.1136,0.4177812665128867,0.4003156437324322
5-13A,1.0,187.0234,-0.5051607149083406,0.18485686486378788
5-13A,1.0,188.035,0.08330306236761709,0.9313937075528785
5-13A,1.0,188.0565,-1.08308344680341,0.014820378230047013
5-13A,1.0,189.0405,1.100474821242181,0.0549842579000094
5-13A,1.0,191.0197,-0.6245880696057879,0.12363831504649657
5-13A,1.0,191.0561,-0.7275013863158546,0.1293908275901346
5-13A,1.0,192.0663,2.740205421217933,1.3121955951733117
5-13A,1.0,193.0349,4.349566409058749,1.836156077324166
5-13A,1.0,194.0682,-0.8929696213674441,0.05784997500550648
5-13A,1.0,194.0822,-0.907778913354558,0.1883697802308852
5-13A,1.0,195.0509,4.474097915996064,1.3077918338888324
5-13A,1.0,195.0657,1.7656017048598867,0.44254311229313825
5-13A,1.0,196.0603,-1.1414128407934416,0.1465805064728598
5-13A,1.0,198.0182,-0.8055591616021613,0.25033326132499145
5-13A,1.0,199.0019,-0.9261777368728605,0.2696077997660034
5-13A,1.0,200.9937,-0.5896944550943384,0.45373947143005067
5-13A,1.0,201.0051,-1.5384513172236964,0.11912117554427128
5-13A,1.0,203.0348,-0.8248722128024092,0.2821856278594953
5-13A,1.0,203.0826,-0.07015608701894552,0.01527615951630019
5-13A,1.0,204.0498,1.0280962068385717,1.0972392038233705
5-13A,1.0,205.0351,-0.8352211576871295,0.09094610984040136
5-13A,1.0,206.0822,-0.4664542809621552,0.15606097051899143
5-13A,1.0,209.0292,0.3103943040171707,0.2652148677258078
5-13A,1.0,209.0814,1.8529235046887416,0.541338975746974
5-13A,1.0,211.0235,-0.9516644654976505,0.3682993826197353
5-13A,1.0,211.9968,-1.0470521839719704,0.026565400137817066
5-13A,1.0,212.0331,-0.1641390492661397,0.11625536642663176
5-13A,1.0,212.9807,-0.8899871342189455,0.04772317159665594
5-13A,1.0,213.014,-0.8461380252145116,0.14286783259609337
5-13A,1.0,213.0384,-0.23387684597935382,0.1941496324976602
5-13A,1.0,213.1252,0.7017987611814306,0.34487799033876554
5-13A,1.0,214.0488,-0.07935458195986256,0.5684851961287538
5-13A,1.0,215.0331,0.048617167716293604,0.21806316623734104
5-13A,1.0,216.1351,0.5557836181946734,0.20698057786676913
5-13A,1.0,218.0335,0.3167499621068014,0.2207854691227143
5-13A,1.0,218.1034,-1.0451279899146662,0.0865256479582651
5-13A,1.0,220.0828,0.23619917143545116,0.3883334214463377
5-13A,1.0,221.0443,0.12433060729702312,0.05493186700538899
5-13A,1.0,221.0664,-0.9671594388126187,0.3319548427207564
5-13A,1.0,225.0399,-0.6297254991128711,0.09391233008078674
5-13A,1.0,225.0861,-1.8737753982646574,0.4042120048547489
5-13A,1.0,225.0901,-0.9719298231766842,0.7074134148477882
5-13A,1.0,226.0135,-1.0797984688330007,0.11170416841181145
5-13A,1.0,226.0697,0.2743095147097524,0.24130907314487177
5-13A,1.0,228.0501,1.2432504989631823,1.2204748033134467
5-13A,1.0,229.0122,-0.8170850080655376,0.23051857591865454
5-13A,1.0,237.0614,-0.9497422864055196,0.19560772732232873
5-13A,1.0,238.0945,5.791027967774042,1.6087199592455395
5-13A,1.0,240.0515,-1.4201016035501999,0.011535595257786779
5-13A,1.0,241.0844,-1.3877187141950853,0.8813810254703793
5-13A,1.0,242.0804,4.675006252993718,2.122588297056789
5-13A,1.0,243.029,-1.3947140687836295,0.14579062001390364
5-13A,1.0,243.0625,0.27163837012200565,0.36918246108834335
5-13A,1.0,245.0444,-0.9942913188807686,0.38247541961370457
5-13A,1.0,246.0198,-1.5658556346830574,0.28843427308589203
5-13A,1.0,246.064,0.6981038499508208,0.3675550141013709
5-13A,1.0,251.0816,0.6227792910261767,0.44550569710155596
5-13A,1.0,253.0119,-0.3558813632260572,0.007457362050967174
5-13A,1.0,253.0499,0.16127415049350263,0.6411322992156745
5-13A,1.0,257.0072,-1.6737413277140962,0.2297590479776112
5-13A,1.0,257.1028,1.6262652288005541,0.6662600425709934
5-13A,1.0,259.005,-1.3253126405955982,0.45360733447592877
5-13A,1.0,259.0227,-0.15588350477912716,0.20863783502048508
5-13A,1.0,261.0385,-0.45936861503993054,0.4772154334679073
5-13A,1.0,266.0703,-0.7879872693297157,0.21671407474733081
5-13A,1.0,267.0724,-0.5600450480802439,0.05168632269269308
5-13A,1.0,268.02,-0.003545616862339781,0.32208282068871147
5-13A,1.0,269.0398,-0.447559565296789,0.13587772915129737
5-13A,1.0,271.0612,0.2779408658945034,0.4533605405616803
5-13A,1.0,271.0815,1.8469564965177754,0.5430618414006881
5-13A,1.0,273.0021,-0.9111037632195766,0.15136482783154998
5-13A,1.0,274.0933,-0.9619585312720023,0.2512240657372615
5-13A,1.0,275.0184,-1.1012184841551456,0.3069449349460073
5-13A,1.0,275.0991,-0.3047055494759605,0.2172344844207721
5-13A,1.0,277.1207,0.4982657961448868,0.25725099200652213
5-13A,1.0,277.2169,-0.4739416917794854,0.5675631818691826
5-13A,1.0,279.2331,0.6152046340576461,0.10625318886939733
5-13A,1.0,282.0839,2.222354727991651,0.9920022297863572
5-13A,1.0,283.2063,0.2748125229500104,0.0992492594129773
5-13A,1.0,285.0972,1.6338022560461603,0.22619835308660857
5-13A,1.0,287.0157,-0.10044009258834882,0.12190478846022196
5-13A,1.0,288.0725,-0.275095553707856,0.22283211434052744
5-13A,1.0,289.0333,-0.06681417092966178,0.47596286343037303
5-13A,1.0,289.1044,1.075892690634028,1.1012675547882753
5-13A,1.0,290.9677,-0.49334748762591585,0.05581786676572541
5-13A,1.0,294.0479,-0.13980477273160394,0.4422292188701205
5-13A,1.0,300.0509,2.510524770193571,1.2875138304275864
5-13A,1.0,301.0333,-0.5122795924152774,0.10929409443688927
5-13A,1.0,303.2326,-0.3147378525916053,1.0806652506112306
5-13A,1.0,305.0207,0.06920877688294524,0.12388262572152975
5-13A,1.0,306.0481,-1.1710047970750472,0.07353021143001562
5-13A,1.0,306.0765,-0.25950544156501343,0.00978674536953452
5-13A,1.0,308.0986,0.2827034185008898,0.1606358133031036
5-13A,1.0,313.0441,-0.15629908709462437,0.48628910982007795
5-13A,1.0,313.1037,-0.23984524184446102,0.5954914932305189
5-13A,1.0,317.026,0.8465950069223847,0.46572254372005456
5-13A,1.0,323.0256,0.356731258931933,0.2606369875258157
5-13A,1.0,325.1163,0.19115511902648688,0.24858413845784727
5-13A,1.0,328.0457,-0.5234251681933604,0.16366784081874863
5-13A,1.0,333.0589,-0.7228373255383547,0.20420269826640047
5-13A,1.0,338.9884,-0.8366665732694771,0.24735338945811744
5-13A,1.0,339.0928,3.835128577620319,1.400947105653082
5-13A,1.0,341.1089,3.2199620380258693,1.1556810958619097
5-13A,1.0,344.0393,-0.024526114822207942,0.4542836834988057
5-13A,1.0,346.0556,3.311937921738658,1.5303165593307018
5-13A,1.0,348.087,-0.9470285992200931,0.08570630516669954
5-13A,1.0,353.0489,4.742082188437548,2.418384697972338
5-13A,1.0,357.089,-0.137354443362187,0.10959754463189489
5-13A,1.0,375.131,0.40382743843185653,0.25643177836391823
5-13A,1.0,377.1496,2.5451095024037698,0.4750175892278654
5-13A,1.0,383.1188,-0.19276426936479876,0.20659556987838726
5-13A,1.0,388.9416,-0.45051953249989896,0.2070093970924251
5-13A,1.0,388.9442,-0.6229154154906205,0.20551162477814852
5-13A,1.0,401.0756,0.550263413711445,0.12687468623475062
5-13A,1.0,407.2795,2.117012392512864,0.9483602732570722
5-13A,1.0,421.0743,1.0836517372971697,0.41999228321325205
5-13A,1.0,426.0222,2.96140311019167,1.4213480636083473
5-13A,1.0,442.9997,0.10505660190367092,0.2139175190380682
5-13A,1.0,466.9657,-0.3237554941918354,0.2820577415462452
5-13A,1.0,490.9787,-0.05131935777554483,0.8791365832448323
5-13A,1.0,503.1614,-0.36598371712389105,0.269288707687017
5-13A,1.0,547.0731,-1.363625768438479,0.1312118373245347
5-13A,1.0,565.0471,-1.0010256621330493,0.12262166804238375
5-13A,1.0,578.8872,0.5016682587659591,0.21121238381653393
5-13A,1.0,579.0269,0.9611978327532457,0.1904025661443747
5-13A,1.0,612.2549,-0.9085896053611434,0.16481112350977245
5-13A,1.0,624.2949,-0.8358035444875842,0.4104910295109784
5-13A,1.0,659.307,-0.5321001377828336,0.1187785743058996
5-13A,1.0,664.0939,-0.6042708024452834,0.19578971414243557
5-13A,1.0,665.2144,-0.5307285769139054,0.279295904873837
5-13A,1.0,668.1374,-0.6165438276132016,0.00011128054148910238
5-13A,1.0,787.255,-0.9325010859799381,0.1274469580468856
5-13A,1.0,790.2568,-0.6092869695065017,0.0972178179709745
5-13A,1.0,835.0407,-0.861778219566552,0.0594224464410694
5-13A,1.0,863.2971,-0.6104294969069513,0.11557509685879151
5-13A,1.0,864.1473,-1.4205115715965588,0.1332809888318379
5-13A,1.0,974.2935,-0.8140482278004193,0.2616600845904891
5-13A,1.0,976.7162,-0.1967853612015927,0.3402618462433249
5-13A,2.0,57.0342,1.6579557203242952,0.4585315006725107
5-13A,2.0,58.0295,-1.1422750311522845,0.0843087623535416
5-13A,2.0,59.0135,1.4935175403245755,0.2902154319870176
5-13A,2.0,71.0137,1.2937022090278862,0.2923131325004579
5-13A,2.0,73.0293,-0.9354235518657519,0.021872461864269093
5-13A,2.0,74.0247,-1.3106321200614048,0.09481604343553891
5-13A,2.0,75.0087,0.8030341694142529,0.9738010129371303
5-13A,2.0,87.0088,-0.618855985384033,0.12584854318692784
5-13A,2.0,87.0451,1.0278574129845923,1.0119169289764132
5-13A,2.0,88.0403,-0.9462997844236116,0.014064320206693745
5-13A,2.0,88.9883,-0.3045646296787816,0.3339511612156517
5-13A,2.0,89.0244,-0.43156973585788694,0.11228199865417346
5-13A,2.0,93.0338,-0.06441424612997633,0.021861523768534754
5-13A,2.0,94.9761,-1.2087707795149698,1.1022321805535684
5-13A,2.0,94.9806,2.201083623468512,0.5918963437842681
5-13A,2.0,95.0139,1.455028705327865,0.3003785671878606
5-13A,2.0,101.0242,1.595919164190693,0.2973607375941463
5-13A,2.0,102.056,-0.29444243525953534,0.030525400193053703
5-13A,2.0,103.0402,-0.8764972635041335,0.05692729606867944
5-13A,2.0,103.0509,-0.8975109974179136,0.08188935951036265
5-13A,2.0,104.0352,-0.3283587749297634,0.18079077820987358
5-13A,2.0,105.0193,3.0802770050396884,0.11367640163232809
5-13A,2.0,107.0503,2.038714592004815,0.22996012545534678
5-13A,2.0,109.0295,-0.38628268044783953,0.13656163932273171
5-13A,2.0,111.02,-1.1560223780212515,0.006299966555052732
5-13A,2.0,112.0516,1.9595068973923793,0.7495178352220971
5-13A,2.0,113.0244,1.5880675501049342,0.1013568338783892
5-13A,2.0,113.0357,-1.0008266858894355,0.027853872179613492
5-13A,2.0,114.056,-0.2426818628098165,0.0017753607228348707
5-13A,2.0,115.0037,-0.7454857577982725,0.042725836236405676
5-13A,2.0,115.0402,1.9959294037550486,0.7403013432885305
5-13A,2.0,115.0764,2.3073438819457124,0.6579541373305736
5-13A,2.0,116.0354,-0.9387117983256807,0.1640021308285368
5-13A,2.0,116.0717,-0.7924968368381655,0.009223342365048353
5-13A,2.0,117.0194,-0.9407257975694319,0.0023617964101802103
5-13A,2.0,118.0508,-1.2203256350754406,0.19895114301865208
5-13A,2.0,118.9804,1.681752505841978,0.11148860831825193
5-13A,2.0,119.0503,0.32929598702531504,0.19825501191967274
5-13A,2.0,120.9273,4.0893078474462685,1.2325495509582338
5-13A,2.0,121.0295,1.6553504828175538,0.34911892175807746
5-13A,2.0,121.0409,1.8607670423398985,0.19607978340265783
5-13A,2.0,122.0248,1.2602284411572227,0.24535968795097424
5-13A,2.0,124.0075,0.701122991319314,0.1548977375534556
5-13A,2.0,124.0144,1.0272647098987724,0.32414313899720615
5-13A,2.0,125.0439,1.4344479149976765,0.285911931622124
5-13A,2.0,127.0764,2.1469139142078255,0.849684977560134
5-13A,2.0,128.0354,-0.3422246166768107,0.0074778115926450485
5-13A,2.0,129.0193,-0.8930572854286472,0.042855694304575344
5-13A,2.0,129.0556,2.808306454090213,1.4901629431425651
5-13A,2.0,130.0142,-0.4605289649889695,0.19141578609518856
5-13A,2.0,130.0509,-1.0421645306405194,0.00499709442812203
5-13A,2.0,130.0874,-1.0132046038659825,0.02756105439113401
5-13A,2.0,131.0008,0.5396951978247314,1.4251282883949832
5-13A,2.0,131.0123,-0.5918937516802281,0.035300937837819936
5-13A,2.0,131.035,1.786746453330006,0.12297809306012018
5-13A,2.0,131.0462,1.6212726943815525,0.38825575955978553
5-13A,2.0,131.0828,-0.3342688477203545,0.11803668903178484
5-13A,2.0,132.0302,-1.2130098069074347,0.008132163484301371
5-13A,2.0,133.0142,-0.3683897542632062,0.02363594204044015
5-13A,2.0,133.0257,-0.5156813987669531,0.04995920099065955
5-13A,2.0,133.0505,-1.2656359104623842,0.0081860212754466
5-13A,2.0,134.0472,-0.8747260974605746,0.12645492523075086
5-13A,2.0,134.0604,-0.9957227678531742,0.4078691537309949
5-13A,2.0,135.0302,-0.7392692013009907,0.06333012509506412
5-13A,2.0,135.0453,-1.140971169647643,0.09411487887557012
5-13A,2.0,136.0404,-0.2059056060472804,0.044878512474752025
5-13A,2.0,136.0487,-0.9473835704534367,0.1749034318928394
5-13A,2.0,136.0767,2.080295888352252,0.2601155612625581
5-13A,2.0,137.0239,-0.2417809026694434,0.26291822302725154
5-13A,2.0,138.9789,0.9049638166445553,0.18043711567005136
5-13A,2.0,139.0014,-0.3512760482661981,0.026016592897267713
5-13A,2.0,139.0067,-0.6023287117473558,0.011914190536863191
5-13A,2.0,139.976,0.3751298938565629,0.3650053648040346
5-13A,2.0,143.0713,2.3274387473572378,0.2881951917893068
5-13A,2.0,143.1077,1.2076585713493204,0.2518992104666401
5-13A,2.0,145.0141,-0.04249316816244357,0.12992954614324356
5-13A,2.0,145.0506,-0.6322815043119343,0.11093645073758757
5-13A,2.0,145.0623,-0.5839196873084422,0.36196833835477416
5-13A,2.0,145.0982,-0.17770946413092004,0.22586032932825645
5-13A,2.0,145.1106,0.2669809119598883,0.6064588551071908
5-13A,2.0,146.0459,-0.376435664297216,0.009862871841445929
5-13A,2.0,147.0298,-0.9404495402825435,0.00689198528018063
5-13A,2.0,147.0662,-1.3529623061787428,0.00934569298516213
5-13A,2.0,149.0092,1.5244765874180546,0.49527711299215205
5-13A,2.0,149.0456,0.6386796145147656,0.16962534867373552
5-13A,2.0,149.0608,1.4010156169186947,0.29718273429834485
5-13A,2.0,150.0422,-0.4902712633539727,0.8676910190771147
5-13A,2.0,150.9707,-0.8031554679894626,0.6458707649328583
5-13A,2.0,151.0259,-0.5895679662757762,0.07810945573310685
5-13A,2.0,151.04,1.591386990469997,0.6486416100413575
5-13A,2.0,151.06,0.5413747404954645,0.7246126308963392
5-13A,2.0,152.0353,0.9233038705412728,0.37318643392363493
5-13A,2.0,152.0716,2.059634389753386,0.2966412175342864
5-13A,2.0,153.0192,0.1469270023778986,0.0284633541018347
5-13A,2.0,154.062,-0.28912465541386323,0.07815328819154957
5-13A,2.0,154.9751,-0.988954229331326,0.007463853939178891
5-13A,2.0,155.0099,-1.1235321355831647,0.00492565164095433
5-13A,2.0,157.0128,-0.9180630497459557,0.04331338960960615
5-13A,2.0,157.0255,-1.3079575357362638,0.009711818846315997
5-13A,2.0,157.0379,-1.3367769998732393,0.0546684455307817
5-13A,2.0,157.0504,-1.0840409491665663,0.04936132761563062
5-13A,2.0,159.0297,1.3069258292703716,0.3468955341507666
5-13A,2.0,159.0775,-1.1526593263583407,0.019242197795568843
5-13A,2.0,160.0616,-0.35895101167618726,0.3311676682650507
5-13A,2.0,161.0453,1.4055965805973403,0.1196981992089154
5-13A,2.0,162.0424,-1.4020806516816737,0.14839103795196387
5-13A,2.0,163.0351,-0.622504570385193,0.2621648946417099
5-13A,2.0,163.0398,0.5146915038154778,0.17353684170234626
5-13A,2.0,163.0611,0.9325409472177811,0.4824470790181526
5-13A,2.0,164.0716,-0.3648970431671842,0.047813518465289175
5-13A,2.0,165.03,1.520857883333959,1.6251247446678572
5-13A,2.0,165.0405,1.3159504395318962,0.5048993540194101
5-13A,2.0,165.0556,-0.3797404082893231,0.0725202085746328
5-13A,2.0,166.0508,-0.3955599332301399,0.1492103456840267
5-13A,2.0,166.0632,0.4426387206192433,0.19874726539215026
5-13A,2.0,166.9759,-0.3572969052207295,0.5943175827007767
5-13A,2.0,167.0207,0.22745474108192762,0.5092005731594934
5-13A,2.0,167.0358,1.8854221194295775,0.5812681671197643
5-13A,2.0,167.0828,1.3588893390059038,0.8976923169744868
5-13A,2.0,168.0277,-0.2983757400986872,0.05307039772720506
5-13A,2.0,168.0664,1.8076882225310547,0.8616931658134896
5-13A,2.0,170.0455,-0.8350164955629679,0.014956693025247427
5-13A,2.0,171.0065,-1.0043702067358766,0.06657878595102446
5-13A,2.0,171.0092,-0.9946839118412887,0.13797482491524488
5-13A,2.0,171.0284,-0.8348732243578946,0.055638801247723246
5-13A,2.0,172.0616,-1.3893586401723192,0.09615921476536288
5-13A,2.0,172.962,-0.40334390558620836,0.1248501001079716
5-13A,2.0,173.0089,-0.8593884193908603,0.11285835182780775
5-13A,2.0,173.0453,-0.5435789346317281,0.07021463747518311
5-13A,2.0,173.0932,-0.8523331368909052,0.05660683005505335
5-13A,2.0,173.1041,-0.19873948423495094,0.16263606054799234
5-13A,2.0,174.0407,-0.9928311860309066,0.003460507287339557
5-13A,2.0,174.088,-0.5285023148271983,0.07644896695655258
5-13A,2.0,175.022,-0.6720239190390582,0.21520484358725148
5-13A,2.0,175.0361,-1.2011635365280942,0.008945966469869615
5-13A,2.0,175.0611,-1.1998892392104739,0.014173579913029925
5-13A,2.0,176.0776,-1.1792682310518394,0.2575022089824146
5-13A,2.0,177.0402,1.0119157471036015,0.43246285915283533
5-13A,2.0,177.0553,0.46682189481777037,0.5314211714212908
5-13A,2.0,178.0509,-0.9652067886167308,0.005975916847833634
5-13A,2.0,179.0348,-0.9385088457196419,0.12322030499611884
5-13A,2.0,179.0561,1.0616105655370087,0.10299674809362107
5-13A,2.0,180.0663,0.8435396345961187,0.20050192175690837
5-13A,2.0,181.0505,-0.87244077122045,0.15095186121758628
5-13A,2.0,182.9725,1.563539506189518,0.4610517789023974
5-13A,2.0,183.0661,1.9829421502904714,1.3159444102630082
5-13A,2.0,184.0017,-0.3116169638909788,0.057754486201134075
5-13A,2.0,184.9856,-0.2982918544441943,0.05710502372408449
5-13A,2.0,186.1136,1.5198504318047008,0.46607220400453836
5-13A,2.0,187.0234,-0.5900686571711551,0.38430540944924324
5-13A,2.0,188.035,-0.35644287692586796,0.6306941107122019
5-13A,2.0,188.0565,-1.066009390989952,0.00974928056876018
5-13A,2.0,189.0405,1.5511886543502411,0.13271279383297155
5-13A,2.0,191.0197,-0.7775819972112431,0.16194039974523342
5-13A,2.0,191.0561,-1.1184193664833146,0.04692059559380129
5-13A,2.0,192.0663,0.5121199153410657,0.5252445896667319
5-13A,2.0,193.0349,-0.21781279581714974,0.9222475117631899
5-13A,2.0,194.0682,-0.9429726656642947,0.16831487085355418
5-13A,2.0,194.0822,1.913073940328287,0.6909363460460319
5-13A,2.0,195.0509,-0.22510515606259196,0.25673003881459044
5-13A,2.0,195.0657,-0.2325391309817069,0.8206157328641608
5-13A,2.0,196.0603,-1.0156554626950856,0.07141025178700135
5-13A,2.0,198.0182,-1.1837690762484263,0.2997194009486781
5-13A,2.0,199.0019,-0.4134713771044921,0.10643301063726801
5-13A,2.0,200.9937,0.6677653107930765,0.7015145842392928
5-13A,2.0,201.0051,-1.608502051297518,0.3973368926968056
5-13A,2.0,203.0348,0.26565740757783163,0.1557651675202086
5-13A,2.0,203.0826,-0.06582642834563979,0.015692730099078653
5-13A,2.0,204.0498,0.8794425376194296,1.300311244088034
5-13A,2.0,205.0351,-0.7256621968904389,0.07327157021224054
5-13A,2.0,206.0822,0.8011156573354137,0.5882263720064012
5-13A,2.0,209.0292,-0.5959450208199069,0.17043689121787817
5-13A,2.0,209.0814,0.3530916461232827,0.14528335211976987
5-13A,2.0,211.0235,0.10166912076621507,0.37036860426446966
5-13A,2.0,211.9968,-1.0505432347071713,0.04139004154653127
5-13A,2.0,212.0331,-0.42594325020445023,0.42755650763141656
5-13A,2.0,212.9807,-0.427814780913217,0.130248249436558
5-13A,2.0,213.014,-0.8349258286411583,0.14079609986245278
5-13A,2.0,213.0384,-0.25438804937022436,0.08811246678127647
5-13A,2.0,213.1252,0.5649659560339806,0.3027196228938004
5-13A,2.0,214.0488,-0.7295225874140305,0.7350051883396922
5-13A,2.0,215.0331,1.0667459378650612,0.15239456730957954
5-13A,2.0,216.1351,0.21382640314214882,0.189514670469908
5-13A,2.0,218.0335,1.125304567532073,0.17383301912668409
5-13A,2.0,218.1034,-1.0176880375400135,0.043021797203392734
5-13A,2.0,220.0828,-0.6403487423468075,0.7067189034830842
5-13A,2.0,221.0443,1.5486224277187506,0.12040428360325511
5-13A,2.0,221.0664,1.251978334946342,1.0282878811336913
5-13A,2.0,225.0399,0.764252172741275,0.8440873546537588
5-13A,2.0,225.0861,1.2122348882725313,0.3503204467791115
5-13A,2.0,225.0901,1.0883231901234391,0.7418470793495247
5-13A,2.0,226.0135,-0.024090505109760664,0.3582115305214256
5-13A,2.0,226.0697,0.46426443193427414,0.4385239369070764
5-13A,2.0,228.0501,-0.47716752749314,0.30850499496422246
5-13A,2.0,229.0122,-0.7683370024081875,0.17774420486183157
5-13A,2.0,237.0614,-1.3102277384766672,0.056740106272091737
5-13A,2.0,238.0945,0.9699604490271442,0.2060321738373785
5-13A,2.0,240.0515,-1.3509965808401683,0.020863808621567875
5-13A,2.0,241.0844,-0.264939607781477,0.43448812787236957
5-13A,2.0,242.0804,-0.1359150728899433,0.6417830508533233
5-13A,2.0,243.029,-0.44122886282638646,0.4351705531463696
5-13A,2.0,243.0625,-0.9439308819495256,0.37487411712081103
5-13A,2.0,245.0444,-0.673447760053242,0.144562156156596
5-13A,2.0,246.0198,0.8853793487478757,0.7481427228779677
5-13A,2.0,246.064,0.922276056990436,0.888197985706058
5-13A,2.0,251.0816,0.9219067833393995,0.5479918125830118
5-13A,2.0,253.0119,-0.3507348430624213,0.006999962786281783
5-13A,2.0,253.0499,-0.19176894801765862,1.176589278826528
5-13A,2.0,257.0072,-0.6538227767441045,0.5056627572028162
5-13A,2.0,257.1028,1.7750458615647795,0.7546483782868725
5-13A,2.0,259.005,0.5694208382745496,0.7316622653389397
5-13A,2.0,259.0227,0.6151631428913298,0.1926990224521809
5-13A,2.0,261.0385,-0.05645844976166159,0.5913637655100883
5-13A,2.0,266.0703,-0.5040317437666911,0.18198433923247298
5-13A,2.0,267.0724,-0.7116278659666544,0.008094238209577151
5-13A,2.0,268.02,0.5060933298152243,0.9740312739498295
5-13A,2.0,269.0398,-0.5376643508937832,0.1510564214684781
5-13A,2.0,271.0612,0.31373376821934434,0.8665143181221724
5-13A,2.0,271.0815,1.3613258441780034,0.6863089389197229
5-13A,2.0,273.0021,-0.7935346258168576,0.1560380053180113
5-13A,2.0,274.0933,-1.261695197723124,0.11046506915680096
5-13A,2.0,275.0184,-0.2863304552459382,1.1388211413394296
5-13A,2.0,275.0991,-0.713397870448824,0.3234293932023822
5-13A,2.0,277.1207,1.2023630513317665,0.2231068075825837
5-13A,2.0,277.2169,0.4240922587941095,0.25426967512440324
5-13A,2.0,279.2331,-0.304684196262795,0.013908636835238792
5-13A,2.0,282.0839,0.1272512063026761,0.4424406299778073
5-13A,2.0,283.2063,-0.5377131750328339,0.3452872963230021
5-13A,2.0,285.0972,0.0724323321115634,1.1479798230799125
5-13A,2.0,287.0157,0.7903626811218767,0.3336334739182422
5-13A,2.0,288.0725,-0.6839760214548372,0.09252139027097792
5-13A,2.0,289.0333,0.8261644123365504,0.6549776996400258
5-13A,2.0,289.1044,-0.9613040034640152,0.16086882665702112
5-13A,2.0,290.9677,-0.5459955755916162,0.0600812987968254
5-13A,2.0,294.0479,0.382797448269391,0.5965269849969191
5-13A,2.0,300.0509,0.2530865187143363,0.40568632484664086
5-13A,2.0,301.0333,1.5215310945457277,1.1239958296638708
5-13A,2.0,303.2326,0.8366654257435978,0.8411758153086564
5-13A,2.0,305.0207,1.4507982444503227,0.11569482078663978
5-13A,2.0,306.0481,-1.1739066599086687,0.09473815549032123
5-13A,2.0,306.0765,-0.2915154812824493,0.014710008712443557
5-13A,2.0,308.0986,-0.2770638136147072,0.018139707761199216
5-13A,2.0,313.0441,-0.716192699975577,0.25493658231330574
5-13A,2.0,313.1037,-0.42593465204960723,0.46814763426804323
5-13A,2.0,317.026,0.47624161759863276,0.5780850909373904
5-13A,2.0,323.0256,2.1955623887223705,0.8013377652527092
5-13A,2.0,325.1163,-0.9462020607189137,0.3218030853088755
5-13A,2.0,328.0457,-1.0281578664526037,0.058331959169454974
5-13A,2.0,333.0589,-1.0382962662751847,0.29879525748369784
5-13A,2.0,338.9884,-0.6120229645596548,0.2543774430153496
5-13A,2.0,339.0928,-0.949613533032683,0.34958536350959646
5-13A,2.0,341.1089,-0.016867377618367218,0.1321100123749421
5-13A,2.0,344.0393,-0.4442332152299885,0.4802642360413106
5-13A,2.0,346.0556,-0.1272402039977976,0.20212023607554258
5-13A,2.0,348.087,-1.0646867265038176,0.10935400877011989
5-13A,2.0,353.0489,-0.404257218486746,0.8126145660107078
5-13A,2.0,357.089,-0.9250930479789506,0.19377709317311817
5-13A,2.0,375.131,-0.6959986356969969,0.34989926032287766
5-13A,2.0,377.1496,-0.3929395730803285,0.3599627547712961
5-13A,2.0,383.1188,1.3838948255899925,0.6577636101655245
5-13A,2.0,388.9416,-0.3467834816959583,0.34392888452701914
5-13A,2.0,388.9442,-0.6191839028717736,0.35107009929811545
5-13A,2.0,401.0756,1.742290374909242,0.09985700545976517
5-13A,2.0,407.2795,0.22492504911522454,0.24663565330649476
5-13A,2.0,421.0743,-0.569276727688658,0.5400675041767066
5-13A,2.0,426.0222,-0.6807774894438341,0.8688286644053208
5-13A,2.0,442.9997,0.11538364646163538,0.03818898227508033
5-13A,2.0,466.9657,1.1387612976649946,0.12733335964093456
5-13A,2.0,490.9787,0.7120622825227232,0.8334497068979503
5-13A,2.0,503.1614,1.3634482597611117,0.5431795872886162
5-13A,2.0,547.0731,-1.2900395886098448,0.04810578630894602
5-13A,2.0,565.0471,-0.8633386543218156,0.11564315686379636
5-13A,2.0,578.8872,1.73710758487509,0.24370372479729474
5-13A,2.0,579.0269,1.37168476073351,0.15365795989918807
5-13A,2.0,612.2549,-0.9651073982105551,0.4606118768161828
5-13A,2.0,624.2949,-0.2292799122628481,0.5225473882057053
5-13A,2.0,659.307,0.4731687060781541,0.3646649240736613
5-13A,2.0,664.0939,-0.657508548905408,0.12795535069212446
5-13A,2.0,665.2144,-0.27965177089819104,0.35406643466616566
5-13A,2.0,668.1374,-0.6164778603194403,0.00018423285345270797
5-13A,2.0,787.255,0.7451550949294765,0.41788213334704466
5-13A,2.0,790.2568,-0.1752787375158919,0.2685275989872839
5-13A,2.0,835.0407,-0.9646059647739489,0.22510764339130784
5-13A,2.0,863.2971,-0.6507200732681215,0.09960061824299157
5-13A,2.0,864.1473,-0.4014451820769563,0.16181149993303567
5-13A,2.0,974.2935,-0.4680963604163734,0.5279922926790347
5-13A,2.0,976.7162,0.9373299845833309,0.1963718244712007
5-13A,3.0,57.0342,1.9365149779178759,0.5178472503464366
5-13A,3.0,58.0295,-0.8722748348910421,0.1944681511755218
5-13A,3.0,59.0135,1.6663969921817592,0.29408239460048774
5-13A,3.0,71.0137,1.6092142453126734,0.22104065501368741
5-13A,3.0,73.0293,-0.936450008223518,0.021999356895505633
5-13A,3.0,74.0247,-1.3607656667074048,0.35838812443946105
5-13A,3.0,75.0087,-0.4085727553676449,0.2501064410153334
5-13A,3.0,87.0088,-0.652255400876226,0.017336120834363183
5-13A,3.0,87.0451,1.491113741034464,0.7322148817477053
5-13A,3.0,88.0403,-0.9462629061280585,0.01629275139775395
5-13A,3.0,88.9883,-0.7002661857339126,0.5579828382813706
5-13A,3.0,89.0244,-0.29448621557477184,0.04375665739057444
5-13A,3.0,93.0338,-0.0833790244153712,0.010868646048328183
5-13A,3.0,94.9761,-0.6779155104831485,0.5378222373321999
5-13A,3.0,94.9806,1.1923299994363092,0.42589884775645087
5-13A,3.0,95.0139,1.528679593290791,0.15042452400452247
5-13A,3.0,101.0242,1.7763530043963631,0.406737020692961
5-13A,3.0,102.056,-0.41627306095483674,0.10894027797157123
5-13A,3.0,103.0402,-0.9272301834019596,0.037337542384088145
5-13A,3.0,103.0509,-0.9117253039857174,0.07551974833086429
5-13A,3.0,104.0352,-0.5291685374308933,0.15922994933227827
5-13A,3.0,105.0193,1.3552062515319259,1.1215936369308732
5-13A,3.0,107.0503,0.3354840302069666,0.7385779436980489
5-13A,3.0,109.0295,-0.6215738772220005,0.07489536723474591
5-13A,3.0,111.02,-1.087963550739305,0.011632370081142238
5-13A,3.0,112.0516,0.6458873042226887,0.502659524202901
5-13A,3.0,113.0244,1.5999080919028312,0.08072624689764198
5-13A,3.0,113.0357,-0.9346073984947527,0.020744798663759462
5-13A,3.0,114.056,-0.25001942629827073,0.002310821990782077
5-13A,3.0,115.0037,-0.7632239457807714,0.028619228803247018
5-13A,3.0,115.0402,1.1316781265468459,0.3052851212979692
5-13A,3.0,115.0764,0.9577864574493229,0.3009340488647757
5-13A,3.0,116.0354,-0.9405136901612887,0.21669499184056742
5-13A,3.0,116.0717,-0.8010598844951357,0.00789751672112017
5-13A,3.0,117.0194,-0.9348246028916753,0.004094476884180769
5-13A,3.0,118.0508,-1.4244177358399777,0.2369803244279129
5-13A,3.0,118.9804,1.480401056678367,0.1359701869087992
5-13A,3.0,119.0503,0.6186913583585603,0.3153777673027928
5-13A,3.0,120.9273,0.8843197138088847,1.2656193392858528
5-13A,3.0,121.0295,1.7110446048686438,0.18452900955956303
5-13A,3.0,121.0409,1.6076050749242774,0.8488939802548949
5-13A,3.0,122.0248,0.7706855129361136,0.14592110789477544
5-13A,3.0,124.0075,0.6118500554801946,0.1262011206672423
5-13A,3.0,124.0144,1.3316090171958328,0.47567823224639155
5-13A,3.0,125.0439,1.3229170112524835,0.17785690114903435
5-13A,3.0,127.0764,2.030641004706411,0.8134527486287997
5-13A,3.0,128.0354,-0.3374864223080237,0.00764985347378534
5-13A,3.0,129.0193,-0.870558914857586,0.05886071745388044
5-13A,3.0,129.0556,1.3238393949265055,0.6264183702988909
5-13A,3.0,130.0142,-0.4969158873671618,0.1322630164281051
5-13A,3.0,130.0509,-1.046134893154869,0.026064581493835854
5-13A,3.0,130.0874,-1.0384862714063843,0.041545012710275636
5-13A,3.0,131.0008,0.143854206939389,1.1756701422655544
5-13A,3.0,131.0123,-0.646325786016303,0.1010252099323405
5-13A,3.0,131.035,1.8078642625526533,0.036449914622177046
5-13A,3.0,131.0462,1.3886438484680672,0.14581660563653118
5-13A,3.0,131.0828,-0.1873241296765369,0.28377781700010324
5-13A,3.0,132.0302,-1.1587407264541074,0.008023979829181363
5-13A,3.0,133.0142,-0.15314208434151882,0.06716534491025865
5-13A,3.0,133.0257,-0.19876990915111642,0.09066899210470335
5-13A,3.0,133.0505,-1.1914285123181774,0.012125623114277747
5-13A,3.0,134.0472,-1.004154306876576,0.19145793791523574
5-13A,3.0,134.0604,-0.9548584365917439,0.21134761910108746
5-13A,3.0,135.0302,-0.9912877948576442,0.0958835820101852
5-13A,3.0,135.0453,-0.2759869489911008,0.12033250083873036
5-13A,3.0,136.0404,-0.19167504800427843,0.043574862122950864
5-13A,3.0,136.0487,-0.23564328473428775,0.13940831235330997
5-13A,3.0,136.0767,1.7116499271866483,0.3876669985471334
5-13A,3.0,137.0239,-0.195842567850705,0.16720201932810422
5-13A,3.0,138.9789,0.44636410165342433,0.4528310105873696
5-13A,3.0,139.0014,-0.3267592375660736,0.06708427764040761
5-13A,3.0,139.0067,-0.6411589558365365,0.01799530636079042
5-13A,3.0,139.976,-0.3423960528194797,0.27390451642879127
5-13A,3.0,143.0713,1.9693118867987465,0.36417922813040793
5-13A,3.0,143.1077,1.2965281840314022,0.5577558292966032
5-13A,3.0,145.0141,-0.06633294577437668,0.1306588719837864
5-13A,3.0,145.0506,-0.6700670379627691,0.14782223780323397
5-13A,3.0,145.0623,-0.8216940940293458,0.2039809361891877
5-13A,3.0,145.0982,-0.3900932851218975,0.30017613481102146
5-13A,3.0,145.1106,-0.5495627584790262,0.6427188547041716
5-13A,3.0,146.0459,-0.29732853898407763,0.00849772366770352
5-13A,3.0,147.0298,-0.8987295646883763,0.0075604833735873666
5-13A,3.0,147.0662,-1.233295264678802,0.01236289079346345
5-13A,3.0,149.0092,1.6643693668539918,0.4986117936083181
5-13A,3.0,149.0456,0.6735539586174114,0.27834691994953836
5-13A,3.0,149.0608,1.3871581338565677,0.23592909370540463
5-13A,3.0,150.0422,-1.0955848733190896,0.5139212953337973
5-13A,3.0,150.9707,0.25750375987654733,0.7379442341428728
5-13A,3.0,151.0259,-0.660098850965144,0.06453643534666975
5-13A,3.0,151.04,1.152502141901321,1.0083163684135752
5-13A,3.0,151.06,0.6471375838315383,1.6881085190424872
5-13A,3.0,152.0353,0.4331839662529474,0.4139561551050089
5-13A,3.0,152.0716,1.9799554297573096,0.379755458559631
5-13A,3.0,153.0192,0.3622566485764943,0.06742389027858313
5-13A,3.0,154.062,-0.20950854347418776,0.13684583518286045
5-13A,3.0,154.9751,-0.946414533837745,0.00620039563643843
5-13A,3.0,155.0099,-1.0430059152616318,0.008371118799131402
5-13A,3.0,157.0128,-0.8559258124110558,0.05119030982798279
5-13A,3.0,157.0255,-1.2581303176533938,0.024696565712088878
5-13A,3.0,157.0379,-1.2566610917324923,0.030462505897898076
5-13A,3.0,157.0504,-1.083600446792935,0.01577411518269554
5-13A,3.0,159.0297,1.460508715220667,0.23408629853587273
5-13A,3.0,159.0775,-1.039202639757113,0.01650511102015533
5-13A,3.0,160.0616,-0.1590898739544383,0.283832076403226
5-13A,3.0,161.0453,1.3663211514094722,0.20585185856151908
5-13A,3.0,162.0424,-1.2362590017195934,0.11582404642283961
5-13A,3.0,163.0351,-0.7942932200548678,0.13288900150591829
5-13A,3.0,163.0398,0.3720141523207385,0.09815366224927397
5-13A,3.0,163.0611,0.624651395921604,0.5486590532399457
5-13A,3.0,164.0716,-0.44601543779155006,0.024328561766192042
5-13A,3.0,165.03,1.3382398420954698,0.8652592951047325
5-13A,3.0,165.0405,0.9504044009289585,0.6857041240580021
5-13A,3.0,165.0556,-0.4621644568420339,0.21143837156151257
5-13A,3.0,166.0508,-0.5044677801140366,0.3774538864424997
5-13A,3.0,166.0632,0.6462789661376432,0.9865162781316762
5-13A,3.0,166.9759,-0.5497721119822998,0.19291519576159855
5-13A,3.0,167.0207,-0.032931182846147725,0.6090053226789154
5-13A,3.0,167.0358,1.4358755868989674,0.5361958411696363
5-13A,3.0,167.0828,0.5410601302072352,0.8612566771298227
5-13A,3.0,168.0277,-0.18889707931165511,0.05629017128002893
5-13A,3.0,168.0664,1.7941775161040803,0.9359055305305714
5-13A,3.0,170.0455,-0.848811180515898,0.010602132236554613
5-13A,3.0,171.0065,-0.9350226498724175,0.06576849671530682
5-13A,3.0,171.0092,-1.0015517306470296,0.13583325902031687
5-13A,3.0,171.0284,-0.792397989402696,0.06211714167831703
5-13A,3.0,172.0616,-1.2887499470380754,0.14885475601478737
5-13A,3.0,172.962,-0.4465218071101058,0.08329957732037593
5-13A,3.0,173.0089,-0.8369324192753809,0.10956805933286506
5-13A,3.0,173.0453,-0.27990123782296433,0.19727114339554783
5-13A,3.0,173.0932,-0.8527263106712325,0.05653673085637368
5-13A,3.0,173.1041,-0.7076259557370184,0.09678109962458659
5-13A,3.0,174.0407,-0.9774129785045165,0.00830916926718744
5-13A,3.0,174.088,-0.7214945385982822,0.20761506657203066
5-13A,3.0,175.022,-0.6913014476834254,0.07782306021914422
5-13A,3.0,175.0361,-1.153908603090381,0.016650755999108438
5-13A,3.0,175.0611,-1.147206828931465,0.01390335813510942
5-13A,3.0,176.0776,-0.8546150568113329,0.2447791767488506
5-13A,3.0,177.0402,1.1384685770658431,0.26561537500480026
5-13A,3.0,177.0553,1.1708981350063707,0.3385366020901864
5-13A,3.0,178.0509,-0.9351615911550355,0.007138875957247043
5-13A,3.0,179.0348,-0.5547903876684288,0.27802424673575177
5-13A,3.0,179.0561,1.0711092901204216,0.12170500105188509
5-13A,3.0,180.0663,1.069344454868242,0.1593892943245267
5-13A,3.0,181.0505,-0.6234538475568071,0.10528638635611333
5-13A,3.0,182.9725,1.6209713379450716,0.32972687114424476
5-13A,3.0,183.0661,1.8436846866191257,0.678337914057732
5-13A,3.0,184.0017,-0.08622940930745113,0.0742354557288321
5-13A,3.0,184.9856,-0.16653060783032567,0.12519893807970944
5-13A,3.0,186.1136,2.359092457369808,0.5567186488088446
5-13A,3.0,187.0234,-0.8576403962756823,0.4373334006380663
5-13A,3.0,188.035,-0.18140886669111472,0.3515826080243756
5-13A,3.0,188.0565,-0.9903442982337878,0.018316378788930894
5-13A,3.0,189.0405,3.384884039538739,0.23698544721602957
5-13A,3.0,191.0197,-0.5960160430833967,0.1820121892616377
5-13A,3.0,191.0561,-1.0187375783560069,0.07652477657466016
5-13A,3.0,192.0663,0.24185974389162987,0.28386041876543355
5-13A,3.0,193.0349,0.0621885413929842,0.3834896121858412
5-13A,3.0,194.0682,-0.8652406604391907,0.14724123528640448
5-13A,3.0,194.0822,1.2520954418085144,0.5954962583808817
5-13A,3.0,195.0509,-0.36228302983842653,0.09181853889290197
5-13A,3.0,195.0657,-0.003883551870699581,0.45648258951649007
5-13A,3.0,196.0603,-1.0046261085580688,0.07312436992151299
5-13A,3.0,198.0182,-0.8881083189191634,0.2500860778199588
5-13A,3.0,199.0019,-0.3311723424598736,0.2530481435847861
5-13A,3.0,200.9937,0.5676422301188218,0.320406149659996
5-13A,3.0,201.0051,-0.3745567262037214,0.39706554077149303
5-13A,3.0,203.0348,0.09784627590632107,0.2627394985102433
5-13A,3.0,203.0826,-0.07641674328870815,0.006564131542856129
5-13A,3.0,204.0498,0.026819768190097515,0.9480778274286704
5-13A,3.0,205.0351,-0.2933752565523656,0.19858219441654884
5-13A,3.0,206.0822,0.3186212937253713,0.7610283760762924
5-13A,3.0,209.0292,-0.06203626009328879,0.3391970837599214
5-13A,3.0,209.0814,0.6646662151586049,0.5729086426774058
5-13A,3.0,211.0235,-0.3630227975719101,0.14947623150860995
5-13A,3.0,211.9968,-1.0583232906313333,0.06312133602859334
5-13A,3.0,212.0331,-0.2505447835679141,0.03247137714948065
5-13A,3.0,212.9807,-0.5203362282581181,0.09604647098756261
5-13A,3.0,213.014,-0.35519086050259674,0.23890216554589722
5-13A,3.0,213.0384,-0.3894689745586719,0.1422595697538792
5-13A,3.0,213.1252,0.7187910703173884,0.6855187957495688
5-13A,3.0,214.0488,0.23174731312304578,0.616902733430177
5-13A,3.0,215.0331,1.396835328325422,0.13555804435989294
5-13A,3.0,216.1351,1.0626245185539498,0.3690834800855691
5-13A,3.0,218.0335,1.6295946990286683,0.18296352602147734
5-13A,3.0,218.1034,-0.807425998947028,0.04819592550054121
5-13A,3.0,220.0828,0.48699971901263533,0.30024921464993054
5-13A,3.0,221.0443,1.5674987110741627,0.10096916403143459
5-13A,3.0,221.0664,1.1154160104073292,0.324174306606327
5-13A,3.0,225.0399,0.13469233339335362,0.5701139347347105
5-13A,3.0,225.0861,0.7847037177259147,0.13866177057346962
5-13A,3.0,225.0901,0.7443006815768685,0.695294688231061
5-13A,3.0,226.0135,-0.5034243475527196,0.3639724907349536
5-13A,3.0,226.0697,0.7629803845311127,0.12698695513050462
5-13A,3.0,228.0501,-0.7636850660464345,0.428792936098105
5-13A,3.0,229.0122,-0.538616008428126,0.1459067343600663
5-13A,3.0,237.0614,-1.039176653586026,0.13367930885420867
5-13A,3.0,238.0945,1.3033645940137086,0.4015444691804067
5-13A,3.0,240.0515,-1.1605082583511543,0.0060368736995056
5-13A,3.0,241.0844,-0.4826364863158552,0.4210580747897753
5-13A,3.0,242.0804,-0.20561244691298622,0.5181371852213236
5-13A,3.0,243.029,-0.41730722689836186,0.3276585510819427
5-13A,3.0,243.0625,-1.2129736251362035,0.26638116663761213
5-13A,3.0,245.0444,-0.5268611238332735,0.16482647020803562
5-13A,3.0,246.0198,-0.19134028432265773,0.342746493595753
5-13A,3.0,246.064,1.2368680717273675,0.34772567235566326
5-13A,3.0,251.0816,-0.6590287522066571,0.21927984189754138
5-13A,3.0,253.0119,-0.35086139683693696,0.015916598188806953
5-13A,3.0,253.0499,0.35821423716297507,0.4693281895206406
5-13A,3.0,257.0072,-0.8575384400127495,0.2867120764745459
5-13A,3.0,257.1028,1.0508161698447074,0.9705818135002785
5-13A,3.0,259.005,-0.1549666810444234,0.6004763933828168
5-13A,3.0,259.0227,1.2483492175203041,0.3522122736313701
5-13A,3.0,261.0385,-0.23639098939479233,0.25654997392064555
5-13A,3.0,266.0703,-0.7123609233254931,0.16327327499243838
5-13A,3.0,267.0724,-0.692945725267243,0.019777035714129677
5-13A,3.0,268.02,-0.0011641264573044353,0.31579077618695484
5-13A,3.0,269.0398,-0.7921538528666556,0.08202049565725605
5-13A,3.0,271.0612,0.08883503194492685,0.35279149829362266
5-13A,3.0,271.0815,0.8749746715825346,0.9256648727563973
5-13A,3.0,273.0021,-0.8824283638530598,0.05740716598483501
5-13A,3.0,274.0933,-0.7084592698698429,0.15236776872168906
5-13A,3.0,275.0184,-0.7561884409336912,0.37511541037811086
5-13A,3.0,275.0991,-0.727942081159602,0.05050299401674703
5-13A,3.0,277.1207,1.8671284183660675,0.1503818394299894
5-13A,3.0,277.2169,1.1101957872836956,0.2923267177509975
5-13A,3.0,279.2331,-0.24573710406620958,0.0198333090946675
5-13A,3.0,282.0839,-0.41803927771379285,0.34377168243496753
5-13A,3.0,283.2063,-0.18913579976550182,0.27499846435118075
5-13A,3.0,285.0972,0.4909365080702887,0.257310992840665
5-13A,3.0,287.0157,1.0194946235873008,0.3748365341431777
5-13A,3.0,288.0725,-0.7491854063972436,0.06713885870784714
5-13A,3.0,289.0333,0.27240171946691877,0.5493970369656231
5-13A,3.0,289.1044,-1.3295230735191326,0.18058287687434169
5-13A,3.0,290.9677,-0.457974553523961,0.09091440450622508
5-13A,3.0,294.0479,-0.08459360912858445,0.33126105488120056
5-13A,3.0,300.0509,0.414538041170067,0.8212867416418917
5-13A,3.0,301.0333,1.227126330768855,1.155440409280364
5-13A,3.0,303.2326,-0.39128952636650577,0.1130568024938288
5-13A,3.0,305.0207,0.9452635718385617,0.06550177100103391
5-13A,3.0,306.0481,-1.0807568629494182,0.13287226115553977
5-13A,3.0,306.0765,-0.27218392788446844,0.029775721904269505
5-13A,3.0,308.0986,-0.319040307537221,0.037784261102491994
5-13A,3.0,313.0441,-0.7650039380216087,0.5809088877790768
5-13A,3.0,313.1037,-0.07286771701173524,0.6195651146813708
5-13A,3.0,317.026,0.304695523441491,0.7476834029268308
5-13A,3.0,323.0256,-0.15756170897284233,0.5153575717255761
5-13A,3.0,325.1163,-0.036130777415293816,0.27980950469433435
5-13A,3.0,328.0457,-1.082648315358448,0.03197299320890126
5-13A,3.0,333.0589,-1.1769455587764526,0.03695326819103234
5-13A,3.0,338.9884,-0.5577070328873718,0.40977992707182814
5-13A,3.0,339.0928,-0.8999177786035246,0.6518437014263526
5-13A,3.0,341.1089,0.11279814386351854,0.07957813747549458
5-13A,3.0,344.0393,-0.5288338611237035,0.11463496917800896
5-13A,3.0,346.0556,-0.4275731180663699,0.08314200902156847
5-13A,3.0,348.087,-0.9717567480051471,0.073202647192167
5-13A,3.0,353.0489,-0.2135135340731276,0.808932120467994
5-13A,3.0,357.089,-0.3983733272099408,0.10605844514738318
5-13A,3.0,375.131,-0.6446793176765033,0.10111190691211203
5-13A,3.0,377.1496,0.8282326933338873,0.8955758395571065
5-13A,3.0,383.1188,0.6651491910204153,0.17484327665417482
5-13A,3.0,388.9416,0.31593315941123074,0.2871988287981451
5-13A,3.0,388.9442,0.13831315875412376,0.4104112032071981
5-13A,3.0,401.0756,1.370770759085123,0.15767809427617666
5-13A,3.0,407.2795,0.05973631441218108,0.31798579995932796
5-13A,3.0,421.0743,-0.0223935384162042,0.6916139671283579
5-13A,3.0,426.0222,-0.7197068011029373,0.2360843489693932
5-13A,3.0,442.9997,0.04883158153253109,0.23848436703652162
5-13A,3.0,466.9657,0.445339529804597,0.18351171622720686
5-13A,3.0,490.9787,1.389771276422358,1.1371310110979962
5-13A,3.0,503.1614,1.230491355055093,0.2184551356734255
5-13A,3.0,547.0731,-1.2193009391615448,0.0913259501590899
5-13A,3.0,565.0471,-0.6477018590195661,0.2274433923504537
5-13A,3.0,578.8872,1.6808398947203083,0.16020745714207726
5-13A,3.0,579.0269,1.7934694940710296,0.19849904877971153
5-13A,3.0,612.2549,-0.3457343258882347,0.4544845556356992
5-13A,3.0,624.2949,-0.7224556874752881,0.5116028620388058
5-13A,3.0,659.307,0.08401776562002501,0.1964579791332204
5-13A,3.0,664.0939,-0.22859311987761127,0.11397557473719061
5-13A,3.0,665.2144,-0.02215206984486534,0.1676188384492723
5-13A,3.0,668.1374,-0.6160836461302167,0.00033759976992071177
5-13A,3.0,787.255,-0.3547320546119548,0.8111054765636847
5-13A,3.0,790.2568,-0.15525752443299173,0.4327305178533988
5-13A,3.0,835.0407,-0.7007358249560256,0.1247073828697219
5-13A,3.0,863.2971,-0.48992238842399377,0.028332686512534157
5-13A,3.0,864.1473,-0.4908250913238583,0.40922884968416146
5-13A,3.0,974.2935,-0.3814364493022784,0.10343444610903957
5-13A,3.0,976.7162,0.9010191825697852,0.19766944220168448
5-13A,4.0,57.0342,1.2647617019688608,0.6520549781097761
5-13A,4.0,58.0295,-0.6526342257976268,0.3164664211938428
5-13A,4.0,59.0135,0.9063051197339135,0.4208642426288201
5-13A,4.0,71.0137,1.0454454935039041,0.16080705208692872
5-13A,4.0,73.0293,-0.9291731130070786,0.020393027026094523
5-13A,4.0,74.0247,-1.2865680176713248,0.07633480727946174
5-13A,4.0,75.0087,-0.15960719754924046,0.4412427430175764
5-13A,4.0,87.0088,-0.6600034134299705,0.013600270329913275
5-13A,4.0,87.0451,1.5908230837102526,0.5438185229824819
5-13A,4.0,88.0403,-0.9270124358493186,0.013178767349428655
5-13A,4.0,88.9883,-0.9970423527752609,0.5256235285872571
5-13A,4.0,89.0244,0.12256250639301333,0.17245415932306388
5-13A,4.0,93.0338,-0.08395450734265214,0.009873057364737044
5-13A,4.0,94.9761,-0.806415563916915,0.35743710844905513
5-13A,4.0,94.9806,0.8765628356472235,0.3124887829704558
5-13A,4.0,95.0139,1.2596306677171325,0.47131243762820874
5-13A,4.0,101.0242,1.0018455005569218,0.28801334815218865
5-13A,4.0,102.056,-0.3979695828743348,0.05277547582363824
5-13A,4.0,103.0402,-0.972653844240711,0.0571637852612737
5-13A,4.0,103.0509,-0.9076640735377735,0.1861914100770385
5-13A,4.0,104.0352,-0.7724504532397842,0.1205566053043321
5-13A,4.0,105.0193,1.158855186521272,0.8485534811733036
5-13A,4.0,107.0503,0.053509174419851965,0.5387654156451263
5-13A,4.0,109.0295,-0.3368370670310662,0.12138129986957913
5-13A,4.0,111.02,-1.1128725708260117,0.02561048079398692
5-13A,4.0,112.0516,-0.36651168602021383,0.5824671626551804
5-13A,4.0,113.0244,1.2217918360695443,0.19425724247199538
5-13A,4.0,113.0357,-1.0393575111567614,0.0853731472732197
5-13A,4.0,114.056,-0.24956694321648276,0.0011359767386991963
5-13A,4.0,115.0037,-0.7666026482536283,0.043096828136893674
5-13A,4.0,115.0402,-0.21622492101694307,0.302955141220829
5-13A,4.0,115.0764,-0.45599777019501536,0.7945619355359146
5-13A,4.0,116.0354,-0.8768468453031418,0.3217422205416829
5-13A,4.0,116.0717,-0.804744748800815,0.018587143080711868
5-13A,4.0,117.0194,-0.9156073683238481,0.014015960662272883
5-13A,4.0,118.0508,-1.5283465546794837,0.07342764799079236
5-13A,4.0,118.9804,0.9951922764006962,0.26257728188399526
5-13A,4.0,119.0503,0.2527882181099522,0.4267459188102794
5-13A,4.0,120.9273,-0.23382141457845107,0.3132949149579324
5-13A,4.0,121.0295,-0.9055835478576477,0.2896663105536111
5-13A,4.0,121.0409,1.0073043491584484,0.5891611261731827
5-13A,4.0,122.0248,0.8480539486915593,0.5353470638925388
5-13A,4.0,124.0075,0.23960648356386624,0.4052671101550916
5-13A,4.0,124.0144,2.754020025161081,0.4836343840725885
5-13A,4.0,125.0439,1.847438160846354,0.6887878426669228
5-13A,4.0,127.0764,-0.16076136024965482,0.6842666449904413
5-13A,4.0,128.0354,-0.3467428311522812,0.014206572402426704
5-13A,4.0,129.0193,-1.0206150114342165,0.08649708552980093
5-13A,4.0,129.0556,-0.8444362889768418,0.6027956563011273
5-13A,4.0,130.0142,-0.6969007048473053,0.16992183539765893
5-13A,4.0,130.0509,-1.0573375145243546,0.021778707291641407
5-13A,4.0,130.0874,-1.0679657924950057,0.037518740107446845
5-13A,4.0,131.0008,0.473721699343841,0.7578648710964273
5-13A,4.0,131.0123,-0.7765679950621381,0.03131910408785733
5-13A,4.0,131.035,1.8343751421363215,0.25569816346634056
5-13A,4.0,131.0462,1.7021089728843082,0.24219048617681366
5-13A,4.0,131.0828,-0.6769735353596144,0.059147743463834224
5-13A,4.0,132.0302,-1.1763292485881331,0.016910958815500147
5-13A,4.0,133.0142,-0.2255702268905051,0.09836872193760175
5-13A,4.0,133.0257,-0.272652775645671,0.0983392113444585
5-13A,4.0,133.0505,-1.1769524285407464,0.037342993779348736
5-13A,4.0,134.0472,-0.7518117804221839,0.4168949081749857
5-13A,4.0,134.0604,-1.0087993538568318,0.1829961757433101
5-13A,4.0,135.0302,-0.9065851725672733,0.07324376953104189
5-13A,4.0,135.0453,-0.2372596447299588,0.3032466923879276
5-13A,4.0,136.0404,-0.24053076064388945,0.020917326784997692
5-13A,4.0,136.0487,-0.4835879716037292,0.23482270820759552
5-13A,4.0,136.0767,-0.017794244890983017,0.21612583470505317
5-13A,4.0,137.0239,-0.01298220556359671,0.14159014764771258
5-13A,4.0,138.9789,0.5933382393873661,0.2987497089780712
5-13A,4.0,139.0014,-0.26346002469936936,0.03212952670090123
5-13A,4.0,139.0067,-0.6899968602806908,0.03201218741918674
5-13A,4.0,139.976,0.09775413920511748,0.058818089940630675
5-13A,4.0,143.0713,0.39888097684969237,0.838628358785461
5-13A,4.0,143.1077,-0.44617406838547613,0.7153189201523484
5-13A,4.0,145.0141,-0.32550022511622523,0.1690567580929494
5-13A,4.0,145.0506,-0.8988016881700855,0.19334033721275568
5-13A,4.0,145.0623,-0.9200218562071631,0.26143199233819103
5-13A,4.0,145.0982,-0.4470426519422436,0.16515321080073586
5-13A,4.0,145.1106,-0.8048184268851407,0.4495330608056046
5-13A,4.0,146.0459,-0.2346669124759935,0.02665088385358162
5-13A,4.0,147.0298,-0.9131738088893024,0.01294886899697496
5-13A,4.0,147.0662,-1.1827974052959118,0.04398395422976121
5-13A,4.0,149.0092,-0.23448348004442207,0.6227055261323
5-13A,4.0,149.0456,1.386278246401329,0.16102435961187722
5-13A,4.0,149.0608,0.6645051341699051,0.7266828677024226
5-13A,4.0,150.0422,-0.6641661820062321,0.6427356344908531
5-13A,4.0,150.9707,-0.5404688367890021,0.30799765535496476
5-13A,4.0,151.0259,-0.5312120557292159,0.09671172625959752
5-13A,4.0,151.04,1.324044210372608,0.5048726018771188
5-13A,4.0,151.06,-0.06514278965630524,0.504060108125016
5-13A,4.0,152.0353,-0.11831463988260031,0.6779143413411263
5-13A,4.0,152.0716,1.219311583172253,0.17483603954988583
5-13A,4.0,153.0192,0.45287666815431515,0.19571380347324246
5-13A,4.0,154.062,-0.32819854641704405,0.10567278942813398
5-13A,4.0,154.9751,-0.9594266759887228,0.016760829014443306
5-13A,4.0,155.0099,-1.07354205883528,0.027147827762266027
5-13A,4.0,157.0128,-0.9341500301835077,0.04822442030264957
5-13A,4.0,157.0255,-1.265564528301793,0.02357417739813321
5-13A,4.0,157.0379,-1.3125923507321124,0.059732745464339314
5-13A,4.0,157.0504,-1.1351651364121382,0.04160907262750839
5-13A,4.0,159.0297,1.5336869318362485,0.27147977355457537
5-13A,4.0,159.0775,-1.0276245318086308,0.05882425709895874
5-13A,4.0,160.0616,-0.5334776389825032,0.3753467030482408
5-13A,4.0,161.0453,2.1855991172922233,0.4529741735530503
5-13A,4.0,162.0424,-0.46269407616529157,0.3139602135797541
5-13A,4.0,163.0351,-1.208697348140709,0.07518523279007397
5-13A,4.0,163.0398,0.30547404220659996,0.13291234397952012
5-13A,4.0,163.0611,-0.4457053775238599,1.1560104112516165
5-13A,4.0,164.0716,-0.3776904121634014,0.09271627429505162
5-13A,4.0,165.03,0.3184018919906697,0.6671482328256902
5-13A,4.0,165.0405,0.31285011655768613,0.7741119425682594
5-13A,4.0,165.0556,-0.47870439969542067,0.13742045683621
5-13A,4.0,166.0508,-0.5021701462135324,0.25591062474261245
5-13A,4.0,166.0632,-0.4027249876672236,1.0224660184135057
5-13A,4.0,166.9759,-0.5050651568665316,0.5508239649910641
5-13A,4.0,167.0207,-0.04000236608381111,0.4366158336013989
5-13A,4.0,167.0358,0.7107208558530471,0.4173935325191906
5-13A,4.0,167.0828,0.7474080547522097,1.1860007072158507
5-13A,4.0,168.0277,-0.10395282834878872,0.07215119948506628
5-13A,4.0,168.0664,1.6671768756905208,0.7713350334789552
5-13A,4.0,170.0455,-0.8396147238806113,0.008813712209954118
5-13A,4.0,171.0065,-0.5695335448181493,0.229129871328721
5-13A,4.0,171.0092,-0.5975768173236299,0.28169663456213273
5-13A,4.0,171.0284,-0.9327315206637202,0.04990663640864908
5-13A,4.0,172.0616,-1.0448761983700583,0.09011131431658832
5-13A,4.0,172.962,-0.40929755953344676,0.055063838513886916
5-13A,4.0,173.0089,-0.8575290053685594,0.2944549052000243
5-13A,4.0,173.0453,-1.1693034230018355,0.17900886670575267
5-13A,4.0,173.0932,-0.9117810124764006,0.0647408595210765
5-13A,4.0,173.1041,-0.7566795060413092,0.138855836071747
5-13A,4.0,174.0407,-0.9741682771791179,0.010905105713125255
5-13A,4.0,174.088,-0.95331192339233,0.10398983876175284
5-13A,4.0,175.022,-1.032912178744501,0.13371688251614983
5-13A,4.0,175.0361,-1.1666746417532927,0.01742199177698508
5-13A,4.0,175.0611,-1.1466251202354754,0.027124465105977127
5-13A,4.0,176.0776,-1.1693206407547763,0.2639914198843251
5-13A,4.0,177.0402,0.7797128885373342,0.25196516500728466
5-13A,4.0,177.0553,0.4065435229746157,0.24507608674165507
5-13A,4.0,178.0509,-0.9371404887215636,0.03159951195204316
5-13A,4.0,179.0348,-0.3577533384575944,0.19126289769605376
5-13A,4.0,179.0561,2.1020314958469886,0.19491926230724876
5-13A,4.0,180.0663,1.968733068660675,0.23131123874943402
5-13A,4.0,181.0505,-0.5757939375747873,0.04436823680505082
5-13A,4.0,182.9725,0.6844590845193737,0.2106697085722149
5-13A,4.0,183.0661,1.642654040344849,0.5243917591396579
5-13A,4.0,184.0017,-0.24884915072498476,0.1108635643413545
5-13A,4.0,184.9856,-0.0467065503400196,0.25633679985673946
5-13A,4.0,186.1136,-0.35011390674443404,0.514500803865826
5-13A,4.0,187.0234,-1.1799554139443926,0.47755196488794843
5-13A,4.0,188.035,-0.4558449074295551,0.6546700779879517
5-13A,4.0,188.0565,-1.003642360934654,0.018167479514294402
5-13A,4.0,189.0405,-1.034422877910545,0.1251319457828486
5-13A,4.0,191.0197,-1.0874327767941503,0.3273585060427103
5-13A,4.0,191.0561,-1.0729424216694738,0.07166380905782134
5-13A,4.0,192.0663,0.8729127844872598,0.6204911489191463
5-13A,4.0,193.0349,-0.5835421326620511,0.2665076888488087
5-13A,4.0,194.0682,-0.9493366894838938,0.18657001507432203
5-13A,4.0,194.0822,1.575974906083203,0.5278364398275739
5-13A,4.0,195.0509,-0.5237201604228763,0.06608892118075596
5-13A,4.0,195.0657,-1.0967711260048165,0.5919698100536906
5-13A,4.0,196.0603,-1.0754641253349908,0.1636724424457555
5-13A,4.0,198.0182,-0.7078479141657097,0.2569831488811569
5-13A,4.0,199.0019,-0.5884607386468376,0.33432943544430826
5-13A,4.0,200.9937,0.8848780842981809,0.30412088862447517
5-13A,4.0,201.0051,-1.0480961787069452,0.21360779149067974
5-13A,4.0,203.0348,0.7457881960728865,0.2626225279027236
5-13A,4.0,203.0826,-0.06747079348637262,0.011117656824228194
5-13A,4.0,204.0498,2.3113020181440396,0.9423919845700446
5-13A,4.0,205.0351,-0.931494235455081,0.22563315766359354
5-13A,4.0,206.0822,2.0915836332280353,1.045376590359903
5-13A,4.0,209.0292,-0.46538818100258716,0.7374869843444004
5-13A,4.0,209.0814,-0.07509254146717277,0.3085743410134511
5-13A,4.0,211.0235,-1.0602999603099619,0.18836211567905117
5-13A,4.0,211.9968,-1.049047070106371,0.03414675602025486
5-13A,4.0,212.0331,-0.2645145729460453,0.33230859943217206
5-13A,4.0,212.9807,-0.8670470338784353,0.1254401068964348
5-13A,4.0,213.014,-0.738243609008636,0.22661552656606568
5-13A,4.0,213.0384,-0.7270247789341415,0.2738841995573328
5-13A,4.0,213.1252,0.25284406716822877,0.7791863473061698
5-13A,4.0,214.0488,1.1353410196278975,0.9619193989386986
5-13A,4.0,215.0331,1.4241999808120935,0.17947272867838035
5-13A,4.0,216.1351,0.2747756253372517,0.2206434506357804
5-13A,4.0,218.0335,1.2534900941946205,0.14198150932520906
5-13A,4.0,218.1034,-0.8269092727389536,0.06461618756831064
5-13A,4.0,220.0828,0.41050555200159417,0.8399069694196116
5-13A,4.0,221.0443,1.0062053271771625,0.20181029778376394
5-13A,4.0,221.0664,0.9080217905255235,0.2842140098010744
5-13A,4.0,225.0399,-0.19110321443462683,1.2588133272709863
5-13A,4.0,225.0861,0.6725228556266678,0.7951147547493972
5-13A,4.0,225.0901,0.5479804751951071,1.101392900586927
5-13A,4.0,226.0135,-0.7435426189083261,0.14675351141099086
5-13A,4.0,226.0697,0.3175985604718033,0.34192169344986995
5-13A,4.0,228.0501,-0.09711333546024772,0.26656066027680925
5-13A,4.0,229.0122,-0.06929697357010818,0.2145389644136891
5-13A,4.0,237.0614,-1.2707567049165553,0.15605045678095647
5-13A,4.0,238.0945,-0.2586229296880525,0.25932422320868204
5-13A,4.0,240.0515,-1.2997056668570124,0.025616598745153638
5-13A,4.0,241.0844,-0.3611139137093359,0.9045293542968517
5-13A,4.0,242.0804,-0.6069731869767163,1.0641938352529239
5-13A,4.0,243.029,-0.07720396826948984,0.20348674416561463
5-13A,4.0,243.0625,-0.9768500091370195,0.31238939182274883
5-13A,4.0,245.0444,-0.792364109885621,0.425241325723988
5-13A,4.0,246.0198,-0.43684638958303995,0.437827112299058
5-13A,4.0,246.064,-0.2047343269844672,0.7138070935954391
5-13A,4.0,251.0816,1.4050677914312653,1.6095516612709573
5-13A,4.0,253.0119,-0.33951374172203497,0.00664323611348021
5-13A,4.0,253.0499,-0.7509734081594046,1.4020470480117175
5-13A,4.0,257.0072,-0.603563978240327,0.10122099282116019
5-13A,4.0,257.1028,-0.06401391588171905,0.4223259573916825
5-13A,4.0,259.005,-0.11249444864135659,0.4923681030236696
5-13A,4.0,259.0227,1.7155676957504853,0.4446013995642451
5-13A,4.0,261.0385,-0.2255107148893876,0.453638950768322
5-13A,4.0,266.0703,-0.634594209038132,0.23362637003204828
5-13A,4.0,267.0724,-0.6590843452495597,0.012182719343969639
5-13A,4.0,268.02,-1.1919093289749774,0.26800674114231415
5-13A,4.0,269.0398,-0.5718977102962254,0.1711907631545442
5-13A,4.0,271.0612,0.17652764264078727,1.0104904917850923
5-13A,4.0,271.0815,-0.6323537033355704,0.7089987657758681
5-13A,4.0,273.0021,-0.8749727600177655,0.12722433754436258
5-13A,4.0,274.0933,-0.9229793235272377,0.2925107523750383
5-13A,4.0,275.0184,0.17861856641224128,0.29576530795084377
5-13A,4.0,275.0991,-0.820540222684889,0.03288121212820057
5-13A,4.0,277.1207,1.8190268364914306,0.25222583533713594
5-13A,4.0,277.2169,0.8100192544496807,0.13930672459784094
5-13A,4.0,279.2331,-0.14646684794496112,0.04447421307025333
5-13A,4.0,282.0839,-0.7706503029925988,0.296799581611721
5-13A,4.0,283.2063,-0.32021814459647824,0.0804079439511016
5-13A,4.0,285.0972,-0.41237659404164473,0.7045306539606907
5-13A,4.0,287.0157,1.3754567796367194,0.4712294679666209
5-13A,4.0,288.0725,-0.798533049056362,0.07226044122275531
5-13A,4.0,289.0333,-0.2639652867157086,0.7482292972920747
5-13A,4.0,289.1044,-1.537263525877815,0.10806277774062963
5-13A,4.0,290.9677,-0.5151470865492136,0.10107339866836111
5-13A,4.0,294.0479,1.730711373474143,0.6646441493980486
5-13A,4.0,300.0509,-0.5138082129503846,0.9361464027143365
5-13A,4.0,301.0333,-0.7305942360855671,0.6115405063977958
5-13A,4.0,303.2326,2.6353641599688036,3.2188977253186044
5-13A,4.0,305.0207,1.4856459374966606,0.16550118119116014
5-13A,4.0,306.0481,-1.0169158806097447,0.10197010014629435
5-13A,4.0,306.0765,-0.2864942985816751,0.041440778222844366
5-13A,4.0,308.0986,-0.26041031506523726,0.03830463829291082
5-13A,4.0,313.0441,-0.4821858822843071,0.29696501108191437
5-13A,4.0,313.1037,-1.1622451832396992,0.3803177262621445
5-13A,4.0,317.026,-0.07297184664089867,0.6343995434275674
5-13A,4.0,323.0256,1.1309759451594856,1.0668211469147064
5-13A,4.0,325.1163,0.16332419293157496,0.7215615993134956
5-13A,4.0,328.0457,-1.0038956957718994,0.07303025429221702
5-13A,4.0,333.0589,-1.354603214917221,0.11149718528138974
5-13A,4.0,338.9884,-0.16273574714000988,1.0378536986960654
5-13A,4.0,339.0928,-0.38377941681296757,0.5619475723896675
5-13A,4.0,341.1089,0.2641651828072227,0.1473881218117557
5-13A,4.0,344.0393,-0.26624224594710777,0.29990330319554837
5-13A,4.0,346.0556,0.09282080316017055,0.1443303452227315
5-13A,4.0,348.087,-0.9901034390392195,0.12295243533321777
5-13A,4.0,353.0489,-1.1739640861793477,0.5486667709843199
5-13A,4.0,357.089,-0.7934131177866981,0.2218919259609434
5-13A,4.0,375.131,-0.5376166024958184,0.4779862131012069
5-13A,4.0,377.1496,-0.16190698213709848,0.6440587190440457
5-13A,4.0,383.1188,0.8790873083456954,0.6594716003738741
5-13A,4.0,388.9416,-0.2766310444616388,0.22221734648858496
5-13A,4.0,388.9442,-0.9236753325696714,0.3133033934381423
5-13A,4.0,401.0756,1.0723548562131802,0.18252847208094014
5-13A,4.0,407.2795,-0.02880156820781244,0.053965527300810306
5-13A,4.0,421.0743,-1.0094279646505984,0.42342894822987676
5-13A,4.0,426.0222,0.747012264641508,0.8185580304815299
5-13A,4.0,442.9997,-0.163446556603405,0.2855303185847479
5-13A,4.0,466.9657,2.01874386530631,0.32663004245155985
5-13A,4.0,490.9787,0.2811416580997478,0.5706457948038928
5-13A,4.0,503.1614,0.7488698509931423,0.3981731507783388
5-13A,4.0,547.0731,-1.1902261552781335,0.07624579885513368
5-13A,4.0,565.0471,-0.9252613827025291,0.4691715670673987
5-13A,4.0,578.8872,0.8470191098564025,0.19516510950061425
5-13A,4.0,579.0269,0.14286013137607623,0.07651863687570211
5-13A,4.0,612.2549,-0.4920612142243829,0.684059751932009
5-13A,4.0,624.2949,-0.15421510629444016,0.16232695589592516
5-13A,4.0,659.307,2.910911675350788,0.16060886933976024
5-13A,4.0,664.0939,-0.18238677389335217,0.1872218867227341
5-13A,4.0,665.2144,-0.600796522778756,0.2852371707862478
5-13A,4.0,668.1374,-0.6164015607989455,0.0002960744817246125
5-13A,4.0,787.255,3.0062079276422766,0.6774558636319559
5-13A,4.0,790.2568,2.1265149214343064,0.4664339250804318
5-13A,4.0,835.0407,-0.35960886069656595,0.24959489538129717
5-13A,4.0,863.2971,-0.3943917910789564,0.06763130622399031
5-13A,4.0,864.1473,2.1729670524436613,0.3343858093114568
5-13A,4.0,974.2935,-0.21774550608676566,0.429041342958036
5-13A,4.0,976.7162,2.5665383380858438,0.3573701047489211
5-13A,5.0,57.0342,1.5187563679706155,0.5741539124860447
5-13A,5.0,58.0295,-0.9299153262277118,0.14451842483778427
5-13A,5.0,59.0135,1.9088199635260108,0.478110576615837
5-13A,5.0,71.0137,1.7681032313912062,0.3432069382327384
5-13A,5.0,73.0293,-0.8945427828042912,0.05747516841121366
5-13A,5.0,74.0247,-1.1787808923824248,0.2505881753774724
5-13A,5.0,75.0087,-0.2115386635972512,0.4135565864483676
5-13A,5.0,87.0088,-0.6524628046539553,0.01632116297380204
5-13A,5.0,87.0451,1.4171719812973624,0.656313383926198
5-13A,5.0,88.0403,-0.890097262000624,0.025981974069943334
5-13A,5.0,88.9883,-0.3825058452653983,0.5282652987725357
5-13A,5.0,89.0244,0.033958667856853864,0.16359666879897253
5-13A,5.0,93.0338,-0.05944416630345905,0.018652248129925223
5-13A,5.0,94.9761,-0.3676087528276837,0.67917249160822
5-13A,5.0,94.9806,1.2003400993430673,0.5912559942417287
5-13A,5.0,95.0139,1.6701785719832003,0.29543730614572866
5-13A,5.0,101.0242,1.8658621673422258,0.5216301251639979
5-13A,5.0,102.056,-0.22858639950809465,0.09144336452074323
5-13A,5.0,103.0402,-0.8516275763326777,0.07491523818895131
5-13A,5.0,103.0509,-0.8524990266198684,0.1092099570526891
5-13A,5.0,104.0352,-0.5862127266015682,0.07330898998035625
5-13A,5.0,105.0193,0.7040672687274391,0.9335236699017415
5-13A,5.0,107.0503,1.1539983273622976,1.4389389809272002
5-13A,5.0,109.0295,-0.029525087886211006,0.2676498199153467
5-13A,5.0,111.02,-1.0055377283696987,0.04881473843372942
5-13A,5.0,112.0516,1.2685339521084233,0.9801713425895117
5-13A,5.0,113.0244,1.6918763572264752,0.302059681583846
5-13A,5.0,113.0357,-0.8235725532162128,0.12597790669786554
5-13A,5.0,114.056,-0.24839700948249033,0.003909768059068052
5-13A,5.0,115.0037,-0.5405915864085917,0.1465183116123491
5-13A,5.0,115.0402,0.5091242404222932,0.63490692043342
5-13A,5.0,115.0764,0.6876366050332073,0.8440167446546676
5-13A,5.0,116.0354,-0.4771271731041167,0.3904848538401069
5-13A,5.0,116.0717,-0.7836321810707662,0.026567100798115202
5-13A,5.0,117.0194,-0.8860553273101006,0.03347607432648534
5-13A,5.0,118.0508,-1.2544037441514382,0.1274132167778603
5-13A,5.0,118.9804,1.5795511233263884,0.34820915854724316
5-13A,5.0,119.0503,0.8598267161456241,0.24362840899132335
5-13A,5.0,120.9273,-0.5692366159424378,0.04240615210607815
5-13A,5.0,121.0295,0.5731510281570984,0.725818923827291
5-13A,5.0,121.0409,1.1837505688723662,0.44934760770780285
5-13A,5.0,122.0248,1.3618804005439396,0.5193484079837963
5-13A,5.0,124.0075,0.6695908075596251,0.5857136070505012
5-13A,5.0,124.0144,1.8902090755206769,0.2886018485725057
5-13A,5.0,125.0439,2.269933881446042,0.5561680787757839
5-13A,5.0,127.0764,0.9529181544538069,1.3224140724667848
5-13A,5.0,128.0354,-0.3160362260440476,0.019115984098297862
5-13A,5.0,129.0193,-0.8690523275425597,0.1410813806331857
5-13A,5.0,129.0556,0.2852190975594062,0.751105478731195
5-13A,5.0,130.0142,-0.7699610608035181,0.11934925433264479
5-13A,5.0,130.0509,-1.010165475134532,0.030410798892436263
5-13A,5.0,130.0874,-1.0054139927764942,0.038662291550077055
5-13A,5.0,131.0008,0.4861640696713773,1.6657689799151134
5-13A,5.0,131.0123,-0.7119402322401518,0.10704812849905221
5-13A,5.0,131.035,1.7854436329618941,0.39764238348054737
5-13A,5.0,131.0462,1.3801111301816653,0.5402803702610405
5-13A,5.0,131.0828,-0.5090723549801759,0.10537283667997885
5-13A,5.0,132.0302,-1.0989112362767586,0.028078397069939975
5-13A,5.0,133.0142,0.3136516511407713,0.19948184324048399
5-13A,5.0,133.0257,0.23654361010342936,0.1918994303894168
5-13A,5.0,133.0505,-1.0816768237028027,0.06327684760317766
5-13A,5.0,134.0472,-0.7797082325610813,0.13688354802603245
5-13A,5.0,134.0604,-0.7848628185441935,0.21783244030394452
5-13A,5.0,135.0302,-0.8022956129538463,0.1709155140803177
5-13A,5.0,135.0453,0.6540935274010191,0.31489941924506454
5-13A,5.0,136.0404,-0.3248487195296978,0.1442284602277303
5-13A,5.0,136.0487,0.3941825647153775,0.40574784747245474
5-13A,5.0,136.0767,1.0038399356558625,0.841690972955939
5-13A,5.0,137.0239,0.09958065362439872,0.4111896206317366
5-13A,5.0,138.9789,1.0996666692096224,0.9108560489811175
5-13A,5.0,139.0014,-0.2495989149421764,0.09071063457373449
5-13A,5.0,139.0067,-0.5963919640791512,0.037000755803851586
5-13A,5.0,139.976,0.24049870032830195,0.6180578047736327
5-13A,5.0,143.0713,0.16068756647823468,0.3302055497361778
5-13A,5.0,143.1077,0.8378074736927309,0.9116537350686384
5-13A,5.0,145.0141,-0.1420061792546795,0.22433293053165274
5-13A,5.0,145.0506,-0.9505429899080085,0.21743277357021962
5-13A,5.0,145.0623,-1.246787853747586,0.11724581664897743
5-13A,5.0,145.0982,-0.5145381978033946,0.09526664023330672
5-13A,5.0,145.1106,-0.5358393354464395,0.20007978941735305
5-13A,5.0,146.0459,-0.05910572319449107,0.04570919328905652
5-13A,5.0,147.0298,-0.8459836324270102,0.05600348945543208
5-13A,5.0,147.0662,-1.053030791919393,0.08617474816871196
5-13A,5.0,149.0092,1.354161919303412,0.943258467568409
5-13A,5.0,149.0456,1.2446347565075062,0.1046580429512171
5-13A,5.0,149.0608,1.0818512463920475,0.6988136396024182
5-13A,5.0,150.0422,-1.0026639244209357,0.31478016686353305
5-13A,5.0,150.9707,-0.21665387002617048,0.8281986126393159
5-13A,5.0,151.0259,-0.6315506357337333,0.0824857073453699
5-13A,5.0,151.04,0.7665324878409252,0.4905863138997234
5-13A,5.0,151.06,-0.3737976181677041,0.7427228693141078
5-13A,5.0,152.0353,1.1381025708156847,0.9891015135743647
5-13A,5.0,152.0716,1.081324510066466,0.5905119465877029
5-13A,5.0,153.0192,1.124496616109671,0.3264250485691836
5-13A,5.0,154.062,-0.47862079069651287,0.21251905092605217
5-13A,5.0,154.9751,-0.9205123146591572,0.04272267227586267
5-13A,5.0,155.0099,-0.9510815872633637,0.06150200734106738
5-13A,5.0,157.0128,-0.8888480049344183,0.06666525041698758
5-13A,5.0,157.0255,-1.1892995593750046,0.03746753758845955
5-13A,5.0,157.0379,-1.2330214487691937,0.053929054368394326
5-13A,5.0,157.0504,-1.0960122489676074,0.11216683958546628
5-13A,5.0,159.0297,1.228763852158837,0.36672226169660954
5-13A,5.0,159.0775,-0.9257898096253874,0.04841886648067587
5-13A,5.0,160.0616,-0.33783891966332646,0.6682804327946492
5-13A,5.0,161.0453,1.628014365547461,0.5318012761112785
5-13A,5.0,162.0424,-1.1534636514251562,0.24113404038336012
5-13A,5.0,163.0351,-0.7679970803847611,0.16674986858218174
5-13A,5.0,163.0398,0.4667698283582761,0.13955218412863593
5-13A,5.0,163.0611,0.2555986004285433,1.763058617878618
5-13A,5.0,164.0716,-0.4593711526777108,0.049146310186549164
5-13A,5.0,165.03,0.527927422397149,1.3483332222131712
5-13A,5.0,165.0405,1.3913314022946488,0.16676959630183313
5-13A,5.0,165.0556,-0.3733082082907838,0.21535398406413284
5-13A,5.0,166.0508,-0.5508799849042204,0.2820230260864995
5-13A,5.0,166.0632,0.4888428099385441,1.0446217289388864
5-13A,5.0,166.9759,-0.3060015567194797,0.3846933581100082
5-13A,5.0,167.0207,-0.10655467890887829,0.3065254541142899
5-13A,5.0,167.0358,1.1206671355180575,0.6208728347732488
5-13A,5.0,167.0828,0.7301223647379711,1.000875682714431
5-13A,5.0,168.0277,0.06869532213960068,0.04451980813384659
5-13A,5.0,168.0664,0.7166986785528715,0.5916275454512221
5-13A,5.0,170.0455,-0.8365794401635462,0.010899429254755007
5-13A,5.0,171.0065,-0.5630675721502278,0.18128865767698465
5-13A,5.0,171.0092,-0.11854645562320523,0.11723723485683757
5-13A,5.0,171.0284,-0.8568924576206842,0.07929427497853286
5-13A,5.0,172.0616,-0.9380198561974996,0.10824476156082674
5-13A,5.0,172.962,-0.567152851573778,0.06630804228489175
5-13A,5.0,173.0089,-0.6565692591121988,0.1495755962265827
5-13A,5.0,173.0453,-1.0354244083946254,0.12163830066995387
5-13A,5.0,173.0932,-0.8803271100502126,0.05407653344024649
5-13A,5.0,173.1041,-0.9957126336631771,0.1483102504728233
5-13A,5.0,174.0407,-0.9427278878008856,0.020604024797645604
5-13A,5.0,174.088,-0.817282162143989,0.12397617455247777
5-13A,5.0,175.022,-0.8125667954686622,0.14240699098965984
5-13A,5.0,175.0361,-1.0896151261146687,0.029847711925690894
5-13A,5.0,175.0611,-1.051262667385124,0.05480818748996739
5-13A,5.0,176.0776,-0.9540909597819616,0.08105542903425923
5-13A,5.0,177.0402,0.5697760575048185,0.5043479008501184
5-13A,5.0,177.0553,1.1702767084925239,1.1618616389573413
5-13A,5.0,178.0509,-0.8746030699255846,0.033608063904037457
5-13A,5.0,179.0348,-0.40547324881334335,0.5517745765241807
5-13A,5.0,179.0561,1.5745442079273428,0.1664569311481635
5-13A,5.0,180.0663,1.6124810101270888,0.11428459738891152
5-13A,5.0,181.0505,-0.5496531990694976,0.1655266506096443
5-13A,5.0,182.9725,1.2754913097684757,0.3791805338395999
5-13A,5.0,183.0661,1.0324206931286184,0.6889173223157393
5-13A,5.0,184.0017,0.19406360188683125,0.15134930478141323
5-13A,5.0,184.9856,-0.2080394700099864,0.08182543602825362
5-13A,5.0,186.1136,1.4648597748876324,1.0958557902040456
5-13A,5.0,187.0234,-1.0257804661513874,0.4025764024320609
5-13A,5.0,188.035,-0.516350491214408,0.7357966700857811
5-13A,5.0,188.0565,-0.8533666751711597,0.01980375716330038
5-13A,5.0,189.0405,-0.40507447798090257,0.16466607219068538
5-13A,5.0,191.0197,-0.25892058544072266,0.29648975007672934
5-13A,5.0,191.0561,-1.042777579486556,0.006176443796876998
5-13A,5.0,192.0663,0.5125658892213454,0.6361605458155828
5-13A,5.0,193.0349,0.20528584876812833,0.19623452400621028
5-13A,5.0,194.0682,-1.0729805808361061,0.1385931276820791
5-13A,5.0,194.0822,2.243054744589312,0.8402840851385072
5-13A,5.0,195.0509,0.10619816891269074,0.0824009282913811
5-13A,5.0,195.0657,0.7377910784904748,0.7320117888367255
5-13A,5.0,196.0603,-1.059318060515853,0.1589119510135286
5-13A,5.0,198.0182,-0.8771579204995612,0.27473963970494125
5-13A,5.0,199.0019,-0.2019046668312051,0.195763672551882
5-13A,5.0,200.9937,1.0140691561359292,0.45179359232090144
5-13A,5.0,201.0051,-0.6455511152968154,0.46547515763926967
5-13A,5.0,203.0348,0.42699559299393197,0.30866038792522776
5-13A,5.0,203.0826,-0.07641674328870815,0.009703361743216739
5-13A,5.0,204.0498,0.7760684343118653,0.30386218363437884
5-13A,5.0,205.0351,-0.5170540036630751,0.07850640334099175
5-13A,5.0,206.0822,1.700681419998204,0.8720359843661935
5-13A,5.0,209.0292,-0.3609427091487314,0.3740843143458397
5-13A,5.0,209.0814,0.33778993147125164,0.6457505872173201
5-13A,5.0,211.0235,-0.7219506438680933,0.48626589836547507
5-13A,5.0,211.9968,-1.0321902822706868,0.038452303478475246
5-13A,5.0,212.0331,-0.47406141361801324,0.1369601487164884
5-13A,5.0,212.9807,-0.5950274554331442,0.06380324215541626
5-13A,5.0,213.014,-0.4599605661880297,0.15214515826293398
5-13A,5.0,213.0384,-0.3985525074889146,0.20062778174678325
5-13A,5.0,213.1252,0.499679715669511,0.23084394998450825
5-13A,5.0,214.0488,1.892996477596666,0.7926004498294513
5-13A,5.0,215.0331,1.8711916174809886,0.25714826796208295
5-13A,5.0,216.1351,0.7161763081817861,0.3561584599703063
5-13A,5.0,218.0335,1.796628142874237,0.14317123044891625
5-13A,5.0,218.1034,-0.5267034872773431,0.07908738180747663
5-13A,5.0,220.0828,1.4337717861165054,1.3669609617319858
5-13A,5.0,221.0443,1.6199737271986785,0.11281601815463096
5-13A,5.0,221.0664,2.0725295435988595,0.6314438059720058
5-13A,5.0,225.0399,-0.3593418989687479,0.29514345791658436
5-13A,5.0,225.0861,0.8542696732782198,0.6853780048619467
5-13A,5.0,225.0901,0.8555857703168124,0.33165384023418776
5-13A,5.0,226.0135,-0.5014684969715022,0.4108024626928141
5-13A,5.0,226.0697,0.6906166065408188,0.4447266799399035
5-13A,5.0,228.0501,-0.7206910253242333,0.17354238087024693
5-13A,5.0,229.0122,0.33948532223629835,0.21064654239856817
5-13A,5.0,237.0614,-0.9867151532846117,0.1818323872735153
5-13A,5.0,238.0945,-0.5135790405601313,0.1696349746818481
5-13A,5.0,240.0515,-1.053363773598904,0.028645066048549536
5-13A,5.0,241.0844,0.43586541215795965,0.9609458516442215
5-13A,5.0,242.0804,-0.38105756083305986,0.23360113715544586
5-13A,5.0,243.029,-0.2589563977661118,0.17811369889659198
5-13A,5.0,243.0625,-1.257272203697152,0.6120011395603425
5-13A,5.0,245.0444,-0.6382010857261934,0.505782335472165
5-13A,5.0,246.0198,-0.10270301515072754,0.4579957631808325
5-13A,5.0,246.064,0.9813910741745342,1.49283981013877
5-13A,5.0,251.0816,1.4278528933848116,1.6216888593857801
5-13A,5.0,253.0119,-0.3312033771955083,0.009806163456779772
5-13A,5.0,253.0499,0.4240804868852066,0.8892740577100449
5-13A,5.0,257.0072,-0.789186474047612,0.5160680706614399
5-13A,5.0,257.1028,0.10730923699829797,0.5287582403907342
5-13A,5.0,259.005,0.2422273442064793,0.6508904452651707
5-13A,5.0,259.0227,2.0934564128952333,0.39665173622945393
5-13A,5.0,261.0385,0.541548637741646,0.16057032935126564
5-13A,5.0,266.0703,-0.5907166592337953,0.08885417068206238
5-13A,5.0,267.0724,-0.6623776713343918,0.03631255431316757
5-13A,5.0,268.02,-1.193100074177495,0.4862844599587015
5-13A,5.0,269.0398,-0.7511384128278805,0.15335615052263343
5-13A,5.0,271.0612,0.06378000031753815,0.6377835882369121
5-13A,5.0,271.0815,0.5550636780530707,0.19908797391811633
5-13A,5.0,273.0021,-0.7049276417743204,0.07317341640462366
5-13A,5.0,274.0933,-0.5329184239572127,0.19223689070096855
5-13A,5.0,275.0184,0.7326302211783978,0.5565476228287074
5-13A,5.0,275.0991,-0.4802056920526824,0.17825609960719224
5-13A,5.0,277.1207,1.9600194231130188,0.29979260916471046
5-13A,5.0,277.2169,0.9451835462545548,0.624311700791225
5-13A,5.0,279.2331,-0.3156920203352905,0.03998250332096549
5-13A,5.0,282.0839,0.08155647300520663,0.709432434136019
5-13A,5.0,283.2063,-0.41217602927813857,0.09381509429429481
5-13A,5.0,285.0972,-0.15500009059854458,0.5845031110453012
5-13A,5.0,287.0157,1.4340858406330943,0.4952530093608971
5-13A,5.0,288.0725,-0.6936693084057355,0.12126837657328861
5-13A,5.0,289.0333,1.318317381523042,0.2960699350502496
5-13A,5.0,289.1044,-1.4046482286165847,0.0504821561228383
5-13A,5.0,290.9677,-0.4199280837049979,0.1443142301904956
5-13A,5.0,294.0479,0.9444282504380376,1.6491609408679713
5-13A,5.0,300.0509,0.5370682144623626,0.7749059544667799
5-13A,5.0,301.0333,0.8025861279311906,1.3668334156145228
5-13A,5.0,303.2326,2.7606680947599473,3.55261933027709
5-13A,5.0,305.0207,1.6307095899453707,0.32650583873104333
5-13A,5.0,306.0481,-1.023299978843712,0.17118826480481708
5-13A,5.0,306.0765,-0.25975650070005213,0.02364625223284942
5-13A,5.0,308.0986,-0.25702316281788745,0.07681103261416021
5-13A,5.0,313.0441,-0.4620871372065293,0.37266259938237384
5-13A,5.0,313.1037,-0.8433784641314216,0.6189793712762851
5-13A,5.0,317.026,0.7508483497183984,0.18150346650276344
5-13A,5.0,323.0256,-0.3151223727763962,0.7031175578361754
5-13A,5.0,325.1163,-0.6419172687478767,0.23351871850254297
5-13A,5.0,328.0457,-1.0233849804170552,0.03657554999704502
5-13A,5.0,333.0589,-0.9746956733846946,0.22339751214788678
5-13A,5.0,338.9884,0.029141185397946228,0.23916866662979508
5-13A,5.0,339.0928,0.14369306440880103,0.22123547595046572
5-13A,5.0,341.1089,0.974837612057829,0.4087954735677461
5-13A,5.0,344.0393,-0.33655966591071496,0.19610659880382342
5-13A,5.0,346.0556,0.019263656523457198,0.32374903026700924
5-13A,5.0,348.087,-0.9326703192803845,0.10433996473871461
5-13A,5.0,353.0489,-0.04296623977389224,0.7022194550036439
5-13A,5.0,357.089,-0.3796455149159315,0.3175749879909915
5-13A,5.0,375.131,0.03308960652518754,0.3243048171509038
5-13A,5.0,377.1496,0.3477610687623897,0.677700413737577
5-13A,5.0,383.1188,1.8982107036043023,0.3866261271585546
5-13A,5.0,388.9416,0.03756231804526055,0.13061431339349677
5-13A,5.0,388.9442,-0.21916575013139827,0.1358591766081619
5-13A,5.0,401.0756,1.829469280355195,0.1267402426446591
5-13A,5.0,407.2795,-0.46739200526055813,0.16581223652996074
5-13A,5.0,421.0743,0.617053644895456,0.6594627262939223
5-13A,5.0,426.0222,0.6473990259843913,0.7843058388438433
5-13A,5.0,442.9997,0.09415583264804177,0.13654969215033355
5-13A,5.0,466.9657,1.503266635389558,0.3112377502207717
5-13A,5.0,490.9787,0.05225503563175782,0.9822348623045924
5-13A,5.0,503.1614,2.934324166705654,0.8182180754945949
5-13A,5.0,547.0731,-1.0157774519776646,0.14549067844127325
5-13A,5.0,565.0471,-0.2055007281125883,0.31352598043564456
5-13A,5.0,578.8872,1.919029246021589,0.303170969321774
5-13A,5.0,579.0269,1.5948164165392962,0.3676052162456309
5-13A,5.0,612.2549,-0.15140602444710669,0.5260608706781329
5-13A,5.0,624.2949,0.15129865399698011,0.7872457686392961
5-13A,5.0,659.307,0.5578849177960472,0.23748269443047157
5-13A,5.0,664.0939,-0.21151686157908076,0.3306752345560179
5-13A,5.0,665.2144,0.3497919427877162,0.45896881679095525
5-13A,5.0,668.1374,-0.6148668277356573,0.0008134402473581951
5-13A,5.0,787.255,1.8663021438935394,0.22437731984699202
5-13A,5.0,790.2568,1.2378313987868674,0.3241055370462556
5-13A,5.0,835.0407,-0.4123828886601506,0.18752052409270367
5-13A,5.0,863.2971,-0.37397303744795607,0.16724881051250481
5-13A,5.0,864.1473,0.7564309149851837,0.3605188326812411
5-13A,5.0,974.2935,0.02710313166416939,0.19152337843317924
5-13A,5.0,976.7162,1.878663638098969,0.16787502166586624
5-13A,6.0,57.0342,1.817705842114274,0.47649197069592386
5-13A,6.0,58.0295,-0.8856231592005865,0.1614446897480374
5-13A,6.0,59.0135,1.7929998317828255,0.2734933091767178
5-13A,6.0,71.0137,1.593352694206727,0.2577902561688652
5-13A,6.0,73.0293,-0.8930341581862489,0.018498167383864464
5-13A,6.0,74.0247,-0.6248052019441244,0.3869067086198403
5-13A,6.0,75.0087,0.11799703639858165,0.35077628202787436
5-13A,6.0,87.0088,-0.6470777137107696,0.01212193633942591
5-13A,6.0,87.0451,1.1286870853533675,1.3127674417892352
5-13A,6.0,88.0403,-0.8955183714469357,0.019383289677277357
5-13A,6.0,88.9883,0.03917611598527161,0.45832886127972994
5-13A,6.0,89.0244,-0.25894767670433416,0.08763211143741631
5-13A,6.0,93.0338,-0.06001964923074,0.02264669612546903
5-13A,6.0,94.9761,-0.3793757024090198,0.3912871646979393
5-13A,6.0,94.9806,1.2439105301034892,0.40436764502104644
5-13A,6.0,95.0139,1.4769007872077642,0.14124651213837938
5-13A,6.0,101.0242,1.8402059704019735,0.5203972707755335
5-13A,6.0,102.056,-0.16032841231419603,0.0501968883615486
5-13A,6.0,103.0402,-0.8071664127502499,0.04910237787244461
5-13A,6.0,103.0509,-0.7868424677114416,0.09335658050394836
5-13A,6.0,104.0352,-0.4598625132048396,0.1789008774226178
5-13A,6.0,105.0193,0.6593121763147294,0.7343185994716147
5-13A,6.0,107.0503,1.227645645061152,0.6823463789587687
5-13A,6.0,109.0295,0.3703850400209652,0.14899730177194406
5-13A,6.0,111.02,-0.9688433045774536,0.003185506539360671
5-13A,6.0,112.0516,0.9500323790225522,0.12276373441866519
5-13A,6.0,113.0244,1.6620897010673037,0.21151199741279347
5-13A,6.0,113.0357,-0.8232709957078951,0.03761594276909003
5-13A,6.0,114.056,-0.23026915124184805,0.0029780863926926375
5-13A,6.0,115.0037,-0.552266210131767,0.07250594014943038
5-13A,6.0,115.0402,0.8491196135256093,0.42925746716237007
5-13A,6.0,115.0764,0.755703773730209,0.43579821496780247
5-13A,6.0,116.0354,-0.10683840088668756,0.4551642487952776
5-13A,6.0,116.0717,-0.723494146530391,0.013199945214712917
5-13A,6.0,117.0194,-0.8816512169766433,0.0063668555335226786
5-13A,6.0,118.0508,-1.2173132055438607,0.1395070445125277
5-13A,6.0,118.9804,1.4016048951794398,0.17974014003775388
5-13A,6.0,119.0503,0.6904225389024581,0.12814379821438365
5-13A,6.0,120.9273,-0.561005013104217,0.08713029527474281
5-13A,6.0,121.0295,0.4299041064568184,0.664866886339141
5-13A,6.0,121.0409,0.7763899485763213,0.33954114626236964
5-13A,6.0,122.0248,1.7254878457470604,0.425271212092725
5-13A,6.0,124.0075,0.6345777983199704,0.5538323612998365
5-13A,6.0,124.0144,2.149144380248358,0.4759516635021641
5-13A,6.0,125.0439,2.0660640801196015,0.1755021225588271
5-13A,6.0,127.0764,1.0742718969754508,0.40237670082482535
5-13A,6.0,128.0354,-0.29253719744035933,0.007383900277084235
5-13A,6.0,129.0193,-0.7484650788478455,0.08064376894321035
5-13A,6.0,129.0556,1.4842766766336184,0.5857054235830009
5-13A,6.0,130.0142,-0.7636578144072959,0.22499254660645626
5-13A,6.0,130.0509,-0.9936641171752636,0.022518095251533938
5-13A,6.0,130.0874,-0.9528273679224497,0.02548879722664549
5-13A,6.0,131.0008,0.3681062302845209,1.7044401469977732
5-13A,6.0,131.0123,-0.5936615594418981,0.0755764163672332
5-13A,6.0,131.035,1.8197714347542324,0.20242967301086873
5-13A,6.0,131.0462,1.6021863508461798,0.18669288639536355
5-13A,6.0,131.0828,-0.42416541829498194,0.10888826218678145
5-13A,6.0,132.0302,-1.08664981996225,0.009751424799389334
5-13A,6.0,133.0142,0.4403976573567119,0.17959600283386043
5-13A,6.0,133.0257,0.3339715659204244,0.14447916866934007
5-13A,6.0,133.0505,-1.0789090864701034,0.014277613200962621
5-13A,6.0,134.0472,-0.7273138808281268,0.13479742510593573
5-13A,6.0,134.0604,-0.7055860158970186,0.3321318337151899
5-13A,6.0,135.0302,-0.5944999712199148,0.029137816121543595
5-13A,6.0,135.0453,0.4278698048447257,0.06911874636538798
5-13A,6.0,136.0404,-0.2333774320019526,0.05370232720243075
5-13A,6.0,136.0487,0.3155122645357743,0.42195109115411467
5-13A,6.0,136.0767,0.9685103491594892,0.9818453205350329
5-13A,6.0,137.0239,-0.20184794916075355,0.38855224480107087
5-13A,6.0,138.9789,0.6190965934232115,0.2365474761909293
5-13A,6.0,139.0014,-0.22225508154290682,0.07465089780468101
5-13A,6.0,139.0067,-0.5812956628657163,0.02187813047618656
5-13A,6.0,139.976,0.5196492541411369,0.6977553098671211
5-13A,6.0,143.0713,1.4403495884738406,0.3977842281392317
5-13A,6.0,143.1077,0.4060260701620064,0.44177308364794865
5-13A,6.0,145.0141,-0.07807223020449525,0.13188040195500308
5-13A,6.0,145.0506,-0.6788525632766462,0.13294468006954976
5-13A,6.0,145.0623,-0.5277040172148619,0.25686966243898224
5-13A,6.0,145.0982,-0.24942348160839292,0.1411236925644206
5-13A,6.0,145.1106,-0.42467960888248635,0.38025770271688936
5-13A,6.0,146.0459,0.03943629119606544,0.04328507488491995
5-13A,6.0,147.0298,-0.8341814181174593,0.024039930992821805
5-13A,6.0,147.0662,-1.0432993696859465,0.008477078005745044
5-13A,6.0,149.0092,1.7537186934457805,0.42232073265070913
5-13A,6.0,149.0456,0.7486679305308024,0.15059829230383018
5-13A,6.0,149.0608,1.5164455024255605,0.9281617231843277
5-13A,6.0,150.0422,-0.30708424981189786,0.6731353313811735
5-13A,6.0,150.9707,0.07577087036679486,0.565892138072853
5-13A,6.0,151.0259,-0.6700347494035273,0.03876374552871798
5-13A,6.0,151.04,1.7338775796034047,0.32172905328432344
5-13A,6.0,151.06,0.6417415203960244,0.7144689574924411
5-13A,6.0,152.0353,0.64209630453678,0.382754456793684
5-13A,6.0,152.0716,1.1607396324466608,0.5195148460803873
5-13A,6.0,153.0192,1.4970759683791344,0.21570662688978703
5-13A,6.0,154.062,-0.3299115980059101,0.03629182333395926
5-13A,6.0,154.9751,-0.8981377775458907,0.011951987506837873
5-13A,6.0,155.0099,-0.9046242209125938,0.010013046119459709
5-13A,6.0,157.0128,-0.8504501171669843,0.04729449573018122
5-13A,6.0,157.0255,-1.150070593150752,0.009054095435115445
5-13A,6.0,157.0379,-1.1292658976651477,0.05698670963810298
5-13A,6.0,157.0504,-1.0377363761266087,0.020345185093582116
5-13A,6.0,159.0297,1.6687468412765836,0.21739271443554753
5-13A,6.0,159.0775,-0.8363226118416593,0.04183055105208375
5-13A,6.0,160.0616,0.2453239774919176,0.3394690527072435
5-13A,6.0,161.0453,1.539621253074209,0.27216429301001654
5-13A,6.0,162.0424,-0.8820981379078239,0.23841682638101513
5-13A,6.0,163.0351,-0.7475871812247514,0.21528312073375339
5-13A,6.0,163.0398,0.680018085099068,0.05336199326997173
5-13A,6.0,163.0611,1.053830770455669,0.8704563995979907
5-13A,6.0,164.0716,-0.39704448320896063,0.08962019760805
5-13A,6.0,165.03,1.4564563518827045,0.4855924144988086
5-13A,6.0,165.0405,2.6067203498530036,0.3341630284048716
5-13A,6.0,165.0556,-0.32194249687387705,0.23063977119930854
5-13A,6.0,166.0508,-0.23978035477595855,0.2033246762325809
5-13A,6.0,166.0632,-0.4138481943552035,0.9006325740207182
5-13A,6.0,166.9759,-0.43023983198856175,0.0850432071506103
5-13A,6.0,167.0207,0.15341529306404036,0.4947315022184324
5-13A,6.0,167.0358,1.8945851558069293,0.5551993806021657
5-13A,6.0,167.0828,1.3513268496246744,0.9804842860159771
5-13A,6.0,168.0277,0.17201202791686546,0.029467457126905516
5-13A,6.0,168.0664,1.0024501194833801,0.4019949822653704
5-13A,6.0,170.0455,-0.7843453785847994,0.024129778100337822
5-13A,6.0,171.0065,-0.6149570028102986,0.22380212167049116
5-13A,6.0,171.0092,-0.5683885873992313,0.25232940447863533
5-13A,6.0,171.0284,-0.7470196101025048,0.0633731160114849
5-13A,6.0,172.0616,-0.9095822812644799,0.16426825773018167
5-13A,6.0,172.962,-0.4097983341645229,0.14096762031525292
5-13A,6.0,173.0089,-0.8283505084032231,0.17088602450313603
5-13A,6.0,173.0453,-0.700947430385014,0.26243499158202377
5-13A,6.0,173.0932,-0.845963721649602,0.0625719735258022
5-13A,6.0,173.1041,-0.6409272434527669,0.10997039344564813
5-13A,6.0,174.0407,-0.9215806107846736,0.0017791728299825038
5-13A,6.0,174.088,-0.7506842581994886,0.1457939785171715
5-13A,6.0,175.022,-0.7498879034517814,0.07034859152617298
5-13A,6.0,175.0361,-1.0686497020202208,0.010865670007287295
5-13A,6.0,175.0611,-1.024847804326322,0.020002337233383637
5-13A,6.0,176.0776,-0.8523542408347277,0.3692520907894688
5-13A,6.0,177.0402,0.25282597169274135,0.4229715199213615
5-13A,6.0,177.0553,1.1988623281294837,0.8886827002178928
5-13A,6.0,178.0509,-0.7704024098902291,0.05436115661975478
5-13A,6.0,179.0348,-0.43905910947428095,0.03166866056702112
5-13A,6.0,179.0561,1.0757102741356066,0.2611728945564277
5-13A,6.0,180.0663,1.0789583140530141,0.26327216906111944
5-13A,6.0,181.0505,-0.6555159688174386,0.12721396353089393
5-13A,6.0,182.9725,1.3729298354713961,0.3705135175360171
5-13A,6.0,183.0661,1.0174237355024733,1.0106883537616076
5-13A,6.0,184.0017,0.3900983586641321,0.07717738718363165
5-13A,6.0,184.9856,-0.09572137234737499,0.15839819539514324
5-13A,6.0,186.1136,1.1845484262949855,0.11653076224276006
5-13A,6.0,187.0234,-0.9514860166714246,0.1394272268324991
5-13A,6.0,188.035,-0.20409846061043457,0.5218878759116677
5-13A,6.0,188.0565,-0.7651991303030699,0.03573795443831841
5-13A,6.0,189.0405,-0.6143509815881467,0.06592267919523338
5-13A,6.0,191.0197,-0.40212106381232654,0.15574730841706802
5-13A,6.0,191.0561,-0.924261905123213,0.041687713015659655
5-13A,6.0,192.0663,1.1257799746057915,0.6867369792512712
5-13A,6.0,193.0349,0.47159678299476326,0.7429447649086703
5-13A,6.0,194.0682,-0.9484275432239511,0.07174915237650102
5-13A,6.0,194.0822,1.363444896559153,0.5735319686722953
5-13A,6.0,195.0509,0.2790453736740739,0.10151175666154535
5-13A,6.0,195.0657,0.347329391902243,0.8952315770308061
5-13A,6.0,196.0603,-0.8514659021399081,0.17084750560812098
5-13A,6.0,198.0182,-0.7524918461840884,0.11746115437925078
5-13A,6.0,199.0019,-0.5242425525226276,0.24349938292019194
5-13A,6.0,200.9937,0.5554408511119233,0.3725796834894098
5-13A,6.0,201.0051,-0.8836578358106504,0.1980077098466321
5-13A,6.0,203.0348,0.45919850061459794,0.4510530816796684
5-13A,6.0,203.0826,-0.06908498678966082,0.061161594067762004
5-13A,6.0,204.0498,0.4672276215376132,0.6518567490049821
5-13A,6.0,205.0351,-0.3734871482480453,0.14335891318908833
5-13A,6.0,206.0822,2.0547832156645573,0.9862013491858421
5-13A,6.0,209.0292,-0.39255120720976666,0.38752391360690086
5-13A,6.0,209.0814,0.0652611170652501,0.4514595054663233
5-13A,6.0,211.0235,-0.7530577238804292,0.42094654468987736
5-13A,6.0,211.9968,-0.9869063670197957,0.04257247795222858
5-13A,6.0,212.0331,-0.30280214383425674,0.16703595430146104
5-13A,6.0,212.9807,-0.5016362412506881,0.053779654795072324
5-13A,6.0,213.014,-0.4719079887661931,0.18139988295164214
5-13A,6.0,213.0384,-0.00034214451472763113,0.1470331341540002
5-13A,6.0,213.1252,0.22511977331482388,0.568067259158498
5-13A,6.0,214.0488,1.5382004961257087,1.3453942060345645
5-13A,6.0,215.0331,1.4202194134645616,0.22759737878408587
5-13A,6.0,216.1351,0.4704547071215293,0.20659599578689872
5-13A,6.0,218.0335,1.366751203373319,0.26483214463125304
5-13A,6.0,218.1034,-0.502682183875497,0.04917504282089446
5-13A,6.0,220.0828,0.09198885657857028,0.42870207019690104
5-13A,6.0,221.0443,1.9181559080024149,0.3166473674218469
5-13A,6.0,221.0664,0.7235841683032933,0.7319869037281765
5-13A,6.0,225.0399,0.8430306043882047,0.34819672091905907
5-13A,6.0,225.0861,1.1622487546471996,0.4655761397461508
5-13A,6.0,225.0901,1.21920332771128,0.8747243976813394
5-13A,6.0,226.0135,-0.38366611196433437,0.17157082373339055
5-13A,6.0,226.0697,0.7183991284478066,0.25162328401025047
5-13A,6.0,228.0501,-0.6727740028399481,0.44086874792320435
5-13A,6.0,229.0122,0.1378023968696145,0.362874824779689
5-13A,6.0,237.0614,-0.8867884860438223,0.0853757981316233
5-13A,6.0,238.0945,-0.2137332212780968,0.29072578158940093
5-13A,6.0,240.0515,-0.7411907457573488,0.01416969240983446
5-13A,6.0,241.0844,0.4008251611609878,0.5068035919705962
5-13A,6.0,242.0804,0.3760001225206824,0.5742863180298167
5-13A,6.0,243.029,0.3845876122541162,0.40234904323151816
5-13A,6.0,243.0625,-0.7281277148315105,0.5553242225448937
5-13A,6.0,245.0444,-0.6349070040133851,0.2761833622552052
5-13A,6.0,246.0198,0.5219027773234137,0.4953618684743911
5-13A,6.0,246.064,1.3852759674937332,0.23856333901932283
5-13A,6.0,251.0816,0.25412802608546653,0.7694998344800802
5-13A,6.0,253.0119,-0.3099845276683867,0.015467710716207447
5-13A,6.0,253.0499,0.6967667607352453,0.49005020969894736
5-13A,6.0,257.0072,-0.8240325743435644,0.6153631743418247
5-13A,6.0,257.1028,0.14624631719830183,0.3240656027398531
5-13A,6.0,259.005,-0.15811277233353946,0.7578950403384003
5-13A,6.0,259.0227,1.2004505704494541,0.15164358764979025
5-13A,6.0,261.0385,0.670479890630692,0.18616672435424897
5-13A,6.0,266.0703,-0.5272190668340235,0.1973003889420507
5-13A,6.0,267.0724,-0.5496561012490007,0.01913460376811323
5-13A,6.0,268.02,-0.48579742388199737,0.2713958836928811
5-13A,6.0,269.0398,-0.7295003460357707,0.31923412436572474
5-13A,6.0,271.0612,-0.06626754479605074,0.6179696002162907
5-13A,6.0,271.0815,0.18687782739190828,1.0317751945576787
5-13A,6.0,273.0021,-0.6441357951173048,0.028300164082204114
5-13A,6.0,274.0933,-0.4581858739362155,0.27387556841317834
5-13A,6.0,275.0184,1.0860756313076927,0.6518559187146454
5-13A,6.0,275.0991,-0.5883176583361327,0.18956305932562859
5-13A,6.0,277.1207,1.0478207233370411,0.1761744447415307
5-13A,6.0,277.2169,1.0336293088388373,0.3901518001648691
5-13A,6.0,279.2331,-0.32890918075718234,0.009798893234020237
5-13A,6.0,282.0839,0.25062698620584367,0.20169814547815226
5-13A,6.0,283.2063,-0.23318932576040108,0.1166612586923208
5-13A,6.0,285.0972,0.04890484010706947,0.3111583398997241
5-13A,6.0,287.0157,1.2217050584523486,0.24991054322732348
5-13A,6.0,288.0725,-0.71364335424395,0.11825308106337025
5-13A,6.0,289.0333,1.674928958606627,0.8679946029890387
5-13A,6.0,289.1044,-1.2381737065227,0.1582582999936692
5-13A,6.0,290.9677,-0.40902828424334897,0.04440325411927945
5-13A,6.0,294.0479,1.4270499736575357,1.133401879107897
5-13A,6.0,300.0509,1.7450715699793475,0.9412729415543115
5-13A,6.0,301.0333,1.485974963654801,0.5634682423313564
5-13A,6.0,303.2326,0.5369511624984593,1.205056830055078
5-13A,6.0,305.0207,1.303303357603031,0.24826323564657818
5-13A,6.0,306.0481,-1.1483702669727995,0.05323079608652528
5-13A,6.0,306.0765,-0.2214699826066484,0.016222440392974977
5-13A,6.0,308.0986,-0.22480489322702432,0.025860498866361555
5-13A,6.0,313.0441,-0.2280803195152593,0.2710670717606967
5-13A,6.0,313.1037,-0.5295411885422021,0.31595581719279364
5-13A,6.0,317.026,0.28275358116557747,0.15685989548393287
5-13A,6.0,323.0256,-0.3071742087269588,0.433465278591914
5-13A,6.0,325.1163,-0.6521219416493444,0.31480310194268435
5-13A,6.0,328.0457,-0.9014775162590899,0.12757672593870625
5-13A,6.0,333.0589,-0.9411993611290367,0.18699359485823597
5-13A,6.0,338.9884,-0.2746147585736797,0.09312526105982272
5-13A,6.0,339.0928,-0.08822045626060468,0.4619931204655526
5-13A,6.0,341.1089,0.570746157816957,0.1995034104360119
5-13A,6.0,344.0393,-0.48488547364644896,0.02044456359265942
5-13A,6.0,346.0556,0.6873823037755962,0.15593500372797647
5-13A,6.0,348.087,-0.8832140217102765,0.1741438209966683
5-13A,6.0,353.0489,0.28242004540228044,0.3670477758450876
5-13A,6.0,357.089,-0.4264650456509546,0.16867591521920813
5-13A,6.0,375.131,-0.47390986288417125,0.6458258545081742
5-13A,6.0,377.1496,-0.6461868362296384,0.1809001813232134
5-13A,6.0,383.1188,1.982489355883958,0.65868988649241
5-13A,6.0,388.9416,-0.0027380182382847305,0.28212209674698413
5-13A,6.0,388.9442,-0.6035115498726171,0.30442404770890213
5-13A,6.0,401.0756,1.6083578261796954,0.20256143096606302
5-13A,6.0,407.2795,0.03268307250051639,0.25687414394396385
5-13A,6.0,421.0743,-0.03183884393040895,0.5744141147710282
5-13A,6.0,426.0222,-0.13347716670703091,0.44107536997725355
5-13A,6.0,442.9997,0.2691418654357729,0.19626053306685584
5-13A,6.0,466.9657,0.9398380352479925,0.45944018129925096
5-13A,6.0,490.9787,0.9166536769075185,0.9268222096958019
5-13A,6.0,503.1614,1.4148450333713487,0.6863550915129473
5-13A,6.0,547.0731,-0.8948323458234737,0.05626303660847213
5-13A,6.0,565.0471,0.016692591371148497,0.31064952538653573
5-13A,6.0,578.8872,1.431744727068803,0.11700672578879802
5-13A,6.0,579.0269,1.516296669306374,0.25894202191840904
5-13A,6.0,612.2549,-0.9829143740398218,0.36367406489129955
5-13A,6.0,624.2949,-0.5070196943459574,0.17595719978374652
5-13A,6.0,659.307,-0.1212038595575448,0.15223354307711698
5-13A,6.0,664.0939,-0.5309433403398287,0.323618548278668
5-13A,6.0,665.2144,0.16352798669698854,0.28214777011649905
5-13A,6.0,668.1374,-0.6083249386398912,0.0007710729305113253
5-13A,6.0,787.255,0.09047525094432668,0.3830966946861898
5-13A,6.0,790.2568,0.21029107572576589,0.20165108445821425
5-13A,6.0,835.0407,-0.8187973101941479,0.12185494142400874
5-13A,6.0,863.2971,-0.5522725111186555,0.10603670265366141
5-13A,6.0,864.1473,-0.5646312285050124,0.3132219806449001
5-13A,6.0,974.2935,-0.883513712106162,0.25219701443588477
5-13A,6.0,976.7162,0.7051319611809199,0.10853184405165882
5-13A,7.0,57.0342,1.796673414019312,0.5697816317437369
5-13A,7.0,58.0295,-0.8844096751724462,0.23961419279434806
5-13A,7.0,59.0135,1.8671927757590716,0.30957785363534557
5-13A,7.0,71.0137,1.6165980708275107,0.13156438634421108
5-13A,7.0,73.0293,-0.8543098349023429,0.025285845512555073
5-13A,7.0,74.0247,0.08658982496261605,0.4950686250554617
5-13A,7.0,75.0087,-0.6747215188636999,0.16695493968190445
5-13A,7.0,87.0088,-0.6308335535478999,0.016097191729481545
5-13A,7.0,87.0451,0.4211988842324633,0.27107580225037137
5-13A,7.0,88.0403,-0.8519651043986756,0.04006112404431029
5-13A,7.0,88.9883,-1.2568464047306498,0.7257225716158914
5-13A,7.0,89.0244,-0.15402227182589964,0.11093465518892559
5-13A,7.0,93.0338,-0.07236637385240396,0.019844738545314138
5-13A,7.0,94.9761,-0.3671800432552093,0.38139939439531556
5-13A,7.0,94.9806,1.1167530145414188,0.3341255418280452
5-13A,7.0,95.0139,1.4231133205439304,0.15052158520685335
5-13A,7.0,101.0242,0.9381252390182436,0.24210917375594976
5-13A,7.0,102.056,0.005010979383095984,0.09510048846540506
5-13A,7.0,103.0402,-0.7789124610323663,0.040051659340585244
5-13A,7.0,103.0509,-0.706971602235211,0.0542356902088878
5-13A,7.0,104.0352,-0.39890875343679755,0.40172365925453
5-13A,7.0,105.0193,-0.2809256587556863,0.5314522579203971
5-13A,7.0,107.0503,0.45982612100310083,0.483544574850115
5-13A,7.0,109.0295,0.5185720450791134,0.2513846347254087
5-13A,7.0,111.02,-0.9377581344413286,0.022908057582291537
5-13A,7.0,112.0516,0.5044492099975774,0.461420777134322
5-13A,7.0,113.0244,1.5140500903239422,0.13034262753436984
5-13A,7.0,113.0357,-0.8652286108424683,0.03141503999156675
5-13A,7.0,114.056,-0.24518274903213133,0.002374502202225179
5-13A,7.0,115.0037,-0.5350710279038344,0.09017886450746689
5-13A,7.0,115.0402,-0.6475795950561842,0.5900104192657746
5-13A,7.0,115.0764,0.5940111414752692,0.44456965277006205
5-13A,7.0,116.0354,-0.39243825683054406,0.4293237071736238
5-13A,7.0,116.0717,-0.7088333696843074,0.03617752132717171
5-13A,7.0,117.0194,-0.8462431411736515,0.03693283194758247
5-13A,7.0,118.0508,-1.0322370661974216,0.10690256948900366
5-13A,7.0,118.9804,1.3865394655595193,0.1271986215478005
5-13A,7.0,119.0503,0.6375506469286552,0.2563938529866921
5-13A,7.0,120.9273,-0.6657544206499282,0.06729640886570946
5-13A,7.0,121.0295,-0.01746434606502892,0.3187095693189111
5-13A,7.0,121.0409,0.07597517205976934,0.7032429488843621
5-13A,7.0,122.0248,0.5625410246680747,0.7156783331615161
5-13A,7.0,124.0075,0.1433718967648155,0.1362162928394384
5-13A,7.0,124.0144,1.4243335071752903,0.0643171162569992
5-13A,7.0,125.0439,0.4629883954443762,0.11547085271813602
5-13A,7.0,127.0764,0.6881285874379812,0.08624016900337234
5-13A,7.0,128.0354,-0.24052489266473975,0.009747803112434469
5-13A,7.0,129.0193,-0.8934590420459875,0.0410938237648705
5-13A,7.0,129.0556,0.641960842748756,1.0218589862313243
5-13A,7.0,130.0142,-0.596335273707577,0.2297262451442706
5-13A,7.0,130.0509,-0.9848673288535068,0.02228234073458519
5-13A,7.0,130.0874,-0.9273944263803101,0.04816418276146495
5-13A,7.0,131.0008,1.298390430354971,1.1850484823988177
5-13A,7.0,131.0123,-0.6600982418339656,0.0717087211176237
5-13A,7.0,131.035,0.4077262427578321,0.18496013334304842
5-13A,7.0,131.0462,0.33126041660841254,0.28823919022605987
5-13A,7.0,131.0828,-0.5296961750565011,0.05661445191726493
5-13A,7.0,132.0302,-1.0442144319985065,0.01567068512847249
5-13A,7.0,133.0142,0.4761641608508109,0.16668794180583282
5-13A,7.0,133.0257,0.32923548473487596,0.23187228484293568
5-13A,7.0,133.0505,-1.0639898920519695,0.02753055942290239
5-13A,7.0,134.0472,-0.6661399350210014,0.15061261170074103
5-13A,7.0,134.0604,-1.1939147744711116,0.5985735583238572
5-13A,7.0,135.0302,-0.8997950342952805,0.14972629412112937
5-13A,7.0,135.0453,1.096393056810701,0.12696553427780632
5-13A,7.0,136.0404,-0.41974447289666805,0.06471460830527151
5-13A,7.0,136.0487,0.6635617221786725,0.2922405078421623
5-13A,7.0,136.0767,0.23657877788290363,0.7531170261597425
5-13A,7.0,137.0239,0.26079520929942335,0.18966547442380555
5-13A,7.0,138.9789,0.4360102534625453,0.2598213621943148
5-13A,7.0,139.0014,-0.23185826018861816,0.041520077311516024
5-13A,7.0,139.0067,-0.5814043945079912,0.03801982889765389
5-13A,7.0,139.976,0.3429299662142105,0.9450099267066588
5-13A,7.0,143.0713,0.43555829940688984,0.2260793763380475
5-13A,7.0,143.1077,0.3966951370776896,0.6365000280429455
5-13A,7.0,145.0141,-0.3036470956386199,0.1499338326490368
5-13A,7.0,145.0506,-0.6944799136137199,0.14873617125016625
5-13A,7.0,145.0623,-0.8693681605398027,0.08228637126057818
5-13A,7.0,145.0982,-0.5099952283704325,0.07196655143628872
5-13A,7.0,145.1106,0.16679992382200468,0.9146432381462102
5-13A,7.0,146.0459,0.25110130216905713,0.04317944827788498
5-13A,7.0,147.0298,-0.6923758424232374,0.10369369872456521
5-13A,7.0,147.0662,-1.0154733924925798,0.02665266943352652
5-13A,7.0,149.0092,1.3175119274306408,0.9801178615478534
5-13A,7.0,149.0456,0.5396364772632516,0.042542290526878954
5-13A,7.0,149.0608,1.244013282225448,0.3358437040423346
5-13A,7.0,150.0422,-0.7889457419551816,0.3544079892697987
5-13A,7.0,150.9707,-0.04483368358058633,0.4707886590212187
5-13A,7.0,151.0259,-0.6605186776597236,0.09206355439180405
5-13A,7.0,151.04,0.8111472596812398,0.8558644394169914
5-13A,7.0,151.06,-0.3295498979964896,0.7244776016209761
5-13A,7.0,152.0353,0.8349549283008508,0.4432815920647256
5-13A,7.0,152.0716,0.052885483362147316,0.5134916059247903
5-13A,7.0,153.0192,1.9791066579137828,0.14204137996446722
5-13A,7.0,154.062,-0.12964770987896004,0.08742736722623819
5-13A,7.0,154.9751,-0.8835265822787985,0.03680353617130271
5-13A,7.0,155.0099,-0.8591234449086496,0.020963502436422306
5-13A,7.0,157.0128,-0.8907185840550638,0.015044140372730785
5-13A,7.0,157.0255,-1.111034556268586,0.023178775927404832
5-13A,7.0,157.0379,-1.160740004434727,0.04189500514678154
5-13A,7.0,157.0504,-1.0086632194669374,0.04604222643943128
5-13A,7.0,159.0297,-0.3952775681224894,0.22872860672975578
5-13A,7.0,159.0775,-0.7350580237619397,0.05141810864829271
5-13A,7.0,160.0616,-0.517995438173072,0.2845312240269684
5-13A,7.0,161.0453,0.20236931877576264,0.036188679618230336
5-13A,7.0,162.0424,-1.0039239322741156,0.13399275487086737
5-13A,7.0,163.0351,-0.9302525796630835,0.04971029902943296
5-13A,7.0,163.0398,0.6098950459787835,0.0729371780397141
5-13A,7.0,163.0611,-1.207654267095207,0.6719287774768907
5-13A,7.0,164.0716,-0.3587112383778045,0.01999242748948338
5-13A,7.0,165.03,0.5971811240262379,0.43025542816888696
5-13A,7.0,165.0405,1.8915477682077553,0.7813506329265257
5-13A,7.0,165.0556,-0.6244396739480398,0.10356559470068875
5-13A,7.0,166.0508,-0.5704098730585057,0.12039046218144317
5-13A,7.0,166.0632,-0.6157771773062218,0.6630097208011605
5-13A,7.0,166.9759,-0.3172959453803053,0.440902200100092
5-13A,7.0,167.0207,0.9986296659423934,0.3602576188353774
5-13A,7.0,167.0358,1.4663924819644092,0.4565396599125068
5-13A,7.0,167.0828,-0.03693012964387141,0.44129452759061777
5-13A,7.0,168.0277,0.3647715898481765,0.048122314029586354
5-13A,7.0,168.0664,0.04859424573898716,0.2630728023446412
5-13A,7.0,170.0455,-0.7472424328493323,0.04409818026438338
5-13A,7.0,171.0065,-0.6348398687641574,0.1869101170443096
5-13A,7.0,171.0092,-0.3922780908805908,0.21905780120532012
5-13A,7.0,171.0284,-0.7693068259202167,0.022141575282110353
5-13A,7.0,172.0616,-0.7072877141273173,0.14460994358820167
5-13A,7.0,172.962,-0.42459900659410627,0.05213390707448544
5-13A,7.0,173.0089,-0.8300668905776547,0.09511270155417098
5-13A,7.0,173.0453,-1.0249478792449673,0.2161091778799562
5-13A,7.0,173.0932,-0.8246537027558596,0.09303475355866317
5-13A,7.0,173.1041,-0.861844671441875,0.09357872406788068
5-13A,7.0,174.0407,-0.9121674001049109,0.019882567830339645
5-13A,7.0,174.088,-0.7824245358241015,0.097136137105715
5-13A,7.0,175.022,-0.6131143761984502,0.3051294639915118
5-13A,7.0,175.0361,-1.038234761980012,0.019524495989790128
5-13A,7.0,175.0611,-0.9638477151605005,0.05671758002316078
5-13A,7.0,176.0776,-0.7280093621214418,0.19609691011912955
5-13A,7.0,177.0402,-0.4260606637240951,0.5352005054132202
5-13A,7.0,177.0553,-0.24315789725237602,0.28862435243577783
5-13A,7.0,178.0509,-0.6816073610179527,0.05400882180236815
5-13A,7.0,179.0348,-0.9186372114952537,0.20854327223435984
5-13A,7.0,179.0561,1.0972980559264498,0.10131506608448929
5-13A,7.0,180.0663,1.026147172689856,0.07131609707903595
5-13A,7.0,181.0505,-1.0124598097888384,0.15511461553711484
5-13A,7.0,182.9725,1.3258108403778306,0.18069642895573412
5-13A,7.0,183.0661,0.4143317966796448,0.1868985393263278
5-13A,7.0,184.0017,0.7896371109462111,0.21455794450150456
5-13A,7.0,184.9856,0.15966212829611506,0.07484683306115628
5-13A,7.0,186.1136,0.32500215817588396,0.3066252079338128
5-13A,7.0,187.0234,-0.9565134606211966,0.6368899226037933
5-13A,7.0,188.035,-0.8177979532853719,0.2803336175370133
5-13A,7.0,188.0565,-0.6676294888720216,0.004746036175120418
5-13A,7.0,189.0405,-0.8089669033712168,0.16978453060006382
5-13A,7.0,191.0197,-0.05754650810140301,0.30163226698964996
5-13A,7.0,191.0561,-0.9324794002018084,0.11853173420400429
5-13A,7.0,192.0663,-0.6108423152029598,0.7952557997526348
5-13A,7.0,193.0349,-0.3961139965784341,0.6284851207356492
5-13A,7.0,194.0682,-0.5629495290082307,0.29382823234786154
5-13A,7.0,194.0822,0.9582142324666462,0.25877935794438245
5-13A,7.0,195.0509,0.01635668395197182,0.1094855561617654
5-13A,7.0,195.0657,-0.17986985030054464,0.6142974313693942
5-13A,7.0,196.0603,-0.7063787281313165,0.15301438341083157
5-13A,7.0,198.0182,-0.6219294034888299,0.07366969960802437
5-13A,7.0,199.0019,-0.3363679885864278,0.32190112424980705
5-13A,7.0,200.9937,0.5550819870234851,0.1971270413679189
5-13A,7.0,201.0051,-0.13743663574726417,0.32738871553250004
5-13A,7.0,203.0348,-0.1945690711818367,0.38721147006385626
5-13A,7.0,203.0826,-0.07045780539339191,0.01213384054016796
5-13A,7.0,204.0498,1.3920413969957814,0.49920962249356626
5-13A,7.0,205.0351,-0.26055714250376416,0.23818538740394524
5-13A,7.0,206.0822,1.5085014616111536,0.40681734809655606
5-13A,7.0,209.0292,-0.31421710331937486,0.2441105802296504
5-13A,7.0,209.0814,-0.2230970573256112,0.1882328042280879
5-13A,7.0,211.0235,-0.49415110408544904,0.2228671005957502
5-13A,7.0,211.9968,-0.9775304021881134,0.07670008589904279
5-13A,7.0,212.0331,-0.42232145295826806,0.41661550511977435
5-13A,7.0,212.9807,-0.5365356356075779,0.0817146985380495
5-13A,7.0,213.014,-0.8937439090259628,0.2953834716304603
5-13A,7.0,213.0384,-0.43840284550546305,0.40409269842744344
5-13A,7.0,213.1252,0.15804486883077978,0.7918381579605318
5-13A,7.0,214.0488,1.0086281691025558,0.1669663045394199
5-13A,7.0,215.0331,1.4717687066065157,0.07969259774869684
5-13A,7.0,216.1351,0.4563401504026634,0.19206973840451938
5-13A,7.0,218.0335,1.3394654820948042,0.07565432450944769
5-13A,7.0,218.1034,-0.4792356975575742,0.046674740250384227
5-13A,7.0,220.0828,-0.710572895668419,0.42011400019009393
5-13A,7.0,221.0443,1.8070014149290419,0.1636945203221442
5-13A,7.0,221.0664,0.24934402690847385,0.4418550550977509
5-13A,7.0,225.0399,0.49119811728708634,1.0149243177059077
5-13A,7.0,225.0861,1.2610692676668647,0.8045579105070505
5-13A,7.0,225.0901,-0.22251163422031817,0.5011137596610056
5-13A,7.0,226.0135,-0.5732331682977079,0.302652979929756
5-13A,7.0,226.0697,0.33870466238563907,0.5063473986209678
5-13A,7.0,228.0501,-0.42892230622471583,0.48490590114563
5-13A,7.0,229.0122,0.7246901512541826,0.1917083816713006
5-13A,7.0,237.0614,-0.89028591939725,0.21508518759225634
5-13A,7.0,238.0945,-0.4752266683263827,0.1362415062711735
5-13A,7.0,240.0515,-0.45283915152256027,0.05487661672635436
5-13A,7.0,241.0844,-0.5750831059674405,0.6631404762393804
5-13A,7.0,242.0804,-1.2096151365035444,1.034116636022514
5-13A,7.0,243.029,-0.0233802874314344,0.25355755906308924
5-13A,7.0,243.0625,-0.7143098095923155,0.20565780096691066
5-13A,7.0,245.0444,-0.527849348347116,0.413776525891517
5-13A,7.0,246.0198,-0.11226818808295022,0.40440630793593146
5-13A,7.0,246.064,1.4497276441889975,0.6772525086333055
5-13A,7.0,251.0816,-0.5883365128123212,0.3930387117772364
5-13A,7.0,253.0119,-0.32649979524267714,0.007836424210942692
5-13A,7.0,253.0499,-0.06662307354541862,0.7054378869098007
5-13A,7.0,257.0072,-0.3462389299009862,0.12636346817953825
5-13A,7.0,257.1028,0.3220779741014772,0.5573015150467153
5-13A,7.0,259.005,-0.40350789288459227,0.5623740848003564
5-13A,7.0,259.0227,1.4255012695803115,0.19519364480382473
5-13A,7.0,261.0385,1.1190872088316608,0.26080400644056373
5-13A,7.0,266.0703,-0.5554005825620122,0.15287395840251025
5-13A,7.0,267.0724,-0.5250160342688475,0.07129175987164232
5-13A,7.0,268.02,-0.48698816908451503,0.5937330691404177
5-13A,7.0,269.0398,-0.5531662494911156,0.1601049832169734
5-13A,7.0,271.0612,-0.3209936996745024,0.9609337635527204
5-13A,7.0,271.0815,-0.25552160960604414,0.7179621909592099
5-13A,7.0,273.0021,-0.6495841209969428,0.12088327657038807
5-13A,7.0,274.0933,-0.04715684882073094,0.08458333334539547
5-13A,7.0,275.0184,0.6842418614583158,0.45959940818021194
5-13A,7.0,275.0991,-0.715821905567287,0.21222073290722057
5-13A,7.0,277.1207,1.2912267718372576,0.14826219355282313
5-13A,7.0,277.2169,1.4559927642497843,0.36716672563738306
5-13A,7.0,279.2331,0.5482695142058307,0.02293507458381643
5-13A,7.0,282.0839,0.34963224168369417,0.5195598121842236
5-13A,7.0,283.2063,0.3954206028591226,0.2539552271216124
5-13A,7.0,285.0972,0.559380121174271,0.4622532386412263
5-13A,7.0,287.0157,0.9016382458700982,0.28541981632421254
5-13A,7.0,288.0725,-0.6634145036802045,0.20622217536585785
5-13A,7.0,289.0333,2.561384159365212,1.0628527404923716
5-13A,7.0,289.1044,-1.3002489520492335,0.11633674258562897
5-13A,7.0,290.9677,-0.40306424302848454,0.1145505380330268
5-13A,7.0,294.0479,1.1586094885531995,0.8620985921558554
5-13A,7.0,300.0509,-0.0035060794742357293,0.39916541207326833
5-13A,7.0,301.0333,0.5522709664590668,1.0147932376549615
5-13A,7.0,303.2326,0.16770885630279445,0.6119106113623686
5-13A,7.0,305.0207,1.0763881470687364,0.1281470076521625
5-13A,7.0,306.0481,-0.875595160612377,0.14161992476124577
5-13A,7.0,306.0765,-0.19360241861735128,0.055957412526602024
5-13A,7.0,308.0986,-0.23198243013212275,0.03823807825032255
5-13A,7.0,313.0441,-0.024221619440656025,0.6231614286901057
5-13A,7.0,313.1037,-0.6059887300318838,0.7299072502789448
5-13A,7.0,317.026,0.5001782818996293,0.33424035184816625
5-13A,7.0,323.0256,0.5044736024391231,0.5997499042964165
5-13A,7.0,325.1163,0.026952655066506542,0.5266219922191689
5-13A,7.0,328.0457,-0.952587170889754,0.07096817117581003
5-13A,7.0,333.0589,-1.0018319263513038,0.15481041805591964
5-13A,7.0,338.9884,0.03976821550774072,0.1218956360995101
5-13A,7.0,339.0928,-0.0978108650100914,0.5584331577953789
5-13A,7.0,341.1089,0.46796710209219883,0.03729420733392532
5-13A,7.0,344.0393,-0.4513748281950424,0.17634547181250687
5-13A,7.0,346.0556,0.6284755431910083,0.32664574465246815
5-13A,7.0,348.087,-0.7484057267207888,0.24648369806931616
5-13A,7.0,353.0489,0.08943231764261941,0.40829165767400316
5-13A,7.0,357.089,-0.5950153562970377,0.2111953017112198
5-13A,7.0,375.131,-0.377464937638761,0.37051004679838706
5-13A,7.0,377.1496,-0.027349539060272217,0.3138590694388834
5-13A,7.0,383.1188,1.8407283407674089,0.3817106369016959
5-13A,7.0,388.9416,0.17712088999013031,0.5175594102190705
5-13A,7.0,388.9442,-0.25946608641494356,0.42557897328170297
5-13A,7.0,401.0756,1.3180160647382915,0.18144018320838398
5-13A,7.0,407.2795,0.1273694191913428,0.23808277036235012
5-13A,7.0,421.0743,0.8276839578622215,0.6428812434878195
5-13A,7.0,426.0222,0.037124816740215255,0.4522090257237985
5-13A,7.0,442.9997,0.3712648616200881,0.1767283167017617
5-13A,7.0,466.9657,1.2391594790731992,0.34347486248647247
5-13A,7.0,490.9787,0.807964498640596,0.2282248871244148
5-13A,7.0,503.1614,2.0982832121885546,0.3309862456744072
5-13A,7.0,547.0731,-0.7957682625918502,0.11100705555700999
5-13A,7.0,565.0471,0.7991044770286347,0.7056495286279171
5-13A,7.0,578.8872,1.3068020049694917,0.0699707956952842
5-13A,7.0,579.0269,1.595381306807159,0.23941306213031768
5-13A,7.0,612.2549,-0.13050218325622837,0.6435440963482498
5-13A,7.0,624.2949,-0.13920214510075857,0.17977720663226326
5-13A,7.0,659.307,-0.0786192397635237,0.2314199509953602
5-13A,7.0,664.0939,-0.5379747408156942,0.2795209185849765
5-13A,7.0,665.2144,0.7182325581270552,0.6452872023168771
5-13A,7.0,668.1374,-0.5861782080295737,0.013427905641306496
5-13A,7.0,787.255,-0.06772341240643065,0.2167669005066909
5-13A,7.0,790.2568,0.3801484641387575,0.4010910802076067
5-13A,7.0,835.0407,-0.7535098529196103,0.3523813688382714
5-13A,7.0,863.2971,-0.5234674836749229,0.12880296902892546
5-13A,7.0,864.1473,-0.599841495784095,0.10189782775579462
5-13A,7.0,974.2935,-0.41513752584664865,0.3251052210564745
5-13A,7.0,976.7162,0.7633009104591988,0.1421862342644908
5-13A,8.0,57.0342,2.0315622865607574,0.30979428620232224
5-13A,8.0,58.0295,-1.0615783432809467,0.09350588036780923
5-13A,8.0,59.0135,1.9165360296995404,0.36158864715916295
5-13A,8.0,71.0137,1.5683492638919345,0.05368161835458216
5-13A,8.0,73.0293,-0.8252170444740169,0.011692417955018098
5-13A,8.0,74.0247,-0.28640376208362417,0.5832985188992501
5-13A,8.0,75.0087,-0.6899954794660561,0.207219273125466
5-13A,8.0,87.0088,-0.5973971016668267,0.01951571659407361
5-13A,8.0,87.0451,1.0082516433573308,0.2634345552468502
5-13A,8.0,88.0403,-0.8616272178335986,0.018006983557310927
5-13A,8.0,88.9883,-0.9340898324937628,0.6696618258188876
5-13A,8.0,89.0244,-0.09820854090758406,0.24742724689390153
5-13A,8.0,93.0338,-0.04288595298669359,0.011693546986656336
5-13A,8.0,94.9761,-0.612165000262605,0.3623432587472369
5-13A,8.0,94.9806,1.4635226495189149,0.22325051283540828
5-13A,8.0,95.0139,1.409945434514195,0.20958537597781524
5-13A,8.0,101.0242,1.1110612768422368,0.06758286621386597
5-13A,8.0,102.056,0.02495629769008818,0.051842155720391116
5-13A,8.0,103.0402,-0.7121586190615425,0.03942069497138625
5-13A,8.0,103.0509,-0.6216857628283887,0.25968148555385934
5-13A,8.0,104.0352,-0.6391696374204502,0.2081933122035853
5-13A,8.0,105.0193,-0.16799046811425294,0.4039349232597013
5-13A,8.0,107.0503,0.9408811053799072,0.4894519419094126
5-13A,8.0,109.0295,1.2420762430138397,0.16893533327413388
5-13A,8.0,111.02,-0.8807018037641381,0.012375542145868407
5-13A,8.0,112.0516,0.42814708021824094,0.7135221861400399
5-13A,8.0,113.0244,1.4557504337497078,0.1448213618221522
5-13A,8.0,113.0357,-0.7859395468941054,0.040154552821137286
5-13A,8.0,114.056,-0.24111040129603922,0.006696777104184887
5-13A,8.0,115.0037,-0.6081958028520951,0.06831170686022359
5-13A,8.0,115.0402,-0.07449593517682301,0.5616016136816191
5-13A,8.0,115.0764,0.6101671620609389,0.352747229035012
5-13A,8.0,116.0354,0.043319252080639706,0.17930701684612874
5-13A,8.0,116.0717,-0.698172178650438,0.00987954362482304
5-13A,8.0,117.0194,-0.8198890556820908,0.02075259273809781
5-13A,8.0,118.0508,-1.1367307155740989,0.12398436525738744
5-13A,8.0,118.9804,1.2825964967250854,0.13666990173575824
5-13A,8.0,119.0503,0.8202963296231547,0.2921350644802036
5-13A,8.0,120.9273,-0.6256818925473806,0.09406003563572135
5-13A,8.0,121.0295,-0.06777060352232266,0.5188525012140579
5-13A,8.0,121.0409,0.8373789679991754,0.5405677417698249
5-13A,8.0,122.0248,0.708806899563406,0.3729898448844289
5-13A,8.0,124.0075,0.1233059616450134,0.23786377140145668
5-13A,8.0,124.0144,1.5316166086655412,0.2535019203444864
5-13A,8.0,125.0439,0.9930317732269289,0.0958559379517018
5-13A,8.0,127.0764,0.593546926599856,0.17978686237621988
5-13A,8.0,128.0354,-0.27530112579932803,0.003930597496596771
5-13A,8.0,129.0193,-0.8198773175800975,0.045080963951231165
5-13A,8.0,129.0556,0.48747461810747084,0.5831055694817615
5-13A,8.0,130.0142,-0.5106684249589195,0.12462885909480477
5-13A,8.0,130.0509,-0.962639202657927,0.021045154834267537
5-13A,8.0,130.0874,-0.9846516360380042,0.04603005442328146
5-13A,8.0,131.0008,0.4508624608351114,1.523296370205054
5-13A,8.0,131.0123,-0.6119974259931742,0.10558187702752883
5-13A,8.0,131.035,0.38903228538283413,0.18228994464543918
5-13A,8.0,131.0462,0.25199595463209945,0.4253610153414975
5-13A,8.0,131.0828,-0.6284909260672852,0.20792174659540313
5-13A,8.0,132.0302,-1.0334630103992624,0.022210513896061695
5-13A,8.0,133.0142,0.08096829725242835,0.0846427920371395
5-13A,8.0,133.0257,-0.013656793098825901,0.10013486697889358
5-13A,8.0,133.0505,-0.9791819239647888,0.03720464207543954
5-13A,8.0,134.0472,-0.5358620874687902,0.20881496562305837
5-13A,8.0,134.0604,-0.9360608442114859,0.2165578236967275
5-13A,8.0,135.0302,-0.6658834761306076,0.0520394540493998
5-13A,8.0,135.0453,0.8624774597557257,0.44657245360137043
5-13A,8.0,136.0404,-0.43641020664756336,0.08206574266955648
5-13A,8.0,136.0487,0.6380720814724683,0.18743416588865133
5-13A,8.0,136.0767,0.4914391052981195,0.5556028573791477
5-13A,8.0,137.0239,-0.07768527447393307,0.42731420023042704
5-13A,8.0,138.9789,0.961783715253038,0.32982934302459166
5-13A,8.0,139.0014,-0.18069349859978284,0.02204010061006952
5-13A,8.0,139.0067,-0.5737322898290804,0.04940997952637412
5-13A,8.0,139.976,0.9009775311025391,0.63163765425108
5-13A,8.0,143.0713,0.4181261118797047,0.5602133225805509
5-13A,8.0,143.1077,0.3650151142672269,0.5662609623918401
5-13A,8.0,145.0141,-0.1866154600891301,0.14210290021867053
5-13A,8.0,145.0506,-0.7111568621077611,0.016983091717396964
5-13A,8.0,145.0623,-0.8610251989004727,0.28189326232627065
5-13A,8.0,145.0982,-0.7264352720694118,0.14882072720092246
5-13A,8.0,145.1106,-0.2517644786718927,0.9580626874015722
5-13A,8.0,146.0459,0.2574383472696226,0.054813132369595036
5-13A,8.0,147.0298,-0.7051694633890958,0.09843216477190522
5-13A,8.0,147.0662,-0.9333760220742234,0.07314757891760694
5-13A,8.0,149.0092,1.3273331670828212,0.25542996929329365
5-13A,8.0,149.0456,0.8032865186792537,0.3792856338987105
5-13A,8.0,149.0608,1.427551222782342,0.6812441766539928
5-13A,8.0,150.0422,-0.3668191455321396,0.3895418823491353
5-13A,8.0,150.9707,-1.0641899820125615,0.6885874297228141
5-13A,8.0,151.0259,-0.689206835122661,0.05556317556836651
5-13A,8.0,151.04,1.06379137463744,0.2176877351664824
5-13A,8.0,151.06,-0.8162748198798493,1.1382776361545623
5-13A,8.0,152.0353,0.5531052137155674,0.3628193716938331
5-13A,8.0,152.0716,0.16132274348925735,0.3250028245439743
5-13A,8.0,153.0192,2.7367162724047613,0.22412125433484645
5-13A,8.0,154.062,-0.40977243160113774,0.18567711967820402
5-13A,8.0,154.9751,-0.8536328335660928,0.020425139257112968
5-13A,8.0,155.0099,-0.8234226033136278,0.03191900192273134
5-13A,8.0,157.0128,-0.844294211333587,0.043016293046855905
5-13A,8.0,157.0255,-1.0643392245055865,0.02246293506923622
5-13A,8.0,157.0379,-1.075582789149069,0.0419338154948833
5-13A,8.0,157.0504,-0.9719201391252137,0.04692426478943809
5-13A,8.0,159.0297,-0.1733341007027009,0.2422014690212195
5-13A,8.0,159.0775,-0.6776499051840477,0.09079432843542423
5-13A,8.0,160.0616,-0.3218875612536094,0.5986436272493881
5-13A,8.0,161.0453,0.3662015151517641,0.18745823993543936
5-13A,8.0,162.0424,-1.1307151381643417,0.2709441624167227
5-13A,8.0,163.0351,-0.984060495630382,0.02369999930819036
5-13A,8.0,163.0398,0.6330561227685125,0.07575316699705172
5-13A,8.0,163.0611,0.14623042648326834,0.7116452724159852
5-13A,8.0,164.0716,-0.5077328992128614,0.050332691428755905
5-13A,8.0,165.03,0.22488733947240946,0.49267350401027965
5-13A,8.0,165.0405,1.587184223354038,0.29585335711790506
5-13A,8.0,165.0556,-0.5681119796751171,0.11700096420038357
5-13A,8.0,166.0508,-0.35029654539020816,0.3400105637632073
5-13A,8.0,166.0632,-0.29234855207111604,0.5281807594251238
5-13A,8.0,166.9759,-0.23258803042411302,0.2302945676070965
5-13A,8.0,167.0207,0.34184152875001184,1.6328956948960371
5-13A,8.0,167.0358,1.3005016842457404,0.31072088135490894
5-13A,8.0,167.0828,0.2936586918784438,0.7953009890904469
5-13A,8.0,168.0277,0.4558777958208102,0.05975071821316854
5-13A,8.0,168.0664,0.5086337995774657,0.3312328169748526
5-13A,8.0,170.0455,-0.7027551401604084,0.03902016060855504
5-13A,8.0,171.0065,-0.6110774192095456,0.08547255070529687
5-13A,8.0,171.0092,-0.22205429619544242,0.3394884475727117
5-13A,8.0,171.0284,-0.6609078824541106,0.0611016495064892
5-13A,8.0,172.0616,-0.8203917053381911,0.2247839466876581
5-13A,8.0,172.962,-0.3995602750402998,0.10276180784385926
5-13A,8.0,173.0089,-0.7747135654522371,0.18878449800869498
5-13A,8.0,173.0453,-0.9269096222550086,0.09190073860651017
5-13A,8.0,173.0932,-0.8198569826358659,0.019148599158138015
5-13A,8.0,173.1041,-0.9624220947276513,0.1283348318260344
5-13A,8.0,174.0407,-0.8909271253499238,0.008467603031293684
5-13A,8.0,174.088,-0.9106609253342564,0.2511278604312784
5-13A,8.0,175.022,-0.7171484134635824,0.10412890594699614
5-13A,8.0,175.0361,-1.0155338625834633,0.014607836876279088
5-13A,8.0,175.0611,-0.8970229843763934,0.03052950184088467
5-13A,8.0,176.0776,-0.7338874836606153,0.08933170267425147
5-13A,8.0,177.0402,-0.6253188897149136,0.39137950297722063
5-13A,8.0,177.0553,0.8663991432213626,0.47788907677818565
5-13A,8.0,178.0509,-0.5810027621518794,0.05093928912224017
5-13A,8.0,179.0348,-0.6348366889103303,0.24820178686771133
5-13A,8.0,179.0561,1.2607329551857158,0.2218886199165556
5-13A,8.0,180.0663,1.2059281989923254,0.27773588959017265
5-13A,8.0,181.0505,-1.0132541416218723,0.25832812569894853
5-13A,8.0,182.9725,1.2324618878339741,0.2694831726604327
5-13A,8.0,183.0661,0.23722486852326652,0.636398031924358
5-13A,8.0,184.0017,0.7137653701881514,0.09594055896657304
5-13A,8.0,184.9856,0.08053303372704503,0.2172647827943846
5-13A,8.0,186.1136,0.7798735920591224,0.7760225114189068
5-13A,8.0,187.0234,-0.8257999179271269,0.41201304201041516
5-13A,8.0,188.035,-0.07660455192092294,0.3638686099891148
5-13A,8.0,188.0565,-0.6229553228660245,0.027053004990943
5-13A,8.0,189.0405,-0.7564661711630252,0.058123922996201324
5-13A,8.0,191.0197,-0.26696976265638145,0.27433999963854905
5-13A,8.0,191.0561,-0.9154829662814841,0.06263332140696293
5-13A,8.0,192.0663,-0.14613753195161963,0.3916740054868932
5-13A,8.0,193.0349,0.27927921727418237,0.5762523439435796
5-13A,8.0,194.0682,-0.7611434136757473,0.27196949926648706
5-13A,8.0,194.0822,1.036006317292435,0.2755807853726117
5-13A,8.0,195.0509,-0.05174398399594155,0.18607689242025022
5-13A,8.0,195.0657,-0.15581416922020613,0.1440695944467666
5-13A,8.0,196.0603,-0.6180301903533575,0.08797095918613353
5-13A,8.0,198.0182,-0.6126636817491664,0.20130006542467657
5-13A,8.0,199.0019,-0.23203941436521944,0.5486785466230402
5-13A,8.0,200.9937,0.865858287610957,0.43615886205875265
5-13A,8.0,201.0051,0.5828033061385074,0.8047782739484957
5-13A,8.0,203.0348,0.3465692357704597,0.1263172975670003
5-13A,8.0,203.0826,-0.07110649989845166,0.05732269307279237
5-13A,8.0,204.0498,1.1122478529195228,1.141922836315011
5-13A,8.0,205.0351,-0.08546110199068221,0.2342112535905395
5-13A,8.0,206.0822,1.015375866260551,0.7862071670709292
5-13A,8.0,209.0292,-0.20152593631916202,0.35428490829019627
5-13A,8.0,209.0814,-0.5175231530440021,0.3545780235378243
5-13A,8.0,211.0235,0.08013344998844406,0.43755780453590315
5-13A,8.0,211.9968,-0.9446147809705052,0.07697408882943288
5-13A,8.0,212.0331,-0.15793025398697028,0.2645060954450584
5-13A,8.0,212.9807,-0.6024204735523607,0.08383562320622465
5-13A,8.0,213.014,-0.5139996775415688,0.3972664186884301
5-13A,8.0,213.0384,-0.4630162895745077,0.10627546772380239
5-13A,8.0,213.1252,0.791231967160156,0.411318537170515
5-13A,8.0,214.0488,0.871428737844082,0.30468744162179046
5-13A,8.0,215.0331,1.4726020839116996,0.28598680931388776
5-13A,8.0,216.1351,0.2815121183167104,0.10487997748459936
5-13A,8.0,218.0335,1.304155523910954,0.25791071349443284
5-13A,8.0,218.1034,-0.38705318941472155,0.09299939940078038
5-13A,8.0,220.0828,0.459411658779145,0.6303597899037694
5-13A,8.0,221.0443,1.8791939972326093,0.2312061329086183
5-13A,8.0,221.0664,-0.4409235847700429,0.5517432778101552
5-13A,8.0,225.0399,1.098726700326968,1.1711082641026318
5-13A,8.0,225.0861,1.7249958719130318,0.7449593732463242
5-13A,8.0,225.0901,0.7180507104787421,0.7543133514577098
5-13A,8.0,226.0135,-0.28376728227754067,0.34102104902692526
5-13A,8.0,226.0697,0.3936236010389872,0.21553401326838115
5-13A,8.0,228.0501,-0.6245287815715239,0.5334718205790168
5-13A,8.0,229.0122,0.7893688777145882,0.2179266707875159
5-13A,8.0,237.0614,-0.6776919348424706,0.08736621433282149
5-13A,8.0,238.0945,-0.4307727823281741,0.3967321520540929
5-13A,8.0,240.0515,-0.29994337936324744,0.0965159024053895
5-13A,8.0,241.0844,-0.6839315452346296,0.9093055806288306
5-13A,8.0,242.0804,-0.8052501992836487,0.674447279687216
5-13A,8.0,243.029,0.21271585846689572,0.26747708752604393
5-13A,8.0,243.0625,-0.8683388121115767,0.7176912520949627
5-13A,8.0,245.0444,-0.2850755261131457,0.13211252730545436
5-13A,8.0,246.0198,0.0018762089082404766,0.11181680036086744
5-13A,8.0,246.064,1.2297001524042475,0.2402350722091048
5-13A,8.0,251.0816,0.6578332940316325,0.6329369955085892
5-13A,8.0,253.0119,-0.31510995553626997,0.02378284252708527
5-13A,8.0,253.0499,0.26007352507685005,0.5927869773628254
5-13A,8.0,257.0072,0.009593363505758574,0.24955100370997618
5-13A,8.0,257.1028,0.2683857898256824,0.229310393078726
5-13A,8.0,259.005,0.31144135256703265,0.6189050084735064
5-13A,8.0,259.0227,1.1449659447562155,0.2669873199694847
5-13A,8.0,261.0385,1.2271419350134616,0.3386753248558502
5-13A,8.0,266.0703,-0.4869087975015841,0.19329174630948098
5-13A,8.0,267.0724,-0.3393922003964902,0.04867908870153473
5-13A,8.0,268.02,-0.3845840816679952,0.8408437502455033
5-13A,8.0,269.0398,-0.6303527862569994,0.10920441986846388
5-13A,8.0,271.0612,-0.10981557595794061,0.28253037257941693
5-13A,8.0,271.0815,-0.13159212562616168,0.5187644099891973
5-13A,8.0,273.0021,-0.7295884852295249,0.12536922644455623
5-13A,8.0,274.0933,-0.42055077680333924,0.2854688008017951
5-13A,8.0,275.0184,0.9317939046639527,0.7020641695525383
5-13A,8.0,275.0991,-0.6028618690469107,0.11969400074486768
5-13A,8.0,277.1207,0.5180634738178594,0.1910430583492612
5-13A,8.0,277.2169,0.5483755256309398,0.6508211155907804
5-13A,8.0,279.2331,-0.20073436591405608,0.023822764186609325
5-13A,8.0,282.0839,0.06251700079792769,0.45791858315012895
5-13A,8.0,283.2063,-0.40940342973999805,0.09536291522020035
5-13A,8.0,285.0972,0.4638442445499624,0.9362430200809951
5-13A,8.0,287.0157,2.055075282615105,0.9234223262081259
5-13A,8.0,288.0725,-0.4627928373934314,0.12094255234445367
5-13A,8.0,289.0333,1.2342382292025222,0.5320245031803461
5-13A,8.0,289.1044,-1.4730720787992406,0.23514105932486906
5-13A,8.0,290.9677,-0.4330901056964229,0.039565071891998184
5-13A,8.0,294.0479,2.771156232406907,0.6853259738305005
5-13A,8.0,300.0509,0.2141651695509012,0.328663901915919
5-13A,8.0,301.0333,1.4511299553816928,0.8826773507786955
5-13A,8.0,303.2326,0.17561781874368623,0.36098354734772387
5-13A,8.0,305.0207,2.0091717446579267,0.25007709887063173
5-13A,8.0,306.0481,-0.7725790300188132,0.06268202845398409
5-13A,8.0,306.0765,-0.24758013265067455,0.03377608563375804
5-13A,8.0,308.0986,-0.23839382545746346,0.06125581660923454
5-13A,8.0,313.0441,0.390673903950614,0.8995051512499704
5-13A,8.0,313.1037,-0.8997082315448712,0.10898932916350525
5-13A,8.0,317.026,0.22889608648833532,1.082016188080831
5-13A,8.0,323.0256,0.8771022346392194,0.8588655235460626
5-13A,8.0,325.1163,0.17306501706479416,0.43888395551201737
5-13A,8.0,328.0457,-0.9002842947502028,0.14129345331188317
5-13A,8.0,333.0589,-1.0094639974981625,0.053125286990487866
5-13A,8.0,338.9884,0.06574540022057171,0.25729894193837644
5-13A,8.0,339.0928,0.13933378770448887,0.3605210565124934
5-13A,8.0,341.1089,0.36075575185693437,0.35959747648482276
5-13A,8.0,344.0393,-0.35468837574508244,0.1701286110319284
5-13A,8.0,346.0556,0.7371325730776057,0.07814711520469941
5-13A,8.0,348.087,-0.6913714480713902,0.17446506426687677
5-13A,8.0,353.0489,-0.05119439870938167,0.5622473546122025
5-13A,8.0,357.089,-0.4978648300218649,0.11453652849966824
5-13A,8.0,375.131,-0.4730250470562317,0.4948834329626051
5-13A,8.0,377.1496,-0.41198072068553976,0.6064843812538819
5-13A,8.0,383.1188,0.9456458337357825,0.34108691523278645
5-13A,8.0,388.9416,0.08980349470911556,0.40024272305016284
5-13A,8.0,388.9442,-0.22886768294039994,0.17883200419452797
5-13A,8.0,401.0756,1.5454013450253585,0.10060181939982252
5-13A,8.0,407.2795,-0.20054866458641096,0.260639336865898
5-13A,8.0,421.0743,-0.8224109154693449,0.3900758707792612
5-13A,8.0,426.0222,0.8500604425626636,0.4577986457646371
5-13A,8.0,442.9997,0.2829112581797255,0.2454171801920705
5-13A,8.0,466.9657,1.7733677129840189,0.07834815730979744
5-13A,8.0,490.9787,0.8629484358815098,0.46306637709194914
5-13A,8.0,503.1614,1.4973973801738916,0.49553933199648786
5-13A,8.0,547.0731,-0.6988023596404728,0.08350163429428004
5-13A,8.0,565.0471,0.14053804813257556,0.527313004494853
5-13A,8.0,578.8872,1.2406558579757387,0.1889697969939466
5-13A,8.0,579.0269,1.1468584341241361,0.11613066625638732
5-13A,8.0,612.2549,-0.9503972877429001,0.10567982147329505
5-13A,8.0,624.2949,-0.004836142417308398,0.4451108805825147
5-13A,8.0,659.307,0.11074640995882548,0.527457465335304
5-13A,8.0,664.0939,-0.4264768189841124,0.12060942396116102
5-13A,8.0,665.2144,-0.03441396037121419,0.3705223372080505
5-13A,8.0,668.1374,-0.5753468552659846,0.010042342891744042
5-13A,8.0,787.255,0.23991983806223577,0.6497248561712932
5-13A,8.0,790.2568,0.1140600838111813,0.3710555715935928
5-13A,8.0,835.0407,-0.7165136271307055,0.14135951851132306
5-13A,8.0,863.2971,-0.6007670509922813,0.02917933167162176
5-13A,8.0,864.1473,-0.1854437347302764,0.21335350341302883
5-13A,8.0,974.2935,-0.6985016796482926,0.425276911006562
5-13A,8.0,976.7162,0.800806146749506,0.17032007358402396
5-13A,9.0,57.0342,0.8486086208838112,0.5971476414507884
5-13A,9.0,58.0295,-0.9444771345653966,0.12177389311937577
5-13A,9.0,59.0135,1.683055781202559,0.24715231947959304
5-13A,9.0,71.0137,1.4735120340651242,0.15947585417716442
5-13A,9.0,73.0293,-0.87321793011514,0.04376264446609507
5-13A,9.0,74.0247,-0.12447240641704407,0.16173048994969297
5-13A,9.0,75.0087,-0.18633662860336367,0.4606326932859079
5-13A,9.0,87.0088,-0.6338409083249747,0.035542932281229
5-13A,9.0,87.0451,-0.21346788684432555,0.30841081167866047
5-13A,9.0,88.0403,-0.8109564397435822,0.02567435754055298
5-13A,9.0,88.9883,-0.7412352862345701,0.7227298657267976
5-13A,9.0,89.0244,-0.30589881914503436,0.07723300496928741
5-13A,9.0,93.0338,-0.07105845810858363,0.01309592289211993
5-13A,9.0,94.9761,-0.46192485877204603,0.2792664624835951
5-13A,9.0,94.9806,0.9653057171494189,0.311568140509232
5-13A,9.0,95.0139,1.120028757351041,0.32650947187856344
5-13A,9.0,101.0242,0.629454648933623,0.055650131518464624
5-13A,9.0,102.056,0.050313607854770334,0.10409485076082535
5-13A,9.0,103.0402,-0.6593454631581139,0.03591085729867234
5-13A,9.0,103.0509,-0.7066331663645491,0.15256051903835433
5-13A,9.0,104.0352,-0.44653443162290624,0.1734962605438762
5-13A,9.0,105.0193,-1.2847728592126766,0.5235110103173809
5-13A,9.0,107.0503,0.19112959680367414,0.5382899816588319
5-13A,9.0,109.0295,1.6859380272914812,0.12017688834563958
5-13A,9.0,111.02,-0.73991726420783,0.045463726164424526
5-13A,9.0,112.0516,0.389597223709517,0.5260613316013663
5-13A,9.0,113.0244,1.0504018700175326,0.14074911687455488
5-13A,9.0,113.0357,-0.6940398962342732,0.06081501543380531
5-13A,9.0,114.056,-0.24498911888451935,0.0014104363777476675
5-13A,9.0,115.0037,-0.692391861796235,0.03741429598228583
5-13A,9.0,115.0402,-0.9509541513286444,0.4467478309107942
5-13A,9.0,115.0764,-0.2577554520249541,0.29159185309521796
5-13A,9.0,116.0354,0.04422019799844367,0.26160221351025253
5-13A,9.0,116.0717,-0.7135935324706477,0.03926693571096945
5-13A,9.0,117.0194,-0.8535438385270628,0.03447512100206189
5-13A,9.0,118.0508,-1.021128732299721,0.10213858366733551
5-13A,9.0,118.9804,1.3684510385487592,0.1680113441216004
5-13A,9.0,119.0503,0.39015631127553363,0.43433228297574367
5-13A,9.0,120.9273,-0.639250468654338,0.0505902856805478
5-13A,9.0,121.0295,-0.45071893590095335,0.3464051574371765
5-13A,9.0,121.0409,-0.6934837773883156,0.31848548279070626
5-13A,9.0,122.0248,-0.6430834841216835,0.07345684194963469
5-13A,9.0,124.0075,-0.041111853673364826,0.23799066962451362
5-13A,9.0,124.0144,0.9185950739789221,0.16150234133185223
5-13A,9.0,125.0439,-0.16554980642484046,0.31684872296856315
5-13A,9.0,127.0764,0.34048235886148387,0.36283275719764474
5-13A,9.0,128.0354,-0.22742746234992706,0.012047292643976268
5-13A,9.0,129.0193,-0.7963544676348184,0.18968268053327192
5-13A,9.0,129.0556,-0.35693212771943905,0.5059762942218462
5-13A,9.0,130.0142,-0.9258231535101057,0.2722028802279759
5-13A,9.0,130.0509,-0.8943460154687186,0.0055652791717279194
5-13A,9.0,130.0874,-0.9292097144011617,0.04322397064426416
5-13A,9.0,131.0008,1.1904601016998302,0.5083077342140001
5-13A,9.0,131.0123,-0.7269871541185532,0.04349763388055634
5-13A,9.0,131.035,-0.47800981866954195,0.09867800468609152
5-13A,9.0,131.0462,-0.49416780499194657,0.2417840793139236
5-13A,9.0,131.0828,-0.7189696205956799,0.1567950199972305
5-13A,9.0,132.0302,-0.9090083386741967,0.035568715744038394
5-13A,9.0,133.0142,-0.0856047549290125,0.09481241668298976
5-13A,9.0,133.0257,-0.18131406706723815,0.13968525900229117
5-13A,9.0,133.0505,-0.9210219481008135,0.030223989898300788
5-13A,9.0,134.0472,-0.4484909657951876,0.28676331352108886
5-13A,9.0,134.0604,-1.076225500438192,0.28207273753672363
5-13A,9.0,135.0302,-0.7688672399224975,0.1786376409680619
5-13A,9.0,135.0453,1.110359000203808,0.27538693579235296
5-13A,9.0,136.0404,-0.48184145344794926,0.03819734668845685
5-13A,9.0,136.0487,0.8451174812087728,0.42832615584816414
5-13A,9.0,136.0767,-0.39667360352450187,0.3471309119909625
5-13A,9.0,137.0239,0.2660308977580083,0.20196859982910023
5-13A,9.0,138.9789,-0.4465921715892182,0.3591142790775375
5-13A,9.0,139.0014,-0.24709373790416475,0.008503816959663226
5-13A,9.0,139.0067,-0.6171031672996572,0.01540718311316142
5-13A,9.0,139.976,0.6601119306282491,0.1611364665283153
5-13A,9.0,143.0713,-0.2263069966252752,0.354949191844958
5-13A,9.0,143.1077,0.34703049324180985,0.5126166060737939
5-13A,9.0,145.0141,-0.17614040628994737,0.01829104197366199
5-13A,9.0,145.0506,-0.7661635803340278,0.17693082709197613
5-13A,9.0,145.0623,-0.7891168152472003,0.2921945795053898
5-13A,9.0,145.0982,-0.6991774554716392,0.08961487653695191
5-13A,9.0,145.1106,-0.250392136368634,0.8753693833529207
5-13A,9.0,146.0459,0.36094213314317514,0.06014914854594085
5-13A,9.0,147.0298,-0.7023467083259978,0.07591485098401853
5-13A,9.0,147.0662,-0.8452900841275923,0.034361136639204384
5-13A,9.0,149.0092,1.4104543904805444,0.9675325947712939
5-13A,9.0,149.0456,0.3547488006821481,0.33987510662362835
5-13A,9.0,149.0608,0.5588049708130433,0.4259299557000676
5-13A,9.0,150.0422,-0.46637730506587594,0.42735665600521766
5-13A,9.0,150.9707,0.92826333388527,0.9460632311239482
5-13A,9.0,151.0259,-0.4882497906505733,0.0668252118977628
5-13A,9.0,151.04,0.17927758408236602,0.6621739637800437
5-13A,9.0,151.06,-0.14176689044060356,0.5492372682035471
5-13A,9.0,152.0353,0.04115225768036612,0.5968845324765838
5-13A,9.0,152.0716,-0.6006402911752045,0.6701739102686026
5-13A,9.0,153.0192,3.3066872102684,0.18714520349530647
5-13A,9.0,154.062,-0.47030025440773526,0.06979350257003232
5-13A,9.0,154.9751,-0.8474929578607064,0.013984984368334067
5-13A,9.0,155.0099,-0.7057344052580152,0.04100610435043916
5-13A,9.0,157.0128,-0.8362677263795442,0.06271400228847222
5-13A,9.0,157.0255,-0.9273979774925973,0.028023583479028384
5-13A,9.0,157.0379,-0.9659002958611413,0.05278375863713474
5-13A,9.0,157.0504,-0.9867417484026931,0.06952591437989936
5-13A,9.0,159.0297,-0.9305334453878773,0.1904286897808805
5-13A,9.0,159.0775,-0.609409238639204,0.04041051014365747
5-13A,9.0,160.0616,-0.3866313100930492,0.755749210974916
5-13A,9.0,161.0453,-0.6490948457285792,0.17879549085358135
5-13A,9.0,162.0424,-0.8767863023240803,0.2152179175489437
5-13A,9.0,163.0351,-0.6180259091275107,0.11894365902251829
5-13A,9.0,163.0398,0.5503928321267174,0.055436982335405546
5-13A,9.0,163.0611,-0.405275436444564,0.31621671813230395
5-13A,9.0,164.0716,-0.47305490266633865,0.06512535599783659
5-13A,9.0,165.03,0.20106759496304127,0.4137075414767725
5-13A,9.0,165.0405,0.77253630728671,0.2819908649732174
5-13A,9.0,165.0556,-0.6323420910891024,0.14840737286591146
5-13A,9.0,166.0508,-0.3174403806129988,0.21221084025304215
5-13A,9.0,166.0632,-0.4010137250998421,0.6534364484805821
5-13A,9.0,166.9759,-0.4490638130899378,0.5036701965141451
5-13A,9.0,167.0207,-0.34489514921365017,0.11129778946671912
5-13A,9.0,167.0358,1.140188386930677,0.3834050866517614
5-13A,9.0,167.0828,-0.5792686538406107,0.5859074449438704
5-13A,9.0,168.0277,0.5405196195439335,0.11903131895027864
5-13A,9.0,168.0664,-0.5445257664051892,0.6057794332272427
5-13A,9.0,170.0455,-0.687374859235877,0.08125810952204518
5-13A,9.0,171.0065,-0.31283442990166205,0.09972644943339223
5-13A,9.0,171.0092,-0.0802828937055062,0.09348668541046917
5-13A,9.0,171.0284,-0.6894926883124987,0.0352787816076801
5-13A,9.0,172.0616,-0.6103414359465685,0.303990543518984
5-13A,9.0,172.962,-0.4765682849746736,0.06227027990472851
5-13A,9.0,173.0089,-0.8366463555796423,0.27933511710054554
5-13A,9.0,173.0453,-0.9165433723595574,0.23997342613598813
5-13A,9.0,173.0932,-0.7436599040084252,0.05362796200984861
5-13A,9.0,173.1041,-0.9978300531007724,0.1626801284992274
5-13A,9.0,174.0407,-0.832513303914189,0.021452849648158613
5-13A,9.0,174.088,-0.8865723217798627,0.1254905726162298
5-13A,9.0,175.022,-0.6608235672009901,0.17252302879957965
5-13A,9.0,175.0361,-0.9274658447107502,0.027219842672302645
5-13A,9.0,175.0611,-0.7978076557474092,0.06322770242410704
5-13A,9.0,176.0776,-0.6791757370267695,0.23420991462879706
5-13A,9.0,177.0402,-1.2483132519347815,0.4804671984276638
5-13A,9.0,177.0553,0.5323823920286241,0.6245055888425887
5-13A,9.0,178.0509,-0.39285854405251,0.09076958938576192
5-13A,9.0,179.0348,-0.7691801315540809,0.3202838254110157
5-13A,9.0,179.0561,0.7627352210031891,0.10809096356065098
5-13A,9.0,180.0663,0.898879760193569,0.12586537163257536
5-13A,9.0,181.0505,-1.3008022651800584,0.8233013006612936
5-13A,9.0,182.9725,1.3857319775345536,0.06957971578317804
5-13A,9.0,183.0661,-0.5751103362262511,0.667857338668244
5-13A,9.0,184.0017,0.8744195224668754,0.11094652675749493
5-13A,9.0,184.9856,0.4200194577410895,0.08874366863895931
5-13A,9.0,186.1136,0.43695749559165936,0.23556358815694484
5-13A,9.0,187.0234,-0.4654997681934734,0.3566606514479037
5-13A,9.0,188.035,0.9498294587149758,0.35895675547812994
5-13A,9.0,188.0565,-0.32957707537900927,0.03551300855589743
5-13A,9.0,189.0405,-0.6699555306690239,0.1263889663959399
5-13A,9.0,191.0197,0.2612043130962812,0.36905184664326923
5-13A,9.0,191.0561,-0.8265706903379254,0.09503195891232184
5-13A,9.0,192.0663,-1.1424431804962396,0.4218592322073822
5-13A,9.0,193.0349,0.8317847662511055,0.1605600152553902
5-13A,9.0,194.0682,-0.908879680916442,0.07382394521979611
5-13A,9.0,194.0822,0.7848344878549213,0.57245819185407
5-13A,9.0,195.0509,0.36153712616947087,0.16254915185638474
5-13A,9.0,195.0657,-0.7068158748077498,0.6402991684808351
5-13A,9.0,196.0603,-0.0860059840945798,0.1659175740542545
5-13A,9.0,198.0182,-0.36501620979815985,0.23859595912839052
5-13A,9.0,199.0019,-0.15742993598790112,0.3402994270216524
5-13A,9.0,200.9937,0.6774546411809077,0.5763955708481115
5-13A,9.0,201.0051,-0.02068541229089481,0.7657719019087126
5-13A,9.0,203.0348,0.005121320797569323,0.0792988754904855
5-13A,9.0,203.0826,-0.07961495805783991,0.008859874998746159
5-13A,9.0,204.0498,0.906781143452835,0.6921488568690191
5-13A,9.0,205.0351,-0.08199090866228026,0.38178938485580544
5-13A,9.0,206.0822,0.20004217046527614,0.47729908811551597
5-13A,9.0,209.0292,-0.5801407717893893,0.4563121580823693
5-13A,9.0,209.0814,-0.019953604186578072,0.2207064909871889
5-13A,9.0,211.0235,-0.48840825854471015,0.22319382552394823
5-13A,9.0,211.9968,-0.8539472061620029,0.04718468010115518
5-13A,9.0,212.0331,-0.37420328954470505,0.2540291562238659
5-13A,9.0,212.9807,-0.531425755436943,0.08991915798038355
5-13A,9.0,213.014,-0.3533527954905715,0.2187601113067133
5-13A,9.0,213.0384,-0.3478605333943345,0.21795667085721973
5-13A,9.0,213.1252,-1.1700382399532931,0.5378994107148517
5-13A,9.0,214.0488,0.4327401105080708,1.1101911004478207
5-13A,9.0,215.0331,1.3450348950282285,0.1596054402220078
5-13A,9.0,216.1351,0.4601895749623541,0.053591643824686265
5-13A,9.0,218.0335,1.1397813519654179,0.12307965670517106
5-13A,9.0,218.1034,-0.19760557996590516,0.14496968646957747
5-13A,9.0,220.0828,0.4832377107989776,0.8672925657627164
5-13A,9.0,221.0443,1.504087018242333,0.07159234652866814
5-13A,9.0,221.0664,1.3398805208565112,0.758344077296426
5-13A,9.0,225.0399,1.8471218009728,1.223438238958651
5-13A,9.0,225.0861,1.3695645162269166,0.3308706398142495
5-13A,9.0,225.0901,0.3644155364596182,0.7036464012708058
5-13A,9.0,226.0135,-0.19379815554154273,0.2792542372048966
5-13A,9.0,226.0697,0.2463116244158887,0.49021609239302083
5-13A,9.0,228.0501,-0.3806770849562917,0.3496426279415325
5-13A,9.0,229.0122,1.5785767862979623,0.22105136619105134
5-13A,9.0,237.0614,-0.3144584994222014,0.35087386168857265
5-13A,9.0,238.0945,-0.6316869141436071,0.215811906455731
5-13A,9.0,240.0515,0.35918903682677755,0.09556643272012395
5-13A,9.0,241.0844,1.1135587771845001,1.1529181054675046
5-13A,9.0,242.0804,-0.5210531483103789,0.7273863005099732
5-13A,9.0,243.029,-0.05042213674137531,0.11257408730749598
5-13A,9.0,243.0625,-0.9707538744726687,0.2587469072338004
5-13A,9.0,245.0444,-0.22215856539850753,0.5224776016010739
5-13A,9.0,246.0198,-0.2892238873290699,0.3555364757091974
5-13A,9.0,246.064,1.7316278787326516,0.8040819632071857
5-13A,9.0,251.0816,0.3230675653295296,0.9228407214415637
5-13A,9.0,253.0119,-0.30975251241510804,0.01091643987749995
5-13A,9.0,253.0499,0.24163097515462514,0.6897337010571026
5-13A,9.0,257.0072,-0.6524825421173372,0.567477667226522
5-13A,9.0,257.1028,0.2806817098888415,0.6500579176446863
5-13A,9.0,259.005,-0.4333957601311948,0.34693027472949906
5-13A,9.0,259.0227,1.3425417854149608,0.3890134280000509
5-13A,9.0,261.0385,1.946464083252032,0.17860616204795104
5-13A,9.0,266.0703,-0.32566772017182644,0.22677683895799516
5-13A,9.0,267.0724,-0.44627560151331525,0.0980620631984766
5-13A,9.0,268.02,-0.37267662964281845,1.4010281605287105
5-13A,9.0,269.0398,-0.5686681480884479,0.09753687792266626
5-13A,9.0,271.0612,0.14670022403675312,0.39698803883557116
5-13A,9.0,271.0815,-0.05233489749949269,0.35574539942406264
5-13A,9.0,273.0021,-0.6604807727562194,0.16447876793254831
5-13A,9.0,274.0933,0.06843666380167479,0.24810806193845078
5-13A,9.0,275.0184,0.7326302211783977,0.43408512343038363
5-13A,9.0,275.0991,-0.5340192716825611,0.10843324424427916
5-13A,9.0,277.1207,0.43604990033989877,0.1109249864035347
5-13A,9.0,277.2169,0.6933227573153395,0.44540558259121654
5-13A,9.0,279.2331,-0.0418397838408795,0.025502315039785613
5-13A,9.0,282.0839,-0.03039562357359355,0.20859060446880687
5-13A,9.0,283.2063,-0.004757930479157832,0.20212206574289698
5-13A,9.0,285.0972,-0.4751165727202953,0.8806232504239985
5-13A,9.0,287.0157,1.52920850082109,0.17686898719449798
5-13A,9.0,288.0725,-0.5744125053128659,0.09719228585273604
5-13A,9.0,289.0333,2.912921994498421,0.4085576018968011
5-13A,9.0,289.1044,-1.130952827885961,0.20224256429072393
5-13A,9.0,290.9677,-0.360698984743585,0.14495211080759574
5-13A,9.0,294.0479,0.8673230047165794,0.772796839686264
5-13A,9.0,300.0509,0.4318364185760381,0.7131876390188402
5-13A,9.0,301.0333,1.1403693713949938,0.45972633524890033
5-13A,9.0,303.2326,0.34141091946357477,0.6444425753302272
5-13A,9.0,305.0207,1.2065402285394784,0.2104528782863441
5-13A,9.0,306.0481,-0.6434461339226557,0.15241088970268446
5-13A,9.0,306.0765,-0.06499737669377059,0.046761785810011655
5-13A,9.0,308.0986,-0.2571441325410071,0.05058840000008717
5-13A,9.0,313.0441,0.22916613100418537,0.5399760404662354
5-13A,9.0,313.1037,-0.4903115290935497,0.3056108843304662
5-13A,9.0,317.026,0.740209832251289,0.8843800054311626
5-13A,9.0,323.0256,0.5643186023407697,0.510607455583397
5-13A,9.0,325.1163,0.056175127466164064,0.30761812441632097
5-13A,9.0,328.0457,-0.7779790900892751,0.20895235903606232
5-13A,9.0,333.0589,-0.7024851358133979,0.2769862410456572
5-13A,9.0,338.9884,-0.11609489276924514,0.2410302759295851
5-13A,9.0,339.0928,-0.15448146216614916,0.5976924999794638
5-13A,9.0,341.1089,1.0112576924224606,0.3457813897933263
5-13A,9.0,344.0393,-0.06847450229946245,0.3025575644788113
5-13A,9.0,346.0556,0.5185976478000673,0.2519198972151373
5-13A,9.0,348.087,-0.7153019146375714,0.22274945674857088
5-13A,9.0,353.0489,0.5419810590945378,0.24993497414552265
5-13A,9.0,357.089,-0.33107025177834504,0.22031805434680815
5-13A,9.0,375.131,-0.5349621550119998,0.18436683006061294
5-13A,9.0,377.1496,-0.09335885075833794,0.3993546679713387
5-13A,9.0,383.1188,5.85757856788085,0.8772141498902971
5-13A,9.0,388.9416,0.008456519618255623,0.1584881373690962
5-13A,9.0,388.9442,-0.4729086082129797,0.20882739518443533
5-13A,9.0,401.0756,1.7122305645833844,0.15676298886311957
5-13A,9.0,407.2795,-0.11897904124669471,0.5863400055187437
5-13A,9.0,421.0743,1.346231230592061,1.4844417757090438
5-13A,9.0,426.0222,0.5477857873272743,0.3720015552680337
5-13A,9.0,442.9997,0.24676660222684987,0.09458572757208274
5-13A,9.0,466.9657,0.673108538372464,0.19531375128135092
5-13A,9.0,490.9787,1.029178943819156,0.6329305158217688
5-13A,9.0,503.1614,3.7144041553614136,0.3801411678150367
5-13A,9.0,547.0731,-0.39936205964533844,0.10928213839429092
5-13A,9.0,565.0471,1.1699123446260842,0.13970546758731997
5-13A,9.0,578.8872,1.3651244141467793,0.0833709795965292
5-13A,9.0,579.0269,2.082505014460803,0.4346888693112386
5-13A,9.0,612.2549,-0.7382620104725053,0.479502709324827
5-13A,9.0,624.2949,-0.42970294419849725,0.46529261736974875
5-13A,9.0,659.307,-0.39619177673808537,0.066660810031761
5-13A,9.0,664.0939,-0.4475710204117089,0.35657217377651795
5-13A,9.0,665.2144,9.924576745219541,1.0240967229933982
5-13A,9.0,668.1374,-0.5799685397626291,0.016941594016867522
5-13A,9.0,787.255,-0.23280027851156873,0.26935658115511146
5-13A,9.0,790.2568,-0.13911138485000776,0.1636642031840071
5-13A,9.0,835.0407,-0.6495939834243043,0.15565724747528425
5-13A,9.0,863.2971,-0.4928393532284224,0.15038142986926664
5-13A,9.0,864.1473,-0.8368336793933049,0.2192180530612069
5-13A,9.0,974.2935,-0.35736425177058534,0.4066453464456844
5-13A,9.0,976.7162,0.4496424693816623,0.23375413463281863
5-13A,10.0,57.0342,-0.30737215990799316,0.5876120703266633
5-13A,10.0,58.0295,-0.059240536036963644,0.3913111266504104
5-13A,10.0,59.0135,0.26579248819071605,0.14754401461400782
5-13A,10.0,71.0137,0.05851321754720592,0.14859984896794928
5-13A,10.0,73.0293,-0.6462350030244699,0.03309977659083005
5-13A,10.0,74.0247,1.0837460677515567,0.3551158856564225
5-13A,10.0,75.0087,-0.6296633350867495,0.1977039024448697
5-13A,10.0,87.0088,-0.6152930847737547,0.03393104191476172
5-13A,10.0,87.0451,-0.6935291602889929,0.2664932866550776
5-13A,10.0,88.0403,-0.4634153824507764,0.10550990566694796
5-13A,10.0,88.9883,-0.9201003835423187,0.6964663455670471
5-13A,10.0,89.0244,-0.5130820338626212,0.09559744649521652
5-13A,10.0,93.0338,-0.04712359999667148,0.0080840620550279
5-13A,10.0,94.9761,-0.7181013919871938,0.08197747209306883
5-13A,10.0,94.9806,0.8213946827682842,0.20601765255178403
5-13A,10.0,95.0139,-0.10291075959699834,0.16104588578963755
5-13A,10.0,101.0242,-0.43790949601433504,0.2221728552092975
5-13A,10.0,102.056,-0.3222321013153141,0.07373792794686294
5-13A,10.0,103.0402,-0.4167340579674079,0.060265965917428596
5-13A,10.0,103.0509,-0.46092872426394166,0.1193471596866362
5-13A,10.0,104.0352,0.46332927103708027,0.2536432766374918
5-13A,10.0,105.0193,-0.8467442951733904,0.18571769510110064
5-13A,10.0,107.0503,-0.3365892385812924,0.2376835799188593
5-13A,10.0,109.0295,4.362593900252813,0.48240195891599247
5-13A,10.0,111.02,0.2076194995783751,0.2148132528381822
5-13A,10.0,112.0516,-0.007067506711284132,0.5279335226056995
5-13A,10.0,113.0244,0.10714837594768156,0.0819147104447224
5-13A,10.0,113.0357,-0.01280777778502259,0.1262274692098001
5-13A,10.0,114.056,-0.2383853117449105,0.001034748168959988
5-13A,10.0,115.0037,-0.4996549859115663,0.08523455159187109
5-13A,10.0,115.0402,-1.159243077935022,0.10011342021447293
5-13A,10.0,115.0764,-0.4977120856416215,0.3028290322617176
5-13A,10.0,116.0354,1.4019456961290169,0.4845860827021912
5-13A,10.0,116.0717,-0.56124209651555,0.012505175449648681
5-13A,10.0,117.0194,-0.6606310068376567,0.03974951110613599
5-13A,10.0,118.0508,-0.34502657930576097,0.07710283569696987
5-13A,10.0,118.9804,0.09613019758369089,0.08414686610913434
5-13A,10.0,119.0503,0.33810796902094886,0.22354539727848988
5-13A,10.0,120.9273,-0.5937505101090076,0.09271061634694179
5-13A,10.0,121.0295,-0.32580246656869777,0.1837568087680308
5-13A,10.0,121.0409,-0.7621443715813402,0.49522515817567886
5-13A,10.0,122.0248,-1.1344819639823913,0.08788360690852984
5-13A,10.0,124.0075,-0.37445208199007685,0.3537299526089165
5-13A,10.0,124.0144,0.4825299958699221,0.28569612577529496
5-13A,10.0,125.0439,-0.7906479317175008,0.16754160169234292
5-13A,10.0,127.0764,-0.17033677632624186,0.1380158167306183
5-13A,10.0,128.0354,0.07272431875228609,0.026256243322689193
5-13A,10.0,129.0193,-0.6129324839880695,0.09396744889917621
5-13A,10.0,129.0556,0.1317783288891449,0.10679666210976305
5-13A,10.0,130.0142,-0.7372987840230936,0.17272514874129458
5-13A,10.0,130.0509,-0.05451840555604132,0.10157912997433666
5-13A,10.0,130.0874,-0.5432719174680254,0.031880816418486745
5-13A,10.0,131.0008,-1.1576756008108084,0.2014958628359681
5-13A,10.0,131.0123,-0.5198247515358628,0.0348211920698129
5-13A,10.0,131.035,-0.6824617220187901,0.10788449148513135
5-13A,10.0,131.0462,-0.7703584232096945,0.14419952874704917
5-13A,10.0,131.0828,-0.4073669842005557,0.1966007447367882
5-13A,10.0,132.0302,-0.3430325083385814,0.07867594051143172
5-13A,10.0,133.0142,-0.14121991651015245,0.07357402295748497
5-13A,10.0,133.0257,-0.2133841025236657,0.07217658007029527
5-13A,10.0,133.0505,-0.07968436605447209,0.0702116758825018
5-13A,10.0,134.0472,1.0992665056674966,0.42184600803831923
5-13A,10.0,134.0604,0.001366914925726649,0.052690167226148464
5-13A,10.0,135.0302,-0.5612457042981042,0.041625684437263055
5-13A,10.0,135.0453,0.8306159070427538,0.22258779241726262
5-13A,10.0,136.0404,-0.47765599520000757,0.055248328391833405
5-13A,10.0,136.0487,0.4851342372352427,0.027025748773353824
5-13A,10.0,136.0767,-0.1011233385582907,0.3482460263731902
5-13A,10.0,137.0239,-0.10489552724161935,0.20980102612156484
5-13A,10.0,138.9789,0.8014253347357647,0.14774389487237474
5-13A,10.0,139.0014,-0.04929348354351868,0.057900194289082905
5-13A,10.0,139.0067,-0.6700380800247264,0.03934694721186872
5-13A,10.0,139.976,0.0627652414520101,0.4043644478313449
5-13A,10.0,143.0713,-0.17944927655220158,0.2718026798494304
5-13A,10.0,143.1077,-0.11206646439864851,0.395021767996899
5-13A,10.0,145.0141,-0.4853350977416859,0.17168337210021417
5-13A,10.0,145.0506,2.219398940157493,1.2929262357579563
5-13A,10.0,145.0623,0.6105143207222954,0.6368381822521176
5-13A,10.0,145.0982,-0.5038297698542696,0.08994230342369754
5-13A,10.0,145.1106,-0.6634671696494967,0.2722223522003387
5-13A,10.0,146.0459,-0.024238492066698772,0.04297552344773948
5-13A,10.0,147.0298,-0.6347623788701386,0.05271858133697315
5-13A,10.0,147.0662,0.3182161838530387,0.09993086772348672
5-13A,10.0,149.0092,-0.4292314760742455,0.41343691156573564
5-13A,10.0,149.0456,0.42557054562905944,0.11815252965956803
5-13A,10.0,149.0608,-0.13067852154406015,0.12682693141539622
5-13A,10.0,150.0422,-0.8539904061838893,0.5051982681841974
5-13A,10.0,150.9707,-0.3405626583282744,1.325945236020162
5-13A,10.0,151.0259,-0.4647394957541173,0.020280199782743067
5-13A,10.0,151.04,-0.7740605444279217,0.8275849851627696
5-13A,10.0,151.06,-0.5928777936495712,1.7004780494107123
5-13A,10.0,152.0353,0.040242547190912976,0.36917007067949664
5-13A,10.0,152.0716,-0.8966660961937384,0.36839907471599176
5-13A,10.0,153.0192,6.592068531599007,0.4412839288400822
5-13A,10.0,154.062,-0.036571906883909155,0.22306007624223567
5-13A,10.0,154.9751,-0.7590445694686011,0.033206616741397896
5-13A,10.0,155.0099,0.3129239725271948,0.1862679324931101
5-13A,10.0,157.0128,-0.4540914067669174,0.0921889974665422
5-13A,10.0,157.0255,-0.0412027685305943,0.0913019311085282
5-13A,10.0,157.0379,0.02103776641352144,0.07617013796032535
5-13A,10.0,157.0504,-0.43230473142676934,0.08140995818219272
5-13A,10.0,159.0297,-1.3391187433811182,0.11453934278666246
5-13A,10.0,159.0775,0.16128049991640966,0.07159559355491017
5-13A,10.0,160.0616,2.148696361851391,0.8552623382441878
5-13A,10.0,161.0453,-1.1530151359479803,0.12266644835144634
5-13A,10.0,162.0424,-0.6459524038044432,0.07943326787185338
5-13A,10.0,163.0351,-0.6544950079400672,0.07524241588203467
5-13A,10.0,163.0398,0.9707471815977654,0.20835108460707424
5-13A,10.0,163.0611,-0.04296096446471923,0.33863636978102885
5-13A,10.0,164.0716,-0.4472338538864279,0.0913821363436369
5-13A,10.0,165.03,0.5640981455410043,0.5584443933544876
5-13A,10.0,165.0405,-0.9077879619693079,0.7359899148898777
5-13A,10.0,165.0556,-0.7289169796385997,0.08484661162888656
5-13A,10.0,166.0508,0.17632114460534293,0.08270077813012872
5-13A,10.0,166.0632,-0.969152897470504,0.17216979721531123
5-13A,10.0,166.9759,0.5589603748887506,0.27647391819726763
5-13A,10.0,167.0207,-0.24340287215542267,0.1998480693479136
5-13A,10.0,167.0358,-0.08335584446599903,0.20769538253646963
5-13A,10.0,167.0828,-0.013162305874293194,1.0275001797733094
5-13A,10.0,168.0277,-0.10194924788549012,0.06634113064553677
5-13A,10.0,168.0664,-0.6370741054299639,0.32409178132242067
5-13A,10.0,170.0455,-0.5743671692027602,0.03607965478131848
5-13A,10.0,171.0065,-0.03318111201405309,0.19496953793392446
5-13A,10.0,171.0092,-0.3071661935380166,0.27080309548407544
5-13A,10.0,171.0284,-0.6611758650090329,0.07892110255201558
5-13A,10.0,172.0616,0.7115749260913757,0.10083364242240832
5-13A,10.0,172.962,-0.6205131705962235,0.049805689097955595
5-13A,10.0,173.0089,-0.23920232702959326,0.0785288265535115
5-13A,10.0,173.0453,-0.1545137257896876,0.11451688602650716
5-13A,10.0,173.0932,-0.08847511647092683,0.13970316652867337
5-13A,10.0,173.1041,-0.5007070229186789,1.031931269204462
5-13A,10.0,174.0407,0.0038449975332447797,0.089421899372867
5-13A,10.0,174.088,0.5703631002570567,0.4204609874532121
5-13A,10.0,175.022,-0.8511218527573965,0.07234275825644564
5-13A,10.0,175.0361,-0.3195420830608398,0.08820184056628377
5-13A,10.0,175.0611,-0.1544416153120752,0.10076404917485686
5-13A,10.0,176.0776,-0.15104912489179528,0.1985739593822211
5-13A,10.0,177.0402,-1.8038279184656265,0.3602911044791383
5-13A,10.0,177.0553,-0.4569286180157286,0.40147920296536554
5-13A,10.0,178.0509,-0.23897266016937949,0.09842781961598619
5-13A,10.0,179.0348,0.47545588810583483,0.08183909777590927
5-13A,10.0,179.0561,0.45593169821964524,0.1467366132032251
5-13A,10.0,180.0663,0.6263445180039752,0.10430654659578786
5-13A,10.0,181.0505,-1.1689431808964703,0.09141755879258155
5-13A,10.0,182.9725,0.15281457384102992,0.08982947095387234
5-13A,10.0,183.0661,-0.5322618858658369,0.24745194771012347
5-13A,10.0,184.0017,-0.14899722247344516,0.13941798940448716
5-13A,10.0,184.9856,2.046190176073681,0.32244581484107915
5-13A,10.0,186.1136,0.039614748944738674,0.32626331380243184
5-13A,10.0,187.0234,-0.9648925338708164,0.30146520824698314
5-13A,10.0,188.035,0.11031448370014074,0.6764488316250545
5-13A,10.0,188.0565,-0.013081920224438433,0.13135183003855883
5-13A,10.0,189.0405,-0.6649365927472345,0.044389964955576386
5-13A,10.0,191.0197,0.0691301836393242,0.06735499837737632
5-13A,10.0,191.0561,-0.5131319494829348,0.07971285786375919
5-13A,10.0,192.0663,-1.5050199451635522,0.5814790266261182
5-13A,10.0,193.0349,-0.12784729049701357,0.26932929196804584
5-13A,10.0,194.0682,0.047996757673288544,0.3860461692958224
5-13A,10.0,194.0822,-0.2829000097539422,0.3499209944919222
5-13A,10.0,195.0509,-0.10401445894162299,0.1527205856098245
5-13A,10.0,195.0657,-0.46853802326460703,0.09528569884455199
5-13A,10.0,196.0603,0.48877118253036594,0.1781189314911081
5-13A,10.0,198.0182,-0.4391419837154679,0.2997414951878403
5-13A,10.0,199.0019,-1.2593225665075158,0.21998893357138133
5-13A,10.0,200.9937,-0.01192327270885378,0.08985372024843007
5-13A,10.0,201.0051,-1.301660103453032,0.30154602709498846
5-13A,10.0,203.0348,-0.5978336228938949,0.02395281670910984
5-13A,10.0,203.0826,-0.08994881238262885,0.012107982551095608
5-13A,10.0,204.0498,-0.5455822914468288,0.3853653516173832
5-13A,10.0,205.0351,-0.6037096884923127,0.12416085348517845
5-13A,10.0,206.0822,-0.5555930701714681,1.014210263228618
5-13A,10.0,209.0292,-0.9931126703694375,0.09875728472969181
5-13A,10.0,209.0814,-0.4684521370909369,0.2570506613878546
5-13A,10.0,211.0235,-0.8765289030063161,0.4649038834454678
5-13A,10.0,211.9968,-0.05419735488084577,0.07465495442223524
5-13A,10.0,212.0331,-0.5532235534274234,0.14181028766228224
5-13A,10.0,212.9807,-0.518161811164231,0.09604206095817491
5-13A,10.0,213.014,-0.3119963327200059,0.1906618378130222
5-13A,10.0,213.0384,-0.8749984605397078,0.15438678830703748
5-13A,10.0,213.1252,-0.42237663797114844,0.6403842216816611
5-13A,10.0,214.0488,1.0977641053341756,0.41123478894642357
5-13A,10.0,215.0331,0.44791273992050423,0.16600352556074668
5-13A,10.0,216.1351,0.3828802983885657,0.16626010501616362
5-13A,10.0,218.0335,0.22947809626034255,0.11089774736798225
5-13A,10.0,218.1034,0.49852816219590657,0.13077221320342905
5-13A,10.0,220.0828,0.45690365330337324,0.6179931096473278
5-13A,10.0,221.0443,0.48928961222714756,0.19443523635358648
5-13A,10.0,221.0664,-1.0638910853610861,0.45184356132069625
5-13A,10.0,225.0399,-0.9147966034623539,0.5404423621702019
5-13A,10.0,225.0861,-0.07842090298430743,0.4290546133643471
5-13A,10.0,225.0901,-0.3047738675912069,0.12840305070437297
5-13A,10.0,226.0135,-0.07027866883543184,0.2155453007906411
5-13A,10.0,226.0697,-0.5998707676194242,0.0994395747763187
5-13A,10.0,228.0501,-0.7961767456761895,0.2065310209526068
5-13A,10.0,229.0122,3.095181406748855,0.368297868669388
5-13A,10.0,237.0614,0.019046752493933054,0.32502188606129323
5-13A,10.0,238.0945,-0.71972304131653,0.37674051557839455
5-13A,10.0,240.0515,0.8289244265699834,0.14594577982176601
5-13A,10.0,241.0844,-0.16876530185361815,0.6613566821548154
5-13A,10.0,242.0804,-0.7175276423236119,0.2767890167026375
5-13A,10.0,243.029,-0.33956191013228176,0.298824580255002
5-13A,10.0,243.0625,-0.07421566983549119,0.27909419605098507
5-13A,10.0,245.0444,0.13030817787197851,0.16574087382470912
5-13A,10.0,246.0198,-0.06029741515120697,0.4486175253966637
5-13A,10.0,246.064,-0.26444531629671586,0.4462903630592589
5-13A,10.0,251.0816,-0.7630222944561761,0.40714039212238473
5-13A,10.0,253.0119,-0.265437599038883,0.012731362831287302
5-13A,10.0,253.0499,-1.2225757561705828,0.5998083187857642
5-13A,10.0,257.0072,-0.5754190510782117,0.178076452529103
5-13A,10.0,257.1028,-0.250092172837527,0.4737335252279999
5-13A,10.0,259.005,-1.2081207400760248,0.6776985404453592
5-13A,10.0,259.0227,1.3337401050902666,0.11604319983109872
5-13A,10.0,261.0385,5.098479607467783,0.6599662369707655
5-13A,10.0,266.0703,-0.4851251572656355,0.0921555893929495
5-13A,10.0,267.0724,-0.3774750256683674,0.026461511129622136
5-13A,10.0,268.02,-1.0383031978501975,0.4431705591572031
5-13A,10.0,269.0398,-0.8108853136717655,0.07148746163600116
5-13A,10.0,271.0612,-0.7654222368746113,0.40445862311586095
5-13A,10.0,271.0815,-1.0264782832018244,0.23421822112237717
5-13A,10.0,273.0021,-0.9392056545987633,0.1120930616454891
5-13A,10.0,274.0933,1.3797509767600356,0.24511762656751163
5-13A,10.0,275.0184,0.8441338327072825,0.9918917354080171
5-13A,10.0,275.0991,0.09138178888089535,0.19761819005707273
5-13A,10.0,277.1207,-0.3212677279070252,0.03875045392583958
5-13A,10.0,277.2169,-0.41354701191098553,0.3569136590906265
5-13A,10.0,279.2331,-0.2731206623867441,0.03758817877429281
5-13A,10.0,282.0839,-0.7272403063600029,0.3558988875131781
5-13A,10.0,283.2063,0.16775937411625177,0.2674252455170454
5-13A,10.0,285.0972,0.07884892084006175,0.7838624820822095
5-13A,10.0,287.0157,1.376055035361172,0.29470880965204027
5-13A,10.0,288.0725,-0.275095553707856,0.07875703497961499
5-13A,10.0,289.0333,3.014396833505945,0.6995177885240494
5-13A,10.0,289.1044,-0.9098097656976867,0.16223649613461952
5-13A,10.0,290.9677,-0.24368038297607145,0.08007448396776536
5-13A,10.0,294.0479,0.8197271740243212,1.1258309917658433
5-13A,10.0,300.0509,-0.6507537007476561,0.7942877535287743
5-13A,10.0,301.0333,-0.6545041159789841,0.7485933902138675
5-13A,10.0,303.2326,0.5092107718475701,0.3731231324183054
5-13A,10.0,305.0207,0.8572528866099031,0.08084056467848079
5-13A,10.0,306.0481,-0.14200423627285777,0.17137639643987812
5-13A,10.0,306.0765,0.227674809977609,0.00413740071768428
5-13A,10.0,308.0986,-0.05024558276538915,0.07929517932351446
5-13A,10.0,313.0441,2.6955692769772024,0.08780031216613199
5-13A,10.0,313.1037,-0.38368732648952,0.8529722691538401
5-13A,10.0,317.026,-0.6181958668302641,0.24037051812557497
5-13A,10.0,323.0256,0.7494640707864888,0.3688955292579942
5-13A,10.0,325.1163,0.9045545245927291,0.4612028499393851
5-13A,10.0,328.0457,0.11634043082160636,0.08655068524835245
5-13A,10.0,333.0589,-0.2975613610772789,0.2759823889610051
5-13A,10.0,338.9884,1.4260052542742665,0.3543804285319916
5-13A,10.0,339.0928,-0.06642407273904401,0.3114676004120448
5-13A,10.0,341.1089,-0.6406082947242331,0.3922523238552413
5-13A,10.0,344.0393,0.04634065998486495,0.2940384701072052
5-13A,10.0,346.0556,1.6164609525812204,0.376663389997082
5-13A,10.0,348.087,-0.15293595033231203,0.38631654603596977
5-13A,10.0,353.0489,-0.7842485584166213,0.42861771837352597
5-13A,10.0,357.089,0.5339205785512067,0.4097149242192313
5-13A,10.0,375.131,-0.18722953463175898,0.1894497928724801
5-13A,10.0,377.1496,-1.3278599204962016,0.6778969458077099
5-13A,10.0,383.1188,0.030250010513675013,0.37836709725629614
5-13A,10.0,388.9416,-0.23185289303547735,0.6216773189482279
5-13A,10.0,388.9442,-0.41992112902535533,0.39468421410354404
5-13A,10.0,401.0756,-0.011653185846326526,0.16095902507584475
5-13A,10.0,407.2795,-0.1730855250700241,0.26744428789324914
5-13A,10.0,421.0743,-0.2594707068227429,0.10853473940508732
5-13A,10.0,426.0222,1.359576433395043,0.4295999031688942
5-13A,10.0,442.9997,-0.25753740702041455,0.12805418724226741
5-13A,10.0,466.9657,1.0383631162567901,0.46454521286667666
5-13A,10.0,490.9787,-1.5959843853807503,1.2301199368546836
5-13A,10.0,503.1614,-0.18004249367681732,0.06305913977558995
5-13A,10.0,547.0731,0.08636667523165385,0.13359744569848617
5-13A,10.0,565.0471,2.117694340194417,0.3463272453165848
5-13A,10.0,578.8872,-0.06993876776428744,0.06128885471054886
5-13A,10.0,579.0269,-0.4041419446710193,0.10656199040326036
5-13A,10.0,612.2549,-0.9852370230610306,0.30669522758380874
5-13A,10.0,624.2949,-0.25555259435179084,0.33596958850648423
5-13A,10.0,659.307,0.8007078561959973,0.3308728988233617
5-13A,10.0,664.0939,-0.18238677389335217,0.1591066584404122
5-13A,10.0,665.2144,-0.14535487465722752,0.39105463528959855
5-13A,10.0,668.1374,-0.5516725446724254,0.029321372200073925
5-13A,10.0,787.255,0.5375584299790757,0.31089738034704495
5-13A,10.0,790.2568,0.6526953002995274,0.5437027685866642
5-13A,10.0,835.0407,-0.7975788865799232,0.05840501413719204
5-13A,10.0,863.2971,-0.6355883183451481,0.07448827933423069
5-13A,10.0,864.1473,0.14973092494560625,0.1734080854072564
5-13A,10.0,974.2935,-0.7679671639540354,0.08288022882593113
5-13A,10.0,976.7162,0.20502232950093316,0.20309391861078518
5-13A,11.0,57.0342,-1.1533253174068845,0.38453606132888374
5-13A,11.0,58.0295,2.3155477070338293,0.1433979267007798
5-13A,11.0,59.0135,-0.7085883912455887,0.11903058736334936
5-13A,11.0,71.0137,-0.7155968917847549,0.05760121060831985
5-13A,11.0,73.0293,-0.3489767915204046,0.06330852453020702
5-13A,11.0,74.0247,1.353464548707037,0.21278900250426305
5-13A,11.0,75.0087,0.26653630325649474,0.4123650553527439
5-13A,11.0,87.0088,-0.6507220943765843,0.005735285423385716
5-13A,11.0,87.0451,-1.4318264279670228,0.22713884440167706
5-13A,11.0,88.0403,0.3250794547709427,0.0747729943369956
5-13A,11.0,88.9883,-0.7422345325882447,0.4844919563696241
5-13A,11.0,89.0244,-0.7547896604109186,0.0922727113127258
5-13A,11.0,93.0338,-0.012568466044938194,0.010921736041687113
5-13A,11.0,94.9761,-0.7065600790229495,0.16652937957384858
5-13A,11.0,94.9806,0.3137687034660613,0.225425975268289
5-13A,11.0,95.0139,-0.9025808552671917,0.17413751118677084
5-13A,11.0,101.0242,-1.3075882200554187,0.1072584562798689
5-13A,11.0,102.056,-0.28763183876446485,0.06300825672691644
5-13A,11.0,103.0402,-0.010560215798887926,0.055324536856988016
5-13A,11.0,103.0509,0.043002287151766974,0.10007692332258926
5-13A,11.0,104.0352,-0.04793593844588479,0.09686029038851408
5-13A,11.0,105.0193,-0.3153966022735606,0.29160352386682603
5-13A,11.0,107.0503,-0.8600874614258868,0.16554479963683433
5-13A,11.0,109.0295,2.412438929069648,0.16234745571193412
5-13A,11.0,111.02,0.38406723132177034,0.09388743785220328
5-13A,11.0,112.0516,-0.02222158823540321,0.30353601337880515
5-13A,11.0,113.0244,-0.8280292493800616,0.03248373316214027
5-13A,11.0,113.0357,0.36977960373364493,0.03061494885675247
5-13A,11.0,114.056,-0.23319602378890925,0.0011287763752391817
5-13A,11.0,115.0037,0.39473582583184563,0.03749830830866685
5-13A,11.0,115.0402,0.3537748806029776,0.32700768302852246
5-13A,11.0,115.0764,-1.1787810518063677,0.13886209219399837
5-13A,11.0,116.0354,0.8196343179217218,0.5057070480818905
5-13A,11.0,116.0717,-0.12388410960089874,0.02623292419263915
5-13A,11.0,117.0194,-0.3338799240516331,0.020162494942440417
5-13A,11.0,118.0508,-0.27442276215935746,0.1439139324211237
5-13A,11.0,118.9804,-0.7020614671239959,0.03020762256618072
5-13A,11.0,119.0503,0.7887543753771009,0.4474208187267988
5-13A,11.0,120.9273,-0.5648946715882115,0.020173572297300015
5-13A,11.0,121.0295,-0.8947492549244704,0.2845409906517318
5-13A,11.0,121.0409,-0.8169961311880581,0.605429514917242
5-13A,11.0,122.0248,-0.5157765064135572,0.15833589634127324
5-13A,11.0,124.0075,-0.7509954971463627,0.24397761004627674
5-13A,11.0,124.0144,-0.6700267487345495,0.1194195120711674
5-13A,11.0,125.0439,-0.5980036434303493,0.25257676895345227
5-13A,11.0,127.0764,-0.7030425768318809,0.47731660975701307
5-13A,11.0,128.0354,-0.19201069952597616,0.010299738499046586
5-13A,11.0,129.0193,0.1540610741764434,0.11492880572344917
5-13A,11.0,129.0556,-0.5946527315922339,0.4526797876485739
5-13A,11.0,130.0142,0.3686344473140897,0.20842608368385296
5-13A,11.0,130.0509,2.379727087675036,0.16635086426176357
5-13A,11.0,130.0874,0.4980604919934063,0.046720573749854166
5-13A,11.0,131.0008,-0.8011872230544181,0.06856815100539242
5-13A,11.0,131.0123,-0.2752506032992238,0.0545496741205261
5-13A,11.0,131.035,-1.1181793897819106,0.07522387493677747
5-13A,11.0,131.0462,-1.1289571364566404,0.13465675495554055
5-13A,11.0,131.0828,-0.2944349371697101,0.08621891221266934
5-13A,11.0,132.0302,0.887872411162582,0.11030250707669383
5-13A,11.0,133.0142,-0.004640392104684428,0.11094178734518682
5-13A,11.0,133.0257,0.08634217821889537,0.10597965658202671
5-13A,11.0,133.0505,0.9738929872584781,0.10333388690001184
5-13A,11.0,134.0472,1.9930858249604944,0.34497443597982397
5-13A,11.0,134.0604,0.6453887756058692,0.3140724498534626
5-13A,11.0,135.0302,0.2510463497527193,0.10478800311577599
5-13A,11.0,135.0453,0.5814170354033154,0.2613320633048415
5-13A,11.0,136.0404,-0.20887347644127546,0.05230020561727365
5-13A,11.0,136.0487,0.5794459078481985,0.4908355847749656
5-13A,11.0,136.0767,-0.22757889298324008,0.13159691688465228
5-13A,11.0,137.0239,0.029336462584261654,0.06366178640707164
5-13A,11.0,138.9789,-0.5203317733388935,0.3446960376838365
5-13A,11.0,139.0014,0.3281531901835709,0.015085110017165077
5-13A,11.0,139.0067,-0.7968322227142297,0.052585152259896156
5-13A,11.0,139.976,-0.30613944137966553,0.3868391981167362
5-13A,11.0,143.0713,-1.2224519206787423,0.3752871810383941
5-13A,11.0,143.1077,-0.9861641959101326,0.21172020617588136
5-13A,11.0,145.0141,-0.3923238441799771,0.06253285788526639
5-13A,11.0,145.0506,0.8767685273668244,0.15373746648757078
5-13A,11.0,145.0623,0.961514635405534,0.21915776551377145
5-13A,11.0,145.0982,-0.5512064510837315,0.20500901299313118
5-13A,11.0,145.1106,-1.4402129132939097,0.6057301909799317
5-13A,11.0,146.0459,-0.130169231383021,0.010086229571467166
5-13A,11.0,147.0298,0.09400757312154112,0.06268541483340863
5-13A,11.0,147.0662,1.3783030812506056,0.08473705992449551
5-13A,11.0,149.0092,-0.8972973853513366,0.29438517273262643
5-13A,11.0,149.0456,-0.3578681814276076,0.20733295507213245
5-13A,11.0,149.0608,-0.7314151542905207,0.14042953018410467
5-13A,11.0,150.0422,1.1358453423637207,0.3667746058394235
5-13A,11.0,150.9707,-0.9039346158085071,0.3196224109719229
5-13A,11.0,151.0259,0.16178187479012812,0.06312056565954442
5-13A,11.0,151.04,1.0696708406939153,0.5940213570845726
5-13A,11.0,151.06,0.17875927762892604,0.9596662793111875
5-13A,11.0,152.0353,-0.6632847354467784,0.5257484942335563
5-13A,11.0,152.0716,-0.8344004188458115,0.30115184880539514
5-13A,11.0,153.0192,1.8242997365187206,0.02228872618510337
5-13A,11.0,154.062,-0.19702773904102144,0.10067820356537703
5-13A,11.0,154.9751,-0.26645076411897206,0.05119618058770652
5-13A,11.0,155.0099,0.35648309258995414,0.07962333608821051
5-13A,11.0,157.0128,-0.33838758552262127,0.05167769478201458
5-13A,11.0,157.0255,0.4628315686484244,0.018988813970012168
5-13A,11.0,157.0379,0.40608463104915293,0.07984676670503592
5-13A,11.0,157.0504,1.29770356124966,0.038746214173964
5-13A,11.0,159.0297,-1.202895956491727,0.10838653211423173
5-13A,11.0,159.0775,0.978852804369477,0.09755641052225765
5-13A,11.0,160.0616,2.19561212187997,0.34567927620962285
5-13A,11.0,161.0453,-1.03213946537952,0.057228394172069166
5-13A,11.0,162.0424,-0.13509239027223974,0.2587339049055388
5-13A,11.0,163.0351,-0.5366422359879104,0.4603552487288342
5-13A,11.0,163.0398,1.723482177263957,0.0915513041133041
5-13A,11.0,163.0611,-0.6846566959540579,0.5478632319202275
5-13A,11.0,164.0716,-0.45168575884848144,0.05275688326466958
5-13A,11.0,165.03,-0.8249458444590023,0.38934304026300554
5-13A,11.0,165.0405,-0.9866109778262502,0.24180577633590802
5-13A,11.0,165.0556,-0.6857293510769786,0.07773939682817875
5-13A,11.0,166.0508,1.409001732225819,0.3264482849294365
5-13A,11.0,166.0632,-0.29833797105695137,0.47857536429272063
5-13A,11.0,166.9759,2.265824861256026,0.3796898362845119
5-13A,11.0,167.0207,-0.20887885987741908,0.32362122468338345
5-13A,11.0,167.0358,-0.5145763042419049,0.30943068165345755
5-13A,11.0,167.0828,-1.1280893117926896,0.7784050376880888
5-13A,11.0,168.0277,-0.20458549237333273,0.018533643789891818
5-13A,11.0,168.0664,-1.051852792738078,0.40189052954751725
5-13A,11.0,170.0455,-0.2388324102409322,0.01285488089764888
5-13A,11.0,171.0065,0.9950701915021785,0.03850602993680608
5-13A,11.0,171.0092,0.9113810859948608,0.4199128108347645
5-13A,11.0,171.0284,-0.14691734211296897,0.03882000158004839
5-13A,11.0,172.0616,1.793710826762268,0.14350976345693323
5-13A,11.0,172.962,-0.010291461817121268,0.06899629639669394
5-13A,11.0,173.0089,0.3102545165603069,0.21734392116159915
5-13A,11.0,173.0453,0.2636652061629819,0.16549222526120264
5-13A,11.0,173.0932,0.8688244038701084,0.07555677594988769
5-13A,11.0,173.1041,-0.44859497787119484,0.09676291550337285
5-13A,11.0,174.0407,2.4687408661914576,0.1056765487380837
5-13A,11.0,174.088,2.3009167191382955,0.17245382387034777
5-13A,11.0,175.022,-0.12062198239570765,0.15428649690217594
5-13A,11.0,175.0361,0.8034354504498615,0.11917447631294158
5-13A,11.0,175.0611,2.2596721370200497,0.06715777483036657
5-13A,11.0,176.0776,2.3177619215610807,0.2637518730945968
5-13A,11.0,177.0402,-0.9256830570579717,0.3974699897779893
5-13A,11.0,177.0553,0.9496702960768546,0.423533474916846
5-13A,11.0,178.0509,1.6338942980360271,0.1353484579903431
5-13A,11.0,179.0348,1.4905885265826764,0.10789920567567325
5-13A,11.0,179.0561,-0.5864521006466901,0.041694862290047485
5-13A,11.0,180.0663,-0.6483565134407896,0.07051833646898877
5-13A,11.0,181.0505,-0.48278490112502737,0.13606712383433542
5-13A,11.0,182.9725,-0.7075960573203433,0.1954556891467808
5-13A,11.0,183.0661,-1.2392613168126696,0.27696330007563447
5-13A,11.0,184.0017,-0.13196211660375995,0.06921863696959624
5-13A,11.0,184.9856,7.464136672905172,0.6205894371154907
5-13A,11.0,186.1136,-0.9073525635040616,0.40458757082318736
5-13A,11.0,187.0234,-0.2549057271863611,0.5494433959674906
5-13A,11.0,188.035,0.5759913874728485,0.4984455571162175
5-13A,11.0,188.0565,1.0416009453325477,0.026276421317039365
5-13A,11.0,189.0405,-0.7404187775446722,0.0728163764019264
5-13A,11.0,191.0197,1.927707325209314,0.3061931597216447
5-13A,11.0,191.0561,1.135777342499043,0.027837223526358517
5-13A,11.0,192.0663,-0.3294327967465341,0.6857489058920155
5-13A,11.0,193.0349,-0.0629808573132922,0.2139655062954581
5-13A,11.0,194.0682,2.1785810178490923,0.18312377596459037
5-13A,11.0,194.0822,-0.38306367452963086,0.43640972902251907
5-13A,11.0,195.0509,0.0695009033166076,0.0849013006939848
5-13A,11.0,195.0657,0.5856072434453858,0.43166685850819503
5-13A,11.0,196.0603,1.572035686276332,0.14741230600875072
5-13A,11.0,198.0182,-0.012076445350977016,0.5941258590840655
5-13A,11.0,199.0019,-0.7948318027935704,0.21677696814318995
5-13A,11.0,200.9937,-0.5703157943186762,0.16425263297164489
5-13A,11.0,201.0051,-0.19762106924730807,0.44053319526292123
5-13A,11.0,203.0348,-0.587153261572468,0.06968890247417664
5-13A,11.0,203.0826,-0.08889279807206647,0.0037244400977319344
5-13A,11.0,204.0498,-0.3345624276702306,0.642547501690426
5-13A,11.0,205.0351,-0.1270042735506943,0.207471447733374
5-13A,11.0,206.0822,-0.8532675589071551,0.4299465709156336
5-13A,11.0,209.0292,-0.7313118494726016,0.23672889106066788
5-13A,11.0,209.0814,-1.0026930365799527,0.6995822346115528
5-13A,11.0,211.0235,-0.22854449782627348,0.27456156434901957
5-13A,11.0,211.9968,1.8877245526513131,0.1754866836761811
5-13A,11.0,212.0331,-0.3576465021335866,0.16810392046361292
5-13A,11.0,212.9807,0.07034417529634499,0.31313040630394307
5-13A,11.0,213.014,0.8162079716610252,0.5953400357871101
5-13A,11.0,213.0384,-0.6335522949100315,0.2353005890831634
5-13A,11.0,213.1252,-0.3016418098998691,0.8277301298110892
5-13A,11.0,214.0488,1.7138507234056652,0.7381061183377327
5-13A,11.0,215.0331,-0.5359523857535196,0.05442097909765867
5-13A,11.0,216.1351,-0.7844576993376413,0.17598462534337353
5-13A,11.0,218.0335,-0.6001484205423699,0.045568778538234524
5-13A,11.0,218.1034,1.5283583483405425,0.09480131358863475
5-13A,11.0,220.0828,-0.710572895668419,0.6836772631721594
5-13A,11.0,221.0443,-0.6433399692740498,0.06607488108913248
5-13A,11.0,221.0664,-1.2338091500892259,0.06699815851560686
5-13A,11.0,225.0399,0.05724912940145664,0.3704583053104152
5-13A,11.0,225.0861,-0.8148525582847025,0.34391610196254496
5-13A,11.0,225.0901,0.21930125961434263,0.7656783903189304
5-13A,11.0,226.0135,-0.35538150355903736,0.320492485901266
5-13A,11.0,226.0697,-0.860251147352357,0.10495513813814676
5-13A,11.0,228.0501,-0.32521149043681086,0.16918119415984995
5-13A,11.0,229.0122,9.245714094392557,1.103464763964313
5-13A,11.0,237.0614,1.9546262969480226,0.3261035505030425
5-13A,11.0,238.0945,-0.5445224317941785,0.21590811187068815
5-13A,11.0,240.0515,1.9131946009121865,0.045925190592137025
5-13A,11.0,241.0844,0.5782630279116111,0.4596598444666513
5-13A,11.0,242.0804,-0.8563215509384646,0.8003796925434495
5-13A,11.0,243.029,-0.24023511747461426,0.294651855134086
5-13A,11.0,243.0625,1.7493414127606175,0.3411296024196098
5-13A,11.0,245.0444,1.4403644750558318,0.3434662196045137
5-13A,11.0,246.0198,0.19445502394365716,0.5055868613463321
5-13A,11.0,246.064,-0.5089239191209523,0.1404864040960395
5-13A,11.0,251.0816,-0.058436834046514397,1.1673009804953582
5-13A,11.0,253.0119,-0.17640701866713338,0.01758729871766305
5-13A,11.0,253.0499,-0.5224175216232612,0.7568426668831673
5-13A,11.0,257.0072,-0.09561505469548234,0.6677736119816976
5-13A,11.0,257.1028,-0.832918783831269,0.21805727917057396
5-13A,11.0,259.005,-0.4750814697119826,0.05277718563210596
5-13A,11.0,259.0227,4.7846309572556285,0.5472826978646274
5-13A,11.0,261.0385,11.115135405525281,0.3284571633404675
5-13A,11.0,266.0703,0.3749461645088021,0.2109760162999737
5-13A,11.0,267.0724,-0.663186033191578,0.02954215311902152
5-13A,11.0,268.02,-0.2488391285809804,0.24057670223993674
5-13A,11.0,269.0398,-0.38781266445290397,0.3165640971936922
5-13A,11.0,271.0612,0.9580060100664821,0.118216964032051
5-13A,11.0,271.0815,-0.7901476393332114,0.04257780925004063
5-13A,11.0,273.0021,-0.573307558682008,0.08834055496841872
5-13A,11.0,274.0933,4.905353111743411,0.33408926693489094
5-13A,11.0,275.0184,4.253759991533932,1.3382231794901411
5-13A,11.0,275.0991,2.4688754330694156,0.6804243117223717
5-13A,11.0,277.1207,-0.8963789728557354,0.02410664340870967
5-13A,11.0,277.2169,-0.8885187256536673,0.1786121582347122
5-13A,11.0,279.2331,-0.23647232424926815,0.028326023426153295
5-13A,11.0,282.0839,-0.9747534450546291,0.373387043573844
5-13A,11.0,283.2063,-0.10303118077547152,0.315095427625075
5-13A,11.0,285.0972,-0.5064865620596205,0.33712009860364894
5-13A,11.0,287.0157,1.4598108367845648,0.5427313811411586
5-13A,11.0,288.0725,0.7027514844600322,0.23021855161437788
5-13A,11.0,289.0333,7.513356302932388,0.9125039201747014
5-13A,11.0,289.1044,2.3032895908177524,0.19475474665065282
5-13A,11.0,290.9677,-0.11493935537244493,0.05988622073586428
5-13A,11.0,294.0479,0.07247263215586755,0.6488941696156124
5-13A,11.0,300.0509,2.4297990089657056,0.8905351491363803
5-13A,11.0,301.0333,9.147610048031677,0.3046162441854347
5-13A,11.0,303.2326,0.09776765859789308,0.608530777275841
5-13A,11.0,305.0207,-0.4575586761430961,0.09715784642026228
5-13A,11.0,306.0481,1.56516166874668,0.12498463926120736
5-13A,11.0,306.0765,4.780067340850831,0.3725179047761229
5-13A,11.0,308.0986,-0.27565250017831144,0.02593416658758416
5-13A,11.0,313.0441,9.150137696240698,1.4439664558766239
5-13A,11.0,313.1037,1.1221280631164468,0.35768549913255676
5-13A,11.0,317.026,0.18102275788634226,0.571478351300426
5-13A,11.0,323.0256,2.028183404622453,0.276787863076125
5-13A,11.0,325.1163,0.619287532119882,0.520083144388614
5-13A,11.0,328.0457,1.82105622651831,0.45845931068140294
5-13A,11.0,333.0589,0.5703747299016066,0.09467607288064896
5-13A,11.0,338.9884,6.252448095805931,0.41298888863360644
5-13A,11.0,339.0928,-0.33233995170208436,0.4717403459558788
5-13A,11.0,341.1089,-0.6463368263085666,0.188147368767087
5-13A,11.0,344.0393,3.9994981135639076,0.5598515252701574
5-13A,11.0,346.0556,4.57034504034102,0.24624436543995837
5-13A,11.0,348.087,1.8137495602983504,0.3624363475514335
5-13A,11.0,353.0489,0.046795494067810584,0.6479457571831061
5-13A,11.0,357.089,2.8251513638963996,0.35251377749414287
5-13A,11.0,375.131,1.9372132682510865,0.5856997364650489
5-13A,11.0,377.1496,-0.26853740872628157,0.29939957943059814
5-13A,11.0,383.1188,0.16768904346203678,0.59126964417648
5-13A,11.0,388.9416,0.10920736032711884,0.25178909640879416
5-13A,11.0,388.9442,-0.3915616331221198,0.1749597994851068
5-13A,11.0,401.0756,-0.8111568524986703,0.029979570404687666
5-13A,11.0,407.2795,-0.5743752800930502,0.14692870980280537
5-13A,11.0,421.0743,0.15045555249374232,0.6433179950580749
5-13A,11.0,426.0222,2.9304886568153234,0.1668831723274996
5-13A,11.0,442.9997,-0.381461941715988,0.19741993840414954
5-13A,11.0,466.9657,-0.5526483629993465,0.229104605959962
5-13A,11.0,490.9787,-0.13443461174436802,0.9008929837099832
5-13A,11.0,503.1614,0.32102643823765564,0.34843014227248076
5-13A,11.0,547.0731,1.623883210592056,0.07404746912086249
5-13A,11.0,565.0471,7.129792825598054,0.35288091634454577
5-13A,11.0,578.8872,-0.7709140650577047,0.05342588988786701
5-13A,11.0,579.0269,-0.8585020167886239,0.04713327708588113
5-13A,11.0,612.2549,-0.678647352261482,0.32422660706786394
5-13A,11.0,624.2949,-0.257053890471159,0.19354302140706978
5-13A,11.0,659.307,-0.144308280935152,0.25957021085088267
5-13A,11.0,664.0939,-0.28685329524906844,0.0658046806015985
5-13A,11.0,665.2144,2.3198690206877637,0.6124123745886131
5-13A,11.0,668.1374,2.6733595615395123,0.11775675382425833
5-13A,11.0,787.255,0.10923398572900145,0.6133519836906032
5-13A,11.0,790.2568,-0.2140294725150535,0.42492582205342644
5-13A,11.0,835.0407,0.09740334022519812,0.194054593910193
5-13A,11.0,863.2971,-0.5181804849668961,0.10373584246855853
5-13A,11.0,864.1473,-0.7948522068682449,0.15008826128997368
5-13A,11.0,974.2935,-0.7941026927027308,0.23621746687619377
5-13A,11.0,976.7162,-0.7150503938883523,0.0386998548929068
5-13A,12.0,57.0342,-1.0305023594477554,0.10100784318343235
5-13A,12.0,58.0295,2.2409184393031936,0.14409111561992852
5-13A,12.0,59.0135,-0.4841893590912999,0.17773194837824507
5-13A,12.0,71.0137,-0.8558309747768604,0.06545731314979841
5-13A,12.0,73.0293,0.31941786645950443,0.06941684675844792
5-13A,12.0,74.0247,1.9044322263465772,0.5219930299801279
5-13A,12.0,75.0087,0.27188218946731935,0.23559970767511387
5-13A,12.0,87.0088,-0.5855528645029286,0.005547035633541249
5-13A,12.0,87.0451,-1.3281959313657818,0.6517978758598458
5-13A,12.0,88.0403,0.49022046225791044,0.04051474792861411
5-13A,12.0,88.9883,-0.6902737221971669,0.21933324685145345
5-13A,12.0,89.0244,-0.2592048828375983,0.09219168595102083
5-13A,12.0,93.0338,0.0074426448355129505,0.015136686202964784
5-13A,12.0,94.9761,-0.7239566622007254,0.682148918356534
5-13A,12.0,94.9806,0.7898055563754356,0.3795911552985191
5-13A,12.0,95.0139,-0.9333803175062335,0.10319615034577471
5-13A,12.0,101.0242,-0.9770435103381176,0.17545608072067312
5-13A,12.0,102.056,-0.3159687848957403,0.11127451111475745
5-13A,12.0,103.0402,0.41340430146232143,0.15682731659870192
5-13A,12.0,103.0509,0.45555561348873735,0.29200008168427266
5-13A,12.0,104.0352,-0.15527142211905506,0.18556850929258012
5-13A,12.0,105.0193,-0.002110955384592824,0.11222253873731133
5-13A,12.0,107.0503,0.3473871060230725,0.7164782462122418
5-13A,12.0,109.0295,1.6700554969212447,0.20754677428622062
5-13A,12.0,111.02,1.2438997842634683,0.12285118698830591
5-13A,12.0,112.0516,0.7166063513352444,1.3038857340686936
5-13A,12.0,113.0244,-0.888376606625763,0.061934581047704586
5-13A,12.0,113.0357,0.6081128390006794,0.14711814694257838
5-13A,12.0,114.056,-0.24449994798528904,0.003218669029581929
5-13A,12.0,115.0037,0.20586032420187056,0.15285960571446158
5-13A,12.0,115.0402,0.5089957463281499,0.2651989024837937
5-13A,12.0,115.0764,0.06708650286560058,0.6487199315880053
5-13A,12.0,116.0354,1.2848227268145016,0.37094322061514856
5-13A,12.0,116.0717,0.23222327504332857,0.07116648120932496
5-13A,12.0,117.0194,0.30810079659695244,0.045026034142274456
5-13A,12.0,118.0508,0.06183968430324694,0.1535004469227401
5-13A,12.0,118.9804,-0.8450485357487787,0.0737977076674252
5-13A,12.0,119.0503,-0.22841188282919184,0.3046510188187958
5-13A,12.0,120.9273,-0.4589693207798974,0.013585049414289509
5-13A,12.0,121.0295,0.20958729556701744,0.7926802090666969
5-13A,12.0,121.0409,-0.7433490133944228,0.31569710877467977
5-13A,12.0,122.0248,-0.734086190620268,0.24461303424738168
5-13A,12.0,124.0075,-0.6144242856677098,0.09255263078052668
5-13A,12.0,124.0144,-0.8740206266893559,0.2468344468403172
5-13A,12.0,125.0439,-0.6996669591006835,0.275770753402467
5-13A,12.0,127.0764,-0.24342260515570227,0.47935542067123443
5-13A,12.0,128.0354,-0.23601099152051072,0.012882730900143198
5-13A,12.0,129.0193,0.5982030146462297,0.08384374328968366
5-13A,12.0,129.0556,-0.6318066284086179,0.563553784120845
5-13A,12.0,130.0142,0.8485407070264684,0.7937070275461829
5-13A,12.0,130.0509,2.420803366029816,0.14626360598818602
5-13A,12.0,130.0874,0.9832151248162126,0.13413463962288805
5-13A,12.0,131.0008,-0.42097153444086566,0.12693648825120965
5-13A,12.0,131.0123,0.25870956434197123,0.1154198285298907
5-13A,12.0,131.035,-1.1811692396727058,0.1313856126874452
5-13A,12.0,131.0462,-1.3083687656891452,0.3043026544390113
5-13A,12.0,131.0828,-0.44537136232507446,0.10027463066428441
5-13A,12.0,132.0302,0.899181169867031,0.10896537493151287
5-13A,12.0,133.0142,-0.2093150840257586,0.06688874922860605
5-13A,12.0,133.0257,-0.18415571577856715,0.11365915557138558
5-13A,12.0,133.0505,1.3885456991982568,0.06851821219612576
5-13A,12.0,134.0472,1.7418761493543826,0.15632373263236474
5-13A,12.0,134.0604,1.4831075664651916,0.7130841417072428
5-13A,12.0,135.0302,-0.19309833567942106,0.08659861236953882
5-13A,12.0,135.0453,1.124760332719482,0.28217216811611706
5-13A,12.0,136.0404,-0.11527141016912357,0.056355174524437786
5-13A,12.0,136.0487,0.9470760440335899,0.18009443087411803
5-13A,12.0,136.0767,0.5452862681650055,0.9268077685616978
5-13A,12.0,137.0239,0.05846483880718259,0.1340020373703643
5-13A,12.0,138.9789,0.6064699492879931,0.6133232316964351
5-13A,12.0,139.0014,0.954499640874777,0.03455428792526071
5-13A,12.0,139.0067,-0.6998957889933897,0.025104933453244813
5-13A,12.0,139.976,0.7595006836660615,0.4603579096231323
5-13A,12.0,143.0713,-0.8411751150841491,0.428515502140295
5-13A,12.0,143.1077,0.2629768460226012,0.49909306550203253
5-13A,12.0,145.0141,-0.42844471934957273,0.11733929910031864
5-13A,12.0,145.0506,1.6039845541221385,0.11516676217125613
5-13A,12.0,145.0623,0.8093549064596591,0.26273942216943835
5-13A,12.0,145.0982,-0.8922536563725278,0.18248655801474803
5-13A,12.0,145.1106,-0.9214675226621285,0.7301944401093347
5-13A,12.0,146.0459,-0.30451694394313855,0.008301898073083278
5-13A,12.0,147.0298,0.6266907137940454,0.049810963401387146
5-13A,12.0,147.0662,1.794085152376098,0.10661888077636268
5-13A,12.0,149.0092,-0.028956074640254154,0.21584514323183449
5-13A,12.0,149.0456,-0.5486576700876205,0.12166531352858995
5-13A,12.0,149.0608,0.01394053041281787,0.692458450284638
5-13A,12.0,150.0422,0.8716843590675403,0.36464491329171017
5-13A,12.0,150.9707,0.08403145625360181,0.904413066679944
5-13A,12.0,151.0259,-0.5466057011971335,0.11729953060490057
5-13A,12.0,151.04,0.6186812090677898,0.4854412775900947
5-13A,12.0,151.06,0.5165528486921004,1.0091525425102639
5-13A,12.0,152.0353,1.3252888821161064,0.7656144851446048
5-13A,12.0,152.0716,-0.842579384938124,0.7187263863326031
5-13A,12.0,153.0192,-0.5183307675785317,0.047656825472152144
5-13A,12.0,154.062,-0.5285440084291781,0.11407132968623777
5-13A,12.0,154.9751,0.16271800312889328,0.05211557350309649
5-13A,12.0,155.0099,1.1074501175709375,0.08418608199492418
5-13A,12.0,157.0128,0.20292400146274553,0.06364426707346015
5-13A,12.0,157.0255,0.7541934610674381,0.1302781799869278
5-13A,12.0,157.0379,0.7919490049515268,0.05462650507217804
5-13A,12.0,157.0504,1.8023638100052377,0.09213916119477246
5-13A,12.0,159.0297,-1.0205733850147676,0.056120604432302025
5-13A,12.0,159.0775,0.9654327247019179,0.09383902756267902
5-13A,12.0,160.0616,2.4569329052391584,0.8557292303172528
5-13A,12.0,161.0453,-0.9565911964075428,0.1567549626750818
5-13A,12.0,162.0424,0.16260135179060398,0.15951458819002817
5-13A,12.0,163.0351,-0.6808551284852836,0.29984337055454346
5-13A,12.0,163.0398,1.7780578637325726,0.05029926395871741
5-13A,12.0,163.0611,0.8024394701549185,1.1829315489585066
5-13A,12.0,164.0716,-0.5824311782603709,0.04343772331024536
5-13A,12.0,165.03,-0.09712031778386392,0.1939000825098701
5-13A,12.0,165.0405,-0.08728855564185722,0.3846974002101328
5-13A,12.0,165.0556,-0.6392337339446802,0.1711153292712229
5-13A,12.0,166.0508,2.7928666304994683,0.5918819540702411
5-13A,12.0,166.0632,0.9389048651598818,0.8618032236828772
5-13A,12.0,166.9759,2.73030659493248,0.6110032489152043
5-13A,12.0,167.0207,-0.4443076664960942,0.5508931512388288
5-13A,12.0,167.0358,-0.3047029319119463,0.14753456993747358
5-13A,12.0,167.0828,-0.8850092959674578,0.23175747657244755
5-13A,12.0,168.0277,-0.4730652744553431,0.015655113762160125
5-13A,12.0,168.0664,-1.0876561647695602,0.3093184693352604
5-13A,12.0,170.0455,0.05518238563596837,0.05256191304234489
5-13A,12.0,171.0065,1.511539758352416,0.163926328999816
5-13A,12.0,171.0092,1.0668881260962788,0.4498076923960448
5-13A,12.0,171.0284,0.23299259324867083,0.10941512242226337
5-13A,12.0,172.0616,1.9128470308377215,0.2451279956329707
5-13A,12.0,172.962,-0.11484207646068222,0.15012157353191072
5-13A,12.0,173.0089,0.3493022110286247,0.09033616245655507
5-13A,12.0,173.0453,0.43856810333516905,0.24796344462994518
5-13A,12.0,173.0932,1.2841731854079224,0.12079636340569953
5-13A,12.0,173.1041,-0.572934552623318,0.14505628547735774
5-13A,12.0,174.0407,2.4342019147916165,0.10804871684403446
5-13A,12.0,174.088,1.8178693690387178,0.19567758769733795
5-13A,12.0,175.022,0.24403562648600818,0.21678579898142142
5-13A,12.0,175.0361,0.9716368342844115,0.12833136026676592
5-13A,12.0,175.0611,2.632007253074554,0.041548598733739554
5-13A,12.0,176.0776,2.423568109266204,0.39150013531006
5-13A,12.0,177.0402,-0.6823471847248286,0.1589289238146307
5-13A,12.0,177.0553,-0.4563071915018816,0.20771601470252746
5-13A,12.0,178.0509,4.1701387888659465,0.06472507069667348
5-13A,12.0,179.0348,1.6099582730150925,0.6371384048930144
5-13A,12.0,179.0561,-0.7444724502559462,0.02165655459247879
5-13A,12.0,180.0663,-0.8061019050547583,0.03462466125223097
5-13A,12.0,181.0505,-0.4208270181484016,0.16057288664973973
5-13A,12.0,182.9725,-0.8601549169063027,0.1505079551688367
5-13A,12.0,183.0661,-0.7379344475958246,0.27447073578252346
5-13A,12.0,184.0017,-0.40858602807226396,0.053924692076974395
5-13A,12.0,184.9856,9.29106920831586,0.7056020410846084
5-13A,12.0,186.1136,-0.5565403727100451,0.5600230957393014
5-13A,12.0,187.0234,0.3550908053859639,0.8815216922518766
5-13A,12.0,188.035,-0.2397535367693658,0.3314919571919899
5-13A,12.0,188.0565,1.0230303838875103,0.06046049453003725
5-13A,12.0,189.0405,-0.6896350504149875,0.0924175395382259
5-13A,12.0,191.0197,1.3852897794154115,0.2711450759051381
5-13A,12.0,191.0561,1.069424897765044,0.1331784579199786
5-13A,12.0,192.0663,-1.5014521541213153,0.25345798559541705
5-13A,12.0,193.0349,-0.05287603606356675,0.5716661866543664
5-13A,12.0,194.0682,2.6117892107118066,0.4277511414621621
5-13A,12.0,194.0822,-0.2981533597197831,0.7166640626596816
5-13A,12.0,195.0509,-0.5281402792481747,0.028512588146576832
5-13A,12.0,195.0657,0.5752253179265028,0.7762554246236893
5-13A,12.0,196.0603,2.8231283003958727,0.19283187684650266
5-13A,12.0,198.0182,-0.4441960137552844,0.47620334873560566
5-13A,12.0,199.0019,-0.22725941992878956,0.10342797235924232
5-13A,12.0,200.9937,-0.588976726917462,0.11286375423889315
5-13A,12.0,201.0051,-0.444607460277543,0.2565075111114145
5-13A,12.0,203.0348,0.8035592414024229,0.1864556859385096
5-13A,12.0,203.0826,-0.10257572635321036,0.008341167124514675
5-13A,12.0,204.0498,-0.6886828063560604,0.10427277584684393
5-13A,12.0,205.0351,-0.11054564233598785,0.14652886245127875
5-13A,12.0,206.0822,-0.4991657632408021,0.5870298564927408
5-13A,12.0,209.0292,-0.12937610378853795,0.24440182868616062
5-13A,12.0,209.0814,-1.0375176285466439,0.4808701079327235
5-13A,12.0,211.0235,-0.3678085021891926,0.2858123606386713
5-13A,12.0,211.9968,1.782294820448247,0.07121387261233153
5-13A,12.0,212.0331,-0.2805539607505663,0.4060602524882685
5-13A,12.0,212.9807,0.2145080286210676,0.404788655333763
5-13A,12.0,213.014,1.0167408644729679,0.8275798738577624
5-13A,12.0,213.0384,-0.36046027262015495,0.1257289615176952
5-13A,12.0,213.1252,-0.5833564087328542,0.725019470044683
5-13A,12.0,214.0488,2.5632637627893367,1.3008953784946033
5-13A,12.0,215.0331,-0.7754851440894297,0.023054362336499115
5-13A,12.0,216.1351,-0.9968176208805786,0.13133984045173197
5-13A,12.0,218.0335,-0.8377255173470347,0.007215225296340659
5-13A,12.0,218.1034,1.7257021293106205,0.15488848396754568
5-13A,12.0,220.0828,-0.18138374028056048,0.7237279920709505
5-13A,12.0,221.0443,-0.8207980648855135,0.03044236320036161
5-13A,12.0,221.0664,-1.1837755398055356,0.21341493165715342
5-13A,12.0,225.0399,-0.7545692848584291,0.5190840975952075
5-13A,12.0,225.0861,-0.012079859278797955,0.31291524014327377
5-13A,12.0,225.0901,-0.23434260710961452,0.31654738949325106
5-13A,12.0,226.0135,0.13162529116408192,0.16160835104857046
5-13A,12.0,226.0697,-1.1279540522390694,0.08760200141091333
5-13A,12.0,228.0501,-0.5227871584884527,0.2543851111808783
5-13A,12.0,229.0122,11.789850206640535,0.8670918892482139
5-13A,12.0,237.0614,2.54044638364715,0.14300951489197583
5-13A,12.0,238.0945,-0.6491198106134928,0.06964936672415867
5-13A,12.0,240.0515,2.445497630407895,0.08180634940639449
5-13A,12.0,241.0844,0.7184240318994985,0.3398153575310921
5-13A,12.0,242.0804,-1.0804346587884215,0.3599950899976019
5-13A,12.0,243.029,0.5949419977516371,0.053035766895494135
5-13A,12.0,243.0625,2.3012448043731686,0.5456410467834554
5-13A,12.0,245.0444,1.8340072397364215,0.4180708823133335
5-13A,12.0,246.0198,0.2257012555222513,0.4092974724814576
5-13A,12.0,246.064,-0.7070846517310145,0.09536245606452806
5-13A,12.0,251.0816,-0.3581485597431615,0.14661037691831014
5-13A,12.0,253.0119,-0.12631281625469426,0.029054028102370923
5-13A,12.0,253.0499,-0.3643385222899054,0.886122136099071
5-13A,12.0,257.0072,0.2615574733380298,0.3645345796139347
5-13A,12.0,257.1028,-0.7525854394186295,0.5227769957953411
5-13A,12.0,259.005,0.31616048950070674,0.46001903803911504
5-13A,12.0,259.0227,6.616255770017702,0.4560611229151386
5-13A,12.0,261.0385,15.431204298388021,0.5547934367373294
5-13A,12.0,266.0703,0.42809864354007177,0.1466406850940792
5-13A,12.0,267.0724,-0.6220793357872639,0.03488555718538161
5-13A,12.0,268.02,-0.0952329974562006,0.3098928211011524
5-13A,12.0,269.0398,0.14797170581739486,0.3734205888067878
5-13A,12.0,271.0612,0.11687280543271897,0.2687638555212252
5-13A,12.0,271.0815,-0.5127473408898698,0.2540389986705053
5-13A,12.0,273.0021,-0.15005866403221924,0.23166362785529762
5-13A,12.0,274.0933,4.793254286711914,0.5466261055965301
5-13A,12.0,275.0184,5.490117646410811,0.45551704848217084
5-13A,12.0,275.0991,2.5362636093626874,0.1889802404101648
5-13A,12.0,277.1207,-0.9611919024239082,0.020931820305039567
5-13A,12.0,277.2169,-0.7031419975283709,0.31337674716624603
5-13A,12.0,279.2331,-0.2795599341588544,0.01820500619565842
5-13A,12.0,282.0839,-0.7896897751998778,0.17538595757296527
5-13A,12.0,283.2063,-0.34948447305462804,0.056120783733478036
5-13A,12.0,285.0972,-1.6265377723341647,0.2703441493745036
5-13A,12.0,287.0157,1.748768351695269,0.0966949803951507
5-13A,12.0,288.0725,0.5288597912802816,0.25052096526189105
5-13A,12.0,289.0333,8.691189255698294,0.4198511688079569
5-13A,12.0,289.1044,0.6572374835886027,0.3159309162781608
5-13A,12.0,290.9677,0.2692271615022745,0.09827566673120676
5-13A,12.0,294.0479,-0.4415623393205209,0.5830132442043644
5-13A,12.0,300.0509,2.1587910962721573,0.5014678864877444
5-13A,12.0,301.0333,-0.2683645345035205,0.4964281070637948
5-13A,12.0,303.2326,-0.3271324952228536,0.4926282679235774
5-13A,12.0,305.0207,-0.5321165310329358,0.08052837083776476
5-13A,12.0,306.0481,1.6870399077587837,0.24666084441305822
5-13A,12.0,306.0765,-0.22347845568695812,0.03831804184714839
5-13A,12.0,308.0986,-0.31504830667427297,0.02738867408846706
5-13A,12.0,313.0441,10.721428873928398,0.6353062172381995
5-13A,12.0,313.1037,1.8282619331921905,0.539794969081153
5-13A,12.0,317.026,-0.027093240063988687,0.2922233096552566
5-13A,12.0,323.0256,0.45164168846345065,0.5607886291843761
5-13A,12.0,325.1163,0.37576692878940265,0.17951266948540404
5-13A,12.0,328.0457,3.283548055910932,0.33181221856140997
5-13A,12.0,333.0589,0.6996959354456027,0.2495982739243094
5-13A,12.0,338.9884,6.387352339144156,1.0935094174454567
5-13A,12.0,339.0928,-0.42214105181091444,0.42037865430257354
5-13A,12.0,341.1089,-0.530219072953134,0.05260465726774492
5-13A,12.0,344.0393,5.516816191216121,0.9094800748123154
5-13A,12.0,346.0556,0.7887141406361308,0.1513499863616968
5-13A,12.0,348.087,1.5696588013233015,0.18499464280685882
5-13A,12.0,353.0489,0.7970539860947099,0.692458324915656
5-13A,12.0,357.089,3.1353307550159277,0.36013142558528133
5-13A,12.0,375.131,3.1449868733885644,0.4464627292395702
5-13A,12.0,377.1496,-0.08764650647677455,0.5461191108570536
5-13A,12.0,383.1188,-0.5048113819079345,0.3261844543904759
5-13A,12.0,388.9416,0.1935395455130562,0.3626600271498399
5-13A,12.0,388.9442,-0.10871297661353344,0.3621167205477187
5-13A,12.0,401.0756,-1.041488103307691,0.04483810055311215
5-13A,12.0,407.2795,-0.5768346657213834,0.14437863698630748
5-13A,12.0,421.0743,0.15990085800794707,0.05555627751352494
5-13A,12.0,426.0222,0.6771684996060583,0.6580234279165521
5-13A,12.0,442.9997,-0.23401469441616218,0.3086738402757857
5-13A,12.0,466.9657,-0.6654090070436359,0.07749355392551834
5-13A,12.0,490.9787,-1.0448663167567076,1.2290363907274624
5-13A,12.0,503.1614,-0.28124849576647326,0.36834302598885843
5-13A,12.0,547.0731,1.1573378382773147,0.18436934492887425
5-13A,12.0,565.0471,6.038495800723831,0.6190912817037227
5-13A,12.0,578.8872,-0.9290484021359603,0.04183124199335407
5-13A,12.0,579.0269,-0.9021868641700099,0.01621649443630053
5-13A,12.0,612.2549,-0.46418942596987844,0.3513825021763704
5-13A,12.0,624.2949,0.6654925748805745,0.5650713198358039
5-13A,12.0,659.307,-0.36176165860674914,0.15216791877408192
5-13A,12.0,664.0939,0.33994583288522934,0.25284325831253385
5-13A,12.0,665.2144,-0.06711233510814443,0.39976087501873436
5-13A,12.0,668.1374,5.121709441526971,0.19093194523028642
5-13A,12.0,787.255,-0.19715868242068663,0.3312200186889023
5-13A,12.0,790.2568,-0.5007849115088493,0.19921239365312876
5-13A,12.0,835.0407,1.1936885602934773,0.40754418975045936
5-13A,12.0,863.2971,-0.023025709415137426,0.028751900769169777
5-13A,12.0,864.1473,-0.32289920122361815,0.32335181514659794
5-13A,12.0,974.2935,2.6674793123547302,0.20864485797031193
5-13A,12.0,976.7162,-0.93745405622132,0.08332301373466884
5-13B,1.0,57.0342,0.04134870896420116,0.3196271546595613
5-13B,1.0,58.0295,-1.1052637682940016,0.057015458066392015
5-13B,1.0,59.0135,0.04730910676946659,0.19231957557835733
5-13B,1.0,71.0137,0.48601327414035644,0.1497469760658549
5-13B,1.0,73.0293,-0.9791440849141158,0.003864388174656171
5-13B,1.0,74.0247,1.685348627503557,0.8024631224375843
5-13B,1.0,75.0087,-1.415126759062912,0.036289721825369936
5-13B,1.0,87.0088,-0.7126765656954361,0.009360568064831508
5-13B,1.0,87.0451,-0.4728242107706744,0.25607703805234094
5-13B,1.0,88.0403,-0.9364164012153697,0.007913953912483106
5-13B,1.0,88.9883,-0.9260958616643662,0.3185365839505152
5-13B,1.0,89.0244,-0.7211103544466472,0.08744364040675243
5-13B,1.0,93.0338,-0.08866300402040536,0.004080585331517828
5-13B,1.0,94.9761,-1.1146803101876994,0.1933344908697489
5-13B,1.0,94.9806,0.36916249296209225,0.1431131444623157
5-13B,1.0,95.0139,0.4407667042747826,0.12779768907230063
5-13B,1.0,101.0242,0.16985484512462226,0.20605430628796403
5-13B,1.0,102.056,-0.5070607445900177,0.03512379318183305
5-13B,1.0,103.0402,-1.0124267147358856,0.028234969485588755
5-13B,1.0,103.0509,-1.034577525036021,0.07099628503301872
5-13B,1.0,104.0352,5.103811862357437,0.36949044846734574
5-13B,1.0,105.0193,-1.833641694674078,0.2882781664055531
5-13B,1.0,107.0503,-1.4679505124651122,0.17279700834301429
5-13B,1.0,109.0295,-1.2687120722130434,0.059891351673481266
5-13B,1.0,111.02,-1.2208958376508905,0.0015953728395201414
5-13B,1.0,112.0516,-1.0657263247646553,0.39004502421831777
5-13B,1.0,113.0244,0.3281335115271774,0.18140277933218543
5-13B,1.0,113.0357,-1.3114103587175072,0.04202458671741369
5-13B,1.0,114.056,-0.23142481749127958,0.0007731677525298919
5-13B,1.0,115.0037,-0.9105595071864252,0.03164789098953029
5-13B,1.0,115.0402,-1.8366639422587872,0.2680838384134827
5-13B,1.0,115.0764,-0.8107680910885319,0.32025200055857395
5-13B,1.0,116.0354,-0.881051259586227,0.36289357317688586
5-13B,1.0,116.0717,-0.5965040186435632,0.01779562581181838
5-13B,1.0,117.0194,-0.9485808949612126,0.0007829689966336978
5-13B,1.0,118.0508,0.19193898469835313,0.26578883001217996
5-13B,1.0,118.9804,0.5825212742648049,0.1465258182816726
5-13B,1.0,119.0503,-0.05159575811306276,0.4802057209910683
5-13B,1.0,120.9273,-0.21618226563940643,0.6646691792131135
5-13B,1.0,121.0295,-0.23672700953430456,0.41034322709231646
5-13B,1.0,121.0409,0.34563102523125666,0.33414794228834566
5-13B,1.0,122.0248,-1.8909822998309966,0.19406780244799982
5-13B,1.0,124.0075,1.055757681395816,0.37564101719494175
5-13B,1.0,124.0144,-0.3204467556718097,0.30958049106677843
5-13B,1.0,125.0439,-1.4592901842028867,0.15074946093125802
5-13B,1.0,127.0764,0.3811290230233228,0.5466896432997653
5-13B,1.0,128.0354,0.29500321762047055,0.049594809958154074
5-13B,1.0,129.0193,-1.3854501956410126,0.014182350024224012
5-13B,1.0,129.0556,-0.11502969996254907,0.4511679337084565
5-13B,1.0,130.0142,-0.9149357279166308,0.08262657144772492
5-13B,1.0,130.0509,-1.0756543170533817,0.003052561553001361
5-13B,1.0,130.0874,0.1940942947518498,0.06359180566909106
5-13B,1.0,131.0008,-0.9730655480441064,0.140913908989872
5-13B,1.0,131.0123,-0.6618660495956357,0.040953985586475075
5-13B,1.0,131.035,-0.5244265815520328,0.14720021122803656
5-13B,1.0,131.0462,0.2933122747557301,0.26496005888972396
5-13B,1.0,131.0828,4.9582358188017945,0.6107642879582498
5-13B,1.0,132.0302,-1.0833382006510903,0.015550235477056208
5-13B,1.0,133.0142,-0.5680828221938075,0.028248687153538322
5-13B,1.0,133.0257,-0.6557340852538833,0.02250110765138688
5-13B,1.0,133.0505,-1.3574075326953836,0.00498154583633991
5-13B,1.0,134.0472,-1.375304566044343,0.07577232481627853
5-13B,1.0,134.0604,-1.7177955012426487,0.29009828321614756
5-13B,1.0,135.0302,-0.6087766722020533,0.11589783961935898
5-13B,1.0,135.0453,-2.018380726032825,0.11689416137061004
5-13B,1.0,136.0404,-0.5327518455910953,0.030977407818388
5-13B,1.0,136.0487,-1.9626823045828363,0.1318426786873965
5-13B,1.0,136.0767,-0.6369147916998392,0.30889285013929996
5-13B,1.0,137.0239,-0.4404360730960376,0.037151794679809606
5-13B,1.0,138.9789,-1.4637946231224093,0.47698452510502587
5-13B,1.0,139.0014,-0.4057853951714066,0.05264857408575305
5-13B,1.0,139.0067,-0.7769647770377761,0.026169793928059838
5-13B,1.0,139.976,-1.5809523247320127,0.30174625262552435
5-13B,1.0,143.0713,0.3684792418022815,0.3326989115831788
5-13B,1.0,143.1077,-1.3785148822135826,0.1470812382592352
5-13B,1.0,145.0141,-0.37245736283669956,0.13226172772314043
5-13B,1.0,145.0506,0.1409224713208875,0.13737885736551889
5-13B,1.0,145.0623,0.8282258911200483,0.4249366736057297
5-13B,1.0,145.0982,4.323724248301225,0.25788307521899884
5-13B,1.0,145.1106,3.406900101815748,0.4505541416690612
5-13B,1.0,146.0459,-0.4333881717542131,0.004952444500390802
5-13B,1.0,147.0298,-0.9888202021961076,0.005620938059740294
5-13B,1.0,147.0662,-1.4561423794937713,0.002832998616157211
5-13B,1.0,149.0092,0.027575938967419084,0.29649260518956094
5-13B,1.0,149.0456,-0.20549412411758605,0.12230416547418534
5-13B,1.0,149.0608,-1.0635524876838398,0.33928302276210137
5-13B,1.0,150.0422,-0.5062005688793705,0.527417887582414
5-13B,1.0,150.9707,0.10881321391402259,0.582704952737123
5-13B,1.0,151.0259,0.44838356495644816,0.09041741112738323
5-13B,1.0,151.04,-1.875941653600342,0.20307714464398435
5-13B,1.0,151.06,-0.5507884988525622,0.809941751930227
5-13B,1.0,152.0353,-2.1005737964010454,0.3880996937141818
5-13B,1.0,152.0716,0.705883582667737,0.5997692338755737
5-13B,1.0,153.0192,-0.4405627121532685,0.11025918601493294
5-13B,1.0,154.062,4.584343967139446,0.12047424483445561
5-13B,1.0,154.9751,-1.0062142377754935,0.015125847247079202
5-13B,1.0,155.0099,-1.1897922568904553,0.0017069280630061302
5-13B,1.0,157.0128,-1.0423375244157551,0.021685911206006922
5-13B,1.0,157.0255,-1.3492572768989115,0.009098077210128673
5-13B,1.0,157.0379,-1.3947520320397153,0.01792782475739033
5-13B,1.0,157.0504,-1.2520796487547734,0.011317492040235253
5-13B,1.0,159.0297,-0.26270953893013066,0.0980146134111227
5-13B,1.0,159.0775,-1.206471214437083,0.027542456439462328
5-13B,1.0,160.0616,-1.1781001817751866,0.21309604396410553
5-13B,1.0,161.0453,-1.328709510202208,0.18921993474206192
5-13B,1.0,162.0424,-1.7265645210364413,0.05940575022588404
5-13B,1.0,163.0351,-1.177666623712481,0.045687467192940125
5-13B,1.0,163.0398,-0.1831479010065497,0.07449092280237145
5-13B,1.0,163.0611,-1.6632686031041963,0.41893074247820417
5-13B,1.0,164.0716,0.676614407165878,0.18570855153045907
5-13B,1.0,165.03,-0.5307278891303252,0.7836522687117878
5-13B,1.0,165.0405,-2.0993406918504,0.35496383923936503
5-13B,1.0,165.0556,-1.076898999559576,0.11221452004185058
5-13B,1.0,166.0508,-2.042963439891615,0.12313059874382082
5-13B,1.0,166.0632,-1.7700237790050517,0.2009228012932481
5-13B,1.0,166.9759,-1.2316708273796477,0.21082070984790094
5-13B,1.0,167.0207,1.4349632669017403,0.2748663058705812
5-13B,1.0,167.0358,-1.508566554741614,0.3341975582200298
5-13B,1.0,167.0828,-0.9822413022975505,0.8975969648312052
5-13B,1.0,168.0277,-0.41889299513634554,0.027962895268323396
5-13B,1.0,168.0664,-0.22364648876454712,0.25198191910554674
5-13B,1.0,170.0455,-0.8500570059221559,0.01092190766147653
5-13B,1.0,171.0065,-1.1694141590845755,0.1068064959892805
5-13B,1.0,171.0092,-1.1538701405886391,0.21860325911608544
5-13B,1.0,171.0284,-0.853408684406693,0.01866638801012023
5-13B,1.0,172.0616,-1.670502846896491,0.06713225319212948
5-13B,1.0,172.962,-0.708538222414272,0.03212804835755619
5-13B,1.0,173.0089,-1.0366763948248525,0.08162904958974704
5-13B,1.0,173.0453,-1.096849952987884,0.0712538262111905
5-13B,1.0,173.0932,-0.6153279821095777,0.07632428393001847
5-13B,1.0,173.1041,0.6621091515607331,0.3066701552050741
5-13B,1.0,174.0407,-1.0059121866498364,0.0019509122660469201
5-13B,1.0,174.088,0.49568842923843615,0.22835069025727953
5-13B,1.0,175.022,-0.9032465670807133,0.1189098939450048
5-13B,1.0,175.0361,-1.2578900470382905,0.009626620089708373
5-13B,1.0,175.0611,-1.25123825228374,0.004057643990024826
5-13B,1.0,176.0776,-1.429314478064374,0.07472056657628928
5-13B,1.0,177.0402,-1.3155657432612151,0.18968484749576756
5-13B,1.0,177.0553,-1.4661252765031838,0.5765834337243292
5-13B,1.0,178.0509,-1.0926009792705336,0.02133735669949234
5-13B,1.0,179.0348,-1.9504228392164769,0.30313440148278814
5-13B,1.0,179.0561,0.13896300605136358,0.0773429710600553
5-13B,1.0,180.0663,0.19630562534045518,0.043888249646186726
5-13B,1.0,181.0505,-0.8348183271285828,0.35282214163261266
5-13B,1.0,182.9725,0.527632844245695,0.1624926052699007
5-13B,1.0,183.0661,-0.21625456445778285,0.5112272523550238
5-13B,1.0,184.0017,-0.3333694836938076,0.07918156000417818
5-13B,1.0,184.9856,-1.1562321060747858,0.11292940697286095
5-13B,1.0,186.1136,-0.6679317033882095,0.387293889599535
5-13B,1.0,187.0234,-1.1626386625618448,0.20470538144874034
5-13B,1.0,188.035,-1.256463435725556,0.28949254795649476
5-13B,1.0,188.0565,-1.1228702906201997,0.0029036765080048014
5-13B,1.0,189.0405,0.8582450278589779,0.17922229209034335
5-13B,1.0,191.0197,-0.662979071294004,0.21434202493839857
5-13B,1.0,191.0561,-0.8938929015718828,0.09849798226741663
5-13B,1.0,192.0663,-1.322170654248917,0.46409748531328027
5-13B,1.0,193.0349,-0.6422152883056181,0.5775879426074122
5-13B,1.0,194.0682,-1.0847994822153617,0.058475846434071034
5-13B,1.0,194.0822,-1.1350538278455875,0.1766181121710854
5-13B,1.0,195.0509,-0.33344946401293263,0.16862862080677665
5-13B,1.0,195.0657,-1.6128287896019737,0.8666943487454126
5-13B,1.0,196.0603,-1.503675957087621,0.09005611791414765
5-13B,1.0,198.0182,-1.022882453314269,0.2625696200943646
5-13B,1.0,199.0019,-1.2838460162248517,0.13073655313866317
5-13B,1.0,200.9937,-0.34315482633730243,0.289194509792088
5-13B,1.0,201.0051,-1.3187616911142466,0.19359712839680643
5-13B,1.0,203.0348,-0.7624082814377003,0.14074264620731686
5-13B,1.0,203.0826,0.019092208142297295,0.01170491017987265
5-13B,1.0,204.0498,-0.22050918145899231,0.3766632054728491
5-13B,1.0,205.0351,-1.2725646654465885,0.0830834837798096
5-13B,1.0,206.0822,-1.210640502801373,0.6717298107031336
5-13B,1.0,209.0292,-0.3781212407036419,0.21628401143431358
5-13B,1.0,209.0814,0.8696564269625384,0.25460495710701986
5-13B,1.0,211.0235,-0.8195790180606551,0.17701220982386306
5-13B,1.0,211.9968,-1.0829601343911794,0.025929619195726283
5-13B,1.0,212.0331,-0.7482832051146626,0.14762732476885923
5-13B,1.0,212.9807,-0.8075767263606198,0.025328925976978438
5-13B,1.0,213.014,0.20799225918190625,0.2684012995925955
5-13B,1.0,213.0384,-0.504331713547547,0.3220436675226822
5-13B,1.0,213.1252,0.2090217962386533,0.7291558262122064
5-13B,1.0,214.0488,-1.2145269463213735,0.33734513583586767
5-13B,1.0,215.0331,0.21483888191510722,0.10783294808128564
5-13B,1.0,216.1351,0.4576232919225603,0.11572766994441964
5-13B,1.0,218.0335,0.5872827988297016,0.0910389865523993
5-13B,1.0,218.1034,-1.2256810613280384,0.02088741388479328
5-13B,1.0,220.0828,-0.24408387717485647,0.5693890536060756
5-13B,1.0,221.0443,0.5643215240604983,0.0782529882664579
5-13B,1.0,221.0664,-1.795166636448588,0.4957855949488454
5-13B,1.0,225.0399,-0.8507056760207841,0.3987631553723517
5-13B,1.0,225.0861,-1.728193663466456,0.16415785687050077
5-13B,1.0,225.0901,-0.7589723111693498,0.04872895049430645
5-13B,1.0,226.0135,-1.088825471515542,0.0378081890317504
5-13B,1.0,226.0697,0.17890131932373982,0.4567890544795056
5-13B,1.0,228.0501,-0.6573486599854179,0.08507272921897807
5-13B,1.0,229.0122,-1.0783488292356493,0.07516306987874734
5-13B,1.0,237.0614,-1.527568239725384,0.09547094055991107
5-13B,1.0,238.0945,1.0793518743756771,0.24173795411125504
5-13B,1.0,240.0515,-1.4111321894129225,0.008656201098752299
5-13B,1.0,241.0844,-2.0825594360924837,0.5074862111472116
5-13B,1.0,242.0804,0.17772311021374992,0.9087030484013724
5-13B,1.0,243.029,-1.358571597109766,0.11744440309043268
5-13B,1.0,243.0625,-0.4936297347428199,0.31324264704907456
5-13B,1.0,245.0444,-1.5364971688090114,0.16459105985651448
5-13B,1.0,246.0198,-1.4070737640081608,0.12188275274462528
5-13B,1.0,246.064,0.662323850548036,0.3290247261493796
5-13B,1.0,251.0816,-0.054931433745968816,1.1455029448574896
5-13B,1.0,253.0119,-0.36024746844684663,0.011006561389376947
5-13B,1.0,253.0499,-0.019199373745411863,0.5620837066355293
5-13B,1.0,257.0072,-1.0364597626861973,0.3216030223765241
5-13B,1.0,257.1028,0.8044879045794199,0.11236031219771138
5-13B,1.0,259.005,-1.3473352796194105,0.06592418910809106
5-13B,1.0,259.0227,-0.3031779230305029,0.07447462318879301
5-13B,1.0,261.0385,-0.3818466591889218,0.3217695367903408
5-13B,1.0,266.0703,-1.0055913781154506,0.09459864634292336
5-13B,1.0,267.0724,-0.677407214012444,0.012829726948394305
5-13B,1.0,268.02,-0.4703177362492676,0.38115938068002
5-13B,1.0,269.0398,1.4594969183958657,0.08867349070094825
5-13B,1.0,271.0612,-0.3257660866511479,0.5307563202232244
5-13B,1.0,271.0815,0.1472492133285738,0.6192255764685997
5-13B,1.0,273.0021,-0.8970528175299834,0.07463742471326305
5-13B,1.0,274.0933,-1.36330995998189,0.025996642065882956
5-13B,1.0,275.0184,-1.965897433935742,0.6498233979909104
5-13B,1.0,275.0991,-0.1389015473730906,0.18927518563823661
5-13B,1.0,277.1207,0.39099701027421774,0.15271527696049758
5-13B,1.0,277.2169,4.356235134860572,0.480806452905867
5-13B,1.0,279.2331,7.37632897284634,0.6622174580216783
5-13B,1.0,282.0839,0.30698382393938933,0.43470680112992144
5-13B,1.0,283.2063,2.4554620596975227,0.2841911882841353
5-13B,1.0,285.0972,2.8722038806463406,0.2900009731190646
5-13B,1.0,287.0157,-0.09326102389491517,0.43982280929712114
5-13B,1.0,288.0725,-0.7327361921775375,0.028302493243156247
5-13B,1.0,289.0333,-0.5002566975475147,0.3362301612705855
5-13B,1.0,289.1044,-1.3362243784339287,0.09372076148600794
5-13B,1.0,290.9677,-0.556278405272417,0.040947186682146364
5-13B,1.0,294.0479,0.2238273737572486,0.28778492779823245
5-13B,1.0,300.0509,-0.27163092926678845,0.9027102752023842
5-13B,1.0,301.0333,0.5195593260394142,0.39726070144427966
5-13B,1.0,303.2326,0.28244783380349336,1.169432288288029
5-13B,1.0,305.0207,0.33956204200523354,0.22521055174805277
5-13B,1.0,306.0481,-1.1474997081227132,0.09740855198969435
5-13B,1.0,306.0765,-0.2947792500379526,0.012202599630500383
5-13B,1.0,308.0986,0.7060974494196168,0.06870888987552434
5-13B,1.0,313.0441,-0.8977992179997835,0.15375041774908577
5-13B,1.0,313.1037,-0.33540466870656316,0.5768842604622234
5-13B,1.0,317.026,0.7481887203516211,0.331408344559016
5-13B,1.0,323.0256,-0.8663509265579691,0.1799069816116998
5-13B,1.0,325.1163,0.16935422691880586,0.19499954329397176
5-13B,1.0,328.0457,-1.2457219215730184,0.06915758864412772
5-13B,1.0,333.0589,-1.3702913611635417,0.20523601711339345
5-13B,1.0,338.9884,-0.8278107148446484,0.14616151490805343
5-13B,1.0,339.0928,0.37037545303303215,0.33381434736098015
5-13B,1.0,341.1089,-0.3227375129424544,0.07806199575782864
5-13B,1.0,344.0393,-0.6952883786938049,0.05160720217320414
5-13B,1.0,346.0556,-0.11564198170653157,0.2683095575412915
5-13B,1.0,348.087,-1.1971019748366873,0.08445988261432485
5-13B,1.0,353.0489,-0.7603120960588339,0.34293777291408745
5-13B,1.0,357.089,-0.500205806558616,0.16382654908674346
5-13B,1.0,375.131,-0.3217215404785697,0.35361761701702543
5-13B,1.0,377.1496,2.8732519461335775,0.598974051881579
5-13B,1.0,383.1188,-0.9348486076425884,0.15445549293670474
5-13B,1.0,388.9416,-0.1542374305634642,0.2728471548161769
5-13B,1.0,388.9442,-0.3385741539344954,0.1689629573091544
5-13B,1.0,401.0756,0.7370052117974888,0.10555533484431265
5-13B,1.0,407.2795,2.592493613990607,0.3533272970628675
5-13B,1.0,421.0743,0.05600249735169506,0.7106710050628687
5-13B,1.0,426.0222,-0.36247311764293183,0.37125604392464334
5-13B,1.0,442.9997,0.6701754291033928,0.1583660310405748
5-13B,1.0,466.9657,0.21270046019827235,0.2326182564486354
5-13B,1.0,490.9787,2.3308916905924173,0.8550083619251022
5-13B,1.0,503.1614,-1.494728305135583,0.14603509737474685
5-13B,1.0,547.0731,-1.2593162345062399,0.024649707999996568
5-13B,1.0,565.0471,-0.8742661946242944,0.14893500567463833
5-13B,1.0,578.8872,0.6145987773490812,0.1452997095302687
5-13B,1.0,579.0269,1.1803752566839925,0.14805921314904208
5-13B,1.0,612.2549,-1.2445994970960021,0.4446177339845155
5-13B,1.0,624.2949,-1.4813608758158923,0.3407410302632544
5-13B,1.0,659.307,-0.41793711450524507,0.22517930938694125
5-13B,1.0,664.0939,-0.33406412701559407,0.27301509642723065
5-13B,1.0,665.2144,-1.347020146239414,0.3466788531074276
5-13B,1.0,668.1374,-0.6166980162275351,0.00019687193677052546
5-13B,1.0,787.255,-1.03504883613616,0.14311884289150023
5-13B,1.0,790.2568,-0.8308120045850421,0.3271712042256198
5-13B,1.0,835.0407,-0.5152106338675475,0.1192410795403724
5-13B,1.0,863.2971,-0.7921928662829099,0.027961114862038502
5-13B,1.0,864.1473,-1.3351943854972435,0.3043770362560495
5-13B,1.0,974.2935,-1.054082426045016,0.2735275379781639
5-13B,1.0,976.7162,-0.06444204333643258,0.20105987076644763
5-13B,2.0,57.0342,1.4819897570259872,0.6756496326576041
5-13B,2.0,58.0295,-0.9845221074940305,0.06400481215961303
5-13B,2.0,59.0135,1.4936164642498775,0.13542415215089587
5-13B,2.0,71.0137,1.3505068772743054,0.2700690274178005
5-13B,2.0,73.0293,-0.923972795206062,0.017492986853654954
5-13B,2.0,74.0247,-1.414909897085085,0.4033914971426982
5-13B,2.0,75.0087,0.7217003292067066,0.7641783406008332
5-13B,2.0,87.0088,-0.6517294841541267,0.01285450770096515
5-13B,2.0,87.0451,2.24453545956781,0.9923011551456652
5-13B,2.0,88.0403,-0.953159147396496,0.00828887036810297
5-13B,2.0,88.9883,0.14709472218212555,0.775692188632685
5-13B,2.0,89.0244,-0.4382350490827602,0.17334043308915906
5-13B,2.0,93.0338,-0.07009060045815659,0.015960002304577243
5-13B,2.0,94.9761,-1.4227194198413917,0.0707018541017005
5-13B,2.0,94.9806,2.502274661793469,0.286024328071251
5-13B,2.0,95.0139,1.3641926101735895,0.28498083785285455
5-13B,2.0,101.0242,1.7660462907979513,0.3839421143260164
5-13B,2.0,102.056,-0.24482237508116453,0.053025579252863754
5-13B,2.0,103.0402,-0.8695113963211403,0.036721549611966414
5-13B,2.0,103.0509,-0.9902424259792999,0.058835951066556404
5-13B,2.0,104.0352,-0.5712852752298028,0.06789172751389133
5-13B,2.0,105.0193,3.3505215843317524,0.4939555758375766
5-13B,2.0,107.0503,2.5929426679523444,0.29288635028174215
5-13B,2.0,109.0295,-0.5952528284637787,0.21500089521453306
5-13B,2.0,111.02,-1.1740450470007646,0.0032265447318013344
5-13B,2.0,112.0516,1.9063346815182773,0.2800287964212788
5-13B,2.0,113.0244,1.416757334136347,0.09572974404356874
5-13B,2.0,113.0357,-1.0603089044051102,0.035599880509938384
5-13B,2.0,114.056,-0.24469357813290105,0.002735331237292337
5-13B,2.0,115.0037,-0.7643401242762687,0.04702659377749028
5-13B,2.0,115.0402,1.3224918563497274,0.8477873236975275
5-13B,2.0,115.0764,2.1799496868357595,0.21672386902298318
5-13B,2.0,116.0354,-1.1074890002609568,0.10714861247505743
5-13B,2.0,116.0717,-0.7998927922417354,0.02069659380715558
5-13B,2.0,117.0194,-0.9409574972989345,0.0011662734614309664
5-13B,2.0,118.0508,-1.146897665243181,0.23064302959512098
5-13B,2.0,118.9804,1.512422174239881,0.13045817538462884
5-13B,2.0,119.0503,1.980924948917243,0.4717228068012488
5-13B,2.0,120.9273,2.721685833039009,0.3902688123144731
5-13B,2.0,121.0295,2.3952448445351893,0.5739271648089554
5-13B,2.0,121.0409,1.589576874214377,0.23341472764667584
5-13B,2.0,122.0248,0.9346194664867553,0.2154692897726158
5-13B,2.0,124.0075,0.7451451959188797,0.4271110707825816
5-13B,2.0,124.0144,0.37923318086476954,0.18510069648070626
5-13B,2.0,125.0439,0.6236761829019392,0.03415798400233354
5-13B,2.0,127.0764,2.7761555420978317,0.3513067546637787
5-13B,2.0,128.0354,-0.3472151409232254,0.015395821994573894
5-13B,2.0,129.0193,-0.9008513638050504,0.06446336828919784
5-13B,2.0,129.0556,3.1968139768606703,1.6840448226314564
5-13B,2.0,130.0142,-0.0548291060321168,0.2636868279862662
5-13B,2.0,130.0509,-1.067433157497646,0.015920822212369026
5-13B,2.0,130.0874,-1.0165326319042103,0.04152934437771711
5-13B,2.0,131.0008,-0.7268223585386777,0.2355857775181381
5-13B,2.0,131.0123,-0.5264026408816121,0.0767929405053299
5-13B,2.0,131.035,1.5697511166691709,0.245208253559381
5-13B,2.0,131.0462,1.285577593377054,0.292455356050852
5-13B,2.0,131.0828,-0.5826694548493205,0.19354984423890867
5-13B,2.0,132.0302,-1.2245000242042763,0.007902828984815815
5-13B,2.0,133.0142,-0.32193351595621716,0.03624050426769555
5-13B,2.0,133.0257,-0.3725164303580909,0.10219270934578231
5-13B,2.0,133.0505,-1.2851839068041706,0.009593687137864241
5-13B,2.0,134.0472,-1.0793472819311674,0.29607298573433605
5-13B,2.0,134.0604,-0.6075116208695858,0.2851939020211052
5-13B,2.0,135.0302,-0.8988374506928201,0.143287318405602
5-13B,2.0,135.0453,-0.5592354827800012,0.15021492353944932
5-13B,2.0,136.0404,-0.252782738424228,0.09727618450130672
5-13B,2.0,136.0487,-0.5562334476164112,0.2305790487721376
5-13B,2.0,136.0767,2.9635355507615806,0.42170081552385474
5-13B,2.0,137.0239,-0.10882507025529639,0.16919297327630484
5-13B,2.0,138.9789,1.5549834567255965,0.562150827183731
5-13B,2.0,139.0014,-0.3973260734024263,0.03057579562169065
5-13B,2.0,139.0067,-0.5776857723421925,0.045268231173818806
5-13B,2.0,139.976,1.040426036640286,0.7901228521280422
5-13B,2.0,143.0713,2.5859929527604475,0.8622764298799146
5-13B,2.0,143.1077,2.103804394745521,0.30645964259843805
5-13B,2.0,145.0141,0.030470999680139582,0.08766738065065557
5-13B,2.0,145.0506,-0.4459583944472729,0.11888990434271839
5-13B,2.0,145.0623,-0.5867006745215523,0.3586073975779464
5-13B,2.0,145.0982,-0.4902008615553834,0.2522527561622555
5-13B,2.0,145.1106,0.2203212736490932,0.20735845463736235
5-13B,2.0,146.0459,-0.38894410529511025,0.010639240772562399
5-13B,2.0,147.0298,-0.9457163881441777,0.007153517584779184
5-13B,2.0,147.0662,-1.3670808449928413,0.029158878057197288
5-13B,2.0,149.0092,1.9075049338530947,0.29267324486963375
5-13B,2.0,149.0456,0.48716400259804,0.28039481873329086
5-13B,2.0,149.0608,2.3946266364797113,0.5152583213910488
5-13B,2.0,150.0422,-0.11460514138000759,0.27121757515362727
5-13B,2.0,150.9707,0.24263470528029485,0.5505650024944923
5-13B,2.0,151.0259,-0.6552008728617158,0.02438196382210787
5-13B,2.0,151.04,1.1623588938195302,0.48979987418943133
5-13B,2.0,151.06,0.6751971136962109,0.7404311431178442
5-13B,2.0,152.0353,1.0061410374632433,0.2512817766004764
5-13B,2.0,152.0716,2.1097635367707843,0.6889542648650905
5-13B,2.0,153.0192,0.17611281033285558,0.136009942754762
5-13B,2.0,154.062,-0.3412503680464991,0.11198348551223206
5-13B,2.0,154.9751,-0.9906265215214609,0.017926524356993205
5-13B,2.0,155.0099,-1.1392184375681356,0.005749121305666196
5-13B,2.0,157.0128,-0.9182671129227533,0.030247651467150118
5-13B,2.0,157.0255,-1.3248388531688318,0.004276768037456612
5-13B,2.0,157.0379,-1.355375335691627,0.00813753723001292
5-13B,2.0,157.0504,-1.0950016846986883,0.04034219716894096
5-13B,2.0,159.0297,0.9691929929946008,0.17697629107322907
5-13B,2.0,159.0775,-1.1220475106460652,0.047588452768997334
5-13B,2.0,160.0616,-0.9439905392325745,0.4372195609828278
5-13B,2.0,161.0453,0.8869597028327629,0.2180231894721664
5-13B,2.0,162.0424,-1.281178654808207,0.133219825048698
5-13B,2.0,163.0351,-0.34207639477916507,0.20608197496981054
5-13B,2.0,163.0398,0.5447625151170596,0.1993326568502444
5-13B,2.0,163.0611,1.488193470769131,0.7383338428533055
5-13B,2.0,164.0716,-0.4268019532184767,0.04858719925120655
5-13B,2.0,165.03,1.563645202174861,1.0257169235288837
5-13B,2.0,165.0405,1.5920891490132585,0.5971235721682968
5-13B,2.0,165.0556,-0.38424294828830063,0.1435702201246653
5-13B,2.0,166.0508,-0.4116433705336689,0.4376321330424742
5-13B,2.0,166.0632,1.5746389089421133,1.1646504875553976
5-13B,2.0,166.9759,-0.3441201184497662,0.11002102999295166
5-13B,2.0,167.0207,0.33435439355719176,1.3987058503624663
5-13B,2.0,167.0358,2.280070112273269,0.26754240291036446
5-13B,2.0,167.0828,2.4554502992841716,1.242133213626462
5-13B,2.0,168.0277,-0.2573212423035502,0.01937517013167712
5-13B,2.0,168.0664,1.3158985085891863,1.016083199136161
5-13B,2.0,170.0455,-0.8269979102208707,0.01406784486037215
5-13B,2.0,171.0065,-0.9933780532004098,0.11080609659490727
5-13B,2.0,171.0092,-0.8538936263236011,0.10455102661711652
5-13B,2.0,171.0284,-0.8479150420307842,0.03255653097941431
5-13B,2.0,172.0616,-1.4496807688181184,0.07302354156223373
5-13B,2.0,172.962,-0.5137925325513326,0.04871461665755368
5-13B,2.0,173.0089,-0.8051793490483972,0.1619658430018496
5-13B,2.0,173.0453,-0.3752927927119567,0.2846947819409718
5-13B,2.0,173.0932,-0.8581521088397499,0.029708817212413592
5-13B,2.0,173.1041,-0.6259876729764,0.26831948942203426
5-13B,2.0,174.0407,-0.9985725189588086,0.0015485617914989408
5-13B,2.0,174.088,-0.6527711696342766,0.09858071499346659
5-13B,2.0,175.022,-0.5180190812656225,0.149794601763975
5-13B,2.0,175.0361,-1.2081422062810339,0.00387099264815011
5-13B,2.0,175.0611,-1.217291394810631,0.014074744897426411
5-13B,2.0,176.0776,-0.992976994579571,0.13158363330761902
5-13B,2.0,177.0402,0.7179133019130439,0.19144952884057076
5-13B,2.0,177.0553,2.00889178892899,0.8032395434580629
5-13B,2.0,178.0509,-1.0358300254264807,0.042388338134839415
5-13B,2.0,179.0348,-0.8391506745977012,0.10571793443813977
5-13B,2.0,179.0561,1.0224801961550622,0.13370223584788063
5-13B,2.0,180.0663,1.034589517119037,0.20227468592230607
5-13B,2.0,181.0505,-0.7534354202350431,0.11706531614089968
5-13B,2.0,182.9725,1.7575275199520843,0.30229859713628154
5-13B,2.0,183.0661,2.3735771894095796,0.8904660231490747
5-13B,2.0,184.0017,-0.34516301852666664,0.13354541714062712
5-13B,2.0,184.9856,-0.24421277038441846,0.19685380085618243
5-13B,2.0,186.1136,1.813979945468816,1.100920576839614
5-13B,2.0,187.0234,-0.25881596136951707,0.5095235985801623
5-13B,2.0,188.035,-0.2537994758622781,0.9942622039856857
5-13B,2.0,188.0565,-1.0787644178920175,0.011038226324983658
5-13B,2.0,189.0405,1.9777983777023387,0.40514827396881975
5-13B,2.0,191.0197,-0.8327520448500714,0.0782125731361543
5-13B,2.0,191.0561,-1.1230640376146948,0.05055432733024191
5-13B,2.0,192.0663,-0.1956406326626549,0.2317067870985929
5-13B,2.0,193.0349,-0.5190016614541273,0.2864473897187766
5-13B,2.0,194.0682,-1.086617774735247,0.16010334094202394
5-13B,2.0,194.0822,1.0909183771694622,0.8668247642675585
5-13B,2.0,195.0509,-0.3597645900426169,0.14946139780053266
5-13B,2.0,195.0657,0.335428160209865,1.126086727398278
5-13B,2.0,196.0603,-1.1752968359772664,0.10618992592321641
5-13B,2.0,198.0182,-0.7204829892652509,0.33864480695985555
5-13B,2.0,199.0019,-0.3629696967543853,0.15793050480048526
5-13B,2.0,200.9937,1.0104805152515473,0.2262749300918196
5-13B,2.0,201.0051,-1.154652224903744,0.19195057115571326
5-13B,2.0,203.0348,0.0243783359074148,0.2741756167785778
5-13B,2.0,203.0826,-0.06386525891173825,0.012762018519492095
5-13B,2.0,204.0498,1.462096574443883,1.119693475207877
5-13B,2.0,205.0351,-0.7629419880755571,0.204391182670985
5-13B,2.0,206.0822,0.3635995818585108,0.520332826910896
5-13B,2.0,209.0292,-0.5341023072222292,0.383271274544073
5-13B,2.0,209.0814,0.9163530389178746,0.4251174354160171
5-13B,2.0,211.0235,0.4792612150697998,0.5218143967065728
5-13B,2.0,211.9968,-1.0579243134044534,0.04472324572078403
5-13B,2.0,212.0331,-0.4047298663339547,0.12944334475970226
5-13B,2.0,212.9807,-0.27593174690519473,0.1759088982057514
5-13B,2.0,213.014,-0.8417266691856513,0.23938334729820127
5-13B,2.0,213.0384,-0.3209029517949046,0.26079890818935314
5-13B,2.0,213.1252,0.510411700386958,0.894739037329565
5-13B,2.0,214.0488,-0.39919529432038064,0.401882678856158
5-13B,2.0,215.0331,0.9495171189685812,0.23722786898132278
5-13B,2.0,216.1351,0.15640582012676243,0.1900150024053735
5-13B,2.0,218.0335,0.8786620725046035,0.1995879433196444
5-13B,2.0,218.1034,-1.0793447331734671,0.013631904346100563
5-13B,2.0,220.0828,0.4506336396139436,0.7636070143332917
5-13B,2.0,221.0443,1.47795467053303,0.3224546288452734
5-13B,2.0,221.0664,0.36785500969807705,0.7718634634380204
5-13B,2.0,225.0399,0.9258147190002324,1.2481473938000924
5-13B,2.0,225.0861,1.6826113162122895,0.24263850872249043
5-13B,2.0,225.0901,1.8259104061905087,1.1800545405387457
5-13B,2.0,226.0135,0.12681088973339308,0.14787588892846742
5-13B,2.0,226.0697,0.5441661034652239,0.3643559570208182
5-13B,2.0,228.0501,-0.30158117797880724,0.5371560763035554
5-13B,2.0,229.0122,-0.7740720618972876,0.15349974915496864
5-13B,2.0,237.0614,-1.2974870884034666,0.10776677202221449
5-13B,2.0,238.0945,1.0701996037289871,0.4468756198116862
5-13B,2.0,240.0515,-1.380513540457628,0.010294778369976146
5-13B,2.0,241.0844,-0.451323921595157,0.22235640826390018
5-13B,2.0,242.0804,0.24501712651186036,0.7181988483057027
5-13B,2.0,243.029,-0.0447017455411955,0.27607289261744067
5-13B,2.0,243.0625,-1.0743881637666308,0.1025104380482739
5-13B,2.0,245.0444,-0.3697334261323185,0.290202927987235
5-13B,2.0,246.0198,0.9045096946123211,0.23604431695255923
5-13B,2.0,246.064,0.8928079442176096,0.8144871617403178
5-13B,2.0,251.0816,-0.2675923853124007,1.1180785614389879
5-13B,2.0,253.0119,-0.3555649787897681,0.007734816434267744
5-13B,2.0,253.0499,0.5334184614241111,0.4681825663654571
5-13B,2.0,257.0072,-0.4936647388454002,0.35064492739825265
5-13B,2.0,257.1028,2.3279524004048344,0.42113195465076225
5-13B,2.0,259.005,0.4168354107524207,0.38605586945175147
5-13B,2.0,259.0227,0.41442647780658926,0.33204119802495324
5-13B,2.0,261.0385,0.7888028758769685,0.23469948320957662
5-13B,2.0,266.0703,-0.4997510072004144,0.19594904188522733
5-13B,2.0,267.0724,-0.7304597033062855,0.02277616876091664
5-13B,2.0,268.02,0.0012173639477309102,0.635292417169979
5-13B,2.0,269.0398,-0.36908120364779406,0.1508279315103119
5-13B,2.0,271.0612,0.012476840318599414,0.3715763766589775
5-13B,2.0,271.0815,2.1567802064674813,0.8103219080592886
5-13B,2.0,273.0021,-0.760271162551698,0.19935013071166596
5-13B,2.0,274.0933,-1.1358864444503665,0.09025646879152437
5-13B,2.0,275.0184,0.14916478223480004,0.8926927116286477
5-13B,2.0,275.0991,-0.7129130634251314,0.3079745919190535
5-13B,2.0,277.1207,0.7173575865144184,0.19140680573746077
5-13B,2.0,277.2169,0.6741561812248404,0.3952280399798979
5-13B,2.0,279.2331,-0.2887025898559799,0.025444886322094424
5-13B,2.0,282.0839,0.6154232736973082,0.42666252187533144
5-13B,2.0,283.2063,-0.2964970152146094,0.49525739150854425
5-13B,2.0,285.0972,1.3471946261732344,0.4441928458962959
5-13B,2.0,287.0157,2.0311450536369926,0.5353663424994205
5-13B,2.0,288.0725,-0.6954317242149897,0.08310374911723264
5-13B,2.0,289.0333,1.1632058418972555,0.6510767833703799
5-13B,2.0,289.1044,-0.8681911351742155,0.34203385285557264
5-13B,2.0,290.9677,-0.4573575837431129,0.1166382357305385
5-13B,2.0,294.0479,0.6169689352753012,0.4457582689191785
5-13B,2.0,300.0509,-0.24856642605882695,0.9169907770671545
5-13B,2.0,301.0333,1.5855321301493956,1.237047343716042
5-13B,2.0,303.2326,0.16764983419502658,0.4485351350090838
5-13B,2.0,305.0207,2.1213326915791635,0.4856800086377183
5-13B,2.0,306.0481,-1.0575419602804461,0.05510993302293314
5-13B,2.0,306.0765,-0.30438226195318335,0.017561694169309822
5-13B,2.0,308.0986,-0.2805719355851767,0.02907149079646886
5-13B,2.0,313.0441,-0.6314908457192278,0.35477167620583216
5-13B,2.0,313.1037,-0.16641536646621413,0.46320819853867
5-13B,2.0,317.026,0.26413617559813574,0.5983490047933229
5-13B,2.0,323.0256,1.5274490695078944,0.8896849032017422
5-13B,2.0,325.1163,-0.40071590925864,0.47918271868853995
5-13B,2.0,328.0457,-0.9842075408752622,0.09417768074707579
5-13B,2.0,333.0589,-1.016672064692418,0.30771695546203653
5-13B,2.0,338.9884,-0.49925836728350204,0.10528337403069964
5-13B,2.0,339.0928,-0.10478570773699081,0.36831115853006685
5-13B,2.0,341.1089,-0.165600128315261,0.08739957626028501
5-13B,2.0,344.0393,-0.6562841848077414,0.10326848271429827
5-13B,2.0,346.0556,-0.299077023734186,0.15973784150558254
5-13B,2.0,348.087,-1.0957963330398532,0.14304186776128086
5-13B,2.0,353.0489,0.03632329178627857,0.8985023642152098
5-13B,2.0,357.089,-0.821504836227712,0.15204187559685386
5-13B,2.0,375.131,-1.087972047474215,0.36314549077811037
5-13B,2.0,377.1496,-0.06098889982947879,0.6863797923130869
5-13B,2.0,383.1188,0.6677423803213278,0.29568339116072845
5-13B,2.0,388.9416,-0.3102146580312598,0.23432473147186386
5-13B,2.0,388.9442,-0.6273932306332366,0.05410564622948879
5-13B,2.0,401.0756,1.6276157445917239,0.24492398932378168
5-13B,2.0,407.2795,0.11507249104967703,0.24455044400558604
5-13B,2.0,421.0743,-0.4625447753781446,0.4414866205564935
5-13B,2.0,426.0222,-0.6429931575394106,0.3515833682889467
5-13B,2.0,442.9997,0.32594061050457745,0.4831084464976658
5-13B,2.0,466.9657,2.3693882600752625,0.31411456228702983
5-13B,2.0,490.9787,0.5317661162211221,0.6280763514305097
5-13B,2.0,503.1614,0.4301701659814023,0.47636620872394075
5-13B,2.0,547.0731,-1.2443292325044815,0.0458755697262295
5-13B,2.0,565.0471,-0.6950545336636411,0.2116468527092976
5-13B,2.0,578.8872,1.1210079887421158,0.35197107272742023
5-13B,2.0,579.0269,1.2039123511782734,0.06193064750274692
5-13B,2.0,612.2549,-0.9565910184661233,0.31779073823135673
5-13B,2.0,624.2949,-0.5685728352400519,0.34305930347139457
5-13B,2.0,659.307,0.6802024427363205,0.4120970205893196
5-13B,2.0,664.0939,-0.6313919185664789,0.25994001222923696
5-13B,2.0,665.2144,-0.6866297564631978,0.454609829766997
5-13B,2.0,668.1374,-0.616725038974377,0.0002064952034765129
5-13B,2.0,787.255,0.5050432896856394,0.26438776294115884
5-13B,2.0,790.2568,0.6533411458828468,0.3335682502652781
5-13B,2.0,835.0407,-0.6947511413725262,0.2640422765350108
5-13B,2.0,863.2971,-0.6990323028414707,0.039847209962339696
5-13B,2.0,864.1473,-0.42785288253626824,0.1802968232993027
5-13B,2.0,974.2935,-0.6427917367892315,0.40506644153496896
5-13B,2.0,976.7162,0.8444029978512961,0.2798141197786747
5-13B,3.0,57.0342,0.8848935731697761,0.5949134988390631
5-13B,3.0,58.0295,-1.0907019599563168,0.14248450560370998
5-13B,3.0,59.0135,1.3527092250501909,0.17312053978769065
5-13B,3.0,71.0137,1.3759791219075002,0.27838274632923815
5-13B,3.0,73.0293,-0.9449604259217685,0.009159953419814813
5-13B,3.0,74.0247,-1.3803177498993449,0.24015730604908994
5-13B,3.0,75.0087,0.22415106258495657,0.7159117790866594
5-13B,3.0,87.0088,-0.6746772307043183,0.010044811267356332
5-13B,3.0,87.0451,0.7847458696065464,0.5673828406374998
5-13B,3.0,88.0403,-0.9470004720391213,0.015959101042152805
5-13B,3.0,88.9883,-0.4034900186925644,0.9269292342431358
5-13B,3.0,89.0244,-0.4484792019333371,0.16350008457722207
5-13B,3.0,93.0338,-0.08481773173357357,0.00703128497151417
5-13B,3.0,94.9761,-0.4617669131400818,0.2858143134583177
5-13B,3.0,94.9806,1.3063103365602198,0.6347912042490204
5-13B,3.0,95.0139,1.1702452718712177,0.35683801202231913
5-13B,3.0,101.0242,1.2784458444662272,0.4665447462302365
5-13B,3.0,102.056,-0.35643710603386014,0.10786412143107112
5-13B,3.0,103.0402,-0.9205547992048773,0.034031593332075415
5-13B,3.0,103.0509,-0.8876963571687158,0.07366067933580907
5-13B,3.0,104.0352,-0.46697082338187074,0.09987217959435599
5-13B,3.0,105.0193,1.3079753454963854,1.2763961234969066
5-13B,3.0,107.0503,1.158313785128296,0.9022576845560542
5-13B,3.0,109.0295,-0.6135327219087676,0.2370813489458277
5-13B,3.0,111.02,-1.1195587168872452,0.023354890129937623
5-13B,3.0,112.0516,0.8171018393372973,0.5704803899563823
5-13B,3.0,113.0244,1.301584140126769,0.24851684210793315
5-13B,3.0,113.0357,-1.0135469298766564,0.06425738876964868
5-13B,3.0,114.056,-0.24776924016181145,0.004266563435903504
5-13B,3.0,115.0037,-0.7514889880848665,0.05620702450916096
5-13B,3.0,115.0402,0.91388063697386,0.7820578449244744
5-13B,3.0,115.0764,1.7716791010519928,0.852976047321101
5-13B,3.0,116.0354,-0.783749100463399,0.39135693689756934
5-13B,3.0,116.0717,-0.8143306413540234,0.007018252352800196
5-13B,3.0,117.0194,-0.933413072708025,0.007971959119920458
5-13B,3.0,118.0508,-1.4187694304682654,0.04644552301328465
5-13B,3.0,118.9804,1.3713041250792235,0.2931527158575618
5-13B,3.0,119.0503,1.637669425947133,0.528687933092523
5-13B,3.0,120.9273,3.0903892744520647,0.6327986571319637
5-13B,3.0,121.0295,1.5180770631669174,0.9611243955167118
5-13B,3.0,121.0409,1.8968234437596991,0.7223278221840793
5-13B,3.0,122.0248,0.7193754762932947,0.3039311593561871
5-13B,3.0,124.0075,0.42511400620203643,0.327195352804521
5-13B,3.0,124.0144,0.8236174655513657,0.1144881357549202
5-13B,3.0,125.0439,0.5288930203847175,0.3308211750110669
5-13B,3.0,127.0764,1.012911067423444,0.6377734612819745
5-13B,3.0,128.0354,-0.35203097525435945,0.0070942800144422925
5-13B,3.0,129.0193,-0.921722620075883,0.08743130714313896
5-13B,3.0,129.0556,0.9058982655872244,0.2976392991459981
5-13B,3.0,130.0142,-0.8963124999277923,0.4334679632839791
5-13B,3.0,130.0509,-1.0605846511531911,0.02631354337445444
5-13B,3.0,130.0874,-1.0465037934984789,0.031786151520247774
5-13B,3.0,131.0008,-0.06564058648238574,1.2321519628644229
5-13B,3.0,131.0123,-0.6692250633011926,0.1271572660393119
5-13B,3.0,131.035,1.3086719745292077,0.32193095957444107
5-13B,3.0,131.0462,0.8946443687290058,0.23113411984098403
5-13B,3.0,131.0828,-0.5521495275589521,0.1917518592685236
5-13B,3.0,132.0302,-1.1924012953428802,0.00833074591896274
5-13B,3.0,133.0142,-0.20906859742206332,0.07664335653605744
5-13B,3.0,133.0257,-0.24342438890057247,0.05660893806904341
5-13B,3.0,133.0505,-1.214347558072697,0.02868345861924294
5-13B,3.0,134.0472,-1.1633198510599296,0.22829455361509754
5-13B,3.0,134.0604,-0.9830548251621307,0.13463892813498027
5-13B,3.0,135.0302,-0.8277151049464346,0.12627998060597578
5-13B,3.0,135.0453,0.12622328967146035,0.13450197766513405
5-13B,3.0,136.0404,-0.2326925388341076,0.03329275834806804
5-13B,3.0,136.0487,-0.12175093557883873,0.26385398252121645
5-13B,3.0,136.0767,1.8295776503883352,0.4234103211233323
5-13B,3.0,137.0239,-0.1781596242891583,0.29902644896487124
5-13B,3.0,138.9789,-0.22335310327855756,0.811577811265136
5-13B,3.0,139.0014,-0.3333918677448371,0.09113681056241478
5-13B,3.0,139.0067,-0.6503489542416037,0.03887919476111674
5-13B,3.0,139.976,-0.3497487922023791,0.22466743233553152
5-13B,3.0,143.0713,2.05326530192967,0.33247989089030533
5-13B,3.0,143.1077,1.4957887550577804,0.8597715623553606
5-13B,3.0,145.0141,-0.1107616222329793,0.13448159666240497
5-13B,3.0,145.0506,-0.48440478619693916,0.08469092429205712
5-13B,3.0,145.0623,-0.4122930478707976,0.19363921936727987
5-13B,3.0,145.0982,-0.515673940161635,0.18389215684384871
5-13B,3.0,145.1106,0.07759767411019049,0.6348884250840564
5-13B,3.0,146.0459,-0.2942466933424652,0.016153055439681593
5-13B,3.0,147.0298,-0.925278953010503,0.011380265396758077
5-13B,3.0,147.0662,-1.2785776707839944,0.0371918542892832
5-13B,3.0,149.0092,1.6222098990787779,0.3090379283177373
5-13B,3.0,149.0456,0.4757896011368694,0.14366242193894027
5-13B,3.0,149.0608,1.7741357193680913,0.3713067865906858
5-13B,3.0,150.0422,-0.4119521778541001,0.770045734042895
5-13B,3.0,150.9707,0.039424292464844385,0.6096252687073579
5-13B,3.0,151.0259,-0.6712942294872659,0.03764723474556111
5-13B,3.0,151.04,1.331825856623826,0.46897578300140513
5-13B,3.0,151.06,0.6233949047152769,1.8460186699214793
5-13B,3.0,152.0353,0.6727053868877924,0.461179722416762
5-13B,3.0,152.0716,1.463625215478102,0.43743152179633216
5-13B,3.0,153.0192,0.22334605731055296,0.20280764163195378
5-13B,3.0,154.062,-0.38391350999778007,0.10188203800830632
5-13B,3.0,154.9751,-0.971669807862485,0.02551870787382977
5-13B,3.0,155.0099,-1.081908442501192,0.019989353154963
5-13B,3.0,157.0128,-0.9202737341612641,0.04259738370825715
5-13B,3.0,157.0255,-1.283725610370201,0.02492246514088847
5-13B,3.0,157.0379,-1.3093223136651433,0.012385657601519731
5-13B,3.0,157.0504,-1.1460481362312662,0.03750075679986043
5-13B,3.0,159.0297,0.9402871821180714,0.06618748891007346
5-13B,3.0,159.0775,-1.0533682794062034,0.03416449938183266
5-13B,3.0,160.0616,-0.706127635887676,0.39405989559881716
5-13B,3.0,161.0453,0.8156384558265968,0.2687420492321058
5-13B,3.0,162.0424,-1.3533503339351571,0.07053033411366204
5-13B,3.0,163.0351,-0.7450919270954712,0.1354803352217631
5-13B,3.0,163.0398,0.2681731920176166,0.05835433462675772
5-13B,3.0,163.0611,0.3343851522753766,0.7783256860698975
5-13B,3.0,164.0716,-0.4739452836587494,0.01233047764582077
5-13B,3.0,165.03,1.1406241839436746,0.6989673577241275
5-13B,3.0,165.0405,0.48805061905193775,0.6124659704976045
5-13B,3.0,165.0556,-0.5711443025315712,0.09290443532626876
5-13B,3.0,166.0508,-0.8854154808176247,0.25000650091570215
5-13B,3.0,166.0632,0.45804008372567695,1.0025967653331256
5-13B,3.0,166.9759,-0.45706400505802264,0.44465189325812904
5-13B,3.0,167.0207,0.1409367344093403,0.25335662839287987
5-13B,3.0,167.0358,1.177876353943612,0.42819427264983917
5-13B,3.0,167.0828,0.7366044984933104,1.2248830183896984
5-13B,3.0,168.0277,-0.20866826010986567,0.0785961427703979
5-13B,3.0,168.0664,1.03420027958677,0.6332187908228821
5-13B,3.0,170.0455,-0.84197046646699,0.017902036437467746
5-13B,3.0,171.0065,-0.8543596408400955,0.1329980988965696
5-13B,3.0,171.0092,-0.6569343941446759,0.23145455334641551
5-13B,3.0,171.0284,-0.8268784114693766,0.08016647106307151
5-13B,3.0,172.0616,-1.411548566067024,0.16497516462406273
5-13B,3.0,172.962,-0.5810632579925594,0.040781579234540025
5-13B,3.0,173.0089,-0.8663969799364558,0.192793468168698
5-13B,3.0,173.0453,-0.30195708866434984,0.057111559178125104
5-13B,3.0,173.0932,-0.8592529954246665,0.02807587499570548
5-13B,3.0,173.1041,-0.6219881029276089,0.14602348139905064
5-13B,3.0,174.0407,-0.9780026454855417,0.011295272432884152
5-13B,3.0,174.088,-0.7862503728592112,0.11852824296937245
5-13B,3.0,175.022,-0.7160714565560758,0.21868997153786282
5-13B,3.0,175.0361,-1.172689975639388,0.01510083482488086
5-13B,3.0,175.0611,-1.1716801447841716,0.02234544548635323
5-13B,3.0,176.0776,-1.163894682410924,0.22663557246921487
5-13B,3.0,177.0402,0.8026605291588538,0.46013685320277337
5-13B,3.0,177.0553,1.374104605034325,0.6849475307186133
5-13B,3.0,178.0509,-0.9876130159022585,0.04702111446834207
5-13B,3.0,179.0348,-0.9664970629370899,0.22485176716619407
5-13B,3.0,179.0561,0.8036373276022428,0.10784309117208461
5-13B,3.0,180.0663,0.8953652159267955,0.11109662061915206
5-13B,3.0,181.0505,-0.46509296484382306,0.5052144832860729
5-13B,3.0,182.9725,1.4957948377719767,0.312935239268212
5-13B,3.0,183.0661,1.3941330282544475,0.8717853882099794
5-13B,3.0,184.0017,-0.10601633997147011,0.09753583496216793
5-13B,3.0,184.9856,-0.3410667821369602,0.13073469610294375
5-13B,3.0,186.1136,1.5968373514885967,0.5065476305021539
5-13B,3.0,187.0234,-0.7062584728992171,0.3527724363620946
5-13B,3.0,188.035,0.10275128572703413,0.9298984825414325
5-13B,3.0,188.0565,-1.0129371132118028,0.014092686399228683
5-13B,3.0,189.0405,3.198060679265816,0.44873806563578744
5-13B,3.0,191.0197,-0.7820575439506052,0.18818493589067006
5-13B,3.0,191.0561,-1.0984115523789089,0.09334300408968366
5-13B,3.0,192.0663,-0.14078584538826447,0.5436431356659263
5-13B,3.0,193.0349,0.061536617441389024,0.47957932277416887
5-13B,3.0,194.0682,-0.8361479801210231,0.21229230309076028
5-13B,3.0,194.0822,1.1656597920020826,1.0088117259621505
5-13B,3.0,195.0509,-0.33396343131819994,0.10062813075026726
5-13B,3.0,195.0657,-0.4439759067931035,0.4585643828927803
5-13B,3.0,196.0603,-1.084901613926459,0.11136667865901888
5-13B,3.0,198.0182,-0.8847389655592859,0.29049927876766274
5-13B,3.0,199.0019,-0.34426537069879015,0.23115042869635044
5-13B,3.0,200.9937,0.7205183317934905,0.36742419640127755
5-13B,3.0,201.0051,-0.6205564871765785,0.2563468772689205
5-13B,3.0,203.0348,-0.21075143682036232,0.2528787407004888
5-13B,3.0,203.0826,-0.08667516801988549,0.010697278062902724
5-13B,3.0,204.0498,0.08833163131525974,0.45459016187144796
5-13B,3.0,205.0351,-0.6644876459297528,0.16835469023906213
5-13B,3.0,206.0822,-0.056742965422102276,0.7522929771298881
5-13B,3.0,209.0292,-0.1211304086421809,0.27549023472304934
5-13B,3.0,209.0814,0.3963585634152326,0.28502043640148605
5-13B,3.0,211.0235,-0.14718751933247196,0.26889471315384506
5-13B,3.0,211.9968,-1.0593207336985335,0.03148403932959336
5-13B,3.0,212.0331,-0.33177652180371403,0.15513333714015
5-13B,3.0,212.9807,-0.4929385728751392,0.19153881983491894
5-13B,3.0,213.014,-0.6134389946921289,0.3196870831658274
5-13B,3.0,213.0384,-0.2546810665615225,0.4222231656060486
5-13B,3.0,213.1252,0.5506566430773845,0.5026079869809312
5-13B,3.0,214.0488,-0.2410227015956436,0.7311786397904221
5-13B,3.0,215.0331,1.2521168215554497,0.17186425655609247
5-13B,3.0,216.1351,0.7363857871201623,0.20321899402213922
5-13B,3.0,218.0335,1.467687482561467,0.15507534767591807
5-13B,3.0,218.1034,-0.9199086262115921,0.017332809005563186
5-13B,3.0,220.0828,-0.22276583063079586,1.179290737291088
5-13B,3.0,221.0443,1.2255698234411705,0.20477631507184008
5-13B,3.0,221.0664,0.4887205153245598,0.47933229087802093
5-13B,3.0,225.0399,0.9031158488646764,0.5015250868378145
5-13B,3.0,225.0861,0.6126316356147495,0.4611973711156205
5-13B,3.0,225.0901,0.9628039621260605,0.15682326945484487
5-13B,3.0,226.0135,-0.4008174170611634,0.19890307702074767
5-13B,3.0,226.0697,0.4638336951605224,0.17670233515664327
5-13B,3.0,228.0501,-0.7722182344340469,0.1767733614369174
5-13B,3.0,229.0122,-0.7651508582475764,0.11336466288921003
5-13B,3.0,237.0614,-1.1743274710291935,0.12649903057086342
5-13B,3.0,238.0945,1.520404155063786,0.2659696504546385
5-13B,3.0,240.0515,-1.206217972575657,0.025396997764969967
5-13B,3.0,241.0844,-0.5460071530125065,0.3344560784611274
5-13B,3.0,242.0804,-0.09806218872225618,0.5590932785331438
5-13B,3.0,243.029,-0.20279255689161918,0.21820987010057868
5-13B,3.0,243.0625,-1.4994919543606868,0.30115462837891765
5-13B,3.0,245.0444,-0.9330213990225346,0.2256709644701307
5-13B,3.0,246.0198,-0.08835525575239352,0.2976281715309374
5-13B,3.0,246.064,0.8370520426649056,0.46282641240977085
5-13B,3.0,251.0816,0.25412802608546653,0.8675441492176442
5-13B,3.0,253.0119,-0.3549954868044477,0.008948802643959253
5-13B,3.0,253.0499,-0.14236926072598494,0.9868832754607479
5-13B,3.0,257.0072,-0.8702706689670396,0.222380696300345
5-13B,3.0,257.1028,1.1979573466005116,0.6350245434608868
5-13B,3.0,259.005,-0.13530361048744804,0.42634156208618185
5-13B,3.0,259.0227,0.5671186116162029,0.1387356765732915
5-13B,3.0,261.0385,-0.13527243821018708,0.4051468715253983
5-13B,3.0,266.0703,-0.7997592948869767,0.09144399538908721
5-13B,3.0,267.0724,-0.7355793284017973,0.025193495366094644
5-13B,3.0,268.02,-0.2416946573658744,0.6173203341951005
5-13B,3.0,269.0398,-0.7898931593212113,0.06130613099615624
5-13B,3.0,271.0612,0.042304258922633564,0.60147106099386
5-13B,3.0,271.0815,0.7193422963519845,0.9833715776767755
5-13B,3.0,273.0021,-0.8118868814114284,0.14503394117378918
5-13B,3.0,274.0933,-0.9272804774852806,0.096285239610078
5-13B,3.0,275.0184,-0.9244957790904982,0.7667793604576002
5-13B,3.0,275.0991,-0.6120732024970702,0.1881301135857344
5-13B,3.0,277.1207,0.8316647102650225,0.13266104856558322
5-13B,3.0,277.2169,0.27704868284981143,0.28645258697635906
5-13B,3.0,279.2331,-0.2796265473151176,0.01696299848532232
5-13B,3.0,282.0839,-0.07075930465302491,0.443848934015404
5-13B,3.0,283.2063,-0.24258535752854393,0.14553213311724483
5-13B,3.0,285.0972,0.36117882489398884,1.3795208878428817
5-13B,3.0,287.0157,1.3832341040546057,0.1651156897994074
5-13B,3.0,288.0725,-0.7438981589694811,0.11548967144089349
5-13B,3.0,289.0333,0.4652039135812146,0.32296606793067084
5-13B,3.0,289.1044,-1.2939003473931108,0.17773526910887485
5-13B,3.0,290.9677,-0.4154036386454455,0.09294062667842112
5-13B,3.0,294.0479,-0.7947234030570767,0.6105608299240649
5-13B,3.0,300.0509,-0.3264091243856971,0.7055222704872032
5-13B,3.0,301.0333,0.8623204278279474,0.6265872713956651
5-13B,3.0,303.2326,1.5186658810010958,2.1642570793349183
5-13B,3.0,305.0207,0.7329357676957573,0.20327825072038735
5-13B,3.0,306.0481,-1.180000571859274,0.0960142468224721
5-13B,3.0,306.0765,-0.27551046142373137,0.021003863916677367
5-13B,3.0,308.0986,-0.27746704602510597,0.036516110536253955
5-13B,3.0,313.0441,-0.4886461932021642,0.6174458721851265
5-13B,3.0,313.1037,-0.7065776004130438,0.5380301124719193
5-13B,3.0,317.026,-0.3169928410427244,0.5593630903027912
5-13B,3.0,323.0256,-0.10987272467621768,0.6518585018391927
5-13B,3.0,325.1163,-0.24950121080961857,0.31220157921696895
5-13B,3.0,328.0457,-1.129581694708007,0.1044874722929677
5-13B,3.0,333.0589,-1.06755253900481,0.2741619743401099
5-13B,3.0,338.9884,-0.6501031557864183,0.03229882462283242
5-13B,3.0,339.0928,-0.021087595014197796,0.7126644608982475
5-13B,3.0,341.1089,-0.25725663366459783,0.15859207333777073
5-13B,3.0,344.0393,-0.7090222497804469,0.20689683643126258
5-13B,3.0,346.0556,-0.46389386682059763,0.07778867136722371
5-13B,3.0,348.087,-0.9837219812882377,0.2143123135007597
5-13B,3.0,353.0489,-0.7685402549943233,0.44990607765198215
5-13B,3.0,357.089,-0.6330562250192441,0.13896929742881875
5-13B,3.0,375.131,-0.2624388800066202,0.6273171580871236
5-13B,3.0,377.1496,0.24049593725303292,0.20558822944686944
5-13B,3.0,383.1188,0.3198228157822359,0.5202567372157386
5-13B,3.0,388.9416,-0.12065381699384314,0.21772600717154983
5-13B,3.0,388.9442,-0.4385786921195892,0.2681830270533632
5-13B,3.0,401.0756,1.4529851586514881,0.16765433805177135
5-13B,3.0,407.2795,0.16630969163995105,0.33286739403373944
5-13B,3.0,421.0743,-0.5059931807434864,0.8119951035144832
5-13B,3.0,426.0222,-0.6567329145955645,0.3742712138582669
5-13B,3.0,442.9997,0.03563591348624316,0.26117689183731196
5-13B,3.0,466.9657,0.594063701517497,0.4380158943793088
5-13B,3.0,490.9787,-0.23033682786224086,1.2175936673339016
5-13B,3.0,503.1614,0.6774303201063263,0.2925317334994677
5-13B,3.0,547.0731,-1.1759885033764625,0.07457485612536385
5-13B,3.0,565.0471,-0.8538681193930006,0.18247453320731677
5-13B,3.0,578.8872,1.3657566353844737,0.23592257561735858
5-13B,3.0,579.0269,2.0213085687756718,0.27213363501769366
5-13B,3.0,612.2549,-0.6887121646867197,0.34590607905832615
5-13B,3.0,624.2949,-0.9363903844852508,0.3720529639477223
5-13B,3.0,659.307,-0.19459437452170886,0.05090805154272159
5-13B,3.0,664.0939,-0.7589616129143248,0.29798484537377584
5-13B,3.0,665.2144,-0.3543909131540316,0.5878183778685168
5-13B,3.0,668.1374,-0.6164095086656637,0.0004671434868099988
5-13B,3.0,787.255,-0.00769546109547134,0.34326814134979783
5-13B,3.0,790.2568,-0.1397572304333271,0.4245812966810234
5-13B,3.0,835.0407,-0.8019313837315589,0.21284723514803336
5-13B,3.0,863.2971,-0.5776136428571292,0.18171752696987392
5-13B,3.0,864.1473,-0.9722577843128534,0.24834327974475592
5-13B,3.0,974.2935,-0.5554440486028025,0.4425110149486924
5-13B,3.0,976.7162,0.6780183030984368,0.2244100966128016
5-13B,4.0,57.0342,1.750755288560082,0.37691663110862356
5-13B,4.0,58.0295,-1.0324547266055768,0.19321057739062764
5-13B,4.0,59.0135,1.0973667890615424,0.318423895128538
5-13B,4.0,71.0137,1.1258471491099087,0.14498871817455514
5-13B,4.0,73.0293,-0.9403517256180236,0.011544044713977053
5-13B,4.0,74.0247,-0.9892760860605446,0.41960750303241223
5-13B,4.0,75.0087,0.6159281520353905,0.414393451922323
5-13B,4.0,87.0088,-0.6529294631538463,0.0026338402194474742
5-13B,4.0,87.0451,2.279265680050388,0.7103410787228861
5-13B,4.0,88.0403,-0.9332448677977996,0.007329137940351093
5-13B,4.0,88.9883,-0.1636708938106668,1.026484135725283
5-13B,4.0,89.0244,0.1990041691991119,0.17722899733375894
5-13B,4.0,93.0338,-0.07071840001519035,0.01617889836668434
5-13B,4.0,94.9761,-0.6259062702434941,0.3626261581697244
5-13B,4.0,94.9806,1.0535521980940126,0.15951648864806445
5-13B,4.0,95.0139,1.3457798881828582,0.2303120222453633
5-13B,4.0,101.0242,1.5239048734687435,0.2819932287768132
5-13B,4.0,102.056,-0.377355366697291,0.03410164459298831
5-13B,4.0,103.0402,-0.9245600297231267,0.049432281460115704
5-13B,4.0,103.0509,-0.8636674103517141,0.10427395362593364
5-13B,4.0,104.0352,-0.39802021466466864,0.18297444878732502
5-13B,4.0,105.0193,1.404722523988541,0.356579078780793
5-13B,4.0,107.0503,0.09794416262579317,0.5260843235617604
5-13B,4.0,109.0295,-0.4554565941672649,0.09962484642558378
5-13B,4.0,111.02,-1.1351578510998686,0.005241814910276743
5-13B,4.0,112.0516,-0.9641673924451206,0.6175183167716143
5-13B,4.0,113.0244,1.250959256286829,0.26178760540968
5-13B,4.0,113.0357,-1.0572453542637912,0.05942935952808943
5-13B,4.0,114.056,-0.21828038778654582,0.004346744399323913
5-13B,4.0,115.0037,-0.8536645709024238,0.029453959570404104
5-13B,4.0,115.0402,0.043333149152633074,0.08089411664855678
5-13B,4.0,115.0764,-0.3907115558611208,0.5654685306040546
5-13B,4.0,116.0354,-0.9279004473120331,0.27821037696507356
5-13B,4.0,116.0717,-0.8004173280859602,0.014882104312915912
5-13B,4.0,117.0194,-0.9409411580427894,0.0034235852500656954
5-13B,4.0,118.0508,-1.3587091166823915,0.23812019587766398
5-13B,4.0,118.9804,0.8540883864784032,0.1741924651007633
5-13B,4.0,119.0503,1.338062038095583,0.2792872104637079
5-13B,4.0,120.9273,-0.02459397100916801,0.7297477748782535
5-13B,4.0,121.0295,-0.5187114445248393,0.44049637048909995
5-13B,4.0,121.0409,1.2255606513697945,0.6965312161691078
5-13B,4.0,122.0248,1.1139625662618913,0.6063990344690876
5-13B,4.0,124.0075,0.7162748198791646,0.202639839492367
5-13B,4.0,124.0144,2.1002690416049803,0.30575971012231246
5-13B,4.0,125.0439,2.1586745626937347,0.4550756338201338
5-13B,4.0,127.0764,0.02019446193237808,0.11988202561770522
5-13B,4.0,128.0354,-0.3354483732964153,0.02583934537331834
5-13B,4.0,129.0193,-0.9992415593917086,0.0491293576115249
5-13B,4.0,129.0556,-0.52911068417805,0.697990666013112
5-13B,4.0,130.0142,-0.8258307447700339,0.17390222841786115
5-13B,4.0,130.0509,-1.057588429627492,0.01774197599210664
5-13B,4.0,130.0874,-1.0132046038659825,0.07464163876839242
5-13B,4.0,131.0008,0.6250556454206202,1.1816160785962684
5-13B,4.0,131.0123,-0.8148019768843056,0.04963812348668099
5-13B,4.0,131.035,2.196528906323275,0.0662031106064992
5-13B,4.0,131.0462,2.5035108561519035,0.49781796384502064
5-13B,4.0,131.0828,-0.6210896357979587,0.3324339877607142
5-13B,4.0,132.0302,-1.1959526992225582,0.00963751222501589
5-13B,4.0,133.0142,-0.3158621617178282,0.02300095665425918
5-13B,4.0,133.0257,-0.28537253654400085,0.065265215502014
5-13B,4.0,133.0505,-1.2052262959609936,0.01487534885820516
5-13B,4.0,134.0472,-0.9545920822643215,0.19130859728803637
5-13B,4.0,134.0604,-0.8040690542370659,0.21688606671794183
5-13B,4.0,135.0302,-0.7934162013673943,0.12319541092732979
5-13B,4.0,135.0453,-0.3404691944256227,0.09923464677486402
5-13B,4.0,136.0404,-0.20400312502548867,0.09479432504596345
5-13B,4.0,136.0487,-0.6371051258570049,0.3693841295622411
5-13B,4.0,136.0767,0.009738467344121572,0.4278631877686944
5-13B,4.0,137.0239,0.1859872838773759,0.26829319397450463
5-13B,4.0,138.9789,0.8534471085728643,0.43842608008713657
5-13B,4.0,139.0014,-0.22461673281311573,0.02011775102459428
5-13B,4.0,139.0067,-0.704292896606983,0.035451081638565037
5-13B,4.0,139.976,0.19105786654673718,0.2940339034740149
5-13B,4.0,143.0713,0.22525638907892842,0.25996477812241764
5-13B,4.0,143.1077,0.2865299271144654,0.5114576380630325
5-13B,4.0,145.0141,-0.2328501803062125,0.17163849718260216
5-13B,4.0,145.0506,-0.8491207087402843,0.2067522639268305
5-13B,4.0,145.0623,-0.6705275748024389,0.3027724634777431
5-13B,4.0,145.0982,0.0009265839294819306,0.4294194584989676
5-13B,4.0,145.1106,-0.8240312191307622,1.2721988183490311
5-13B,4.0,146.0459,-0.23095714078490256,0.01550502558485716
5-13B,4.0,147.0298,-0.9531347261453683,0.006792447499909524
5-13B,4.0,147.0662,-1.257666771054117,0.017786385321908668
5-13B,4.0,149.0092,0.5933751599052333,0.2574687803030384
5-13B,4.0,149.0456,1.7265445391689898,0.23759627283813614
5-13B,4.0,149.0608,1.080524466098865,0.584489543881311
5-13B,4.0,150.0422,-0.4212442727439155,0.3468351668831362
5-13B,4.0,150.9707,-0.5553378913852547,0.34128518368169936
5-13B,4.0,151.0259,-0.6396672851622717,0.03323473322162984
5-13B,4.0,151.04,1.0451154236345175,0.33100055479657864
5-13B,4.0,151.06,0.5715926957343427,0.9355280157950935
5-13B,4.0,152.0353,-0.10622084161104647,0.4582348653739054
5-13B,4.0,152.0716,1.3818355545549776,0.3951135450168025
5-13B,4.0,153.0192,0.43080045739013473,0.15743976291360662
5-13B,4.0,154.062,-0.3906841424680598,0.2574662389662803
5-13B,4.0,154.9751,-0.9927626611803926,0.025968194323863363
5-13B,4.0,155.0099,-1.0959066962183228,0.006200374535222111
5-13B,4.0,157.0128,-0.936462746187215,0.042886342649417444
5-13B,4.0,157.0255,-1.2690372564593497,0.01898546864310387
5-13B,4.0,157.0379,-1.3163392682046815,0.014188653873847873
5-13B,4.0,157.0504,-1.1471882600218417,0.042447682917936665
5-13B,4.0,159.0297,2.190712690552763,0.3495204193654577
5-13B,4.0,159.0775,-0.9995125348579593,0.06438651518026928
5-13B,4.0,160.0616,0.37434231757051134,0.4686127483182599
5-13B,4.0,161.0453,2.6261062790909424,0.27777677861259853
5-13B,4.0,162.0424,-0.6304787957996252,0.761659104791549
5-13B,4.0,163.0351,-1.1203397596141464,0.06583230990275676
5-13B,4.0,163.0398,0.41699270752289175,0.22154739579561103
5-13B,4.0,163.0611,0.424575020836883,0.25769888185128104
5-13B,4.0,164.0716,-0.29783729579140866,0.05655703944638381
5-13B,4.0,165.03,0.13357831885316482,0.6152784689133454
5-13B,4.0,165.0405,0.14384530963297576,0.45138228480306086
5-13B,4.0,165.0556,-0.4719965339826583,0.18308344553479905
5-13B,4.0,166.0508,-0.6733438718010916,0.18337575313299867
5-13B,4.0,166.0632,-0.23330999349645393,0.37183915080469754
5-13B,4.0,166.9759,-0.26929479357179636,0.4240296733596184
5-13B,4.0,167.0207,-0.5378968564063449,0.33303078411039216
5-13B,4.0,167.0358,0.9617083740152984,0.22929534306536437
5-13B,4.0,167.0828,2.4025128736155654,1.6168743446750906
5-13B,4.0,168.0277,-0.1176754643521356,0.02253137906810372
5-13B,4.0,168.0664,2.468361766810103,0.7975563518389799
5-13B,4.0,170.0455,-0.836624742905592,0.01891074776499348
5-13B,4.0,171.0065,-0.5839203340042749,0.1864618386712765
5-13B,4.0,171.0092,-0.6056710323446817,0.25113943545349354
5-13B,4.0,171.0284,-0.9149106807613814,0.059172811838504216
5-13B,4.0,172.0616,-1.0808540393838029,0.28125701981802215
5-13B,4.0,172.962,-0.5225282677823273,0.056584469382993025
5-13B,4.0,173.0089,-0.6871065586322934,0.2823287423369513
5-13B,4.0,173.0453,-1.1506662290408647,0.12279324660676835
5-13B,4.0,173.0932,-0.9099724130868949,0.030582349661976902
5-13B,4.0,173.1041,-0.5769341226721092,0.2318695735085815
5-13B,4.0,174.0407,-0.9932849332398757,0.0023469349871049045
5-13B,4.0,174.088,-0.836694742655471,0.08918267062503518
5-13B,4.0,175.022,-1.01955791309142,0.2278854049175292
5-13B,4.0,175.0361,-1.1773154585420214,0.011803299172138194
5-13B,4.0,175.0611,-1.1951222497667147,0.008925823825148694
5-13B,4.0,176.0776,-0.8537107304206908,0.042271011839737506
5-13B,4.0,177.0402,1.1875447193851325,0.5446830386747824
5-13B,4.0,177.0553,1.6086931140115506,1.2848005196542231
5-13B,4.0,178.0509,-0.9376298934960813,0.010803449555723084
5-13B,4.0,179.0348,-0.08710727796487146,0.2871335562177242
5-13B,4.0,179.0561,2.3539928986965952,0.4093180872225621
5-13B,4.0,180.0663,2.355388724422699,0.3607312846573925
5-13B,4.0,181.0505,-0.42003268631536794,0.25045638145279536
5-13B,4.0,182.9725,0.828127567672585,0.20594482328187255
5-13B,4.0,183.0661,1.4209133097297064,0.26233378329435175
5-13B,4.0,184.0017,-0.3241967343793617,0.04961459172589881
5-13B,4.0,184.9856,0.23445042682025327,0.3217876682064937
5-13B,4.0,186.1136,0.2570393462937634,0.5610237134826057
5-13B,4.0,187.0234,-0.8308273618768989,0.4200723578962667
5-13B,4.0,188.035,0.4960375803285785,0.5583038847927898
5-13B,4.0,188.0565,-1.0419074416408507,0.01018517040682417
5-13B,4.0,189.0405,-1.1188202813848456,0.13909620361667635
5-13B,4.0,191.0197,-1.1222076047861138,0.2889084948366974
5-13B,4.0,191.0561,-1.0484940978021005,0.062424731079604716
5-13B,4.0,192.0663,1.71401952269458,0.7977735211004326
5-13B,4.0,193.0349,-0.5098747261317946,0.5728700504048818
5-13B,4.0,194.0682,-0.9870662592715174,0.13413194239838766
5-13B,4.0,194.0822,2.6238800487364733,1.0453013798243866
5-13B,4.0,195.0509,-0.33519695285084133,0.1624924468357738
5-13B,4.0,195.0657,0.8770608110608558,0.5101698140987596
5-13B,4.0,196.0603,-1.0950213306088763,0.082145055319685
5-13B,4.0,198.0182,-0.8721038904597447,0.21424998900694192
5-13B,4.0,199.0019,-0.32431408957282204,0.32050833277832963
5-13B,4.0,200.9937,1.4472181108808235,0.620496660374399
5-13B,4.0,201.0051,-0.9517353097697163,0.41662895904059666
5-13B,4.0,203.0348,0.6983738647520064,0.3418136501906599
5-13B,4.0,203.0826,-0.04873408243325167,0.053440132573128005
5-13B,4.0,204.0498,2.335650463964416,2.1197327563644603
5-13B,4.0,205.0351,-1.0965762895062032,0.057440494390050285
5-13B,4.0,206.0822,2.3385553244318196,1.0422453546758563
5-13B,4.0,209.0292,-0.6564134518931919,0.45595313553064887
5-13B,4.0,209.0814,0.32855613814675017,0.30915228907250014
5-13B,4.0,211.0235,-0.8822717485470551,0.5501278651043671
5-13B,4.0,211.9968,-1.0849550205255798,0.009713511452228684
5-13B,4.0,212.0331,-0.4311172462704248,0.18745843066478604
5-13B,4.0,212.9807,-0.7393000296125611,0.061516407832678754
5-13B,4.0,213.014,-0.14087248010046532,0.2562187907583668
5-13B,4.0,213.0384,-0.7715633920114605,0.11958392607475109
5-13B,4.0,213.1252,1.0496939324386727,0.5869387590978042
5-13B,4.0,214.0488,1.8895009506856222,0.898648886141125
5-13B,4.0,215.0331,1.5113820559144773,0.2666996294955994
5-13B,4.0,216.1351,0.33315856449256076,0.08071731912138248
5-13B,4.0,218.0335,1.273418054442995,0.20753384951229106
5-13B,4.0,218.1034,-0.8808513180355425,0.048650913384905466
5-13B,4.0,220.0828,0.8719785595436129,1.121824195667934
5-13B,4.0,221.0443,1.0068888694713696,0.22414751620912257
5-13B,4.0,221.0664,0.7171092305018745,0.5206978909524851
5-13B,4.0,225.0399,0.6520930497185276,0.8596608458700401
5-13B,4.0,225.0861,0.9348924694481098,1.0219984502063881
5-13B,4.0,225.0901,1.525144892270428,1.3657452224900082
5-13B,4.0,226.0135,-0.13316678752380498,0.4495749686018757
5-13B,4.0,226.0697,0.5415816828227134,0.5634850747909612
5-13B,4.0,228.0501,-0.6031958606024929,0.6004011722082627
5-13B,4.0,229.0122,-0.5265086606178037,0.19531557472685157
5-13B,4.0,237.0614,-1.2063040045462463,0.12299000021876455
5-13B,4.0,238.0945,-0.546265721441167,0.242323531676342
5-13B,4.0,240.0515,-1.3642168528941856,0.014445403529574616
5-13B,4.0,241.0844,-0.3424754823279679,0.8813207981953073
5-13B,4.0,242.0804,0.33093716517819777,0.8896398518731881
5-13B,4.0,243.029,-0.025200411904218886,0.5987144548401733
5-13B,4.0,243.0625,-1.117061106417086,0.2137958453008009
5-13B,4.0,245.0444,-0.6553303106327966,0.5431860838879522
5-13B,4.0,246.0198,0.6213805758185296,0.5030938471433077
5-13B,4.0,246.064,-0.12758844395959565,0.770923606153508
5-13B,4.0,251.0816,0.45802547690053447,0.41700828409122026
5-13B,4.0,253.0119,-0.34082146405869657,0.008723706547162197
5-13B,4.0,253.0499,0.45964826173521167,1.103718881490589
5-13B,4.0,257.0072,-0.3395377567671492,0.11828219166126827
5-13B,4.0,257.1028,-0.2152537326585762,0.3392956929687568
5-13B,4.0,259.005,0.01728181703468093,0.6882303906346868
5-13B,4.0,259.0227,2.2209105793649773,0.5155065573348432
5-13B,4.0,261.0385,-0.14010056002196045,0.3755802719997732
5-13B,4.0,266.0703,-0.4401774233197296,0.22487065809779666
5-13B,4.0,267.0724,-0.6968078985849098,0.027821890133849347
5-13B,4.0,268.02,-0.4953233855021387,0.5331290434240336
5-13B,4.0,269.0398,-0.6839635189061071,0.08383332224282417
5-13B,4.0,271.0612,0.1508760626413179,0.24500254471909388
5-13B,4.0,271.0815,0.2243448806881518,0.7581867043268697
5-13B,4.0,273.0021,-0.7358970730901586,0.16226349164542533
5-13B,4.0,274.0933,-0.9630338197615131,0.15809940735269487
5-13B,4.0,275.0184,-0.19516398041100105,0.2388293686776153
5-13B,4.0,275.0991,-0.7366686075860689,0.11308792820748825
5-13B,4.0,277.1207,2.004921760496776,0.4561210787515429
5-13B,4.0,277.2169,1.0849398302477775,0.4975832794955579
5-13B,4.0,279.2331,-0.20234418385708364,0.034622996250924555
5-13B,4.0,282.0839,0.05261647525014264,0.694624938939784
5-13B,4.0,283.2063,-0.35780227166904965,0.15742344713390002
5-13B,4.0,285.0972,-0.28974845389700976,0.924486225688507
5-13B,4.0,287.0157,1.8085939241405495,0.957190401130997
5-13B,4.0,288.0725,-0.7139370902121591,0.044099542635996386
5-13B,4.0,289.0333,0.08757254841749988,0.5596092927226453
5-13B,4.0,289.1044,-1.2730910321313753,0.2168667821752589
5-13B,4.0,290.9677,-0.4505709161537844,0.11097760308821288
5-13B,4.0,294.0479,1.3746945598960516,1.2454819160038186
5-13B,4.0,300.0509,-0.5527295621138196,1.626094120791861
5-13B,4.0,301.0333,0.03528482330499318,0.49748961256058993
5-13B,4.0,303.2326,-0.019450247429055545,0.4065507277272372
5-13B,4.0,305.0207,1.4935879698653611,0.28791314843689103
5-13B,4.0,306.0481,-1.1637501399909935,0.06095662029270362
5-13B,4.0,306.0765,-0.2661585086435393,0.02736858857646366
5-13B,4.0,308.0986,-0.23726477470834684,0.09993476501397425
5-13B,4.0,313.0441,-0.8812895345430375,0.3120010165968195
5-13B,4.0,313.1037,-0.5939180655861446,0.38797367671898025
5-13B,4.0,317.026,-0.27709840054106355,0.2878160573819719
5-13B,4.0,323.0256,1.255341335580095,1.0488599485296786
5-13B,4.0,325.1163,-0.1632253399153916,0.4999221780193
5-13B,4.0,328.0457,-1.0977624544710178,0.06058289893666265
5-13B,4.0,333.0589,-1.3520591912016013,0.17207178857113703
5-13B,4.0,338.9884,-0.6223547993886216,0.15733539238913455
5-13B,4.0,339.0928,-0.38988240419900455,0.45979411196366754
5-13B,4.0,341.1089,0.3768959941310421,0.2059407888929678
5-13B,4.0,344.0393,-0.6584816041816043,0.15108756361502873
5-13B,4.0,346.0556,-0.07810036744796003,0.16058549036924435
5-13B,4.0,348.087,-1.133686238436307,0.08931785215114955
5-13B,4.0,353.0489,-1.2547496466368802,0.2724758354332296
5-13B,4.0,357.089,-0.9970780764840487,0.20486554302450774
5-13B,4.0,375.131,-0.8437628789629008,0.39414051285259527
5-13B,4.0,377.1496,-0.1561946378555351,0.5789561978065961
5-13B,4.0,383.1188,0.8877312726820703,0.504670093055429
5-13B,4.0,388.9416,-0.007215833380900875,0.2810090806859951
5-13B,4.0,388.9442,-0.29678121260341145,0.24159116440751296
5-13B,4.0,401.0756,0.8864859382817893,0.15213821058193538
5-13B,4.0,407.2795,-0.17718450111724604,0.12729372149506554
5-13B,4.0,421.0743,-0.3407003342449036,0.5015531343200641
5-13B,4.0,426.0222,0.474507083027786,0.2573624831731645
5-13B,4.0,442.9997,0.03563591348624316,0.19365510391176477
5-13B,4.0,466.9657,2.414342669661026,0.17728622344567163
5-13B,4.0,490.9787,0.25940382244636323,0.2743242990710377
5-13B,4.0,503.1614,0.76355464345321,0.6414879404451885
5-13B,4.0,547.0731,-1.2194508091815623,0.05662204924519813
5-13B,4.0,565.0471,-0.955129992862638,0.1333033849456799
5-13B,4.0,578.8872,0.9797065421174677,0.3554959269405485
5-13B,4.0,579.0269,0.0871242916136183,0.22528464224932723
5-13B,4.0,612.2549,-0.6693567561766471,0.20684330975176748
5-13B,4.0,624.2949,-0.02135039973035813,0.15166992187194725
5-13B,4.0,659.307,2.875122473609004,0.685496887859874
5-13B,4.0,664.0939,0.18425053663392138,0.3742389246667044
5-13B,4.0,665.2144,-0.11791159586016106,0.45731724395446033
5-13B,4.0,668.1374,-0.6163276456384661,0.00020139910991910325
5-13B,4.0,787.255,2.755466172687124,0.3881970485225216
5-13B,4.0,790.2568,2.3525608755960823,0.8603525385410965
5-13B,4.0,835.0407,-0.2143442682607195,0.1229833191595537
5-13B,4.0,863.2971,-0.377436933153215,0.17905148674008453
5-13B,4.0,864.1473,2.8047205018933554,0.33301183921778943
5-13B,4.0,974.2935,-0.03892346727990298,0.4990020551743703
5-13B,4.0,976.7162,2.4307311608180755,0.448749005467598
5-13B,5.0,57.0342,1.557770719322339,0.09146137699555934
5-13B,5.0,58.0295,-0.7551736261754919,0.16587746691435373
5-13B,5.0,59.0135,1.1655055888093266,0.36968672732996016
5-13B,5.0,71.0137,1.1890198785146264,0.2981027427942403
5-13B,5.0,73.0293,-0.9285282499350526,0.01709267923832733
5-13B,5.0,74.0247,-1.0068228273866446,0.28023830456595755
5-13B,5.0,75.0087,-0.46699565467165705,0.58579488804009
5-13B,5.0,87.0088,-0.6663588577618182,0.010351176199148394
5-13B,5.0,87.0451,0.8133142767776991,0.6365802140787208
5-13B,5.0,88.0403,-0.9111178904659146,0.010841528970585842
5-13B,5.0,88.9883,-0.006789216283758753,0.42579933960776034
5-13B,5.0,89.0244,-0.20751379879817342,0.15337480908942802
5-13B,5.0,93.0338,-0.07992612685168551,0.013171839304139944
5-13B,5.0,94.9761,-0.5187514407866097,0.3823518015820091
5-13B,5.0,94.9806,0.7958526177134952,0.312424220159797
5-13B,5.0,95.0139,1.43248706992103,0.3457524189493619
5-13B,5.0,101.0242,1.120770820339453,0.3196615437123179
5-13B,5.0,102.056,-0.2710310098077305,0.10921419589240593
5-13B,5.0,103.0402,-0.9524103535593262,0.05335532449639474
5-13B,5.0,103.0509,-0.8893885365220258,0.18341631848680756
5-13B,5.0,104.0352,-0.18939131096880457,0.14557089187841124
5-13B,5.0,105.0193,0.7882449319036845,0.5395394322867231
5-13B,5.0,107.0503,0.4663704415713184,0.7704364387020004
5-13B,5.0,109.0295,-0.2686121095287304,0.2095954516266097
5-13B,5.0,111.02,-1.0484560704328545,0.03428917774837512
5-13B,5.0,112.0516,0.08518628783028287,0.6206064750861265
5-13B,5.0,113.0244,1.3167483839309302,0.26693910126364706
5-13B,5.0,113.0357,-0.973097102283672,0.09401654272718153
5-13B,5.0,114.056,-0.23718480482971616,0.001965034829659564
5-13B,5.0,115.0037,-0.6511535914355617,0.05979362288935404
5-13B,5.0,115.0402,0.5715723701759636,0.6710871926472332
5-13B,5.0,115.0764,0.4192082957942532,0.9914649349058796
5-13B,5.0,116.0354,-0.8305982881892051,0.2462079437581801
5-13B,5.0,116.0717,-0.7575496362166871,0.01703058617854052
5-13B,5.0,117.0194,-0.9182506968735522,0.006795469123441149
5-13B,5.0,118.0508,-1.3762188633346994,0.10153505716678171
5-13B,5.0,118.9804,1.1974711556771875,0.23679428412154402
5-13B,5.0,119.0503,2.099186688596964,0.5702367264546641
5-13B,5.0,120.9273,-0.16778767752459173,0.43380764352495793
5-13B,5.0,121.0295,0.13093618524670841,0.7230132528009562
5-13B,5.0,121.0409,1.0587039001185896,0.9201994243949995
5-13B,5.0,122.0248,1.497012965601678,0.5053216844904811
5-13B,5.0,124.0075,0.044065993365795,0.3293479251421525
5-13B,5.0,124.0144,1.8988749157056728,0.4443155114391434
5-13B,5.0,125.0439,1.1007604870717178,0.3614362745299242
5-13B,5.0,127.0764,0.33950527558836274,0.3437276745633085
5-13B,5.0,128.0354,-0.28316001532133983,0.014648153336913555
5-13B,5.0,129.0193,-0.9348801492937803,0.09038765877558719
5-13B,5.0,129.0556,0.062295716661102035,0.8536739260915902
5-13B,5.0,130.0142,-0.7080746416406085,0.28026419538527264
5-13B,5.0,130.0509,-1.002047633562441,0.03848835571738203
5-13B,5.0,130.0874,-0.8961752542717061,0.01003642486304311
5-13B,5.0,131.0008,0.9439275547449238,1.2279263768691528
5-13B,5.0,131.0123,-0.7274804958194844,0.10134603356809153
5-13B,5.0,131.035,1.6638571646541684,0.31711306076203233
5-13B,5.0,131.0462,1.3289148204632535,0.5344367867573991
5-13B,5.0,131.0828,-0.27622277347327767,0.27522842109887974
5-13B,5.0,132.0302,-1.1051456350582372,0.02137337401981273
5-13B,5.0,133.0142,0.18220942647547855,0.11396307362110353
5-13B,5.0,133.0257,0.14114540336595505,0.15869315102638915
5-13B,5.0,133.0505,-1.1751970286948843,0.027375046194548117
5-13B,5.0,134.0472,-0.6761939862994873,0.14500958723000387
5-13B,5.0,134.0604,-0.9037780225149559,0.33210074367557874
5-13B,5.0,135.0302,-0.5507122846710385,0.08958379711801628
5-13B,5.0,135.0453,0.7758573520122258,0.17789865733578994
5-13B,5.0,136.0404,-0.24760799004495454,0.0678068292551837
5-13B,5.0,136.0487,0.5086542238868765,0.32165387221911906
5-13B,5.0,136.0767,-0.05824053012131364,0.48465533479612544
5-13B,5.0,137.0239,0.06857191665468432,0.23484094921391147
5-13B,5.0,138.9789,0.07968635596668311,0.2579999655329055
5-13B,5.0,139.0014,-0.30942741378746863,0.06005334654368397
5-13B,5.0,139.0067,-0.6686854583948278,0.03878589242896666
5-13B,5.0,139.976,-0.14184374758246568,0.37001360881872103
5-13B,5.0,143.0713,0.5969106271585154,0.5119195095591658
5-13B,5.0,143.1077,-0.0897173746725026,0.6563120983022023
5-13B,5.0,145.0141,-0.1569963424500617,0.10486921295399071
5-13B,5.0,145.0506,-0.48938065894108196,0.20151423228187781
5-13B,5.0,145.0623,-0.6449027640530683,0.22174397012292518
5-13B,5.0,145.0982,-0.012540075461084248,0.1485944914534912
5-13B,5.0,145.1106,-0.1419770944111983,0.37467625793646236
5-13B,5.0,146.0459,-0.06612462664326332,0.02847712402807507
5-13B,5.0,147.0298,-0.8990479852290306,0.019808207287869344
5-13B,5.0,147.0662,-1.1912709829153252,0.02318205451048759
5-13B,5.0,149.0092,0.15309617257089692,0.9473425040421761
5-13B,5.0,149.0456,0.9191766467741996,0.4582773089040623
5-13B,5.0,149.0608,0.7500087530638799,0.5850672696204358
5-13B,5.0,150.0422,-0.8300964478957926,0.5056352346915614
5-13B,5.0,150.9707,-0.07622390995045267,0.7499441340948264
5-13B,5.0,151.0259,-0.6764720920537473,0.06294906880079418
5-13B,5.0,151.04,1.0722647227776545,0.34732097244419013
5-13B,5.0,151.06,0.20573959480649584,1.347164674295417
5-13B,5.0,152.0353,-0.04848098172163682,0.38460656197190973
5-13B,5.0,152.0716,0.5196142258557183,0.39540058142311957
5-13B,5.0,153.0192,0.7070174231199962,0.2182537189374256
5-13B,5.0,154.062,-0.21766593199259715,0.08857887296109576
5-13B,5.0,154.9751,-0.9492952707492186,0.023501644886441384
5-13B,5.0,155.0099,-1.0048392952005134,0.03836528454035937
5-13B,5.0,157.0128,-0.8550755491743989,0.05133536894716956
5-13B,5.0,157.0255,-1.2299754956649056,0.02753471556852089
5-13B,5.0,157.0379,-1.2644274297665443,0.030000308830929086
5-13B,5.0,157.0504,-1.1250594937229477,0.03425594260120527
5-13B,5.0,159.0297,1.3503676082600982,0.4183550224212237
5-13B,5.0,159.0775,-0.9429376892006018,0.0325897343226142
5-13B,5.0,160.0616,-0.38381636449133444,0.43060140595617125
5-13B,5.0,161.0453,1.1909621312964436,0.35837717869583735
5-13B,5.0,162.0424,-0.8990729168384826,0.26879725022107265
5-13B,5.0,163.0351,-0.9852121513823575,0.12196148912983505
5-13B,5.0,163.0398,0.32102139485826886,0.1736698324375003
5-13B,5.0,163.0611,0.6593796786435635,0.6071338589607066
5-13B,5.0,164.0716,-0.3324215680229407,0.06862030271811215
5-13B,5.0,165.03,0.6483494640833991,0.3630970052380467
5-13B,5.0,165.0405,1.0796534946157788,0.6571977106954031
5-13B,5.0,165.0556,-0.41888493970900514,0.0766594324138056
5-13B,5.0,166.0508,-0.8766844719957088,0.2906313137799292
5-13B,5.0,166.0632,-0.32315127828398327,0.7987636157992457
5-13B,5.0,166.9759,-0.4292986329334929,0.24210962208415746
5-13B,5.0,167.0207,-0.13359155599406183,0.30829299002428223
5-13B,5.0,167.0358,0.9264107643181946,0.6677889188424855
5-13B,5.0,167.0828,0.5464619083366848,0.8998750616896124
5-13B,5.0,168.0277,0.07134156048735353,0.08498357904664684
5-13B,5.0,168.0664,0.38771297705604474,1.0133650543119712
5-13B,5.0,170.0455,-0.8346314222555791,0.014728123959935066
5-13B,5.0,171.0065,-0.7927712511781424,0.14970111562732621
5-13B,5.0,171.0092,-0.6772925713188362,0.1793141693936158
5-13B,5.0,171.0284,-0.9037000772137948,0.05041879683774255
5-13B,5.0,172.0616,-1.0108372829199288,0.09657469668733659
5-13B,5.0,172.962,-0.5576381335833316,0.119499490582534
5-13B,5.0,173.0089,-0.8862068908663533,0.01721717710184349
5-13B,5.0,173.0453,-0.9425692763523923,0.24722751880533772
5-13B,5.0,173.0932,-0.8362130118974838,0.06771085685950505
5-13B,5.0,173.1041,-0.5798749830021026,0.202888957394451
5-13B,5.0,174.0407,-0.9381832620389808,0.023547036976688442
5-13B,5.0,174.088,-0.837544928663273,0.169088407646159
5-13B,5.0,175.022,-0.8583374640376904,0.09518047013923321
5-13B,5.0,175.0361,-1.116956215831665,0.02917595199339584
5-13B,5.0,175.0611,-1.0973271969149518,0.04295447067671336
5-13B,5.0,176.0776,-0.7777473136067561,0.12172375428023459
5-13B,5.0,177.0402,0.8826364647902883,0.6966460715609912
5-13B,5.0,177.0553,1.4325186973359387,1.368187056246619
5-13B,5.0,178.0509,-0.9192665752174389,0.05109393921827796
5-13B,5.0,179.0348,-0.583478310316313,0.5249814943311699
5-13B,5.0,179.0561,1.2411281610395697,0.27188342637750695
5-13B,5.0,180.0663,1.2240029980785896,0.06511831994182248
5-13B,5.0,181.0505,-0.7791428868314052,0.1444175185610962
5-13B,5.0,182.9725,0.9694845529532817,0.3980941808653954
5-13B,5.0,183.0661,1.107405481259343,0.8610918821885242
5-13B,5.0,184.0017,0.05778275492934942,0.14272256698242924
5-13B,5.0,184.9856,-0.20822033651185856,0.15278345580935063
5-13B,5.0,186.1136,0.20515072643355517,0.7100754483327126
5-13B,5.0,187.0234,-0.8079245616612711,0.39488848219399775
5-13B,5.0,188.035,-0.06579998338791349,0.9744664658889172
5-13B,5.0,188.0565,-0.8915749265495749,0.04216189117888764
5-13B,5.0,189.0405,-0.4483958368847688,0.23614843818398898
5-13B,5.0,191.0197,-0.504301369502439,0.26846445816814596
5-13B,5.0,191.0561,-1.0038337984619088,0.07654966914952131
5-13B,5.0,192.0663,1.1021433589509728,0.7262577949983551
5-13B,5.0,193.0349,0.4194428668671481,0.4551391088590062
5-13B,5.0,194.0682,-1.0193409514994847,0.11801638304252449
5-13B,5.0,194.0822,1.409713391455537,0.4525442315771127
5-13B,5.0,195.0509,0.24795035170540403,0.13855086725696858
5-13B,5.0,195.0657,0.17792675355754323,0.49462197184322965
5-13B,5.0,196.0603,-1.054087645151907,0.08200714520118875
5-13B,5.0,198.0182,-0.9293828975776646,0.30820030658812414
5-13B,5.0,199.0019,-0.5579103394226989,0.6163482506136598
5-13B,5.0,200.9937,0.5428806080165868,0.32133842852413363
5-13B,5.0,201.0051,-0.18315049507243414,0.8694327569580503
5-13B,5.0,203.0348,-0.13663620219591505,0.17650233623823589
5-13B,5.0,203.0826,-0.07119701541078557,0.054213283750776026
5-13B,5.0,204.0498,1.4462914429464453,1.0197979770355698
5-13B,5.0,205.0351,-0.7136652428122492,0.21622813146025122
5-13B,5.0,206.0822,1.7481130693022422,0.22533162363147524
5-13B,5.0,209.0292,-0.09570618194091338,0.36560284865007603
5-13B,5.0,209.0814,-0.01494097352470583,0.7130365324065546
5-13B,5.0,211.0235,-0.4185369711323864,0.380933570168846
5-13B,5.0,211.9968,-0.9707477893311518,0.052522836468495725
5-13B,5.0,212.0331,-0.16258685044634735,0.3033196080104556
5-13B,5.0,212.9807,-0.6899407615813213,0.08841661816879119
5-13B,5.0,213.014,-0.8042301429403385,0.23540044860576767
5-13B,5.0,213.0384,-0.5828603208154515,0.22291040892519373
5-13B,5.0,213.1252,-0.42416530209072295,0.7769302697672634
5-13B,5.0,214.0488,0.7613196401461988,1.086300251417588
5-13B,5.0,215.0331,1.3656702581603875,0.19223374850306976
5-13B,5.0,216.1351,0.5301207877967352,0.26030858970519893
5-13B,5.0,218.0335,1.3542042147577034,0.19410898493524725
5-13B,5.0,218.1034,-0.742895217893958,0.05829903518091461
5-13B,5.0,220.0828,0.5133337765082396,0.47505081913801384
5-13B,5.0,221.0443,1.1174124004270132,0.11071107955701091
5-13B,5.0,221.0664,0.45889655939075236,0.3965664690393939
5-13B,5.0,225.0399,-0.4715010219914953,0.7551339050514853
5-13B,5.0,225.0861,1.1799857698045753,0.8348009056197336
5-13B,5.0,225.0901,-0.25301336120053536,0.2965529976316932
5-13B,5.0,226.0135,-0.6346167865389908,0.14761725675629966
5-13B,5.0,226.0697,0.44423517195481776,0.4807985120149417
5-13B,5.0,228.0501,-0.2471001798117432,0.5987066413168143
5-13B,5.0,229.0122,-0.20375225714789735,0.1983767317687693
5-13B,5.0,237.0614,-0.8797936193369671,0.12481461764360689
5-13B,5.0,238.0945,-0.3235604690383769,0.1399243356503618
5-13B,5.0,240.0515,-1.1697375048794305,0.03627645712393246
5-13B,5.0,241.0844,-0.5236410353548648,0.7376188517052557
5-13B,5.0,242.0804,-0.32517949372837884,0.34341464634406377
5-13B,5.0,243.029,-0.3835049152609357,0.17591216653988365
5-13B,5.0,243.0625,-1.1442905079178523,0.6407420019591846
5-13B,5.0,245.0444,-0.7913758853717785,0.4302647436835446
5-13B,5.0,246.0198,-0.4145276527411871,0.20052081269287844
5-13B,5.0,246.064,0.752803255458167,1.4229121634185538
5-13B,5.0,251.0816,1.486276231727238,1.723462834055445
5-13B,5.0,253.0119,-0.34134877145251175,0.007874058451603095
5-13B,5.0,253.0499,0.4754561616685472,0.185309048581462
5-13B,5.0,257.0072,-0.6337192573425936,0.5749825230976175
5-13B,5.0,257.1028,0.896297441051008,0.337603894617845
5-13B,5.0,259.005,-0.5891272789424398,0.7828209928964724
5-13B,5.0,259.0227,1.5445914083381918,0.31185296335908624
5-13B,5.0,261.0385,-0.21884654675482718,0.3060560834926455
5-13B,5.0,266.0703,-0.684892863691884,0.24399459579261462
5-13B,5.0,267.0724,-0.6559107764769032,0.015017361221972557
5-13B,5.0,268.02,-0.5465254292103987,0.4874343278238572
5-13B,5.0,269.0398,-0.713352534996883,0.19449473650457816
5-13B,5.0,271.0612,0.16042083659460882,0.39960771317044674
5-13B,5.0,271.0815,-0.27353461599846884,0.35538792753293225
5-13B,5.0,273.0021,-0.7889465619182148,0.13778949623550427
5-13B,5.0,274.0933,-0.8732472308873653,0.17197522786433742
5-13B,5.0,275.0184,0.5804523362616181,0.7988045464999318
5-13B,5.0,275.0991,-0.6338895185632372,0.1430544963533179
5-13B,5.0,277.1207,1.717479052533864,0.2137353285117596
5-13B,5.0,277.2169,0.7113912483173206,0.28299830579278606
5-13B,5.0,279.2331,-0.30343519958285986,0.01768528160359613
5-13B,5.0,282.0839,0.21711751512103272,0.4187455948132282
5-13B,5.0,283.2063,-0.4725570858865319,0.32734891434989877
5-13B,5.0,285.0972,0.15656093988520833,0.8426601115904279
5-13B,5.0,287.0157,0.6216545668261859,0.392603315485169
5-13B,5.0,288.0725,-0.7253927929723116,0.108753734056448
5-13B,5.0,289.0333,-0.2096037658188207,0.6514145247064942
5-13B,5.0,289.1044,-1.2625100243711707,0.14372337190759563
5-13B,5.0,290.9677,-0.3919587869732196,0.05240585744635779
5-13B,5.0,294.0479,0.929197584616515,1.2263311851901426
5-13B,5.0,300.0509,-0.08134877780110583,0.9403953545715097
5-13B,5.0,301.0333,0.5700490319045302,0.48222486107581725
5-13B,5.0,303.2326,1.473572990666459,1.7706451551273843
5-13B,5.0,305.0207,1.17169253549314,0.07452325756169871
5-13B,5.0,306.0481,-1.0967171085343366,0.11257071134851011
5-13B,5.0,306.0765,-0.26741380431873285,0.01903805330453944
5-13B,5.0,308.0986,-0.1507714226778069,0.023314784991380427
5-13B,5.0,313.0441,-0.04647380149105286,0.26027040780009747
5-13B,5.0,313.1037,-1.1964453991692936,0.22141359905244473
5-13B,5.0,317.026,0.4436611578556097,1.0015563977483384
5-13B,5.0,323.0256,-0.33008362275180786,0.8051384194821135
5-13B,5.0,325.1163,0.22084144019439292,0.4954816099409067
5-13B,5.0,328.0457,-0.9877872054019234,0.03700251675210464
5-13B,5.0,333.0589,-1.2990586971261933,0.21460171662220098
5-13B,5.0,338.9884,-0.3932832614663848,0.15719576015375286
5-13B,5.0,339.0928,-0.2512574050018786,0.3468198465196343
5-13B,5.0,341.1089,0.44225143111143145,0.32259630251746024
5-13B,5.0,344.0393,-0.5843187003137372,0.3519009789503003
5-13B,5.0,346.0556,0.13921369232523456,0.18401510248505137
5-13B,5.0,348.087,-1.0379643721715819,0.21079284037825652
5-13B,5.0,353.0489,0.05502365300329999,0.32063683914085844
5-13B,5.0,357.089,-0.4235388249800157,0.23752429579516926
5-13B,5.0,375.131,-0.8888884861878176,0.22393766247517571
5-13B,5.0,377.1496,0.19225836331983104,0.18461077541574766
5-13B,5.0,383.1188,1.4219282686700425,0.5055571403285304
5-13B,5.0,388.9416,-0.35723171702872936,0.25924785185250815
5-13B,5.0,388.9442,-0.7468016344363337,0.1539048797492702
5-13B,5.0,401.0756,1.309505483230426,0.048226001116734744
5-13B,5.0,407.2795,0.03555235573357174,0.3689275795326864
5-13B,5.0,421.0743,0.4753740621823851,0.542837794977881
5-13B,5.0,426.0222,0.5409159087991973,0.8379645758916705
5-13B,5.0,442.9997,0.16128162227481074,0.38322977505677125
5-13B,5.0,466.9657,0.8626662987924323,0.18681125600721796
5-13B,5.0,490.9787,0.3642569120685709,0.3462686369870731
5-13B,5.0,503.1614,2.0244623636055117,0.4134688293889776
5-13B,5.0,547.0731,-1.056092487362395,0.08082631581726696
5-13B,5.0,565.0471,-0.3635858111551158,0.17907686688482824
5-13B,5.0,578.8872,1.5245231937004236,0.18044746273661982
5-13B,5.0,579.0269,1.1525073368027634,0.2319822146879339
5-13B,5.0,612.2549,0.04059962797281266,0.37777632263337174
5-13B,5.0,624.2949,-0.19700204569643268,0.36779814422565643
5-13B,5.0,659.307,0.4477991453498011,0.34902507079686457
5-13B,5.0,664.0939,-0.38629738769345223,0.33246456197965746
5-13B,5.0,665.2144,-0.04375635315319426,0.25103855541842
5-13B,5.0,668.1374,-0.6157124807544758,0.00035263816747559124
5-13B,5.0,787.255,1.7850142931599486,0.4165734569056666
5-13B,5.0,790.2568,0.9291172099602134,0.5100914148325524
5-13B,5.0,835.0407,-0.6914867685087993,0.17994863978660522
5-13B,5.0,863.2971,-0.4175451992141086,0.16461085648927112
5-13B,5.0,864.1473,0.0650908593708884,0.4371891997537744
5-13B,5.0,974.2935,-0.28170877381383574,0.3594611889174635
5-13B,5.0,976.7162,1.347259828367834,0.19246617446718656
5-13B,6.0,57.0342,1.2068021100430495,0.31590095836643267
5-13B,6.0,58.0295,-0.8959377734397801,0.2709821507846653
5-13B,6.0,59.0135,1.9828744140068344,0.33000653835053434
5-13B,6.0,71.0137,1.5453382944303522,0.3300886868048357
5-13B,6.0,73.0293,-0.8709313284881857,0.047365190539494506
5-13B,6.0,74.0247,-0.3886761972414643,0.48657019793099404
5-13B,6.0,75.0087,0.07293885262163116,0.8406106644036307
5-13B,6.0,87.0088,-0.6301002330480714,0.019516983586734593
5-13B,6.0,87.0451,1.228396428029156,1.1267498321706548
5-13B,6.0,88.0403,-0.865610073753338,0.026517887979002328
5-13B,6.0,88.9883,-0.8481546460777495,0.5939623769080724
5-13B,6.0,89.0244,-0.0578198292384514,0.11531470217357806
5-13B,6.0,93.0338,-0.056697543241436346,0.003947623974723044
5-13B,6.0,94.9761,-0.36369395752114136,0.5318481428990582
5-13B,6.0,94.9806,1.0882776734644368,0.47960357418926813
5-13B,6.0,95.0139,1.6160563285558984,0.375661514259151
5-13B,6.0,101.0242,1.6029525009381067,0.13252012236059935
5-13B,6.0,102.056,-0.1473761171941066,0.12826408825193655
5-13B,6.0,103.0402,-0.7993111932067065,0.07716192894698523
5-13B,6.0,103.0509,-0.7804121861688638,0.10224348740555113
5-13B,6.0,104.0352,-0.43693821288391416,0.15048433528786134
5-13B,6.0,105.0193,0.5080970981202975,0.6503092001415922
5-13B,6.0,107.0503,0.2533954874273676,1.168551831330149
5-13B,6.0,109.0295,0.12245774204029544,0.1832131706163175
5-13B,6.0,111.02,-1.0034756163963061,0.03625565911125066
5-13B,6.0,112.0516,0.5937785326660687,0.3232145866351876
5-13B,6.0,113.0244,1.7131837030450368,0.19093992655480474
5-13B,6.0,113.0357,-0.8414124212651011,0.0669309834993762
5-13B,6.0,114.056,-0.23206685429651933,0.0034321457998370193
5-13B,6.0,115.0037,-0.514647978134869,0.08042252270218228
5-13B,6.0,115.0402,1.13489047890043,0.763430157972598
5-13B,6.0,115.0764,0.28863586712646405,0.8911977303473375
5-13B,6.0,116.0354,-0.22336073958933356,0.3756496338147903
5-13B,6.0,116.0717,-0.7161375313151379,0.03436112834465681
5-13B,6.0,117.0194,-0.8511494566994591,0.030544302851716467
5-13B,6.0,118.0508,-1.1711853783415438,0.15551181181296195
5-13B,6.0,118.9804,1.2832478216898562,0.16466422036458317
5-13B,6.0,119.0503,1.8736987754750445,0.5249889796194285
5-13B,6.0,120.9273,-0.5301591167544005,0.05089931756938481
5-13B,6.0,121.0295,0.5608526415843025,0.30873486219679813
5-13B,6.0,121.0409,1.0214967624832636,0.6933209130582462
5-13B,6.0,122.0248,1.9765520502006022,0.18022032932128967
5-13B,6.0,124.0075,0.7234412252790939,0.5748092804512461
5-13B,6.0,124.0144,2.829759468377946,0.5155991589096465
5-13B,6.0,125.0439,2.185470948658489,0.491162205624182
5-13B,6.0,127.0764,1.2313868872933282,0.2185838141916828
5-13B,6.0,128.0354,-0.28428795144099184,0.01080664742877581
5-13B,6.0,129.0193,-0.7366936099597725,0.08348522486581715
5-13B,6.0,129.0556,0.5526949867613398,0.9108549369567877
5-13B,6.0,130.0142,-0.6186831472941833,0.2532121514459616
5-13B,6.0,130.0509,-0.9728234039029138,0.023222893758136704
5-13B,6.0,130.0874,-0.9286235276444283,0.024099911730156586
5-13B,6.0,131.0008,1.4187631293376481,1.0944761449234588
5-13B,6.0,131.0123,-0.6399123439041975,0.05562451986480251
5-13B,6.0,131.035,1.5005198482706774,0.12833308802850285
5-13B,6.0,131.0462,1.2168667566497118,0.251634519185433
5-13B,6.0,131.0828,-0.475808129050619,0.13560986106774736
5-13B,6.0,132.0302,-1.0824114656970867,0.00913158445247187
5-13B,6.0,133.0142,0.4607911805677107,0.12605817664533378
5-13B,6.0,133.0257,0.3887747910674841,0.11052719077336398
5-13B,6.0,133.0505,-1.0619890770820257,0.032463720417139796
5-13B,6.0,134.0472,-0.6413588227148743,0.09335657895774392
5-13B,6.0,134.0604,-0.6144585571840289,0.22161431766066264
5-13B,6.0,135.0302,-0.6202676754315796,0.1554123300327795
5-13B,6.0,135.0453,1.0942049473742108,0.18810375138483282
5-13B,6.0,136.0404,-0.26754599115333166,0.10865553080832811
5-13B,6.0,136.0487,0.5337962785834508,0.19188874549026835
5-13B,6.0,136.0767,0.8951710006394319,0.47466815704734167
5-13B,6.0,137.0239,-0.08939837809808181,0.27788575839101287
5-13B,6.0,138.9789,0.2867633197842643,0.3455224509119416
5-13B,6.0,139.0014,-0.1954331600265563,0.01901550224771925
5-13B,6.0,139.0067,-0.6036247929232716,0.01465395002621948
5-13B,6.0,139.976,-0.14843585875334098,0.3736458153160729
5-13B,6.0,143.0713,0.8155799874995258,0.3551349978512029
5-13B,6.0,143.1077,0.22249263635032343,0.5869546598664593
5-13B,6.0,145.0141,-0.21569276460065456,0.06792157367567947
5-13B,6.0,145.0506,-0.5034530490456111,0.09850114646208664
5-13B,6.0,145.0623,-0.6683425134207097,0.18702561851565463
5-13B,6.0,145.0982,-0.28106201873080744,0.2249430786264908
5-13B,6.0,145.1106,-0.29567943237617045,0.07679805405034432
5-13B,6.0,146.0459,0.1002911856967543,0.04345633600782439
5-13B,6.0,147.0298,-0.7874665430152978,0.06698413093418952
5-13B,6.0,147.0662,-1.073555134523982,0.035235419762563655
5-13B,6.0,149.0092,1.0449126414749963,0.3031955895977793
5-13B,6.0,149.0456,0.8071495229490853,0.07523250226044212
5-13B,6.0,149.0608,1.2726127685451567,0.37508067811819973
5-13B,6.0,150.0422,-0.6601838556248827,0.5572369526335984
5-13B,6.0,150.9707,-0.24639197921867542,1.107831728264917
5-13B,6.0,151.0259,-0.6684953848567354,0.05784406805872303
5-13B,6.0,151.04,1.3209315518721212,0.9678304019748841
5-13B,6.0,151.06,0.2704923560326635,0.6432720226271036
5-13B,6.0,152.0353,0.2829211983479777,0.38129163803739496
5-13B,6.0,152.0716,0.46579135221598483,0.5798203240922348
5-13B,6.0,153.0192,1.3405007625545713,0.12403697326914903
5-13B,6.0,154.062,-0.3225699483393416,0.12751745649305243
5-13B,6.0,154.9751,-0.8645576621074859,0.028544690074955748
5-13B,6.0,155.0099,-0.9417096714189278,0.03377482172346508
5-13B,6.0,157.0128,-0.829057494132692,0.05110457889735702
5-13B,6.0,157.0255,-1.1530352740408143,0.015181970665311571
5-13B,6.0,157.0379,-1.154676810706388,0.024065792647642137
5-13B,6.0,157.0504,-1.016151759818671,0.05639124181842404
5-13B,6.0,159.0297,1.563091118762373,0.20313285247975305
5-13B,6.0,159.0775,-0.8453570445590358,0.06169369236737992
5-13B,6.0,160.0616,-0.062443408295564405,0.6178537822209496
5-13B,6.0,161.0453,1.595461617050606,0.20571186736975333
5-13B,6.0,162.0424,-0.7598104447951196,0.09531270186238182
5-13B,6.0,163.0351,-1.0461219444868382,0.11399081888444336
5-13B,6.0,163.0398,0.66933327895574,0.09610517393495718
5-13B,6.0,163.0611,0.8812260220017516,1.43247345026199
5-13B,6.0,164.0716,-0.39198337019946816,0.12010627130236134
5-13B,6.0,165.03,0.6576126980592646,0.6162260335882712
5-13B,6.0,165.0405,1.1818824715132106,0.3013943328495428
5-13B,6.0,165.0556,-0.4264198025644369,0.30053292928622993
5-13B,6.0,166.0508,-0.5897099978227405,0.3533509704144493
5-13B,6.0,166.0632,-0.5036894791427329,0.40172625328330064
5-13B,6.0,166.9759,0.0770664586935233,0.38323525179466367
5-13B,6.0,167.0207,0.08311941264256317,0.3293054264715708
5-13B,6.0,167.0358,1.6343549226901315,0.2624967363024884
5-13B,6.0,167.0828,0.028971563535413643,0.2702264367400499
5-13B,6.0,168.0277,0.18811627843318993,0.038956679366865136
5-13B,6.0,168.0664,0.9734021006653852,0.7353328421331234
5-13B,6.0,170.0455,-0.7823067551927407,0.03340852240274635
5-13B,6.0,171.0065,-0.8010153663297425,0.02666037834916912
5-13B,6.0,171.0092,-0.5401814744470814,0.2610678874990643
5-13B,6.0,171.0284,-0.7711380400455198,0.07137637174610076
5-13B,6.0,172.0616,-0.8354722374996408,0.07518650445183378
5-13B,6.0,172.962,-0.4860273613394449,0.08283187495149293
5-13B,6.0,173.0089,-0.8430827887337606,0.054659051907676434
5-13B,6.0,173.0453,-0.6824205156782501,0.11262580749527197
5-13B,6.0,173.0932,-0.8301581356804425,0.030519876745594213
5-13B,6.0,173.1041,-0.6014020806176548,0.1622993434440464
5-13B,6.0,174.0407,-0.902955514200299,0.026449679452045672
5-13B,6.0,174.088,-0.8205412085072306,0.17336868435877203
5-13B,6.0,175.022,-0.7399798999027212,0.20107328645109185
5-13B,6.0,175.0361,-1.0583765706768524,0.01937212406478656
5-13B,6.0,175.0611,-1.0147283394136193,0.047076442771048506
5-13B,6.0,176.0776,-0.741122094785752,0.21755143487222434
5-13B,6.0,177.0402,0.4291365570620402,0.7584376570233173
5-13B,6.0,177.0553,2.8192319629854197,0.8473525179365615
5-13B,6.0,178.0509,-0.8636446586700794,0.040043226461552034
5-13B,6.0,179.0348,-0.0733930515283219,0.2782639148228793
5-13B,6.0,179.0561,1.3130652188490035,0.15767222775902248
5-13B,6.0,180.0663,1.168253772090298,0.0793623816006337
5-13B,6.0,181.0505,-0.7031758787994584,0.1660020765405726
5-13B,6.0,182.9725,1.7271224325520853,0.2940949244939842
5-13B,6.0,183.0661,1.00706869333204,0.4479336576841739
5-13B,6.0,184.0017,0.552980178633507,0.09914709647835436
5-13B,6.0,184.9856,-0.3128516078449032,0.11472586904603717
5-13B,6.0,186.1136,0.8850608486235664,0.6846786848584372
5-13B,6.0,187.0234,-0.9894711487363679,0.5980655123828115
5-13B,6.0,188.035,-0.2840522677547046,0.21884341728721096
5-13B,6.0,188.0565,-0.757640829708133,0.04448801521732988
5-13B,6.0,189.0405,-0.49283985295535115,0.1618313229394385
5-13B,6.0,191.0197,-0.26377902115968793,0.1650818542314025
5-13B,6.0,191.0561,-0.9390636043331052,0.09235308102789466
5-13B,6.0,192.0663,0.970135090388212,0.4919905879353606
5-13B,6.0,193.0349,0.34512353638529647,0.454669597766382
5-13B,6.0,194.0682,-1.0266141215790263,0.12763147485974297
5-13B,6.0,194.0822,2.210005819663323,0.40372368563488337
5-13B,6.0,195.0509,0.18714801949228588,0.190902457678927
5-13B,6.0,195.0657,0.172862399645893,0.2950194806232573
5-13B,6.0,196.0603,-0.9902993186481295,0.10638254430880377
5-13B,6.0,198.0182,-0.8114555299819473,0.4227050409342349
5-13B,6.0,199.0019,-0.7235475379372467,0.1601603911748923
5-13B,6.0,200.9937,0.8899021815363157,0.5217639908042869
5-13B,6.0,201.0051,-0.28970654126923323,0.3236605556988836
5-13B,6.0,203.0348,0.2035171235258933,0.3198984787873389
5-13B,6.0,203.0826,-0.0802938244003443,0.014452706437738437
5-13B,6.0,204.0498,1.0938797271252036,1.9465138174239498
5-13B,6.0,205.0351,-0.6360320606368568,0.05924426189027413
5-13B,6.0,206.0822,1.5673821297127182,0.41756044830906913
5-13B,6.0,209.0292,-0.4880638426550691,0.338873985348891
5-13B,6.0,209.0814,-0.09698982277956207,0.765193012964466
5-13B,6.0,211.0235,-0.499893949626188,0.2752164371644458
5-13B,6.0,211.9968,-0.9834153162845949,0.03960351435117124
5-13B,6.0,212.0331,-0.48699640378294956,0.45713380116889507
5-13B,6.0,212.9807,-0.6223163899614288,0.1130804907587819
5-13B,6.0,213.014,-0.6479946169182016,0.08760271325610255
5-13B,6.0,213.0384,-0.5075549026518267,0.17250527039237826
5-13B,6.0,213.1252,0.8135902686548374,0.7693952103315005
5-13B,6.0,214.0488,1.5923811632468894,0.46195760962133053
5-13B,6.0,215.0331,1.7076053530999107,0.1394505699178378
5-13B,6.0,216.1351,0.7190633766015542,0.19354633153195128
5-13B,6.0,218.0335,1.907966087835954,0.1342800367593732
5-13B,6.0,218.1034,-0.5260681631319543,0.09168572784947351
5-13B,6.0,220.0828,1.0951910468873067,0.4376930649417259
5-13B,6.0,221.0443,1.8493810371698833,0.15080026391589574
5-13B,6.0,221.0664,0.23874867414251597,0.5197721746907348
5-13B,6.0,225.0399,1.2589540189308928,0.5469736362817516
5-13B,6.0,225.0861,0.7609775805673471,0.6456219203086051
5-13B,6.0,225.0901,1.907248344804421,0.28721434006442753
5-13B,6.0,226.0135,-0.6431924390874053,0.2387571423332747
5-13B,6.0,226.0697,0.4629722216130189,0.19291858927974
5-13B,6.0,228.0501,-0.3603287603396774,0.5976479733455686
5-13B,6.0,229.0122,0.19451576292849243,0.15263936263242792
5-13B,6.0,237.0614,-0.8688016859404801,0.16295299535436347
5-13B,6.0,238.0945,-0.5907196074393757,0.15714989088545145
5-13B,6.0,240.0515,-1.1166381574549231,0.009716175083336331
5-13B,6.0,241.0844,0.037002980596684526,0.7027031727741028
5-13B,6.0,242.0804,0.08759719552878059,0.6598074198979411
5-13B,6.0,243.029,-0.22489406834685932,0.2613058397850494
5-13B,6.0,243.0625,-0.9796948719803831,0.11971969698319898
5-13B,6.0,245.0444,-0.591095717233035,0.30609677159709153
5-13B,6.0,246.0198,-0.2229053549989926,0.11622009487178359
5-13B,6.0,246.064,0.732231381180097,0.6430225185871612
5-13B,6.0,251.0816,0.9213225499559753,0.8521228992599196
5-13B,6.0,253.0119,-0.31589037047911633,0.017224589983768485
5-13B,6.0,253.0499,1.1795663711992028,0.6035692167533918
5-13B,6.0,257.0072,-0.6410905477898143,0.39215301059254376
5-13B,6.0,257.1028,0.4376596226951729,0.8010442496339562
5-13B,6.0,259.005,0.16200201633401973,0.15556657945976057
5-13B,6.0,259.0227,1.4523439631672246,0.2920974391009829
5-13B,6.0,261.0385,-0.48133316919771635,0.1437943457811552
5-13B,6.0,266.0703,-0.7672970425927115,0.13899155065232988
5-13B,6.0,267.0724,-0.43923985942299204,0.053761886113097
5-13B,6.0,268.02,-1.079979279938316,0.21655418367491458
5-13B,6.0,269.0398,-0.4317347104786789,0.2131481697274558
5-13B,6.0,271.0612,0.7390727575128715,0.7520106855650759
5-13B,6.0,271.0815,0.6775521215215591,0.7532947671463227
5-13B,6.0,273.0021,-0.7404851369888014,0.07938115047022863
5-13B,6.0,274.0933,-0.5579188813383377,0.13759911835352315
5-13B,6.0,275.0184,0.3911065808352102,0.6281922757072839
5-13B,6.0,275.0991,-0.7080649931882053,0.16113981984937872
5-13B,6.0,277.1207,1.4691047655301637,0.16966059737603917
5-13B,6.0,277.2169,0.671960011047804,0.2646199287466506
5-13B,6.0,279.2331,-0.33561490515434544,0.018604081834835265
5-13B,6.0,282.0839,0.3755259238855935,0.40283995874984885
5-13B,6.0,283.2063,-0.37058703620603084,0.11408905803226774
5-13B,6.0,285.0972,1.0285040526578166,0.8231642274708593
5-13B,6.0,287.0157,0.3440639106800848,0.23512870721985882
5-13B,6.0,288.0725,-0.7286238886226111,0.07617150042072715
5-13B,6.0,289.0333,1.6024469307441098,0.7195403019628924
5-13B,6.0,289.1044,-1.1581107478038195,0.17653097184477826
5-13B,6.0,290.9677,-0.4415220260346796,0.11047951837528439
5-13B,6.0,294.0479,0.9510916667349538,0.330457684543281
5-13B,6.0,300.0509,0.8686204480768096,0.5269377516083354
5-13B,6.0,301.0333,0.14906444215595852,0.806685474175334
5-13B,6.0,303.2326,-0.009121378569681926,0.4769230899795458
5-13B,6.0,305.0207,1.0191730975554463,0.1657734242423352
5-13B,6.0,306.0481,-1.015174762909572,0.0838934517535643
5-13B,6.0,306.0765,-0.28724747598679123,0.025679005308653517
5-13B,6.0,308.0986,-0.25452312187341497,0.0283431848055334
5-13B,6.0,313.0441,-0.39030590478589433,0.19320400197444332
5-13B,6.0,313.1037,-0.5003704161316657,0.7799558352855376
5-13B,6.0,317.026,0.11054257966674136,0.8787144013723238
5-13B,6.0,323.0256,-0.19917268546695593,0.27500664568149036
5-13B,6.0,325.1163,0.03298268905373747,0.46853593455987275
5-13B,6.0,328.0457,-1.0764833375625313,0.05737811719355378
5-13B,6.0,333.0589,-1.0298161872231193,0.25393129102125417
5-13B,6.0,338.9884,-0.26605409542967856,0.9650013195161005
5-13B,6.0,339.0928,-0.4666056741948982,0.49188380538242965
5-13B,6.0,341.1089,0.51279181638713,0.2844010311973174
5-13B,6.0,344.0393,-0.6134345070174183,0.3163323653341279
5-13B,6.0,346.0556,0.05863656903854443,0.22428731476559435
5-13B,6.0,348.087,-0.773532716615279,0.034666306224651916
5-13B,6.0,353.0489,-0.35414025042512864,0.5035856008636613
5-13B,6.0,357.089,-0.5534630227697048,0.3228801311752745
5-13B,6.0,375.131,-0.43674759811071046,0.2877683530457437
5-13B,6.0,377.1496,-0.10161001472059614,0.3639856098566372
5-13B,6.0,383.1188,1.0761696952150444,0.6320970461071893
5-13B,6.0,388.9416,-0.09751843875699308,0.26619576389351973
5-13B,6.0,388.9442,-0.42887675931058766,0.1342238454048274
5-13B,6.0,401.0756,1.4394009612447034,0.1325178654792381
5-13B,6.0,407.2795,0.7372970550179648,0.23351839320026713
5-13B,6.0,421.0743,-0.5853337470628062,0.10323075105247848
5-13B,6.0,426.0222,-0.2708747372685715,0.2019799674782651
5-13B,6.0,442.9997,-0.0762404025583718,0.30076528903815314
5-13B,6.0,466.9657,0.8428114345587201,0.2095841156884733
5-13B,6.0,490.9787,0.5189791540720725,0.6669092381412927
5-13B,6.0,503.1614,1.3521370007040325,0.22295084723059416
5-13B,6.0,547.0731,-0.9513333433701032,0.023483250078354764
5-13B,6.0,565.0471,-0.5551820177919118,0.40322826625900016
5-13B,6.0,578.8872,1.5565293938586913,0.1466055581433103
5-13B,6.0,579.0269,1.6917892458557349,0.2974034055571746
5-13B,6.0,612.2549,0.005759892654682158,0.48068797553566867
5-13B,6.0,624.2949,-1.013707134632711,0.5028279403188213
5-13B,6.0,659.307,0.022405975279739157,0.262645748488554
5-13B,6.0,664.0939,-0.5148715678235646,0.1700747992676139
5-13B,6.0,665.2144,-0.06302503826602815,0.443360250169948
5-13B,6.0,668.1374,-0.6122813866922207,0.0028278006428943967
5-13B,6.0,787.255,0.221161103277561,0.05910021464942963
5-13B,6.0,790.2568,0.3795026185554382,0.4142826320519131
5-13B,6.0,835.0407,-0.7769045251096529,0.08283573203392242
5-13B,6.0,863.2971,-0.37014452114214347,0.15129807225741215
5-13B,6.0,864.1473,0.020400904747437387,0.1720699018172708
5-13B,6.0,974.2935,-0.34429648739623775,0.3318410930431475
5-13B,6.0,976.7162,0.814781027787614,0.28498940695411296
5-13B,7.0,57.0342,0.6307383542818004,0.5273101057722521
5-13B,7.0,58.0295,-0.9311288102558521,0.31090994590514714
5-13B,7.0,59.0135,0.8189552936925464,0.2231276014817289
5-13B,7.0,71.0137,1.0048930549621,0.17219702920273203
5-13B,7.0,73.0293,-0.9191451964283266,0.020265970205805235
5-13B,7.0,74.0247,0.07606178016695604,0.1636584527459388
5-13B,7.0,75.0087,-0.7625467923272475,0.4496002579911601
5-13B,7.0,87.0088,-0.6659440502063596,0.011280123211646623
5-13B,7.0,87.0451,0.034124975305666216,0.1738458462542614
5-13B,7.0,88.0403,-0.8504530942809968,0.01455940910038192
5-13B,7.0,88.9883,-0.6882752294898178,0.24124367738261804
5-13B,7.0,89.0244,-0.6616810401693045,0.12320389071475107
5-13B,7.0,93.0338,-0.07268027363092085,0.007977028051947067
5-13B,7.0,94.9761,-0.6755914533271032,0.4240847072669443
5-13B,7.0,94.9806,0.7329225652065989,0.3440458153933921
5-13B,7.0,95.0139,0.8259831667717834,0.2885243366432971
5-13B,7.0,101.0242,0.36431112400280974,0.11871161268952585
5-13B,7.0,102.056,-0.10003639066363884,0.06815319084647797
5-13B,7.0,103.0402,-0.9200890747260111,0.04463586453552579
5-13B,7.0,103.0509,-0.8690823842823061,0.14735439770203115
5-13B,7.0,104.0352,0.5249938618228254,0.19053343337421472
5-13B,7.0,105.0193,-0.4129055695727408,0.12972068979787163
5-13B,7.0,107.0503,-0.24141205466525828,0.8255115967512314
5-13B,7.0,109.0295,0.12350658838549972,0.2283245709375602
5-13B,7.0,111.02,-0.9679897988552013,0.02062135132205549
5-13B,7.0,112.0516,-0.4592972027205219,0.50901494996641
5-13B,7.0,113.0244,0.7451701536624671,0.06647717865127134
5-13B,7.0,113.0357,-1.0209556495696446,0.03207172455229097
5-13B,7.0,114.056,-0.2411409744772411,0.002772846269808083
5-13B,7.0,115.0037,-0.6337774072894404,0.06254787384035017
5-13B,7.0,115.0402,-1.053749426643328,0.4710115323654439
5-13B,7.0,115.0764,-0.4791723898875744,0.9174099803995284
5-13B,7.0,116.0354,-0.43868681394448084,0.06362409696112223
5-13B,7.0,116.0717,-0.7067614530996194,0.012244820423965403
5-13B,7.0,117.0194,-0.8980719424684056,0.008017166182593004
5-13B,7.0,118.0508,-0.9053384721796192,0.2398508832478449
5-13B,7.0,118.9804,0.8757024638419455,0.24734651942168104
5-13B,7.0,119.0503,1.1854582751244664,0.4698342486784617
5-13B,7.0,120.9273,-0.6404264119169409,0.020977419779243035
5-13B,7.0,121.0295,-0.11280612387698959,0.4582140478790004
5-13B,7.0,121.0409,0.4480465484130307,0.5957111594924955
5-13B,7.0,122.0248,-0.06891126590322065,0.7257618870277374
5-13B,7.0,124.0075,13.614371258671941,1.1149616086296705
5-13B,7.0,124.0144,1.6070094182750068,0.5183837318386451
5-13B,7.0,125.0439,-0.013552738739630203,0.47609688427142827
5-13B,7.0,127.0764,0.5523140124741444,0.648344389376489
5-13B,7.0,128.0354,-0.17552730418658652,0.017076549157065475
5-13B,7.0,129.0193,-1.0696494065806097,0.05372118845963715
5-13B,7.0,129.0556,0.10363143736158123,0.5322412284541903
5-13B,7.0,130.0142,-0.8905822759312265,0.20999036327809936
5-13B,7.0,130.0509,-0.9781811793404938,0.031230755291533924
5-13B,7.0,130.0874,-0.7340851614098323,0.06538125950744383
5-13B,7.0,131.0008,0.698552437587928,0.4385071889123164
5-13B,7.0,131.0123,-0.7573276687258215,0.023440413515474087
5-13B,7.0,131.035,-0.18463285065964724,0.06836620299172923
5-13B,7.0,131.0462,0.12625063251670202,0.17401950174686026
5-13B,7.0,131.0828,-0.012520622416715423,0.046106165110444325
5-13B,7.0,132.0302,-1.0584783734933445,0.018696374235040263
5-13B,7.0,133.0142,0.2138764685607509,0.12617052392107886
5-13B,7.0,133.0257,0.14709933399921588,0.07545810915282841
5-13B,7.0,133.0505,-1.1314858682612199,0.03302776111163469
5-13B,7.0,134.0472,-0.38604256278374716,0.2016917975464103
5-13B,7.0,134.0604,-1.264610067553386,0.1740230468930372
5-13B,7.0,135.0302,-0.15879943210038083,0.2612473003258526
5-13B,7.0,135.0453,0.7450340348992213,0.20106778898733604
5-13B,7.0,136.0404,-0.46867628477715073,0.03264518476889481
5-13B,7.0,136.0487,0.5033245717392157,0.3957956598991071
5-13B,7.0,136.0767,-0.662985590010956,0.8928547340260485
5-13B,7.0,137.0239,-0.0018077758686829704,0.26573565889766554
5-13B,7.0,138.9789,-1.0372665842347333,0.4029965655086169
5-13B,7.0,139.0014,-0.27917392164092514,0.09173415667833318
5-13B,7.0,139.0067,-0.6694509291564424,0.035490068711413664
5-13B,7.0,139.976,-0.07059823838954413,0.4041776618205134
5-13B,7.0,143.0713,0.08844858136557952,0.3418373396474033
5-13B,7.0,143.1077,-0.7185018654188835,0.4167096888161146
5-13B,7.0,145.0141,-0.3208045113441778,0.13345608382333976
5-13B,7.0,145.0506,-0.3434865151225812,0.1276119932189903
5-13B,7.0,145.0623,0.5427774178886879,0.19036062443703314
5-13B,7.0,145.0982,0.33061636563587316,0.2495111801845504
5-13B,7.0,145.1106,0.1942467698871783,0.5271461957793602
5-13B,7.0,146.0459,0.06398704403856023,0.01987229635038708
5-13B,7.0,147.0298,-0.8534415578467687,0.030204127704899886
5-13B,7.0,147.0662,-1.1602850546184118,0.03355739887421419
5-13B,7.0,149.0092,0.8774724825268454,0.3501273529100234
5-13B,7.0,149.0456,-0.1633229941719252,0.09251024991311242
5-13B,7.0,149.0608,-0.06758274760160979,0.21670851759833518
5-13B,7.0,150.0422,-0.22611028005779227,0.7028460301237719
5-13B,7.0,150.9707,-0.0035307541465516706,0.5896338081042714
5-13B,7.0,151.0259,-0.6206351416746645,0.043856133023343964
5-13B,7.0,151.04,-0.33725080152623715,0.4481234520708427
5-13B,7.0,151.06,0.2489081022906076,0.38243131594337826
5-13B,7.0,152.0353,-0.3804182856085767,0.18298543871096773
5-13B,7.0,152.0716,-0.37189307820633727,0.5421664429071389
5-13B,7.0,153.0192,1.2405288882104215,0.10969841683683981
5-13B,7.0,154.062,0.08627836420333593,0.10649855245614293
5-13B,7.0,154.9751,-0.9248944525880511,0.007497965502251284
5-13B,7.0,155.0099,-0.9186589585406266,0.02962539343573825
5-13B,7.0,157.0128,-0.932381482651261,0.0253180314692444
5-13B,7.0,157.0255,-1.1500448692384737,0.027337682588273723
5-13B,7.0,157.0379,-1.1736157753859184,0.04509157668699073
5-13B,7.0,157.0504,-1.0881350300509052,0.06663220377517742
5-13B,7.0,159.0297,-0.5923852957374436,0.0356123570305924
5-13B,7.0,159.0775,-0.8841261635986513,0.018313931653940685
5-13B,7.0,160.0616,-0.5391075301859328,0.286510901223576
5-13B,7.0,161.0453,-0.5929425244115321,0.1414376225907758
5-13B,7.0,162.0424,-1.1220545366691075,0.07470120458496564
5-13B,7.0,163.0351,-0.7330635225748385,0.07966897609535036
5-13B,7.0,163.0398,0.31200009146779434,0.11486017105017117
5-13B,7.0,163.0611,-0.4099404296460212,0.4511316160493449
5-13B,7.0,164.0716,-0.24085291227712274,0.06141784110472397
5-13B,7.0,165.03,0.8627271646677126,0.47834829488748504
5-13B,7.0,165.0405,2.2927190563355557,0.28955835214933173
5-13B,7.0,165.0556,-0.6397850653731264,0.11085535154925727
5-13B,7.0,166.0508,-0.9646838503850177,0.2639885365228267
5-13B,7.0,166.0632,-0.3813342055749547,0.9632477951339595
5-13B,7.0,166.9759,-0.5554193063127125,0.7368193599336209
5-13B,7.0,167.0207,0.589748894023387,0.117698724452964
5-13B,7.0,167.0358,0.07137995244545871,0.43585572315230736
5-13B,7.0,167.0828,-0.2681262335843141,0.3983388056099262
5-13B,7.0,168.0277,0.20539243450351924,0.046952965290612714
5-13B,7.0,168.0664,-0.4769722342703172,0.2744533546461709
5-13B,7.0,170.0455,-0.7698938038722061,0.03244773913736219
5-13B,7.0,171.0065,-0.714209683262895,0.05397344568527882
5-13B,7.0,171.0092,-0.5674074704269826,0.10226967968785237
5-13B,7.0,171.0284,-0.810352820582496,0.017369398474646594
5-13B,7.0,172.0616,-0.903765504573635,0.16715084495424729
5-13B,7.0,172.962,-0.6469985844175832,0.02653563070901763
5-13B,7.0,173.0089,-0.9276861267484491,0.09790238311569378
5-13B,7.0,173.0453,-0.8296433200444984,0.17324908274188847
5-13B,7.0,173.0932,-0.680752099156049,0.032440498349397905
5-13B,7.0,173.1041,-0.06698894145124418,0.13077173157281602
5-13B,7.0,174.0407,-0.9006959757340136,0.01718744495680443
5-13B,7.0,174.088,-0.37206808939160607,0.12227392189199811
5-13B,7.0,175.022,-0.747518598255267,0.09533463596269467
5-13B,7.0,175.0361,-1.0816216445325344,0.004134474192188171
5-13B,7.0,175.0611,-1.026910226066649,0.030889161320902112
5-13B,7.0,176.0776,-0.8632061575224326,0.10047760768152478
5-13B,7.0,177.0402,-1.2076436710312963,0.22809401923888759
5-13B,7.0,177.0553,0.8837990856090774,0.5070277725164274
5-13B,7.0,178.0509,-0.750230421792717,0.013202279440524234
5-13B,7.0,179.0348,-0.9807710537179885,0.25467432224060105
5-13B,7.0,179.0561,0.46141792212187316,0.10222952232204316
5-13B,7.0,180.0663,0.4329702014421857,0.1267676697266836
5-13B,7.0,181.0505,-1.3478122672986872,0.7461127750041189
5-13B,7.0,182.9725,0.8679564540912971,0.1645936930878283
5-13B,7.0,183.0661,-0.018794622380207807,0.3385785828757368
5-13B,7.0,184.0017,0.529786226795551,0.1368345181856576
5-13B,7.0,184.9856,-0.4514857815299139,0.13956601050839182
5-13B,7.0,186.1136,1.916911175082816,0.5646236116357323
5-13B,7.0,187.0234,-0.6760938092005856,0.32517650076812893
5-13B,7.0,188.035,0.5446581387271211,0.46971052099098093
5-13B,7.0,188.0565,-0.7403583996928094,0.03181423102543392
5-13B,7.0,189.0405,-0.776674000163914,0.044135830182377954
5-13B,7.0,191.0197,-0.21906609698602314,0.09851942441877443
5-13B,7.0,191.0561,-0.9108382951501041,0.10997821903800763
5-13B,7.0,192.0663,1.8286348099264365,0.5035034574566353
5-13B,7.0,193.0349,1.564221325868301,0.6123599792496774
5-13B,7.0,194.0682,-0.8425120039406222,0.13544219808791247
5-13B,7.0,194.0822,0.3007948489389032,0.6699630633538383
5-13B,7.0,195.0509,1.2507519610123758,0.15427384276627878
5-13B,7.0,195.0657,0.6509374089056735,0.4827125444062026
5-13B,7.0,196.0603,-0.8712505167774434,0.06000171388282738
5-13B,7.0,198.0182,-0.4138718335163856,0.2657996818785618
5-13B,7.0,199.0019,-0.3228593086573869,0.07689593713307248
5-13B,7.0,200.9937,0.35842446655935745,0.2441721384388657
5-13B,7.0,201.0051,-0.5179469612092905,0.26888976065567705
5-13B,7.0,203.0348,-0.24699993585065966,0.0954429925775509
5-13B,7.0,203.0826,-0.06858715147182429,0.05369326013971568
5-13B,7.0,204.0498,0.2297234833599035,0.2652897424987224
5-13B,7.0,205.0351,-0.5509627499006029,0.11325424614017204
5-13B,7.0,206.0822,0.0005021285655298453,0.05605670299482929
5-13B,7.0,209.0292,0.3832312778099912,0.313011512591383
5-13B,7.0,209.0814,0.7651826510624642,0.5759656471726855
5-13B,7.0,211.0235,-0.0557805611423773,0.28054789374963
5-13B,7.0,211.9968,-0.9449140138906653,0.033584467469515454
5-13B,7.0,212.0331,-0.5020009923742756,0.31056779396035994
5-13B,7.0,212.9807,-0.6998343593585081,0.03851292093757767
5-13B,7.0,213.014,-0.59450692506827,0.16332566902102447
5-13B,7.0,213.0384,-0.11227471159062125,0.4775383192835079
5-13B,7.0,213.1252,0.0632456704933308,0.38653737923297304
5-13B,7.0,214.0488,0.32437877626570955,0.61094187627835
5-13B,7.0,215.0331,0.7523390285365514,0.09271971317482401
5-13B,7.0,216.1351,0.4540946527428438,0.04781137227524813
5-13B,7.0,218.0335,0.8120907483936858,0.09028873835239852
5-13B,7.0,218.1034,-0.6763979573432556,0.03729503310856695
5-13B,7.0,220.0828,0.6111459900633415,0.7561958841594253
5-13B,7.0,221.0443,1.0010524698823702,0.19702012904546537
5-13B,7.0,221.0664,-0.7768355094981897,0.11368573034584113
5-13B,7.0,225.0399,0.07260424743433276,0.656227264010127
5-13B,7.0,225.0861,-0.5379708411526803,0.26417064485941816
5-13B,7.0,225.0901,-0.055029424256216625,0.5118007278626523
5-13B,7.0,226.0135,-0.6373248873437534,0.29683498969057437
5-13B,7.0,226.0697,0.26914067342473147,0.21729446436448016
5-13B,7.0,228.0501,-0.16767607405011978,0.3190665577762671
5-13B,7.0,229.0122,-0.06611082940949706,0.1967878464959
5-13B,7.0,237.0614,-0.703173234988872,0.2261783328241931
5-13B,7.0,238.0945,0.24954600240911645,0.3898425991797504
5-13B,7.0,240.0515,-0.7770995821933779,0.02558236902925425
5-13B,7.0,241.0844,0.05116818844652421,0.25817091477226656
5-13B,7.0,242.0804,0.5616595067717192,0.4609008951638649
5-13B,7.0,243.029,-0.8159144864381637,0.2194773423756123
5-13B,7.0,243.0625,-0.5639384878716648,0.37965965952098
5-13B,7.0,245.0444,-0.5499196958229315,0.05109225865751466
5-13B,7.0,246.0198,-0.5395125790555634,0.34084043706801154
5-13B,7.0,246.064,1.1889790022662508,0.2629988703921656
5-13B,7.0,251.0816,-0.45337860124131646,0.30086204097590696
5-13B,7.0,253.0119,-0.3372568660765062,0.013699988678121774
5-13B,7.0,253.0499,0.5663515862852269,0.4715917688160976
5-13B,7.0,257.0072,-0.7081022791281842,0.5142811672422635
5-13B,7.0,257.1028,1.011059361640493,0.33602474682910777
5-13B,7.0,259.005,0.1045858503076516,0.4571630780207735
5-13B,7.0,259.0227,0.32397827115503464,0.22697599334864357
5-13B,7.0,261.0385,0.21738445919624375,0.27137609538423313
5-13B,7.0,266.0703,-0.6046290530741948,0.1729581752107894
5-13B,7.0,267.0724,-0.5405844848516903,0.05118716913703517
5-13B,7.0,268.02,-0.3381450187698059,0.5572632420417329
5-13B,7.0,269.0398,-0.7269166962695488,0.13647514939854155
5-13B,7.0,271.0612,-0.009595449448385862,0.5520506467196438
5-13B,7.0,271.0815,0.09537175491839045,0.5138314819345577
5-13B,7.0,273.0021,-0.8425695587336015,0.1984111093101386
5-13B,7.0,274.0933,-0.3796898142019307,0.2660110926136155
5-13B,7.0,275.0184,-0.06472579333947558,0.6438651957483995
5-13B,7.0,275.0991,-0.6009226409521403,0.3077231510146116
5-13B,7.0,277.1207,0.49916911223642935,0.10639655956740025
5-13B,7.0,277.2169,0.05633358005765732,0.45750548906275246
5-13B,7.0,279.2331,0.07049775310066864,0.05519953749842492
5-13B,7.0,282.0839,0.015299109723875909,0.8134255557554627
5-13B,7.0,283.2063,0.2871351875639682,0.11062819712470158
5-13B,7.0,285.0972,0.6285366885814199,0.627324706045469
5-13B,7.0,287.0157,0.8711272039230054,0.2667558701241766
5-13B,7.0,288.0725,-0.5080281764976233,0.14383547847011868
5-13B,7.0,289.0333,1.132763390194998,0.4078636979235197
5-13B,7.0,289.1044,-0.8544358250859497,0.21926451566645308
5-13B,7.0,290.9677,-0.4898513255344436,0.07715850598953346
5-13B,7.0,294.0479,0.6026901860676238,0.8965071965754571
5-13B,7.0,300.0509,0.3496691258976752,1.036911785888409
5-13B,7.0,301.0333,-0.2534309595293313,0.6847028902078215
5-13B,7.0,303.2326,-0.37234342977302615,0.1823755592535356
5-13B,7.0,305.0207,0.840234245819831,0.2098790466026861
5-13B,7.0,306.0481,-1.0447737638125114,0.11695239262889033
5-13B,7.0,306.0765,-0.26722550996745387,0.023647807096297612
5-13B,7.0,308.0986,-0.050890754622027204,0.038459234031701026
5-13B,7.0,313.0441,-0.14912096385256085,0.16110796174431788
5-13B,7.0,313.1037,-0.7166364874511599,0.3801868988461281
5-13B,7.0,317.026,0.030753698663419586,0.18445117695134133
5-13B,7.0,323.0256,-0.09865178719465895,0.27896728071287985
5-13B,7.0,325.1163,-0.4981241505908317,0.15273143726912325
5-13B,7.0,328.0457,-0.6884874769227426,0.1587785202383116
5-13B,7.0,333.0589,-1.3520591912016013,0.11806790848456553
5-13B,7.0,338.9884,-0.5016199295301231,0.15411521492131752
5-13B,7.0,339.0928,0.18205469940674782,0.4231421553667745
5-13B,7.0,341.1089,0.6316274861876845,0.22494961472911515
5-13B,7.0,344.0393,-0.37831063401410675,0.0616779776381233
5-13B,7.0,346.0556,1.014879475315818,0.2681550670006132
5-13B,7.0,348.087,-0.821792490857078,0.0628989838067568
5-13B,7.0,353.0489,8.233813634879787,0.8482193608192359
5-13B,7.0,357.089,-0.22338533108779193,0.3509075871299092
5-13B,7.0,375.131,-0.8145639566408958,0.37334055671552074
5-13B,7.0,377.1496,-0.22029983479307969,0.29944532386739015
5-13B,7.0,383.1188,0.8241981348097145,0.5096475312956122
5-13B,7.0,388.9416,-0.18483583403800785,0.49500564857726137
5-13B,7.0,388.9442,-0.7356070965797934,0.5012373915726783
5-13B,7.0,401.0756,1.0805381076630507,0.10450399077453838
5-13B,7.0,407.2795,0.8844502951132318,0.40587232074507057
5-13B,7.0,421.0743,0.4555389206025551,0.6337743693936165
5-13B,7.0,426.0222,1.2267587818522205,0.6169032905684307
5-13B,7.0,442.9997,0.16644514455379297,0.22512730998410832
5-13B,7.0,466.9657,0.3213402833638668,0.20649814100898134
5-13B,7.0,490.9787,0.29520731646370246,0.7511695445525032
5-13B,7.0,503.1614,0.45120513896474246,0.5266821415120421
5-13B,7.0,547.0731,-0.9480362029297162,0.09762061901599042
5-13B,7.0,565.0471,-0.7781038399624804,0.3701221452401098
5-13B,7.0,578.8872,0.9325270322545397,0.05409208686342486
5-13B,7.0,579.0269,1.343816840852281,0.19128908561151559
5-13B,7.0,612.2549,-0.9620105328489436,0.2537225585446331
5-13B,7.0,624.2949,-0.672912915536139,0.47709476607880497
5-13B,7.0,659.307,-0.5783089805380479,0.29433752168295485
5-13B,7.0,664.0939,-0.6775982645507381,0.09613721366288931
5-13B,7.0,665.2144,-0.07411912969462948,0.25381838698711934
5-13B,7.0,668.1374,-0.6021351400397421,0.0009502037256048196
5-13B,7.0,787.255,-0.4822914511477433,0.5730409408403493
5-13B,7.0,790.2568,-0.3057395453464026,0.18300541080448623
5-13B,7.0,835.0407,-0.7078086328274338,0.235275478901104
5-13B,7.0,863.2971,-0.7599239431339182,0.07498222666364553
5-13B,7.0,864.1473,-1.2200838963156273,0.21432549315856125
5-13B,7.0,974.2935,-0.5733262524834888,0.28392228389709734
5-13B,7.0,976.7162,0.1904502313244444,0.22720466522552377
5-13B,8.0,57.0342,2.061906782056542,0.6436817773749252
5-13B,8.0,58.0295,-0.9827018814518198,0.13889445455222144
5-13B,8.0,59.0135,2.3163667509837955,0.5236182743743225
5-13B,8.0,71.0137,1.7500148122728485,0.0709693061505005
5-13B,8.0,73.0293,-0.8892744289910886,0.02234638775504898
5-13B,8.0,74.0247,-0.39268688097314425,0.30150052641221087
5-13B,8.0,75.0087,0.3226681084701534,0.44714606620105435
5-13B,8.0,87.0088,-0.6393519229903533,0.014515141836882427
5-13B,8.0,87.0451,0.37414503712703506,0.1755739289628164
5-13B,8.0,88.0403,-0.8547309765651612,0.026373619916184518
5-13B,8.0,88.9883,-0.842159167955702,0.45885177855733006
5-13B,8.0,89.0244,-0.1792431703791135,0.09900044104219098
5-13B,8.0,93.0338,-0.05884252506130169,0.023517590764742143
5-13B,8.0,94.9761,-0.729123740732127,0.6264987263886341
5-13B,8.0,94.9806,1.595914934597514,0.5291936099320224
5-13B,8.0,95.0139,1.6371472646543728,0.19669814997265855
5-13B,8.0,101.0242,1.2746195323363447,0.19301413297224868
5-13B,8.0,102.056,0.011578340289056827,0.10088002401446983
5-13B,8.0,103.0402,-0.7620532348974094,0.05070394080981609
5-13B,8.0,103.0509,-0.770935981790328,0.030661617485457135
5-13B,8.0,104.0352,-0.5574240703845921,0.07310393912021493
5-13B,8.0,105.0193,-0.5344108842932037,0.695415690601423
5-13B,8.0,107.0503,0.8046833613804801,0.9079506298282556
5-13B,8.0,109.0295,1.0852487418737706,0.3247404188281813
5-13B,8.0,111.02,-0.8331214940254859,0.03821673983096754
5-13B,8.0,112.0516,1.0694040036599113,0.24327668876396638
5-13B,8.0,113.0244,1.633747928772535,0.24837881087823263
5-13B,8.0,113.0357,-0.7083638778793659,0.07257959825518807
5-13B,8.0,114.056,-0.24903089343940954,0.0014524140633740358
5-13B,8.0,115.0037,-0.6051791042156156,0.0963590652915237
5-13B,8.0,115.0402,0.40491553007203274,0.7148412866478924
5-13B,8.0,115.0764,0.7280266564973814,1.1840812630760664
5-13B,8.0,116.0354,0.030105378619514914,0.43163142307092084
5-13B,8.0,116.0717,-0.758074172060912,0.021246669536410533
5-13B,8.0,117.0194,-0.8904167740302898,0.011131156785205334
5-13B,8.0,118.0508,-1.021881839682616,0.1574983173702837
5-13B,8.0,118.9804,1.463707314646519,0.39089401164038123
5-13B,8.0,119.0503,2.2723791945485337,0.5832393356732479
5-13B,8.0,120.9273,-0.6018916557731819,0.06295975272341447
5-13B,8.0,121.0295,0.0972620315354815,1.2323810958043375
5-13B,8.0,121.0409,0.06293349495047973,1.007563219886207
5-13B,8.0,122.0248,0.6799248349122595,0.40044659844598013
5-13B,8.0,124.0075,0.3935818224423475,0.4878261391122449
5-13B,8.0,124.0144,1.8142963155001115,0.213560812672377
5-13B,8.0,125.0439,0.8511738786094635,0.2998846170079999
5-13B,8.0,127.0764,1.3392568806459009,1.2821947116392982
5-13B,8.0,128.0354,-0.29993671718515136,0.024147142682695424
5-13B,8.0,129.0193,-0.9021771606422737,0.10370106638239662
5-13B,8.0,129.0556,0.8923073379639151,0.8577007071450342
5-13B,8.0,130.0142,-0.652491468873921,0.19018956437742743
5-13B,8.0,130.0509,-0.9627425206415718,0.017595316271877208
5-13B,8.0,130.0874,-1.0780255136105583,0.0364295412353854
5-13B,8.0,131.0008,0.7060757312743453,1.6141122023912153
5-13B,8.0,131.0123,-0.5731056552364318,0.101591537750687
5-13B,8.0,131.035,0.4176640353331956,0.15188427794370465
5-13B,8.0,131.0462,0.2854531921235177,0.15323326098232576
5-13B,8.0,131.0828,-0.7700302073975498,0.11907125480731258
5-13B,8.0,132.0302,-1.0459382886262334,0.024662055715117943
5-13B,8.0,133.0142,0.31471543543040353,0.21161973023541678
5-13B,8.0,133.0257,0.14506958491969515,0.1537001272371975
5-13B,8.0,133.0505,-1.0753778355180388,0.02841891593098354
5-13B,8.0,134.0472,-0.7134364579366956,0.3154022011323606
5-13B,8.0,134.0604,-0.9368781308367145,0.35121484190882374
5-13B,8.0,135.0302,-0.7335236996862275,0.12171966980269334
5-13B,8.0,135.0453,1.5010593366774856,0.3164031757015839
5-13B,8.0,136.0404,-0.43816048918761175,0.0695148272702773
5-13B,8.0,136.0487,1.1423035194424724,0.5032979095299677
5-13B,8.0,136.0767,0.717304806554243,0.5197466476602148
5-13B,8.0,137.0239,0.20125785677026614,0.3100478931738347
5-13B,8.0,138.9789,0.6610170519521366,0.8001408646988665
5-13B,8.0,139.0014,-0.21950634562619958,0.06941192857838577
5-13B,8.0,139.0067,-0.551481446553963,0.06782474343020399
5-13B,8.0,139.976,1.2054823586495098,1.0182856298332472
5-13B,8.0,143.0713,0.7710930449301492,0.5022181105107272
5-13B,8.0,143.1077,0.3591456563593502,0.40399931136329575
5-13B,8.0,145.0141,-0.17722403254503524,0.18414727771663947
5-13B,8.0,145.0506,-0.6733324544511128,0.21619341725833263
5-13B,8.0,145.0623,-0.9388928408675523,0.049992959045221386
5-13B,8.0,145.0982,-0.7317894860439742,0.10613555050526706
5-13B,8.0,145.1106,0.5661515340702805,0.7677871926970721
5-13B,8.0,146.0459,0.2522146189070896,0.07865540453905547
5-13B,8.0,147.0298,-0.8178146023278254,0.030970622341924194
5-13B,8.0,147.0662,-1.0303343664203273,0.039152452997038824
5-13B,8.0,149.0092,1.6636507395623688,0.6172005225054301
5-13B,8.0,149.0456,0.43383308253953246,0.2159554263005139
5-13B,8.0,149.0608,1.7865190021044601,0.3280389116204894
5-13B,8.0,150.0422,-0.7225736355993574,0.3645700037151887
5-13B,8.0,150.9707,-0.9055867329858684,0.8736159643715078
5-13B,8.0,151.0259,-0.6216147372953502,0.026532865034126017
5-13B,8.0,151.04,0.8175455021544632,0.5723834872895781
5-13B,8.0,151.06,-0.687848510114617,0.2888172908359171
5-13B,8.0,152.0353,0.5394595563737701,0.5643200822378883
5-13B,8.0,152.0716,0.21488177951310977,0.3031417664278055
5-13B,8.0,153.0192,2.5471087842476674,0.23445344666439177
5-13B,8.0,154.062,-0.5490190536103857,0.08188635370492008
5-13B,8.0,154.9751,-0.9138841784603009,0.005648736413356569
5-13B,8.0,155.0099,-0.7509299622024606,0.043379188963947275
5-13B,8.0,157.0128,-0.8185822510570766,0.04057881868538957
5-13B,8.0,157.0255,-1.0153866194401748,0.03639827898879556
5-13B,8.0,157.0379,-1.038454243284522,0.044688568001633455
5-13B,8.0,157.0504,-1.084300068209879,0.08650162527384148
5-13B,8.0,159.0297,-0.25191139118889844,0.07295437816790468
5-13B,8.0,159.0775,-0.6668612136865981,0.06484648289289865
5-13B,8.0,160.0616,-0.8764318447914199,0.27882279985880154
5-13B,8.0,161.0453,-0.026279814053847057,0.23705762174262457
5-13B,8.0,162.0424,-1.1980368804539605,0.457645981986769
5-13B,8.0,163.0351,-0.8321059172447293,0.2884751998848578
5-13B,8.0,163.0398,0.6025372453411625,0.09214270837639293
5-13B,8.0,163.0611,-0.27621062453758066,0.906844830890254
5-13B,8.0,164.0716,-0.5605465507100654,0.0773190569599672
5-13B,8.0,165.03,1.3999947352679056,0.5419654452440438
5-13B,8.0,165.0405,1.5008747420172335,0.5826474563234056
5-13B,8.0,165.0556,-0.6496171425137508,0.17014792829325917
5-13B,8.0,166.0508,-0.5552454893151783,0.3209697246620715
5-13B,8.0,166.0632,-1.169370617854141,0.8903763437648551
5-13B,8.0,166.9759,-0.19023407294601685,0.17267091240596627
5-13B,8.0,167.0207,-0.21095861965320245,0.4464103147117447
5-13B,8.0,167.0358,1.3406596871517005,0.43854471943874423
5-13B,8.0,167.0828,0.3984531875897659,1.1746301203196792
5-13B,8.0,168.0277,0.4582594103337878,0.07666443536912396
5-13B,8.0,168.0664,0.734938132229287,1.0343616454987792
5-13B,8.0,170.0455,-0.7600404574772559,0.04533832658739473
5-13B,8.0,171.0065,-0.6451854250328319,0.186151149468562
5-13B,8.0,171.0092,-0.2848457824193588,0.2633436797948312
5-13B,8.0,171.0284,-0.7316106131944675,0.07225668206898198
5-13B,8.0,172.0616,-0.823623247944216,0.2534873385469057
5-13B,8.0,172.962,-0.5269795978363374,0.08821456395158334
5-13B,8.0,173.0089,-0.8329275275350405,0.09029169803782613
5-13B,8.0,173.0453,-0.8183948361153919,0.055320592478177
5-13B,8.0,173.0932,-0.8877187771203667,0.05494013318798301
5-13B,8.0,173.1041,-0.9732444607420272,0.16239810283809708
5-13B,8.0,174.0407,-0.8891039608886605,0.012597025485294877
5-13B,8.0,174.088,-0.9241222037911235,0.1914640331464726
5-13B,8.0,175.022,-0.7927507883705418,0.17903351842754373
5-13B,8.0,175.0361,-1.037697941229786,0.028758793621809636
5-13B,8.0,175.0611,-0.9595302278909152,0.028978164256897716
5-13B,8.0,176.0776,-0.7935730254429925,0.09323593392376517
5-13B,8.0,177.0402,-0.6768942800226853,0.6038091765301187
5-13B,8.0,177.0553,1.9184742311642577,0.8701769261023987
5-13B,8.0,178.0509,-0.7394209598164131,0.005617018615801895
5-13B,8.0,179.0348,-0.7095652288809167,0.2863153582609162
5-13B,8.0,179.0561,1.0751909501677814,0.17143935406607874
5-13B,8.0,180.0663,1.2550760323102224,0.08583964898552089
5-13B,8.0,181.0505,-1.1003417953162904,0.11547406879654484
5-13B,8.0,182.9725,1.2360180384070736,0.4117943925930841
5-13B,8.0,183.0661,0.8288905539166513,0.43262633971691955
5-13B,8.0,184.0017,0.8086378059547061,0.03730179781025666
5-13B,8.0,184.9856,-0.047339583096572165,0.07434799472793917
5-13B,8.0,186.1136,1.469935835526131,0.6438953963671125
5-13B,8.0,187.0234,-1.0403041931173949,0.3972483322753325
5-13B,8.0,188.035,0.24861296092266183,0.327136452670547
5-13B,8.0,188.0565,-0.6199749403423735,0.020480302113379215
5-13B,8.0,189.0405,-0.7676267041733199,0.18514502095587299
5-13B,8.0,191.0197,-0.13889765330110027,0.1909781950008982
5-13B,8.0,191.0561,-0.9968923119358906,0.03258675694703414
5-13B,8.0,192.0663,-0.9078609194691716,0.628062341268823
5-13B,8.0,193.0349,0.38717263126318624,0.4818301669704019
5-13B,8.0,194.0682,-1.0011580263006299,0.2605169408350916
5-13B,8.0,194.0822,1.1809131419679235,0.43126797140655043
5-13B,8.0,195.0509,-0.04907135400855175,0.060520648658501326
5-13B,8.0,195.0657,-0.7042836978519247,0.5347494717129753
5-13B,8.0,196.0603,-0.7672107329076461,0.09822785944458107
5-13B,8.0,198.0182,-0.6092943283892888,0.3300630171159259
5-13B,8.0,199.0019,-0.10900651408841597,0.3960203140213837
5-13B,8.0,200.9937,0.903897880985405,0.17188490982702834
5-13B,8.0,201.0051,0.1358598901463779,0.6921206271246162
5-13B,8.0,203.0348,0.3638843670036821,0.27868476852901347
5-13B,8.0,203.0826,-0.08198344729724409,0.009079667945723352
5-13B,8.0,204.0498,1.462950905876177,2.020972769146497
5-13B,8.0,205.0351,-0.4936549857915647,0.05387848665465224
5-13B,8.0,206.0822,0.5827665131254454,0.6052823155429007
5-13B,8.0,209.0292,-0.3643784154597135,0.37836221742781223
5-13B,8.0,209.0814,0.09955806369911284,0.8722072580533461
5-13B,8.0,211.0235,-0.38742989112005055,0.2384926818460532
5-13B,8.0,211.9968,-1.0064562511369206,0.05926958004060101
5-13B,8.0,212.0331,-0.5232143762447712,0.4739504661084633
5-13B,8.0,212.9807,-0.5062025171478512,0.15716362002610193
5-13B,8.0,213.014,-0.6461565519061764,0.15482836734730723
5-13B,8.0,213.0384,-0.28779200917821357,0.14904516569483536
5-13B,8.0,213.1252,0.3279679601903581,1.0309664070236102
5-13B,8.0,214.0488,0.35933404537614866,1.4575462657650875
5-13B,8.0,215.0331,1.5103114404148261,0.18329013465308666
5-13B,8.0,216.1351,0.27028463001761255,0.18605441422527993
5-13B,8.0,218.0335,1.3776999762086155,0.1474867586957332
5-13B,8.0,218.1034,-0.5192006116556078,0.05388244702245886
5-13B,8.0,220.0828,0.713974214569987,0.583003841480511
5-13B,8.0,221.0443,2.105604237144598,0.2023842138858402
5-13B,8.0,221.0664,0.08079943383518054,0.3067643145689421
5-13B,8.0,225.0399,0.32629750189054707,0.6288137889974945
5-13B,8.0,225.0861,1.55038993049367,0.5455551684622731
5-13B,8.0,225.0901,1.6608313625945454,0.9988068280383813
5-13B,8.0,226.0135,-0.12158213408120994,0.4460267105455628
5-13B,8.0,226.0697,0.13733522065669593,0.3516723300529214
5-13B,8.0,228.0501,-0.3915076448328767,0.5177806077992267
5-13B,8.0,229.0122,0.4449466939525263,0.14776600171970197
5-13B,8.0,237.0614,-0.7836142021177073,0.048599883622270905
5-13B,8.0,238.0945,-0.5728508885577428,0.41427925338216803
5-13B,8.0,240.0515,-0.4723993339169472,0.014535560576498458
5-13B,8.0,241.0844,-0.4595248314029589,0.9225742635161386
5-13B,8.0,242.0804,-0.47418767267419476,0.49599601350511485
5-13B,8.0,243.029,0.04500438918889688,0.3415137002874041
5-13B,8.0,243.0625,-1.3531847224162696,0.48019515265474705
5-13B,8.0,245.0444,-0.5845075538074185,0.25625690415098246
5-13B,8.0,246.0198,0.06755706304283625,0.5820528024058527
5-13B,8.0,246.064,1.676126619816521,0.29600988155825353
5-13B,8.0,251.0816,0.28509239540695247,0.7907083909713438
5-13B,8.0,253.0119,-0.32118453671302044,0.012166549834682643
5-13B,8.0,253.0499,1.0287326593352926,1.455198782969263
5-13B,8.0,257.0072,-0.5171188448138297,0.28081247160876616
5-13B,8.0,257.1028,0.3405218541962159,0.3293600067654614
5-13B,8.0,259.005,0.3138009210338697,0.3665365129655724
5-13B,8.0,259.0227,1.062638625476064,0.1278965893516213
5-13B,8.0,261.0385,0.5464447612690781,0.2743937789456323
5-13B,8.0,266.0703,-0.7965487424622693,0.3140446335644652
5-13B,8.0,267.0724,-0.4955557354736217,0.05195607592568428
5-13B,8.0,268.02,-0.9358991104336778,0.42402345820282095
5-13B,8.0,269.0398,-0.5567187679196708,0.1648254145459606
5-13B,8.0,271.0612,-0.04121251316866206,0.4152588029612285
5-13B,8.0,271.0815,-0.4954548547531421,0.615474458738054
5-13B,8.0,273.0021,-0.6452828110919654,0.03373597059152955
5-13B,8.0,274.0933,-0.3267318560935262,0.16268181137909307
5-13B,8.0,275.0184,0.47876665279188046,0.5614555824278815
5-13B,8.0,275.0991,-0.68285502795619,0.2325610415793253
5-13B,8.0,277.1207,0.7920693549190774,0.20738153653757382
5-13B,8.0,277.2169,0.8125149023781311,0.2989973309641217
5-13B,8.0,279.2331,-0.23192597633430406,0.02724703891993125
5-13B,8.0,282.0839,-0.14006298348752028,0.20652506721160913
5-13B,8.0,283.2063,-0.29680508182995835,0.07494587102427502
5-13B,8.0,285.0972,-0.3132759459015037,1.0127695096364788
5-13B,8.0,287.0157,1.5094660619141473,0.3384118525570457
5-13B,8.0,288.0725,-0.7242178490994755,0.04907295771996903
5-13B,8.0,289.0333,1.7314649403393902,0.5559171506999733
5-13B,8.0,289.1044,-1.14400273745688,0.3031406231580114
5-13B,8.0,290.9677,-0.4248638419517823,0.0790039023580038
5-13B,8.0,294.0479,0.7216797627982693,0.6557397432242159
5-13B,8.0,300.0509,0.8758281053292976,0.6701674390433718
5-13B,8.0,301.0333,0.8104084767271944,0.8732469928027614
5-13B,8.0,303.2326,0.5965044692362191,0.5712818158355096
5-13B,8.0,305.0207,1.533784378588579,0.2750502291247542
5-13B,8.0,306.0481,-0.867760130961599,0.11763239482687327
5-13B,8.0,306.0765,-0.24299830343621803,0.017567973972796996
5-13B,8.0,308.0986,-0.2947253931901741,0.0701317963243043
5-13B,8.0,313.0441,0.16958770809505835,0.12437570134965559
5-13B,8.0,313.1037,-0.9037317863601178,0.6061851773618325
5-13B,8.0,317.026,0.7993865856620859,1.1466118418407016
5-13B,8.0,323.0256,-0.2950181931219368,0.34051600942876664
5-13B,8.0,325.1163,0.1855889338075045,0.26181828572842186
5-13B,8.0,328.0457,-0.8593170229450791,0.11955366537573713
5-13B,8.0,333.0589,-1.064584511336587,0.24975752390258646
5-13B,8.0,338.9884,0.09674090470747229,0.2213686449180215
5-13B,8.0,339.0928,-0.9077644766712865,0.5142328152105102
5-13B,8.0,341.1089,0.3325312349268238,0.07094071751766452
5-13B,8.0,344.0393,-0.3222764399806073,0.1167479214538168
5-13B,8.0,346.0556,0.4886864429436444,0.3523401065293515
5-13B,8.0,348.087,-0.9302772726237662,0.061053963385658154
5-13B,8.0,353.0489,-0.23296190973882988,0.45600402970739673
5-13B,8.0,357.089,-0.1525707908510695,0.3270287805551787
5-13B,8.0,375.131,-0.8809251437363617,0.23123788877848658
5-13B,8.0,377.1496,-0.6093739508595633,0.45827790359552445
5-13B,8.0,383.1188,1.6069091054684663,0.7289049087428172
5-13B,8.0,388.9416,-0.1699097835626207,0.2926454482816151
5-13B,8.0,388.9442,-0.48037163345067324,0.33324531753260817
5-13B,8.0,401.0756,1.5878996975550193,0.25387639603747314
5-13B,8.0,407.2795,0.05973631441218108,0.35873035316875934
5-13B,8.0,421.0743,0.2826898296926086,0.5842311502235977
5-13B,8.0,426.0222,0.6325142891735577,0.443830938836417
5-13B,8.0,442.9997,0.10505660190367092,0.10726197128300456
5-13B,8.0,466.9657,1.0593418407301463,0.23776179586807147
5-13B,8.0,490.9787,1.2900329716597703,0.7225829228260943
5-13B,8.0,503.1614,1.643649975350512,0.44557981834819504
5-13B,8.0,547.0731,-0.6607353745560063,0.09820939453340925
5-13B,8.0,565.0471,-0.18437415019446252,0.4637467520077052
5-13B,8.0,578.8872,1.4288207038444676,0.2919578064152327
5-13B,8.0,579.0269,1.5931217457357079,0.40485962776394274
5-13B,8.0,612.2549,-0.5152877044364699,0.2506054301444404
5-13B,8.0,624.2949,-0.038615305103091954,0.5101359148021314
5-13B,8.0,659.307,-0.33412695852765034,0.33540465333448616
5-13B,8.0,664.0939,-0.4586203640166404,0.19206703272607925
5-13B,8.0,665.2144,-0.2119194232288355,0.17598122791552
5-13B,8.0,668.1374,-0.5998890729051735,0.00173291686430857
5-13B,8.0,787.255,-0.3422262314221716,0.3003281532346171
5-13B,8.0,790.2568,-0.12619447318362056,0.3036259689750936
5-13B,8.0,835.0407,-0.630007746241943,0.15814998445171535
5-13B,8.0,863.2971,-0.7391405689023642,0.11961533342018214
5-13B,8.0,864.1473,-0.3235763217482159,0.26699592974315156
5-13B,8.0,974.2935,-0.7514605142180173,0.23357264468721287
5-13B,8.0,976.7162,0.6554434952676469,0.3132889995809501
5-13B,9.0,57.0342,0.6792253259205676,0.3851335459714952
5-13B,9.0,58.0295,-0.7072410070639454,0.23811590148930742
5-13B,9.0,59.0135,2.1242960576180896,0.2371908127870624
5-13B,9.0,71.0137,1.567372567395263,0.1707047545713704
5-13B,9.0,73.0293,-0.8982877215620199,0.021586069524015174
5-13B,9.0,74.0247,0.14474473907197608,0.38195435017508533
5-13B,9.0,75.0087,-0.525800402990728,0.4729067088482557
5-13B,9.0,87.0088,-0.6228559153830979,0.011870003357387781
5-13B,9.0,87.0451,-0.3893596486431885,0.5506124109839652
5-13B,9.0,88.0403,-0.828879291382409,0.012980321864565469
5-13B,9.0,88.9883,-1.3947424015377412,0.3211231207373407
5-13B,9.0,89.0244,-0.15217773641306262,0.13951600033060085
5-13B,9.0,93.0338,-0.06723934413662824,0.023073353818165856
5-13B,9.0,94.9761,-0.19153321868011633,0.22820537899883406
5-13B,9.0,94.9806,1.1830788981355465,0.3077280446476836
5-13B,9.0,95.0139,1.2510380641214578,0.44510908828348916
5-13B,9.0,101.0242,1.110795867908372,0.1771465756900973
5-13B,9.0,102.056,-0.07774992981146615,0.0442963044208131
5-13B,9.0,103.0402,-0.749230287579293,0.03784875894271044
5-13B,9.0,103.0509,-0.7404767534307486,0.05014450241755755
5-13B,9.0,104.0352,-0.6176669991349311,0.18518228097175293
5-13B,9.0,105.0193,-1.5161662093464734,0.24716894475471154
5-13B,9.0,107.0503,0.7427020064336657,0.8845534170202017
5-13B,9.0,109.0295,1.5008915649590109,0.42557434224812407
5-13B,9.0,111.02,-0.7995558887409876,0.019064822734588684
5-13B,9.0,112.0516,0.035736127067368,1.035347791068865
5-13B,9.0,113.0244,1.3675585694352983,0.07000638333749092
5-13B,9.0,113.0357,-0.6334611049610792,0.027983371119844426
5-13B,9.0,114.056,-0.24447345122824743,0.0019453115803844071
5-13B,9.0,115.0037,-0.7563157059032335,0.06584235322203671
5-13B,9.0,115.0402,-0.5193424891011164,0.7080772308818788
5-13B,9.0,115.0764,0.38464500585277966,0.6722705201765594
5-13B,9.0,116.0354,0.13161195202542814,0.32975017180491173
5-13B,9.0,116.0717,-0.7187208703479453,0.012121337502261461
5-13B,9.0,117.0194,-0.8634256844831815,0.014127069219490111
5-13B,9.0,118.0508,-1.1020877759609302,0.2050441174319001
5-13B,9.0,118.9804,1.3021574845257624,0.1352868101547723
5-13B,9.0,119.0503,2.6827540196349196,0.18068785315796645
5-13B,9.0,120.9273,-0.5278976874032411,0.05621799960827147
5-13B,9.0,121.0295,0.2905223919651315,0.29935506694939784
5-13B,9.0,121.0409,0.1868294274887307,0.10658796647399177
5-13B,9.0,122.0248,-0.7519962977503085,0.24179714182374856
5-13B,9.0,124.0075,-0.08431504051293869,0.24036866070648077
5-13B,9.0,124.0144,0.6844440721803295,0.23894303400572112
5-13B,9.0,125.0439,-0.7502722961084456,0.13857176085558537
5-13B,9.0,127.0764,1.09596314563874,0.4475564178132681
5-13B,9.0,128.0354,-0.2772852581704177,0.00701180650929318
5-13B,9.0,129.0193,-0.8933987785533863,0.05736526942129661
5-13B,9.0,129.0556,-0.11454718182207656,0.41701510680319365
5-13B,9.0,130.0142,-0.7582141016105585,0.10286882626930191
5-13B,9.0,130.0509,-0.875128870510787,0.03162771745842571
5-13B,9.0,130.0874,-1.0196337489398317,0.013955761146622175
5-13B,9.0,131.0008,1.6574830251566595,0.41371180907344646
5-13B,9.0,131.0123,-0.6804896988057882,0.02659857752445112
5-13B,9.0,131.035,-0.21274953209238318,0.10975984397976832
5-13B,9.0,131.0462,-0.22089627460902028,0.3915032433531069
5-13B,9.0,131.0828,-0.7669532664990657,0.11924873172267195
5-13B,9.0,132.0302,-0.9662326019179132,0.016795638661553047
5-13B,9.0,133.0142,-0.10572584557803233,0.06392952977193406
5-13B,9.0,133.0257,-0.13706553713368624,0.06221346791762583
5-13B,9.0,133.0505,-0.9495821331658225,0.02851237852903322
5-13B,9.0,134.0472,-0.6351281430493337,0.23903566752566033
5-13B,9.0,134.0604,-1.5437134500689553,0.29579792328887494
5-13B,9.0,135.0302,-0.907629809224503,0.09270986851556735
5-13B,9.0,135.0453,1.7859936078383756,0.31012284361652703
5-13B,9.0,136.0404,-0.6157761173820854,0.04990661862742734
5-13B,9.0,136.0487,1.1365104192819715,0.31734078144462236
5-13B,9.0,136.0767,0.8228062614020331,0.5095952221214728
5-13B,9.0,137.0239,0.4041480038817532,0.275067584425192
5-13B,9.0,138.9789,0.4940928164845497,0.09971723829126843
5-13B,9.0,139.0014,-0.1421459567805167,0.034023612120285644
5-13B,9.0,139.0067,-0.579729927216959,0.02414192868945928
5-13B,9.0,139.976,1.027748899773218,0.49860007135525874
5-13B,9.0,143.0713,0.2549608366252519,0.34153400900533104
5-13B,9.0,143.1077,1.0935803894475118,0.40118565542664597
5-13B,9.0,145.0141,-0.2361010590714761,0.1780714879532481
5-13B,9.0,145.0506,-0.7719558072002566,0.11212873475819682
5-13B,9.0,145.0623,-0.9601475288534642,0.1884754778200125
5-13B,9.0,145.0982,-0.7431469096263794,0.08239369552711728
5-13B,9.0,145.1106,-0.2888177208598771,0.7817630772909123
5-13B,9.0,146.0459,0.2237807405561632,0.03007320551700454
5-13B,9.0,147.0298,-0.6658866958250182,0.08957865419670462
5-13B,9.0,147.0662,-0.8930084137048387,0.05216233251470714
5-13B,9.0,149.0092,1.6447268875496308,0.37266856775715307
5-13B,9.0,149.0456,0.686323333842688,0.21382568458315676
5-13B,9.0,149.0608,2.0590986423371485,0.7178931728723826
5-13B,9.0,150.0422,-0.8712471538364037,0.4389185603448055
5-13B,9.0,150.9707,-0.8874134440348933,0.809590799885698
5-13B,9.0,151.0259,-0.5920869264432537,0.05716196219425491
5-13B,9.0,151.04,0.769472220869163,0.7459413666628891
5-13B,9.0,151.06,-0.23889603227985495,0.6428010976050702
5-13B,9.0,152.0353,0.922233622906622,0.23197059719383456
5-13B,9.0,152.0716,0.1330921185899854,0.20037831494138714
5-13B,9.0,153.0192,3.6302285716578915,0.26780948950126077
5-13B,9.0,154.062,-0.3803242590496799,0.14157538089919716
5-13B,9.0,154.9751,-0.8964410723310822,0.02072719350341183
5-13B,9.0,155.0099,-0.7362554213564112,0.04010649118251999
5-13B,9.0,157.0128,-0.8217792408269073,0.04719519091232363
5-13B,9.0,157.0255,-0.8886834895139089,0.031300033832355904
5-13B,9.0,157.0379,-0.8995457937105565,0.07433920351171357
5-13B,9.0,157.0504,-0.8988744808153979,0.04061263180122943
5-13B,9.0,159.0297,-1.0086123598244796,0.09245174233322899
5-13B,9.0,159.0775,-0.5387126098022583,0.07758482571663261
5-13B,9.0,160.0616,-0.40164435330219467,0.38923336399217173
5-13B,9.0,161.0453,-0.5650457392238823,0.0904679913934364
5-13B,9.0,162.0424,-1.2255198558655032,0.08179064797227004
5-13B,9.0,163.0351,-0.7969804168094773,0.1003831725207253
5-13B,9.0,163.0398,0.5006157112913331,0.12084696218789454
5-13B,9.0,163.0611,0.8392410831886365,0.6370059950534253
5-13B,9.0,164.0716,-0.6007074196835382,0.06781092907046316
5-13B,9.0,165.03,1.0078511636229373,0.34840917089557555
5-13B,9.0,165.0405,1.5032841791831661,0.655620726087418
5-13B,9.0,165.0556,-0.5124275054020482,0.08524742351271494
5-13B,9.0,166.0508,-0.49665582485232246,0.1525086701167929
5-13B,9.0,166.0632,-0.10410966965914978,1.0284360578501732
5-13B,9.0,166.9759,-0.0871727764159829,0.22083840764214954
5-13B,9.0,167.0207,-0.22801264981462588,0.13493351493096614
5-13B,9.0,167.0358,1.5935594911666167,0.24540713327372082
5-13B,9.0,167.0828,-0.3577957505331773,0.6390216008297114
5-13B,9.0,168.0277,0.3901754779866038,0.04896434617949857
5-13B,9.0,168.0664,-0.00882625657565407,0.7417045590482266
5-13B,9.0,170.0455,-0.736007352821987,0.02363111632472656
5-13B,9.0,171.0065,-0.5703417914016395,0.09991375012662033
5-13B,9.0,171.0092,-0.3662784911160004,0.06718368163820278
5-13B,9.0,171.0284,-0.7229458439186436,0.0382351953030492
5-13B,9.0,172.0616,-0.7098729482121373,0.2650035120214468
5-13B,9.0,172.962,-0.5329888934092508,0.0492362681712643
5-13B,9.0,173.0089,-0.7485387372921559,0.11530593831982142
5-13B,9.0,173.0453,-0.8931641704676887,0.10056571118607925
5-13B,9.0,173.0932,-0.7957161125237665,0.038972070536149775
5-13B,9.0,173.1041,-1.049706829321857,0.16991584174717078
5-13B,9.0,174.0407,-0.7888738595056313,0.042896604529337495
5-13B,9.0,174.088,-0.8491641374365688,0.1375063013438291
5-13B,9.0,175.022,-0.7579650802580804,0.09310564970745004
5-13B,9.0,175.0361,-0.9441367028033889,0.02008261640807761
5-13B,9.0,175.0611,-0.7485663923648066,0.08413441409898934
5-13B,9.0,176.0776,-0.45806793451478117,0.26574620005473526
5-13B,9.0,177.0402,-1.0467829823180699,0.11585046255072272
5-13B,9.0,177.0553,1.8081710249564233,0.32115082345803114
5-13B,9.0,178.0509,-0.6229851804181152,0.032758179729770534
5-13B,9.0,179.0348,-0.565425910211059,0.24819572452400157
5-13B,9.0,179.0561,1.422994660106046,0.1378244478528497
5-13B,9.0,180.0663,1.4885235917021546,0.09052504350564568
5-13B,9.0,181.0505,-1.323332404444286,0.8108783410226666
5-13B,9.0,182.9725,1.5013068711602804,0.10341287497086393
5-13B,9.0,183.0661,0.13903050311398416,0.2658532554381183
5-13B,9.0,184.0017,0.6378936294300919,0.09334617870948629
5-13B,9.0,184.9856,0.17006195215376427,0.1342380710381376
5-13B,9.0,186.1136,1.456963680561079,0.8165917099656178
5-13B,9.0,187.0234,-0.764911985646556,0.4299990276418811
5-13B,9.0,188.035,-0.5909020140921732,0.7287724859185765
5-13B,9.0,188.0565,-0.42009356579540036,0.026412883890659357
5-13B,9.0,189.0405,-0.8971945489437247,0.10124306198678482
5-13B,9.0,191.0197,-0.18167911528876662,0.12200799141793883
5-13B,9.0,191.0561,-0.8806734529671861,0.05214971034390392
5-13B,9.0,192.0663,-0.7308092889981714,0.8155662514780952
5-13B,9.0,193.0349,-0.11643862134409776,0.4179808352387054
5-13B,9.0,194.0682,-0.9361540687147241,0.1989782782875372
5-13B,9.0,194.0822,0.17673426921673047,0.5088376210312006
5-13B,9.0,195.0509,0.017024841448819276,0.19071503973342732
5-13B,9.0,195.0657,-0.8187380962552195,0.5268400096064446
5-13B,9.0,196.0603,-0.6793170138569866,0.1629301467445258
5-13B,9.0,198.0182,-1.215777933167264,0.4186650347572644
5-13B,9.0,199.0019,0.09590976914288168,0.31395405566567214
5-13B,9.0,200.9937,1.0395485064150405,0.292178184493379
5-13B,9.0,201.0051,0.15394810786497035,0.6482108585149048
5-13B,9.0,203.0348,-0.01219381043565308,0.12446820230662291
5-13B,9.0,203.0826,-0.08554372411571153,0.010069904423495117
5-13B,9.0,204.0498,0.330961758086733,0.2274751359521829
5-13B,9.0,205.0351,-0.2162378162810305,0.2428754826599703
5-13B,9.0,206.0822,0.1926820869525806,0.7613679483578535
5-13B,9.0,209.0292,-0.03455060960543201,0.3674989675486084
5-13B,9.0,209.0814,0.13438265566580423,0.3160970995171698
5-13B,9.0,211.0235,-0.6554293496878674,0.385901922413126
5-13B,9.0,211.9968,-0.8716019484514472,0.10313966457848746
5-13B,9.0,212.0331,-0.42542585059785276,0.34755224994908046
5-13B,9.0,212.9807,-0.4466234887753414,0.09098688474923843
5-13B,9.0,213.014,-0.5452467827459961,0.15691894476805837
5-13B,9.0,213.0384,-0.4785462007133098,0.2681325052945358
5-13B,9.0,213.1252,1.4208417372503832,0.7926283294843636
5-13B,9.0,214.0488,0.4187580028638952,0.3061875899035906
5-13B,9.0,215.0331,1.6036557858445155,0.12438058147008342
5-13B,9.0,216.1351,0.7581991929584097,0.34497938474059126
5-13B,9.0,218.0335,1.532955697125361,0.09322469003664877
5-13B,9.0,218.1034,-0.3563156021901931,0.12435003817567228
5-13B,9.0,220.0828,0.26504123440682736,1.2344092801706315
5-13B,9.0,221.0443,2.0159550362505105,0.2206966916448328
5-13B,9.0,221.0664,0.8285566447808392,0.306060359762708
5-13B,9.0,225.0399,0.009848547647795542,0.5459530196594701
5-13B,9.0,225.0861,2.178787038926412,0.45227400582635424
5-13B,9.0,225.0901,1.797996704529825,0.22687676671642037
5-13B,9.0,226.0135,-0.29790958648018917,0.13604486368068053
5-13B,9.0,226.0697,0.1894543702806577,0.15302511175697264
5-13B,9.0,228.0501,-0.7882999748568549,0.1373721349477366
5-13B,9.0,229.0122,0.6271941399394823,0.27625541904471224
5-13B,9.0,237.0614,-0.7076699350147074,0.10085252872549134
5-13B,9.0,238.0945,-0.6242779331439057,0.1177301464856464
5-13B,9.0,240.0515,-0.15314847174458568,0.060171420290845046
5-13B,9.0,241.0844,-0.37304250979341136,0.9972713866435283
5-13B,9.0,242.0804,-0.8575232298009309,0.9247939059217596
5-13B,9.0,243.029,-0.2506358287476685,0.3878327705489988
5-13B,9.0,243.0625,-1.106494472998878,0.4716512907885952
5-13B,9.0,245.0444,-0.518296511379972,0.4222455997040542
5-13B,9.0,246.0198,0.4629175442413738,0.3308484306307158
5-13B,9.0,246.064,1.5083442119568242,0.5702513841859218
5-13B,9.0,251.0816,-0.3441269585409792,0.40489171937203194
5-13B,9.0,253.0119,-0.32394762745661176,0.01308332283400819
5-13B,9.0,253.0499,-0.41834884706213527,0.6016494044632512
5-13B,9.0,257.0072,0.14964788200295193,0.07617360398400168
5-13B,9.0,257.1028,0.47536711088886086,0.5570075915946734
5-13B,9.0,259.005,0.4467232779990232,0.37580841805304205
5-13B,9.0,259.0227,0.9663550506534413,0.13820187066869213
5-13B,9.0,261.0385,0.8273598486554965,0.18939873198720156
5-13B,9.0,266.0703,-0.5529034862316841,0.14346958714995375
5-13B,9.0,267.0724,-0.45834115071501846,0.0426539082646994
5-13B,9.0,268.02,-0.7060852863477669,0.4917085679238753
5-13B,9.0,269.0398,-0.6206640996336668,0.09699786370767403
5-13B,9.0,271.0612,-0.07402267363309964,0.5975124106913127
5-13B,9.0,271.0815,-0.3297351959428342,0.6525548466893027
5-13B,9.0,273.0021,-0.6865753861797497,0.13916946623823012
5-13B,9.0,274.0933,-0.10629771574382224,0.16206801003097887
5-13B,9.0,275.0184,0.9310926240882994,0.26107329933410445
5-13B,9.0,275.0991,-0.87289938124369,0.10576203470031133
5-13B,9.0,277.1207,0.7382467711313381,0.06543383399258575
5-13B,9.0,277.2169,1.1746833297548542,0.19477578190971107
5-13B,9.0,279.2331,-0.20868908699115435,0.015114161058966815
5-13B,9.0,282.0839,-0.7386639896843703,0.822252593738905
5-13B,9.0,283.2063,0.04976986043760556,0.09565699908486272
5-13B,9.0,285.0972,-0.15856486211437698,0.10129974279183523
5-13B,9.0,287.0157,2.0185816834234838,0.810972946463687
5-13B,9.0,288.0725,-0.6640019756166226,0.24365541682817335
5-13B,9.0,289.0333,1.3871753079924334,0.8577075353944095
5-13B,9.0,289.1044,-1.025848150801263,0.13438867256477785
5-13B,9.0,290.9677,-0.3458917100032318,0.10456446311307997
5-13B,9.0,294.0479,0.8321020900043082,0.9732497441617166
5-13B,9.0,300.0509,-0.6435460434951681,0.5279725783840277
5-13B,9.0,301.0333,1.0600125155814997,0.536293331640365
5-13B,9.0,303.2326,0.06111492967405868,0.15444209050426438
5-13B,9.0,305.0207,1.995880996612346,0.3221618159514473
5-13B,9.0,306.0481,-0.8282947964243463,0.07877831648784887
5-13B,9.0,306.0765,-0.19027588507808835,0.05481556799018159
5-13B,9.0,308.0986,-0.29214470576362184,0.0175254009333987
5-13B,9.0,313.0441,0.41149046135259815,0.18196790182539327
5-13B,9.0,313.1037,-0.562735515767985,0.534977409745933
5-13B,9.0,317.026,0.45496458266441364,0.7339977768055713
5-13B,9.0,323.0256,0.525045321155314,1.0914444795154536
5-13B,9.0,325.1163,0.08029526341508773,0.43398028875788847
5-13B,9.0,328.0457,-0.8579249311847108,0.15620385824976213
5-13B,9.0,333.0589,-1.1900896813071538,0.19592775640602905
5-13B,9.0,338.9884,0.1935649568189332,0.45215001195057064
5-13B,9.0,339.0928,-0.7839610182688218,0.43865906409724575
5-13B,9.0,341.1089,0.5367512952033573,0.06186591565787569
5-13B,9.0,344.0393,-0.5810225712529431,0.2613051033422408
5-13B,9.0,346.0556,0.3879650388352818,0.2069606357281853
5-13B,9.0,348.087,-0.8285727897174959,0.06393080033085406
5-13B,9.0,353.0489,-0.025761907454232534,0.271964722263066
5-13B,9.0,357.089,-0.084682471285286,0.234507940435329
5-13B,9.0,375.131,-0.9959512013685023,0.27160771465094136
5-13B,9.0,377.1496,-0.1568293427757088,0.5690175922922523
5-13B,9.0,383.1188,1.9111766501088647,0.6850970690177215
5-13B,9.0,388.9416,0.2472733272244499,0.28344958917756397
5-13B,9.0,388.9442,-0.13931138008807709,0.07699103187298613
5-13B,9.0,401.0756,1.7319249230727394,0.11868613815532357
5-13B,9.0,407.2795,0.36511002993021424,0.4559458807741834
5-13B,9.0,421.0743,0.6208317671011379,0.4591377162522904
5-13B,9.0,426.0222,0.4871018603292606,0.6319417005533291
5-13B,9.0,442.9997,0.32823550929523615,0.18542908854622367
5-13B,9.0,466.9657,1.7752408133834257,0.29715181798223306
5-13B,9.0,490.9787,0.5177004578571675,1.610956111111109
5-13B,9.0,503.1614,2.1790495707189272,0.24645647518106942
5-13B,9.0,547.0731,-0.4338321642493829,0.04983285214449177
5-13B,9.0,565.0471,-0.06417120686719505,0.09467172011648388
5-13B,9.0,578.8872,1.5706753440520984,0.08629506287022841
5-13B,9.0,579.0269,1.4829681435024717,0.08305310071535782
5-13B,9.0,612.2549,-0.7769728274926504,0.671920323204081
5-13B,9.0,624.2949,0.3359580766792636,0.5852338750147794
5-13B,9.0,659.307,0.746344511778098,0.448151204060617
5-13B,9.0,664.0939,-0.5259209114284962,0.1301135472648589
5-13B,9.0,665.2144,0.07360745617043037,0.3846846450714801
5-13B,9.0,668.1374,-0.572355278233247,0.0117520982898954
5-13B,9.0,787.255,0.2549268258899756,0.551348921229378
5-13B,9.0,790.2568,0.7314884614644893,0.36306939623108375
5-13B,9.0,835.0407,-0.47222972449514355,0.056481232659388425
5-13B,9.0,863.2971,-0.5690450587441203,0.051850857085374076
5-13B,9.0,864.1473,0.17072166120813626,0.2327913052747711
5-13B,9.0,974.2935,-0.6187195392575384,0.15992111083567442
5-13B,9.0,976.7162,1.029779197604661,0.2175295690334326
5-13B,10.0,57.0342,0.03749543969489515,0.20297669652123285
5-13B,10.0,58.0295,0.42008565507850043,0.2327454773777233
5-13B,10.0,59.0135,0.8943155399873521,0.2234155584248848
5-13B,10.0,71.0137,0.6283179537054057,0.1426920480980024
5-13B,10.0,73.0293,-0.6686454738211144,0.024987367074937063
5-13B,10.0,74.0247,0.6856857073823164,0.2720332043849043
5-13B,10.0,75.0087,0.5403220470537279,0.6945051578612894
5-13B,10.0,87.0088,-0.5902713004462701,0.01674248192037054
5-13B,10.0,87.0451,-0.42352970427927333,0.47685834620330436
5-13B,10.0,88.0403,-0.2091764129074187,0.017332851219536666
5-13B,10.0,88.9883,-0.9001154564688273,0.22833890642879756
5-13B,10.0,89.0244,-0.6552655843310307,0.04809536358009712
5-13B,10.0,93.0338,-0.022220884234332276,0.013524059607599647
5-13B,10.0,94.9761,-1.099540093180841,0.14541595693606854
5-13B,10.0,94.9806,1.322059772433226,0.22237545452420263
5-13B,10.0,95.0139,0.4023789687304697,0.02840002779844188
5-13B,10.0,101.0242,-0.00047133818303486436,0.12022720633289523
5-13B,10.0,102.056,-0.1354271688790945,0.08666722886115476
5-13B,10.0,103.0402,-0.38568575937632704,0.045966709840771565
5-13B,10.0,103.0509,-0.43453072635230616,0.09532683784597626
5-13B,10.0,104.0352,-0.11031136024933308,0.2974032228725149
5-13B,10.0,105.0193,-0.5884978895919677,0.2129681173505428
5-13B,10.0,107.0503,-0.10488235237613908,0.6009104906388971
5-13B,10.0,109.0295,4.354203129491179,0.2576691041726321
5-13B,10.0,111.02,-0.3269975180467161,0.07124009724279119
5-13B,10.0,112.0516,-0.29632436106639914,0.8882068656175652
5-13B,10.0,113.0244,0.3900219218555291,0.12480988009516181
5-13B,10.0,113.0357,0.6244791874066514,0.2393715841650913
5-13B,10.0,114.056,-0.19336528331908334,0.025629504859253874
5-13B,10.0,115.0037,-0.25409571690214333,0.12476774292977978
5-13B,10.0,115.0402,-0.2890810723962251,0.452929294004695
5-13B,10.0,115.0764,0.11595184381733915,0.4227828026196809
5-13B,10.0,116.0354,1.4650119103752943,0.4313909245440846
5-13B,10.0,116.0717,-0.6546357035797784,0.03185852917028813
5-13B,10.0,117.0194,-0.6455712052223176,0.02525617136869372
5-13B,10.0,118.0508,-0.1691760053997853,0.13596995245363458
5-13B,10.0,118.9804,0.5355480009902872,0.1228604847662837
5-13B,10.0,119.0503,2.549009545233898,0.16383374470046613
5-13B,10.0,120.9273,-0.6053290283869446,0.06513393926706086
5-13B,10.0,121.0295,-0.021388117019206652,0.8203077925553552
5-13B,10.0,121.0409,-0.8388601192830436,0.6829728321785004
5-13B,10.0,122.0248,-0.7059302113933124,0.21568612606311424
5-13B,10.0,124.0075,-0.1455366180723348,0.2841892296913359
5-13B,10.0,124.0144,0.14941509915867487,0.0469446514327713
5-13B,10.0,125.0439,-0.25598760905588575,0.17065225113406124
5-13B,10.0,127.0764,-0.1316442787106452,0.7128146356311391
5-13B,10.0,128.0354,-0.14478834909404162,0.021828806044395292
5-13B,10.0,129.0193,-0.0916532729889309,0.14549706171297114
5-13B,10.0,129.0556,-0.3344950341874669,0.5518179582223256
5-13B,10.0,130.0142,-0.6605137824691131,0.36582906672007226
5-13B,10.0,130.0509,0.6616523376457676,0.16003003895715126
5-13B,10.0,130.0874,-0.637818168554046,0.06536937736962921
5-13B,10.0,131.0008,-0.7670430440160626,1.6931416148824476
5-13B,10.0,131.0123,-0.5887281424325862,0.020759848562552898
5-13B,10.0,131.035,-0.5890222332918961,0.1308993938121621
5-13B,10.0,131.0462,-0.7856274980379928,0.11804360124456321
5-13B,10.0,131.0828,-0.7900719035201077,0.0572028636221594
5-13B,10.0,132.0302,0.03886006067905385,0.08867955017448378
5-13B,10.0,133.0142,-0.07041339635389823,0.1029203149320905
5-13B,10.0,133.0257,-0.05695810679526813,0.021516616776798628
5-13B,10.0,133.0505,0.22205352900399009,0.07750091057320474
5-13B,10.0,134.0472,0.8273823020802731,0.18652755592365902
5-13B,10.0,134.0604,0.22448616361313642,0.11132611898140023
5-13B,10.0,135.0302,-0.6940886658758083,0.04311942058241786
5-13B,10.0,135.0453,1.99870910377144,0.2584988813148314
5-13B,10.0,136.0404,-0.39120725756979247,0.050014977747682654
5-13B,10.0,136.0487,1.6147887685329314,0.47007853913430836
5-13B,10.0,136.0767,0.04116961670986044,0.3267545077583175
5-13B,10.0,137.0239,-0.15690366210833542,0.14065384030554062
5-13B,10.0,138.9789,-0.35467020228482854,0.36220927905980216
5-13B,10.0,139.0014,-0.05959254469978883,0.023902121297288897
5-13B,10.0,139.0067,-0.6078087865180063,0.006856059714480342
5-13B,10.0,139.976,-0.2992937874714489,0.8863407823926253
5-13B,10.0,143.0713,-0.7816267624912847,0.5227481012534991
5-13B,10.0,143.1077,-0.13298581437800394,0.11789141895127794
5-13B,10.0,145.0141,-0.29895138186657244,0.13820991029341004
5-13B,10.0,145.0506,-0.29831492036715945,0.055806953731951735
5-13B,10.0,145.0623,-0.4065324315007841,0.4534290892764955
5-13B,10.0,145.0982,-0.8383870188102631,0.17816466851096552
5-13B,10.0,145.1106,-1.0065527454641667,0.4544118048414869
5-13B,10.0,146.0459,0.061475339840646126,0.02907371565134102
5-13B,10.0,147.0298,-0.4534760985189999,0.1266363851002503
5-13B,10.0,147.0662,0.7067245022498618,0.07628382920655623
5-13B,10.0,149.0092,0.6352950852499063,0.0851078220893271
5-13B,10.0,149.0456,0.2006578525855347,0.363495559807778
5-13B,10.0,149.0608,0.21870695566062984,0.5515613953645919
5-13B,10.0,150.0422,-0.7769987628111333,0.719042452375869
5-13B,10.0,150.9707,-0.2249144559129774,0.05372133649382296
5-13B,10.0,151.0259,-0.6024426515762163,0.09955877607260569
5-13B,10.0,151.04,-0.2850273089069542,0.6079390686253011
5-13B,10.0,151.06,-0.29717351738340575,0.9681983463385176
5-13B,10.0,152.0353,-0.23545324349512836,0.2877440596990554
5-13B,10.0,152.0716,-0.0935443934518334,0.13029874714262227
5-13B,10.0,153.0192,5.488440290753851,0.09196858706047574
5-13B,10.0,154.062,-0.47951810343353785,0.014506702446781514
5-13B,10.0,154.9751,-0.6069025997033235,0.052649869192222594
5-13B,10.0,155.0099,-0.2776046093356625,0.07429849904501112
5-13B,10.0,157.0128,-0.6486996563729911,0.04639217405678003
5-13B,10.0,157.0255,0.5108581128718207,0.13015738669422233
5-13B,10.0,157.0379,0.5024144729802894,0.07154443054558261
5-13B,10.0,157.0504,-0.35037128993133204,0.0633475280530531
5-13B,10.0,159.0297,-0.9955715198600683,0.02877423419773376
5-13B,10.0,159.0775,0.3041648775533635,0.114399206292046
5-13B,10.0,160.0616,1.176601814059222,0.15097644171709043
5-13B,10.0,161.0453,-1.1069078409998716,0.14014668946392358
5-13B,10.0,162.0424,-0.40645790378957203,0.24919951060132922
5-13B,10.0,163.0351,-0.2860931290581351,0.33006701830113094
5-13B,10.0,163.0398,1.5431200903295759,0.03485503635258619
5-13B,10.0,163.0611,0.21309532903748862,0.7922362606493648
5-13B,10.0,164.0716,-0.43551831451260264,0.1294018867116554
5-13B,10.0,165.03,0.18651108442953854,0.28068418455981126
5-13B,10.0,165.0405,0.06235470262803652,0.5205364879015492
5-13B,10.0,165.0556,-0.5153679396870947,0.14090630304224575
5-13B,10.0,166.0508,1.0916984905661962,0.12748286647866494
5-13B,10.0,166.0632,0.7352646196414818,0.9253427181598979
5-13B,10.0,166.9759,-0.1761160871199848,0.4269448779965921
5-13B,10.0,167.0207,-0.3507184765858435,0.08327908017275887
5-13B,10.0,167.0358,0.24842575097133876,0.4094484470037247
5-13B,10.0,167.0828,-0.3502332611519479,0.3050278454179168
5-13B,10.0,168.0277,0.05871522322807566,0.014184490423556677
5-13B,10.0,168.0664,-0.19932721719599317,0.2895843771731742
5-13B,10.0,170.0455,-0.47415750379756705,0.10825909292464221
5-13B,10.0,171.0065,-0.28406085152941096,0.29610878121449874
5-13B,10.0,171.0092,-0.2772421258844314,0.46720573199244875
5-13B,10.0,171.0284,-0.6353602122181762,0.02069187333622745
5-13B,10.0,172.0616,1.3005774250828588,0.4331561659248893
5-13B,10.0,172.962,-0.5953631557910667,0.084688991457788
5-13B,10.0,173.0089,0.3440815485813954,0.19382810340385837
5-13B,10.0,173.0453,-0.5460050782242807,0.12150238393853391
5-13B,10.0,173.0932,-0.11096465670565132,0.06365381910534629
5-13B,10.0,173.1041,-0.8841952099498254,1.348865314731329
5-13B,10.0,174.0407,0.7278620305402326,0.12413238370751273
5-13B,10.0,174.088,0.08235633177863319,0.11269814550787371
5-13B,10.0,175.022,-0.5631435756901466,0.19734721332334218
5-13B,10.0,175.0361,0.016948929115146356,0.06606565697667123
5-13B,10.0,175.0611,0.1500186724421846,0.0751606058219443
5-13B,10.0,176.0776,0.628480223841677,0.32162038902287354
5-13B,10.0,177.0402,-1.4434817993989926,0.6581526988739776
5-13B,10.0,177.0553,1.5975074367623054,0.44290159433615905
5-13B,10.0,178.0509,0.3772943432906905,0.047007240030382744
5-13B,10.0,179.0348,1.3131432294240557,0.23828105873547714
5-13B,10.0,179.0561,0.2908797272349001,0.1014622247894713
5-13B,10.0,180.0663,0.33365178382928845,0.10492586717941042
5-13B,10.0,181.0505,-0.8419673136258858,0.007221679879310301
5-13B,10.0,182.9725,0.5055847106924795,0.11748382695200744
5-13B,10.0,183.0661,-0.32801760581452966,0.12709366375583364
5-13B,10.0,184.0017,0.2543416688103329,0.07538210174821992
5-13B,10.0,184.9856,0.8902723626087058,0.1297347487817658
5-13B,10.0,186.1136,0.6137736078326951,0.24846422619811168
5-13B,10.0,187.0234,-0.539235612790128,0.25727216861476343
5-13B,10.0,188.035,0.021717021729463163,1.0191642773249106
5-13B,10.0,188.0565,0.7179074086589892,0.11365731854576783
5-13B,10.0,189.0405,-0.589784601234125,0.0937645678274216
5-13B,10.0,191.0197,1.4340358008408969,0.5133174081227883
5-13B,10.0,191.0561,-0.2156688357062071,0.07584878770297197
5-13B,10.0,192.0663,-1.0715333335317836,0.49272693767492703
5-13B,10.0,193.0349,0.35327258578023635,0.6319108424535581
5-13B,10.0,194.0682,0.14618455374710412,0.08136901351622292
5-13B,10.0,194.0822,0.34858867883187133,0.3382302094806298
5-13B,10.0,195.0509,0.09632999665155914,0.142025835766202
5-13B,10.0,195.0657,-0.3490192709496619,0.7488234822545372
5-13B,10.0,196.0603,1.486416060862171,0.09807444617154686
5-13B,10.0,198.0182,-0.8350410035010907,0.4546973256232434
5-13B,10.0,199.0019,-0.5464799179442796,0.4336974348713541
5-13B,10.0,200.9937,0.29885302787861806,0.08036419201361739
5-13B,10.0,201.0051,0.7215892675429803,0.7085137638375517
5-13B,10.0,203.0348,-0.704637236108164,0.11719623286389827
5-13B,10.0,203.0826,-0.08895314174695576,0.01751038730787312
5-13B,10.0,204.0498,-0.16198747834685878,0.9322421110467974
5-13B,10.0,205.0351,0.011605162823761297,0.0664717247101666
5-13B,10.0,206.0822,0.5336992897074749,1.1433053029257716
5-13B,10.0,209.0292,-0.5533422625637289,0.05252924175599837
5-13B,10.0,209.0814,-0.990293371258479,0.21982893403118833
5-13B,10.0,211.0235,-0.6535150678409544,0.28053864145209184
5-13B,10.0,211.9968,0.5412761562377011,0.12066225074000667
5-13B,10.0,212.0331,-0.46837001794544125,0.3138274934331886
5-13B,10.0,212.9807,-0.5140304186858452,0.12370484160396204
5-13B,10.0,213.014,-0.4119870693741735,0.26471207946160874
5-13B,10.0,213.0384,-0.7613077903160252,0.09654282821711864
5-13B,10.0,213.1252,-1.3614253007477657,0.16371244451602895
5-13B,10.0,214.0488,-0.10294938860940897,0.6380757011123475
5-13B,10.0,215.0331,0.7227007062526948,0.08320995114408393
5-13B,10.0,216.1351,0.4720586340214004,0.12448842581192456
5-13B,10.0,218.0335,0.5586840206030409,0.09635152580174816
5-13B,10.0,218.1034,1.1362120829819415,0.09836647578536238
5-13B,10.0,220.0828,0.8005004034841156,0.24982470700029608
5-13B,10.0,221.0443,0.7304223015528284,0.10982401712113002
5-13B,10.0,221.0664,-0.6801038629497221,0.14040264901319932
5-13B,10.0,225.0399,0.2521923670362318,0.243635450094463
5-13B,10.0,225.0861,0.32837869140433745,0.12820537063123452
5-13B,10.0,225.0901,-0.3801963197604712,0.8047800850749517
5-13B,10.0,226.0135,-0.319724842962998,0.022140876607871274
5-13B,10.0,226.0697,0.09533838521590032,0.4123590963424147
5-13B,10.0,228.0501,-0.33735484544995165,0.5849943627412989
5-13B,10.0,229.0122,2.06796852936783,0.20019772017595058
5-13B,10.0,237.0614,0.4956969552324982,0.47292092210779163
5-13B,10.0,238.0945,-0.71362152755207,0.18957289692975943
5-13B,10.0,240.0515,2.0250888217718943,0.26793257990282393
5-13B,10.0,241.0844,-0.00027388216605146834,0.660097074708083
5-13B,10.0,242.0804,-0.7091158902863481,0.4002336329209911
5-13B,10.0,243.029,-0.34892255027803054,0.258740731993002
5-13B,10.0,243.0625,0.18426043993297886,0.6664705768161981
5-13B,10.0,245.0444,-0.013972601149024185,0.24695186707493166
5-13B,10.0,246.0198,0.21262885251488028,0.08850719135942738
5-13B,10.0,246.064,0.5809465654132955,0.33886310766297667
5-13B,10.0,251.0816,-0.6730503534088395,0.23413792159963026
5-13B,10.0,253.0119,-0.2367098922238337,0.0033115128240555746
5-13B,10.0,253.0499,-0.11338811084820304,0.6419163082762193
5-13B,10.0,257.0072,-0.07283106604043654,0.6992073966451455
5-13B,10.0,257.1028,0.09747250094777067,0.643228156217438
5-13B,10.0,259.005,-0.6260938515895536,0.19710414668912696
5-13B,10.0,259.0227,0.6666602670010052,0.06860256015440117
5-13B,10.0,261.0385,2.432948357074941,0.392062801120931
5-13B,10.0,266.0703,-0.5136634010408139,0.2514214957521206
5-13B,10.0,267.0724,-0.3574156758789352,0.01714343108583739
5-13B,10.0,268.02,-0.7834837245114156,0.2784511255591261
5-13B,10.0,269.0398,-0.7030179359319947,0.10684532027393741
5-13B,10.0,271.0612,-0.23210799223448064,0.6086259246030248
5-13B,10.0,271.0815,-0.6114586159203577,0.31948553875729807
5-13B,10.0,273.0021,-0.8159014373227407,0.005203880560002866
5-13B,10.0,274.0933,2.06632267731265,0.3078788366122167
5-13B,10.0,275.0184,0.3784835304734496,0.3875132039749206
5-13B,10.0,275.0991,0.24167196622560197,0.2854757387559658
5-13B,10.0,277.1207,-0.27053147409872275,0.07447250139979726
5-13B,10.0,277.2169,-0.1492079833295183,0.08954475652547923
5-13B,10.0,279.2331,-0.28786437430633455,0.019564449352761405
5-13B,10.0,282.0839,-0.7957824063062071,0.17102152257263606
5-13B,10.0,283.2063,-0.17819943492061427,0.2443755457402838
5-13B,10.0,285.0972,0.16582934582637263,0.9195887169390666
5-13B,10.0,287.0157,0.6844714178937303,0.41100531111418875
5-13B,10.0,288.0725,-0.17170049289827455,0.09786184562434315
5-13B,10.0,289.0333,2.598349993575096,0.5911625187009467
5-13B,10.0,289.1044,-0.09577756867928564,0.4989801693642687
5-13B,10.0,290.9677,-0.21900159174214945,0.08700643225526558
5-13B,10.0,294.0479,0.0715207155420224,0.43447876923765977
5-13B,10.0,300.0509,0.4707577677394732,2.0695900577421247
5-13B,10.0,301.0333,-0.02018274088485241,0.7447682383713918
5-13B,10.0,303.2326,0.009883740131565538,0.24393590797238962
5-13B,10.0,305.0207,0.6433042595347109,0.07978423026078886
5-13B,10.0,306.0481,0.7384209474479102,0.27403010483428736
5-13B,10.0,306.0765,0.6061464560484687,0.09617255384872789
5-13B,10.0,308.0986,-0.20347389871692845,0.04960827262588006
5-13B,10.0,313.0441,0.5378254304129158,0.22252182050396838
5-13B,10.0,313.1037,-0.03967338978595242,0.520538738281504
5-13B,10.0,317.026,0.1597457229521231,0.4476717982404915
5-13B,10.0,323.0256,-0.1369899902566513,0.8145031438568455
5-13B,10.0,325.1163,0.010254099409559389,0.08706693853095716
5-13B,10.0,328.0457,0.4834549150558708,0.10083094379776207
5-13B,10.0,333.0589,-0.5663798670277496,0.3094895828417659
5-13B,10.0,338.9884,0.7169461897263119,0.19456063951291117
5-13B,10.0,339.0928,0.7914815826695846,0.5053763712325049
5-13B,10.0,341.1089,-0.07904494306292192,0.06161987230075023
5-13B,10.0,344.0393,0.4847258250704787,0.3907551900996702
5-13B,10.0,346.0556,0.4609117527198232,0.04655725420408516
5-13B,10.0,348.087,0.2802054945155686,0.2864049467818066
5-13B,10.0,353.0489,0.4454871952147072,0.9264868833843978
5-13B,10.0,357.089,0.9787061205339261,0.18167471141377775
5-13B,10.0,375.131,-0.5942448154839494,0.2703852013254209
5-13B,10.0,377.1496,-0.7934383777099387,0.15234152182634514
5-13B,10.0,383.1188,0.7157163823882088,0.15313810117182233
5-13B,10.0,388.9416,0.1950321505605949,0.38656741806435846
5-13B,10.0,388.9442,-0.06617373275868008,0.5406472897542128
5-13B,10.0,401.0756,0.5064011859401394,0.038372821605807836
5-13B,10.0,407.2795,-0.3452425190533448,0.11798312349645224
5-13B,10.0,421.0743,-0.2840285011596752,0.8430611131878039
5-13B,10.0,426.0222,0.8076961916395219,0.6426604533377122
5-13B,10.0,442.9997,-0.29425578767095484,0.12284141140593234
5-13B,10.0,466.9657,0.3325788857603076,0.13413910044182342
5-13B,10.0,490.9787,0.36042082342385595,0.7369610450404231
5-13B,10.0,503.1614,0.6049985735127491,0.314993051604826
5-13B,10.0,547.0731,0.6531750909381595,0.1041821240236432
5-13B,10.0,565.0471,1.083220524893085,0.3579531391647442
5-13B,10.0,578.8872,0.5308294633546029,0.1660094223827459
5-13B,10.0,579.0269,0.47558049914723555,0.061355855773740975
5-13B,10.0,612.2549,-0.6925832463887341,0.45048570194003484
5-13B,10.0,624.2949,-0.04086724928214419,0.1765943766456365
5-13B,10.0,659.307,-0.4913276294694091,0.053482877348195484
5-13B,10.0,664.0939,-0.3169878687170635,0.32852879337016394
5-13B,10.0,665.2144,0.035653985493636346,0.3059700494094965
5-13B,10.0,668.1374,-0.5250519598864223,0.01900411696996543
5-13B,10.0,787.255,-0.8318292093021834,0.06008003631104976
5-13B,10.0,790.2568,-0.48657630867582335,0.4682880797074829
5-13B,10.0,835.0407,-0.7681995308063811,0.255506164856894
5-13B,10.0,863.2971,-0.7792488349632578,0.1167494058362287
5-13B,10.0,864.1473,-0.8320938357211206,0.35403584043280417
5-13B,10.0,974.2935,-0.811984896583417,0.06869971494450788
5-13B,10.0,976.7162,0.08820665723367088,0.1636412157666659
5-13B,11.0,57.0342,-0.8564630307841001,0.35281064767674253
5-13B,11.0,58.0295,2.2645813778519317,0.37551449027711364
5-13B,11.0,59.0135,-0.3228642217093505,0.0669261105013001
5-13B,11.0,71.0137,-0.4584717720709948,0.0958824166221827
5-13B,11.0,73.0293,-0.5208032193404528,0.03165086485985932
5-13B,11.0,74.0247,1.6236843651289772,0.5057573796832044
5-13B,11.0,75.0087,1.453323042059564,0.5834044408972845
5-13B,11.0,87.0088,-0.674469826926589,0.011896266447429934
5-13B,11.0,87.0451,-0.6526371264949897,0.3522819372523699
5-13B,11.0,88.0403,0.6961119863310996,0.06627711353111411
5-13B,11.0,88.9883,-0.6972684466728889,0.30898963682115954
5-13B,11.0,89.0244,-0.7503583661721108,0.06651721172669979
5-13B,11.0,93.0338,-0.019892794210332077,0.019331802906164375
5-13B,11.0,94.9761,-0.8933984798057946,0.3908576145562591
5-13B,11.0,94.9806,0.7366681330503224,0.3797598887195254
5-13B,11.0,95.0139,-0.6261668408972407,0.12164804689435371
5-13B,11.0,101.0242,-0.7507160419850135,0.14896764987068947
5-13B,11.0,102.056,-0.15041656205797738,0.025171131597659237
5-13B,11.0,103.0402,-0.03586457915061884,0.08830323164034452
5-13B,11.0,103.0509,-0.0175777336967299,0.15168107740386585
5-13B,11.0,104.0352,-0.3990864611912233,0.1999564199297629
5-13B,11.0,105.0193,-0.8503627920067585,0.3618851482136993
5-13B,11.0,107.0503,-0.6396197344574549,0.4046693000617042
5-13B,11.0,109.0295,1.4766682088911978,0.19095880253479272
5-13B,11.0,111.02,1.2666760937553123,0.08246545089388044
5-13B,11.0,112.0516,0.5804854786975433,0.1885633020308446
5-13B,11.0,113.0244,-0.6039784267700881,0.025500902103537334
5-13B,11.0,113.0357,0.9998634566243656,0.08846963993905017
5-13B,11.0,114.056,-0.24038479779551428,0.0029725926266669033
5-13B,11.0,115.0037,0.33796155749330337,0.11567238288801451
5-13B,11.0,115.0402,-0.10584849414780152,0.40202008106405235
5-13B,11.0,115.0764,-0.6870818351293888,0.28614775885557653
5-13B,11.0,116.0354,1.050576788185471,0.5840990647245939
5-13B,11.0,116.0717,-0.2457337862143234,0.034753339974900786
5-13B,11.0,117.0194,-0.5278305254403692,0.017616873144443053
5-13B,11.0,118.0508,-0.40621655416597735,0.27581546882602487
5-13B,11.0,118.9804,-0.5359665214882068,0.09706730301875373
5-13B,11.0,119.0503,-0.7127414727013648,0.13733751111671355
5-13B,11.0,120.9273,-0.5584722122309183,0.05516995330481413
5-13B,11.0,121.0295,-1.0084214851044555,0.1975162202729707
5-13B,11.0,121.0409,-0.9132743945536959,0.478220193461418
5-13B,11.0,122.0248,-0.6780162606410869,0.14845494605602816
5-13B,11.0,124.0075,-0.2612228766711937,0.24953050980405056
5-13B,11.0,124.0144,-0.476951829412838,0.18189899242356183
5-13B,11.0,125.0439,-0.49652138442193916,0.17409985964204358
5-13B,11.0,127.0764,-0.5738721681252676,0.16599039264291457
5-13B,11.0,128.0354,-0.2218956150327042,0.0050474286605904405
5-13B,11.0,129.0193,0.5819720473056784,0.09298398845496061
5-13B,11.0,129.0556,-0.8614048435834587,0.7877142921057233
5-13B,11.0,130.0142,0.8150188966465589,0.2720587410855303
5-13B,11.0,130.0509,2.8526282585292044,0.11635567636039668
5-13B,11.0,130.0874,0.6069021362436332,0.021240882335718452
5-13B,11.0,131.0008,-0.6136835957929402,0.20318552908811685
5-13B,11.0,131.0123,-0.38008571474710234,0.033527816133089916
5-13B,11.0,131.035,-0.9647192696775921,0.0424533567232194
5-13B,11.0,131.0462,-0.8666883217588115,0.20154406258957558
5-13B,11.0,131.0828,-0.4118576547010459,0.11678613685891025
5-13B,11.0,132.0302,1.5594701035985472,0.12665544222677932
5-13B,11.0,133.0142,-0.04298851844801303,0.09052737448561349
5-13B,11.0,133.0257,0.055219358999577514,0.07925949966999396
5-13B,11.0,133.0505,1.5870729004067998,0.09309662446972324
5-13B,11.0,134.0472,3.075099991424023,0.19411215200275853
5-13B,11.0,134.0604,2.2587125738071396,0.2783708919603201
5-13B,11.0,135.0302,0.8041814597558199,0.15702925759414565
5-13B,11.0,135.0453,0.5179730255687607,0.1111053120104108
5-13B,11.0,136.0404,-0.20293773565328532,0.07542746491520226
5-13B,11.0,136.0487,0.32327501875084563,0.2810978312780111
5-13B,11.0,136.0767,-0.6386203579444917,0.2704101344646313
5-13B,11.0,137.0239,0.0811913252814222,0.18869583763619632
5-13B,11.0,138.9789,-0.4167932914301029,0.14823888147802441
5-13B,11.0,139.0014,0.13029639536894194,0.04674842239460051
5-13B,11.0,139.0067,-0.7832059733043503,0.012836889675848428
5-13B,11.0,139.976,0.46184151002730733,0.45465446919488917
5-13B,11.0,143.0713,-0.9797958703003253,0.16833321338659077
5-13B,11.0,143.1077,-0.716470129989234,0.17537862508929417
5-13B,11.0,145.0141,-0.3567447821379255,0.04450386466006246
5-13B,11.0,145.0506,0.9870929558658665,0.048993314263581396
5-13B,11.0,145.0623,1.6730500780741022,0.0663412546450426
5-13B,11.0,145.0982,-0.8275163419528182,0.19575629441975065
5-13B,11.0,145.1106,-0.353317809113035,0.5620217870327894
5-13B,11.0,146.0459,0.02463187519516987,0.013574522117431454
5-13B,11.0,147.0298,0.025602235028427282,0.04741201321635166
5-13B,11.0,147.0662,2.173089074152739,0.09890117399121968
5-13B,11.0,149.0092,-0.8163320438284825,0.31235193993046323
5-13B,11.0,149.0456,0.07296410033277019,0.19251928879154026
5-13B,11.0,149.0608,-0.5758870199230322,0.2544940620070848
5-13B,11.0,150.0422,0.5358415009070697,0.5985351027838678
5-13B,11.0,150.9707,-0.31908513502257646,0.7307813105942711
5-13B,11.0,151.0259,0.2667385484350207,0.10783727168355657
5-13B,11.0,151.04,-0.21827807661873166,0.5132198842264958
5-13B,11.0,151.06,-0.4666099092585443,0.9387256395921475
5-13B,11.0,152.0353,-0.24417576171753225,0.2675383532591268
5-13B,11.0,152.0716,-0.9296457981788692,0.5627918570237658
5-13B,11.0,153.0192,-0.19447950067046757,0.0690521399437246
5-13B,11.0,154.062,-0.4753578352891491,0.11017862093823029
5-13B,11.0,154.9751,-0.48154171800488,0.0377916059823465
5-13B,11.0,155.0099,1.1609159542208696,0.08864915522483341
5-13B,11.0,157.0128,-0.1239852077671706,0.10231311517106101
5-13B,11.0,157.0255,0.9274182863488258,0.034926629265064305
5-13B,11.0,157.0379,0.9852899465360849,0.11188480947382885
5-13B,11.0,157.0504,1.2135676078860658,0.13922628236067955
5-13B,11.0,159.0297,-0.8675719377890002,0.1422039787337593
5-13B,11.0,159.0775,1.0588908612103123,0.07998512720994772
5-13B,11.0,160.0616,3.0274285471866857,0.6450910748491987
5-13B,11.0,161.0453,-1.1318020367837627,0.07733290603770507
5-13B,11.0,162.0424,0.28604379176933936,0.14451465184422968
5-13B,11.0,163.0351,-0.19300095577345097,0.03773844906053178
5-13B,11.0,163.0398,1.8580339576197584,0.18384751662862794
5-13B,11.0,163.0611,0.8781160265341135,1.0938022267161376
5-13B,11.0,164.0716,-0.5705281902565645,0.07202034678451907
5-13B,11.0,165.03,-0.3847216774154944,1.055648823413607
5-13B,11.0,165.0405,-0.8187248381571515,0.5396183254582732
5-13B,11.0,165.0556,-0.5329186568259663,0.0734825768071507
5-13B,11.0,166.0508,2.4378821928715775,0.16627944419088847
5-13B,11.0,166.0632,0.45547318987460467,0.5541891084835644
5-13B,11.0,166.9759,1.0662666655708355,0.43706807083142596
5-13B,11.0,167.0207,-0.7874680295003469,0.45581976911925987
5-13B,11.0,167.0358,-0.33498079124580515,0.4617735055467941
5-13B,11.0,167.0828,-0.33510828238948903,1.0915948029733717
5-13B,11.0,168.0277,-0.08629863822878042,0.04621322591845922
5-13B,11.0,168.0664,-0.7742077756637541,0.23557076744639013
5-13B,11.0,170.0455,-0.28676271132533293,0.03637998002569255
5-13B,11.0,171.0065,0.7264090271500363,0.1224798073481191
5-13B,11.0,171.0092,0.7063276387948839,0.13465659179436157
5-13B,11.0,171.0284,-0.35965082696219186,0.03131965765280949
5-13B,11.0,172.0616,3.111749337672982,0.19019077489301014
5-13B,11.0,172.962,-0.45603652510055226,0.020184033267326516
5-13B,11.0,173.0089,1.0349253737900947,0.2776384121443895
5-13B,11.0,173.0453,0.6205288727765996,0.19345567191383936
5-13B,11.0,173.0932,1.2296792994545513,0.06425691429041934
5-13B,11.0,173.1041,-0.5189403569646382,0.11461582749527853
5-13B,11.0,174.0407,3.267773349935314,0.06780442589137707
5-13B,11.0,174.088,2.841776717768418,0.14053856348954286
5-13B,11.0,175.022,0.028213462221696746,0.03864194821411315
5-13B,11.0,175.0361,1.5419537285828642,0.1121559415488577
5-13B,11.0,175.0611,2.036972139685891,0.08790288002197862
5-13B,11.0,176.0776,1.69106373284612,0.34208768052511707
5-13B,11.0,177.0402,-0.5621560769150874,0.37145374807409576
5-13B,11.0,177.0553,-0.8894414716532094,0.5104995172027516
5-13B,11.0,178.0509,3.4281160368232846,0.14724635547668097
5-13B,11.0,179.0348,2.2199614672693735,0.45630935088833846
5-13B,11.0,179.0561,-0.42160886520349206,0.037943016913824394
5-13B,11.0,180.0663,-0.35493855584597506,0.056631053887547196
5-13B,11.0,181.0505,-0.31258125290135963,0.2313227349899771
5-13B,11.0,182.9725,-0.36176041408643733,0.15790306344321856
5-13B,11.0,183.0661,-0.36443878862088164,0.41409101098272705
5-13B,11.0,184.0017,0.012967322564485191,0.08738122342382797
5-13B,11.0,184.9856,3.0229597194342817,0.43837969311490527
5-13B,11.0,186.1136,-0.5193159280277218,0.5401527007137105
5-13B,11.0,187.0234,-0.019733071313697365,0.47146814723845976
5-13B,11.0,188.035,0.00010788466344423264,0.8132644501328805
5-13B,11.0,188.0565,1.4850780762299594,0.0766352803495697
5-13B,11.0,189.0405,-0.532661163045338,0.04273245432648348
5-13B,11.0,191.0197,2.835613673644467,0.4919224051292755
5-13B,11.0,191.0561,1.3734211753309653,0.06497543135831109
5-13B,11.0,192.0663,-0.9600398634618845,0.600214075594244
5-13B,11.0,193.0349,0.11434245752059938,0.15000579827046276
5-13B,11.0,194.0682,3.2468278732818083,0.19253358925949848
5-13B,11.0,194.0822,-0.10952026514221723,0.7761672843620514
5-13B,11.0,195.0509,0.11915014500542596,0.1468647222917314
5-13B,11.0,195.0657,1.03582830619109,0.9009946294784834
5-13B,11.0,196.0603,3.0906754167298978,0.20449101319953325
5-13B,11.0,198.0182,0.22630530486036604,0.36860780937624316
5-13B,11.0,199.0019,-0.20003423422564556,0.29488868993881695
5-13B,11.0,200.9937,-0.38514192468457054,0.19458631005480478
5-13B,11.0,201.0051,1.467152714234781,0.717306389512736
5-13B,11.0,203.0348,-1.0475415639885215,0.17029700678337006
5-13B,11.0,203.0826,-0.0939918386002105,0.014411432685782604
5-13B,11.0,204.0498,-0.4498971710299098,0.40550575419967194
5-13B,11.0,205.0351,-0.04689238185501467,0.0273090951944967
5-13B,11.0,206.0822,0.0847341954330457,0.3388205373091392
5-13B,11.0,209.0292,-0.6131235523748174,0.4632059291608885
5-13B,11.0,209.0814,-0.7040457781989324,0.5578131060327519
5-13B,11.0,211.0235,-0.33622285171512845,0.5118191947586617
5-13B,11.0,211.9968,2.601195578619649,0.12803391762516209
5-13B,11.0,212.0331,-0.2665841713724351,0.3945543209991044
5-13B,11.0,212.9807,-0.03228831153513177,0.2751047767322999
5-13B,11.0,213.014,0.5802004241169971,0.3969870242126825
5-13B,11.0,213.0384,-0.4548118082181595,0.24411896289750906
5-13B,11.0,213.1252,-0.8024677633807317,0.8292337654288967
5-13B,11.0,214.0488,-0.183346507563419,0.8538774039601874
5-13B,11.0,215.0331,-0.2508158491790975,0.05286870308841776
5-13B,11.0,216.1351,-0.633367785369781,0.23162126153959897
5-13B,11.0,218.0335,-0.4048444627071772,0.0545586326379767
5-13B,11.0,218.1034,3.3608449583571915,0.18521766961513123
5-13B,11.0,220.0828,-0.3281020606132132,0.7919802522696866
5-13B,11.0,221.0443,-0.4725069758987473,0.10017197064196352
5-13B,11.0,221.0664,-0.7882157032097741,0.5154647058616482
5-13B,11.0,225.0399,0.06058719853903839,0.7697202371159593
5-13B,11.0,225.0861,-0.06874616744392062,0.24592909812234692
5-13B,11.0,225.0901,-0.19219476619149628,0.3053504314870521
5-13B,11.0,226.0135,-0.01686890296372738,0.1481339422116135
5-13B,11.0,226.0697,-0.6926945423629263,0.3110462354489227
5-13B,11.0,228.0501,0.013489654794574979,0.26850458499457347
5-13B,11.0,229.0122,5.7119616058587654,0.41397070540794156
5-13B,11.0,237.0614,2.502973883431854,0.3476790813216604
5-13B,11.0,238.0945,-0.634737671025837,0.202435639891351
5-13B,11.0,240.0515,2.798433163749336,0.10957052489372361
5-13B,11.0,241.0844,0.8190715613588857,1.0366439289021263
5-13B,11.0,242.0804,-1.0221532339588082,0.47548485425277165
5-13B,11.0,243.029,0.46311298236567533,0.1899102546995326
5-13B,11.0,243.0625,2.6145861261207948,0.661586674111385
5-13B,11.0,245.0444,1.1942965711090534,0.3317882215266844
5-13B,11.0,246.0198,0.7380756855916464,0.3167339209258409
5-13B,11.0,246.064,-0.24986025294234027,0.26402931170096317
5-13B,11.0,251.0816,-1.015995349478882,0.3267740101519631
5-13B,11.0,253.0119,-0.14192111511162264,0.026730441523965098
5-13B,11.0,253.0499,1.059031134207519,1.1045825719614075
5-13B,11.0,257.0072,0.020315240519897776,0.3025951316080608
5-13B,11.0,257.1028,-0.6062639906670361,0.24019324427773853
5-13B,11.0,259.005,-0.49631758591351605,0.20789213171548115
5-13B,11.0,259.0227,2.6742214301207796,0.18177405148157375
5-13B,11.0,261.0385,5.721103316039568,0.31789670627860506
5-13B,11.0,266.0703,1.060934199254652,0.4391001551356194
5-13B,11.0,267.0724,-0.7126757424481919,0.017023239704529125
5-13B,11.0,268.02,-0.235740931353286,0.5433778871369496
5-13B,11.0,269.0398,-0.24926444573924622,0.10275947279007466
5-13B,11.0,271.0612,0.118662450548961,0.22164963286674688
5-13B,11.0,271.0815,-0.8708459079712743,0.4099365574852482
5-13B,11.0,273.0021,-0.5730208046883429,0.09420497900223213
5-13B,11.0,274.0933,5.739239335358998,0.6477969134006423
5-13B,11.0,275.0184,2.346978106332439,1.2065268208594009
5-13B,11.0,275.0991,1.8604426183352,0.30638883363879094
5-13B,11.0,277.1207,-0.7953581232849017,0.008261785613666814
5-13B,11.0,277.2169,-0.7676295399995294,0.13839721287892337
5-13B,11.0,279.2331,-0.28558842480067487,0.01787001382476334
5-13B,11.0,282.0839,-0.53456084762234,0.48973786225746213
5-13B,11.0,283.2063,-0.36165310436091147,0.10979751610518122
5-13B,11.0,285.0972,-0.671179006091078,0.5362988357924426
5-13B,11.0,287.0157,0.036560468311343366,0.4050393024591663
5-13B,11.0,288.0725,1.0381979601547537,0.30342721729464966
5-13B,11.0,289.0333,4.196578707943601,0.749844356968072
5-13B,11.0,289.1044,4.405030432253044,0.724492807041367
5-13B,11.0,290.9677,-0.08923228117044282,0.07284415382084825
5-13B,11.0,294.0479,-0.1835929369684815,0.34858132741539916
5-13B,11.0,300.0509,2.135726593064196,1.1461988135138703
5-13B,11.0,301.0333,-1.0577106402820924,0.5070915946530435
5-13B,11.0,303.2326,-0.3083634649526776,0.38922246699780283
5-13B,11.0,305.0207,-0.0382517835343672,0.1538001548034583
5-13B,11.0,306.0481,2.781912754884182,0.2705542181273301
5-13B,11.0,306.0765,8.309582190792577,0.3383733414552962
5-13B,11.0,308.0986,-0.26432166944610547,0.02629738009477759
5-13B,11.0,313.0441,5.210065848672045,0.8397250706163701
5-13B,11.0,313.1037,1.5737720911278557,0.51215443449639
5-13B,11.0,317.026,-0.059673699807011746,0.07554237014012723
5-13B,11.0,323.0256,1.958987623486174,0.38535997812422523
5-13B,11.0,325.1163,0.8252363852222302,0.3477908040022269
5-13B,11.0,328.0457,3.5798647306178952,0.40205753392284244
5-13B,11.0,333.0589,0.5479025204136335,0.3419326591165248
5-13B,11.0,338.9884,3.3232253241534107,0.8262821048834323
5-13B,11.0,339.0928,-0.3140309895439734,0.46001365964591356
5-13B,11.0,341.1089,-0.3835770272140261,0.05627829284746245
5-13B,11.0,344.0393,6.418856844186769,0.4841251181496215
5-13B,11.0,346.0556,5.587326005459396,0.32950177616021215
5-13B,11.0,348.087,3.173797743476318,0.5520592993198016
5-13B,11.0,353.0489,0.9683492948426261,0.7340498184302278
5-13B,11.0,357.089,3.1206996516612326,0.2338094874293292
5-13B,11.0,375.131,2.767170514858379,0.3921145308103028
5-13B,11.0,377.1496,-0.21395278559134262,0.7001858784619541
5-13B,11.0,383.1188,0.3332209605036171,0.3980987448850785
5-13B,11.0,388.9416,-0.06393482518737201,0.18678994544546224
5-13B,11.0,388.9442,-0.3542465069336519,0.11368239624519541
5-13B,11.0,401.0756,-0.6692592723579166,0.03044780533251444
5-13B,11.0,407.2795,-0.6907861998341529,0.2234369351587177
5-13B,11.0,421.0743,0.8654651799190404,0.8295816009291392
5-13B,11.0,426.0222,4.2334756176406,0.41911264098355766
5-13B,11.0,442.9997,-0.2810601196246669,0.0632755313626385
5-13B,11.0,466.9657,-0.5301711582064648,0.16246652804707773
5-13B,11.0,490.9787,-0.3927312471551722,0.7847080611505419
5-13B,11.0,503.1614,0.001929866943211081,0.4443572066229002
5-13B,11.0,547.0731,2.415796396364974,0.20365453527699776
5-13B,11.0,565.0471,7.0693271025910045,0.7617639705871839
5-13B,11.0,578.8872,-0.5318554095545944,0.12004737762052285
5-13B,11.0,579.0269,-0.7150198887514857,0.016798209591103307
5-13B,11.0,612.2549,-0.13050218325622837,0.22091590950717443
5-13B,11.0,624.2949,0.510859074585654,0.3578303423965455
5-13B,11.0,659.307,-0.24533349597841483,0.528702222370284
5-13B,11.0,664.0939,-0.4204499042905133,0.17885113115460838
5-13B,11.0,665.2144,0.4046785003818491,0.19650829697494102
5-13B,11.0,668.1374,4.892050269197327,0.10438888697335602
5-13B,11.0,787.255,0.1823930513892331,0.42175228183541064
5-13B,11.0,790.2568,0.06045490039567442,0.2143390147329522
5-13B,11.0,835.0407,0.9591977762490961,0.3357204368252711
5-13B,11.0,863.2971,-0.614987254413871,0.06349739778974699
5-13B,11.0,864.1473,-0.10689775387693821,0.41046593444544754
5-13B,11.0,974.2935,-0.6709905967549291,0.38335022449313777
5-13B,11.0,976.7162,-0.4949161566812314,0.11099688214049262
5-13B,12.0,57.0342,-1.5643407061328594,0.2674889303843382
5-13B,12.0,58.0295,2.268221829936353,0.3561184543661519
5-13B,12.0,59.0135,-1.1336644982668278,0.05407942907276465
5-13B,12.0,71.0137,-1.0779122241900443,0.04611361397221677
5-13B,12.0,73.0293,-0.30009143772086055,0.024597413437089356
5-13B,12.0,74.0247,0.7303045638972565,0.9798410702106151
5-13B,12.0,75.0087,0.43111322874688174,0.29572704501673314
5-13B,12.0,87.0088,-0.6403222763790153,0.03087470283533459
5-13B,12.0,87.0451,-1.031868727570882,0.3003310821146932
5-13B,12.0,88.0403,0.4724820020968494,0.0603424935444166
5-13B,12.0,88.9883,-0.6572985925259061,0.39568935967851154
5-13B,12.0,89.0244,-1.0323885656695586,0.026652645225589418
5-13B,12.0,93.0338,-0.008932460277117658,0.01333813304911826
5-13B,12.0,94.9761,-0.8727414475110424,0.24582965763990236
5-13B,12.0,94.9806,0.4913108756247252,0.4262011687474613
5-13B,12.0,95.0139,-1.1611401089188578,0.10252682741595026
5-13B,12.0,101.0242,-1.3167448282737502,0.08903551879046909
5-13B,12.0,102.056,-0.35278857219721527,0.10659948707598002
5-13B,12.0,103.0402,-0.11755265274375262,0.05623420607616851
5-13B,12.0,103.0509,-0.22436205067120807,0.12279502481559991
5-13B,12.0,104.0352,0.12959410822546802,0.16956138521834205
5-13B,12.0,105.0193,-0.8172249789011776,0.2042134893610087
5-13B,12.0,107.0503,-0.8139452591586713,0.5845590150551077
5-13B,12.0,109.0295,1.2142568423338975,0.1184102532157673
5-13B,12.0,111.02,0.6805874125245586,0.04263265180957978
5-13B,12.0,112.0516,0.07215909494112788,0.4527079201571481
5-13B,12.0,113.0244,-1.0604303748427522,0.02709768150788359
5-13B,12.0,113.0357,0.3850905008605049,0.0343476735499643
5-13B,12.0,114.056,-0.22760113162896284,0.0029027594088750237
5-13B,12.0,115.0037,-0.04440499468046034,0.05202268590781878
5-13B,12.0,115.0402,-0.37118879855382864,0.3326180674688225
5-13B,12.0,115.0764,-0.9042611282482269,0.6625040931232347
5-13B,12.0,116.0354,0.8118261199674207,0.11354659206529893
5-13B,12.0,116.0717,-0.09390688610345052,0.035306451436422054
5-13B,12.0,117.0194,-0.2925742845166948,0.020484657398331458
5-13B,12.0,118.0508,-0.29720426049193027,0.08057801753739774
5-13B,12.0,118.9804,-0.9739471622007975,0.017901094409865308
5-13B,12.0,119.0503,-0.015194860523622108,0.18740760695441747
5-13B,12.0,120.9273,-0.471633325146391,0.08372280997867391
5-13B,12.0,121.0295,-1.0758283562724942,0.3031733586506859
5-13B,12.0,121.0409,-1.260029574165395,0.4581942359734209
5-13B,12.0,122.0248,-0.4084772159498007,0.18658865293947374
5-13B,12.0,124.0075,-1.0218856212636909,0.31048252402755466
5-13B,12.0,124.0144,-1.3241243658980495,0.23361568637331073
5-13B,12.0,125.0439,-0.445282349097443,0.08639072029741804
5-13B,12.0,127.0764,-0.6553609131035698,0.47272182755472114
5-13B,12.0,128.0354,-0.23981750634113386,0.010841006632359323
5-13B,12.0,129.0193,0.5072654043112355,0.07324219914345685
5-13B,12.0,129.0556,-0.9530832902732375,0.3066732908183212
5-13B,12.0,130.0142,1.0287562517184603,0.18735196438725774
5-13B,12.0,130.0509,2.013996185284417,0.05804221896775307
5-13B,12.0,130.0874,0.6661259079239166,0.06550136981230252
5-13B,12.0,131.0008,-0.6947036816466652,0.03034990455055878
5-13B,12.0,131.0123,-0.1863668735147871,0.10188995862115627
5-13B,12.0,131.035,-1.2884246839312032,0.16021181710875515
5-13B,12.0,131.0462,-1.0723717415047116,0.24530493707265588
5-13B,12.0,131.0828,-0.2107754089568745,0.1760509484674015
5-13B,12.0,132.0302,0.8785402549824062,0.03136024498589073
5-13B,12.0,133.0142,-0.31305999822318714,0.04443348696815366
5-13B,12.0,133.0257,-0.27278809225097234,0.062183047553538255
5-13B,12.0,133.0505,1.0670996062586773,0.03215125959682677
5-13B,12.0,134.0472,1.3831872495176962,0.24857874877601582
5-13B,12.0,134.0604,1.7532207961032462,0.5940770128437339
5-13B,12.0,135.0302,-0.35292774423555784,0.07477602355475209
5-13B,12.0,135.0453,1.1270712442161832,0.061042362649876294
5-13B,12.0,136.0404,-0.236269203155076,0.07333191514647708
5-13B,12.0,136.0487,0.7806982074240021,0.15262446169026536
5-13B,12.0,136.0767,0.18857927071196906,0.33030448963151743
5-13B,12.0,137.0239,-0.4048791510949475,0.022061327472641473
5-13B,12.0,138.9789,-0.9294350433199684,0.04516574904949737
5-13B,12.0,139.0014,0.32090296427668646,0.01368175204676119
5-13B,12.0,139.0067,-0.7664178077371193,0.006709917185131648
5-13B,12.0,139.976,0.054398331119745284,0.2466296712887189
5-13B,12.0,143.0713,-1.0050376778396894,0.30176655691813115
5-13B,12.0,143.1077,-1.201528151452993,0.05242295660415154
5-13B,12.0,145.0141,-0.5091748753536189,0.1252087297861207
5-13B,12.0,145.0506,1.5997084134826407,0.13994010556029837
5-13B,12.0,145.0623,0.766448246600248,0.19088829336300675
5-13B,12.0,145.0982,-0.6553702502252192,0.1165710701640637
5-13B,12.0,145.1106,-0.5811266314539759,0.8172537506470067
5-13B,12.0,146.0459,-0.32619002341777775,0.010627597535244648
5-13B,12.0,147.0298,0.3058605041833864,0.07759185786884319
5-13B,12.0,147.0662,1.3969989472943074,0.05190476235523059
5-13B,12.0,149.0092,-1.4058459653898545,0.25504820260123007
5-13B,12.0,149.0456,-0.528054980648519,0.08784055857496927
5-13B,12.0,149.0608,-0.5039460440260327,0.45345503401011295
5-13B,12.0,150.0422,0.8371708637625117,0.6057961679516866
5-13B,12.0,150.9707,-0.1191789565618487,0.7949247826506309
5-13B,12.0,151.0259,-0.5030836671923847,0.021839359125365224
5-13B,12.0,151.04,-0.008865329724852017,0.3484694271871922
5-13B,12.0,151.06,-0.776343950457046,0.6206439474760653
5-13B,12.0,152.0353,-0.78893180775478,0.22065871756602626
5-13B,12.0,152.0716,-1.072118110754634,0.23428641636424893
5-13B,12.0,153.0192,-0.9654515119328289,0.03264158722431292
5-13B,12.0,154.062,-0.07205654693898991,0.16912724979347432
5-13B,12.0,154.9751,-0.28275866460087284,0.059489080839510544
5-13B,12.0,155.0099,0.578300821617846,0.022757063697461142
5-13B,12.0,157.0128,-0.2236700696328473,0.06354596593675683
5-13B,12.0,157.0255,0.44573159796149203,0.03444362592665144
5-13B,12.0,157.0379,0.49158247519595366,0.036561712630020025
5-13B,12.0,157.0504,0.9778211022802821,0.08404815794727759
5-13B,12.0,159.0297,-1.352242646020462,0.08440535689279237
5-13B,12.0,159.0775,0.5703297909599543,0.11438698541547689
5-13B,12.0,160.0616,1.88315316008963,0.1642605560344059
5-13B,12.0,161.0453,-1.575725131462602,0.08782544610975017
5-13B,12.0,162.0424,-0.35056815547366194,0.09117156144934196
5-13B,12.0,163.0351,-0.809264744830549,0.1450308376095668
5-13B,12.0,163.0398,1.2743364339935224,0.11716885745835556
5-13B,12.0,163.0611,-0.04814429024411615,0.8942767296816043
5-13B,12.0,164.0716,-0.45243555336840624,0.06747214998462142
5-13B,12.0,165.03,-0.7406945259166076,0.44058615565045806
5-13B,12.0,165.0405,-1.1840987741053797,0.36580454345670865
5-13B,12.0,165.0556,-0.7395760539218934,0.039561596159842734
5-13B,12.0,166.0508,2.446153674913392,0.18785617387742545
5-13B,12.0,166.0632,0.20819574888797615,0.6701384838494296
5-13B,12.0,166.9759,0.7909659419632107,0.12709178974636104
5-13B,12.0,167.0207,0.039444457351112835,0.06937799310114569
5-13B,12.0,167.0358,-1.0877043100009758,0.1004987781934381
5-13B,12.0,167.0828,-0.6105989669914184,0.6729528747491285
5-13B,12.0,168.0277,-0.5028543575700466,0.016207905870161236
5-13B,12.0,168.0664,-1.0342888743830114,0.2566331923867499
5-13B,12.0,170.0455,-0.055333653584632395,0.09026012772038365
5-13B,12.0,171.0065,0.5763984612542553,0.2238983089056992
5-13B,12.0,171.0092,0.635687216792978,0.2897074950317405
5-13B,12.0,171.0284,-0.45978697498485777,0.07435965517492808
5-13B,12.0,172.0616,1.6767289844241642,0.402293814765055
5-13B,12.0,172.962,-0.47601186871792234,0.04879609840686224
5-13B,12.0,173.0089,0.243816223225019,0.11093392353058264
5-13B,12.0,173.0453,0.5734396312302416,0.2727285034192904
5-13B,12.0,173.0932,0.7688796289108957,0.03161400813935098
5-13B,12.0,173.1041,-0.4740040111223383,0.21678755336251682
5-13B,12.0,174.0407,2.0856821582232206,0.02204701431939866
5-13B,12.0,174.088,2.2001696772137427,0.12185150877258513
5-13B,12.0,175.022,0.3742397166035494,0.1114049499983994
5-13B,12.0,175.0361,0.7766679500276275,0.06401933209363303
5-13B,12.0,175.0611,1.5849844829019497,0.03308900387553377
5-13B,12.0,176.0776,1.5142679234755936,0.23192989625308158
5-13B,12.0,177.0402,-1.4780168625125665,0.45170162516550594
5-13B,12.0,177.0553,-0.48955350999269376,0.2697804123749502
5-13B,12.0,178.0509,3.6114725995197636,0.08016263415836575
5-13B,12.0,179.0348,0.5550823660894746,0.31584107894141134
5-13B,12.0,179.0561,-0.877907273911418,0.02306584750087503
5-13B,12.0,180.0663,-0.8895397893140861,0.03462687160634727
5-13B,12.0,181.0505,-0.6135608056362969,0.13386273191758163
5-13B,12.0,182.9725,-1.144646962754246,0.0685042974123635
5-13B,12.0,183.0661,-1.1232134304198815,0.1305835051650423
5-13B,12.0,184.0017,-0.48419569027848225,0.027127662157318003
5-13B,12.0,184.9856,2.4252863639977287,0.23702688482881054
5-13B,12.0,186.1136,-0.8140094484294479,0.04609554756486385
5-13B,12.0,187.0234,-0.10966845752628375,0.2313433647537236
5-13B,12.0,188.035,-0.35644287692586796,0.5629346108336236
5-13B,12.0,188.0565,0.9514506883618592,0.035551831486734554
5-13B,12.0,189.0405,-0.6947200269936425,0.05722174991588405
5-13B,12.0,191.0197,2.107384360371118,0.3155971178622417
5-13B,12.0,191.0561,1.312121724465171,0.0961922334633043
5-13B,12.0,192.0663,-0.8837783299340733,0.35120775781114927
5-13B,12.0,193.0349,-0.48575353992277265,0.11736245736680477
5-13B,12.0,194.0682,2.93180869421165,0.3504703803339248
5-13B,12.0,194.0822,-0.35509919959225583,0.2796484471311121
5-13B,12.0,195.0509,-0.6185471282446877,0.030667443274838196
5-13B,12.0,195.0657,0.1931198152924939,0.6493324653011259
5-13B,12.0,196.0603,2.796066586121543,0.0774758426419211
5-13B,12.0,198.0182,-0.3380613829191387,0.1832371487644554
5-13B,12.0,199.0019,-0.09425087908900205,0.25359758026624796
5-13B,12.0,200.9937,-1.0407866142611422,0.16921041134578407
5-13B,12.0,201.0051,0.04607655492500091,0.34188261940623726
5-13B,12.0,203.0348,-0.585211377695845,0.24112664229161304
5-13B,12.0,203.0826,-0.08828936132317369,0.006459234192731908
5-13B,12.0,204.0498,-0.7959014011089474,0.15083950702251045
5-13B,12.0,205.0351,-0.09448360464452732,0.15115125399970536
5-13B,12.0,206.0822,-0.5024369114686669,0.8275390845325823
5-13B,12.0,209.0292,-1.0810667519305794,0.2737925259702872
5-13B,12.0,209.0814,0.1644584396370377,0.1089289466792364
5-13B,12.0,211.0235,-0.45107976252990706,0.08265841528709966
5-13B,12.0,211.9968,1.7024993750722275,0.2913195454929648
5-13B,12.0,212.0331,-0.43629124233639927,0.13767237748473782
5-13B,12.0,212.9807,-0.4021566592053478,0.12150904921591989
5-13B,12.0,213.014,0.31937899891062976,0.24791229627265224
5-13B,12.0,213.0384,-0.7000671973347117,0.13374204690334995
5-13B,12.0,213.1252,-0.3454640808294445,0.6796641227864967
5-13B,12.0,214.0488,0.03250227919354269,0.49929067647638165
5-13B,12.0,215.0331,-0.8784708694847082,0.018827705664436815
5-13B,12.0,216.1351,-1.158172667007614,0.1679760003366
5-13B,12.0,218.0335,-0.9181767818239583,0.011355921797555745
5-13B,12.0,218.1034,2.6270153169023063,0.07406579035714769
5-13B,12.0,220.0828,0.050606766228334876,0.8684905261609038
5-13B,12.0,221.0443,-1.0456308995031782,0.07790473139085974
5-13B,12.0,221.0664,-1.8240095412003625,0.2107838330875681
5-13B,12.0,225.0399,-1.745975818720214,0.7987618388577816
5-13B,12.0,225.0861,-1.0221683198644196,0.3935526061898049
5-13B,12.0,225.0901,-0.2848091008405193,0.16621592040757252
5-13B,12.0,226.0135,-0.358992304632054,0.12684651963380625
5-13B,12.0,226.0697,-1.1587517315623197,0.0827884408479457
5-13B,12.0,228.0501,-0.6632562380999188,0.2008351311840706
5-13B,12.0,229.0122,5.1996296248324985,0.20645124221565087
5-13B,12.0,237.0614,1.901415346642302,0.18595356701871102
5-13B,12.0,238.0945,-0.534062693912247,0.3035569059695001
5-13B,12.0,240.0515,2.68621675072479,0.04251779067817416
5-13B,12.0,241.0844,0.2629007689388646,0.32767330676131684
5-13B,12.0,242.0804,-1.1345102075994034,0.595129459900982
5-13B,12.0,243.029,-0.02728055415882973,0.26210733923828383
5-13B,12.0,243.0625,1.9460433579303338,0.6411130927185087
5-13B,12.0,245.0444,0.4412694915610802,0.06830409031160033
5-13B,12.0,246.0198,-0.03638448282065025,0.19173552909175223
5-13B,12.0,246.064,-0.7266596271765415,0.11672831029458391
5-13B,12.0,251.0816,0.6128473235079643,0.5085282057841654
5-13B,12.0,253.0119,-0.16202207296385612,0.017844211020496634
5-13B,12.0,253.0499,-0.1035081733898683,0.29508153386907604
5-13B,12.0,257.0072,-0.07819200454750613,0.37584999773682254
5-13B,12.0,257.1028,-0.3509187173554318,0.1807810021683126
5-13B,12.0,259.005,-0.6567682416584351,0.5412656304972435
5-13B,12.0,259.0227,1.8321291749675694,0.251214344319388
5-13B,12.0,261.0385,5.440052225221832,0.2379276150619294
5-13B,12.0,266.0703,0.7798324980691449,0.2666767434685802
5-13B,12.0,267.0724,-0.6612399768687225,0.009372810965794124
5-13B,12.0,268.02,-0.42626016375611364,0.4282513092962112
5-13B,12.0,269.0398,-0.3406610562193514,0.08296141239715556
5-13B,12.0,271.0612,0.2141101900818703,0.32890469667962846
5-13B,12.0,271.0815,-0.7274623770875731,0.42468317957009444
5-13B,12.0,273.0021,-0.6186146896811047,0.2165058484317574
5-13B,12.0,274.0933,4.273083479911088,0.18444619600062556
5-13B,12.0,275.0184,0.9773771420814215,0.47663611409529855
5-13B,12.0,275.0991,2.453361608311252,0.315347746218349
5-13B,12.0,277.1207,-0.9705261687031803,0.016289792647237285
5-13B,12.0,277.2169,-0.9691780667011844,0.2671470549698834
5-13B,12.0,279.2331,-0.18464173758013563,0.02130129971028328
5-13B,12.0,282.0839,-0.9991239694799462,0.19977720597543033
5-13B,12.0,283.2063,0.32795401409770353,0.14823212448204742
5-13B,12.0,285.0972,-0.6726049146974109,0.33385222413258475
5-13B,12.0,287.0157,-0.3104278518712831,0.4428498846936798
5-13B,12.0,288.0725,0.646647914532106,0.09539140578214458
5-13B,12.0,289.0333,3.2492386037805003,0.2355907499902532
5-13B,12.0,289.1044,1.2176781946207687,0.286547996349006
5-13B,12.0,290.9677,-0.13715026748297474,0.06658744263382882
5-13B,12.0,294.0479,-0.48820625339893386,0.2952906096157502
5-13B,12.0,300.0509,1.3140536662805666,1.1742020658833654
5-13B,12.0,301.0333,-1.5469630013412432,0.4026057403951535
5-13B,12.0,303.2326,-0.032140000599143126,0.12468714208888003
5-13B,12.0,305.0207,-0.6493020290445751,0.1187048564093971
5-13B,12.0,306.0481,2.2331704930463534,0.31383169158941493
5-13B,12.0,306.0765,-0.20000442656083844,0.019733711158411597
5-13B,12.0,308.0986,-0.21702250770632772,0.015196869669707217
5-13B,12.0,313.0441,3.957483342931965,0.26118769713438306
5-13B,12.0,313.1037,1.8332913767112489,0.5438137988841589
5-13B,12.0,317.026,-0.43468144052262403,0.33973468656373756
5-13B,12.0,323.0256,-0.09631409188600087,0.9665706082571549
5-13B,12.0,325.1163,1.052522281664011,0.28141823655959697
5-13B,12.0,328.0457,3.692425292956245,0.3037880713415325
5-13B,12.0,333.0589,0.41264525953319164,0.07365596717149592
5-13B,12.0,338.9884,1.8738164952897733,0.39520404931376013
5-13B,12.0,339.0928,-0.5075828752154323,0.6078993259096817
5-13B,12.0,341.1089,-0.8856389157767486,0.12129803152701756
5-13B,12.0,344.0393,5.9634416789537195,0.4688881167040594
5-13B,12.0,346.0556,1.4461502147252616,0.2572967412633743
5-13B,12.0,348.087,1.6829296764032262,0.3651423938387158
5-13B,12.0,353.0489,0.357969504719047,0.3314289309634433
5-13B,12.0,357.089,2.093010952027476,0.09104951801247282
5-13B,12.0,375.131,2.6034795866895637,0.4079538346656693
5-13B,12.0,377.1496,-0.5770039999307041,0.9652986173188806
5-13B,12.0,383.1188,-0.35310980780455414,0.408886010662659
5-13B,12.0,388.9416,-0.2325991955592467,0.5973062760112091
5-13B,12.0,388.9442,-0.6714250795356287,0.4048645908630722
5-13B,12.0,401.0756,-1.017920339132064,0.04292398884744014
5-13B,12.0,407.2795,-0.5575694782994404,0.19447758776253443
5-13B,12.0,421.0743,0.5660489951187505,0.6802410407042041
5-13B,12.0,426.0222,0.453897447443555,0.6442140177830178
5-13B,12.0,442.9997,-0.3636764760883826,0.18844127217069842
5-13B,12.0,466.9657,-1.025418903809623,0.1623979846650327
5-13B,12.0,490.9787,-0.897816252042636,0.3742329725384046
5-13B,12.0,503.1614,-0.7868816199320483,0.2741664424103128
5-13B,12.0,547.0731,1.0034213277192552,0.1261478016507876
5-13B,12.0,565.0471,2.4090954149271866,0.45025709551198645
5-13B,12.0,578.8872,-1.0124225778568796,0.025316288499758588
5-13B,12.0,579.0269,-0.9820246886946118,0.07695971984526638
5-13B,12.0,612.2549,-0.3960583880144233,0.17440501208091586
5-13B,12.0,624.2949,0.9755102235300991,0.2784678355963917
5-13B,12.0,659.307,-0.4075174734918144,0.04953496033223171
5-13B,12.0,664.0939,-0.048790164851907285,0.15186350116018235
5-13B,12.0,665.2144,0.09112444263664302,0.20440821289874678
5-13B,12.0,668.1374,5.516387786166982,0.1315887519864455
5-13B,12.0,787.255,-0.8568408556817497,0.2384767905488323
5-13B,12.0,790.2568,-0.5350147274247754,0.1158328449938193
5-13B,12.0,835.0407,3.771999060493763,0.40016451838489264
5-13B,12.0,863.2971,-0.29904350403419583,0.12317414219436047
5-13B,12.0,864.1473,-0.8639185003772145,0.3186632112484053
5-13B,12.0,974.2935,0.8496845101757378,0.27443224505163977
5-13B,12.0,976.7162,-1.000759072889673,0.08059316389611168
5-13C,1.0,57.0342,1.1088648494481883,0.6804232770273853
5-13C,1.0,58.0295,-0.9638928790156434,0.2280002155659648
5-13C,1.0,59.0135,0.8933065159492752,0.23591560525893301
5-13C,1.0,71.0137,0.9808077193541789,0.25261966042142237
5-13C,1.0,73.0293,-0.9444309282617105,0.012266735133768665
5-13C,1.0,74.0247,-1.0709937670935248,0.34785312260869594
5-13C,1.0,75.0087,-0.46623195664153916,0.20793949152228078
5-13C,1.0,87.0088,-0.6725143055937128,0.007688610418723207
5-13C,1.0,87.0451,0.8194760900891243,0.8599712679882733
5-13C,1.0,88.0403,-0.953933591603112,0.013699744946012001
5-13C,1.0,88.9883,-0.5114086248894183,0.4950090008358083
5-13C,1.0,89.0244,-0.20468453133226802,0.13590674304662276
5-13C,1.0,93.0338,-0.07472062219128058,0.008933884732624612
5-13C,1.0,94.9761,-0.9771435102394072,0.33742082134886026
5-13C,1.0,94.9806,1.2724084348421805,0.4166284025102553
5-13C,1.0,95.0139,1.2707898931660608,0.36179656845041186
5-13C,1.0,101.0242,1.5882001876974616,0.4073877991659793
5-13C,1.0,102.056,-0.48708502183438684,0.07738790703174082
5-13C,1.0,103.0402,-0.9737094863928077,0.04063707153193028
5-13C,1.0,103.0509,-1.037285012001317,0.08844860310636374
5-13C,1.0,104.0352,-0.08365519708546629,0.2687187268436371
5-13C,1.0,105.0193,-0.29178114925579035,0.33628386882636796
5-13C,1.0,107.0503,0.4758549641339526,0.7288166669069207
5-13C,1.0,109.0295,-0.9850241083673135,0.16540161159335107
5-13C,1.0,111.02,-1.2202952225130093,0.0011953738960252297
5-13C,1.0,112.0516,-0.2006143724930155,0.6921000006396038
5-13C,1.0,113.0244,1.2158082342219938,0.2110437932043969
5-13C,1.0,113.0357,-1.105686455827196,0.033863620924225325
5-13C,1.0,114.056,-0.24961789851848593,0.00198041891989023
5-13C,1.0,115.0037,-0.8829567146626387,0.045315633554313846
5-13C,1.0,115.0402,0.1711847728252708,1.0375568308586889
5-13C,1.0,115.0764,0.4929697996157123,0.9003026483269398
5-13C,1.0,116.0354,-1.2291166991644915,0.2962285882058481
5-13C,1.0,116.0717,-0.7928377851369117,0.01596871213757619
5-13C,1.0,117.0194,-0.9471807114832185,0.0015511888648580788
5-13C,1.0,118.0508,-1.4769469757969018,0.10173101671368107
5-13C,1.0,118.9804,0.9636525729435783,0.2886952401798351
5-13C,1.0,119.0503,1.645410793307783,0.27633130596193484
5-13C,1.0,120.9273,0.374683995231565,0.5203294456930285
5-13C,1.0,121.0295,0.31248379655940994,0.6030718072036109
5-13C,1.0,121.0409,0.7917330981166619,0.19433213404708163
5-13C,1.0,122.0248,-0.6167023803760832,0.43622491258891133
5-13C,1.0,124.0075,-0.1832114350319632,0.27457366819141465
5-13C,1.0,124.0144,0.17957222300246106,0.12789543194394629
5-13C,1.0,125.0439,-0.33691993693592026,0.2603102029255161
5-13C,1.0,127.0764,0.628135674468344,0.8353311063893555
5-13C,1.0,128.0354,-0.32795827359555174,0.006113229020046284
5-13C,1.0,129.0193,-1.1732021747000916,0.11349735307558809
5-13C,1.0,129.0556,0.07411741110267878,0.8305310622170248
5-13C,1.0,130.0142,-0.7115127760385478,0.18149370767248876
5-13C,1.0,130.0509,-1.0760528292760116,0.004958347969783469
5-13C,1.0,130.0874,-0.9578761377304432,0.037207310627615085
5-13C,1.0,131.0008,-0.1168568550399191,0.8740846945347678
5-13C,1.0,131.0123,-0.7102135362868927,0.06494077873137782
5-13C,1.0,131.035,0.690226175601399,0.18019937287777946
5-13C,1.0,131.0462,0.7913535684199293,0.16999303957074316
5-13C,1.0,131.0828,0.3362547864546886,0.26488599819625586
5-13C,1.0,132.0302,-1.2436633476937065,0.003579820487237183
5-13C,1.0,133.0142,-0.5491811915841222,0.04071976305531312
5-13C,1.0,133.0257,-0.6906457694216399,0.0620930240560327
5-13C,1.0,133.0505,-1.346251370179836,0.00955167196969669
5-13C,1.0,134.0472,-1.2920400286957556,0.2586657326019567
5-13C,1.0,134.0604,-1.3630931058934332,0.2810146103601799
5-13C,1.0,135.0302,-0.8503488991864103,0.14549864515363792
5-13C,1.0,135.0453,-1.5032372472706061,0.03064886361417707
5-13C,1.0,136.0404,-0.4606097652447539,0.04091363471810752
5-13C,1.0,136.0487,-1.416624683454015,0.05935196272506682
5-13C,1.0,136.0767,0.6612647728013752,0.29375498218102664
5-13C,1.0,137.0239,-0.008622834074427002,0.2641051238330515
5-13C,1.0,138.9789,0.9625413139011509,0.45122814050218923
5-13C,1.0,139.0014,-0.36117062771320596,0.061242211169054615
5-13C,1.0,139.0067,-0.6947158135554177,0.038965805420104194
5-13C,1.0,139.976,-0.30639298411700694,0.46908912476231546
5-13C,1.0,143.0713,1.1216892004768966,0.6931615348944172
5-13C,1.0,143.1077,-0.003105245801142579,0.5822208694686217
5-13C,1.0,145.0141,-0.1931172176196573,0.18564615954726227
5-13C,1.0,145.0506,-0.6322426303061207,0.15344196642437177
5-13C,1.0,145.0623,-0.11154914496733234,0.29526459526119003
5-13C,1.0,145.0982,0.5373214748356481,0.42237542948722995
5-13C,1.0,145.1106,0.7967050410177388,0.5442942099768973
5-13C,1.0,146.0459,-0.46512732955576885,0.005119007302921746
5-13C,1.0,147.0298,-0.9815516079086299,0.009656724221736584
5-13C,1.0,147.0662,-1.4483376070593805,0.007273934730634106
5-13C,1.0,149.0092,0.9289741050931579,0.5377450137411464
5-13C,1.0,149.0456,0.6833187749661522,0.12053637351294709
5-13C,1.0,149.0608,0.6911881600661283,0.30878651072970614
5-13C,1.0,150.0422,-1.0305402090903817,0.48830327478751395
5-13C,1.0,150.9707,-0.03822521487114078,0.38395999394672703
5-13C,1.0,151.0259,-0.6339296536696841,0.04279967914639491
5-13C,1.0,151.04,-0.004196341974121429,0.46018440056886656
5-13C,1.0,151.06,-0.31336170768994764,0.9210560262458332
5-13C,1.0,152.0353,-0.5139316780312617,0.2872101654747079
5-13C,1.0,152.0716,1.5398742864677244,0.3387793822345389
5-13C,1.0,153.0192,-0.19156274284861052,0.06916015303885807
5-13C,1.0,154.062,0.24077930274200937,0.030895007432296555
5-13C,1.0,154.9751,-0.9889908488683362,0.012378107711299694
5-13C,1.0,155.0099,-1.1858217395625141,0.002194019381566073
5-13C,1.0,157.0128,-0.9936344462200375,0.032122148371221224
5-13C,1.0,157.0255,-1.3502090616532048,0.005342492857855713
5-13C,1.0,157.0379,-1.399112081462341,0.02063480047162939
5-13C,1.0,157.0504,-1.1738256976743746,0.025473545816084884
5-13C,1.0,159.0297,1.2531012159140755,0.2529006750629005
5-13C,1.0,159.0775,-1.243091366471109,0.014348060291686197
5-13C,1.0,160.0616,-1.4084565635155122,0.27105239465660413
5-13C,1.0,161.0453,0.34162707564203965,0.13444225120478534
5-13C,1.0,162.0424,-1.3609716632509632,0.22562302894950642
5-13C,1.0,163.0351,-1.0548233435017638,0.1023508707035413
5-13C,1.0,163.0398,0.10738925286681847,0.07860119296571433
5-13C,1.0,163.0611,-0.41097709480190053,1.0648757747136617
5-13C,1.0,164.0716,-0.4122746843949334,0.041237065488342745
5-13C,1.0,165.03,0.4216207848645984,0.5233900841556018
5-13C,1.0,165.0405,0.058826598206492164,0.6605913668119101
5-13C,1.0,165.0556,-0.8378049367567293,0.09820064173518452
5-13C,1.0,166.0508,-1.3274802432746229,0.18086971535191873
5-13C,1.0,166.0632,-0.6414461158169444,0.6220345276969969
5-13C,1.0,166.9759,-0.9831942768414836,0.032715976261152635
5-13C,1.0,167.0207,0.01531924395202598,0.17654976082757026
5-13C,1.0,167.0358,0.39957601190905007,0.3385950020725821
5-13C,1.0,167.0828,0.3087836706409026,1.4487543431407819
5-13C,1.0,168.0277,-0.42187946412880944,0.02658389446778075
5-13C,1.0,168.0664,1.2328076640632937,0.4754290699124222
5-13C,1.0,170.0455,-0.8615185996597301,0.013039866594577456
5-13C,1.0,171.0065,-0.953289022659296,0.20405298730084784
5-13C,1.0,171.0092,-1.0314757983006146,0.255429294101975
5-13C,1.0,171.0284,-0.9110695974741605,0.024899902189552157
5-13C,1.0,172.0616,-1.5108646421588579,0.15992906449135968
5-13C,1.0,172.962,-0.5609209894981639,0.0912446207180355
5-13C,1.0,173.0089,-1.0068542545441044,0.1619361150240823
5-13C,1.0,173.0453,-0.9115808059202457,0.2520308928056443
5-13C,1.0,173.0932,-0.8730140777361238,0.028174918324188124
5-13C,1.0,173.1041,0.0034740720553989926,0.19515794958595384
5-13C,1.0,174.0407,-1.0080582883138796,0.0005177541968407434
5-13C,1.0,174.088,-0.6325084031149923,0.116910422930358
5-13C,1.0,175.022,-0.908954438690498,0.1147561639607171
5-13C,1.0,175.0361,-1.247786050999788,0.009044607568941874
5-13C,1.0,175.0611,-1.2477404454494128,0.007437061424501966
5-13C,1.0,176.0776,-1.1381213802776247,0.21349174680530805
5-13C,1.0,177.0402,0.9451176645023466,0.6074907067804522
5-13C,1.0,177.0553,1.2572764204310976,0.622309839369449
5-13C,1.0,178.0509,-1.057555341721375,0.027907142004428804
5-13C,1.0,179.0348,-1.3194284820491102,0.16493674323129395
5-13C,1.0,179.0561,1.3714055452683866,0.2709230314906852
5-13C,1.0,180.0663,1.376095366110023,0.0776155114681338
5-13C,1.0,181.0505,-0.22181078798105822,0.6418910400450288
5-13C,1.0,182.9725,1.189254658370818,0.297871342630678
5-13C,1.0,183.0661,0.8753097084737667,0.705231224046714
5-13C,1.0,184.0017,-0.5094862705311688,0.06072323850484918
5-13C,1.0,184.9856,-0.5761932345707683,0.07754982146219822
5-13C,1.0,186.1136,0.9355394516397473,0.4617978883608085
5-13C,1.0,187.0234,-1.1726935504613887,0.7437822797615111
5-13C,1.0,188.035,-1.0663030295445894,0.18986038365270766
5-13C,1.0,188.0565,-1.1291846603736977,0.005456068562703268
5-13C,1.0,189.0405,0.8388957013973425,0.304222711203549
5-13C,1.0,191.0197,-0.5613433188193273,0.18536254609000094
5-13C,1.0,191.0561,-1.067685266432857,0.05190106816601276
5-13C,1.0,192.0663,0.2369540312085543,0.4043632326603772
5-13C,1.0,193.0349,-0.31103792089526183,0.35633369450647767
5-13C,1.0,194.0682,-0.8979699257971292,0.11798223524730604
5-13C,1.0,194.0822,0.286558388970785,0.8938636126994259
5-13C,1.0,195.0509,-0.35894224235418926,0.13492743403129215
5-13C,1.0,195.0657,-1.1643802507253471,0.35103937282287595
5-13C,1.0,196.0603,-1.3760993040800664,0.08729143303728784
5-13C,1.0,198.0182,-1.022882453314269,0.27617524036193636
5-13C,1.0,199.0019,-0.506161704002219,0.3077896321645852
5-13C,1.0,200.9937,0.8759064820872262,0.48596416780616414
5-13C,1.0,201.0051,-1.159585375190633,0.18218333705874654
5-13C,1.0,203.0348,-0.06980303210880424,0.2651934264942839
5-13C,1.0,203.0826,-0.03443263148449268,0.0393251099374329
5-13C,1.0,204.0498,1.5641891806030066,1.1570550735954783
5-13C,1.0,205.0351,-1.1968153025066142,0.06913763829113334
5-13C,1.0,206.0822,-0.3863111493794702,0.302792951206988
5-13C,1.0,209.0292,-0.6467934742224419,0.13222842926923092
5-13C,1.0,209.0814,0.6113740365429106,0.29012061747345935
5-13C,1.0,211.0235,-0.5467938548755559,0.21040053406961512
5-13C,1.0,211.9968,-1.093732519516942,0.03354074420503568
5-13C,1.0,212.0331,-0.2702059686186173,0.18903410179474694
5-13C,1.0,212.9807,-0.7194041132034931,0.06845567268743506
5-13C,1.0,213.014,-0.5285203911365675,0.1255470614037046
5-13C,1.0,213.0384,-0.6446869481793612,0.16835786299879701
5-13C,1.0,213.1252,-0.03155352784411818,1.1324766704847933
5-13C,1.0,214.0488,0.7674368122405256,0.7605849083713843
5-13C,1.0,215.0331,1.209549840274343,0.1736570747059537
5-13C,1.0,216.1351,0.51985565563756,0.20883785236494068
5-13C,1.0,218.0335,1.2738955296968664,0.18199594224077612
5-13C,1.0,218.1034,-1.2345755993634828,0.015504090822238928
5-13C,1.0,220.0828,0.191055072871558,0.48026995179740134
5-13C,1.0,221.0443,1.1033734933075285,0.23500056806328357
5-13C,1.0,221.0664,0.4021918010692369,0.49326753929097567
5-13C,1.0,225.0399,0.3530020549912012,0.4380650778186882
5-13C,1.0,225.0861,0.10355626551344425,0.6744346936744899
5-13C,1.0,225.0901,-0.4461909654085774,0.6438845326302045
5-13C,1.0,226.0135,-0.6475554903839671,0.3692645582674782
5-13C,1.0,226.0697,0.4270057010047478,0.2198284301202907
5-13C,1.0,228.0501,-0.17391185094875963,0.6478022153733554
5-13C,1.0,229.0122,-0.9113948752196268,0.15053218994716158
5-13C,1.0,237.0614,-1.3856723722434632,0.0563102507910338
5-13C,1.0,238.0945,1.2968272578375015,0.3191529633977367
5-13C,1.0,240.0515,-1.420704414697317,0.011281335554908789
5-13C,1.0,241.0844,-0.6190698040274689,0.18023918884996537
5-13C,1.0,242.0804,-0.6772714004309922,0.5982288204062954
5-13C,1.0,243.029,-0.38090473744267217,0.2244130210067294
5-13C,1.0,243.0625,-1.2194761687781777,0.20909968996772613
5-13C,1.0,245.0444,-1.2186182835230126,0.20043424805562735
5-13C,1.0,246.0198,-0.4722375294322638,0.26731947346967394
5-13C,1.0,246.064,1.3450207592013814,1.2404103696134379
5-13C,1.0,251.0816,1.0235633920552214,1.3389815139076509
5-13C,1.0,253.0119,-0.3665751571726284,0.011270228976710605
5-13C,1.0,253.0499,0.05259483845182053,0.290147371719824
5-13C,1.0,257.0072,-0.8012485856885185,0.1816829626614923
5-13C,1.0,257.1028,0.468809286855176,0.4314840889424052
5-13C,1.0,259.005,-0.7700275280666133,0.4824685541417817
5-13C,1.0,259.0227,1.0178035466950246,0.30028842785010695
5-13C,1.0,261.0385,-0.40673528712003515,0.3363186827331258
5-13C,1.0,266.0703,-0.7530279207051223,0.09136208531365934
5-13C,1.0,267.0724,-0.7131847110249387,0.015595985768052295
5-13C,1.0,268.02,-0.9478065624588544,0.22550400425478187
5-13C,1.0,269.0398,-0.7947375026328778,0.08493605342030976
5-13C,1.0,271.0612,-0.02033332014583815,0.18873662974990793
5-13C,1.0,271.0815,1.3173741085804869,0.7661904349642646
5-13C,1.0,273.0021,-0.9191328750422014,0.06625175754352612
5-13C,1.0,274.0933,-1.4055150331951871,0.0535676000336512
5-13C,1.0,275.0184,0.1989557031061888,1.2478759261288679
5-13C,1.0,275.0991,-0.8282971350639706,0.10661162557137012
5-13C,1.0,277.1207,1.813418749089771,0.26294517606862955
5-13C,1.0,277.2169,1.3328075825014722,0.47292833164357373
5-13C,1.0,279.2331,0.6499322928561995,0.09086185426132616
5-13C,1.0,282.0839,-0.10579193351441818,0.6264605542469183
5-13C,1.0,283.2063,1.0885704873942506,0.21505497299890855
5-13C,1.0,285.0972,0.9215609071828442,0.4628151704799408
5-13C,1.0,287.0157,1.2025608752698589,0.46053775924524454
5-13C,1.0,288.0725,-0.7383171755735092,0.03852423091974559
5-13C,1.0,289.0333,-0.6097045596199158,0.3246202383096703
5-13C,1.0,289.1044,-1.5422013294992434,0.1757419659647161
5-13C,1.0,290.9677,-0.44172768262829565,0.0552359307766577
5-13C,1.0,294.0479,0.3523361166263457,1.2006502778890258
5-13C,1.0,300.0509,0.35687678315016313,0.5240325375542237
5-13C,1.0,301.0333,0.5636489283441634,0.5522671832409553
5-13C,1.0,303.2326,0.3604160381648222,0.7508229556628205
5-13C,1.0,305.0207,1.0340846685334142,0.1567277668514675
5-13C,1.0,306.0481,-1.159107159457199,0.05975935428446927
5-13C,1.0,306.0765,-0.2954696626593091,0.04141194874935122
5-13C,1.0,308.0986,-0.1911753101997654,0.04162537658851786
5-13C,1.0,313.0441,-0.7219351985692278,0.14995865122509416
5-13C,1.0,313.1037,-0.2931573431464759,0.5315091544163585
5-13C,1.0,317.026,0.16838951839414962,0.6383732646224094
5-13C,1.0,323.0256,0.3459778605121059,0.859847045025543
5-13C,1.0,325.1163,-0.5904300554722897,0.26405165759613947
5-13C,1.0,328.0457,-1.1417127800483593,0.10592002101037638
5-13C,1.0,333.0589,-1.1659214560087676,0.2136636371784427
5-13C,1.0,338.9884,-0.6571878425262814,0.048928858969199455
5-13C,1.0,339.0928,-0.4788116489669722,0.7883672877080433
5-13C,1.0,341.1089,-0.22230004677041648,0.18607142573855226
5-13C,1.0,344.0393,-0.3755638597967783,0.16538166143331498
5-13C,1.0,346.0556,-0.26519800598864585,0.08437287027040902
5-13C,1.0,348.087,-1.1536282939081246,0.15132853740713179
5-13C,1.0,353.0489,0.4252908051003241,0.4781794135000606
5-13C,1.0,357.089,-0.7015297887192153,0.10274771545444229
5-13C,1.0,375.131,-0.1536065331700563,0.3358584194755526
5-13C,1.0,377.1496,0.8003056768462442,0.45372760697635856
5-13C,1.0,383.1188,0.36520362854820443,0.3772984815901272
5-13C,1.0,388.9416,-0.10722037156599473,0.4508507373415414
5-13C,1.0,388.9442,-0.5535092807800702,0.3318249912986711
5-13C,1.0,401.0756,1.0982684858044367,0.17943997724306807
5-13C,1.0,407.2795,0.5655499586393663,0.21580333585621916
5-13C,1.0,421.0743,0.1882367745505612,1.410508830752042
5-13C,1.0,426.0222,-0.19759603296908318,0.5554033099251424
5-13C,1.0,442.9997,0.2840587075750549,0.31704558361142454
5-13C,1.0,466.9657,1.4219740780553032,0.4183829327762121
5-13C,1.0,490.9787,-0.021909344832730493,0.8868733121976313
5-13C,1.0,503.1614,0.10948604955613954,0.4021418964479079
5-13C,1.0,547.0731,-1.3273572235942233,0.06376618588725169
5-13C,1.0,565.0471,-0.7657192942863378,0.35038555859056325
5-13C,1.0,578.8872,1.1151599422934448,0.33435631916207054
5-13C,1.0,579.0269,0.5554183236718375,0.125170566532837
5-13C,1.0,612.2549,-0.2868938840176143,0.540809371852169
5-13C,1.0,624.2949,0.3164412271274775,0.30730612338937097
5-13C,1.0,659.307,1.4005167562734862,0.21130775875604754
5-13C,1.0,664.0939,-0.29488918150720045,0.16521984573466936
5-13C,1.0,665.2144,-0.11324039946917103,0.4025221274821887
5-13C,1.0,668.1374,-0.6164468636392393,0.00021381337199163198
5-13C,1.0,787.255,1.5724152989336344,0.38614636044419154
5-13C,1.0,790.2568,1.0602238633740435,0.7490608845212171
5-13C,1.0,835.0407,-0.6849580227813457,0.040043121637750756
5-13C,1.0,863.2971,-0.6049601878986475,0.16903678254016785
5-13C,1.0,864.1473,1.0001943038403711,0.43005683118160515
5-13C,1.0,974.2935,-0.39656754489362833,0.3714369779113108
5-13C,1.0,976.7162,1.47076433258496,0.029252668429618114
5-13C,2.0,57.0342,1.0295517236549727,0.5103605201878627
5-13C,2.0,58.0295,-1.018499660281962,0.08924402988956914
5-13C,2.0,59.0135,0.4796264451227874,0.4613494607252586
5-13C,2.0,71.0137,0.7334104967472677,0.31056528585856624
5-13C,2.0,73.0293,-0.9392690655980167,0.012318809278502634
5-13C,2.0,74.0247,-0.4949593161309843,0.3756850682278957
5-13C,2.0,75.0087,-0.329911858265511,0.5375273272483211
5-13C,2.0,87.0088,-0.6803067618141135,0.011324371171507804
5-13C,2.0,87.0451,0.604932953882231,0.49671010177894337
5-13C,2.0,88.0403,-0.9209643953786034,0.030510298968454475
5-13C,2.0,88.9883,1.3891579397996203,0.4582068461242551
5-13C,2.0,89.0244,-0.5746645309127179,0.11689511746245367
5-13C,2.0,93.0338,-0.07592390467559529,0.007785750457570079
5-13C,2.0,94.9761,-0.9160523961618089,0.2408182496714493
5-13C,2.0,94.9806,0.7215617615360279,0.2776727802231588
5-13C,2.0,95.0139,0.6856001106242668,0.27084108391752976
5-13C,2.0,101.0242,0.8389728848086311,0.4067529237955796
5-13C,2.0,102.056,-0.41967835920237206,0.042818690554280905
5-13C,2.0,103.0402,-0.9881779935362515,0.048972380091060946
5-13C,2.0,103.0509,-1.0210400902095413,0.05803361102624939
5-13C,2.0,104.0352,0.5271263548759348,0.6236901521958707
5-13C,2.0,105.0193,1.0878183802662051,0.09518677396451919
5-13C,2.0,107.0503,-0.6989454230867318,0.5813534133216547
5-13C,2.0,109.0295,-1.0237814780758145,0.08486313576924732
5-13C,2.0,111.02,-1.1188597554109974,0.01118167578939742
5-13C,2.0,112.0516,-0.6640102338358146,0.40335404644277206
5-13C,2.0,113.0244,0.8713371312312261,0.19008381226728935
5-13C,2.0,113.0357,-1.1069269537591393,0.050798924704543814
5-13C,2.0,114.056,-0.2242401199088348,0.0039631276824906225
5-13C,2.0,115.0037,-0.8034667055914065,0.03594591899927321
5-13C,2.0,115.0402,-0.3003885526808403,0.6377564432321433
5-13C,2.0,115.0764,-0.13883654640256596,0.5704981442244673
5-13C,2.0,116.0354,-1.083764091092119,0.1984120748652182
5-13C,2.0,116.0717,-0.717173489607482,0.036811763202573906
5-13C,2.0,117.0194,-0.9218991166102963,0.0054081348364161345
5-13C,2.0,118.0508,-0.9335799990381806,0.10980140350306584
5-13C,2.0,118.9804,0.7764320436678254,0.17858704277517945
5-13C,2.0,119.0503,0.7927897690012697,0.45480240271930145
5-13C,2.0,120.9273,0.8484082157124708,1.0743139347789354
5-13C,2.0,121.0295,0.43043118016708115,0.27815620635380955
5-13C,2.0,121.0409,1.0491144316558767,0.6987650836804405
5-13C,2.0,122.0248,-0.7184350159210433,0.1961183699491769
5-13C,2.0,124.0075,-0.0034370367137364355,0.1831298498412347
5-13C,2.0,124.0144,-0.03828699924833907,0.24707226783544364
5-13C,2.0,125.0439,-0.457684730439238,0.2692101859564895
5-13C,2.0,127.0764,1.1082743948800662,0.3235626761722031
5-13C,2.0,128.0354,-0.24558227354539772,0.04006806341700383
5-13C,2.0,129.0193,-1.0645872732021209,0.06171917957181226
5-13C,2.0,129.0556,0.6619853455783655,0.3901798718671819
5-13C,2.0,130.0142,-0.7057825520419823,0.1326721143225588
5-13C,2.0,130.0509,-1.0194345742386648,0.010327028470771613
5-13C,2.0,130.0874,-0.5891079399945282,0.10191652184658669
5-13C,2.0,131.0008,-0.9290832157235127,0.5749920842110501
5-13C,2.0,131.0123,-0.7277682784783608,0.03238186754427599
5-13C,2.0,131.035,0.6200556646119416,0.31556925960274457
5-13C,2.0,131.0462,0.8481635085899213,0.165582014895886
5-13C,2.0,131.0828,0.9681919185514456,0.3969801736505871
5-13C,2.0,132.0302,-1.1517156866629197,0.01895396174999496
5-13C,2.0,133.0142,-0.29004593322553324,0.05869760284085487
5-13C,2.0,133.0257,-0.41026976323717645,0.12915138840214488
5-13C,2.0,133.0505,-1.2651178118671007,0.0107927244376404
5-13C,2.0,134.0472,-0.08470423714124102,0.27993648564683854
5-13C,2.0,134.0604,-0.7219317484015908,0.3367971314199548
5-13C,2.0,135.0302,-0.31192575543929396,0.202004658124237
5-13C,2.0,135.0453,-1.0565838266352556,0.13601538536778374
5-13C,2.0,136.0404,-0.36830138606742036,0.048568647623812626
5-13C,2.0,136.0487,-0.7316485204763806,0.2784546421014961
5-13C,2.0,136.0767,0.21075163189245152,0.576183012732627
5-13C,2.0,137.0239,-0.3269224821896399,0.2080259623836556
5-13C,2.0,138.9789,-0.3172953356445822,0.3568378098449508
5-13C,2.0,139.0014,-0.35518603812240035,0.018055758475353713
5-13C,2.0,139.0067,-0.7447454167989039,0.03015461831568767
5-13C,2.0,139.976,-0.9861410629291874,0.2775440754253688
5-13C,2.0,143.0713,1.2268401556408772,0.41088474466479263
5-13C,2.0,143.1077,-0.6327927300718122,0.3576840444208106
5-13C,2.0,145.0141,0.10903390317401006,0.13429551617727514
5-13C,2.0,145.0506,-0.31697444315769513,0.1053652229215949
5-13C,2.0,145.0623,0.7940594767875542,0.49194958396456595
5-13C,2.0,145.0982,2.054186518720024,1.0387299630831002
5-13C,2.0,145.1106,1.2811418740680527,0.8441362920402249
5-13C,2.0,146.0459,-0.3194138153132825,0.010878366720250067
5-13C,2.0,147.0298,-0.9072133206066753,0.012744274339716895
5-13C,2.0,147.0662,-1.3479309277226104,0.0034273800294651624
5-13C,2.0,149.0092,0.35622815366965493,0.5639257376758686
5-13C,2.0,149.0456,0.27995674579124313,0.29658503464368036
5-13C,2.0,149.0608,-0.4076807627540232,0.8802985722830956
5-13C,2.0,150.0422,-0.24336702771030658,0.32979301624948465
5-13C,2.0,150.9707,-1.3301808475677448,0.5962716496591846
5-13C,2.0,151.0259,-0.5155385257982453,0.09626913520720279
5-13C,2.0,151.04,-0.049675741175682395,0.44853996428983667
5-13C,2.0,151.06,-0.48279809956508624,0.7621276924531745
5-13C,2.0,152.0353,-0.8678090584285427,0.5048226569442233
5-13C,2.0,152.0716,1.2499167466144545,0.45611256766898267
5-13C,2.0,153.0192,-0.20570901828461718,0.08092755450114428
5-13C,2.0,154.062,0.22136471806819508,0.1772013618968956
5-13C,2.0,154.9751,-0.9657130298421501,0.007172234070238741
5-13C,2.0,155.0099,-1.0800103892827928,0.012131092445716966
5-13C,2.0,157.0128,-0.9257154188758694,0.0344212266779208
5-13C,2.0,157.0255,-1.2696996472005133,0.010562249945487776
5-13C,2.0,157.0379,-1.299103447830864,0.03533882844823148
5-13C,2.0,157.0504,-1.1330921840656374,0.05370302029131179
5-13C,2.0,159.0297,1.0834872337017973,0.27072943220132345
5-13C,2.0,159.0775,-1.0794190222902889,0.01446722939148942
5-13C,2.0,160.0616,-1.045797738494592,0.20754572831010473
5-13C,2.0,161.0453,0.19714403331987074,0.24674266117563015
5-13C,2.0,162.0424,-1.382911853705556,0.14548588506320803
5-13C,2.0,163.0351,-1.1984604081231494,0.04356128222292145
5-13C,2.0,163.0398,0.08166894107269956,0.05260151502219782
5-13C,2.0,163.0611,-0.5208636013251153,0.7874088897318275
5-13C,2.0,164.0716,-0.10096937215364961,0.13520757085256221
5-13C,2.0,165.03,0.29766989213992334,0.26534177329841896
5-13C,2.0,165.0405,0.24581613254834325,0.31985933151355145
5-13C,2.0,165.0556,-0.7108149310712819,0.03640438417679411
5-13C,2.0,166.0508,-1.0172996667065628,0.22574176094765563
5-13C,2.0,166.0632,-0.30860554646124044,0.5680521851215614
5-13C,2.0,166.9759,-0.8086018521262206,0.11729797460104463
5-13C,2.0,167.0207,0.6192814828395107,0.6375085800883538
5-13C,2.0,167.0358,-0.06901370057101325,0.23766052509689412
5-13C,2.0,167.0828,0.44274776825125256,0.8239414654972633
5-13C,2.0,168.0277,-0.2262846468249061,0.03743682474279252
5-13C,2.0,168.0664,1.036226885550816,0.6578492080681327
5-13C,2.0,170.0455,-0.801288604109909,0.014326480343308535
5-13C,2.0,171.0065,-0.9930547545670139,0.1210246818070029
5-13C,2.0,171.0092,-1.0918144920939095,0.2916870755003055
5-13C,2.0,171.0284,-0.9195110479542157,0.034021737195249355
5-13C,2.0,172.0616,-1.2999526280722953,0.30891974819869555
5-13C,2.0,172.962,-0.5576937752090066,0.04219864950847015
5-13C,2.0,173.0089,-0.8715461264597504,0.13891131392225722
5-13C,2.0,173.0453,-0.8054921633731813,0.12884120865383264
5-13C,2.0,173.0932,-0.73611096742614,0.06391840065171629
5-13C,2.0,173.1041,2.030785549139687,0.9222663630757958
5-13C,2.0,174.0407,-0.9596217957095987,0.008643238669447141
5-13C,2.0,174.088,-0.2983853020487547,0.2782500140148119
5-13C,2.0,175.022,-0.8013664436305942,0.18232761700665417
5-13C,2.0,175.0361,-1.1904565363592008,0.007376128057261716
5-13C,2.0,175.0611,-1.1668111674521544,0.011787148136187161
5-13C,2.0,176.0776,-1.0784358384952475,0.17605568841837232
5-13C,2.0,177.0402,1.2238974173994208,0.1912130462040839
5-13C,2.0,177.0553,0.429536303986953,0.5519364860771527
5-13C,2.0,178.0509,-1.0093170537286955,0.0077419712508356355
5-13C,2.0,179.0348,-1.1936214456566812,0.21767169062573616
5-13C,2.0,179.0561,0.7494465631533735,0.18668468683080322
5-13C,2.0,180.0663,0.8113508720258276,0.2379821103905213
5-13C,2.0,181.0505,-0.8465166686696242,0.211954903404387
5-13C,2.0,182.9725,0.6023120062807801,0.331078509620152
5-13C,2.0,183.0661,0.6482129215635718,0.5980326920577458
5-13C,2.0,184.0017,-0.20062669718618348,0.12903450208594566
5-13C,2.0,184.9856,-0.6441086060237644,0.1858155680623873
5-13C,2.0,186.1136,-0.17527181808503675,0.19245354287614974
5-13C,2.0,187.0234,-0.5984477304207749,0.202242741783549
5-13C,2.0,188.035,0.02279747858276411,0.23873533006511555
5-13C,2.0,188.0565,-1.0457592071904847,0.010570697542349934
5-13C,2.0,189.0405,1.1278148251845603,0.1450207050313183
5-13C,2.0,191.0197,-0.6703730829223418,0.14062957976048754
5-13C,2.0,191.0561,-0.9226286141759148,0.08603956019581863
5-13C,2.0,192.0663,0.5674206764957358,0.3766078885320802
5-13C,2.0,193.0349,0.9967215260046884,1.239225124279035
5-13C,2.0,194.0682,-0.9034248033567855,0.0653674474950877
5-13C,2.0,194.0822,0.04403012451391457,0.4063680188158032
5-13C,2.0,195.0509,2.324583851907285,0.6883511167010613
5-13C,2.0,195.0657,0.544079541369854,0.870416838565216
5-13C,2.0,196.0603,-1.1798450232502629,0.05645629247276633
5-13C,2.0,198.0182,-0.5166371109926536,0.30636537522379653
5-13C,2.0,199.0019,-1.1847130881301977,0.5334177076891093
5-13C,2.0,200.9937,0.27301481351106843,0.15539105101564396
5-13C,2.0,201.0051,-1.6052132844395923,0.4559184650057798
5-13C,2.0,203.0348,-0.28616126069589165,0.24297299742579268
5-13C,2.0,203.0826,-0.0870523159879435,0.011975099909438097
5-13C,2.0,204.0498,0.950779212215972,1.4859395836307707
5-13C,2.0,205.0351,-0.7444012408638094,0.09055035852355786
5-13C,2.0,206.0822,0.7029812104994728,0.4800781520320834
5-13C,2.0,209.0292,-0.7560489349116728,0.42326470182794734
5-13C,2.0,209.0814,1.1949497746514055,0.4233269052711687
5-13C,2.0,211.0235,-0.43480836683114676,0.09421884451568753
5-13C,2.0,211.9968,-1.0478501384257308,0.02207295909416555
5-13C,2.0,212.0331,-0.3612682993797688,0.1422422391507121
5-13C,2.0,212.9807,-0.7837668591825548,0.0942181684696214
5-13C,2.0,213.014,-0.7547861941168622,0.19541259178422582
5-13C,2.0,213.0384,-0.5441820515640955,0.21388803209323656
5-13C,2.0,213.1252,0.6052108987244071,0.6359315165992774
5-13C,2.0,214.0488,-0.41055575678127343,0.33800739091080007
5-13C,2.0,215.0331,0.6951342696845293,0.23506340224786917
5-13C,2.0,216.1351,0.5740683848532042,0.3281267013305421
5-13C,2.0,218.0335,0.8871737320649324,0.2393992541061035
5-13C,2.0,218.1034,-0.9942718047528234,0.024417298351949564
5-13C,2.0,220.0828,0.01047867861598542,1.122228062085186
5-13C,2.0,221.0443,0.6823114400759427,0.18440122018921043
5-13C,2.0,221.0664,-0.5933789384579927,0.5232568953788768
5-13C,2.0,225.0399,-0.03955487558841461,0.7884245129948523
5-13C,2.0,225.0861,-0.7197176588042323,0.43178283528543315
5-13C,2.0,225.0901,0.7603834103482556,0.1948471517190817
5-13C,2.0,226.0135,-0.9413844277006962,0.09254145438514652
5-13C,2.0,226.0697,0.4509115919479699,0.34606572521789447
5-13C,2.0,228.0501,0.39518484074816196,0.8396542832000444
5-13C,2.0,229.0122,-1.0041116702934103,0.06743093556793367
5-13C,2.0,237.0614,-1.1963113378221673,0.09606872042066467
5-13C,2.0,238.0945,1.3216691353070886,0.7682453510839802
5-13C,2.0,240.0515,-1.3692887811664813,0.016998860162311176
5-13C,2.0,241.0844,-0.7428289883997525,0.5692825041032277
5-13C,2.0,242.0804,1.713468696445627,0.46957206452824785
5-13C,2.0,243.029,-0.561097060248336,0.21765191694155786
5-13C,2.0,243.0625,-0.7557635253099004,0.4376632224485095
5-13C,2.0,245.0444,-0.7485528231052709,0.2747924991870127
5-13C,2.0,246.0198,-0.6405845730393831,0.07387073690187783
5-13C,2.0,246.064,0.6460538114495256,0.27407308372589767
5-13C,2.0,251.0816,0.3388418666819847,0.6372472345910921
5-13C,2.0,253.0119,-0.3344937753329148,0.006768359627972127
5-13C,2.0,253.0499,0.24887626262407062,0.757147557760261
5-13C,2.0,257.0072,-0.7509897871847411,0.6943954654700828
5-13C,2.0,257.1028,1.8734132220700523,0.4167532296013169
5-13C,2.0,259.005,-0.7598027313769862,0.8993744315877358
5-13C,2.0,259.0227,0.5473269879026639,0.45028301550914523
5-13C,2.0,261.0385,-0.4694328689574299,0.23695798321501152
5-13C,2.0,266.0703,-0.886444210354081,0.17151708080743583
5-13C,2.0,267.0724,-0.6474678859685155,0.025443779011009766
5-13C,2.0,268.02,-0.1345275891392838,0.6922685800447854
5-13C,2.0,269.0398,-0.4033145630502363,0.2196858110422601
5-13C,2.0,271.0612,-0.2476182499085784,0.5674797364634647
5-13C,2.0,271.0815,1.706455046656862,0.8595908315896051
5-13C,2.0,273.0021,-0.8098796034557721,0.08624639823741304
5-13C,2.0,274.0933,-0.8958282891670912,0.09530252926660002
5-13C,2.0,275.0184,-0.22742288689105575,0.4749604443899908
5-13C,2.0,275.0991,-0.6431008520133967,0.050978559315668304
5-13C,2.0,277.1207,1.1076277762312492,0.17532450068085972
5-13C,2.0,277.2169,-0.10977674606000186,0.2656151375508039
5-13C,2.0,279.2331,-0.34774405069060493,0.018602373518534047
5-13C,2.0,282.0839,1.4318358419454293,1.1118178874966165
5-13C,2.0,283.2063,-0.13691850846385556,0.23467748285164147
5-13C,2.0,285.0972,1.1860669536576092,0.5692982149783946
5-13C,2.0,287.0157,0.13287963994824484,0.4056467928818131
5-13C,2.0,288.0725,-0.5224212389398661,0.06200171877577084
5-13C,2.0,289.0333,-0.3813861718529865,0.615040081946756
5-13C,2.0,289.1044,1.6677237246881342,1.004554959185059
5-13C,2.0,290.9677,-0.47360445463877826,0.04851229372017408
5-13C,2.0,294.0479,1.5136743855174455,1.3315522651664276
5-13C,2.0,300.0509,0.25164498726383866,0.8937820494259484
5-13C,2.0,301.0333,0.3944017453033525,0.5751786394388352
5-13C,2.0,303.2326,-0.6477405846178107,0.25649184297496763
5-13C,2.0,305.0207,0.8669778242042301,0.0968885235821965
5-13C,2.0,306.0481,-1.009661223525691,0.03276236124442626
5-13C,2.0,306.0765,-0.2871847112030315,0.03249759442676287
5-13C,2.0,308.0986,0.033505788874439044,0.12632587761838676
5-13C,2.0,313.0441,-0.6910692686283548,0.21113934303285056
5-13C,2.0,313.1037,-0.5094234144659701,0.39612096392062207
5-13C,2.0,317.026,0.4104157907708923,0.5587810778678668
5-13C,2.0,323.0256,0.1252994233747841,0.648818169755927
5-13C,2.0,325.1163,-0.3422709644593249,0.2088485625108449
5-13C,2.0,328.0457,-0.5713528988003256,0.11628134808666453
5-13C,2.0,333.0589,-1.078576641772495,0.279336773102494
5-13C,2.0,338.9884,-0.7513551371102937,0.1580302325185161
5-13C,2.0,339.0928,-0.3114154235213861,0.6009185590990114
5-13C,2.0,341.1089,0.06203582748847523,0.20128542377538447
5-13C,2.0,344.0393,-0.16076611600169693,0.14389427076081138
5-13C,2.0,346.0556,0.9797795920659338,0.5148734904629013
5-13C,2.0,348.087,-0.9546065802993839,0.17290072607712312
5-13C,2.0,353.0489,-0.37957274168027777,0.5918281935253794
5-13C,2.0,357.089,-0.3831569797210582,0.14469739587337307
5-13C,2.0,375.131,-0.12086834753629316,0.42973607993255064
5-13C,2.0,377.1496,0.34522224908169485,0.46860469577242575
5-13C,2.0,383.1188,0.5488878706961722,0.40609731754506656
5-13C,2.0,388.9416,-0.43186196940566507,0.21621317078961685
5-13C,2.0,388.9442,-0.9632293663294473,0.20523681244115458
5-13C,2.0,401.0756,0.9240743399415275,0.12304219371156512
5-13C,2.0,407.2795,1.1057950016632156,0.2698495331660893
5-13C,2.0,421.0743,0.008775969780671411,0.9455293366656868
5-13C,2.0,426.0222,0.9199042075981133,0.7173594377438364
5-13C,2.0,442.9997,-0.0923046940929832,0.1476435670842081
5-13C,2.0,466.9657,0.8986298264610428,0.44300620949108577
5-13C,2.0,490.9787,0.4576017357566338,0.545184144018691
5-13C,2.0,503.1614,-0.34951293639165293,0.22767531884907607
5-13C,2.0,547.0731,-1.2858432280493526,0.011958024869914126
5-13C,2.0,565.0471,-0.773004321154657,0.23588605017816355
5-13C,2.0,578.8872,0.9871351416603742,0.26887483004853036
5-13C,2.0,579.0269,0.7713947027513619,0.27699203758944163
5-13C,2.0,612.2549,-0.6670341071554384,0.4308732466955417
5-13C,2.0,624.2949,-0.967917602991982,0.5614103144794297
5-13C,2.0,659.307,0.6634404115408016,0.06629703403803554
5-13C,2.0,664.0939,-0.42346336163731285,0.25817369056089057
5-13C,2.0,665.2144,-0.43263345270311465,0.24523781052697685
5-13C,2.0,668.1374,-0.6165160100796878,0.00016573477939338927
5-13C,2.0,787.255,0.23116576182938753,0.5615447673164085
5-13C,2.0,790.2568,0.09468471631160051,0.4398519795572644
5-13C,2.0,835.0407,-0.844912293103963,0.16545930763001587
5-13C,2.0,863.2971,-0.5931100183806564,0.10722878564712027
5-13C,2.0,864.1473,-0.2788863671247649,0.6415409966181799
5-13C,2.0,974.2935,-0.7438949664223424,0.11413508031902303
5-13C,2.0,976.7162,0.7531482191067271,0.13312913543063662
5-13C,3.0,57.0342,0.9536102084724001,0.11252287302286725
5-13C,3.0,58.0295,-1.0379154047322088,0.1810031192672218
5-13C,3.0,59.0135,1.4228265033040084,0.1491469116044395
5-13C,3.0,71.0137,1.326675482755519,0.12470315832901356
5-13C,3.0,73.0293,-0.954562377902485,0.003716536456114221
5-13C,3.0,74.0247,-1.2775439792750447,0.10545497493961857
5-13C,3.0,75.0087,-0.28981771168432624,0.3212318692764018
5-13C,3.0,87.0088,-0.6862029549238464,0.006421916174591405
5-13C,3.0,87.0451,0.9499944993220386,0.3707072598064987
5-13C,3.0,88.0403,-0.9488443868167784,0.010626304512293946
5-13C,3.0,88.9883,-0.7402360398808956,0.4969389855388369
5-13C,3.0,89.0244,-0.5227529844733523,0.07611785998507449
5-13C,3.0,93.0338,-0.08662265546004563,0.008386177877475875
5-13C,3.0,94.9761,-0.5636305639261641,0.20948557035076681
5-13C,3.0,94.9806,0.7831831216637919,0.07625974547270369
5-13C,3.0,95.0139,1.3614028038113575,0.14947525964689448
5-13C,3.0,101.0242,1.345328895800126,0.22897242826506123
5-13C,3.0,102.056,-0.36254840021024043,0.03692894509510711
5-13C,3.0,103.0402,-0.926981797013231,0.031223594033133805
5-13C,3.0,103.0509,-0.9475995062758886,0.04494448750048085
5-13C,3.0,104.0352,-0.5769719233714277,0.01809334914664284
5-13C,3.0,105.0193,0.9729787176072096,0.17635818783181625
5-13C,3.0,107.0503,-0.007950531786017609,0.18602572724894217
5-13C,3.0,109.0295,-0.7232620276427587,0.047386049073072506
5-13C,3.0,111.02,-1.15315979710094,0.0014862070106238297
5-13C,3.0,112.0516,-0.3686385746551779,0.4551592148666444
5-13C,3.0,113.0244,1.2045235974173811,0.15073902938011485
5-13C,3.0,113.0357,-1.0606036083336934,0.010922284060135585
5-13C,3.0,114.056,-0.24858656320594205,0.0024196072798678596
5-13C,3.0,115.0037,-0.790223398577262,0.029105248523291445
5-13C,3.0,115.0402,0.37304899472448083,0.34969790675164486
5-13C,3.0,115.0764,0.055432979820199534,0.6409165702589
5-13C,3.0,116.0354,-0.9726474278962967,0.19495683854314713
5-13C,3.0,116.0717,-0.8168746401985139,0.007847846266104675
5-13C,3.0,117.0194,-0.9411737655087447,0.0005994312426322697
5-13C,3.0,118.0508,-1.454918584847224,0.2041019138513007
5-13C,3.0,118.9804,1.1943348843794315,0.09777952047391936
5-13C,3.0,119.0503,1.5548203241937906,0.17244480868338727
5-13C,3.0,120.9273,1.2149406849484135,1.1691518557640166
5-13C,3.0,121.0295,0.8486934511333115,0.6802878518107351
5-13C,3.0,121.0409,0.9332736526263046,0.4499069025809439
5-13C,3.0,122.0248,0.2555682425518387,0.2600558346452346
5-13C,3.0,124.0075,0.8946159371174054,0.4041381012072056
5-13C,3.0,124.0144,0.9766562032183956,0.26244735093986044
5-13C,3.0,125.0439,0.5069851642919118,0.3071168390981132
5-13C,3.0,127.0764,1.0060714845115961,0.5292738667673692
5-13C,3.0,128.0354,-0.3504630793480744,0.013294179742669453
5-13C,3.0,129.0193,-1.0192088632735254,0.0591165033626924
5-13C,3.0,129.0556,0.3128834709464974,0.5693981113593373
5-13C,3.0,130.0142,-0.634441263284739,0.1601119162673699
5-13C,3.0,130.0509,-1.0670494049869652,0.011095099081176682
5-13C,3.0,130.0874,-1.101718804132715,0.014489944292951971
5-13C,3.0,131.0008,-0.8046595124481493,1.354684053547628
5-13C,3.0,131.0123,-0.6650727706516883,0.016982577631098228
5-13C,3.0,131.035,1.2098697135893888,0.0830122279617615
5-13C,3.0,131.0462,0.988055179443301,0.2705633532109214
5-13C,3.0,131.0828,-0.553729578290606,0.1318707627352649
5-13C,3.0,132.0302,-1.2129644422593366,0.012647409477842621
5-13C,3.0,133.0142,-0.1706426332038836,0.027466771826900497
5-13C,3.0,133.0257,-0.20986587078582974,0.04276575645550638
5-13C,3.0,133.0505,-1.2631374481574968,0.007258033286584408
5-13C,3.0,134.0472,-1.4267076732850525,0.20524267164532675
5-13C,3.0,134.0604,-0.943007780525929,0.4455968802361697
5-13C,3.0,135.0302,-0.9371407947912406,0.031903252159610665
5-13C,3.0,135.0453,-0.004962802105040045,0.10986104470941487
5-13C,3.0,136.0404,-0.3975995938030126,0.05879899659568334
5-13C,3.0,136.0487,0.004191061910452321,0.21252759403821578
5-13C,3.0,136.0767,1.1295645331188178,0.5477846614930015
5-13C,3.0,137.0239,-0.19036919646251946,0.23041664181301857
5-13C,3.0,138.9789,-0.4612390787860715,0.11237107941774888
5-13C,3.0,139.0014,-0.29889349228388495,0.015701223225067153
5-13C,3.0,139.0067,-0.6531803262064397,0.03181391293635357
5-13C,3.0,139.976,-0.40882425000291556,0.18659757911603106
5-13C,3.0,143.0713,1.115134697966675,0.34950850464146554
5-13C,3.0,143.1077,0.05837356331084799,0.541325698771762
5-13C,3.0,145.0141,-0.20575952392901575,0.08709020659776177
5-13C,3.0,145.0506,-0.6357801648351598,0.1119617506866771
5-13C,3.0,145.0623,-0.8495039661604458,0.10682652731358554
5-13C,3.0,145.0982,-0.5030185253126693,0.14999110838221924
5-13C,3.0,145.1106,-0.807563111491658,0.5006724031542665
5-13C,3.0,146.0459,-0.2785832128689702,0.009625310189694944
5-13C,3.0,147.0298,-0.9303254882818466,0.00787514963041322
5-13C,3.0,147.0662,-1.340874726229254,0.004788057035431125
5-13C,3.0,149.0092,0.6755382135807922,0.6456378499206662
5-13C,3.0,149.0456,0.26214400388035325,0.14286035522274682
5-13C,3.0,149.0608,0.794529602901777,0.6480151568423016
5-13C,3.0,150.0422,-0.6960247930570277,0.4357624068310258
5-13C,3.0,150.9707,-0.09935355043351206,0.8170411275109087
5-13C,3.0,151.0259,-0.7337084647480954,0.06723657490750463
5-13C,3.0,151.04,0.41774181031412494,0.6096666492395685
5-13C,3.0,151.06,0.857584057816583,0.5394347214418918
5-13C,3.0,152.0353,-0.6023876450351489,0.35482862713897995
5-13C,3.0,152.0716,1.0293484997378999,0.5346767635446608
5-13C,3.0,153.0192,0.0904148195794185,0.10738200235334963
5-13C,3.0,154.062,-0.2673444280697102,0.06232150511995181
5-13C,3.0,154.9751,-0.9558623743863912,0.01159496814614784
5-13C,3.0,155.0099,-1.114621162808176,0.0014285479454260294
5-13C,3.0,157.0128,-0.9296606402939583,0.03914627700832931
5-13C,3.0,157.0255,-1.308697098214262,0.005975210419297745
5-13C,3.0,157.0379,-1.3251956185943898,0.043065116564091406
5-13C,3.0,157.0504,-1.1579935241279764,0.024714736679522942
5-13C,3.0,159.0297,1.2658098051787567,0.19352000760650084
5-13C,3.0,159.0775,-1.0643323967816603,0.03760504938125687
5-13C,3.0,160.0616,-0.8848766815965643,0.271110856153054
5-13C,3.0,161.0453,0.7527322580844715,0.20787550465321988
5-13C,3.0,162.0424,-1.3393778968561796,0.3091500708908264
5-13C,3.0,163.0351,-0.9651221565978965,0.12430518081557579
5-13C,3.0,163.0398,0.2603035443791175,0.12801399060393492
5-13C,3.0,163.0611,-0.5125702800780801,0.5811550781317568
5-13C,3.0,164.0716,-0.5484092519187824,0.06797602150983825
5-13C,3.0,165.03,0.9041911643692053,0.5982456388283515
5-13C,3.0,165.0405,-0.317475856315788,0.3952192326455003
5-13C,3.0,165.0556,-0.78414201105463,0.16874820983099464
5-13C,3.0,166.0508,-0.803160187179576,0.2138620388277583
5-13C,3.0,166.0632,-0.16400385951750268,0.7246119356297588
5-13C,3.0,166.9759,-0.694246166935361,0.3030962983376696
5-13C,3.0,167.0207,-0.023364287877544312,0.23905467304833533
5-13C,3.0,167.0358,0.6736703174576673,0.2974272541683224
5-13C,3.0,167.0828,0.37144429694251796,0.9411917008188326
5-13C,3.0,168.0277,-0.1754768705480514,0.04348222071139801
5-13C,3.0,168.0664,1.0477109860137443,0.8656046995177904
5-13C,3.0,170.0455,-0.8501929141482932,0.008884372861421136
5-13C,3.0,171.0065,-1.010512880770402,0.08980585846009911
5-13C,3.0,171.0092,-0.956910908409714,0.0703780480530322
5-13C,3.0,171.0284,-0.8060204359445841,0.026403749754334804
5-13C,3.0,172.0616,-1.3921593104308743,0.18813569576732736
5-13C,3.0,172.962,-0.5418359118915959,0.06182372218909704
5-13C,3.0,173.0089,-1.0022772354122869,0.07091663644027434
5-13C,3.0,173.0453,-0.43352023893321445,0.17214327832585655
5-13C,3.0,173.0932,-0.9275079636894947,0.03098179451745013
5-13C,3.0,173.1041,-0.8716083277374533,0.09875488975458413
5-13C,3.0,174.0407,-0.9950253194940974,0.0007506274465142899
5-13C,3.0,174.088,-0.7542266998986642,0.07897057365037503
5-13C,3.0,175.022,-0.7473032068737656,0.1666429147000096
5-13C,3.0,175.0361,-1.1985162013214996,0.005672976941055967
5-13C,3.0,175.0611,-1.193921059082788,0.0062483993748402335
5-13C,3.0,176.0776,-1.0296022134005751,0.26812324339131066
5-13C,3.0,177.0402,0.8006156898955501,0.6242633675410734
5-13C,3.0,177.0553,2.027845297601322,0.25602294732391845
5-13C,3.0,178.0509,-0.9962733525643761,0.012157952813939043
5-13C,3.0,179.0348,-1.1100766172625987,0.22260071575051407
5-13C,3.0,179.0561,0.7159847469117535,0.0958551937319698
5-13C,3.0,180.0663,0.6513926192068533,0.17146538420598967
5-13C,3.0,181.0505,-0.8141656994697076,0.08228258082335578
5-13C,3.0,182.9725,1.2465086825977165,0.1443573396100009
5-13C,3.0,183.0661,1.0599151154432174,0.46422610687001886
5-13C,3.0,184.0017,-0.043510605357317385,0.10613833523573706
5-13C,3.0,184.9856,-0.2998292197101077,0.08013962845869846
5-13C,3.0,186.1136,1.1391458839173034,0.5649490402107903
5-13C,3.0,187.0234,-0.6241435550529425,0.6410456928765565
5-13C,3.0,188.035,-0.8858667350433316,0.37902276521158934
5-13C,3.0,188.0565,-1.0136695801032087,0.009043584735286516
5-13C,3.0,189.0405,2.8590182149175694,0.2670962302525559
5-13C,3.0,191.0197,-0.5078069308268062,0.20887596741128023
5-13C,3.0,191.0561,-1.0446150318022667,0.04905519470612411
5-13C,3.0,192.0663,-0.03553600964227954,0.6335706862038925
5-13C,3.0,193.0349,-0.5610507563320171,0.6186517860367565
5-13C,3.0,194.0682,-0.9725199191124336,0.12359597362442454
5-13C,3.0,194.0822,0.2443574540652918,0.7340586518054554
5-13C,3.0,195.0509,-0.5114363418269885,0.03986198899461355
5-13C,3.0,195.0657,-1.2297104161856347,0.413164692010343
5-13C,3.0,196.0603,-1.1691567831587208,0.07088302199063022
5-13C,3.0,198.0182,-0.8653651837399894,0.29997969391012214
5-13C,3.0,199.0019,-0.7686457463157372,0.13677930275244204
5-13C,3.0,200.9937,0.7750656732360951,0.34159262021211306
5-13C,3.0,201.0051,-0.5962196124279269,0.5396519021248481
5-13C,3.0,203.0348,-0.009119160964333212,0.1445068338161267
5-13C,3.0,203.0826,-0.08355238284436534,0.002325956452710096
5-13C,3.0,204.0498,0.6009304906916116,1.009301262818898
5-13C,3.0,205.0351,-0.7015691403532481,0.06282500724673938
5-13C,3.0,206.0822,0.21312676337673492,0.2795073657448658
5-13C,3.0,209.0292,-0.23107301059360805,0.33118973291113485
5-13C,3.0,209.0814,0.4356681407109676,0.4263519040983999
5-13C,3.0,211.0235,-0.5109010702459376,0.21110454961391378
5-13C,3.0,211.9968,-1.1007146209873437,0.04086011859074653
5-13C,3.0,212.0331,-0.49682699630830107,0.236747307901839
5-13C,3.0,212.9807,-0.6843959979919089,0.11049582040629212
5-13C,3.0,213.014,-0.7365893504978133,0.23208407775036088
5-13C,3.0,213.0384,-0.4252170718970463,0.1479968890681732
5-13C,3.0,213.1252,1.0836785507105882,0.47037218762317706
5-13C,3.0,214.0488,-0.8571093196671334,0.4660961064233429
5-13C,3.0,215.0331,1.0019660910747836,0.08620492903201502
5-13C,3.0,216.1351,0.8412826063717341,0.12591469761518095
5-13C,3.0,218.0335,1.440302287271729,0.06583895513504329
5-13C,3.0,218.1034,-0.9252937546820311,0.04121774232359195
5-13C,3.0,220.0828,-0.1111595869589489,1.074228839801576
5-13C,3.0,221.0443,1.4148584587600652,0.15506600385654773
5-13C,3.0,221.0664,0.6517712217784675,0.2467887759411412
5-13C,3.0,225.0399,0.8583857224210808,0.9936955825171878
5-13C,3.0,225.0861,0.375600614875273,0.29174468938395015
5-13C,3.0,225.0901,0.03277857765652975,1.0346177714896991
5-13C,3.0,226.0135,-0.9478537796231843,0.32099468135420484
5-13C,3.0,226.0697,0.6292366162811944,0.7073550656007476
5-13C,3.0,228.0501,-0.6796661773068658,0.35363628397927643
5-13C,3.0,229.0122,-0.6765760505825873,0.09293551607002976
5-13C,3.0,237.0614,-1.141601487507835,0.09273684649175434
5-13C,3.0,238.0945,0.9961097937319727,0.517955271724987
5-13C,3.0,240.0515,-1.2777654197610768,0.011434431290088922
5-13C,3.0,241.0844,-0.8144005649042055,0.5956663824947399
5-13C,3.0,242.0804,-0.6129815812890476,0.43688037258867546
5-13C,3.0,243.029,-0.6313018613414518,0.0854046602292903
5-13C,3.0,243.0625,-1.2580850216523989,0.2404576910802564
5-13C,3.0,245.0444,-0.9600328690675625,0.2201224763766879
5-13C,3.0,246.0198,-0.3663829489823328,0.38489905837841204
5-13C,3.0,246.064,0.8504343259061046,0.6750961661901039
5-13C,3.0,251.0816,0.5199542155435064,0.5998852696116068
5-13C,3.0,253.0119,-0.35136761193499955,0.005200979784507566
5-13C,3.0,253.0499,0.7870035228547027,1.2271967082656177
5-13C,3.0,257.0072,-0.5070670851130743,0.3565870050936187
5-13C,3.0,257.1028,1.3512464833878952,0.5692954432253985
5-13C,3.0,259.005,0.2178451367158298,0.7938863864577242
5-13C,3.0,259.0227,0.7400886498202781,0.15005337773532548
5-13C,3.0,261.0385,-0.6605176899586005,0.08552495693848707
5-13C,3.0,266.0703,-0.7990458387925974,0.21012785957312766
5-13C,3.0,267.0724,-0.717675610231528,0.017078228309598254
5-13C,3.0,268.02,-0.36791364883274774,0.3807375587933471
5-13C,3.0,269.0398,-0.6917144682047732,0.0838266865458138
5-13C,3.0,271.0612,-0.21421154107206014,0.18708268015011012
5-13C,3.0,271.0815,0.8800183133724135,1.1319954907882661
5-13C,3.0,273.0021,-0.8072988175127856,0.08179193764750403
5-13C,3.0,274.0933,-1.0200241097055829,0.11433760487172023
5-13C,3.0,275.0184,-0.3838084552617556,0.5141253978452541
5-13C,3.0,275.0991,-0.6135276235681479,0.15063982214956503
5-13C,3.0,277.1207,1.0276090257887782,0.1344299585637359
5-13C,3.0,277.2169,0.20497437067616364,0.08313565269663567
5-13C,3.0,279.2331,-0.26685902569800235,0.019147611109620793
5-13C,3.0,282.0839,-0.4378403288093629,0.3834414199108288
5-13C,3.0,283.2063,0.40096580193540365,0.7813895785551304
5-13C,3.0,285.0972,0.03607166265007278,0.7351121278175059
5-13C,3.0,287.0157,0.6862661850670888,0.3760353317931023
5-13C,3.0,288.0725,-0.8537554110796612,0.08037477068372936
5-13C,3.0,289.0333,0.2810995628104208,0.37510505704063885
5-13C,3.0,289.1044,-1.4039428280992379,0.2040746169569803
5-13C,3.0,290.9677,-0.3687195918946097,0.07993059866737919
5-13C,3.0,294.0479,0.08294371490816436,0.7461633863662922
5-13C,3.0,300.0509,0.11037490511507433,0.525695378780001
5-13C,3.0,301.0333,0.2948445788087578,0.11437658102760355
5-13C,3.0,303.2326,0.3110735560709002,0.4437837430133672
5-13C,3.0,305.0207,0.7003572267547622,0.10352715986596946
5-13C,3.0,306.0481,-1.1431469138722807,0.09906876414700529
5-13C,3.0,306.0765,-0.30651626460101244,0.006763372650552009
5-13C,3.0,308.0986,-0.27528959100895256,0.031745797341733016
5-13C,3.0,313.0441,-0.9056951535660533,0.3756602979590095
5-13C,3.0,313.1037,-0.9117788959906106,0.5578902147154711
5-13C,3.0,317.026,-0.2046235002963796,0.14384708553899087
5-13C,3.0,323.0256,-0.49044952092575145,0.3705085068966914
5-13C,3.0,325.1163,-0.34922869598305295,0.12682228165946907
5-13C,3.0,328.0457,-1.0766822078140124,0.08872993960563054
5-13C,3.0,333.0589,-0.9984398947304776,0.276945239359377
5-13C,3.0,338.9884,-0.6748995593759388,0.1756396210180893
5-13C,3.0,339.0928,-0.8371441940614298,0.5483602765879323
5-13C,3.0,341.1089,-0.3589067087121517,0.23522086059597674
5-13C,3.0,344.0393,-0.7820864439613826,0.21783472414215654
5-13C,3.0,346.0556,-0.5392823117138267,0.1415001904656949
5-13C,3.0,348.087,-1.076253118677472,0.08365401097089092
5-13C,3.0,353.0489,-0.4326817675366186,0.10548506721628348
5-13C,3.0,357.089,-0.77702628202944,0.2532008995025225
5-13C,3.0,375.131,-0.8729618012849057,0.10595153846263967
5-13C,3.0,377.1496,0.774282775119122,0.2979726109106226
5-13C,3.0,383.1188,0.4862191292574538,0.28978334472689005
5-13C,3.0,388.9416,-0.11244448923238023,0.2673027419894474
5-13C,3.0,388.9442,-0.502760709163754,0.3718881214823123
5-13C,3.0,401.0756,1.1650983726450455,0.18713419887977262
5-13C,3.0,407.2795,0.9963523412023902,0.5078102519348189
5-13C,3.0,421.0743,0.1391211858766967,0.35803065652738225
5-13C,3.0,426.0222,-0.7529112139886429,0.475931142276811
5-13C,3.0,442.9997,0.4607659144557801,0.3234566021055554
5-13C,3.0,466.9657,0.29286915729288343,0.16982855000292302
5-13C,3.0,490.9787,1.0023263233061517,1.1679126654394576
5-13C,3.0,503.1614,0.001532980660506559,0.2220200690389075
5-13C,3.0,547.0731,-1.3086234710920253,0.01827246850892236
5-13C,3.0,565.0471,-0.7511492405496993,0.1113783486122176
5-13C,3.0,578.8872,1.199956615799176,0.1111420222592076
5-13C,3.0,579.0269,1.8746253958873114,0.1181677291595882
5-13C,3.0,612.2549,-0.4719315893739075,0.3290735190384369
5-13C,3.0,624.2949,-0.6286246800147782,0.2816694527905565
5-13C,3.0,659.307,-0.23174265987394002,0.09525622446657148
5-13C,3.0,664.0939,-0.31598338293479705,0.22006798793194576
5-13C,3.0,665.2144,-0.3590621095450216,0.3847177314717649
5-13C,3.0,668.1374,-0.616198095410959,0.00021659212803208717
5-13C,3.0,787.255,-0.8043163982846604,0.20954625381888942
5-13C,3.0,790.2568,-0.3845327065113645,0.11078212967514674
5-13C,3.0,835.0407,-0.702368011387889,0.1955707288125718
5-13C,3.0,863.2971,-0.7475268427150965,0.05675172552005018
5-13C,3.0,864.1473,-1.0291359083790637,0.4845816554791959
5-13C,3.0,974.2935,-0.2108677353634248,0.270213831903581
5-13C,3.0,976.7162,0.4302926340981281,0.08759677838944474
5-13C,4.0,57.0342,0.5933295317922878,0.15422506674813258
5-13C,4.0,58.0295,-0.9408366824809755,0.08804451742772387
5-13C,4.0,59.0135,0.13869502896314143,0.18262489752845698
5-13C,4.0,71.0137,0.6146246688220701,0.09206996913509773
5-13C,4.0,73.0293,-0.9404227197176961,0.016961296014380345
5-13C,4.0,74.0247,-1.0238682332462847,0.2252374773966471
5-13C,4.0,75.0087,-0.14586063300712,0.24476283580799044
5-13C,4.0,87.0088,-0.648899904043677,0.02079446151217021
5-13C,4.0,87.0451,1.2681681321301728,0.7264232329534093
5-13C,4.0,88.0403,-0.9280819064203598,0.015926115848678493
5-13C,4.0,88.9883,1.620983093852121,1.1255511105213394
5-13C,4.0,89.0244,0.15439727694444758,0.07899758240410465
5-13C,4.0,93.0338,-0.0720786323887635,0.00868660884014679
5-13C,4.0,94.9761,-0.9088207425840175,0.23047923008194474
5-13C,4.0,94.9806,1.1390459123100865,0.2942501380748001
5-13C,4.0,95.0139,0.8193992237569158,0.33066427651568814
5-13C,4.0,101.0242,0.8406316906452853,0.4224472444034181
5-13C,4.0,102.056,-0.3984256496039154,0.046514060034025834
5-13C,4.0,103.0402,-0.9334708914187669,0.033637962263191934
5-13C,4.0,103.0509,-0.9926114770739338,0.05870862568370106
5-13C,4.0,104.0352,-0.061619435536669744,0.13994479079259836
5-13C,4.0,105.0193,0.9851673385196071,0.7671034484300243
5-13C,4.0,107.0503,-0.058882417947363236,0.5870746193693179
5-13C,4.0,109.0295,-0.7021852106105584,0.14466963199189897
5-13C,4.0,111.02,-1.1488733016958501,0.019124316125434797
5-13C,4.0,112.0516,-0.8065117723784081,0.6376571807805584
5-13C,4.0,113.0244,0.7155359608980784,0.16520016428045842
5-13C,4.0,113.0357,-1.1918770745681946,0.053143962878390565
5-13C,4.0,114.056,-0.24892490641124299,0.000875456576779097
5-13C,4.0,115.0037,-0.7963171298229503,0.046718446053304025
5-13C,4.0,115.0402,-0.6694235910605545,0.4594674933987827
5-13C,4.0,115.0764,-0.5281701572375561,0.4191464538160395
5-13C,4.0,116.0354,-0.9221944564992748,0.1625010162722077
5-13C,4.0,116.0717,-0.7774688849011245,0.014626735940062249
5-13C,4.0,117.0194,-0.9216851177416174,0.011705627156901405
5-13C,4.0,118.0508,-1.2161835444695184,0.0720025405927441
5-13C,4.0,118.9804,0.4954348787034119,0.15089591109230532
5-13C,4.0,119.0503,1.7292481547241874,0.2828494628991511
5-13C,4.0,120.9273,0.14374682989115006,1.8920173429055784
5-13C,4.0,121.0295,-1.0445553161302414,0.24789642432330794
5-13C,4.0,121.0409,0.18452795505767958,0.3292874719205356
5-13C,4.0,122.0248,0.15940226192567492,0.4016402073113047
5-13C,4.0,124.0075,0.5160249775611397,0.33928545937428606
5-13C,4.0,124.0144,1.4295330112862878,0.11622116214700995
5-13C,4.0,125.0439,1.1601470721827944,0.16912520784203486
5-13C,4.0,127.0764,-0.04487928405748905,0.4824325351152985
5-13C,4.0,128.0354,-0.33963014793504887,0.015876951575656714
5-13C,4.0,129.0193,-1.095743498876867,0.08887834301864778
5-13C,4.0,129.0556,-0.9308874558115016,0.6233850862769791
5-13C,4.0,130.0142,-0.90003714552556,0.10572263273663748
5-13C,4.0,130.0509,-1.0672708006662042,0.019015739488872904
5-13C,4.0,130.0874,-0.8780412833134073,0.05650599916644431
5-13C,4.0,131.0008,0.5266741125982398,0.40242159504667807
5-13C,4.0,131.0123,-0.7997139431974932,0.046918613067992845
5-13C,4.0,131.035,1.7211812608510828,0.32362508706503423
5-13C,4.0,131.0462,1.451291964307703,0.2686800902496059
5-13C,4.0,131.0828,0.05001612233085152,0.30700190610854194
5-13C,4.0,132.0302,-1.195278710165101,0.0023766165716534613
5-13C,4.0,133.0142,-0.3371119015521896,0.03320175441377065
5-13C,4.0,133.0257,-0.4104050798424778,0.08381634036442377
5-13C,4.0,133.0505,-1.2140953258618352,0.03187784238768664
5-13C,4.0,134.0472,-0.4820516721754855,0.07887880789368636
5-13C,4.0,134.0604,-1.38842899127552,0.4206248015542863
5-13C,4.0,135.0302,-0.7414455276702192,0.08609195024312415
5-13C,4.0,135.0453,-0.27332995896107726,0.01809881694001783
5-13C,4.0,136.0404,-0.3874783947670807,0.0897415819110838
5-13C,4.0,136.0487,-0.43863351435824166,0.11656876853110464
5-13C,4.0,136.0767,0.3489024977093037,0.5388048478215245
5-13C,4.0,137.0239,-0.25133264656928017,0.22846395518163745
5-13C,4.0,138.9789,0.8756700022508487,0.19195932339577235
5-13C,4.0,139.0014,-0.3238191339589627,0.056236252279660844
5-13C,4.0,139.0067,-0.743001361256816,0.01765754502904833
5-13C,4.0,139.976,0.17939490062903468,0.4988757953556593
5-13C,4.0,143.0713,0.16305834398193186,0.2566272021349844
5-13C,4.0,143.1077,-0.009350951010806241,0.7360081399561654
5-13C,4.0,145.0141,-0.3296541257607287,0.15810824043883906
5-13C,4.0,145.0506,-0.7450161211714206,0.15233990150036464
5-13C,4.0,145.0623,-0.2811893649670413,0.560015713923094
5-13C,4.0,145.0982,0.9452152303523151,0.5435464351789695
5-13C,4.0,145.1106,-0.0006258371755542558,0.9341797925181168
5-13C,4.0,146.0459,-0.25684464417444675,0.010266608373507501
5-13C,4.0,147.0298,-0.9624584238141501,0.007979076591929198
5-13C,4.0,147.0662,-1.281400151381337,0.021787131039799925
5-13C,4.0,149.0092,0.4058134367916395,0.5844025484420367
5-13C,4.0,149.0456,1.9274207612002296,0.2522077755443645
5-13C,4.0,149.0608,0.4523677072933022,0.2677330030954065
5-13C,4.0,150.0422,-0.8924862278702674,0.8686229919488603
5-13C,4.0,150.9707,-1.0245391697558883,0.4066077092007811
5-13C,4.0,151.0259,-0.5320517091183751,0.08419654723392052
5-13C,4.0,151.04,0.005141633527339762,0.3735639966535668
5-13C,4.0,151.06,0.04062005367976851,0.7226363883924631
5-13C,4.0,152.0353,-0.5165002723544236,0.1538496640674376
5-13C,4.0,152.0716,0.5317507561862465,0.29915540395937007
5-13C,4.0,153.0192,-0.10376833241071373,0.033256840396644755
5-13C,4.0,154.062,0.048672803133468744,0.06540745499114822
5-13C,4.0,154.9751,-0.9820087238117141,0.011594627607913166
5-13C,4.0,155.0099,-1.1151639722142814,0.016111812949189282
5-13C,4.0,157.0128,-0.9822409188488325,0.029631864506334787
5-13C,4.0,157.0255,-1.2716032167091,0.007704912930527333
5-13C,4.0,157.0379,-1.2931765056469824,0.03167633524350699
5-13C,4.0,157.0504,-1.162476283577284,0.04051761053262485
5-13C,4.0,159.0297,1.1290055795648377,0.27118409764874507
5-13C,4.0,159.0775,-1.104285640497825,0.05933654987204261
5-13C,4.0,160.0616,-1.3150942010586388,0.3517326396835022
5-13C,4.0,161.0453,1.5609201405071058,0.12599561790359787
5-13C,4.0,162.0424,-1.3011557755905467,0.10839251936977828
5-13C,4.0,163.0351,-1.1376145958937784,0.13124006469179916
5-13C,4.0,163.0398,0.18845302163086985,0.14814733983615158
5-13C,4.0,163.0611,-0.11397252764245704,0.3492695016746325
5-13C,4.0,164.0716,-0.2501784816186876,0.12290205141846282
5-13C,4.0,165.03,-0.36178414566573247,0.4340549535846711
5-13C,4.0,165.0405,-0.2200657537502218,0.5399179543817445
5-13C,4.0,165.0556,-0.6547629025125823,0.09638982665164962
5-13C,4.0,166.0508,-0.9290705249272034,0.2908695623398032
5-13C,4.0,166.0632,-0.1537362841132136,0.5234643292265054
5-13C,4.0,166.9759,-0.4062392560843072,0.15020187373833088
5-13C,4.0,167.0207,-0.09781968785058823,0.3684557265048688
5-13C,4.0,167.0358,0.18707324653167737,0.19634230128908217
5-13C,4.0,167.0828,0.8403186385787427,0.6389156554715759
5-13C,4.0,168.0277,-0.18099616767336446,0.027045080104896584
5-13C,4.0,168.0664,1.0983761351148984,0.5939072295681169
5-13C,4.0,170.0455,-0.859933003688129,0.01603030128314603
5-13C,4.0,171.0065,-0.6396893482650987,0.2728451485393965
5-13C,4.0,171.0092,-0.8190639738087725,0.11380278463406636
5-13C,4.0,171.0284,-0.9246027164977411,0.06990608871447332
5-13C,4.0,172.0616,-1.4158572895417239,0.23333955527938127
5-13C,4.0,172.962,-0.4926487147947849,0.08959430047159389
5-13C,4.0,173.0089,-0.7307312722324286,0.2889015641261949
5-13C,4.0,173.0453,-1.3185112539438086,0.1747374115920409
5-13C,4.0,173.0932,-0.8237887204391394,0.0492375613386825
5-13C,4.0,173.1041,0.24791838268445496,0.504080590695435
5-13C,4.0,174.0407,-0.9863387175205893,0.005007459593288834
5-13C,4.0,174.088,-0.7414739097816323,0.11788709487103584
5-13C,4.0,175.022,-1.1858400596104304,0.09306935064044414
5-13C,4.0,175.0361,-1.186029603597062,0.00871497243729837
5-13C,4.0,175.0611,-1.205475909089491,0.010632085999990323
5-13C,4.0,176.0776,-1.2023285540132123,0.25669001003946745
5-13C,4.0,177.0402,0.685650282425363,0.5515771387032187
5-13C,4.0,177.0553,1.103473358253976,0.35538244457439594
5-13C,4.0,178.0509,-1.004082550488202,0.023178103478529846
5-13C,4.0,179.0348,-0.34082046704103824,0.16881218754797941
5-13C,4.0,179.0561,2.201998216045734,0.28814293608488273
5-13C,4.0,180.0663,2.291699231757623,0.122563420545223
5-13C,4.0,181.0505,-0.5510252267811011,1.083753253257056
5-13C,4.0,182.9725,0.2098907905392735,0.1500550873141365
5-13C,4.0,183.0661,1.046346439495753,0.32338649200262665
5-13C,4.0,184.0017,-0.2664084136983526,0.0707820751386559
5-13C,4.0,184.9856,-0.12493131239972885,0.23368180690366927
5-13C,4.0,186.1136,-0.9990036583658426,0.5635720028735003
5-13C,4.0,187.0234,-1.438589474915992,0.33280148796219816
5-13C,4.0,188.035,0.3480149914263489,0.5043419362138065
5-13C,4.0,188.0565,-1.0682573066221972,0.009534614693378362
5-13C,4.0,189.0405,-1.111556029129624,0.06542884701795569
5-13C,4.0,191.0197,-1.2127225595643147,0.22475519909201963
5-13C,4.0,191.0561,-1.081874481537512,0.07609289394093496
5-13C,4.0,192.0663,0.13571796038508574,0.6164415245502701
5-13C,4.0,193.0349,-0.8179087932605218,0.7711321392975073
5-13C,4.0,194.0682,-0.8638769410492766,0.131784139902486
5-13C,4.0,194.0822,1.0426161022776326,0.43087586378302106
5-13C,4.0,195.0509,-0.1587005802220606,0.12341753827449438
5-13C,4.0,195.0657,-0.0876986091085107,0.4633210377972428
5-13C,4.0,196.0603,-1.2555723413456563,0.13947654831033957
5-13C,4.0,198.0182,-1.1509178809896194,0.4322905746787063
5-13C,4.0,199.0019,-0.51489038949483,0.2303986725484856
5-13C,4.0,200.9937,1.2824994942876946,0.5254020277044258
5-13C,4.0,201.0051,-1.1112405023791223,0.2860641806822508
5-13C,4.0,203.0348,0.03473504991607119,0.13133286667060975
5-13C,4.0,203.0826,-0.06585660018308442,0.007352049912389694
5-13C,4.0,204.0498,0.3181467866023242,0.45718866313887124
5-13C,4.0,205.0351,-1.3123231661519938,0.037764428226181875
5-13C,4.0,206.0822,1.84052300673942,0.6684896074234954
5-13C,4.0,209.0292,-1.1848250825222388,0.406150284175094
5-13C,4.0,209.0814,0.2151123915885888,0.5125966913936921
5-13C,4.0,211.0235,-0.831064709142133,0.19478778045189657
5-13C,4.0,211.9968,-1.0808655039500588,0.03684459823018143
5-13C,4.0,212.0331,-0.44405223643536107,0.2404186598336179
5-13C,4.0,212.9807,-0.9564155764372,0.136746850561011
5-13C,4.0,213.014,-0.5332993601678327,0.3416169137672257
5-13C,4.0,213.0384,-0.8052603690107478,0.09797865711047028
5-13C,4.0,213.1252,0.9593663944001599,1.0422939137222562
5-13C,4.0,214.0488,1.3144867738188983,0.22897035399044469
5-13C,4.0,215.0331,0.9576296122897966,0.11279184505826803
5-13C,4.0,216.1351,0.17404901602534484,0.1086523648913858
5-13C,4.0,218.0335,0.7025400198336115,0.14046210727897923
5-13C,4.0,218.1034,-1.0515719919607536,0.02447690131491191
5-13C,4.0,220.0828,-0.0033153515007597334,1.2672494449063108
5-13C,4.0,221.0443,0.3834457169779989,0.0741143715426374
5-13C,4.0,221.0664,-0.3326155342735843,0.38740830483130195
5-13C,4.0,225.0399,-0.793958500681894,0.6591061819541675
5-13C,4.0,225.0861,-0.08072441144630428,0.49814720177451743
5-13C,4.0,225.0901,0.27198606076199044,0.7982627847490964
5-13C,4.0,226.0135,-0.3158131418005633,0.21349511623436354
5-13C,4.0,226.0697,-0.006315493389512664,0.24392229622124226
5-13C,4.0,228.0501,-0.9750450830319117,0.29945496860980264
5-13C,4.0,229.0122,-0.4777606549604536,0.2347779675380627
5-13C,4.0,237.0614,-1.3337105052782525,0.08546736572578739
5-13C,4.0,238.0945,-0.4355668288573926,0.34138260040645546
5-13C,4.0,240.0515,-1.3695070403749203,0.011417346298209915
5-13C,4.0,241.0844,-0.810672878627932,0.38055301496324273
5-13C,4.0,242.0804,0.7515247670413878,0.6684726843976256
5-13C,4.0,243.029,-0.439408738353602,0.1820731079857744
5-13C,4.0,243.0625,-1.891676617767249,0.16870280935552223
5-13C,4.0,245.0444,-1.0865256068394005,0.4187906400856446
5-13C,4.0,246.0198,0.23973017582284456,0.2749317574377005
5-13C,4.0,246.064,-0.7066024561000563,0.35461342328572365
5-13C,4.0,251.0816,-0.8325460670836633,0.8574197006723248
5-13C,4.0,253.0119,-0.3558813632260572,0.007839110930978084
5-13C,4.0,253.0499,-0.7977384454621892,0.9040542082195886
5-13C,4.0,257.0072,-0.7295460331564627,0.3219230833243617
5-13C,4.0,257.1028,-0.49519084609649877,0.49872275803917
5-13C,4.0,259.005,-0.6394647395682969,0.3594937049732502
5-13C,4.0,259.0227,1.8407849710879867,0.43848097257923524
5-13C,4.0,261.0385,-0.4189075942229567,0.36901144421289644
5-13C,4.0,266.0703,-0.8004727509813563,0.18585360083109873
5-13C,4.0,267.0724,-0.6756707329858962,0.023495767135761594
5-13C,4.0,268.02,-1.2133427426202954,0.7782750480806352
5-13C,4.0,269.0398,-0.9326398089049799,0.12272605516787821
5-13C,4.0,271.0612,-0.31085237734913085,0.16331449156812858
5-13C,4.0,271.0815,-0.19139530684901193,0.4553967323044584
5-13C,4.0,273.0021,-0.9386321466114329,0.2517183984938102
5-13C,4.0,274.0933,-1.2280924324259133,0.12037899463687046
5-13C,4.0,275.0184,-0.88522406685391,0.49514977680511474
5-13C,4.0,275.0991,-0.870475346125227,0.296065897836399
5-13C,4.0,277.1207,1.9970177446957793,0.19658484781212143
5-13C,4.0,277.2169,0.5327028566402712,0.4038532542936844
5-13C,4.0,279.2331,0.1632676753898989,0.0759742109654789
5-13C,4.0,282.0839,0.43721381383717733,0.21751133921794732
5-13C,4.0,283.2063,0.5513023102256892,0.3867682396905289
5-13C,4.0,285.0972,-0.5228845110324496,0.7411616351852811
5-13C,4.0,287.0157,0.9614638183153787,0.356678671468092
5-13C,4.0,288.0725,-0.7938332735650175,0.07993127277599078
5-13C,4.0,289.0333,-1.3294510962947115,0.572387167294483
5-13C,4.0,289.1044,-1.4152292363767893,0.324041527170127
5-13C,4.0,290.9677,-0.4555066744005688,0.10889129845701118
5-13C,4.0,294.0479,0.5474790224646042,1.0925697319838865
5-13C,4.0,300.0509,-0.3898365082075913,1.024000197054277
5-13C,4.0,301.0333,-0.6146812493811462,0.8863049200777198
5-13C,4.0,303.2326,0.007699922144155116,0.14020262019444807
5-13C,4.0,305.0207,0.8912901681900474,0.10938601627690275
5-13C,4.0,306.0481,-1.110936236419082,0.060685947290947784
5-13C,4.0,306.0765,-0.27375304747846035,0.02599947359566831
5-13C,4.0,308.0986,-0.2411761290892151,0.056921831098383995
5-13C,4.0,313.0441,-0.5640164872438309,0.3067951482968602
5-13C,4.0,313.1037,-0.8463961302428564,0.45315332623924404
5-13C,4.0,317.026,-0.5244439316513609,0.8886322652871184
5-13C,4.0,323.0256,1.0491566093564533,0.38580207957379803
5-13C,4.0,325.1163,0.9240361728591675,0.6247288147142165
5-13C,4.0,328.0457,-1.0388968600325876,0.14640560842349598
5-13C,4.0,333.0589,-1.4720523097883258,0.3450634196915976
5-13C,4.0,338.9884,0.8131798512761175,1.3051446910437345
5-13C,4.0,339.0928,-0.7142125909998276,0.6523979585878271
5-13C,4.0,341.1089,-0.40239337183409984,0.06364741404772127
5-13C,4.0,344.0393,-0.4475293442907826,0.3464385428637006
5-13C,4.0,346.0556,0.33821476953327234,0.29474922061353503
5-13C,4.0,348.087,-0.9705602246768381,0.19769809926407195
5-13C,4.0,353.0489,-0.7303915181115996,1.0138274660629853
5-13C,4.0,357.089,-0.9531847664199644,0.1838557899516217
5-13C,4.0,375.131,-1.035767913625782,0.40353422490942387
5-13C,4.0,377.1496,-0.3675513762733802,0.46182914156288624
5-13C,4.0,383.1188,-0.3042714093040357,0.5158230945777541
5-13C,4.0,388.9416,-0.5087311293539089,0.24831545979262412
5-13C,4.0,388.9442,-0.810237348956729,0.21408001507331212
5-13C,4.0,401.0756,0.2642860530433053,0.08188522796834978
5-13C,4.0,407.2795,1.5964424345156796,0.8243864593624062
5-13C,4.0,421.0743,-0.33597768148780127,0.753617008514131
5-13C,4.0,426.0222,0.6313693094188781,0.20137217845844044
5-13C,4.0,442.9997,0.16644514455379297,0.2553659306328635
5-13C,4.0,466.9657,1.7542620889100693,0.33803347704479036
5-13C,4.0,490.9787,-0.5576830588779136,0.6037251932305365
5-13C,4.0,503.1614,-0.03994163588211714,0.23362916474409223
5-13C,4.0,547.0731,-1.2620138948665565,0.05350338724387723
5-13C,4.0,565.0471,-0.9019492967239076,0.4458680461326425
5-13C,4.0,578.8872,0.30971008547106504,0.06123269874462707
5-13C,4.0,579.0269,-0.4009408998197971,0.206618320026512
5-13C,4.0,612.2549,-0.6554208620493949,0.03336324502838294
5-13C,4.0,624.2949,-0.0806515964454004,0.6698568393727033
5-13C,4.0,659.307,3.1637012268940197,0.6483194462948734
5-13C,4.0,664.0939,0.6473184822587792,0.11275921503638153
5-13C,4.0,665.2144,-0.1570328656347026,0.31451903354318866
5-13C,4.0,668.1374,-0.6163300299984815,0.0002119379794264656
5-13C,4.0,787.255,2.7191992854367526,1.0038348660688947
5-13C,4.0,790.2568,2.72844300508795,0.5202549756948205
5-13C,4.0,835.0407,-0.0799609187039627,0.1767512688122357
5-13C,4.0,863.2971,-0.24799661995669492,0.17315767954281497
5-13C,4.0,864.1473,3.5908574309513344,0.941972002056618
5-13C,4.0,974.2935,-0.21912106023143382,0.3260904798023784
5-13C,4.0,976.7162,2.5934131093129746,0.30059304125620406
5-13C,5.0,57.0342,1.632748917187585,0.5255020969806308
5-13C,5.0,58.0295,-0.8261624418217062,0.1673317768654696
5-13C,5.0,59.0135,1.9819840986791195,0.3001312452069925
5-13C,5.0,71.0137,1.8174654723329877,0.20957930363791533
5-13C,5.0,73.0293,-0.8861181496431452,0.021973767373988533
5-13C,5.0,74.0247,-0.6363359176727044,0.4206954408573701
5-13C,5.0,75.0087,0.4872450339605404,0.5310356190049986
5-13C,5.0,87.0088,-0.6553590502643895,0.0038199799021449202
5-13C,5.0,87.0451,1.476549455025641,0.7636016707357078
5-13C,5.0,88.0403,-0.9034472049908612,0.01269213569391355
5-13C,5.0,88.9883,-0.3295457885206459,1.5149229446813328
5-13C,5.0,89.0244,-0.08346695509821722,0.14590120271218165
5-13C,5.0,93.0338,-0.052643004435593305,0.012087519267605235
5-13C,5.0,94.9761,-0.575374949845791,0.4377483194223662
5-13C,5.0,94.9806,0.9449420124568861,0.38711605917592185
5-13C,5.0,95.0139,1.4195423684002733,0.21468992517743601
5-13C,5.0,101.0242,1.3314612790056966,0.10687226675225882
5-13C,5.0,102.056,-0.27969627766976213,0.063738136342877
5-13C,5.0,103.0402,-0.8776150022534124,0.04071628545929409
5-13C,5.0,103.0509,-0.7793968785568778,0.12325882111343271
5-13C,5.0,104.0352,-0.38327047104732903,0.03684969295046154
5-13C,5.0,105.0193,0.6627402259463412,0.423730201577724
5-13C,5.0,107.0503,0.7043845352806235,0.5072656570525836
5-13C,5.0,109.0295,-0.4648962112741035,0.25066944846764116
5-13C,5.0,111.02,-1.0374865900988355,0.02262562438816801
5-13C,5.0,112.0516,0.1386243647837554,0.088850518160492
5-13C,5.0,113.0244,1.7285473220577598,0.2986666269618252
5-13C,5.0,113.0357,-0.8607874911745161,0.0713935471033352
5-13C,5.0,114.056,-0.24588797041185498,0.0019616493301881977
5-13C,5.0,115.0037,-0.6113030024476689,0.04586600353044464
5-13C,5.0,115.0402,0.7545479602361005,0.6406701961258429
5-13C,5.0,115.0764,0.35882185819535684,0.6283250050854008
5-13C,5.0,116.0354,-0.86963927796071,0.27141836546757736
5-13C,5.0,116.0717,-0.7615098818405845,0.010163039905399088
5-13C,5.0,117.0194,-0.8922696910639725,0.011115746951984588
5-13C,5.0,118.0508,-1.2933770512162526,0.06413464049813572
5-13C,5.0,118.9804,1.5066168865104004,0.20705228418047836
5-13C,5.0,119.0503,1.8736987754750443,0.02886656308661943
5-13C,5.0,120.9273,-0.5767445613882876,0.07267999860489217
5-13C,5.0,121.0295,0.026165644395604176,0.5499244884868476
5-13C,5.0,121.0409,0.6306300279430848,0.6525813778824707
5-13C,5.0,122.0248,0.6796021302792858,0.7112924018336537
5-13C,5.0,124.0075,0.5921936292403884,0.5550173928017069
5-13C,5.0,124.0144,2.092296468634784,0.5865500458434344
5-13C,5.0,125.0439,1.6531643626018862,0.34740261652401544
5-13C,5.0,127.0764,0.477469433753066,0.6791831708311856
5-13C,5.0,128.0354,-0.2844065680501331,0.022094103095741304
5-13C,5.0,129.0193,-0.8922336843630994,0.12254228403711132
5-13C,5.0,129.0556,0.7240693463191631,0.9596223331159528
5-13C,5.0,130.0142,-0.9581989190907021,0.19143579805098498
5-13C,5.0,130.0509,-1.0195969310701067,0.012990522712800188
5-13C,5.0,130.0874,-0.9529786419241872,0.07386849648054393
5-13C,5.0,131.0008,0.6962375779921073,0.8851284359651294
5-13C,5.0,131.0123,-0.7597532654220666,0.04406674491083917
5-13C,5.0,131.035,1.3096415152682674,0.25088881783794986
5-13C,5.0,131.0462,1.253467627194015,0.1801732975731353
5-13C,5.0,131.0828,-0.24586916731255704,0.24247553483210496
5-13C,5.0,132.0302,-1.1148277470951695,0.01941539160109656
5-13C,5.0,133.0142,0.2639002761317506,0.15673836503788058
5-13C,5.0,133.0257,0.12233639522906298,0.047095557302379146
5-13C,5.0,133.0505,-1.1315813074761403,0.03575438063015437
5-13C,5.0,134.0472,-0.7509621422859738,0.17173784326689673
5-13C,5.0,134.0604,-0.8821199269463977,0.23508548092952347
5-13C,5.0,135.0302,-0.6456871674241678,0.1580123575106633
5-13C,5.0,135.0453,1.3099904948125545,0.34162163437188314
5-13C,5.0,136.0404,-0.3215764521722161,0.012093795174104088
5-13C,5.0,136.0487,0.6289189832188766,0.33399253716848987
5-13C,5.0,136.0767,-0.18615799847025088,0.7866997164567586
5-13C,5.0,137.0239,0.024662772080713602,0.28174959480914064
5-13C,5.0,138.9789,-0.005922291270097378,0.6918937686419929
5-13C,5.0,139.0014,-0.27872159800906193,0.08308707054512603
5-13C,5.0,139.0067,-0.6395366797337962,0.0181678859997487
5-13C,5.0,139.976,0.430402210596979,0.9007492473176028
5-13C,5.0,143.0713,0.24826687661481278,0.4479539529226648
5-13C,5.0,143.1077,0.20142278745025322,0.5078237750321763
5-13C,5.0,145.0141,-0.3468115414662867,0.15561387689509062
5-13C,5.0,145.0506,-0.6711555101255504,0.06492427614627448
5-13C,5.0,145.0623,-0.5954409200484694,0.1959643131069753
5-13C,5.0,145.0982,-0.09317778289616124,0.2316728635179855
5-13C,5.0,145.1106,-0.9338186033914566,0.8675244258504644
5-13C,5.0,146.0459,-0.05266851811057317,0.031210723446670252
5-13C,5.0,147.0298,-0.8704297239887064,0.020061652614285663
5-13C,5.0,147.0662,-1.1653777913483996,0.04767137111371173
5-13C,5.0,149.0092,0.8372293541959593,0.9263298230383896
5-13C,5.0,149.0456,0.8986812630092602,0.14557425663729245
5-13C,5.0,149.0608,0.7034240227699212,0.42824518044116644
5-13C,5.0,150.0422,-0.6615112977519991,0.4314513655740494
5-13C,5.0,150.9707,-0.898978264276423,1.2402783041044738
5-13C,5.0,151.0259,-0.7181748770486514,0.0527622424607466
5-13C,5.0,151.04,1.122931886146694,0.5792053442866549
5-13C,5.0,151.06,-0.1352916143179868,1.1323163080711987
5-13C,5.0,152.0353,-0.08567208702575146,0.3428666250528828
5-13C,5.0,152.0716,0.7942691839878875,0.2161051806554485
5-13C,5.0,153.0192,0.7789519629015452,0.19222136291848926
5-13C,5.0,154.062,-0.33872157760579213,0.13717273176687686
5-13C,5.0,154.9751,-0.906242901737494,0.01585394146553822
5-13C,5.0,155.0099,-0.9965681256435412,0.015358922495532605
5-13C,5.0,157.0128,-0.8583405600031621,0.04461975376072907
5-13C,5.0,157.0255,-1.1959427597208492,0.020369626028496412
5-13C,5.0,157.0379,-1.2208269355402872,0.03661194611253022
5-13C,5.0,157.0504,-1.1144874367557942,0.02200140414348281
5-13C,5.0,159.0297,0.6072058556385237,0.11035703990629396
5-13C,5.0,159.0775,-0.9230268520467722,0.04868188619726645
5-13C,5.0,160.0616,-0.766179808724258,0.2216179205380844
5-13C,5.0,161.0453,1.1453227723593102,0.09867152700114379
5-13C,5.0,162.0424,-0.6894863606538195,0.5462781036564165
5-13C,5.0,163.0351,-1.0003116379082582,0.1515838947485274
5-13C,5.0,163.0398,0.3969666936135404,0.10277949591636211
5-13C,5.0,163.0611,0.28099689674758827,0.43809825998086604
5-13C,5.0,164.0716,-0.47347666208379635,0.05909902724291072
5-13C,5.0,165.03,1.385438224734403,1.6746361698302232
5-13C,5.0,165.0405,0.8634065089733158,0.38437132149431186
5-13C,5.0,165.0556,-0.3958209082856714,0.11834852042263938
5-13C,5.0,166.0508,-1.1861757583936177,0.3096091022868252
5-13C,5.0,166.0632,-0.5516048310294152,0.5637608155255851
5-13C,5.0,166.9759,-0.28388337892536275,0.6149408857511218
5-13C,5.0,167.0207,0.030709466292822767,0.41738756230531393
5-13C,5.0,167.0358,0.4823620536139958,0.5003647907878057
5-13C,5.0,167.0828,-0.0931086221901472,1.4873766407394533
5-13C,5.0,168.0277,0.024729962161935508,0.11126128877841725
5-13C,5.0,168.0664,0.2195046820402134,0.6602920352654115
5-13C,5.0,170.0455,-0.8223996819032273,0.024934197371607045
5-13C,5.0,171.0065,-0.7589865439882522,0.17332111298930444
5-13C,5.0,171.0092,-0.2178845490633855,0.2868342633301774
5-13C,5.0,171.0284,-0.8435379936337185,0.053729864911637226
5-13C,5.0,172.0616,-1.0323809002934285,0.16760523561346963
5-13C,5.0,172.962,-0.5076163121013937,0.05185189528610771
5-13C,5.0,173.0089,-0.8552404958026507,0.08613600467443755
5-13C,5.0,173.0453,-0.856220620308368,0.08407540195290224
5-13C,5.0,173.0932,-0.8409310972614119,0.04261769222129998
5-13C,5.0,173.1041,-0.5176463784194412,0.22090059856976124
5-13C,5.0,174.0407,-0.9243879161518768,0.01325414610575927
5-13C,5.0,174.088,-0.9388587612596937,0.07839710808170837
5-13C,5.0,175.022,-0.7415953352639809,0.17876329818094275
5-13C,5.0,175.0361,-1.1070360625158424,0.008916443059747321
5-13C,5.0,175.0611,-1.0817532686450477,0.02227063620186625
5-13C,5.0,176.0776,-0.6791757370267695,0.12163778256333774
5-13C,5.0,177.0402,0.6009030551795531,0.6580654740237695
5-13C,5.0,177.0553,1.966634785987397,0.1333423326561667
5-13C,5.0,178.0509,-0.9331188581831356,0.009254959719995548
5-13C,5.0,179.0348,-0.6425334486451285,0.24041116965876108
5-13C,5.0,179.0561,1.332174580444731,0.2516333230828745
5-13C,5.0,180.0663,1.308147510285734,0.18320300939698858
5-13C,5.0,181.0505,-0.7228897506556575,0.2026666115788876
5-13C,5.0,182.9725,1.5398911048784076,0.19257058833750862
5-13C,5.0,183.0661,1.1081196220986833,0.523778166939291
5-13C,5.0,184.0017,0.3251028778074869,0.0932638848697607
5-13C,5.0,184.9856,-0.3010952852232128,0.18188732547169448
5-13C,5.0,186.1136,0.4600817718337087,0.3152322997514814
5-13C,5.0,187.0234,-0.7475952342640083,0.4508199821983115
5-13C,5.0,188.035,-0.4385575977767399,0.8252040646200374
5-13C,5.0,188.0565,-0.8621878497167962,0.025226313104543704
5-13C,5.0,189.0405,-0.284686006514823,0.07937758649730263
5-13C,5.0,191.0197,0.09415410561739236,0.15244972960898973
5-13C,5.0,191.0561,-0.9379407168068374,0.0313165809831945
5-13C,5.0,192.0663,1.354118601308945,1.0631753846275267
5-13C,5.0,193.0349,0.897303123386422,0.4738726339636854
5-13C,5.0,194.0682,-1.0116132082899711,0.09913307917419521
5-13C,5.0,194.0822,1.0410907672810485,0.30239955985094347
5-13C,5.0,195.0509,0.20318379941662473,0.15129000784072266
5-13C,5.0,195.0657,0.32529945238656455,0.5714004536998164
5-13C,5.0,196.0603,-1.0839919764718595,0.07171208642353545
5-13C,5.0,198.0182,-0.49810566751332663,0.420537504105109
5-13C,5.0,199.0019,-0.1518186381712226,0.461035863241194
5-13C,5.0,200.9937,0.5988634058129443,0.29628006918582545
5-13C,5.0,201.0051,-0.7563825584089181,0.5320078259217448
5-13C,5.0,203.0348,0.3697100186335513,0.21922130739141554
5-13C,5.0,203.0826,-0.08697688639433188,0.013104060649905828
5-13C,5.0,204.0498,0.843560617463085,1.0913749666138064
5-13C,5.0,205.0351,-0.51070850729114,0.14838835206290327
5-13C,5.0,206.0822,1.4455318582247583,0.37362040651008926
5-13C,5.0,209.0292,-0.07852765038600287,0.22969951501411415
5-13C,5.0,209.0814,-0.14210349873641226,0.7769499438778094
5-13C,5.0,211.0235,-0.39125845481387656,0.35127843419682275
5-13C,5.0,211.9968,-1.0519396550012519,0.03540365587779623
5-13C,5.0,212.0331,-0.10360329529423785,0.3141308811239518
5-13C,5.0,212.9807,-0.5995937313303072,0.1165122905022316
5-13C,5.0,213.014,-0.7285018644449026,0.3137829829388488
5-13C,5.0,213.0384,-0.5418379140337103,0.18675963542801147
5-13C,5.0,213.1252,0.39235986849504045,0.5267919501512683
5-13C,5.0,214.0488,1.3206039459132248,0.2918939393000595
5-13C,5.0,215.0331,1.7973476100075692,0.21451116428262912
5-13C,5.0,216.1351,0.9763332513408831,0.2897104034961605
5-13C,5.0,218.0335,1.882275266537384,0.24042579912959386
5-13C,5.0,218.1034,-0.6111410915525981,0.062044634366611034
5-13C,5.0,220.0828,1.9729929634074514,0.7487852555140619
5-13C,5.0,221.0443,1.4683850784141304,0.2234144898187862
5-13C,5.0,221.0664,1.6958058896981343,0.3036205956570541
5-13C,5.0,225.0399,-0.34732485007345354,0.579097305788482
5-13C,5.0,225.0861,0.6310597033107244,0.9032966542023803
5-13C,5.0,225.0901,0.009856067683518044,0.6101386772613847
5-13C,5.0,226.0135,-0.8718765070451258,0.20787703239051042
5-13C,5.0,226.0697,0.6322517736974567,0.29409429225044725
5-13C,5.0,228.0501,-0.3938050363218493,0.3688932434271618
5-13C,5.0,229.0122,-0.2662006826958753,0.0805038029036784
5-13C,5.0,237.0614,-0.972475603202799,0.12635390225546353
5-13C,5.0,238.0945,-0.08603725463618381,0.24054383554056294
5-13C,5.0,240.0515,-1.1593234226482,0.059684155766202326
5-13C,5.0,241.0844,0.2241328316656192,0.44088491427599824
5-13C,5.0,242.0804,0.4913612933174431,0.7498533874589123
5-13C,5.0,243.029,-0.09618526634281373,0.4457151521454607
5-13C,5.0,243.0625,-0.9979832759734353,0.6254785565879686
5-13C,5.0,245.0444,-0.3203222004401943,0.3928760636280975
5-13C,5.0,246.0198,-0.7241204166474613,0.41101414405164965
5-13C,5.0,246.064,1.3246872737745716,1.3166099183760285
5-13C,5.0,251.0816,1.2017545739996218,0.6621866390897664
5-13C,5.0,253.0119,-0.32934725516927893,0.00962217956298032
5-13C,5.0,253.0499,1.0181940593797354,1.1853609037232906
5-13C,5.0,257.0072,-0.6049042128670945,0.11303285433163858
5-13C,5.0,257.1028,0.6007854955330838,0.3942021743914974
5-13C,5.0,259.005,-0.4719353784228666,0.13246859494981586
5-13C,5.0,259.0227,1.8226467016895838,0.26382351859261083
5-13C,5.0,261.0385,-0.006953200762070049,0.3099019833501026
5-13C,5.0,266.0703,-0.5643187837417554,0.11407472822712732
5-13C,5.0,267.0724,-0.6331269478354736,0.013911224286074948
5-13C,5.0,268.02,-0.4334046349712197,0.3064166326238543
5-13C,5.0,269.0398,-0.7495236317239917,0.24663108855702157
5-13C,5.0,271.0612,0.867927205882299,0.7396875874526934
5-13C,5.0,271.0815,0.7236654178861665,0.3890264504763367
5-13C,5.0,273.0021,-0.7424924149444576,0.05517313760994403
5-13C,5.0,274.0933,-0.6323826092369572,0.2841635061281496
5-13C,5.0,275.0184,-0.04579121779683479,0.5559151576957075
5-13C,5.0,275.0991,-0.5102637275216237,0.2636819897888865
5-13C,5.0,277.1207,2.2566834828437607,0.3817123060076202
5-13C,5.0,277.2169,0.5457800517853514,0.5302168363787512
5-13C,5.0,279.2331,-0.32768793955902353,0.028062191803080835
5-13C,5.0,282.0839,0.20264751624350072,0.42095499465956854
5-13C,5.0,283.2063,-0.35164093936207075,0.2759558187079
5-13C,5.0,285.0972,0.4816681021291244,0.7728468493328405
5-13C,5.0,287.0157,1.2211068027278957,0.361754309117913
5-13C,5.0,288.0725,-0.6410905700963176,0.0976280736017839
5-13C,5.0,289.0333,0.5326121994933556,0.7611077716756594
5-13C,5.0,289.1044,-1.056533073305856,0.16265920043957993
5-13C,5.0,290.9677,-0.3633725204605932,0.08022285625370829
5-13C,5.0,294.0479,0.31711520191407466,0.15867339249371898
5-13C,5.0,300.0509,-0.3653304735491322,0.6264649785038754
5-13C,5.0,301.0333,-0.08418377648852039,0.5634808067596981
5-13C,5.0,303.2326,0.5524149547336358,1.122116285599163
5-13C,5.0,305.0207,1.1898457523358839,0.3557890443528965
5-13C,5.0,306.0481,-0.9646823496045576,0.1165248793116146
5-13C,5.0,306.0765,-0.2805944089082653,0.020522292759699988
5-13C,5.0,308.0986,-0.22480489322702432,0.06353070909990301
5-13C,5.0,313.0441,-0.22162000859740216,0.449871372348789
5-13C,5.0,313.1037,-0.5506648513222457,0.4297939300193167
5-13C,5.0,317.026,0.6723892833984655,0.4423394892766854
5-13C,5.0,323.0256,0.00794711888014904,0.9541003393817324
5-13C,5.0,325.1163,-0.3738126807002251,0.4626718049566725
5-13C,5.0,328.0457,-1.0086685818074477,0.06912174196176808
5-13C,5.0,333.0589,-1.3808914599786235,0.23124599241684599
5-13C,5.0,338.9884,-0.16716367635242424,1.6452764876001864
5-13C,5.0,339.0928,-0.7429838172482877,0.3600794223070808
5-13C,5.0,341.1089,0.9476166335074557,0.2846992556196482
5-13C,5.0,344.0393,-0.5458638612711395,0.17561491882768462
5-13C,5.0,346.0556,0.044291399362504896,0.16419496904918268
5-13C,5.0,348.087,-0.9362598892653116,0.10716685704857376
5-13C,5.0,353.0489,0.09092834653998111,0.6184301909449449
5-13C,5.0,357.089,-0.3550652612800444,0.36947712600650134
5-13C,5.0,375.131,-0.5597369981943071,0.17678242338873768
5-13C,5.0,377.1496,-0.18983399862474168,0.39338923566844247
5-13C,5.0,383.1188,2.7306244691972106,0.7954668550305432
5-13C,5.0,388.9416,0.03681601552149119,0.04343754238495234
5-13C,5.0,388.9442,-0.31618507822141473,0.2462975474687194
5-13C,5.0,401.0756,1.5295803922222757,0.2440246558072342
5-13C,5.0,407.2795,0.32944893831938354,0.09558966819211465
5-13C,5.0,421.0743,0.9391385629298373,0.651572519137396
5-13C,5.0,426.0222,0.0943738044741905,0.6445724181050678
5-13C,5.0,442.9997,0.1211208934382823,0.2140077718092756
5-13C,5.0,466.9657,0.5262574670589708,0.3346956652467816
5-13C,5.0,490.9787,1.07393331134083,0.891894352786484
5-13C,5.0,503.1614,3.169082402925385,0.5259691194422011
5-13C,5.0,547.0731,-1.1227846462702202,0.13193295442211408
5-13C,5.0,565.0471,-0.2965635639665788,0.35341992235251773
5-13C,5.0,578.8872,2.0455525212151358,0.307136846299555
5-13C,5.0,579.0269,1.6503639595457997,0.17726437020669622
5-13C,5.0,612.2549,1.1670844032590328,0.7136051869290934
5-13C,5.0,624.2949,-0.1887449170399078,0.5501089535040057
5-13C,5.0,659.307,-0.08677374142620858,0.05889826937580769
5-13C,5.0,664.0939,-0.4887549374846355,0.16250332435457945
5-13C,5.0,665.2144,0.3077511752688059,0.518903637039453
5-13C,5.0,668.1374,-0.6142262296781689,0.0006167604318610735
5-13C,5.0,787.255,0.5807035199838276,0.6978775998958759
5-13C,5.0,790.2568,0.65011191796625,0.4515655453008451
5-13C,5.0,835.0407,-0.37429853858333695,0.12058557814339589
5-13C,5.0,863.2971,-0.30542436454388344,0.09505391682879334
5-13C,5.0,864.1473,0.12535458606008748,0.400666200202875
5-13C,5.0,974.2935,-0.1929855314827385,0.5427079741784536
5-13C,5.0,976.7162,1.2021360637413272,0.06679654104423982
5-13C,6.0,57.0342,1.9930295938676974,0.3749640618446344
5-13C,6.0,58.0295,-1.0197131443101024,0.06678205876533622
5-13C,6.0,59.0135,1.4336092111618894,0.1882080739991037
5-13C,6.0,71.0137,1.3628523209922343,0.1453904946037543
5-13C,6.0,73.0293,-0.883006241607497,0.02200466570979553
5-13C,6.0,74.0247,-0.7757071773485845,0.6792922906677393
5-13C,6.0,75.0087,-0.2504872631332593,0.6474827414973008
5-13C,6.0,87.0088,-0.6515220803763975,0.01965563600033284
5-13C,6.0,87.0451,1.9398057830755124,0.6999478118440744
5-13C,6.0,88.0403,-0.9053279980640714,0.022325181195901513
5-13C,6.0,88.9883,-0.05974927302851114,0.3383576622823725
5-13C,6.0,89.0244,-0.23687204172360737,0.11334191286559428
5-13C,6.0,93.0338,-0.06697776098786418,0.013610671713063469
5-13C,6.0,94.9761,-1.0394756257110103,0.5453404100624365
5-13C,6.0,94.9806,1.6308322010924665,0.4408600804382624
5-13C,6.0,95.0139,1.4404101199897692,0.20044205597258796
5-13C,6.0,101.0242,1.353622924983397,0.12058888206693519
5-13C,6.0,102.056,-0.220438007272921,0.07287185447840301
5-13C,6.0,103.0402,-0.882831116416714,0.04043543551786222
5-13C,6.0,103.0509,-0.9767049911528202,0.08980802522173384
5-13C,6.0,104.0352,-0.6013178857277595,0.10339863245717816
5-13C,6.0,105.0193,1.3302576681018623,0.7905323027821441
5-13C,6.0,107.0503,1.2119961828328056,0.7170673049546747
5-13C,6.0,109.0295,-0.10604092602206637,0.07057576872667856
5-13C,6.0,111.02,-1.0819869032620015,0.005991877906972775
5-13C,6.0,112.0516,0.7022498530492368,0.4319075320125331
5-13C,6.0,113.0244,1.416424260258514,0.22245873957185558
5-13C,6.0,113.0357,-0.983665322234262,0.04356268840770967
5-13C,6.0,114.056,-0.23161640942681144,0.0035883438089357
5-13C,6.0,115.0037,-0.6684091076362239,0.05412729690172601
5-13C,6.0,115.0402,1.202735360608121,0.22057806847603545
5-13C,6.0,115.0764,0.9205746395429855,0.3565081956298041
5-13C,6.0,116.0354,-0.6969579770482838,0.052769823177207145
5-13C,6.0,116.0717,-0.7431117871043992,0.014824596183434418
5-13C,6.0,117.0194,-0.8896910387365095,0.006303581441635648
5-13C,6.0,118.0508,-1.2466843934767646,0.17560676040112372
5-13C,6.0,118.9804,1.255651466117276,0.1277991462539701
5-13C,6.0,119.0503,2.7978862703816123,0.41006890576834065
5-13C,6.0,120.9273,-0.5817197059608387,0.017284896146204508
5-13C,6.0,121.0295,0.6518607022229922,0.36187380021692195
5-13C,6.0,121.0409,0.43500487130374116,0.2888768974867479
5-13C,6.0,122.0248,1.8307702322547312,0.4341438545101658
5-13C,6.0,124.0075,-0.05872073551319114,0.2467454120452798
5-13C,6.0,124.0144,1.909273923927668,0.2991421254328081
5-13C,6.0,125.0439,2.2730118446987504,0.24453105939386932
5-13C,6.0,127.0764,1.5329147853785083,0.5182615227041687
5-13C,6.0,128.0354,-0.29478875634842194,0.009132691317761366
5-13C,6.0,129.0193,-0.8686907465869532,0.07714908866201703
5-13C,6.0,129.0556,1.2673847724912206,0.8441606512443276
5-13C,6.0,130.0142,-0.5418981457402027,0.255243317576207
5-13C,6.0,130.0509,-1.0247628302523464,0.007926354685062326
5-13C,6.0,130.0874,-0.9629059982882195,0.027813056000462254
5-13C,6.0,131.0008,-0.8373569042391169,1.3057733928410435
5-13C,6.0,131.0123,-0.5657055297224638,0.08528557539118531
5-13C,6.0,131.035,1.4546787502020035,0.2653079887495317
5-13C,6.0,131.0462,1.350920251833448,0.1541195565878907
5-13C,6.0,131.0828,-0.2595906605084992,0.11793613636658719
5-13C,6.0,132.0302,-1.1556494497194243,0.01043789823788313
5-13C,6.0,133.0142,0.10425479481206125,0.1264430892232678
5-13C,6.0,133.0257,-0.01013856136098997,0.12653069795051
5-13C,6.0,133.0505,-1.15736012113489,0.014094667630583153
5-13C,6.0,134.0472,-0.615020040492362,0.09184490441784421
5-13C,6.0,134.0604,-0.983463468474745,0.2572669572409728
5-13C,6.0,135.0302,-0.738833936027145,0.16595563088749876
5-13C,6.0,135.0453,1.430716083823794,0.25005330257194874
5-13C,6.0,136.0404,-0.32728389523759116,0.0689208212330036
5-13C,6.0,136.0487,1.132107663159991,0.438220546386143
5-13C,6.0,136.0767,1.431206106101645,0.5663637791441143
5-13C,6.0,137.0239,-0.2258394863677739,0.22286676893268564
5-13C,6.0,138.9789,1.1183541025297457,0.21152670409831087
5-13C,6.0,139.0014,-0.34012888030018446,0.038855111493727904
5-13C,6.0,139.0067,-0.6121015117550159,0.025264503052321665
5-13C,6.0,139.976,1.4678990917978152,0.1922812021510651
5-13C,6.0,143.0713,0.953921827715267,0.42179415267725684
5-13C,6.0,143.1077,0.6256792449452384,0.49451558153181513
5-13C,6.0,145.0141,-0.21478974272141466,0.14977795034409605
5-13C,6.0,145.0506,-0.5010039866793532,0.12818315407917713
5-13C,6.0,145.0623,-0.4198414417349533,0.12541817748464965
5-13C,6.0,145.0982,0.00027758829620163315,0.21856391394096863
5-13C,6.0,145.1106,0.12288497011772692,0.7353411661078308
5-13C,6.0,146.0459,-0.10536037396804118,0.028895830018373515
5-13C,6.0,147.0298,-0.8913026207266274,0.01735601089604313
5-13C,6.0,147.0662,-1.1934860166015004,0.030608212113436076
5-13C,6.0,149.0092,1.2981089905568206,0.24425639428812237
5-13C,6.0,149.0456,1.0250873471720807,0.17042150104344742
5-13C,6.0,149.0608,1.9259783529211845,0.2827750898329215
5-13C,6.0,150.0422,-0.20088887964257907,0.6297893387963468
5-13C,6.0,150.9707,-0.6775945625099973,0.6012223673513823
5-13C,6.0,151.0259,-0.5974047312412616,0.05108351514048205
5-13C,6.0,151.04,1.108751997422253,0.42998730323815687
5-13C,6.0,151.06,-0.5939570063366739,0.9947710875678807
5-13C,6.0,152.0353,0.5461486040903374,0.43039026258547525
5-13C,6.0,152.0716,0.4396714282437612,0.40036109996608565
5-13C,6.0,153.0192,0.9027501027029898,0.13565379885721188
5-13C,6.0,154.062,-0.3777138947237889,0.09478566037194251
5-13C,6.0,154.9751,-0.9337930000815434,0.008117869118708258
5-13C,6.0,155.0099,-1.0398024499141225,0.009023084043272414
5-13C,6.0,157.0128,-0.9033024799575887,0.018018777227336157
5-13C,6.0,157.0255,-1.235094554208267,0.011210906620313012
5-13C,6.0,157.0379,-1.258568613354891,0.03119642192346185
5-13C,6.0,157.0504,-1.128920367468305,0.012916809246704068
5-13C,6.0,159.0297,1.3517796737339518,0.2840183321113341
5-13C,6.0,159.0775,-0.9079402265381435,0.028758197832476396
5-13C,6.0,160.0616,0.03983294856673905,0.38719915273493494
5-13C,6.0,161.0453,1.2732720756270153,0.5067537002406689
5-13C,6.0,162.0424,-1.2587765656072016,0.2067291899441446
5-13C,6.0,163.0351,-0.9424089459339358,0.16422790608006563
5-13C,6.0,163.0398,0.3898648164763583,0.03370636541400478
5-13C,6.0,163.0611,0.27581357096819137,0.4314797270915123
5-13C,6.0,164.0716,-0.39006202174216076,0.09522886993668477
5-13C,6.0,165.03,1.3267710762205889,0.42621156876250876
5-13C,6.0,165.0405,1.865216062037205,0.4778089714861781
5-13C,6.0,165.0556,-0.3354501168708096,0.0777630527620411
5-13C,6.0,166.0508,-0.6813855904528561,0.3274409118097574
5-13C,6.0,166.0632,-0.7261536129023294,0.4752341809107774
5-13C,6.0,166.9759,-0.3582381042757983,0.21968077911882386
5-13C,6.0,167.0207,0.32478749858858835,0.31698814025981414
5-13C,6.0,167.0358,0.8668908671540034,0.5382920896880372
5-13C,6.0,167.0828,1.2206038188919943,0.38059350912730894
5-13C,6.0,168.0277,0.021063031880049418,0.024644988486430604
5-13C,6.0,168.0664,0.6403631872404661,0.598439910389173
5-13C,6.0,170.0455,-0.7934059269939489,0.027263077621191383
5-13C,6.0,171.0065,-0.815563804832566,0.16986389867490406
5-13C,6.0,171.0092,-0.4028250983322642,0.213054356655084
5-13C,6.0,171.0284,-0.8782863982553215,0.060791007833285136
5-13C,6.0,172.0616,-1.1978358817219066,0.15230890555637697
5-13C,6.0,172.962,-0.49949263475282535,0.1913708492832914
5-13C,6.0,173.0089,-0.8555265594983893,0.13916743381324637
5-13C,6.0,173.0453,-0.8381348226184318,0.23828407233547017
5-13C,6.0,173.0932,-0.7935929741099987,0.06194786991700897
5-13C,6.0,173.1041,-0.40906981503608286,0.18801422799992384
5-13C,6.0,174.0407,-0.9572794790362715,0.005138276590958202
5-13C,6.0,174.088,-0.8391036030109104,0.16279269662288087
5-13C,6.0,175.022,-0.9248934009215948,0.03710795118254143
5-13C,6.0,175.0361,-1.1622256478644324,0.013918141526262409
5-13C,6.0,175.0611,-1.1062228071685594,0.005657511115598684
5-13C,6.0,176.0776,-0.946404185461504,0.16248269099137752
5-13C,6.0,177.0402,0.5425115339941022,0.5521221685788565
5-13C,6.0,177.0553,1.900452862262696,0.38885955480358486
5-13C,6.0,178.0509,-0.8916258446914176,0.028739733836669546
5-13C,6.0,179.0348,-0.6242011663677001,0.21664234595549856
5-13C,6.0,179.0561,1.1892372598767822,0.2641471850565408
5-13C,6.0,180.0663,1.2067649952463193,0.3295682064630879
5-13C,6.0,181.0505,-0.7298221011984969,0.15763510205284
5-13C,6.0,182.9725,1.1896102734281278,0.35293480638367536
5-13C,6.0,183.0661,1.1756059314163356,1.1575125969954954
5-13C,6.0,184.0017,0.09892908756843528,0.15559919464659092
5-13C,6.0,184.9856,-0.4495866832602562,0.04970221124671552
5-13C,6.0,186.1136,0.9124151753976979,0.9673445058930261
5-13C,6.0,187.0234,-0.38003322104735093,0.4031206757129622
5-13C,6.0,188.035,-0.15871927277179484,0.5996473887815036
5-13C,6.0,188.0565,-0.9452281263450458,0.012979135445243583
5-13C,6.0,189.0405,-0.6473703100209717,0.11119933964624153
5-13C,6.0,191.0197,-0.618717105251872,0.14364084251558082
5-13C,6.0,191.0561,-1.0543637371439543,0.039421343407835915
5-13C,6.0,192.0663,0.60711235184062,0.5359630770866795
5-13C,6.0,193.0349,0.34870911811907,0.13529634167085208
5-13C,6.0,194.0682,-0.9607010177331781,0.0651928237826739
5-13C,6.0,194.0822,0.6490796731589372,0.3536861482011483
5-13C,6.0,195.0509,-0.2073218873003444,0.15849641448404977
5-13C,6.0,195.0657,-0.53741323646305,0.39352178003027977
5-13C,6.0,196.0603,-1.0746681925622164,0.055350204261389695
5-13C,6.0,198.0182,-0.9378062809773586,0.3584034980379036
5-13C,6.0,199.0019,-0.8087561344127356,0.3294556436633837
5-13C,6.0,200.9937,0.7524572356644892,0.17841513230680184
5-13C,6.0,201.0051,-1.113871515865463,0.3399191531613134
5-13C,6.0,203.0348,0.39543997999880703,0.12577574745568898
5-13C,6.0,203.0826,-0.07359567648763439,0.00655925845982152
5-13C,6.0,204.0498,0.7500113256269008,0.6355764129240978
5-13C,6.0,205.0351,-0.8835064191423225,0.050418877053781105
5-13C,6.0,206.0822,1.7104948646817983,1.1075473810631649
5-13C,6.0,209.0292,-0.1176947023311988,0.16688481444351744
5-13C,6.0,209.0814,0.07132903839277967,0.1105808334399498
5-13C,6.0,211.0235,-0.5180796271718613,0.2379162724565158
5-13C,6.0,211.9968,-1.0626122958202944,0.015348420220253478
5-13C,6.0,212.0331,0.11525673829648418,0.4537174671763582
5-13C,6.0,212.9807,-0.5285990132148896,0.0692751222608792
5-13C,6.0,213.014,-0.8420942821880564,0.19226640329952382
5-13C,6.0,213.0384,-0.4381098283141649,0.23342241861785132
5-13C,6.0,213.1252,0.05430234989545826,0.8214018432740261
5-13C,6.0,214.0488,2.29847759927776,0.21234426910283524
5-13C,6.0,215.0331,1.0491755869124653,0.1932412692797621
5-13C,6.0,216.1351,0.2622649955182569,0.23207567811513413
5-13C,6.0,218.0335,0.9909383889721926,0.20208842863020846
5-13C,6.0,218.1034,-0.7952338260617082,0.03348956988656075
5-13C,6.0,220.0828,0.7265142419488462,0.5372690790608868
5-13C,6.0,221.0443,1.7255021413889622,0.31359225588294926
5-13C,6.0,221.0664,-0.11305627973456776,0.4349646978551865
5-13C,6.0,225.0399,-0.5375947909156142,0.5872192733534372
5-13C,6.0,225.0861,1.5609860694188553,1.01873227949719
5-13C,6.0,225.0901,0.28585048211663466,0.34027726212737974
5-13C,6.0,226.0135,-0.4805559407569475,0.47006073387643854
5-13C,6.0,226.0697,0.2893853017910637,0.4067656628018682
5-13C,6.0,228.0501,-0.28057645579391505,0.3310140328366224
5-13C,6.0,229.0122,-0.24803966098039193,0.20088674727262193
5-13C,6.0,237.0614,-1.02193930348699,0.06845204637115278
5-13C,6.0,238.0945,-0.4991969009724756,0.25351032091743725
5-13C,6.0,240.0515,-1.1076687433176458,0.024146125909073533
5-13C,6.0,241.0844,0.36429383565350654,0.7987827780890767
5-13C,6.0,242.0804,-0.25908715629273465,1.0602092259962423
5-13C,6.0,243.029,-0.15442924947191722,0.1352952250948297
5-13C,6.0,243.0625,-1.1662365927095149,0.3386310388302805
5-13C,6.0,245.0444,-1.039420238346242,0.3325899852276557
5-13C,6.0,246.0198,-0.019486010640390187,0.3322164171175294
5-13C,6.0,246.064,0.8291527030026917,0.27713007204216406
5-13C,6.0,251.0816,0.4118710396100176,1.219513077799104
5-13C,6.0,253.0119,-0.35111450438596825,0.011396055029859532
5-13C,6.0,253.0499,0.5097066115241077,1.414252939447613
5-13C,6.0,257.0072,-0.5935122185395716,0.5864741512282788
5-13C,6.0,257.1028,0.22412047759830958,0.4552775534260893
5-13C,6.0,259.005,-0.1549666810444234,0.6730509451266804
5-13C,6.0,259.0227,0.8336490528297356,0.20735252285779152
5-13C,6.0,261.0385,0.2528133530544679,0.23722924247171456
5-13C,6.0,266.0703,-0.6363778492740808,0.12153541857122606
5-13C,6.0,267.0724,-0.5575600838525978,0.059274735768383095
5-13C,6.0,268.02,-0.9287546392185717,0.20126059811827304
5-13C,6.0,269.0398,-0.6213100120752222,0.17464766535846019
5-13C,6.0,271.0612,-0.269093991303483,0.6235315620532018
5-13C,6.0,271.0815,0.14076453102730088,0.7442696397601389
5-13C,6.0,273.0021,-0.6868621401734148,0.08733452116430541
5-13C,6.0,274.0933,-0.9208287465482161,0.09324408328112017
5-13C,6.0,275.0184,-0.11942567824043787,0.6865495049989557
5-13C,6.0,275.0991,-0.5863784302413623,0.18490478869541635
5-13C,6.0,277.1207,0.6976728233528886,0.1472881850918655
5-13C,6.0,277.2169,0.47300695819173744,0.4475786067803862
5-13C,6.0,279.2331,-0.2549241685341773,0.03209590132518924
5-13C,6.0,282.0839,0.12801278519096726,0.17667043514426076
5-13C,6.0,283.2063,0.2982255857165303,0.2682244928655899
5-13C,6.0,285.0972,0.5843335217850979,0.9067600678398205
5-13C,6.0,287.0157,1.8157729928339832,0.5299546280779887
5-13C,6.0,288.0725,-0.698075347928871,0.05701076400773055
5-13C,6.0,289.0333,-0.023324954212151465,0.5593465218794934
5-13C,6.0,289.1044,-1.248049313765558,0.26688543705589635
5-13C,6.0,290.9677,-0.4530387952771766,0.05372270902774745
5-13C,6.0,294.0479,1.411819307836013,1.0898376868002044
5-13C,6.0,300.0509,0.18245147763995412,0.786138794349579
5-13C,6.0,301.0333,0.2628440610069238,0.6435477651769919
5-13C,6.0,303.2326,0.49079587422400117,0.5796299822380233
5-13C,6.0,305.0207,1.8263429178845803,0.18444411869510757
5-13C,6.0,306.0481,-1.122253501470206,0.09465352873152068
5-13C,6.0,306.0765,-0.2592543824299747,0.04996438171091719
5-13C,6.0,308.0986,-0.24315196790016916,0.05015108982117723
5-13C,6.0,313.0441,-0.7563901901311326,0.19947564085404068
5-13C,6.0,313.1037,-0.5707826253984778,0.5513554841499567
5-13C,6.0,317.026,-0.447979587356511,0.5169605051896901
5-13C,6.0,323.0256,-0.05143034195976595,0.43718035754739387
5-13C,6.0,325.1163,-0.1502375744044327,0.49807020094306986
5-13C,6.0,328.0457,-1.0603748471925554,0.08326815617232423
5-13C,6.0,333.0589,-1.0832406852511307,0.31594715531672213
5-13C,6.0,338.9884,-0.45645505156349653,0.4758031185060341
5-13C,6.0,339.0928,-0.8319130620162554,0.5665628797984696
5-13C,6.0,341.1089,0.36840773200243104,0.13796708651192816
5-13C,6.0,344.0393,-0.6403528943472367,0.26085409648965424
5-13C,6.0,346.0556,0.10045121256231924,0.31084036533652337
5-13C,6.0,348.087,-1.0343748021866548,0.08045492878545253
5-13C,6.0,353.0489,-0.2150095629704893,0.49209175310726105
5-13C,6.0,357.089,-0.6617331875944457,0.2302561958955615
5-13C,6.0,375.131,-0.9366685408965529,0.22577141169817017
5-13C,6.0,377.1496,-0.36056962215146937,0.39674287134684955
5-13C,6.0,383.1188,0.9443492390853263,1.1915148835236389
5-13C,6.0,388.9416,0.04278643571164606,0.42004215074237206
5-13C,6.0,388.9442,-0.4042487760261988,0.22597895825213452
5-13C,6.0,401.0756,1.4610047450723613,0.1963218046337996
5-13C,6.0,407.2795,-0.028801568207812434,0.24701775542788745
5-13C,6.0,421.0743,-0.02428259951904515,0.5412679279277423
5-13C,6.0,426.0222,0.7859415763006113,0.34104447774085406
5-13C,6.0,442.9997,0.23184976008756789,0.3361907608164634
5-13C,6.0,466.9657,2.1367491904689384,0.1989100926624847
5-13C,6.0,490.9787,1.2069177176909471,1.347291194130649
5-13C,6.0,503.1614,0.8645622024015136,0.13130259536994138
5-13C,6.0,547.0731,-1.0592397577827644,0.07553860347278112
5-13C,6.0,565.0471,-0.4684901980589128,0.3226271841529561
5-13C,6.0,578.8872,1.2453975172584448,0.12342554529120366
5-13C,6.0,579.0269,1.031620819480135,0.2635974126125133
5-13C,6.0,612.2549,-1.145499805524431,0.1415348503709698
5-13C,6.0,624.2949,-0.3035940701715719,0.16751845739150908
5-13C,6.0,659.307,0.26930616451103173,0.13375809295517418
5-13C,6.0,664.0939,-0.5409881981624937,0.13857050357295808
5-13C,6.0,665.2144,0.1693669821857261,0.5714476655825297
5-13C,6.0,668.1374,-0.61000829681081,0.0010356673166762712
5-13C,6.0,787.255,0.5681976967940444,0.39359963501975276
5-13C,6.0,790.2568,0.3730441627222446,0.2645316548201317
5-13C,6.0,835.0407,-0.6202146276507623,0.3807288418421526
5-13C,6.0,863.2971,-0.6490792805656305,0.08444516547833408
5-13C,6.0,864.1473,-0.2301336893537274,0.45289797378646746
5-13C,6.0,974.2935,-0.5183040866967618,0.1798047117081705
5-13C,6.0,976.7162,0.8435668938575631,0.16608408542620043
5-13C,7.0,57.0342,0.4793369825753181,0.30999897853651504
5-13C,7.0,58.0295,-1.076746893632702,0.12203963683515874
5-13C,7.0,59.0135,1.1906718354060692,0.04667855860268585
5-13C,7.0,71.0137,1.2069520261935165,0.058272733916473814
5-13C,7.0,73.0293,-0.8754690346922581,0.029023419598211694
5-13C,7.0,74.0247,-0.6052531187521843,0.18716471858656064
5-13C,7.0,75.0087,-0.7793481489898393,0.214614093768759
5-13C,7.0,87.0088,-0.6154782667181559,0.02138273772483624
5-13C,7.0,87.0451,0.22122003403439303,0.1988837657689505
5-13C,7.0,88.0403,-0.8726169499084349,0.04906284060674601
5-13C,7.0,88.9883,-1.0609941194104335,0.3613142721831968
5-13C,7.0,89.0244,-0.4438715377745769,0.11652092523588249
5-13C,7.0,93.0338,-0.060228915749751255,0.005021192847909514
5-13C,7.0,94.9761,-0.7215197867361343,0.3880717974175278
5-13C,7.0,94.9806,0.9700779316009099,0.2787638173353068
5-13C,7.0,95.0139,0.9285364486474335,0.2071465671986903
5-13C,7.0,101.0242,0.5698703432810028,0.0971145973058197
5-13C,7.0,102.056,-0.20934038351979273,0.023732848678416813
5-13C,7.0,103.0402,-0.8587686850086264,0.05660341281248085
5-13C,7.0,103.0509,-0.771951289402314,0.13736369478990273
5-13C,7.0,104.0352,0.17100001500667444,0.16477572416490127
5-13C,7.0,105.0193,-0.2807352115539301,0.5697613744339922
5-13C,7.0,107.0503,0.41425299008964356,0.6001150777074645
5-13C,7.0,109.0295,-0.13226208465217346,0.24252543302057009
5-13C,7.0,111.02,-1.0030825822797627,0.020246302650143162
5-13C,7.0,112.0516,-0.00281372944135597,0.5139034147127104
5-13C,7.0,113.0244,0.9336735493811702,0.06109423210624808
5-13C,7.0,113.0357,-1.0002578387714722,0.02249837498618105
5-13C,7.0,114.056,-0.24216619515354457,0.00105979972582208
5-13C,7.0,115.0037,-0.6471112152626792,0.04331473628351505
5-13C,7.0,115.0402,-0.6234227053572335,0.6195515806649586
5-13C,7.0,115.0764,0.0670865028656006,0.5845895966934318
5-13C,7.0,116.0354,-0.4128596976341006,0.1233925633470558
5-13C,7.0,116.0717,-0.6896615845778904,0.034151600602260426
5-13C,7.0,117.0194,-0.8518130120462426,0.02739083676445316
5-13C,7.0,118.0508,-1.0983222390464553,0.06795272794714693
5-13C,7.0,118.9804,0.9217199885268537,0.18929620236361655
5-13C,7.0,119.0503,2.0666564746878486,0.22179054270864232
5-13C,7.0,120.9273,-0.5823529061791634,0.053342102878492094
5-13C,7.0,121.0295,-0.4825190497534685,0.32010399051298516
5-13C,7.0,121.0409,-0.3444271253455653,0.5190487937217594
5-13C,7.0,122.0248,0.07146524944034058,0.32590783170353904
5-13C,7.0,124.0075,0.700713482439318,0.07661236990346156
5-13C,7.0,124.0144,1.001960456558584,0.06559554478607067
5-13C,7.0,125.0439,0.18216951280022955,0.2273060152682646
5-13C,7.0,127.0764,0.9658156536590057,0.6396634282560596
5-13C,7.0,128.0354,-0.23785709729187243,0.007382704187495474
5-13C,7.0,129.0193,-1.0249740707323598,0.052916618597591156
5-13C,7.0,129.0556,0.382446502864619,0.7102026867764926
5-13C,7.0,130.0142,-0.8708130031430747,0.3228417217754429
5-13C,7.0,130.0509,-0.9875978755641193,0.023513902737126658
5-13C,7.0,130.0874,-0.8107432617903778,0.05670674488858428
5-13C,7.0,131.0008,-0.6880484603086807,1.1295334186526371
5-13C,7.0,131.0123,-0.6034050580352892,0.06494274370195018
5-13C,7.0,131.035,0.03399858599835137,0.1368717412220977
5-13C,7.0,131.0462,0.08605703848338747,0.16533091236189162
5-13C,7.0,131.0828,-0.04561852721662453,0.08257683570767062
5-13C,7.0,132.0302,-1.0757234204346275,0.01251098915848794
5-13C,7.0,133.0142,0.2069748436572831,0.15126399181823214
5-13C,7.0,133.0257,0.19567799530241198,0.19370993087078275
5-13C,7.0,133.0505,-1.126795712556547,0.029400507733912812
5-13C,7.0,134.0472,-0.5881148328457098,0.22359990381912556
5-13C,7.0,134.0604,-1.2049481439116976,0.23551035065840892
5-13C,7.0,135.0302,-0.40768411568534535,0.08931100381800972
5-13C,7.0,135.0453,1.1514641989035845,0.24388787994248456
5-13C,7.0,136.0404,-0.40315483838664434,0.05845681626523002
5-13C,7.0,136.0487,0.8741988440144877,0.10394560979385245
5-13C,7.0,136.0767,-0.26266482715894857,0.6438297001810014
5-13C,7.0,137.0239,-0.023696818749843876,0.29778558148283263
5-13C,7.0,138.9789,-0.576394073299263,0.10478897535617408
5-13C,7.0,139.0014,-0.1514359882964766,0.027028697010845846
5-13C,7.0,139.0067,-0.6186863000111785,0.04729029386355318
5-13C,7.0,139.976,-0.01634009259849356,0.45892206661941076
5-13C,7.0,143.0713,0.5606516771019704,0.2728477230355277
5-13C,7.0,143.1077,-0.15375466543664457,0.2444213791811797
5-13C,7.0,145.0141,-0.20250864516375217,0.09532142007864433
5-13C,7.0,145.0506,-0.46224660288317804,0.10456947634883476
5-13C,7.0,145.0623,0.3433409063199434,0.3607873460416832
5-13C,7.0,145.0982,-0.110051669361449,0.19685208339511254
5-13C,7.0,145.1106,0.32187460409023555,0.4670052158216338
5-13C,7.0,146.0459,-0.030144078777438535,0.0179228395498092
5-13C,7.0,147.0298,-0.7802530268753929,0.06165284448508189
5-13C,7.0,147.0662,-1.1281639982551759,0.03607634192925215
5-13C,7.0,149.0092,0.7143440873284324,0.3134483259689976
5-13C,7.0,149.0456,0.3184794828153964,0.22753947445250286
5-13C,7.0,149.0608,0.6496157108797475,0.5091828100339723
5-13C,7.0,150.0422,-0.376111240421955,0.5605495395701302
5-13C,7.0,150.9707,0.13194285439708198,0.7233053784005695
5-13C,7.0,151.0259,-0.4900690396604181,0.0669257536915893
5-13C,7.0,151.04,0.14279030943776766,0.18276240019459278
5-13C,7.0,151.06,-0.0867270433983611,0.36501859799095826
5-13C,7.0,152.0353,0.40787260969345646,0.2948711946066749
5-13C,7.0,152.0716,0.18269359037562213,0.31365499149003634
5-13C,7.0,153.0192,0.9485978897153051,0.10132202498512337
5-13C,7.0,154.062,0.13799620741005134,0.1131138820876642
5-13C,7.0,154.9751,-0.8746646543223165,0.03621986307653471
5-13C,7.0,155.0099,-0.9585349833052357,0.018007216613804028
5-13C,7.0,157.0128,-0.9351703460674963,0.0681502980393112
5-13C,7.0,157.0255,-1.159762077101563,0.023992552231276207
5-13C,7.0,157.0379,-1.1364191037491431,0.03411051814297472
5-13C,7.0,157.0504,-1.0526616330214131,0.06040932828618843
5-13C,7.0,159.0297,-0.8162392046806809,0.18469007718315805
5-13C,7.0,159.0775,-0.8649170299568508,0.032327146788925246
5-13C,7.0,160.0616,-0.7699330695265443,0.23329542756562166
5-13C,7.0,161.0453,-0.35580035298271906,0.07736322372426388
5-13C,7.0,162.0424,-1.3227495419853303,0.0506962369418068
5-13C,7.0,163.0351,-0.8438144173898132,0.13108923551353036
5-13C,7.0,163.0398,0.34821326677991205,0.07446468694585107
5-13C,7.0,163.0611,0.13534544234653484,1.0806070735868365
5-13C,7.0,164.0716,-0.2903393505921605,0.08701872372489354
5-13C,7.0,165.03,1.0559317590214767,0.319484878426551
5-13C,7.0,165.0405,1.433324450043762,0.34495583399890817
5-13C,7.0,165.0556,-0.5779440568157415,0.06833067141411697
5-13C,7.0,166.0508,-1.0885263176221913,0.19018982953534383
5-13C,7.0,166.0632,-1.520179444167351,0.5335506569235284
5-13C,7.0,166.9759,-0.3751796872670367,0.30801365218592996
5-13C,7.0,167.0207,0.1804521701492239,0.22034097041025363
5-13C,7.0,167.0358,0.13496345704656235,0.30623506911364634
5-13C,7.0,167.0828,0.6577385378033465,0.34552637530069846
5-13C,7.0,168.0277,0.11950309841645537,0.024270610348707162
5-13C,7.0,168.0664,-0.11353423138470571,0.7411697998814962
5-13C,7.0,170.0455,-0.7184525402792599,0.02869082658577534
5-13C,7.0,171.0065,-0.7323144067330756,0.16271621075301618
5-13C,7.0,171.0092,-0.5468040140097601,0.20702551339248718
5-13C,7.0,171.0284,-0.7564436632839422,0.026495310910506525
5-13C,7.0,172.0616,-0.9097977174382149,0.11986895294083846
5-13C,7.0,172.962,-0.610998452605777,0.041766901195640284
5-13C,7.0,173.0089,-0.8917851329332558,0.09395544963320558
5-13C,7.0,173.0453,-0.9915332652202682,0.08986586437622958
5-13C,7.0,173.0932,-0.7248661973087778,0.051568254951654
5-13C,7.0,173.1041,-0.1702719562406143,0.17061802781056667
5-13C,7.0,174.0407,-0.9129624796737803,0.01978890499174727
5-13C,7.0,174.088,-0.5147576410343971,0.20054612330837673
5-13C,7.0,175.022,-0.6455307791143972,0.035439137606769304
5-13C,7.0,175.0361,-1.1054844299364217,0.020227301947183734
5-13C,7.0,175.0611,-1.0153327120847773,0.03406524364256379
5-13C,7.0,176.0776,-0.969916671618198,0.16369140362508086
5-13C,7.0,177.0402,-0.7857251697029612,0.13850666915356843
5-13C,7.0,177.0553,2.1589662920230293,0.4416558793322118
5-13C,7.0,178.0509,-0.8164702941002648,0.04064929925810903
5-13C,7.0,179.0348,-0.9900071653997463,0.07838799656120407
5-13C,7.0,179.0561,0.5674103092790128,0.10248024616768338
5-13C,7.0,180.0663,0.6355120858532839,0.1869768690317647
5-13C,7.0,181.0505,-1.2628909731489064,0.09108168189272445
5-13C,7.0,182.9725,0.9298334740632247,0.36063516583797955
5-13C,7.0,183.0661,0.07083005295699171,0.1823517299689186
5-13C,7.0,184.0017,0.4066093074301347,0.15250410382241217
5-13C,7.0,184.9856,-0.5585587506382327,0.03879445929199926
5-13C,7.0,186.1136,0.6854024635092868,1.1813741344335118
5-13C,7.0,187.0234,-0.5476146860397479,0.5036137222011939
5-13C,7.0,188.035,-0.49906318156159285,1.2680102184107875
5-13C,7.0,188.0565,-0.7817112072084665,0.015564272914483004
5-13C,7.0,189.0405,-0.7571265577316817,0.08837982504370064
5-13C,7.0,191.0197,-0.13548568706063602,0.2938956726280952
5-13C,7.0,191.0561,-0.8012546806547997,0.060728713332135184
5-13C,7.0,192.0663,0.2374000050888339,0.3505275262546366
5-13C,7.0,193.0349,0.6955326603677109,0.5401174201491159
5-13C,7.0,194.0682,-1.0193409514994847,0.1590640089694969
5-13C,7.0,194.0822,0.4324821036439963,0.9585258555634802
5-13C,7.0,195.0509,0.5050881945306196,0.13751261287124758
5-13C,7.0,195.0657,-0.31939280056650815,0.2481748728537486
5-13C,7.0,196.0603,-1.0013286727851463,0.10404328400968745
5-13C,7.0,198.0182,-0.9613917544965022,0.1904125644612475
5-13C,7.0,199.0019,-0.5978129016746352,0.24491077381212148
5-13C,7.0,200.9937,0.2862927847832814,0.5205323705882251
5-13C,7.0,201.0051,-0.3097680191025812,0.6395273038913245
5-13C,7.0,203.0348,-0.22434462395672383,0.17247699437911987
5-13C,7.0,203.0826,-0.07536072897814579,0.009181807030290066
5-13C,7.0,204.0498,0.2369853005344018,0.15132361823461932
5-13C,7.0,205.0351,-0.4756099804838745,0.29555112325669736
5-13C,7.0,206.0822,-0.05183624308030525,0.07286875804400103
5-13C,7.0,209.0292,-0.2887928766181073,0.5924146060737586
5-13C,7.0,209.0814,0.2879274475189435,0.23489029508130949
5-13C,7.0,211.0235,-0.251037309527501,0.19759957428625097
5-13C,7.0,211.9968,-0.9761339818940331,0.04805353864298581
5-13C,7.0,212.0331,-0.4606090238464795,0.46702396552245123
5-13C,7.0,212.9807,-0.592853038339257,0.1446156842144142
5-13C,7.0,213.014,-0.7255609604256625,0.11806288053058372
5-13C,7.0,213.0384,-0.4697556849743652,0.1922457038007817
5-13C,7.0,213.1252,0.8690388563616471,0.5712299399771065
5-13C,7.0,214.0488,0.7132561451193449,0.22341027499647606
5-13C,7.0,215.0331,0.9383703787537705,0.1263563088239014
5-13C,7.0,216.1351,0.12945984820892747,0.17055206687853103
5-13C,7.0,218.0335,0.9501208863669528,0.08978137176784029
5-13C,7.0,218.1034,-0.5870592810892864,0.04445328526686734
5-13C,7.0,220.0828,0.60236797089814,0.6099903802550849
5-13C,7.0,221.0443,1.1692038742573216,0.09734588848440515
5-13C,7.0,221.0664,-0.5527634195218207,0.21365135542228725
5-13C,7.0,225.0399,-0.004838956557564229,0.48582887122575097
5-13C,7.0,225.0861,-0.0627570454427288,0.42684826039145984
5-13C,7.0,225.0901,0.513226992332799,0.28905146855057834
5-13C,7.0,226.0135,-0.6477059404286761,0.11120568764888467
5-13C,7.0,226.0697,0.05937186460762921,0.36597544764375417
5-13C,7.0,228.0501,-0.5250845499774253,0.22241411144836382
5-13C,7.0,229.0122,-0.12282419546837497,0.2645750782645486
5-13C,7.0,237.0614,-0.9315056696340756,0.14177875424075947
5-13C,7.0,238.0945,-0.15794795257446245,0.4421318306601037
5-13C,7.0,240.0515,-0.8936499994997837,0.011161902744139541
5-13C,7.0,241.0844,0.2740838277676854,1.0734559428717185
5-13C,7.0,242.0804,0.23960957163076216,0.663749652076859
5-13C,7.0,243.029,-0.5298949264291735,0.10201669902465164
5-13C,7.0,243.0625,-1.2373581637936064,0.15258532920326795
5-13C,7.0,245.0444,-0.9755150531177614,0.21890092116039617
5-13C,7.0,246.0198,-0.5038026001085988,0.46396307454896557
5-13C,7.0,246.064,1.1948520366927529,0.7642534584420851
5-13C,7.0,251.0816,0.06366794308915666,0.7846642948644352
5-13C,7.0,253.0119,-0.33086590046346653,0.012182823115619728
5-13C,7.0,253.0499,0.5182692239879978,0.8173535400581488
5-13C,7.0,257.0072,-0.8910443056819344,0.34413683083866076
5-13C,7.0,257.1028,0.4589725508046487,0.5727990814871177
5-13C,7.0,259.005,0.09200148515118736,0.4027539596170576
5-13C,7.0,259.0227,0.17128613734542092,0.06290171716056697
5-13C,7.0,261.0385,0.14679867834243054,0.2824190855695091
5-13C,7.0,266.0703,-0.5250786985508851,0.24140624505538208
5-13C,7.0,267.0724,-0.365050204530137,0.06915604369729586
5-13C,7.0,268.02,-0.3607691776176417,0.543750029869667
5-13C,7.0,269.0398,-0.7378972077759924,0.11736589280214489
5-13C,7.0,271.0612,-0.4653584057180277,0.5598434051905126
5-13C,7.0,271.0815,-0.16545657764392024,1.075631932241084
5-13C,7.0,273.0021,-0.8090193414747766,0.09504600876790165
5-13C,7.0,274.0933,-0.6831899903663402,0.2111559697781214
5-13C,7.0,275.0184,-0.007220786135899854,0.6229691570717252
5-13C,7.0,275.0991,-0.42833134051757404,0.3260162924466286
5-13C,7.0,277.1207,0.6723799727896993,0.16599101722678097
5-13C,7.0,277.2169,0.4375687576077417,0.5720253822419326
5-13C,7.0,279.2331,0.15856034568063204,0.04276771424171849
5-13C,7.0,282.0839,-0.09893772351979775,0.14408339950816282
5-13C,7.0,283.2063,0.5984365023740779,0.1840644103520912
5-13C,7.0,285.0972,-0.19207371436320164,0.6351949387771818
5-13C,7.0,287.0157,1.5148503634342227,0.26186840568391123
5-13C,7.0,288.0725,-0.6143605969892951,0.08310738284336167
5-13C,7.0,289.0333,0.9406860163593275,0.14836642059358995
5-13C,7.0,289.1044,-1.1415338356461655,0.11220525564150724
5-13C,7.0,290.9677,-0.34753696275215995,0.024403908464889927
5-13C,7.0,294.0479,0.21145245777726146,0.605136518547466
5-13C,7.0,300.0509,-0.2600986776628077,0.7206095424200206
5-13C,7.0,301.0333,0.48471431776630614,0.3621227412759815
5-13C,7.0,303.2326,-0.19793310131903166,0.30570040201146204
5-13C,7.0,305.0207,1.1572672113948883,0.16795990910265254
5-13C,7.0,306.0481,-0.8538311893602156,0.10160388331419722
5-13C,7.0,306.0765,-0.25981926548381185,0.020502063214204322
5-13C,7.0,308.0986,-0.12879525631107297,0.02729594529082885
5-13C,7.0,313.0441,-0.2718668712918466,0.46757066472150816
5-13C,7.0,313.1037,-1.1541980736092063,0.10227799308987988
5-13C,7.0,317.026,-0.1780272066286057,0.13928816966291654
5-13C,7.0,323.0256,-0.7429206142608229,0.25790462145555865
5-13C,7.0,325.1163,-0.1646168862201372,0.6747979352410207
5-13C,7.0,328.0457,-0.846191586347321,0.07369871434942313
5-13C,7.0,333.0589,-1.279554515306443,0.32776456285941546
5-13C,7.0,338.9884,-0.471805206166533,0.23183256179004957
5-13C,7.0,339.0928,-0.20940834864048208,0.25162405716633707
5-13C,7.0,341.1089,0.2683465927227946,0.250667490469394
5-13C,7.0,344.0393,-0.7309964435190741,0.09367855917445203
5-13C,7.0,346.0556,0.5881869815476632,0.11394167869992544
5-13C,7.0,348.087,-0.9123294226991303,0.04944343005393594
5-13C,7.0,353.0489,0.2884041609917273,0.17687075413286268
5-13C,7.0,357.089,-0.3749635618424292,0.19984523328437936
5-13C,7.0,375.131,-0.47921875785180856,0.23531609988068455
5-13C,7.0,377.1496,0.005655116788760642,0.39326376950789227
5-13C,7.0,383.1188,1.0567207754582006,0.7620246166526499
5-13C,7.0,388.9416,-0.10871297661353344,0.27316167652848566
5-13C,7.0,388.9442,-0.34230566655334216,0.22362026637722585
5-13C,7.0,401.0756,1.2165437467598976,0.1862924922737685
5-13C,7.0,407.2795,0.7651700921390738,0.33084298041230353
5-13C,7.0,421.0743,0.5490474451931819,0.7200916574678851
5-13C,7.0,426.0222,-0.38880765200056044,0.3779335188039998
5-13C,7.0,442.9997,0.1652976951584636,0.13842309731862926
5-13C,7.0,466.9657,0.4603243329998514,0.2769557408237954
5-13C,7.0,490.9787,0.8360958153685053,1.6991293940717906
5-13C,7.0,503.1614,0.9907720403015552,0.5328510844058431
5-13C,7.0,547.0731,-0.9098193478252321,0.13144717185661012
5-13C,7.0,565.0471,-0.20477222542575638,0.15881748439619067
5-13C,7.0,578.8872,1.0177188440338298,0.27245699058866946
5-13C,7.0,579.0269,1.398611196834968,0.14169844886758726
5-13C,7.0,612.2549,-0.7978766686835286,0.20857480173588053
5-13C,7.0,624.2949,-0.4312042403178654,0.47502896870956074
5-13C,7.0,659.307,-0.24442744023811652,0.37716404477378207
5-13C,7.0,664.0939,-0.46364279292797295,0.30754329893258914
5-13C,7.0,665.2144,0.08703714579452673,0.6404584033386542
5-13C,7.0,668.1374,-0.5897650802795059,0.008783934977844484
5-13C,7.0,787.255,-0.5973450244937486,0.07295212404701881
5-13C,7.0,790.2568,-0.1849664212656823,0.2882999512610201
5-13C,7.0,835.0407,-0.686590209213209,0.30453486678530517
5-13C,7.0,863.2971,-0.7865412469743294,0.0594435028198381
5-13C,7.0,864.1473,-1.4117090047767884,0.1424294226397961
5-13C,7.0,974.2935,-0.7108816669503062,0.2134825022966867
5-13C,7.0,976.7162,0.40138732460050286,0.19437229769741277
5-13C,8.0,57.0342,1.8978217323385946,0.1708320935842305
5-13C,8.0,58.0295,-0.9202074540025884,0.3002065227397267
5-13C,8.0,59.0135,2.484853980557585,0.1308918570669352
5-13C,8.0,71.0137,1.926562471011203,0.12936945444962453
5-13C,8.0,73.0293,-0.8445954755971449,0.05289951890694954
5-13C,8.0,74.0247,-1.0890418438860847,0.34286850205421837
5-13C,8.0,75.0087,-0.32571151909986307,0.23278346122367016
5-13C,8.0,87.0088,-0.6227448062164573,0.03319285365278808
5-13C,8.0,87.0451,1.2211142850247443,0.39444621967592247
5-13C,8.0,88.0403,-0.8508218772365282,0.023144296487118354
5-13C,8.0,88.9883,-0.29057518072733757,0.23907060374139485
5-13C,8.0,89.0244,-0.13760517177698367,0.1550169378940393
5-13C,8.0,93.0338,-0.06054281552826814,0.007048634495823421
5-13C,8.0,94.9761,-1.0046486138628947,0.24301669610805066
5-13C,8.0,94.9806,2.1957247538125824,0.24748321895032807
5-13C,8.0,95.0139,1.7296572436259874,0.17604381109796868
5-13C,8.0,101.0242,1.4083635175929872,0.12587424420479287
5-13C,8.0,102.056,0.05000956336838326,0.08470977500425962
5-13C,8.0,103.0402,-0.7587621152467549,0.05518207449849986
5-13C,8.0,103.0509,-0.7350617795001566,0.06632422087106705
5-13C,8.0,104.0352,-0.662627061004653,0.046255363386680126
5-13C,8.0,105.0193,-0.4319502897483619,0.2142760390553734
5-13C,8.0,107.0503,2.156844320522424,0.27382455064856814
5-13C,8.0,109.0295,0.7578089019138047,0.06974626868614239
5-13C,8.0,111.02,-0.9547032085418825,0.03168012487500093
5-13C,8.0,112.0516,0.27926487577075526,0.6786472626973753
5-13C,8.0,113.0244,1.6756542520215905,0.08353361271219069
5-13C,8.0,113.0357,-0.8139364201095141,0.03364116433216301
5-13C,8.0,114.056,-0.2464342112493288,0.0017564812197926832
5-13C,8.0,115.0037,-0.578933826078245,0.08869922176589687
5-13C,8.0,115.0402,0.2710246839746573,0.20917059949543423
5-13C,8.0,115.0764,1.3359962508318848,0.48703095096519355
5-13C,8.0,116.0354,-0.2687083507854664,0.22738608941676722
5-13C,8.0,116.0717,-0.7296312159078213,0.028619403425908487
5-13C,8.0,117.0194,-0.8500560881424127,0.035934944572788126
5-13C,8.0,118.0508,-1.0751641870224349,0.257167770191202
5-13C,8.0,118.9804,1.6829206430070567,0.11452725895620366
5-13C,8.0,119.0503,3.9389967613302312,0.3648428740600192
5-13C,8.0,120.9273,-0.5673370152874638,0.022302662183089947
5-13C,8.0,121.0295,0.9525269720550599,0.48523407985728784
5-13C,8.0,121.0409,0.1806921676725944,0.5113828239431352
5-13C,8.0,122.0248,0.3731940812707538,0.14746539540830247
5-13C,8.0,124.0075,0.05717027752566575,0.2603117531462756
5-13C,8.0,124.0144,1.4966066143181571,0.42313486507389314
5-13C,8.0,125.0439,0.5959745136275649,0.21823937332210874
5-13C,8.0,127.0764,1.3210831317658478,0.42940535119852197
5-13C,8.0,128.0354,-0.3182230849834877,0.012637072701968526
5-13C,8.0,129.0193,-0.817306075229119,0.08144080241284894
5-13C,8.0,129.0556,0.9123318407935247,0.5074424752178561
5-13C,8.0,130.0142,-0.7776968631988819,0.13212443606695293
5-13C,8.0,130.0509,-0.9953319646255294,0.024319005762058383
5-13C,8.0,130.0874,-1.0410201109354897,0.054046421484812916
5-13C,8.0,131.0008,-0.7129332009637535,0.28680111402673797
5-13C,8.0,131.0123,-0.5767234943765938,0.0598549292775362
5-13C,8.0,131.035,0.3175286558771694,0.14352121034568902
5-13C,8.0,131.0462,0.17542603527254494,0.20572149412277638
5-13C,8.0,131.0828,-0.8298226535059282,0.028926610841999607
5-13C,8.0,132.0302,-1.0982955731954276,0.019688602850061097
5-13C,8.0,133.0142,0.24307864460907047,0.11074136822275943
5-13C,8.0,133.0257,0.1124582830420621,0.14956125540985463
5-13C,8.0,133.0505,-1.084850177598915,0.03231461377053865
5-13C,8.0,134.0472,-0.6174273485449573,0.31967028768863487
5-13C,8.0,134.0604,-0.9834634684747452,0.24539873033100876
5-13C,8.0,135.0302,-0.8029049843372303,0.14648621986560356
5-13C,8.0,135.0453,2.178736924041021,0.41818440548174
5-13C,8.0,136.0404,-0.3770527987676622,0.0903360387941594
5-13C,8.0,136.0487,1.5736577573933745,0.7099280599379537
5-13C,8.0,136.0767,1.0216265550643813,0.33167862193218817
5-13C,8.0,137.0239,-0.18468146617053524,0.11954727016931321
5-13C,8.0,138.9789,1.0228966728674949,0.4073232234844466
5-13C,8.0,139.0014,-0.26777449626483385,0.04139770658211505
5-13C,8.0,139.0067,-0.525546775238575,0.015443791735644644
5-13C,8.0,139.976,1.2440208547253961,0.7085459902040602
5-13C,8.0,143.0713,0.7812734424460254,0.2920924497111126
5-13C,8.0,143.1077,0.6098768582701857,0.6965565302773622
5-13C,8.0,145.0141,-0.2799879224025348,0.0886031520637778
5-13C,8.0,145.0506,-0.5298096249872426,0.03841288811919633
5-13C,8.0,145.0623,-0.8205022423665844,0.45632528109818266
5-13C,8.0,145.0982,-0.8481219533094676,0.12288102926803907
5-13C,8.0,145.1106,-0.32312627844134406,0.8420156032891478
5-13C,8.0,146.0459,0.09869247827016787,0.019368057862794257
5-13C,8.0,147.0298,-0.7328169722784521,0.07884127365958658
5-13C,8.0,147.0662,-1.0863237913132646,0.018068397581365102
5-13C,8.0,149.0092,1.681376879422402,0.34823351250564294
5-13C,8.0,149.0456,0.718193119068798,0.20690636758526143
5-13C,8.0,149.0608,1.920671231748455,0.639045895841693
5-13C,8.0,150.0422,-0.43319125188796387,0.7470657484853469
5-13C,8.0,150.9707,0.4508014696278295,1.0185776941176832
5-13C,8.0,151.0259,-0.6059412073643795,0.056639273546001144
5-13C,8.0,151.04,1.2159657902168073,0.6131248545164301
5-13C,8.0,151.06,0.41510685610443776,0.7660887375899013
5-13C,8.0,152.0353,1.0669311031114077,0.222616876332211
5-13C,8.0,152.0716,0.31830612493847993,0.3765177244577516
5-13C,8.0,153.0192,2.1256919681984856,0.0446767165164969
5-13C,8.0,154.062,-0.490938447359311,0.09413183362050807
5-13C,8.0,154.9751,-0.8957208881032137,0.03022698562043437
5-13C,8.0,155.0099,-0.9164939498766016,0.035065788631137344
5-13C,8.0,157.0128,-0.9206478499853932,0.04180045349570057
5-13C,8.0,157.0255,-1.1143336480182648,0.027630805606117793
5-13C,8.0,157.0379,-1.1349884625323439,0.02943987281883949
5-13C,8.0,157.0504,-1.0324762595473633,0.06562911283691614
5-13C,8.0,159.0297,-0.685000178287243,0.19608493974284044
5-13C,8.0,159.0775,-0.7720728840214821,0.05529851555641686
5-13C,8.0,160.0616,-0.7281780431011085,0.460684017523825
5-13C,8.0,161.0453,-0.0007928993227206381,0.16386443438961845
5-13C,8.0,162.0424,-1.1786371331046364,0.10511171753524226
5-13C,8.0,163.0351,-0.8292907587399003,0.10072844131538493
5-13C,8.0,163.0398,0.4686892546115685,0.11598081553342847
5-13C,8.0,163.0611,-0.0647309327381863,0.9420723241825892
5-13C,8.0,164.0716,-0.591475574656964,0.020181346499198827
5-13C,8.0,165.03,2.100471666395251,0.4088396252023489
5-13C,8.0,165.0405,1.4780711402682272,0.4023811839885717
5-13C,8.0,165.0556,-0.5246486853992729,0.26683255587570287
5-13C,8.0,166.0508,-0.3374297955473849,0.22398568269702618
5-13C,8.0,166.0632,-0.5481823058946521,0.6560544149571913
5-13C,8.0,166.9759,-0.3088251538846861,0.1431633582639354
5-13C,8.0,167.0207,0.07480037353942977,0.2367536510272714
5-13C,8.0,167.0358,1.3713359393715314,0.2890546495841747
5-13C,8.0,167.0828,0.29257833625255386,0.47522018372307095
5-13C,8.0,168.0277,0.2685619242048765,0.08460972948695443
5-13C,8.0,168.0664,0.45999525644035777,0.1737303839217984
5-13C,8.0,170.0455,-0.7478766712379727,0.02233999433853673
5-13C,8.0,171.0065,-0.8031168074468169,0.0740878397879314
5-13C,8.0,171.0092,-0.5019179125293822,0.11867190093751902
5-13C,8.0,171.0284,-0.7781055864735018,0.04468674018951038
5-13C,8.0,172.0616,-0.9552547500962993,0.19259925654104043
5-13C,8.0,172.962,-0.5689890252210572,0.04717933029918451
5-13C,8.0,173.0089,-0.9284012859877956,0.12317759988172143
5-13C,8.0,173.0453,-0.8920613779256195,0.2219300511613498
5-13C,8.0,173.0932,-0.8219014862935681,0.0047082457591327035
5-13C,8.0,173.1041,-1.1875743615919503,0.09178600509625358
5-13C,8.0,174.0407,-0.927966796164962,0.020218685947909314
5-13C,8.0,174.088,-0.8969162515414553,0.08223772618823916
5-13C,8.0,175.022,-0.6433768652993841,0.20187849521346354
5-13C,8.0,175.0361,-1.11212482907963,0.019966478908129415
5-13C,8.0,175.0611,-0.9860093055460275,0.036061182164246156
5-13C,8.0,176.0776,-0.8048771053260185,0.24906093933869305
5-13C,8.0,177.0402,-1.1328934357394158,0.4938231112723667
5-13C,8.0,177.0553,3.0090777629656644,0.340511866542374
5-13C,8.0,178.0509,-0.8026180111345682,0.04910233323394967
5-13C,8.0,179.0348,-0.6181836996659487,0.3409816020799873
5-13C,8.0,179.0561,1.2951868939711955,0.11914546402949212
5-13C,8.0,180.0663,1.3726737992048041,0.14249648309343552
5-13C,8.0,181.0505,-1.1787640108321593,0.14714914999990675
5-13C,8.0,182.9725,1.5912774806596925,0.12497811957304279
5-13C,8.0,183.0661,0.5735852038525173,0.6330547044697782
5-13C,8.0,184.0017,0.5920298828578624,0.10849912249000697
5-13C,8.0,184.9856,-0.21898189337325208,0.029597888001094984
5-13C,8.0,186.1136,1.5613049270191062,0.5680217811266266
5-13C,8.0,187.0234,-0.14486056517468712,0.4420250948241677
5-13C,8.0,188.035,0.29939443302780633,0.9309007912494128
5-13C,8.0,188.0565,-0.7338230269979391,0.01863474966254585
5-13C,8.0,189.0405,-0.7264846209460201,0.07378780990842886
5-13C,8.0,191.0197,0.034576580391131484,0.34680124856579553
5-13C,8.0,191.0561,-0.9525892949904204,0.08737165908307229
5-13C,8.0,192.0663,-0.49934884513306055,0.49346097945818346
5-13C,8.0,193.0349,0.5524353529925667,0.5481044242074351
5-13C,8.0,194.0682,-0.9061522421366138,0.19865261860636096
5-13C,8.0,194.0822,1.2668403467754938,0.3741569098385009
5-13C,8.0,195.0509,-0.23302025256370795,0.1345719493821361
5-13C,8.0,195.0657,-1.0909471190064188,1.0251279294520925
5-13C,8.0,196.0603,-0.9595990545554024,0.04963570780906195
5-13C,8.0,198.0182,-0.5351685544719806,0.089106232201268
5-13C,8.0,199.0019,-0.16511949225520134,0.16615859356155585
5-13C,8.0,200.9937,0.9487558920401786,0.4061610161025244
5-13C,8.0,201.0051,-0.22228682068175232,0.4013414579784356
5-13C,8.0,203.0348,0.2633918763884381,0.3650145799361031
5-13C,8.0,203.0826,-0.09052207729407699,0.006953413990150437
5-13C,8.0,204.0498,0.4129775755869493,0.31338508462139714
5-13C,8.0,205.0351,-0.26720008401813367,0.04197444096183367
5-13C,8.0,206.0822,0.9614019205007835,0.8915689372638999
5-13C,8.0,209.0292,0.04309635302276342,0.3356521540512189
5-13C,8.0,209.0814,-0.36397836119086274,0.3667780011740722
5-13C,8.0,211.0235,-0.2816658190781086,0.7161593361397464
5-13C,8.0,211.9968,-0.9891007417676362,0.037846579262375134
5-13C,8.0,212.0331,-0.33539831904989614,0.37755414241048746
5-13C,8.0,212.9807,-0.4443403508267598,0.077585464863293
5-13C,8.0,213.014,-0.602042991617573,0.16701242381581918
5-13C,8.0,213.0384,-0.7252666757863526,0.2965754748111148
5-13C,8.0,213.1252,-0.09594543614880052,0.5277486246062038
5-13C,8.0,214.0488,1.5041191087430303,0.6888331722546612
5-13C,8.0,215.0331,1.6234290628885957,0.17228485532180415
5-13C,8.0,216.1351,0.3466315504514782,0.14253595803378283
5-13C,8.0,218.0335,1.4067563348869028,0.10513725339359074
5-13C,8.0,218.1034,-0.5860004075136382,0.06160771830815489
5-13C,8.0,220.0828,0.09575086479222805,0.5775859108493616
5-13C,8.0,221.0443,2.2244880161601595,0.22394591182992485
5-13C,8.0,221.0664,0.539735176790283,0.3457139733472921
5-13C,8.0,225.0399,0.0792803857094963,1.0381035086928885
5-13C,8.0,225.0861,1.8367160323198792,0.5973348184426651
5-13C,8.0,225.0901,1.4103474834539742,0.5917323965329843
5-13C,8.0,226.0135,-0.23381786743414382,0.15345734934332833
5-13C,8.0,226.0697,0.46447980032115,0.39845883358465
5-13C,8.0,228.0501,-0.6635844368840578,0.4222731960433854
5-13C,8.0,229.0122,0.04986481803674765,0.22029470148546715
5-13C,8.0,237.0614,-1.0144448034439306,0.1568005118740137
5-13C,8.0,238.0945,-0.5942061867333528,0.4598383587212273
5-13C,8.0,240.0515,-0.7189283064965747,0.03727860967115853
5-13C,8.0,241.0844,-0.2381002665923071,1.122919607798123
5-13C,8.0,242.0804,-0.6550403414753665,0.49467187366634546
5-13C,8.0,243.029,0.24235788559510013,0.41656707036341684
5-13C,8.0,243.0625,-1.3328642735351008,0.32669518777345796
5-13C,8.0,245.0444,-0.6055896767693915,0.2796329390127399
5-13C,8.0,246.0198,0.210396978830695,0.46015422972461895
5-13C,8.0,246.064,1.6526344821105134,0.8036571365091789
5-13C,8.0,251.0816,0.09054267872667279,0.9047638199675456
5-13C,8.0,253.0119,-0.3378263580618265,0.00948033975983737
5-13C,8.0,253.0499,-0.01722338625374492,0.9616161920628876
5-13C,8.0,257.0072,-0.5834604588388161,0.44599281769489063
5-13C,8.0,257.1028,0.24133476568673234,0.3469022022956033
5-13C,8.0,259.005,0.3798688381053069,0.5215533990673807
5-13C,8.0,259.0227,0.8655976935663331,0.17553719355050512
5-13C,8.0,261.0385,0.5308043666675588,0.1313852922383302
5-13C,8.0,266.0703,-0.6856063197862634,0.14884638961888705
5-13C,8.0,267.0724,-0.467772039048856,0.181055203574263
5-13C,8.0,268.02,-1.1323720688490937,0.3746056146055598
5-13C,8.0,269.0398,-0.7986129772822108,0.19483113063901128
5-13C,8.0,271.0612,-0.5643854354834211,0.12793980885883904
5-13C,8.0,271.0815,0.1148258018222092,0.5406205490406618
5-13C,8.0,273.0021,-0.5692930027706957,0.1358083181054453
5-13C,8.0,274.0933,-0.5310366691005689,0.2355378365016513
5-13C,8.0,275.0184,-0.6131272035004052,1.1461618826294453
5-13C,8.0,275.0991,-0.8661120829119936,0.2400351333024858
5-13C,8.0,277.1207,0.6305639653853787,0.09021645443463208
5-13C,8.0,277.2169,1.019154550853825,0.17643359414964924
5-13C,8.0,279.2331,-0.19604924059021028,0.035845146236463
5-13C,8.0,282.0839,-0.29694823447549873,0.5744807516822173
5-13C,8.0,283.2063,-0.08870608316174554,0.2106703249743432
5-13C,8.0,285.0972,0.4018172201744784,0.4102274050631681
5-13C,8.0,287.0157,1.0506039212588467,1.1307640927672642
5-13C,8.0,288.0725,-0.644027929778408,0.0924683751591828
5-13C,8.0,289.0333,1.990950600087202,1.106192900839868
5-13C,8.0,289.1044,-1.429689946982402,0.18534949504474132
5-13C,8.0,290.9677,-0.42692040788794244,0.090161986617381
5-13C,8.0,294.0479,1.051994827802541,0.895838504088687
5-13C,8.0,300.0509,-0.3321752501876875,0.287464166860789
5-13C,8.0,301.0333,1.3721953448038358,0.537186343304328
5-13C,8.0,303.2326,0.40592208325383394,0.5335702080175694
5-13C,8.0,305.0207,1.8770746756683192,0.12784101528775785
5-13C,8.0,306.0481,-0.9411772606522233,0.08368441124989875
5-13C,8.0,306.0765,-0.29716431182082037,0.038619812894760734
5-13C,8.0,308.0986,-0.3064997795738187,0.062297671786624306
5-13C,8.0,313.0441,-0.4886461932021642,0.4152528268290148
5-13C,8.0,313.1037,-0.5285352998383905,0.6609709393923319
5-13C,8.0,317.026,-0.09158925220834044,0.2098169875246257
5-13C,8.0,323.0256,0.2702365325115844,0.7217264673015702
5-13C,8.0,325.1163,-0.053293181840489506,0.26901029185561204
5-13C,8.0,328.0457,-0.9925600914374719,0.08971142628765186
5-13C,8.0,333.0589,-1.059920467857951,0.21492107486851195
5-13C,8.0,338.9884,-0.27136761048457575,0.2205839040878231
5-13C,8.0,339.0928,-0.8807369611045512,0.5601175813345857
5-13C,8.0,341.1089,0.5673174016861882,0.11301115435654005
5-13C,8.0,344.0393,-0.5936577326526539,0.21757133671362722
5-13C,8.0,346.0556,0.0848851773819359,0.12448688083684706
5-13C,8.0,348.087,-0.7978620242908967,0.24259770718566617
5-13C,8.0,353.0489,-0.26662255992946843,0.5187178632096361
5-13C,8.0,357.089,-0.27898352383563185,0.1515450858928538
5-13C,8.0,375.131,-1.1109772590006433,0.3151518064904174
5-13C,8.0,377.1496,-0.4056336714838027,0.6735878045208376
5-13C,8.0,383.1188,1.6527221164512538,0.23773730690500702
5-13C,8.0,388.9416,0.04801055337803155,0.17160414734406948
5-13C,8.0,388.9442,-0.17737280880031428,0.1759544383514638
5-13C,8.0,401.0756,1.7460001155665164,0.1255973508404634
5-13C,8.0,407.2795,-0.08044866640280865,0.19867592149363583
5-13C,8.0,421.0743,-0.11212394080114915,0.7108567719829274
5-13C,8.0,426.0222,0.28902036276970633,0.2535037926056403
5-13C,8.0,442.9997,0.3115974930629601,0.3380342230111666
5-13C,8.0,466.9657,1.4841610113156087,0.23052775573470574
5-13C,8.0,490.9787,1.8718397494415322,1.1047133615937326
5-13C,8.0,503.1614,2.3126018048490025,0.27798722903432915
5-13C,8.0,547.0731,-0.9346977711481512,0.06495766170342686
5-13C,8.0,565.0471,0.07642981169136626,0.3055626630474468
5-13C,8.0,578.8872,1.4944136572552384,0.14037215842897238
5-13C,8.0,579.0269,1.8710477575241806,0.3022863636438619
5-13C,8.0,612.2549,-1.0510454119952772,0.251184784421006
5-13C,8.0,624.2949,-0.0408672492821442,0.17406620516698765
5-13C,8.0,659.307,0.0563830655409262,0.32429064846149097
5-13C,8.0,664.0939,-0.41341850381464784,0.1835572373852251
5-13C,8.0,665.2144,0.1156482236893407,0.2898910822248971
5-13C,8.0,668.1374,-0.5914810247039695,0.01060360960843287
5-13C,8.0,787.255,0.30495011864910837,0.10851219020156477
5-13C,8.0,790.2568,0.008141408146806285,0.3039282799322904
5-13C,8.0,835.0407,-0.7779926493975619,0.24659302829206553
5-13C,8.0,863.2971,-0.7192687461721943,0.19600055942426395
5-13C,8.0,864.1473,-0.7867267605730719,0.37035026468461496
5-13C,8.0,974.2935,-0.9516036422672367,0.5394679184910585
5-13C,8.0,976.7162,0.7709452898304716,0.34013268137190156
5-13C,9.0,57.0342,1.516026968904857,0.4198197643766066
5-13C,9.0,58.0295,-1.053690697098034,0.13147134838110575
5-13C,9.0,59.0135,2.063220426136844,0.1350646730236348
5-13C,9.0,71.0137,1.738313988242723,0.2423928676404218
5-13C,9.0,73.0293,-0.8561172263565073,0.04281276048807473
5-13C,9.0,74.0247,-0.4964633225303643,0.37734900352245043
5-13C,9.0,75.0087,-0.7629286413423064,0.39289294837578037
5-13C,9.0,87.0088,-0.587693567780206,0.020671826529163207
5-13C,9.0,87.0451,-0.021331344497159996,0.48586026400820764
5-13C,9.0,88.0403,-0.8464702383612575,0.030362246605597068
5-13C,9.0,88.9883,-0.5483807399753775,0.6790413868795908
5-13C,9.0,89.0244,-0.016431688022920995,0.05794842086732548
5-13C,9.0,93.0338,-0.05334927893725628,0.009499706970778354
5-13C,9.0,94.9761,-0.9849392553599281,0.44137732716093275
5-13C,9.0,94.9806,1.682288631620246,0.2800900618457044
5-13C,9.0,95.0139,1.2742492530552285,0.16468066662518757
5-13C,9.0,101.0242,1.0047428814182777,0.2106422991512546
5-13C,9.0,102.056,-0.016545774701747718,0.06175780217626999
5-13C,9.0,103.0402,-0.7306013084246445,0.07117534930601403
5-13C,9.0,103.0509,-0.6937726032793934,0.06917240635429989
5-13C,9.0,104.0352,-0.4417363222534102,0.034745236668616196
5-13C,9.0,105.0193,-0.9613935106306296,0.4806629185186094
5-13C,9.0,107.0503,1.5651523804524898,0.391420584017564
5-13C,9.0,109.0295,1.291671691622785,0.2028708252268437
5-13C,9.0,111.02,-0.8979317310090321,0.02091388931885064
5-13C,9.0,112.0516,0.42602019158327686,0.8105272997359997
5-13C,9.0,113.0244,1.328000182465897,0.09038305662063648
5-13C,9.0,113.0357,-0.7232978281208288,0.058481303514277064
5-13C,9.0,114.056,-0.24636083561444427,0.0022465510965923572
5-13C,9.0,115.0037,-0.6910343474098193,0.06993670209236469
5-13C,9.0,115.0402,0.0353665153157451,0.2304574206249071
5-13C,9.0,115.0764,0.9217664771271743,0.37012148574772097
5-13C,9.0,116.0354,-0.2296673610139613,0.4443051024891326
5-13C,9.0,116.0717,-0.6906582026819177,0.016556057711655043
5-13C,9.0,117.0194,-0.8437062447230039,0.029903636511179773
5-13C,9.0,118.0508,-1.1371072692655462,0.09549299408544862
5-13C,9.0,118.9804,1.5675016114781246,0.20440055925887493
5-13C,9.0,119.0503,3.333028877929543,0.2675166821591235
5-13C,9.0,120.9273,-0.5445418074277755,0.04633653473001517
5-13C,9.0,121.0295,0.5441619740926509,0.15449080195124143
5-13C,9.0,121.0409,0.04567245171759646,0.6565210922246372
5-13C,9.0,122.0248,0.10309030347176358,0.33338018788112267
5-13C,9.0,124.0075,-0.13038478951248428,0.42219304670446733
5-13C,9.0,124.0144,1.1149630125709322,0.24897630975402227
5-13C,9.0,125.0439,0.2281579049289293,0.11504152800612245
5-13C,9.0,127.0764,0.9935648186156458,0.6868737981544157
5-13C,9.0,128.0354,-0.26670034330377834,0.008966896611669727
5-13C,9.0,129.0193,-0.8966329193229765,0.060030284786699355
5-13C,9.0,129.0556,0.29881002518271554,0.39161488953192825
5-13C,9.0,130.0142,-0.6828616560557192,0.3599153570601487
5-13C,9.0,130.0509,-0.9341086794600149,0.0171397479385155
5-13C,9.0,130.0874,-0.9678224033446925,0.030037731338332003
5-13C,9.0,131.0008,-0.5236934290054099,1.054764529621033
5-13C,9.0,131.0123,-0.5681722382271198,0.08006784777124074
5-13C,9.0,131.035,-0.02481011945524831,0.08032779050614126
5-13C,9.0,131.0462,-0.05787644629512999,0.1670086665200695
5-13C,9.0,131.0828,-0.7078261049092783,0.07081002048881585
5-13C,9.0,132.0302,-1.0501377589073124,0.012927118441831578
5-13C,9.0,133.0142,-0.11004584763227064,0.1286588492060939
5-13C,9.0,133.0257,-0.29958078010064604,0.17555683847418532
5-13C,9.0,133.0505,-0.9921105290431488,0.026892375620309952
5-13C,9.0,134.0472,-0.8475376771018521,0.1843182476666201
5-13C,9.0,134.0604,-1.3434782268879466,0.42629750544073325
5-13C,9.0,135.0302,-0.8017732946252315,0.06805246003217032
5-13C,9.0,135.0453,2.15225633433003,0.12124440035948206
5-13C,9.0,136.0404,-0.38108605853386057,0.08897078560021249
5-13C,9.0,136.0487,1.9221706630491129,0.49398331331205614
5-13C,9.0,136.0767,0.8924908251121209,0.20477133045370607
5-13C,9.0,137.0239,0.020385590015798295,0.2365988224148798
5-13C,9.0,138.9789,0.7564744816143874,0.17667552534152192
5-13C,9.0,139.0014,-0.2772080535485965,0.07692100968522855
5-13C,9.0,139.0067,-0.5904900105364743,0.05737473904392971
5-13C,9.0,139.976,1.195594191893197,1.175212643374376
5-13C,9.0,143.0713,0.3396115392572629,0.24023450541324065
5-13C,9.0,143.1077,0.8852146337178889,0.15776629771319953
5-13C,9.0,145.0141,-0.3379619270497357,0.12411345058516512
5-13C,9.0,145.0506,-0.5166702110222404,0.09585312213901949
5-13C,9.0,145.0623,-0.8197076745914101,0.2926352952228282
5-13C,9.0,145.0982,-0.7637525209830289,0.0606808024972783
5-13C,9.0,145.1106,-0.6689565388625314,1.1124370139531274
5-13C,9.0,146.0459,0.0657167299049152,0.021225165788469773
5-13C,9.0,147.0298,-0.719434703610411,0.08797225951228695
5-13C,9.0,147.0662,-0.9914577641056257,0.036998868016318034
5-13C,9.0,149.0092,1.7568327450428134,0.278021266621396
5-13C,9.0,149.0456,0.7826838292401522,0.15328659685641394
5-13C,9.0,149.0608,1.9955606082969708,0.2986267044558589
5-13C,9.0,150.0422,-0.5712452331080782,0.27583872631827877
5-13C,9.0,150.9707,-0.41490793130953685,0.5354015332036599
5-13C,9.0,151.0259,-0.6132182034037588,0.08374518550478757
5-13C,9.0,151.04,1.223747436468025,0.3409120318956022
5-13C,9.0,151.06,-0.7018782750469532,0.7364657342638324
5-13C,9.0,152.0353,1.0077464089152195,0.41515723232850743
5-13C,9.0,152.0716,0.4172452308938723,0.36621826918789496
5-13C,9.0,153.0192,2.7374454618602257,0.212651281439991
5-13C,9.0,154.062,-0.4801706945150106,0.05520880935321642
5-13C,9.0,154.9751,-0.9031790671409693,0.031081397564760454
5-13C,9.0,155.0099,-0.8673563508517488,0.015584648331945594
5-13C,9.0,157.0128,-0.9040847221353132,0.03824116165686769
5-13C,9.0,157.0255,-1.0166149362514587,0.028435225072678504
5-13C,9.0,157.0379,-1.0492181152966293,0.03555588848228148
5-13C,9.0,157.0504,-0.95948242504621,0.05432415757010845
5-13C,9.0,159.0297,-0.7646572835475639,0.16037808013924934
5-13C,9.0,159.0775,-0.6137948855893869,0.08213288360477738
5-13C,9.0,160.0616,-0.6427913598490936,0.33832595906936314
5-13C,9.0,161.0453,-0.18538585671899704,0.17289200870334503
5-13C,9.0,162.0424,-1.0527697247072354,0.1368646074456248
5-13C,9.0,163.0351,-0.7988998430627697,0.0879190039494695
5-13C,9.0,163.0398,0.5009356156668818,0.24545899802429164
5-13C,9.0,163.0611,-0.2777656222713997,0.9737764662800942
5-13C,9.0,164.0716,-0.46176112270997116,0.09240002257323267
5-13C,9.0,165.03,0.5526293796661234,0.8773643225982933
5-13C,9.0,165.0405,1.5389954800353836,0.7569784755147656
5-13C,9.0,165.0556,-0.5785872768155953,0.07101100206352376
5-13C,9.0,166.0508,-0.565584841867447,0.30388841016116214
5-13C,9.0,166.0632,-1.085518752052447,1.169861279415464
5-13C,9.0,166.9759,-0.28858937420070685,0.31300718093643526
5-13C,9.0,167.0207,-0.2766790285679563,0.5565498816708353
5-13C,9.0,167.0358,1.4108565136599367,0.7492397379506348
5-13C,9.0,167.0828,0.6058814677606303,1.1627738666723542
5-13C,9.0,168.0277,0.2359753891225486,0.07262540483560093
5-13C,9.0,168.0664,0.05602513427382308,0.5806450409639293
5-13C,9.0,170.0455,-0.7137184037354792,0.03194823919858409
5-13C,9.0,171.0065,-0.49856949478770984,0.18479243851905677
5-13C,9.0,171.0092,-0.23946912245285673,0.4095444593623649
5-13C,9.0,171.0284,-0.7153530048625092,0.07374037134200476
5-13C,9.0,172.0616,-0.814790364821081,0.26321149086103357
5-13C,9.0,172.962,-0.532599402029525,0.07281981064228855
5-13C,9.0,173.0089,-0.8110436548110382,0.16788309449508443
5-13C,9.0,173.0453,-1.0595755650659426,0.13276332194099164
5-13C,9.0,173.0932,-0.7959520167919629,0.06748853612575063
5-13C,9.0,173.1041,-1.078409626142593,0.1465615898637553
5-13C,9.0,174.0407,-0.8841362465129872,0.01938052370621091
5-13C,9.0,174.088,-0.7421823981214674,0.06301198268920985
5-13C,9.0,175.022,-0.7311488532611674,0.14580628394121112
5-13C,9.0,175.0361,-1.0544349827025896,0.013719150892807177
5-13C,9.0,175.0611,-0.8793110877822676,0.04945814094591336
5-13C,9.0,176.0776,-0.38029586491956235,0.2753545161992175
5-13C,9.0,177.0402,-1.1896945263867413,0.5161160851268379
5-13C,9.0,177.0553,1.832717372253378,0.38080095299235245
5-13C,9.0,178.0509,-0.7599546818776991,0.05408445903802573
5-13C,9.0,179.0348,-0.6673030208825701,0.09086908238801326
5-13C,9.0,179.0561,1.4835694627743998,0.11497448612598063
5-13C,9.0,180.0663,1.4972820591606222,0.07219336191675858
5-13C,9.0,181.0505,-1.3429740643156638,0.043196269338835
5-13C,9.0,182.9725,1.569407154635132,0.3057058892991043
5-13C,9.0,183.0661,0.20758802369064674,0.3156171273336648
5-13C,9.0,184.0017,0.16222105783811197,0.11452650298544559
5-13C,9.0,184.9856,-0.13524070300644198,0.05216514656670641
5-13C,9.0,186.1136,1.09881940217812,1.1799309421104298
5-13C,9.0,187.0234,-0.5833653985714592,0.5454600539541565
5-13C,9.0,188.035,0.05413072732849156,0.625328191383269
5-13C,9.0,188.0565,-0.64939358902392,0.03141027979747239
5-13C,9.0,189.0405,-0.8847792814529827,0.10059327071844684
5-13C,9.0,191.0197,-0.06466824312202288,0.22483200669283535
5-13C,9.0,191.0561,-0.9861738400942444,0.05702546416507897
5-13C,9.0,192.0663,-1.1183605909611414,0.4765010562179321
5-13C,9.0,193.0349,0.0022115378462267687,0.34822850100022534
5-13C,9.0,194.0682,-0.5911330630664555,0.2368856719256776
5-13C,9.0,194.0822,1.0049911723618916,0.5237877715670268
5-13C,9.0,195.0509,-0.2253107429846989,0.10397352369903716
5-13C,9.0,195.0657,-1.1884359318056856,0.6651174306778729
5-13C,9.0,196.0603,-0.7915435348181779,0.03451650405711012
5-13C,9.0,198.0182,-0.6269834335286464,0.46460311260589204
5-13C,9.0,199.0019,-0.6944519196285432,0.5371625533147
5-13C,9.0,200.9937,1.3417120688799957,0.35048726567360333
5-13C,9.0,201.0051,-0.01641001537559117,0.7593194822744506
5-13C,9.0,203.0348,-0.10847888598488045,0.13353615828317195
5-13C,9.0,203.0826,-0.08599630167738112,0.007078688594897432
5-13C,9.0,204.0498,-0.13763903252648207,0.6360876184993833
5-13C,9.0,205.0351,-0.4184013647556478,0.11284589996391159
5-13C,9.0,206.0822,0.21312676337673492,0.7647225840425019
5-13C,9.0,209.0292,-0.6275535188809422,0.30502545564948086
5-13C,9.0,209.0814,-0.18668952936043384,0.7642205722310126
5-13C,9.0,211.0235,-0.18690886765591624,0.3677924272398616
5-13C,9.0,211.9968,-0.9386301225673037,0.04720885146640238
5-13C,9.0,212.0331,-0.4782006104707929,0.32955214112718073
5-13C,9.0,212.9807,-0.5140304186858452,0.07648541104467042
5-13C,9.0,213.014,-0.5588484638349822,0.3322498301032358
5-13C,9.0,213.0384,-0.5216197278341379,0.22342901886677427
5-13C,9.0,213.1252,0.8305825777907951,0.6062443452324926
5-13C,9.0,214.0488,0.22213461411767502,0.6805414387636218
5-13C,9.0,215.0331,1.4955936237443206,0.0880065003315665
5-13C,9.0,216.1351,0.24911279493931365,0.17330052237782423
5-13C,9.0,218.0335,1.2055535681861762,0.10106396756879857
5-13C,9.0,218.1034,-0.46426019984483646,0.0727873270676466
5-13C,9.0,220.0828,1.0650949811780448,0.7072467976086503
5-13C,9.0,221.0443,1.5316390307165277,0.2721557841128556
5-13C,9.0,221.0664,0.052545159792626125,0.3548825604749759
5-13C,9.0,225.0399,0.9745505284089262,0.1549147022498787
5-13C,9.0,225.0861,1.244714357586687,0.5653735223538786
5-13C,9.0,225.0901,1.1068090852629646,1.1768879887159718
5-13C,9.0,226.0135,0.05790476925665886,0.2195914310833921
5-13C,9.0,226.0697,0.3692869733220133,0.14857796587087005
5-13C,9.0,228.0501,-0.8808520319840358,0.15094480193065812
5-13C,9.0,229.0122,0.3423528519808483,0.2593259735711602
5-13C,9.0,237.0614,-1.0059510367284636,0.16274828956246334
5-13C,9.0,238.0945,-0.4346951840338984,0.10923301393024469
5-13C,9.0,240.0515,-0.5358504037988454,0.06319893484157797
5-13C,9.0,241.0844,0.38069565526911037,0.18782410098351923
5-13C,9.0,242.0804,-1.072623746182391,0.6150963396175946
5-13C,9.0,243.029,0.25483873912276517,0.22650220464000032
5-13C,9.0,243.0625,-1.2926297847503863,0.4904822084275057
5-13C,9.0,245.0444,-0.8585751523130674,0.16191118115985956
5-13C,9.0,246.0198,0.0736150058999106,0.3577689144649197
5-13C,9.0,246.064,1.4031280416960614,0.5202713030544364
5-13C,9.0,251.0816,-0.15950920937891194,0.6829228446578097
5-13C,9.0,253.0119,-0.31373895631235055,0.013658793794928313
5-13C,9.0,253.0499,0.1632501379851696,0.9095748316739369
5-13C,9.0,257.0072,-0.15391526095986427,0.7809688544825115
5-13C,9.0,257.1028,0.0585354207477668,0.9637896887302804
5-13C,9.0,259.005,-0.19979848191432728,0.7526782325557062
5-13C,9.0,259.0227,0.8393871648646192,0.23861482003929804
5-13C,9.0,261.0385,0.5346124627444504,0.17987475288198165
5-13C,9.0,266.0703,-0.6570680760110851,0.1066394131369044
5-13C,9.0,267.0724,-0.40968974264363456,0.11286342954984036
5-13C,9.0,268.02,-0.19525559446768515,0.46217431983035095
5-13C,9.0,269.0398,-0.7068934105813278,0.23564527445864972
5-13C,9.0,271.0612,-0.37587614990592527,0.2535405441209904
5-13C,9.0,271.0815,0.5608278400986466,1.0943463009089103
5-13C,9.0,273.0021,-0.9019276354222914,0.20087814855263103
5-13C,9.0,274.0933,-0.468938758831323,0.31912843237511007
5-13C,9.0,275.0184,-0.3045637502129256,1.4743977283608674
5-13C,9.0,275.0991,-0.7880581520974846,0.17705725095747274
5-13C,9.0,277.1207,0.5122671955637952,0.1863799169656363
5-13C,9.0,277.2169,0.8010349219072591,0.5443666648710234
5-13C,9.0,279.2331,-0.20655191489437638,0.02551985989078287
5-13C,9.0,282.0839,-0.3395966522198036,0.19390023837380987
5-13C,9.0,283.2063,0.0807305552801746,0.14946766548829613
5-13C,9.0,285.0972,-0.05946421397423589,0.6162807129071692
5-13C,9.0,287.0157,2.5055618431280666,0.778209289495939
5-13C,9.0,288.0725,-0.6836822854866281,0.06283181037334862
5-13C,9.0,289.0333,1.4023965338435622,1.3982193987810352
5-13C,9.0,289.1044,-1.3122407608441318,0.33073851257614584
5-13C,9.0,290.9677,-0.38517211938389107,0.07816853551206202
5-13C,9.0,294.0479,0.5684211879691979,0.8563460411122655
5-13C,9.0,300.0509,0.4923807394969371,0.8223769523808171
5-13C,9.0,301.0333,0.8537869564141249,0.577208932028615
5-13C,9.0,303.2326,0.10172213981833896,0.20261876111070426
5-13C,9.0,305.0207,2.2180958206427164,0.27705136540544684
5-13C,9.0,306.0481,-0.8793675822960849,0.06363840990459572
5-13C,9.0,306.0765,-0.24990242964978265,0.03317819927822031
5-13C,9.0,308.0986,-0.3264194606475188,0.058753494451138796
5-13C,9.0,313.0441,0.19542895176648695,0.16695683040082757
5-13C,9.0,313.1037,-0.7950958063484648,0.3987224908220448
5-13C,9.0,317.026,0.5433972591097619,0.6516820139766357
5-13C,9.0,323.0256,-0.022910459194137478,0.8239548830538731
5-13C,9.0,325.1163,0.3947847282875925,0.8896345285659252
5-13C,9.0,328.0457,-0.872243589291356,0.12760178218651896
5-13C,9.0,333.0589,-0.8737827326651173,0.24623242398802783
5-13C,9.0,338.9884,0.17998597390086246,0.18246690267795737
5-13C,9.0,339.0928,-1.1274720225686181,0.5270476709718572
5-13C,9.0,341.1089,0.4944354268577692,0.06994545638951437
5-13C,9.0,344.0393,-0.4837867639595176,0.2695170171614426
5-13C,9.0,346.0556,0.5185976478000672,0.22334971695570727
5-13C,9.0,348.087,-0.9442367114540386,0.18345347063716994
5-13C,9.0,353.0489,-0.7707842983403659,0.20757996209112142
5-13C,9.0,357.089,-0.2684491294202517,0.3220112290093668
5-13C,9.0,375.131,-1.027804571174326,0.37008014784881155
5-13C,9.0,377.1496,-0.8784888370132158,0.275120484527077
5-13C,9.0,383.1188,1.1556941671096939,0.28836745242389183
5-13C,9.0,388.9416,0.08234046947142198,0.23997194894403726
5-13C,9.0,388.9442,-0.18856734665685465,0.24902323386551015
5-13C,9.0,401.0756,1.8203585937410058,0.18429166492328494
5-13C,9.0,407.2795,0.10236566530328907,0.5485078866275587
5-13C,9.0,421.0743,0.08433841389430924,0.23066408166464136
5-13C,9.0,426.0222,-0.11515749063215885,0.687219354152402
5-13C,9.0,442.9997,0.42806360668889265,0.20265940112004646
5-13C,9.0,466.9657,2.43194981341545,0.46093084733942424
5-13C,9.0,490.9787,0.7222918522419629,1.0437263371203755
5-13C,9.0,503.1614,2.0214857164852273,0.29274757918514976
5-13C,9.0,547.0731,-0.6458982425742654,0.10384117941725712
5-13C,9.0,565.0471,0.32120671446689264,0.06897347099111387
5-13C,9.0,578.8872,1.4997875377756387,0.13451515921213889
5-13C,9.0,579.0269,1.3703666834418304,0.12066374842705001
5-13C,9.0,612.2549,-1.2631806892656718,0.3187891602729454
5-13C,9.0,624.2949,-0.1309450164442337,0.33710784504365465
5-13C,9.0,659.307,0.8654908416273273,0.2850151436637661
5-13C,9.0,664.0939,-0.39734673129838377,0.25381177979840475
5-13C,9.0,665.2144,0.13374910970442708,0.4527778638006108
5-13C,9.0,668.1374,-0.5735991193746484,0.017381357369805246
5-13C,9.0,787.255,0.629476230423982,0.6658416271153184
5-13C,9.0,790.2568,0.9549510332929878,0.43583747648752297
5-13C,9.0,835.0407,-0.49181596167750485,0.18735207369500598
5-13C,9.0,863.2971,-0.7294781229876944,0.12820290534594994
5-13C,9.0,864.1473,-0.1305969722378592,0.6180786414139242
5-13C,9.0,974.2935,-0.20123885635074756,0.3381774989714665
5-13C,9.0,976.7162,1.1277228082990938,0.23507150362249202
5-13C,10.0,57.0342,0.10364322881798171,0.386895047160573
5-13C,10.0,58.0295,-0.2673530468630449,0.22641451739094312
5-13C,10.0,59.0135,0.651674936007437,0.3332388670341365
5-13C,10.0,71.0137,0.6484574354667737,0.29430562684750444
5-13C,10.0,73.0293,-0.7169569586483051,0.06825193267949027
5-13C,10.0,74.0247,0.07906979296571603,0.3263079031788238
5-13C,10.0,75.0087,-0.2840899764584427,0.7421371583444474
5-13C,10.0,87.0088,-0.6127301666632428,0.027021811595727814
5-13C,10.0,87.0451,-0.4291313527442053,0.5061876977871919
5-13C,10.0,88.0403,-0.5882115346026073,0.01543487742101672
5-13C,10.0,88.9883,-1.3447800838540125,0.325292164095924
5-13C,10.0,89.0244,-0.4993839700796402,0.09182609528300698
5-13C,10.0,93.0338,-0.055808160535638515,0.023235691614296287
5-13C,10.0,94.9761,-0.823202928228543,0.43948025871335966
5-13C,10.0,94.9806,1.1758923718811733,0.4089053760648277
5-13C,10.0,95.0139,0.48886296595966305,0.3370237335260092
5-13C,10.0,101.0242,0.02348181809825233,0.31034071582756506
5-13C,10.0,102.056,-0.2869021319971359,0.11314285859193401
5-13C,10.0,103.0402,-0.5933057320548849,0.09435048025088658
5-13C,10.0,103.0509,-0.5885190475035134,0.05146154550481891
5-13C,10.0,104.0352,-0.04313782907638877,0.24567654114952436
5-13C,10.0,105.0193,-1.2605860645896378,0.3998540482225889
5-13C,10.0,107.0503,-0.04218965823712706,0.5623440267091087
5-13C,10.0,109.0295,2.9515459505046504,0.7246863565661951
5-13C,10.0,111.02,-0.15282685527342887,0.09389462561480261
5-13C,10.0,112.0516,0.3122316496126985,0.7984001358098143
5-13C,10.0,113.0244,0.4187530622046661,0.16476814190353642
5-13C,10.0,113.0357,0.2279447711282883,0.17524835656144105
5-13C,10.0,114.056,-0.24477510661610608,0.0022037873771440382
5-13C,10.0,115.0037,-0.6044249295564958,0.1019298900743263
5-13C,10.0,115.0402,-0.6284339750288244,0.6150265354270472
5-13C,10.0,115.0764,-0.16002477012147698,0.3793510914067373
5-13C,10.0,116.0354,0.6283334680413468,0.19481306754659627
5-13C,10.0,116.0717,-0.677243198465868,0.04716038641290564
5-13C,10.0,117.0194,-0.7107253507057805,0.06154037638747595
5-13C,10.0,118.0508,-0.564557381419645,0.17312555059672027
5-13C,10.0,118.9804,0.5586134002861995,0.3008278048604336
5-13C,10.0,119.0503,2.6965072999458624,0.4570655015549062
5-13C,10.0,120.9273,-0.6340039525596478,0.06946176493868662
5-13C,10.0,121.0295,-0.5454750762570666,0.2861624209672066
5-13C,10.0,121.0409,-0.17680321661734333,0.5016857980249605
5-13C,10.0,122.0248,-0.456640882421126,0.3061450730693974
5-13C,10.0,124.0075,-0.33902956387042626,0.28504102811723625
5-13C,10.0,124.0144,0.3073067073293025,0.14858102963760436
5-13C,10.0,125.0439,-0.46438382693042657,0.10452322058660123
5-13C,10.0,127.0764,0.2552806974453215,0.8696976665135052
5-13C,10.0,128.0354,-0.24554561022984495,0.03137335458368652
5-13C,10.0,129.0193,-0.5745848148629306,0.1838534064396149
5-13C,10.0,129.0556,-0.1303094410775122,0.5380917039539989
5-13C,10.0,130.0142,-0.8172354087751854,0.11762032124438258
5-13C,10.0,130.0509,-0.29786177646342815,0.04350906315489426
5-13C,10.0,130.0874,-0.6884193221352843,0.058502864107795614
5-13C,10.0,131.0008,-0.8932028919882916,1.4490694807166262
5-13C,10.0,131.0123,-0.626139888086535,0.042012077693419
5-13C,10.0,131.035,-0.460194507589317,0.08566350997594718
5-13C,10.0,131.0462,-0.6479812793652453,0.20362983103345259
5-13C,10.0,131.0828,-0.6003826551568096,0.24287855067400033
5-13C,10.0,132.0302,-0.4043395899111247,0.04463276858833426
5-13C,10.0,133.0142,-0.3613973185057454,0.0760007653046551
5-13C,10.0,133.0257,-0.37833504438605026,0.08525343483012225
5-13C,10.0,133.0505,-0.21815303273079678,0.10174411761885725
5-13C,10.0,134.0472,0.30329717839469267,0.21609845993159657
5-13C,10.0,134.0604,-0.26139073508527055,0.5460522673016224
5-13C,10.0,135.0302,-0.8273668927273581,0.10608491371548168
5-13C,10.0,135.0453,2.260054215548129,0.1703002785285206
5-13C,10.0,136.0404,-0.498431087957973,0.06350051896627677
5-13C,10.0,136.0487,1.5565101809182917,0.2558848998350756
5-13C,10.0,136.0767,-0.08674785163907679,0.32783556314789025
5-13C,10.0,137.0239,-0.018241218047983593,0.3221735062682941
5-13C,10.0,138.9789,0.13978918205032254,0.4244617285168656
5-13C,10.0,139.0014,-0.10729094153290314,0.0916255732277827
5-13C,10.0,139.0067,-0.6717081980500675,0.03208069584455639
5-13C,10.0,139.976,0.6935795719573085,0.5050021446186093
5-13C,10.0,143.0713,-0.5272562820945993,0.10758080349290623
5-13C,10.0,143.1077,0.10104000733349017,0.20753447834877012
5-13C,10.0,145.0141,-0.4320568068665323,0.07112870485344253
5-13C,10.0,145.0506,0.11588761157691879,0.4879644690029739
5-13C,10.0,145.0623,-0.1179056871687266,0.5923078974843549
5-13C,10.0,145.0982,-0.8057749882379281,0.1340834506978066
5-13C,10.0,145.1106,-0.421934924275969,0.6272244919780414
5-13C,10.0,146.0459,-0.10969036709450662,0.042397022651767924
5-13C,10.0,147.0298,-0.586651616965433,0.12541465719937592
5-13C,10.0,147.0662,0.11602839984514021,0.09242662375496076
5-13C,10.0,149.0092,0.0556024033407147,0.4294308136687658
5-13C,10.0,149.0456,0.7437318695193509,0.41051919390025393
5-13C,10.0,149.0608,1.1083868522556948,0.7128403768919337
5-13C,10.0,150.0422,-0.9057606491414323,0.7846324653128901
5-13C,10.0,150.9707,-0.4529066263888487,0.7761434794666349
5-13C,10.0,151.0259,-0.618675950433293,0.02992834022737251
5-13C,10.0,151.04,0.6268087062635059,0.16908335755538217
5-13C,10.0,151.06,-0.21083650241518231,0.5319748667926306
5-13C,10.0,152.0353,0.03162705373197418,0.18856380413091323
5-13C,10.0,152.0716,-0.2544853391392716,0.28819035640337515
5-13C,10.0,153.0192,4.244844133932329,0.3766806790320489
5-13C,10.0,154.062,-0.4325315455674999,0.273898444239662
5-13C,10.0,154.9751,-0.737683172879285,0.060666050302521916
5-13C,10.0,155.0099,-0.1528269644957143,0.06325283571669965
5-13C,10.0,157.0128,-0.6900224496745254,0.07427462292416645
5-13C,10.0,157.0255,0.0820726500846018,0.08858883121667514
5-13C,10.0,157.0379,-0.011935107345085365,0.07611162174647751
5-13C,10.0,157.0504,-0.542922651016909,0.0728695010966323
5-13C,10.0,159.0297,-0.853617408400331,0.24847970712094863
5-13C,10.0,159.0775,-0.032433525873162186,0.1877946724170609
5-13C,10.0,160.0616,1.1090431196180675,0.3509006137109912
5-13C,10.0,161.0453,-0.8818930111888375,0.10822859615298382
5-13C,10.0,162.0424,-0.7128122473476497,0.07597014601136674
5-13C,10.0,163.0351,-0.7417649215897644,0.2986103624651943
5-13C,10.0,163.0398,0.9374131456655864,0.07514514968109745
5-13C,10.0,163.0611,0.6199864027201468,0.9953847629989039
5-13C,10.0,164.0716,-0.5396460284671613,0.05310171751598234
5-13C,10.0,165.03,-0.14961197698043452,0.15988164267826052
5-13C,10.0,165.0405,0.776494668345028,0.5346510423445177
5-13C,10.0,165.0556,-0.6404282853729804,0.1392862128526069
5-13C,10.0,166.0508,0.40011068651444714,0.6318974318684855
5-13C,10.0,166.0632,-0.7004846743916067,0.2558971790499573
5-13C,10.0,166.9759,-0.09893776460434293,0.31516855293837476
5-13C,10.0,167.0207,-0.2542176229894961,0.26794915546353326
5-13C,10.0,167.0358,0.4535184086696355,0.3474798342419297
5-13C,10.0,167.0828,-0.7337595083428692,0.36035920079526346
5-13C,10.0,168.0277,-0.15184974244311525,0.03656256395085724
5-13C,10.0,168.0664,-1.0680656404504474,0.332442776057763
5-13C,10.0,170.0455,-0.7091881295309046,0.06282833773302375
5-13C,10.0,171.0065,-0.38282858403191333,0.31404035909332667
5-13C,10.0,171.0092,-0.33561858573322867,0.3915982273212097
5-13C,10.0,171.0284,-0.684936984878818,0.1494071106387397
5-13C,10.0,172.0616,0.686153457590646,0.2833780693645548
5-13C,10.0,172.962,-0.596420346678894,0.09377590619162345
5-13C,10.0,173.0089,-0.3773710920713331,0.15047537286315021
5-13C,10.0,173.0453,-0.772408387111103,0.1425093591996487
5-13C,10.0,173.0932,-0.2997667060188455,0.018772912369640602
5-13C,10.0,173.1041,-0.9298373622713239,0.9513460580736719
5-13C,10.0,174.0407,-0.20494105773612756,0.046608281675447644
5-13C,10.0,174.088,-0.27684725651776737,0.2626709412461441
5-13C,10.0,175.022,-0.612252810672445,0.18704691205512833
5-13C,10.0,175.0361,-0.43158319197104844,0.04665729416935306
5-13C,10.0,175.0611,-0.25803109114856587,0.14580593775224557
5-13C,10.0,176.0776,0.12748340342596512,0.22703755965850622
5-13C,10.0,177.0402,-1.4005401748696142,0.19896785605438325
5-13C,10.0,177.0553,1.8948600236380735,0.8014302030451014
5-13C,10.0,178.0509,-0.08634220592522913,0.029326173792773233
5-13C,10.0,179.0348,0.6842479885479975,0.21560004856561796
5-13C,10.0,179.0561,0.7868177697484264,0.18971553671022684
5-13C,10.0,180.0663,0.7442584079278436,0.2821847891554434
5-13C,10.0,181.0505,-0.06388317717700163,0.6292737856686655
5-13C,10.0,182.9725,0.6305834033369195,0.16470119199659858
5-13C,10.0,183.0661,-0.42228419660744065,0.5651368997553826
5-13C,10.0,184.0017,-0.17441884200205238,0.16883466993208587
5-13C,10.0,184.9856,0.4187533922279844,0.1286228644803205
5-13C,10.0,186.1136,0.4586717549896813,0.9055256980191722
5-13C,10.0,187.0234,-1.1095711986475858,0.21991539510951472
5-13C,10.0,188.035,-0.2980982068476169,0.8018591446956421
5-13C,10.0,188.0565,-0.10187458769812466,0.07280179372371375
5-13C,10.0,189.0405,-0.6928049059445387,0.08499017780083482
5-13C,10.0,191.0197,0.31628076565120644,0.2945940171109796
5-13C,10.0,191.0561,-0.5888758171638998,0.13153343403895804
5-13C,10.0,192.0663,-1.0300577626657812,0.28083420597753805
5-13C,10.0,193.0349,0.0012336519188339834,0.30749457891902643
5-13C,10.0,194.0682,-0.05382762344029799,0.1045145909726317
5-13C,10.0,194.0822,-0.010881935363112695,0.8264361211120541
5-13C,10.0,195.0509,-0.1691341165189862,0.0849452793944626
5-13C,10.0,195.0657,-0.8592529275484213,0.7769959028968964
5-13C,10.0,196.0603,0.33879470720330296,0.17126148446380174
5-13C,10.0,198.0182,-0.38270531493751747,0.37406651441470323
5-13C,10.0,199.0019,-0.785687465610835,0.10617460177070025
5-13C,10.0,200.9937,0.4093831671175804,0.23060901558436386
5-13C,10.0,201.0051,-0.21570928696590053,0.6347744607646637
5-13C,10.0,203.0348,-0.5392534592824323,0.3163881620745756
5-13C,10.0,203.0826,-0.08656956658882925,0.00452520566832292
5-13C,10.0,204.0498,-0.2384501415371646,0.3270237438391913
5-13C,10.0,205.0351,-0.6369243960641601,0.16448167535262342
5-13C,10.0,206.0822,0.17796191992718946,0.16664137914295732
5-13C,10.0,209.0292,-0.2049616426301441,0.716163729852015
5-13C,10.0,209.0814,0.008011598453340762,0.5331406356705592
5-13C,10.0,211.0235,-0.6386793835273787,0.452731619570335
5-13C,10.0,211.9968,-0.34983947999899867,0.12942389130437337
5-13C,10.0,212.0331,-0.6122071085795329,0.33039155425614597
5-13C,10.0,212.9807,-0.5567577145807291,0.04785397542964254
5-13C,10.0,213.014,-0.5303584561485926,0.2588135650783851
5-13C,10.0,213.0384,-0.8099486440715182,0.1753019274479968
5-13C,10.0,213.1252,-0.13619037883922697,0.6321679438169666
5-13C,10.0,214.0488,1.0689260083180632,0.3821718363044908
5-13C,10.0,215.0331,0.7321560960803881,0.155620550306822
5-13C,10.0,216.1351,0.43388517380446756,0.18274521167201696
5-13C,10.0,218.0335,0.49344896404288774,0.1219193056692514
5-13C,10.0,218.1034,0.42440701190053765,0.12626186398828057
5-13C,10.0,220.0828,-0.14877966909552653,1.1922763651438157
5-13C,10.0,221.0443,0.5117413475830275,0.2183025820316759
5-13C,10.0,221.0664,-0.9746154277960706,0.6715704780648563
5-13C,10.0,225.0399,-0.6577652798685579,0.5506045627996284
5-13C,10.0,225.0861,0.6697586454722716,0.49727754197132756
5-13C,10.0,225.0901,0.5644329218692847,0.674522213549729
5-13C,10.0,226.0135,-0.12699833569073488,0.20468113447823683
5-13C,10.0,226.0697,-0.18528662288336478,0.15848947737467106
5-13C,10.0,228.0501,-0.7751720234912973,0.06537310067924144
5-13C,10.0,229.0122,1.2497667089228948,0.29818922170794393
5-13C,10.0,237.0614,-0.15832308185846802,0.20031137930538995
5-13C,10.0,238.0945,-0.48917298550229127,0.22544336927332595
5-13C,10.0,240.0515,0.9943752998623565,0.21021509556553297
5-13C,10.0,241.0844,0.080989678656713,0.4427478722449666
5-13C,10.0,242.0804,-1.0696195490262252,0.6135265942245425
5-13C,10.0,243.029,-0.2766376069303039,0.35895213848715746
5-13C,10.0,243.0625,0.02454171172699028,0.3421377900659466
5-13C,10.0,245.0444,-0.4366032849023266,0.37405783371481116
5-13C,10.0,246.0198,0.05352814274224297,0.24249126561541837
5-13C,10.0,246.064,0.4816901164340381,0.5090401483709499
5-13C,10.0,251.0816,-1.0282642505307915,0.5104210717457988
5-13C,10.0,253.0119,-0.2878376171281505,0.01805330899457605
5-13C,10.0,253.0499,-0.4552339469065849,0.5332210914652261
5-13C,10.0,257.0072,-0.18809124394243296,0.505181793758701
5-13C,10.0,257.1028,-0.3029646291091112,0.30719746713108376
5-13C,10.0,259.005,-0.5041828141363062,0.26910998378755874
5-13C,10.0,259.0227,0.4964620286781874,0.2110037771865971
5-13C,10.0,261.0385,1.7944802487546596,0.1363137544523334
5-13C,10.0,266.0703,-0.7437529914781893,0.11430949370523102
5-13C,10.0,267.0724,-0.42771321812607954,0.04358029581738283
5-13C,10.0,268.02,-0.9668584856991372,0.05886265171477451
5-13C,10.0,269.0398,-0.8619123965546511,0.034348941042450606
5-13C,10.0,271.0612,-0.171260058282251,0.6178447198544805
5-13C,10.0,271.0815,-0.5711094816013261,0.6969567765444907
5-13C,10.0,273.0021,-0.7556830986530554,0.1118192286688343
5-13C,10.0,274.0933,1.0558203192949218,0.34702270580441363
5-13C,10.0,275.0184,0.6463727103730342,0.1630755062066117
5-13C,10.0,275.0991,-0.2179250922349847,0.3722799221228097
5-13C,10.0,277.1207,-0.1180968836509298,0.08156181411417801
5-13C,10.0,277.2169,0.6406146730664669,0.495220867219351
5-13C,10.0,279.2331,-0.1748773590912201,0.10132089912433785
5-13C,10.0,282.0839,-0.9709455506131734,0.271248627970381
5-13C,10.0,283.2063,0.5736371398384877,0.4098245877535498
5-13C,10.0,285.0972,-0.17924053690620498,0.8340322154597063
5-13C,10.0,287.0157,1.15589692876254,0.2574740938312712
5-13C,10.0,288.0725,-0.337073842999963,0.0690746012041797
5-13C,10.0,289.0333,1.6408624055112437,0.7368884569486266
5-13C,10.0,289.1044,-0.30316532077929426,0.31160683613743484
5-13C,10.0,290.9677,-0.2957115011609237,0.12362379187233796
5-13C,10.0,294.0479,1.0272449958425667,1.7724945520789992
5-13C,10.0,300.0509,0.028207612436711382,0.8476053746558141
5-13C,10.0,301.0333,-0.2726312702104317,0.7359969081519563
5-13C,10.0,303.2326,-0.027123121438875943,0.2825075107990034
5-13C,10.0,305.0207,1.1102633463556417,0.4448974819322015
5-13C,10.0,306.0481,-0.18001863939329962,0.28991318629114354
5-13C,10.0,306.0765,0.19440947458497954,0.06787927454244978
5-13C,10.0,308.0986,-0.25488603104277385,0.03569187712801652
5-13C,10.0,313.0441,0.3074076743426775,0.5895117201793779
5-13C,10.0,313.1037,0.8485263356796913,1.031825936497392
5-13C,10.0,317.026,-0.30169997218375444,0.7481039913242543
5-13C,10.0,323.0256,-0.3417720992950982,0.6167336454984693
5-13C,10.0,325.1163,0.8897113640087762,0.11619079878461587
5-13C,10.0,328.0457,-0.1670496775390799,0.16473032478758146
5-13C,10.0,333.0589,-0.64694061802237,0.09163980075472106
5-13C,10.0,338.9884,0.6829987324311351,0.7654623290118512
5-13C,10.0,339.0928,0.3642724656469951,0.7205941091611151
5-13C,10.0,341.1089,-0.06428456606095298,0.17100891009076133
5-13C,10.0,344.0393,0.06996291825388926,0.4171302610332077
5-13C,10.0,346.0556,0.29365317862472395,0.26311563577478386
5-13C,10.0,348.087,-0.631545281655937,0.19582990165867456
5-13C,10.0,353.0489,0.11262076555172595,0.537210312221675
5-13C,10.0,357.089,0.13010212596163248,0.15907735108039525
5-13C,10.0,375.131,-0.4801035736797481,0.42884641760187053
5-13C,10.0,377.1496,-0.6436480165489435,0.416173359042501
5-13C,10.0,383.1188,-0.4105921706414476,0.2788331744828073
5-13C,10.0,388.9416,-0.05945701004475587,0.2815064595124121
5-13C,10.0,388.9442,-0.37663558264673264,0.29864132654318437
5-13C,10.0,401.0756,0.5293142899997767,0.12297680193839747
5-13C,10.0,407.2795,-0.10586231789558458,0.39427426805189336
5-13C,10.0,421.0743,-0.5588868916230328,1.1814677810884215
5-13C,10.0,426.0222,0.29703522105246283,0.4695906162547051
5-13C,10.0,442.9997,-0.17090497767304602,0.20007999353190142
5-13C,10.0,466.9657,0.8248296707244149,0.2880725298549393
5-13C,10.0,490.9787,-0.033417610766875216,0.867328121094383
5-13C,10.0,503.1614,0.5018081400095704,0.6944276088373966
5-13C,10.0,547.0731,0.05474410100794347,0.1354004647394123
5-13C,10.0,565.0471,0.8967238370641126,0.5067475022963771
5-13C,10.0,578.8872,0.4672122013116265,0.06548692622685769
5-13C,10.0,579.0269,0.06923609979796458,0.0806270057328372
5-13C,10.0,612.2549,-1.2740197180313124,0.44907462083871236
5-13C,10.0,624.2949,-0.04687243375961683,0.37620276069961395
5-13C,10.0,659.307,0.9085284892914975,0.6529400026535752
5-13C,10.0,664.0939,-0.3320551554510611,0.12428050829136521
5-13C,10.0,665.2144,-0.4063579730037957,0.03731326755805325
5-13C,10.0,668.1374,-0.5520556318482435,0.021323359465005177
5-13C,10.0,787.255,0.25805328168742137,0.6964627370504898
5-13C,10.0,790.2568,0.5235261836356554,0.5983570243234286
5-13C,10.0,835.0407,-0.7366439264570213,0.1893198155859437
5-13C,10.0,863.2971,-0.7380467071007035,0.08533472392766395
5-13C,10.0,864.1473,-0.05543659400750979,0.2610031014435128
5-13C,10.0,974.2935,-0.7659038327370331,0.36356809425039993
5-13C,10.0,976.7162,0.8021200244539435,0.2866490301616487
5-13C,11.0,57.0342,-0.7395805296151511,0.3362460824852152
5-13C,11.0,58.0295,2.442963529988573,0.5725347445105076
5-13C,11.0,59.0135,-0.33044179438745774,0.15950089114680538
5-13C,11.0,71.0137,-0.34081891208193626,0.09638149242454869
5-13C,11.0,73.0293,-0.6680834371987064,0.025846174995736288
5-13C,11.0,74.0247,0.8410997019849165,0.2592912654616491
5-13C,11.0,75.0087,0.9122429877210989,0.3306386206545432
5-13C,11.0,87.0088,-0.6666477415950841,0.013229406402840144
5-13C,11.0,87.0451,-0.6716827312757583,0.39876642591443895
5-13C,11.0,88.0403,0.34514124755185166,0.02698422963190279
5-13C,11.0,88.9883,-0.6932714612581906,0.5117832483936318
5-13C,11.0,89.0244,-0.8979358966924023,0.11868321207200819
5-13C,11.0,93.0338,-0.013928698418511343,0.014368861810166302
5-13C,11.0,94.9761,-0.981893161029189,0.3578779362014478
5-13C,11.0,94.9806,0.810067724590277,0.15403599064307977
5-13C,11.0,95.0139,-0.304334778950152,0.06997664871548342
5-13C,11.0,101.0242,-0.7787388019188924,0.2064725268885847
5-13C,11.0,102.056,-0.11031309430352201,0.0406046526263175
5-13C,11.0,103.0402,-0.26832319070204136,0.044683625750457985
5-13C,11.0,103.0509,-0.3989949599327968,0.15646770345870467
5-13C,11.0,104.0352,0.10222711404389812,0.6955813775348164
5-13C,11.0,105.0193,-0.3710071851863743,0.18586667961807773
5-13C,11.0,107.0503,0.3590530687751125,0.26916761999359384
5-13C,11.0,109.0295,1.5452427818419352,0.2589688833237687
5-13C,11.0,111.02,1.3447367436491353,0.21470597685474213
5-13C,11.0,112.0516,0.5464552605381179,0.19561902128148853
5-13C,11.0,113.0244,-0.33692589005931206,0.06511260644410724
5-13C,11.0,113.0357,1.0159967833193648,0.19790987568866292
5-13C,11.0,114.056,-0.2424556212689225,0.002275225083841613
5-13C,11.0,115.0037,0.1800977178463365,0.11623431711890526
5-13C,11.0,115.0402,-0.755514634136602,0.46991340211529975
5-13C,11.0,115.0764,-0.0135611736645045,0.3869466650259115
5-13C,11.0,116.0354,0.8412570199490168,0.47456087163978394
5-13C,11.0,116.0717,-0.39702303708486586,0.025519958115682813
5-13C,11.0,117.0194,-0.6486332272107412,0.017999242944899824
5-13C,11.0,118.0508,-0.12568405403760075,0.32314991544998556
5-13C,11.0,118.9804,-0.33011951414383944,0.07989967784461695
5-13C,11.0,119.0503,-0.3170258326170609,0.21739302115036999
5-13C,11.0,120.9273,-0.6266769214618908,0.03444411544492987
5-13C,11.0,121.0295,-1.0084214851044555,0.36827954711892674
5-13C,11.0,121.0409,-0.5607655338643688,0.47671415002921563
5-13C,11.0,122.0248,-0.0262335781924483,0.35682155204278504
5-13C,11.0,124.0075,-0.5245370865085964,0.12282644125661663
5-13C,11.0,124.0144,-0.2552796374806396,0.21907079445782696
5-13C,11.0,125.0439,-0.5616112543836224,0.08295517558011396
5-13C,11.0,127.0764,-0.2039484409216087,0.7835552860504605
5-13C,11.0,128.0354,-0.2218913017014627,0.04592005966551316
5-13C,11.0,129.0193,0.18760775172436484,0.16378878369912098
5-13C,11.0,129.0556,-0.8655866674675539,0.44005943197958747
5-13C,11.0,130.0142,0.02739960831860122,0.8331397561459537
5-13C,11.0,130.0509,2.188175545997589,0.2802251876478531
5-13C,11.0,130.0874,0.21952723629398938,0.08484196787896724
5-13C,11.0,131.0008,-0.8298336105526996,0.055111517432154054
5-13C,11.0,131.0123,-0.5547286768767448,0.07202436449220401
5-13C,11.0,131.035,-0.9094857456992755,0.11776450533317209
5-13C,11.0,131.0462,-0.6601067211406586,0.10015513846202062
5-13C,11.0,131.0828,-0.4012962629684116,0.23776302113563308
5-13C,11.0,132.0302,1.3448175501264776,0.1993134557683629
5-13C,11.0,133.0142,0.021461241928731375,0.11901840166500297
5-13C,11.0,133.0257,0.01868387556820439,0.10005489508877109
5-13C,11.0,133.0505,0.850302612479607,0.20899694276061614
5-13C,11.0,134.0472,3.90477163143316,0.5020156228593149
5-13C,11.0,134.0604,1.3417169803006426,1.1435413206372456
5-13C,11.0,135.0302,0.5074175960478297,0.1022018558124633
5-13C,11.0,135.0453,0.6363988669069545,0.2383074004020765
5-13C,11.0,136.0404,-0.37758549345376385,0.06996722737132738
5-13C,11.0,136.0487,0.34065431923234857,0.22279724971630122
5-13C,11.0,136.0767,0.05067205721578148,0.4560943013071442
5-13C,11.0,137.0239,-0.10596065775324068,0.2571930820978241
5-13C,11.0,138.9789,-0.3210833288851477,0.22433464091956065
5-13C,11.0,139.0014,-0.044878978867161336,0.043963515248962075
5-13C,11.0,139.0067,-0.7524088229464327,0.01174599032993708
5-13C,11.0,139.976,0.1829444989518137,0.60340607597252
5-13C,11.0,143.0713,-0.7470413024373495,0.17118313948983974
5-13C,11.0,143.1077,-0.505997389369604,0.20139211266345086
5-13C,11.0,145.0141,-0.3887117566630176,0.021363291519134523
5-13C,11.0,145.0506,0.2592938190233482,0.09242023523199795
5-13C,11.0,145.0623,1.538768124069649,0.22638129286149705
5-13C,11.0,145.0982,-0.6152947698701607,0.21483852912414855
5-13C,11.0,145.1106,-0.5152542008975592,1.4375308007696976
5-13C,11.0,146.0459,0.04263755835629032,0.04727064936956456
5-13C,11.0,147.0298,-0.22699991927661728,0.07897750987552277
5-13C,11.0,147.0662,1.3062255169528154,0.1857441115925033
5-13C,11.0,149.0092,-0.2258599525449465,0.3212415527511085
5-13C,11.0,149.0456,0.0587997513433879,0.30592080507949093
5-13C,11.0,149.0608,0.10091834963255081,0.4603594655373214
5-13C,11.0,150.0422,0.6898247876525819,0.33411044151742947
5-13C,11.0,150.9707,-0.5883802349324824,0.45212101611434685
5-13C,11.0,151.0259,0.8724085264818142,0.20023472548402282
5-13C,11.0,151.04,-0.17297160288941996,0.49054255710492806
5-13C,11.0,151.06,-0.16227193149555663,0.7197895565910966
5-13C,11.0,152.0353,0.30860714157959646,0.5472166169703557
5-13C,11.0,152.0716,-1.2320037059785482,0.5508269575441047
5-13C,11.0,153.0192,0.7083664236126049,0.20606686942248656
5-13C,11.0,154.062,-0.27452292996591043,0.30511117980287106
5-13C,11.0,154.9751,-0.6181692105901457,0.049607900887159884
5-13C,11.0,155.0099,1.235473940629695,0.21100167725571212
5-13C,11.0,157.0128,-0.19925050947605583,0.1669328566376129
5-13C,11.0,157.0255,0.859610053583495,0.14451544546836728
5-13C,11.0,157.0379,0.8683179956197049,0.22880612705559625
5-13C,11.0,157.0504,0.5647594353357008,0.16367337390048062
5-13C,11.0,159.0297,-0.9656689568843484,0.14524115379056643
5-13C,11.0,159.0775,0.7708854259918112,0.08876622737665146
5-13C,11.0,160.0616,1.957749218535072,0.6118460285335143
5-13C,11.0,161.0453,-1.3243889010342018,0.1305195917538004
5-13C,11.0,162.0424,-0.16523128347565408,0.1424309772855173
5-13C,11.0,163.0351,-0.5988956274696957,0.24485880189608722
5-13C,11.0,163.0398,1.60569338618691,0.20271115969140935
5-13C,11.0,163.0611,-0.24718400017295789,0.8863751802276497
5-13C,11.0,164.0716,-0.5006098512735756,0.047169029301152535
5-13C,11.0,165.03,-0.3309066990795145,0.7424700960048102
5-13C,11.0,165.0405,-0.3617922899034794,0.20417431764999308
5-13C,11.0,165.0556,-0.506914191117586,0.19364789186415537
5-13C,11.0,166.0508,1.4064743349352646,0.4977909438153269
5-13C,11.0,166.0632,-0.07844073114842709,0.39061044106846615
5-13C,11.0,166.9759,1.0065005255739665,0.1852847816108041
5-13C,11.0,167.0207,-0.25629738276527947,0.1688566853959334
5-13C,11.0,167.0358,-0.593936167127493,0.13616304982186764
5-13C,11.0,167.0828,-0.774813022126686,0.41542026929148
5-13C,11.0,168.0277,-0.030463009091195325,0.040790837427793665
5-13C,11.0,168.0664,-0.07570425338917737,0.5597401590227774
5-13C,11.0,170.0455,-0.4754712833168937,0.029573181580016664
5-13C,11.0,171.0065,0.5047878139570237,0.1314362698128689
5-13C,11.0,171.0092,0.637158892251351,0.1918963807560947
5-13C,11.0,171.0284,-0.5655954204200476,0.10938244588290537
5-13C,11.0,172.0616,2.769205821434336,0.4903547541321018
5-13C,11.0,172.962,-0.552073971015819,0.03862218267483119
5-13C,11.0,173.0089,0.6843543146624504,0.2458924328149936
5-13C,11.0,173.0453,-0.015120748472131124,0.03692159751671718
5-13C,11.0,173.0932,0.8481434630248896,0.1250246132104537
5-13C,11.0,173.1041,-0.5986964891140608,0.1586419749153821
5-13C,11.0,174.0407,2.6667586008732,0.3152983679812196
5-13C,11.0,174.088,1.9962667330091983,0.16303238847613577
5-13C,11.0,175.022,-0.2843194323367023,0.11135227527140405
5-13C,11.0,175.0361,1.3050025201748345,0.18089415809439638
5-13C,11.0,175.0611,1.1217026118257425,0.2038036415022763
5-13C,11.0,176.0776,0.9391163390272312,0.3334135630811887
5-13C,11.0,177.0402,-0.7552797851159947,0.5685924185908964
5-13C,11.0,177.0553,0.08340173577419902,0.7744368207467368
5-13C,11.0,178.0509,1.7536707969821195,0.2599926132069493
5-13C,11.0,179.0348,1.154450037801125,0.3886235937836372
5-13C,11.0,179.0561,-0.1612804364897042,0.1235726928631414
5-13C,11.0,180.0663,-0.12176992853870719,0.09916464714530392
5-13C,11.0,181.0505,-0.6995652795583963,0.14786054726178124
5-13C,11.0,182.9725,-0.48995964224666666,0.132164588419427
5-13C,11.0,183.0661,-0.9200403616275846,0.16510919731700896
5-13C,11.0,184.0017,0.209002079341786,0.12974721412868512
5-13C,11.0,184.9856,2.828889962925454,0.26062105114517653
5-13C,11.0,186.1136,-0.035116143788713416,0.9878812673845286
5-13C,11.0,187.0234,-0.9079148357734015,0.4235726890217954
5-13C,11.0,188.035,0.15029138727227573,0.9447699906965381
5-13C,11.0,188.0565,0.825188550770917,0.13498679227566202
5-13C,11.0,189.0405,-0.7282676646813926,0.05815432766590672
5-13C,11.0,191.0197,3.327226106167018,0.632946208140016
5-13C,11.0,191.0561,0.6862650495972513,0.23265234357238654
5-13C,11.0,192.0663,-0.4458319794995089,0.4488872031262071
5-13C,11.0,193.0349,0.3014446316284188,0.3526526963058027
5-13C,11.0,194.0682,3.125456847579453,0.29445522017549114
5-13C,11.0,194.0822,0.17673426921673047,0.4805541396856202
5-13C,11.0,195.0509,0.7945031841266197,0.19048093385190315
5-13C,11.0,195.0657,0.5073629755103899,0.6599961407555897
5-13C,11.0,196.0603,1.5522510716387967,0.19673353687781617
5-13C,11.0,198.0182,-0.29341745090076,0.2358321714780176
5-13C,11.0,199.0019,-0.23598810542140064,0.33524192029716554
5-13C,11.0,200.9937,-0.3977021677799072,0.4227425054566383
5-13C,11.0,201.0051,0.02371294029110481,0.6185340490205441
5-13C,11.0,203.0348,-0.6640194983554646,0.12550966008312534
5-13C,11.0,203.0826,-0.08231533750913513,0.040757930307882155
5-13C,11.0,204.0498,-0.44391685100385236,0.13776453071967462
5-13C,11.0,205.0351,-0.3175674614703679,0.18981716042652397
5-13C,11.0,206.0822,0.3676885171433417,0.47211369274765197
5-13C,11.0,209.0292,-0.3843055120634097,0.11926141146592362
5-13C,11.0,209.0814,-0.8335827074083678,0.27705450081351407
5-13C,11.0,211.0235,-0.5774223644261636,0.31068082752923987
5-13C,11.0,211.9968,2.6196482753628536,0.4647458216733387
5-13C,11.0,212.0331,-0.14240826578904672,0.34710830202419396
5-13C,11.0,212.9807,-0.40552700570087297,0.1111141141651819
5-13C,11.0,213.014,0.2726921476051912,0.16487607087040487
5-13C,11.0,213.0384,-0.6845372861959097,0.505986081504002
5-13C,11.0,213.1252,-0.5332738133847681,0.0638847793193966
5-13C,11.0,214.0488,0.305153378254968,0.5502677644837826
5-13C,11.0,215.0331,-0.12184341061598417,0.1462469625276393
5-13C,11.0,216.1351,-0.41330901470746223,0.1462560893369891
5-13C,11.0,218.0335,-0.28496833178213815,0.11017118319244527
5-13C,11.0,218.1034,1.9288848417121298,0.15629477510734752
5-13C,11.0,220.0828,-0.6754608190076132,0.5419246016502678
5-13C,11.0,221.0443,-0.4178235923621777,0.19254211379627967
5-13C,11.0,221.0664,-0.5315727139899049,0.3496526420432339
5-13C,11.0,225.0399,-0.33130211821306105,0.5920827619317545
5-13C,11.0,225.0861,-0.18115738038936724,0.45144033229165803
5-13C,11.0,225.0901,0.2531304477196744,0.17895374520649648
5-13C,11.0,226.0135,-0.14068928975925632,0.2464063097531014
5-13C,11.0,226.0697,-0.6694347565803318,0.22430608015394918
5-13C,11.0,228.0501,-0.38789745820734833,0.33415530907611524
5-13C,11.0,229.0122,4.965448029027581,1.1015890123803989
5-13C,11.0,237.0614,1.6063818616138716,0.5200019608410551
5-13C,11.0,238.0945,-0.5719792437342485,0.4886004649914588
5-13C,11.0,240.0515,1.6625810631460585,0.20451161477995292
5-13C,11.0,241.0844,0.022092235491590118,0.5548164830854386
5-13C,11.0,242.0804,-1.058804439264029,0.28199283510298423
5-13C,11.0,243.029,0.008341881951380872,0.47014922841797097
5-13C,11.0,243.0625,1.4737961259319654,0.7291307796383691
5-13C,11.0,245.0444,0.5743503927585347,0.6724754127024213
5-13C,11.0,246.0198,-0.2525573910888829,0.34007339901924355
5-13C,11.0,246.064,-0.18332267379854877,0.2191247987736825
5-13C,11.0,251.0816,0.07652107752449044,0.6367006577313451
5-13C,11.0,253.0119,-0.16153695016154618,0.0278227662316297
5-13C,11.0,253.0499,0.015709738607370856,0.5623310255747759
5-13C,11.0,257.0072,-0.10030587588916826,0.4554333398055681
5-13C,11.0,257.1028,-0.042291123770137946,0.3448203656071838
5-13C,11.0,259.005,-0.2595742164075324,0.803108230995728
5-13C,11.0,259.0227,2.8452949736692577,0.4192196954599844
5-13C,11.0,261.0385,4.976076519281979,0.6226029856275002
5-13C,11.0,266.0703,0.3349926232235524,0.20201813040202532
5-13C,11.0,267.0724,-0.640941112454939,0.05751402322743427
5-13C,11.0,268.02,-0.8251598065995341,0.28891709228122103
5-13C,11.0,269.0398,-0.6962358552956618,0.138613572449434
5-13C,11.0,271.0612,0.016652678923164202,0.3036149920685817
5-13C,11.0,271.0815,-0.9472210550751554,0.7000476321681112
5-13C,11.0,273.0021,-0.6940309900150441,0.23705359103597817
5-13C,11.0,274.0933,3.375217591169612,0.08517547392699658
5-13C,11.0,275.0184,1.6583205810408366,0.29718496857507076
5-13C,11.0,275.0991,1.729059914914505,0.20690982176343978
5-13C,11.0,277.1207,-0.5174755106241473,0.04711811406481069
5-13C,11.0,277.2169,-0.165779085574429,0.116551920448162
5-13C,11.0,279.2331,-0.29076204660378413,0.03016099137348355
5-13C,11.0,282.0839,-0.42184717215524864,0.3068397465924561
5-13C,11.0,283.2063,-0.3436312073629981,0.16428839545613405
5-13C,11.0,285.0972,-1.1609786123664516,0.14860209460500015
5-13C,11.0,287.0157,0.1681767276909603,0.6089270590944588
5-13C,11.0,288.0725,0.7632610939110941,0.17863937148494916
5-13C,11.0,289.0333,4.7916561566948666,0.7439391881530375
5-13C,11.0,289.1044,3.727140535082607,0.36562679871344966
5-13C,11.0,290.9677,-0.18630219335720277,0.09592507847966074
5-13C,11.0,294.0479,0.8359097564596889,0.4642296053227458
5-13C,11.0,300.0509,1.316936729181562,0.9083951245561228
5-13C,11.0,301.0333,-1.350693158823328,0.588065298537593
5-13C,11.0,303.2326,-0.004340587840486132,0.6233826021100833
5-13C,11.0,305.0207,-0.1029226185366412,0.16282078665068306
5-13C,11.0,306.0481,1.7398538113306952,0.304729865221521
5-13C,11.0,306.0765,8.99754698558241,0.7337632844342902
5-13C,11.0,308.0986,-0.3006125863819964,0.07095803979813317
5-13C,11.0,313.0441,4.598489748448236,0.5120430917060991
5-13C,11.0,313.1037,0.5346890600904718,0.558372132572454
5-13C,11.0,317.026,-0.06632277322395522,0.9428047706018379
5-13C,11.0,323.0256,1.9996635218568244,0.8822949772292452
5-13C,11.0,325.1163,0.7862730886893535,0.8302218745572305
5-13C,11.0,328.0457,2.362381051050091,0.3170778333956039
5-13C,11.0,333.0589,0.3944130895712512,0.20409584886331264
5-13C,11.0,338.9884,3.219316585302087,0.5144175652553981
5-13C,11.0,339.0928,0.44273944632461365,0.6176057739112943
5-13C,11.0,341.1089,-0.3062209437759452,0.31125007627109336
5-13C,11.0,344.0393,5.316301673351147,0.6396082239082393
5-13C,11.0,346.0556,7.5593290113507035,1.0878068504149694
5-13C,11.0,348.087,1.7782527015585148,0.16607378539767836
5-13C,11.0,353.0489,1.1269283579629676,0.5189977026993294
5-13C,11.0,357.089,2.2878972487120093,0.4117971973156554
5-13C,11.0,375.131,3.1299450043135923,1.2607417794304685
5-13C,11.0,377.1496,-0.10034060488024872,0.7776852671688228
5-13C,11.0,383.1188,0.9028582102707265,0.5545406853704217
5-13C,11.0,388.9416,-0.4154433138827392,0.3350388568880325
5-13C,11.0,388.9442,-0.5042533142112926,0.37650820558468967
5-13C,11.0,401.0756,-0.6077757764645566,0.08318064778924286
5-13C,11.0,407.2795,-0.6625032651083216,0.2235966699502091
5-13C,11.0,421.0743,0.9325268490698939,0.9924345108167151
5-13C,11.0,426.0222,7.880236136294823,0.7115770524361877
5-13C,11.0,442.9997,-0.06476590860507797,0.17446514315161074
5-13C,11.0,466.9657,-0.3417372580261407,0.1952289454752812
5-13C,11.0,490.9787,-0.48479737462833017,1.1347127924400562
5-13C,11.0,503.1614,1.2648220185090353,0.40038927022225196
5-13C,11.0,547.0731,2.2190170600818853,0.45507944588001153
5-13C,11.0,565.0471,10.235399779562545,0.9378893280895745
5-13C,11.0,578.8872,-0.45662108226898757,0.07157542729324703
5-13C,11.0,579.0269,-0.5406570927378505,0.07278710899712929
5-13C,11.0,612.2549,0.2782840444765031,0.6091626465403586
5-13C,11.0,624.2949,0.34571650145515664,0.1929360224200046
5-13C,11.0,659.307,-0.2802166419799002,0.29611196788122596
5-13C,11.0,664.0939,-0.06787539471497084,0.1419645599514789
5-13C,11.0,665.2144,1.051639200533969,0.6133664890412432
5-13C,11.0,668.1374,2.163494374125695,0.207566120026579
5-13C,11.0,787.255,0.7620379562356838,0.3156993860996285
5-13C,11.0,790.2568,-0.0402970106021457,0.37267230255512873
5-13C,11.0,835.0407,0.2372273112214997,0.22323261599141977
5-13C,11.0,863.2971,-0.4543718798700199,0.14222645702423425
5-13C,11.0,864.1473,-0.05340523243371656,0.47068010945540595
5-13C,11.0,974.2935,-0.7218861001076515,0.49875346800127734
5-13C,11.0,976.7162,-0.19379927550968926,0.21995632876384202
5-13C,12.0,57.0342,-1.3316995739985087,0.20759150854884195
5-13C,12.0,58.0295,2.130491392742416,0.245500945123924
5-13C,12.0,59.0135,-0.7718997034386521,0.06597593089434417
5-13C,12.0,71.0137,-0.8309447480416685,0.038037430538027786
5-13C,12.0,73.0293,-0.2666177197252391,0.052887196141615835
5-13C,12.0,74.0247,0.17983822172417613,0.5497260930650392
5-13C,12.0,75.0087,0.6476216202852795,0.48039960056507836
5-13C,12.0,87.0088,-0.6619811565961748,0.01468469731502836
5-13C,12.0,87.0451,-0.9299187255091208,0.4046598179821713
5-13C,12.0,88.0403,0.49807553921072956,0.06481814105813351
5-13C,12.0,88.9883,-0.4014915259852152,0.30949494997180643
5-13C,12.0,89.0244,-1.0561838073698229,0.04110264902793648
5-13C,12.0,93.0338,-0.02460129088808529,0.011928841699481878
5-13C,12.0,94.9761,-1.1964961475451772,0.23628376118030753
5-13C,12.0,94.9806,0.8255238328610637,0.2211117172100271
5-13C,12.0,95.0139,-0.8095129150231307,0.10912579502394129
5-13C,12.0,101.0242,-1.1146138077246426,0.06092091183155226
5-13C,12.0,102.056,-0.379331655858807,0.059768712182721784
5-13C,12.0,103.0402,-0.10100390959470651,0.025461649406644464
5-13C,12.0,103.0509,-0.20236371907817846,0.21535400721460488
5-13C,12.0,104.0352,0.09316401856818343,0.11951701962105833
5-13C,12.0,105.0193,-0.2704510626590947,0.2889403746559624
5-13C,12.0,107.0503,-0.08079166506704823,0.36496306846362164
5-13C,12.0,109.0295,0.7112601022123575,0.11521942717223839
5-13C,12.0,111.02,0.8418515233349292,0.07874741160094738
5-13C,12.0,112.0516,0.20296274599141886,0.4315823167973014
5-13C,12.0,113.0244,-0.8215436911250724,0.022141373697269203
5-13C,12.0,113.0357,0.47717519817316845,0.08225100356996047
5-13C,12.0,114.056,-0.2450095010053206,0.0028511401054278985
5-13C,12.0,115.0037,0.14631069311776723,0.07665867522267833
5-13C,12.0,115.0402,-0.5631589752040003,0.21289393059297584
5-13C,12.0,115.0764,-0.6478836212494035,0.3349329605793
5-13C,12.0,116.0354,1.0740013820483743,0.46255768669260844
5-13C,12.0,116.0717,-0.24496009584409179,0.03681099786942933
5-13C,12.0,117.0194,-0.31755337621681856,0.03377664267637804
5-13C,12.0,118.0508,-0.23469634771164777,0.1329447414161674
5-13C,12.0,118.9804,-0.8203902221368503,0.028861327031626065
5-13C,12.0,119.0503,0.14095016624013235,0.23288192119722537
5-13C,12.0,120.9273,-0.5215656852199941,0.01913498883082226
5-13C,12.0,121.0295,-1.1455192135183374,0.28488055385504485
5-13C,12.0,121.0409,-1.1250098582103973,0.25191312804426536
5-13C,12.0,122.0248,-0.62557675778286,0.17013291548401643
5-13C,12.0,124.0075,-0.6000914748678512,0.17172258186633674
5-13C,12.0,124.0144,-0.9507999707284207,0.10825832428107802
5-13C,12.0,125.0439,-0.829756170693088,0.18062559603375536
5-13C,12.0,127.0764,-0.5582388357553296,0.2199218024017473
5-13C,12.0,128.0354,-0.2558781952188566,0.018198346929368805
5-13C,12.0,129.0193,0.3522877891721852,0.15178330973934231
5-13C,12.0,129.0556,-0.8630132373850338,0.5073018938678507
5-13C,12.0,130.0142,0.6078712991707083,0.2879418552493483
5-13C,12.0,130.0509,2.173651989439521,0.0701161448266138
5-13C,12.0,130.0874,0.35066288655030003,0.15821202116018587
5-13C,12.0,131.0008,-0.6912313922529342,0.22700597528367714
5-13C,12.0,131.0123,-0.4600892939147775,0.06112478456588459
5-13C,12.0,131.035,-1.1414483675193474,0.08938109628163661
5-13C,12.0,131.0462,-0.8859992105122476,0.19337485138833324
5-13C,12.0,131.0828,-0.36894680325191753,0.15763695062886307
5-13C,12.0,132.0302,1.156904216376217,0.14386601671698332
5-13C,12.0,133.0142,-0.16306641338503924,0.07667141158214451
5-13C,12.0,133.0257,-0.07279014961552982,0.15993443903663343
5-13C,12.0,133.0505,0.900391157596006,0.07048082411498652
5-13C,12.0,134.0472,1.2135428349877517,0.32482880734026653
5-13C,12.0,134.0604,1.6150993564396117,0.2503142935283636
5-13C,12.0,135.0302,-0.5104067203129278,0.10116908378795202
5-13C,12.0,135.0453,1.3871325162724828,0.15219209846666604
5-13C,12.0,136.0404,-0.2887015801156554,0.06347198290756761
5-13C,12.0,136.0487,0.9211229553145455,0.24693872537867664
5-13C,12.0,136.0767,-0.44321119677144855,0.3152114983423653
5-13C,12.0,137.0239,-0.1455726282401802,0.14266679387207803
5-13C,12.0,138.9789,-0.5289178913508419,0.24102465607622747
5-13C,12.0,139.0014,0.2112449284096936,0.03611985554241652
5-13C,12.0,139.0067,-0.7876857169660725,0.02196863927218738
5-13C,12.0,139.976,-0.42378327150605555,0.43915327003547705
5-13C,12.0,143.0713,-1.1503523930663047,0.2910165842716622
5-13C,12.0,143.1077,-0.694121040263088,0.17014519792668145
5-13C,12.0,145.0141,-0.3545775296277497,0.060761496507678675
5-13C,12.0,145.0506,1.170694885323575,0.055523235948004984
5-13C,12.0,145.0623,0.7398302261319096,0.22621250598888676
5-13C,12.0,145.0982,-0.6797075864732304,0.056083700311847874
5-13C,12.0,145.1106,-0.1886367327219934,0.7042919886570655
5-13C,12.0,146.0459,-0.3462027585529983,0.007668142419055583
5-13C,12.0,147.0298,0.06907782657647253,0.05150692893177435
5-13C,12.0,147.0662,1.3579934926045099,0.08572801130933942
5-13C,12.0,149.0092,-1.1308512551288001,0.3958240369808981
5-13C,12.0,149.0456,-0.3919913858111195,0.09917219587454316
5-13C,12.0,149.0608,-1.0275819997353401,0.5105453709651961
5-13C,12.0,150.0422,0.25309632783125857,0.1704837460459117
5-13C,12.0,150.9707,-0.32569360373202194,0.9256280449247681
5-13C,12.0,151.0259,-0.5537427550049863,0.057931971071982946
5-13C,12.0,151.04,-0.6499000553529377,0.07552838805507534
5-13C,12.0,151.06,-0.25508422258639685,0.5732624334509964
5-13C,12.0,152.0353,-0.38143502086149494,0.34875488401295496
5-13C,12.0,152.0716,-1.1528524212142344,0.28223358155531564
5-13C,12.0,153.0192,-0.8437315620794574,0.015272559375900855
5-13C,12.0,154.062,-0.25518991917728023,0.05936821231811459
5-13C,12.0,154.9751,-0.16870101332626164,0.0683591177750148
5-13C,12.0,155.0099,0.8638568328433502,0.07055398410126505
5-13C,12.0,157.0128,-0.24019918695346104,0.06654330227467359
5-13C,12.0,157.0255,0.616840631457998,0.07442124475963309
5-13C,12.0,157.0379,0.6586268687003005,0.11184489740035294
5-13C,12.0,157.0504,0.5764975279977607,0.035766025491727055
5-13C,12.0,159.0297,-1.2793136174296782,0.14490984543229438
5-13C,12.0,159.0775,0.47081946166030786,0.06489103274166684
5-13C,12.0,160.0616,1.674847185562737,0.7148779601229929
5-13C,12.0,161.0453,-1.479969825750004,0.06443751415847725
5-13C,12.0,162.0424,-0.40749717596900015,0.09352137958542736
5-13C,12.0,163.0351,-0.4383676118193367,0.15354703998924038
5-13C,12.0,163.0398,1.4873287672338753,0.15560855616906905
5-13C,12.0,163.0611,1.193780566499386,0.7382380742216138
5-13C,12.0,164.0716,-0.5392242690497036,0.07633796071721831
5-13C,12.0,165.03,0.05991355342604475,0.5026705421310299
5-13C,12.0,165.0405,-1.159402043154569,0.31382713414983854
5-13C,12.0,165.0556,-0.7990279596226781,0.07023918160962794
5-13C,12.0,166.0508,1.9983448277051337,0.2170975495580796
5-13C,12.0,166.0632,0.573550307023929,0.4009333353433079
5-13C,12.0,166.9759,1.0352070967535651,0.433726678680921
5-13C,12.0,167.0207,0.09268630761116657,0.2564841064741818
5-13C,12.0,167.0358,-1.157741779354823,0.18735271119653385
5-13C,12.0,167.0828,-0.7812951558820256,0.7552255089621358
5-13C,12.0,168.0277,-0.49627656510563234,0.03143625327635315
5-13C,12.0,168.0664,-1.2146568051831197,1.081630006806925
5-13C,12.0,170.0455,-0.28925436213784905,0.05644065349081202
5-13C,12.0,171.0065,0.6294194371312123,0.24132562912105396
5-13C,12.0,171.0092,0.5132928745049534,0.23440223077826014
5-13C,12.0,171.0284,-0.5559480484428416,0.054857400429008815
5-13C,12.0,172.0616,1.946024201592911,0.0990603545321976
5-13C,12.0,172.962,-0.5659843774346003,0.030509205334701243
5-13C,12.0,173.0089,0.5283780845609831,0.2845129606600277
5-13C,12.0,173.0453,0.7064364118037962,0.14511308442254306
5-13C,12.0,173.0932,0.6309542667720607,0.0769512507003225
5-13C,12.0,173.1041,-0.5602300359977463,0.08121887440114672
5-13C,12.0,174.0407,2.4513155426326003,0.08788493378897039
5-13C,12.0,174.088,2.220715839068961,0.024918385338662218
5-13C,12.0,175.022,0.16240229289701213,0.09513057712285118
5-13C,12.0,175.0361,1.2524602700328393,0.08545119390613194
5-13C,12.0,175.0611,1.2559375594191413,0.037500573946436286
5-13C,12.0,176.0776,1.0612004017639118,0.23215310802126832
5-13C,12.0,177.0402,-0.5148975694965124,0.25209335114495446
5-13C,12.0,177.0553,-0.052069244244437235,0.6915062273879626
5-13C,12.0,178.0509,2.593766010144437,0.13104105025036225
5-13C,12.0,179.0348,0.9665091591859613,0.3328949899486982
5-13C,12.0,179.0561,-0.6977119166203396,0.024894840381146824
5-13C,12.0,180.0663,-0.6568546442869034,0.07238971528578952
5-13C,12.0,181.0505,-0.6602819598156406,0.09570624609470241
5-13C,12.0,182.9725,-0.9150974432606868,0.03811376717055395
5-13C,12.0,183.0661,-0.8539823339886128,0.42338831075964206
5-13C,12.0,184.0017,-0.4244417804586633,0.02735458616469869
5-13C,12.0,184.9856,2.4997129295181226,0.27996635018063515
5-13C,12.0,186.1136,-0.4101806243000012,0.25678477923005
5-13C,12.0,187.0234,0.9338054644930415,0.2750348688633136
5-13C,12.0,188.035,0.011992910049754649,0.6337960883808407
5-13C,12.0,188.0565,0.8336308631313436,0.06570284845719764
5-13C,12.0,189.0405,-0.6025300620091955,0.06681863401201305
5-13C,12.0,191.0197,2.7665575190120286,0.43651850382550067
5-13C,12.0,191.0561,1.2076931845222771,0.12103430191868472
5-13C,12.0,192.0663,-0.6219916622099497,0.36548849679369033
5-13C,12.0,193.0349,0.05110583421586598,0.1813555884158282
5-13C,12.0,194.0682,2.5272386085371323,0.5368329039495063
5-13C,12.0,194.0822,-0.6291510539785308,0.42115658684206053
5-13C,12.0,195.0509,-0.3126337881496082,0.08005824066988321
5-13C,12.0,195.0657,0.1072790164900227,0.6124599073989193
5-13C,12.0,196.0603,2.173533453130133,0.3376607129703653
5-13C,12.0,198.0182,0.055310621846575786,0.44458949538342224
5-13C,12.0,199.0019,1.85764945773488,0.5756370245889827
5-13C,12.0,200.9937,-0.8057306363341283,0.12216498223605814
5-13C,12.0,201.0051,0.7469127723490097,0.29919531260124627
5-13C,12.0,203.0348,-0.5178927366395784,0.154068217515412
5-13C,12.0,203.0826,-0.05642790098163468,0.046198101641068544
5-13C,12.0,204.0498,-0.554125605769768,0.2593811760588821
5-13C,12.0,205.0351,0.010117937111589027,0.20646368952924826
5-13C,12.0,206.0822,-1.1362218806174513,0.8975993136064243
5-13C,12.0,209.0292,-0.4729467348867478,0.04887727457840177
5-13C,12.0,209.0814,0.5509586459340292,0.20263979546985575
5-13C,12.0,211.0235,0.14186903955138755,0.3854021753431039
5-13C,12.0,211.9968,2.294082858228693,0.17643294280442462
5-13C,12.0,212.0331,-0.25106218317451157,0.11008662036934422
5-13C,12.0,212.9807,-0.5101164679168483,0.23952748111740235
5-13C,12.0,213.014,0.14568185527425404,0.26110227299266997
5-13C,12.0,213.0384,-0.32060993460360643,0.19597454743887097
5-13C,12.0,213.1252,-0.4295312944494465,0.2577414724548849
5-13C,12.0,214.0488,-0.26549138997295096,0.37265634086229465
5-13C,12.0,215.0331,-0.616758314209036,0.04791201468962237
5-13C,12.0,216.1351,-0.8110828858755019,0.13985298327270895
5-13C,12.0,218.0335,-0.7027890211228082,0.03587388927687296
5-13C,12.0,218.1034,2.142686543400853,0.1598490476468219
5-13C,12.0,220.0828,1.9817709825726528,1.1022056333461745
5-13C,12.0,221.0443,-0.794823457705643,0.03247093044879986
5-13C,12.0,221.0664,-1.7306134686708075,0.22512808315779134
5-13C,12.0,225.0399,-0.9254784247026155,0.8314308505993575
5-13C,12.0,225.0861,-0.6999074860310593,0.12244290508434102
5-13C,12.0,225.0901,-0.39350616426092955,0.3601061704685397
5-13C,12.0,226.0135,-0.3973570660328558,0.20419175179784813
5-13C,12.0,226.0697,-1.0198391220273804,0.2553329458380375
5-13C,12.0,228.0501,-0.40036901200462804,0.1353393258901526
5-13C,12.0,229.0122,4.4594883363225355,0.6782728215904248
5-13C,12.0,237.0614,1.8994168132974865,0.42653655773253746
5-13C,12.0,238.0945,-0.5484448334999028,0.057230082131267034
5-13C,12.0,240.0515,2.131568135603188,0.05617592990584089
5-13C,12.0,241.0844,0.21891407087883616,0.5452108731395191
5-13C,12.0,242.0804,-1.1248967766996731,0.6645635404702903
5-13C,12.0,243.029,0.5749206285510079,0.3436112769327811
5-13C,12.0,243.0625,1.557922784300005,0.5394831831725575
5-13C,12.0,245.0444,0.5199980444971981,0.1081000984096321
5-13C,12.0,246.0198,0.11984667507232025,0.2152775521558223
5-13C,12.0,246.064,-0.5349570652642565,0.1921592413450286
5-13C,12.0,251.0816,0.9481972855934915,0.6654138681555007
5-13C,12.0,253.0119,-0.18178555408404784,0.01900743557279236
5-13C,12.0,253.0499,-0.14566257321209652,0.7368761481832072
5-13C,12.0,257.0072,-0.449436996162076,0.15049816420862555
5-13C,12.0,257.1028,0.062224196766714535,0.48975712763028084
5-13C,12.0,259.005,-0.8628372210955371,0.67749464618902
5-13C,12.0,259.0227,1.7436260910397041,0.26027364593748
5-13C,12.0,261.0385,4.32747615532854,0.393802350593557
5-13C,12.0,266.0703,0.2269040249250644,0.21523633433260814
5-13C,12.0,267.0724,-0.7072567240722408,0.015558544422705494
5-13C,12.0,268.02,-0.35719694201008867,0.29999848039882104
5-13C,12.0,269.0398,-0.5660844983222257,0.20080182316115538
5-13C,12.0,271.0612,0.5565289556561824,0.879441192395452
5-13C,12.0,271.0815,0.3007200277920329,0.6507979969335018
5-13C,12.0,273.0021,-0.4270630219127721,0.07206145547560351
5-13C,12.0,274.0933,3.6687713488060467,0.24007727009311203
5-13C,12.0,275.0184,1.467572264463122,0.6927358951146008
5-13C,12.0,275.0991,2.72679276967388,0.4697524057153143
5-13C,12.0,277.1207,-0.8456427190474329,0.033707463115724014
5-13C,12.0,277.2169,-0.8146475469715351,0.22629707553887163
5-13C,12.0,279.2331,-0.20746784579299554,0.02952249913694292
5-13C,12.0,282.0839,-0.6906845197220273,0.29223995936612346
5-13C,12.0,283.2063,-0.10749814669803122,0.15304400949309696
5-13C,12.0,285.0972,0.47881628491645845,0.5594082560906702
5-13C,12.0,287.0157,-0.27453250840411486,0.44479699564799613
5-13C,12.0,288.0725,0.592894232349852,0.24967367232594795
5-13C,12.0,289.0333,3.0723824557959585,0.40039743995869503
5-13C,12.0,289.1044,1.212034990481993,0.38996906111475627
5-13C,12.0,290.9677,-0.1313918828617263,0.15409082463160878
5-13C,12.0,294.0479,-1.511516613282485,0.6115366008449757
5-13C,12.0,300.0509,0.6682475764576438,0.3310159262104084
5-13C,12.0,301.0333,-1.5512297370481543,0.5570761086135745
5-13C,12.0,303.2326,0.4046826189907091,0.4011822741356235
5-13C,12.0,305.0207,-0.7353677267543683,0.0498591233697292
5-13C,12.0,306.0481,2.1733921186737497,0.6176851859823871
5-13C,12.0,306.0765,-0.1736432173817736,0.038694527365915096
5-13C,12.0,308.0986,-0.2670233265957774,0.03693675643841165
5-13C,12.0,313.0441,3.9452805334204575,0.6205069946548193
5-13C,12.0,313.1037,1.0326039684772144,0.5586912685535127
5-13C,12.0,317.026,-0.2724440491492031,0.5785202084189168
5-13C,12.0,323.0256,-0.9392870201881008,0.7658902060225247
5-13C,12.0,325.1163,0.5900650597202244,0.35409904275955967
5-13C,12.0,328.0457,1.9119399314452106,0.1269124130966489
5-13C,12.0,333.0589,-0.04400699742052582,0.16748388702221934
5-13C,12.0,338.9884,2.227460441721268,0.08165694113499013
5-13C,12.0,339.0928,0.016402184642886605,0.644681069737544
5-13C,12.0,341.1089,-0.46611805894741615,0.17364880708278804
5-13C,12.0,344.0393,2.1080693875115672,0.4757327305184873
5-13C,12.0,346.0556,0.38338679319399255,0.21246121950987126
5-13C,12.0,348.087,1.626294238863264,0.37818831023436483
5-13C,12.0,353.0489,1.052874927543563,0.22315875821411832
5-13C,12.0,357.089,2.0192701911198143,0.26775862548807416
5-13C,12.0,375.131,2.7176208284937644,0.6867189351680402
5-13C,12.0,377.1496,0.2036830518829578,0.31570727188642267
5-13C,12.0,383.1188,-0.24851783933441723,0.44610526276121415
5-13C,12.0,388.9416,-0.4676844905465942,0.22269805698278974
5-13C,12.0,388.9442,-0.7370997016273322,0.016771063346644993
5-13C,12.0,401.0756,-0.9326508590244138,0.02733548973275762
5-13C,12.0,407.2795,-0.42599234718361667,0.232872349553071
5-13C,12.0,421.0743,0.6264989504096607,0.6886234490296931
5-13C,12.0,426.0222,0.5042765566494531,0.41955866304618267
5-13C,12.0,442.9997,-0.3774458688323352,0.3167667014572259
5-13C,12.0,466.9657,-0.9534918484724019,0.11042145301286228
5-13C,12.0,490.9787,-0.4656169314047556,0.643221903395839
5-13C,12.0,503.1614,-0.8249827030716835,0.13505699641353044
5-13C,12.0,547.0731,0.7269111407868112,0.18553583635898438
5-13C,12.0,565.0471,2.431678998218976,0.5926275700535218
5-13C,12.0,578.8872,-0.8642457252723074,0.09100046164375768
5-13C,12.0,579.0269,-0.8874997172055785,0.07902625890370678
5-13C,12.0,612.2549,0.19853976141500437,0.523151831826345
5-13C,12.0,624.2949,-0.010841326894781022,0.4908756219101736
5-13C,12.0,659.307,-0.8120713615350149,0.25485250507212437
5-13C,12.0,664.0939,-0.3571673000077237,0.271626898103286
5-13C,12.0,665.2144,-0.36782060277812795,0.47981943208212624
5-13C,12.0,668.1374,3.1974053327519765,0.14365381684675813
5-13C,12.0,787.255,-0.6598741404426646,0.4202235730334534
5-13C,12.0,790.2568,-0.5840989917570467,0.1523771339350323
5-13C,12.0,835.0407,4.6571881687077035,0.5558184413987867
5-13C,12.0,863.2971,-0.49010469872427054,0.1264262453435115
5-13C,12.0,864.1473,-0.5578600232590349,0.35918972862239706
5-13C,12.0,974.2935,0.8407434082353946,0.11981805679480277
5-13C,12.0,976.7162,-0.8768962383895185,0.13545467508069264
5-14A,1.0,57.0342,0.5896368154092028,0.2899933442950258
5-14A,1.0,58.0295,-1.023960338408594,0.15020429289900583
5-14A,1.0,59.0135,0.7678314090966478,0.2515476392818362
5-14A,1.0,71.0137,1.1253392669316393,0.2943552927216539
5-14A,1.0,73.0293,-0.9581179990610866,0.011600173928058835
5-14A,1.0,74.0247,0.11165659828561605,0.38275805539901503
5-14A,1.0,75.0087,-0.9931835974228247,0.400763897004519
5-14A,1.0,87.0088,-0.6872844174791493,0.011870760634506622
5-14A,1.0,87.0451,0.08509997633654687,0.6390872101386357
5-14A,1.0,88.0403,-0.9269386792582124,0.013284157230429612
5-14A,1.0,88.9883,-0.439462887424849,0.6906481609286319
5-14A,1.0,89.0244,-0.3864925238166825,0.06391887973242473
5-14A,1.0,93.0338,-0.08175720889303398,0.005449893071388325
5-14A,1.0,94.9761,-0.8916497960233334,0.35515722145438
5-14A,1.0,94.9806,0.4659041925401912,0.2686114313951584
5-14A,1.0,95.0139,1.1219258256773585,0.19177078338068232
5-14A,1.0,101.0242,0.8642530857592416,0.2282252332107956
5-14A,1.0,102.056,-0.4703929795317363,0.0547139633967792
5-14A,1.0,103.0402,-1.0242561164990875,0.016514620860670556
5-14A,1.0,103.0509,-1.0430384218025708,0.07346969092867556
5-14A,1.0,104.0352,2.9649213300887656,0.43108022390670836
5-14A,1.0,105.0193,-1.334479578871048,0.4457684626884274
5-14A,1.0,107.0503,-1.1938952330177972,0.45714005814408143
5-14A,1.0,109.0295,-1.2405930011487574,0.11220997974445553
5-14A,1.0,111.02,-1.1930153531978236,0.0029726100801615233
5-14A,1.0,112.0516,-1.4379318358833695,0.34256266275581637
5-14A,1.0,113.0244,0.9142145290255135,0.1659372702677345
5-14A,1.0,113.0357,-1.1403518621242674,0.04705466988741648
5-14A,1.0,114.056,3.685621349155622,0.2080760131923512
5-14A,1.0,115.0037,-0.9568658312563839,0.03730189847074763
5-14A,1.0,115.0402,-1.663068421071115,0.5527971642066954
5-14A,1.0,115.0764,-1.0838313242659976,0.5518222898310299
5-14A,1.0,116.0354,-1.2213085012101907,0.12006241360878932
5-14A,1.0,116.0717,-0.7208976941014782,0.02064407870567067
5-14A,1.0,117.0194,-0.9494391597770592,0.0011224645436576394
5-14A,1.0,118.0508,-0.49734254749626877,0.29604225588022887
5-14A,1.0,118.9804,1.0174647583481917,0.30419472834667644
5-14A,1.0,119.0503,-0.265883395053616,0.4815291264467803
5-14A,1.0,120.9273,-0.16823996339482364,0.2086253021859805
5-14A,1.0,121.0295,-0.9010155757020379,0.5508267720829396
5-14A,1.0,121.0409,-0.38968941648957034,0.9494759827612422
5-14A,1.0,122.0248,-1.7712588809977525,0.1451928500884106
5-14A,1.0,124.0075,0.793262489318405,0.8977381775649367
5-14A,1.0,124.0144,-0.4532074273059488,0.11021218136536387
5-14A,1.0,125.0439,-1.3248556127243059,0.14461573369311073
5-14A,1.0,127.0764,-0.13379386191151169,0.9661988785514836
5-14A,1.0,128.0354,-0.03756756109285152,0.03508861375427795
5-14A,1.0,129.0193,-1.2628340760287298,0.036472583023331076
5-14A,1.0,129.0556,-0.6728206703487821,0.18446252862442572
5-14A,1.0,130.0142,-1.0421467006403897,0.10846974989515076
5-14A,1.0,130.0509,-1.0715363574195393,0.015681733783607973
5-14A,1.0,130.0874,-0.6357192417799364,0.01767982536937238
5-14A,1.0,131.0008,0.09871444482088503,0.6344167853744906
5-14A,1.0,131.0123,-0.8078540812628578,0.022881556183762183
5-14A,1.0,131.035,-0.18317853955105742,0.1655811543480724
5-14A,1.0,131.0462,0.18238693703250444,0.17992275558892296
5-14A,1.0,131.0828,3.3857526985468165,0.9240501244686332
5-14A,1.0,132.0302,-1.1078675139441216,0.015126698611276981
5-14A,1.0,133.0142,-0.5699639041693767,0.04869205253303889
5-14A,1.0,133.0257,-0.6894279199739275,0.03126565251002895
5-14A,1.0,133.0505,-1.3472637075666731,0.005553993184672004
5-14A,1.0,134.0472,-1.6589420971824727,0.1092012726912081
5-14A,1.0,134.0604,-1.5171516347490255,0.21964289783363994
5-14A,1.0,135.0302,-0.8820362111223765,0.06468807397306216
5-14A,1.0,135.0453,-1.9453358278544877,0.08349628133298431
5-14A,1.0,136.0404,-0.5972079026093983,0.046062173368472965
5-14A,1.0,136.0487,-1.8811154543229827,0.04966120822696567
5-14A,1.0,136.0767,-0.7258478887424337,0.29924191942874734
5-14A,1.0,137.0239,-0.191801958047495,0.20436315973844216
5-14A,1.0,138.9789,-1.6516790878544585,0.20597825136884176
5-14A,1.0,139.0014,-0.36786849687733436,0.0793892061761413
5-14A,1.0,139.0067,-0.7503994621971941,0.04586126896581697
5-14A,1.0,139.976,-1.746262189478578,0.6237195828661607
5-14A,1.0,143.0713,-0.17442880654437226,0.5007927441290013
5-14A,1.0,143.1077,-1.1866287583022292,0.30019552528650634
5-14A,1.0,145.0141,-0.22959930154094887,0.11212026711426308
5-14A,1.0,145.0506,-0.3734194995990655,0.21804223442074264
5-14A,1.0,145.0623,0.5993903718698554,0.10071825645194972
5-14A,1.0,145.0982,1.7454268461869225,0.09391656747873507
5-14A,1.0,145.1106,0.5634068494637632,0.37756127262927963
5-14A,1.0,146.0459,-0.392607649301577,0.012210119802164496
5-14A,1.0,147.0298,-0.9670591703285777,0.00988902880454594
5-14A,1.0,147.0662,-1.4423367678763348,0.0061887872502825346
5-14A,1.0,149.0092,0.035001754314189726,0.7126074487495753
5-14A,1.0,149.0456,-0.07522503568493386,0.12243715354195543
5-14A,1.0,149.0608,-1.6185889103317967,0.6255577501701357
5-14A,1.0,150.0422,-0.9946992716582367,0.18166568088441634
5-14A,1.0,150.9707,-0.02500827745224969,0.6328126402747863
5-14A,1.0,151.0259,-0.47873371890676963,0.10666532997131432
5-14A,1.0,151.04,-2.254475512354019,0.42239246309730016
5-14A,1.0,151.06,-1.3580395888054515,1.4562088100736876
5-14A,1.0,152.0353,-2.3083088622867622,0.4564356461874932
5-14A,1.0,152.0716,0.529112380027436,0.4916349501894896
5-14A,1.0,153.0192,-0.34731761053577626,0.11297675978767865
5-14A,1.0,154.062,4.1225542031122915,0.6722903255832704
5-14A,1.0,154.9751,-0.9947401161789464,0.015833741204521048
5-14A,1.0,155.0099,-1.1602625353468163,0.0027657950786141427
5-14A,1.0,157.0128,-0.9924100671592512,0.011755185733269552
5-14A,1.0,157.0255,-1.3223822195462636,0.007847974378632484
5-14A,1.0,157.0379,-1.3681148550983615,0.016601455359861572
5-14A,1.0,157.0504,-1.197068675859513,0.06669516795872871
5-14A,1.0,159.0297,-0.19601021095928856,0.21013398459454832
5-14A,1.0,159.0775,-1.2159442118494779,0.022438560209293103
5-14A,1.0,160.0616,-1.8358591373758721,0.15693421077516514
5-14A,1.0,161.0453,-0.8026948413312522,0.2680661654571434
5-14A,1.0,162.0424,-1.4509264441147938,0.1071865541718679
5-14A,1.0,163.0351,-1.1387022707706442,0.07893553008365115
5-14A,1.0,163.0398,-0.15902711109017448,0.024403483362312205
5-14A,1.0,163.0611,-1.4745955447341486,0.7828400794037083
5-14A,1.0,164.0716,-0.14309845174192512,0.10644862599398344
5-14A,1.0,165.03,-0.6652653349702751,0.3308497810705749
5-14A,1.0,165.0405,-1.9057252053022333,0.12585141218012844
5-14A,1.0,165.0556,-1.1936893738187684,0.06681295474521019
5-14A,1.0,166.0508,-1.8989017943300048,0.20489535980678303
5-14A,1.0,166.0632,-0.9648747410520503,0.29836391646086974
5-14A,1.0,166.9759,-1.359673898869005,0.18690879899770563
5-14A,1.0,167.0207,0.4375104784360459,0.9445484952579386
5-14A,1.0,167.0358,-1.2125606404645464,0.4442331641149616
5-14A,1.0,167.0828,-0.8180272471622827,1.4026632002522468
5-14A,1.0,168.0277,-0.38056034249889714,0.021594746322916296
5-14A,1.0,168.0664,0.03238139802661788,0.7978892926943163
5-14A,1.0,170.0455,-0.859933003688129,0.008452331097822624
5-14A,1.0,171.0065,-1.0653119991310378,0.08724372015320819
5-14A,1.0,171.0092,-1.0923050505800336,0.12968717158086107
5-14A,1.0,171.0284,-0.8533640206475395,0.021838386029817643
5-14A,1.0,172.0616,-1.6440041975270863,0.08219494714097302
5-14A,1.0,172.962,-0.670423708826811,0.020795978506660526
5-14A,1.0,173.0089,-0.9447069166448954,0.08163539845643125
5-14A,1.0,173.0453,-1.1240889287769953,0.07700732755255289
5-14A,1.0,173.0932,-0.761352724123156,0.030958534421525574
5-14A,1.0,173.1041,1.1432339015476622,0.24342135103484971
5-14A,1.0,174.0407,-1.0042443590709227,0.0030849343241903635
5-14A,1.0,174.088,1.330712786568096,0.17613812386260644
5-14A,1.0,175.022,-0.7804734796249673,0.04753615081167318
5-14A,1.0,175.0361,-1.227305971693216,0.012873813716832794
5-14A,1.0,175.0611,-1.2495497861336922,0.006394963663394781
5-14A,1.0,176.0776,-1.3076825785230146,0.08510403247240335
5-14A,1.0,177.0402,0.004946012107812106,0.5718016432282004
5-14A,1.0,177.0553,-0.9419520120732772,0.9457462838232485
5-14A,1.0,178.0509,-1.0855578062111704,0.009945584382508551
5-14A,1.0,179.0348,-1.8740150062128438,0.3389396986994894
5-14A,1.0,179.0561,0.4832358159856269,0.10499261248880012
5-14A,1.0,180.0663,0.525054980326115,0.166800805822214
5-14A,1.0,181.0505,-0.5706668866524791,0.20437947883638044
5-14A,1.0,182.9725,0.8642224959895428,0.2740198625568666
5-14A,1.0,183.0661,-0.7536455460613098,0.632914142952876
5-14A,1.0,184.0017,-0.24688356158617492,0.0823029585902768
5-14A,1.0,184.9856,-0.6215002932897444,0.06034918301991936
5-14A,1.0,186.1136,-0.6803398516156507,0.5399987513239065
5-14A,1.0,187.0234,-1.1419702818794493,0.2275572827865644
5-14A,1.0,188.035,-0.7691773948868293,0.8421584191915824
5-14A,1.0,188.0565,-1.0930854084929507,0.003359488016929057
5-14A,1.0,189.0405,0.9690578940795382,0.28333275499614186
5-14A,1.0,191.0197,-0.30291027487513694,0.1327433695410964
5-14A,1.0,191.0561,-1.0545678985123665,0.04009067524383253
5-14A,1.0,192.0663,-1.340009609460101,0.6330548045734979
5-14A,1.0,193.0349,-0.6275469993947265,0.1273756637508854
5-14A,1.0,194.0682,-1.1175287475733002,0.08359532707991314
5-14A,1.0,194.0822,-1.2474201725939489,0.3018530806357612
5-14A,1.0,195.0509,0.06950090331660762,0.21114515892692745
5-14A,1.0,195.0657,-1.6872747921032318,0.5079673201974075
5-14A,1.0,196.0603,0.6442054825850249,0.24929311750340138
5-14A,1.0,198.0182,-0.41808352521623265,0.28947162642681756
5-14A,1.0,199.0019,-0.5647685923097504,0.18033280623192832
5-14A,1.0,200.9937,-0.11276408155998494,0.30948395432718395
5-14A,1.0,201.0051,-1.484186664067919,0.3791354850649719
5-14A,1.0,203.0348,-0.5578631797667366,0.22597173426859485
5-14A,1.0,203.0826,-0.03440245964704804,0.016427660400904372
5-14A,1.0,204.0498,0.2075108661202616,0.14934762578596833
5-14A,1.0,205.0351,-1.1805549680535306,0.09707085584641875
5-14A,1.0,206.0822,-1.0961503148261087,0.6791295204963679
5-14A,1.0,209.0292,-0.3959869135207488,0.2585341033811415
5-14A,1.0,209.0814,-0.019953604186578076,0.3997285168585112
5-14A,1.0,211.0235,-0.948793042727281,0.22415956389282507
5-14A,1.0,211.9968,-1.0796685722694184,0.03320252109543821
5-14A,1.0,212.0331,2.70070257246395,0.29626899648904137
5-14A,1.0,212.9807,-0.7843104634560266,0.03846567807996175
5-14A,1.0,213.014,-0.6154608662053566,0.14600095684096098
5-14A,1.0,213.0384,-0.5479912750509714,0.2014256809105303
5-14A,1.0,213.1252,-0.08610778349114072,0.8220572317723958
5-14A,1.0,214.0488,-0.5285297900290055,0.36554693074451483
5-14A,1.0,215.0331,0.7792519906883335,0.14089704424562374
5-14A,1.0,216.1351,0.5705397456734878,0.041882664340059834
5-14A,1.0,218.0335,1.235727351590537,0.12682116883101857
5-14A,1.0,218.1034,-1.2523646754343711,0.020710709216742743
5-14A,1.0,220.0828,-0.41839025774099947,0.47269693778386734
5-14A,1.0,221.0443,0.759972360733167,0.15008014584713453
5-14A,1.0,221.0664,0.1265164189179248,0.40599654720591766
5-14A,1.0,225.0399,-0.4755067049565934,0.9473795419638372
5-14A,1.0,225.0861,-0.9247299119219525,0.4431168607423379
5-14A,1.0,225.0901,-0.49055711374343874,0.3337538479355032
5-14A,1.0,226.0135,-1.1064281267464984,0.21629463641105692
5-14A,1.0,226.0697,1.310231455582711,0.33079768637181345
5-14A,1.0,228.0501,-0.4669933651848328,0.045259314420434654
5-14A,1.0,229.0122,-0.8473533775913433,0.156557411003987
5-14A,1.0,237.0614,-1.406906789032131,0.12774167955393545
5-14A,1.0,238.0945,0.8239599410918512,0.18308190077681336
5-14A,1.0,240.0515,-1.3838186084711324,0.010429254863697413
5-14A,1.0,241.0844,-1.5785762515402935,0.4082520530318247
5-14A,1.0,242.0804,-0.46337256291199846,0.5858003686366645
5-14A,1.0,243.029,-1.1593979762307782,0.2869977603346163
5-14A,1.0,243.0625,-0.6167716549627043,0.14708337122082438
5-14A,1.0,245.0444,-1.3885928999039199,0.4348225709408351
5-14A,1.0,246.0198,-1.2144949489727441,0.07503023103543809
5-14A,1.0,246.064,1.742918841596886,0.42177899865705926
5-14A,1.0,251.0816,0.15597681767019028,0.6129604111232881
5-14A,1.0,253.0119,-0.3317306845893234,0.007050034779675413
5-14A,1.0,253.0499,0.7922728228324812,0.8891220780693612
5-14A,1.0,257.0072,-0.6926895809203593,0.2792216229074139
5-14A,1.0,257.1028,0.6811188399457233,0.4231583322001316
5-14A,1.0,259.005,-0.7849714616899146,0.3196522676940404
5-14A,1.0,259.0227,0.9913985057209416,0.35238491071421807
5-14A,1.0,261.0385,-0.41108739692219703,0.11419713389758222
5-14A,1.0,266.0703,-0.6620622686717412,0.1266906990989536
5-14A,1.0,267.0724,-0.687915918155863,0.017274620413939956
5-14A,1.0,268.02,-0.32861905714966455,0.9630677708130688
5-14A,1.0,269.0398,-0.8199280878535427,0.09123689479814615
5-14A,1.0,271.0612,-0.000647223867175608,0.5537386156707824
5-14A,1.0,271.0815,0.7366347824887124,0.9962961973866077
5-14A,1.0,273.0021,-0.8374079868476283,0.05674421267824426
5-14A,1.0,274.0933,-1.3044379151811767,0.11322178056539593
5-14A,1.0,275.0184,-0.8115896064103069,0.4338715107926644
5-14A,1.0,275.0991,-0.5049308502610051,0.23579304519395466
5-14A,1.0,277.1207,2.289541605673618,0.17336250277209347
5-14A,1.0,277.2169,2.63883005641814,0.2580992218248138
5-14A,1.0,279.2331,2.557788599198082,0.2323922035959344
5-14A,1.0,282.0839,-0.12026193239195017,0.27905259235927693
5-14A,1.0,283.2063,2.0469657277448206,0.28020681038756484
5-14A,1.0,285.0972,1.0363465499926479,0.3910916662450785
5-14A,1.0,287.0157,-0.4372580654552776,0.5938784263853288
5-14A,1.0,288.0725,-0.5720626175671937,0.05268365654588494
5-14A,1.0,289.0333,0.23036214330665877,0.5484656506218738
5-14A,1.0,289.1044,-1.233588603159945,0.12815191317122976
5-14A,1.0,290.9677,-0.42198464964115806,0.03125687058370325
5-14A,1.0,294.0479,1.121484740613238,0.2606438544517364
5-14A,1.0,300.0509,-0.31055227843022354,0.6337117194880313
5-14A,1.0,301.0333,-0.11405092643689879,0.5981309224065084
5-14A,1.0,303.2326,-0.2891222578203587,0.6068045992662915
5-14A,1.0,305.0207,-0.08476940169389761,0.14161241050920462
5-14A,1.0,306.0481,-1.181741689559447,0.09240994229700576
5-14A,1.0,306.0765,-0.30664179416853177,0.027306456180600867
5-14A,1.0,308.0986,0.2288315684716118,0.030646158384004
5-14A,1.0,313.0441,-0.6149811622624818,0.3119360527429779
5-14A,1.0,313.1037,-0.37765199426665036,0.6349261608638403
5-14A,1.0,317.026,0.31533404090860057,0.39967126231699
5-14A,1.0,323.0256,-1.1707188557452497,0.6499382680824621
5-14A,1.0,325.1163,-0.07973256163065583,0.2659849481899744
5-14A,1.0,328.0457,-1.0820517046040043,0.07786398932977559
5-14A,1.0,333.0589,-1.25708230581847,0.14658093216528953
5-14A,1.0,338.9884,-0.5137229360440557,0.07063561080034489
5-14A,1.0,339.0928,0.08963803327533051,0.988225498309869
5-14A,1.0,341.1089,0.10422625353659606,0.181019167424619
5-14A,1.0,344.0393,-0.8101035409781323,0.1612132621470169
5-14A,1.0,346.0556,-0.6705253534307841,0.23579698499403665
5-14A,1.0,348.087,-1.144056107281652,0.10185660652824985
5-14A,1.0,353.0489,-0.4341777964339803,0.45909728293453417
5-14A,1.0,357.089,-0.43056175459026913,0.12839852619768835
5-14A,1.0,375.131,-0.013805632355608303,0.22084915623462786
5-14A,1.0,377.1496,4.0036614089629525,0.2741151354442584
5-14A,1.0,383.1188,1.020416125245426,0.501318633420562
5-14A,1.0,388.9416,-0.08707020342422207,0.1445048035237733
5-14A,1.0,388.9442,-0.2609586914624823,0.14364401159556642
5-14A,1.0,401.0756,0.8973969402149499,0.11861809827748676
5-14A,1.0,407.2795,2.369099419417012,0.3079386958005264
5-14A,1.0,421.0743,-0.1839082627091051,0.43624634115912136
5-14A,1.0,426.0222,-0.9487027520388382,0.2810305323492476
5-14A,1.0,442.9997,0.1572655493911579,0.4254866549620797
5-14A,1.0,466.9657,-0.19076536583395254,0.1659382311434031
5-14A,1.0,490.9787,-0.41063299416384186,0.8990546944223959
5-14A,1.0,503.1614,0.7272395485857452,0.3406712580825893
5-14A,1.0,547.0731,-1.291838028850056,0.05594656746576383
5-14A,1.0,565.0471,-0.8793657134321179,0.1452993084381842
5-14A,1.0,578.8872,1.0945337244136724,0.08503271598167762
5-14A,1.0,579.0269,1.692730729635506,0.40004529518570503
5-14A,1.0,612.2549,-0.24198933627424604,0.2829959302107651
5-14A,1.0,624.2949,-1.2719300671640341,0.13564039426464433
5-14A,1.0,659.307,-0.45825659494852045,0.25852547887881355
5-14A,1.0,664.0939,-0.4485755061939754,0.13835553458732122
5-14A,1.0,665.2144,-0.5628430521019618,0.28465627015188016
5-14A,1.0,668.1374,-0.6165144205063442,0.00026951433624490745
5-14A,1.0,787.255,-0.9687679732303094,0.35481494725205426
5-14A,1.0,790.2568,-0.3754908683448934,0.24978197960835571
5-14A,1.0,835.0407,-0.773640152245926,0.11825521633025031
5-14A,1.0,863.2971,-0.6540016586731038,0.07805975537648505
5-14A,1.0,864.1473,-1.0758572245763078,0.33310476055869725
5-14A,1.0,974.2935,-0.2700165635841563,0.5217714284108553
5-14A,1.0,976.7162,0.5185613271507936,0.13757883358923392
5-14A,2.0,57.0342,1.0480153055703973,0.4356666986500776
5-14A,2.0,58.0295,-0.8122073754980914,0.30965566766675146
5-14A,2.0,59.0135,0.7641712238604863,0.36377706965099305
5-14A,2.0,71.0137,0.9836010713346597,0.22089843419689714
5-14A,2.0,73.0293,-0.9461702837036887,0.011687974772900048
5-14A,2.0,74.0247,-0.8308540786591846,0.23055527294610534
5-14A,2.0,75.0087,-0.3199837838739795,0.22681574355657372
5-14A,2.0,87.0088,-0.6802697254252333,0.009259957411960082
5-14A,2.0,87.0451,0.4654519071054256,0.2447392630764424
5-14A,2.0,88.0403,-0.9129249269480186,0.016375568958528985
5-14A,2.0,88.9883,0.16608040290194243,0.2559078820813827
5-14A,2.0,89.0244,-0.5981437765064004,0.14535525928204723
5-14A,2.0,93.0338,-0.0565405933521779,0.017573144771839473
5-14A,2.0,94.9761,-0.5489754656460533,0.30229913515198126
5-14A,2.0,94.9806,0.919896347959699,0.1407931111278254
5-14A,2.0,95.0139,1.0392359651008007,0.18396608457945676
5-14A,2.0,101.0242,1.1332671576422482,0.47029813807308624
5-14A,2.0,102.056,-0.5177327060622041,0.0096676585050929
5-14A,2.0,103.0402,-0.9115197443148728,0.022966305651832462
5-14A,2.0,103.0509,-0.9063103300551254,0.10420509522260255
5-14A,2.0,104.0352,0.28704317864670786,0.34030218342248103
5-14A,2.0,105.0193,0.1348205826781232,0.39493923891175314
5-14A,2.0,107.0503,0.4805023801896434,0.7286503393813787
5-14A,2.0,109.0295,-0.8131131978819257,0.1121510491382155
5-14A,2.0,111.02,-0.8277739118768055,0.025778747274319204
5-14A,2.0,112.0516,-0.020094699600439136,0.5269612506648089
5-14A,2.0,113.0244,0.8800463094593547,0.28087200684667846
5-14A,2.0,113.0357,-0.8421183399777541,0.10849291698964034
5-14A,2.0,114.056,3.5031442980460845,0.3438996201748313
5-14A,2.0,115.0037,-0.8522165555569137,0.05360824281540597
5-14A,2.0,115.0402,-0.3326405703108223,0.49339253111999043
5-14A,2.0,115.0764,1.1976106646677471,0.8710515235541242
5-14A,2.0,116.0354,-0.5170691087934257,0.2488193413415808
5-14A,2.0,116.0717,-0.7584806873401863,0.037528174556019284
5-14A,2.0,117.0194,-0.9374127864518896,0.005125727498545003
5-14A,2.0,118.0508,-0.7997151617285996,0.21559948722189087
5-14A,2.0,118.9804,0.9964524486151445,0.21005219455857882
5-14A,2.0,119.0503,1.1501279921700094,0.46149838312604685
5-14A,2.0,120.9273,0.2639644141987926,0.4561484069008906
5-14A,2.0,121.0295,0.7012299397509301,0.30513353850608466
5-14A,2.0,121.0409,0.7848286808235085,0.4414040840221104
5-14A,2.0,122.0248,-0.46801622073344906,0.3306731925033039
5-14A,2.0,124.0075,0.12064415392503966,0.1884047583736061
5-14A,2.0,124.0144,-0.04712615623703501,0.206519171791007
5-14A,2.0,125.0439,-0.35158552655176545,0.34928556622588697
5-14A,2.0,127.0764,1.2945064667369532,0.2539188595912113
5-14A,2.0,128.0354,-0.3178219451780283,0.03382117405220023
5-14A,2.0,129.0193,-0.8722462926504155,0.06290954776800706
5-14A,2.0,129.0556,0.5199641728992872,0.7908667603866787
5-14A,2.0,130.0142,-0.9069134143214388,0.09232301981958817
5-14A,2.0,130.0509,-1.0207334288901992,0.008122330861313046
5-14A,2.0,130.0874,-0.8401660551283474,0.134570002895095
5-14A,2.0,131.0008,-0.7919277846711353,0.9552992055163275
5-14A,2.0,131.0123,-0.7004700376935016,0.03272777976102672
5-14A,2.0,131.035,0.7094654996421181,0.42541896196769513
5-14A,2.0,131.0462,0.7828208501335274,0.5168054741996523
5-14A,2.0,131.0828,0.0289764994304068,0.1856897948306705
5-14A,2.0,132.0302,-1.0597161803200206,0.0073165787850593515
5-14A,2.0,133.0142,-0.3706081336964637,0.06589749867377578
5-14A,2.0,133.0257,-0.4662908378319486,0.09604730957485612
5-14A,2.0,133.0505,-1.1097768554101584,0.029158950771802982
5-14A,2.0,134.0472,-0.6586347981511458,0.3403510952129487
5-14A,2.0,134.0604,-0.782819601981122,0.39635080079861035
5-14A,2.0,135.0302,-0.5399177058796655,0.24210970060536255
5-14A,2.0,135.0453,-0.7587888306231587,0.21687521567445725
5-14A,2.0,136.0404,-0.37050826405269877,0.07460593011966907
5-14A,2.0,136.0487,-0.8894525688484269,0.26856082573491635
5-14A,2.0,136.0767,1.1210367018955552,0.5001452003324085
5-14A,2.0,137.0239,-0.24555939484935557,0.07017782173788602
5-14A,2.0,138.9789,-0.4458345729411051,0.29840408574968685
5-14A,2.0,139.0014,-0.29234784741894126,0.02478538247547128
5-14A,2.0,139.0067,-0.7160228661755896,0.0402712249026773
5-14A,2.0,139.976,0.24278058496437416,0.3629151143743234
5-14A,2.0,143.0713,1.3756413083729297,0.12912918610907537
5-14A,2.0,143.1077,0.8597803161170898,0.8474725531243998
5-14A,2.0,145.0141,-0.028767235597997237,0.11674197563324855
5-14A,2.0,145.0506,-0.5821729108181833,0.02708645212074211
5-14A,2.0,145.0623,-0.10419939304697025,0.24086641498501787
5-14A,2.0,145.0982,0.5173648591122789,0.40240602318558993
5-14A,2.0,145.1106,0.3699065847042893,0.8298435630285694
5-14A,2.0,146.0459,-0.38127416195454744,0.008913486004843619
5-14A,2.0,147.0298,-0.8657394754844734,0.013228291893911025
5-14A,2.0,147.0662,-1.1180644263785977,0.03382801855280364
5-14A,2.0,149.0092,1.3457779342344776,0.6864682579763257
5-14A,2.0,149.0456,0.3925203979871674,0.3235277287005068
5-14A,2.0,149.0608,0.7850947208169247,0.9316158346885131
5-14A,2.0,150.0422,-0.20221632176969556,0.3489355290171608
5-14A,2.0,150.9707,-0.0729196755957299,0.2773376124443169
5-14A,2.0,151.0259,-0.618116181507187,0.06182723176003521
5-14A,2.0,151.04,-0.02771420620002368,0.9259073091573987
5-14A,2.0,151.06,0.14206604626743108,1.283183884965221
5-14A,2.0,152.0353,0.5955940448112036,0.7014827141473189
5-14A,2.0,152.0716,1.662558777852411,0.4018637228161099
5-14A,2.0,153.0192,-0.043591972598525736,0.13559079523180584
5-14A,2.0,154.062,-0.10093370229415907,0.11160725604030354
5-14A,2.0,154.9751,-0.9767355104822372,0.00760514373265517
5-14A,2.0,155.0099,-0.7817935711227431,0.029128160804940025
5-14A,2.0,157.0128,-0.8086851869823882,0.057094593246631374
5-14A,2.0,157.0255,-1.0318370613420829,0.012263227679739714
5-14A,2.0,157.0379,-1.0062988787926574,0.03813988771642613
5-14A,2.0,157.0504,-1.0167995574269524,0.01682835388841837
5-14A,2.0,159.0297,0.786205920118181,0.4061161181902535
5-14A,2.0,159.0775,-1.0645955355986714,0.0336824062413883
5-14A,2.0,160.0616,-0.4072742445056242,0.46368248625529657
5-14A,2.0,161.0453,0.25178336153476416,0.46976956372253237
5-14A,2.0,162.0424,-1.193648842363042,0.2643173199973947
5-14A,2.0,163.0351,-0.8914801693465759,0.11401132834627095
5-14A,2.0,163.0398,0.32236499323557355,0.07362197313717014
5-14A,2.0,163.0611,0.3131335165798492,0.7831204786427672
5-14A,2.0,164.0716,-0.3374826810324332,0.10452905451699446
5-14A,2.0,165.03,0.9571239299455792,0.4694604384972118
5-14A,2.0,165.0405,0.6857105179857768,0.36531050660150677
5-14A,2.0,165.0556,-0.5989865396681057,0.1881518594493106
5-14A,2.0,166.0508,-1.070604773198259,0.2911677561388564
5-14A,2.0,166.0632,-0.13919055229047075,0.7093527374982657
5-14A,2.0,166.9759,-0.8843683760592593,0.43995829426628796
5-14A,2.0,167.0207,-0.04873735714210118,0.13314339885699425
5-14A,2.0,167.0358,0.9746163035207855,0.8997271384508171
5-14A,2.0,167.0828,0.8619257510965411,0.7465841046390395
5-14A,2.0,168.0277,-0.3438532362750683,0.06309024740831413
5-14A,2.0,168.0664,0.8464014602518257,0.6422645332497865
5-14A,2.0,170.0455,-0.8216974894015181,0.021892629191630313
5-14A,2.0,171.0065,-0.9117451482678998,0.08652271182307861
5-14A,2.0,171.0092,-0.856591697997285,0.2297537360139737
5-14A,2.0,171.0284,-0.8256724899722259,0.06936934130958664
5-14A,2.0,172.0616,-1.0472459962811431,0.06623614270469491
5-14A,2.0,172.962,-0.6302504550893704,0.07265097610686738
5-14A,2.0,173.0089,-0.8358596804163612,0.10725687965649372
5-14A,2.0,173.0453,-0.266667727318133,0.08475322416039692
5-14A,2.0,173.0932,-0.7946152259388499,0.004405418197918688
5-14A,2.0,173.1041,0.5090667799878738,0.4148655174183074
5-14A,2.0,174.0407,-0.9590219091968399,0.00517124903774456
5-14A,2.0,174.088,-0.6867786099463618,0.08444083337316766
5-14A,2.0,175.022,-0.6722393104205595,0.12397896236634372
5-14A,2.0,175.0361,-1.0608327094518597,0.025400474170188224
5-14A,2.0,175.0611,-1.0649365990700748,0.020250305967507598
5-14A,2.0,176.0776,-1.098783182284694,0.16347789250962388
5-14A,2.0,177.0402,1.3256849718394286,0.38028506233179576
5-14A,2.0,177.0553,0.8505527671182652,0.6486560765100742
5-14A,2.0,178.0509,-0.9643556498784391,0.03842009804986264
5-14A,2.0,179.0348,-0.8108825752080786,0.24640543078695776
5-14A,2.0,179.0561,0.9013720864380597,0.2620567818923297
5-14A,2.0,180.0663,0.9170661321136988,0.23220272428647526
5-14A,2.0,181.0505,-0.1636801401999583,0.25365282768940217
5-14A,2.0,182.9725,1.00380140598369,0.367880067073724
5-14A,2.0,183.0661,1.832972574029022,0.21768843355861808
5-14A,2.0,184.0017,-0.34804588259692104,0.0834450316908606
5-14A,2.0,184.9856,-0.44018162516290393,0.11636132295277285
5-14A,2.0,186.1136,1.2040066587425637,0.7498355918808988
5-14A,2.0,187.0234,-0.11190287705951572,0.5256685654021974
5-14A,2.0,188.035,-0.9733837401607082,0.6449437529339233
5-14A,2.0,188.0565,-0.8096017784096663,0.01772513960527374
5-14A,2.0,189.0405,1.4332436131881905,0.15894209671590112
5-14A,2.0,191.0197,-0.8569080851410389,0.2122907773909351
5-14A,2.0,191.0561,-0.9420749845171867,0.04496218643461228
5-14A,2.0,192.0663,-0.00342589026214854,0.5764087177768809
5-14A,2.0,193.0349,0.5895950182334926,0.4699572541523665
5-14A,2.0,194.0682,-0.7229592707581524,0.11782567096394046
5-14A,2.0,194.0822,0.7258548679870032,0.48961607824192616
5-14A,2.0,195.0509,1.1084858109143954,0.46278770352106696
5-14A,2.0,195.0657,0.7496923101828528,0.41725779122027606
5-14A,2.0,196.0603,0.8868512735993938,0.274059035207693
5-14A,2.0,198.0182,-0.5225334793724394,0.1740925405160144
5-14A,2.0,199.0019,-0.6823980206149376,0.18659458832706666
5-14A,2.0,200.9937,0.5062764709958913,0.6337986503452514
5-14A,2.0,201.0051,-1.3924300687317865,0.16804053946697495
5-14A,2.0,203.0348,0.15286631907730813,0.2305841930798088
5-14A,2.0,203.0826,-0.08910400093417895,0.007044526395925751
5-14A,2.0,204.0498,0.09303045419287631,0.29577187797770343
5-14A,2.0,205.0351,-0.8562406144191642,0.08927603788979777
5-14A,2.0,206.0822,0.2450204585984157,0.26605953370358965
5-14A,2.0,209.0292,-0.1630460256361625,0.3217061539567836
5-14A,2.0,209.0814,1.0007762921704597,0.2706510260856112
5-14A,2.0,211.0235,-0.5223867613274155,0.2861707306199756
5-14A,2.0,211.9968,-1.0270035783212457,0.007971852206230897
5-14A,2.0,212.0331,1.5763932273276877,0.8167541882202554
5-14A,2.0,212.9807,-0.4825013708244805,0.14257744244995202
5-14A,2.0,213.014,-0.7790486522755941,0.20890145934177462
5-14A,2.0,213.0384,-0.6212455728755091,0.21359184618724186
5-14A,2.0,213.1252,1.0881502110095245,0.3974713261182437
5-14A,2.0,214.0488,0.4773080786238808,0.8226557226070684
5-14A,2.0,215.0331,0.7709589363973344,0.28199421416720477
5-14A,2.0,216.1351,0.8047130730546723,0.1312227873360094
5-14A,2.0,218.0335,0.8321579722577728,0.2729101604641353
5-14A,2.0,218.1034,-1.0239505184017037,0.02563914887618559
5-14A,2.0,220.0828,0.22365914405659196,0.307823830094822
5-14A,2.0,221.0443,0.9649298886423479,0.11811370582380995
5-14A,2.0,221.0664,0.5679894508328375,0.7116028808602441
5-14A,2.0,225.0399,-0.14503786033599841,1.4048470618643392
5-14A,2.0,225.0861,0.3857360521080592,0.8613228128279107
5-14A,2.0,225.0901,0.7478130016533783,0.46449973590353205
5-14A,2.0,226.0135,-0.5112477498775889,0.24198460521917164
5-14A,2.0,226.0697,0.40353054683527745,0.47504759580456174
5-14A,2.0,228.0501,-0.8168532690769427,0.44461992650507143
5-14A,2.0,229.0122,-0.6988790597068651,0.1480112859052381
5-14A,2.0,237.0614,-1.0714030037711806,0.1615953428056616
5-14A,2.0,238.0945,1.2567315959567644,0.42761996913672196
5-14A,2.0,240.0515,-1.1678251384816796,0.03977593586699267
5-14A,2.0,241.0844,-0.7294093178051675,0.6599797405341481
5-14A,2.0,242.0804,0.3796051591080811,0.6831753064826626
5-14A,2.0,243.029,-0.31434018529512536,0.18545982842446468
5-14A,2.0,243.0625,-1.308479734877698,0.5795884098780676
5-14A,2.0,245.0444,-0.7077062098664482,0.31816646109854163
5-14A,2.0,246.0198,0.023238428456871137,0.39089916109145556
5-14A,2.0,246.064,0.7432568655508824,0.6386815362076367
5-14A,2.0,251.0816,0.015760805648367043,0.7882434286277712
5-14A,2.0,253.0119,0.06725118186697032,0.055180685497184925
5-14A,2.0,253.0499,0.6236552235435683,1.3921041848280649
5-14A,2.0,257.0072,0.10676037394639509,0.38284211282185926
5-14A,2.0,257.1028,1.487321332086856,0.4458498404443622
5-14A,2.0,259.005,0.33425051441312403,1.0306521556450237
5-14A,2.0,259.0227,0.39405131727594334,0.3482400911475906
5-14A,2.0,261.0385,0.25498940795554886,0.20575913456891098
5-14A,2.0,266.0703,-0.3185331592280318,0.4008120733346481
5-14A,2.0,267.0724,-0.6960294760557676,0.017836202346500036
5-14A,2.0,268.02,-0.6572647330445422,0.4949963755381789
5-14A,2.0,269.0398,-0.7285314773734375,0.115661470029703
5-14A,2.0,271.0612,0.05244558124800519,0.44106015453428027
5-14A,2.0,271.0815,0.8050842067799264,0.10535293993629374
5-14A,2.0,273.0021,-0.7703075523299789,0.11810041354828463
5-14A,2.0,274.0933,-1.0326587494573343,0.18121210007501115
5-14A,2.0,275.0184,-0.34453674302516735,0.2881034383288082
5-14A,2.0,275.0991,-0.3342787779212092,0.10451274569808267
5-14A,2.0,277.1207,0.9418316352627238,0.22538941086958605
5-14A,2.0,277.2169,0.46781601050056065,0.43529290815592914
5-14A,2.0,279.2331,-0.3565480895100591,0.030268787364159472
5-14A,2.0,282.0839,0.348870662795403,0.6341106627785187
5-14A,2.0,283.2063,-0.2296465596838882,0.40854263999557805
5-14A,2.0,285.0972,0.9037370496036821,0.7699928478929015
5-14A,2.0,287.0157,1.2797358637242706,0.28538303062560083
5-14A,2.0,288.0725,-0.08357970243556308,0.11793063205994711
5-14A,2.0,289.0333,-0.024049774490776634,0.37333498340039767
5-14A,2.0,289.1044,0.1038507777299063,0.4733601458787482
5-14A,2.0,290.9677,-0.05653288278549615,0.04582451645329677
5-14A,2.0,294.0479,0.2504810389449132,0.6827403616597542
5-14A,2.0,300.0509,0.6451830732496823,0.26975132718258626
5-14A,2.0,301.0333,0.8096973541093759,0.28524055133056153
5-14A,2.0,303.2326,-0.049374456067355105,0.7597674638298619
5-14A,2.0,305.0207,1.0071790078557763,0.27635956260894257
5-14A,2.0,306.0481,-1.1904472780603115,0.2020232221754384
5-14A,2.0,306.0765,-0.28975806733717835,0.04448950401789523
5-14A,2.0,308.0986,-0.14141643075655502,0.11726033622339532
5-14A,2.0,313.0441,-0.5030024396862912,0.08211973773130088
5-14A,2.0,313.1037,-0.3374164461141863,0.3380584274913007
5-14A,2.0,317.026,-0.2431881261146518,0.2062570724774558
5-14A,2.0,323.0256,-0.6695169815689597,0.09943827873967336
5-14A,2.0,325.1163,-0.7309762322515948,0.1281238966865042
5-14A,2.0,328.0457,-0.7473530713611729,0.14369427326649373
5-14A,2.0,333.0589,-1.1264890884166638,0.13404069798164836
5-14A,2.0,338.9884,-0.49158328998198386,0.1736571389865638
5-14A,2.0,339.0928,0.12712781293241487,0.45895351785698413
5-14A,2.0,341.1089,-0.11274710698243173,0.26360124035459576
5-14A,2.0,344.0393,-0.33765837559764633,0.152466176721898
5-14A,2.0,346.0556,0.12822590278614046,0.5371980478623591
5-14A,2.0,348.087,-1.1763622371459967,0.1475417436116775
5-14A,2.0,353.0489,-0.5845287006188326,0.3994350463145495
5-14A,2.0,357.089,-0.7407411457097972,0.192540576469213
5-14A,2.0,375.131,-0.20758029867436847,0.2264177834268993
5-14A,2.0,377.1496,0.8295021031742347,0.2230913307881341
5-14A,2.0,383.1188,0.6387850997944717,0.314406701438755
5-14A,2.0,388.9416,0.04054752814033798,0.16742644696275882
5-14A,2.0,388.9442,-0.13334095989792222,0.1660306477863453
5-14A,2.0,401.0756,1.3581685518523225,0.256983527677273
5-14A,2.0,407.2795,0.29296805149910843,0.27406296616337217
5-14A,2.0,421.0743,-0.35014563975910834,0.7445577232948029
5-14A,2.0,426.0222,-0.11859242989619737,0.3540413670693062
5-14A,2.0,442.9997,0.13718518497289367,0.11986498993948014
5-14A,2.0,466.9657,0.8858927437450765,0.282154582960635
5-14A,2.0,490.9787,0.9524571709248579,1.8055774651992247
5-14A,2.0,503.1614,0.3025712260918949,0.549658737283707
5-14A,2.0,547.0731,-1.1016529734477407,0.09760865387189561
5-14A,2.0,565.0471,-0.9675145385387807,0.2405202858677327
5-14A,2.0,578.8872,1.334698767082747,0.3147238686925087
5-14A,2.0,579.0269,1.2234952137975157,0.2641352501642526
5-14A,2.0,612.2549,-0.9573652348065262,0.4854322048365462
5-14A,2.0,624.2949,-0.6091078304629922,0.365639583426481
5-14A,2.0,659.307,0.30011205968117466,0.20386774293187004
5-14A,2.0,664.0939,-0.4847369943555695,0.26479014959462915
5-14A,2.0,665.2144,-0.2621347844319784,0.3754209231384925
5-14A,2.0,668.1374,-0.6164691176660503,0.0002828707437167064
5-14A,2.0,787.255,0.9577540891557907,0.18723233286719662
5-14A,2.0,790.2568,0.34914787613942827,0.1763856196144605
5-14A,2.0,835.0407,-0.7529657907756557,0.15936099359595807
5-14A,2.0,863.2971,-0.5581064407275128,0.16018177644189086
5-14A,2.0,864.1473,-0.662813704571685,0.27513210343510275
5-14A,2.0,974.2935,-0.44608749410168264,0.2489141780530023
5-14A,2.0,976.7162,0.895644228324359,0.23571778393234777
5-14A,3.0,57.0342,0.7004183069017507,0.6027166112131505
5-14A,3.0,58.0295,-0.8376905400890401,0.09192091451805044
5-14A,3.0,59.0135,0.8126439472583005,0.22219968576886653
5-14A,3.0,71.0137,0.938360489608832,0.13245527938536966
5-14A,3.0,73.0293,-0.9258215998850354,0.011028753456940744
5-14A,3.0,74.0247,0.4069431880305563,0.37364383544413515
5-14A,3.0,75.0087,-0.27492560009702904,0.5887434498896879
5-14A,3.0,87.0088,-0.6808993440361972,0.011186003195496444
5-14A,3.0,87.0451,0.625098888355986,0.3693130765716151
5-14A,3.0,88.0403,-0.8489042058677648,0.022815557632655418
5-14A,3.0,88.9883,-1.1079586980331386,0.24375603890793232
5-14A,3.0,89.0244,-0.6083805806103126,0.0684831837407748
5-14A,3.0,93.0338,-0.05949648293321186,0.010167478232488782
5-14A,3.0,94.9761,-0.8047684166121449,0.2630514993394453
5-14A,3.0,94.9806,0.8654163867628897,0.23878688872005976
5-14A,3.0,95.0139,1.205173647526363,0.20794485288219045
5-14A,3.0,101.0242,0.9564384554549064,0.2519043539431324
5-14A,3.0,102.056,-0.32904269781038464,0.033349504018348186
5-14A,3.0,103.0402,-0.8431824391159037,0.03996958073453228
5-14A,3.0,103.0509,-0.9208630724935911,0.06623435841725055
5-14A,3.0,104.0352,-0.1010705570191926,0.19311265453313847
5-14A,3.0,105.0193,0.6006544381738163,0.58686644366398
5-14A,3.0,107.0503,-0.249379053617871,0.49383559730950677
5-14A,3.0,109.0295,-0.22381138706929024,0.1881250701829856
5-14A,3.0,111.02,-0.35767525335246564,0.04577900222308784
5-14A,3.0,112.0516,0.3590231995819083,0.678576991530653
5-14A,3.0,113.0244,1.0143055749050442,0.18443398732690583
5-14A,3.0,113.0357,-0.2346101787324571,0.12359085064273481
5-14A,3.0,114.056,3.235031766390046,0.11289182509985779
5-14A,3.0,115.0037,-0.7121512378651751,0.04599839289420061
5-14A,3.0,115.0402,-0.008963947163712216,0.35780406636199485
5-14A,3.0,115.0764,0.9278580914463611,0.5689327564092566
5-14A,3.0,116.0354,0.3604522151476349,0.12219844190579933
5-14A,3.0,116.0717,-0.802082729391374,0.010364005675632263
5-14A,3.0,117.0194,-0.9110543892121794,0.006159706076656821
5-14A,3.0,118.0508,-0.7375838026397644,0.2533364832828476
5-14A,3.0,118.9804,0.9697339658211686,0.2105997413006041
5-14A,3.0,119.0503,0.6492450529415523,0.09346255283817219
5-14A,3.0,120.9273,0.6824193013373587,0.2585905928482341
5-14A,3.0,121.0295,0.8232182218039485,0.4385361445696512
5-14A,3.0,121.0409,0.9888925697100397,0.38237413588812486
5-14A,3.0,122.0248,0.07727393283386726,0.2441817122054021
5-14A,3.0,124.0075,0.23284958704393288,0.49140565086113036
5-14A,3.0,124.0144,0.7022957029614214,0.2528427643064887
5-14A,3.0,125.0439,0.6846017496393701,0.17124151097230558
5-14A,3.0,127.0764,0.9329856556821359,0.37486060926421993
5-14A,3.0,128.0354,-0.3248591450985344,0.006427143862004135
5-14A,3.0,129.0193,-0.5073508449510186,0.01751739861434021
5-14A,3.0,129.0556,0.21091130392663818,0.4230996270919798
5-14A,3.0,130.0142,-0.7049230184424973,0.17083949555881306
5-14A,3.0,130.0509,-0.9362783571165554,0.009683240982651985
5-14A,3.0,130.0874,-1.0851543009424442,0.019606403298297752
5-14A,3.0,131.0008,-0.09602311867753266,1.0896598638599262
5-14A,3.0,131.0123,-0.6795030154039258,0.0918382467211076
5-14A,3.0,131.035,1.027747545386613,0.14336943136241956
5-14A,3.0,131.0462,1.0334133134920693,0.3416891383814258
5-14A,3.0,131.0828,-0.59846996216586,0.04258719564629486
5-14A,3.0,132.0302,-0.7348016093135693,0.0244784279651433
5-14A,3.0,133.0142,-0.25574537637446393,0.06552703817214622
5-14A,3.0,133.0257,-0.3072938266028248,0.059105326640559966
5-14A,3.0,133.0505,-0.8035669514239853,0.052267598102663904
5-14A,3.0,134.0472,-1.144486205707273,0.12073036033330375
5-14A,3.0,134.0604,-0.5507102004161976,0.0892814722695675
5-14A,3.0,135.0302,-0.826061096905821,0.0646916664858581
5-14A,3.0,135.0453,-0.0523532335228976,0.19108663270794282
5-14A,3.0,136.0404,-0.24243324166568114,0.033181828834602675
5-14A,3.0,136.0487,-0.06266131394172884,0.23785799548774958
5-14A,3.0,136.0767,0.38983608758096366,0.5096403628151829
5-14A,3.0,137.0239,-0.22731445333277195,0.07296380900426838
5-14A,3.0,138.9789,-0.4041666472948845,0.3822519321975324
5-14A,3.0,139.0014,-0.32029187948356785,0.05693343819283097
5-14A,3.0,139.0067,-0.6929848058104027,0.02147814071557809
5-14A,3.0,139.976,-0.6185040937842183,0.4181851649186576
5-14A,3.0,143.0713,0.696204367313362,0.4208107365273993
5-14A,3.0,143.1077,0.5413998493449574,0.2710885769686099
5-14A,3.0,145.0141,-0.23971314658843562,0.08988366072456676
5-14A,3.0,145.0506,-0.7555898507527242,0.08811934565535888
5-14A,3.0,145.0623,-0.9373037053172038,0.21480938109698494
5-14A,3.0,145.0982,-0.7102103812374043,0.10936695736521168
5-14A,3.0,145.1106,-0.3135198823185333,0.4579834774651978
5-14A,3.0,146.0459,-0.04737159591405185,0.013346116565855881
5-14A,3.0,147.0298,-0.7459565528587513,0.019045276308216206
5-14A,3.0,147.0662,-0.6925141180553458,0.0762395370602946
5-14A,3.0,149.0092,0.2244798168721114,0.4671106058658145
5-14A,3.0,149.0456,0.6969465955847245,0.21488568771978162
5-14A,3.0,149.0608,0.6810161778183967,0.35785020825148794
5-14A,3.0,150.0422,-0.9973541559124697,0.7241218095998855
5-14A,3.0,150.9707,-0.2876949086527101,0.7924716625887563
5-14A,3.0,151.0259,-0.6505827792213404,0.06192661165602797
5-14A,3.0,151.04,-0.060915896871885686,0.4309033055489625
5-14A,3.0,151.06,0.37409677399453156,0.616098442423083
5-14A,3.0,152.0353,-0.2891796747545976,0.2506308579054389
5-14A,3.0,152.0716,0.7496806269039906,0.23169449712258056
5-14A,3.0,153.0192,0.5562575032027606,0.07334229326216446
5-14A,3.0,154.062,-0.316778202491271,0.03010105838807343
5-14A,3.0,154.9751,-0.9327188269959092,0.010036712758808602
5-14A,3.0,155.0099,-0.24780259323748527,0.028889680887478324
5-14A,3.0,157.0128,-0.6572703097984944,0.05405222304334332
5-14A,3.0,157.0255,-0.47385968011568214,0.08848593373479156
5-14A,3.0,157.0379,-0.3883981246799226,0.118565934279944
5-14A,3.0,157.0504,-0.8511447530372209,0.06079478913875674
5-14A,3.0,159.0297,1.1182074318236055,0.11389501163808238
5-14A,3.0,159.0775,-0.8855295706227098,0.06945007634979791
5-14A,3.0,160.0616,-0.13187873313786216,0.5535579239840983
5-14A,3.0,161.0453,0.6723876449999964,0.21303411647454187
5-14A,3.0,162.0424,-0.6818650313380136,0.16222540027059407
5-14A,3.0,163.0351,-0.6450258384238244,0.11414766706251764
5-14A,3.0,163.0398,0.8337001471126839,0.13879100152585871
5-14A,3.0,163.0611,0.39762172678401897,0.797588819351777
5-14A,3.0,164.0716,-0.5793851380231764,0.08011250869936631
5-14A,3.0,165.03,0.6342340599296994,0.48453777320319014
5-14A,3.0,165.0405,-0.5708970153754989,0.4611901468648026
5-14A,3.0,165.0556,-0.7729316053428901,0.07727226074900596
5-14A,3.0,166.0508,-0.44289119158052537,0.1712970954246533
5-14A,3.0,166.0632,0.38531142461196266,0.4496299654733175
5-14A,3.0,166.9759,-0.6867165744948106,0.1974851540180131
5-14A,3.0,167.0207,-0.1934886375366223,0.3002173397698291
5-14A,3.0,167.0358,0.1519349939889622,0.5838638147511291
5-14A,3.0,167.0828,0.9937291374551112,1.1047596402363602
5-14A,3.0,168.0277,-0.08871805614672588,0.06867499840016714
5-14A,3.0,168.0664,1.2922547723419813,0.3167139367749741
5-14A,3.0,170.0455,-0.7833487182597929,0.017206510827544885
5-14A,3.0,171.0065,-0.9764048749471157,0.14486674102304872
5-14A,3.0,171.0092,-1.0368719416479826,0.19090164007526952
5-14A,3.0,171.0284,-0.6613545200456479,0.014390581874649686
5-14A,3.0,172.0616,-0.8298708969825309,0.19591019076747862
5-14A,3.0,172.962,-0.5227508342850278,0.1532575359934147
5-14A,3.0,173.0089,-0.6457703545980669,0.2083073908084976
5-14A,3.0,173.0453,-0.19112643818638758,0.04912182623904482
5-14A,3.0,173.0932,-0.8947959051662591,0.031095514171206307
5-14A,3.0,173.1041,-1.0786448949689926,0.15807042294170864
5-14A,3.0,174.0407,-0.8728293566029999,0.016027722394429792
5-14A,3.0,174.088,-0.7383565610863578,0.05724445489427758
5-14A,3.0,175.022,-0.6130066805076997,0.13316791717039483
5-14A,3.0,175.0361,-0.7198927033870132,0.04072779807958401
5-14A,3.0,175.0611,-0.9057977200957694,0.028926538948338527
5-14A,3.0,176.0776,-0.844215303318949,0.15533434646073774
5-14A,3.0,177.0402,1.241846562043976,0.7179510580909714
5-14A,3.0,177.0553,0.9614773998399467,0.5613836795147119
5-14A,3.0,178.0509,-0.7581885689957439,0.028211715914324115
5-14A,3.0,179.0348,-0.12349196034755397,0.2474204177953463
5-14A,3.0,179.0561,0.5280095896474724,0.06969376566544018
5-14A,3.0,180.0663,0.6099061204810765,0.1317827326607628
5-14A,3.0,181.0505,-0.7963293392188608,0.16174506162446592
5-14A,3.0,182.9725,1.0674565012421673,0.12611940357788234
5-14A,3.0,183.0661,1.5815949985812592,0.09564756226975847
5-14A,3.0,184.0017,0.020305522016041907,0.0638459428308172
5-14A,3.0,184.9856,-0.48440348487064705,0.06230643168931964
5-14A,3.0,186.1136,1.0711830720351827,0.41635464818547463
5-14A,3.0,187.0234,-1.1078953839976617,0.30202087699708446
5-14A,3.0,188.035,-0.13278830829257213,0.12684520509367092
5-14A,3.0,188.0565,-0.27447788490998737,0.019610853459537038
5-14A,3.0,189.0405,2.9080849369687476,0.44332699983494844
5-14A,3.0,191.0197,-0.6805153865598315,0.15803062650869099
5-14A,3.0,191.0561,-0.9417687424645682,0.09681648387247449
5-14A,3.0,192.0663,0.5745562585802093,0.5928979116516035
5-14A,3.0,193.0349,-0.40230727411858835,0.19618641928964725
5-14A,3.0,194.0682,-0.5302202636502922,0.23722315922352671
5-14A,3.0,194.0822,0.7339899879687849,0.9683446796496218
5-14A,3.0,195.0509,0.619702903605221,0.09814123262474306
5-14A,3.0,195.0657,0.10069535640487741,0.6017953342002673
5-14A,3.0,196.0603,1.0708254487921063,0.25270017319385596
5-14A,3.0,198.0182,-0.19317918844440018,0.35794787584433807
5-14A,3.0,199.0019,-0.7046353860365895,0.16140898316516342
5-14A,3.0,200.9937,0.3002884842323708,0.21871473279695766
5-14A,3.0,201.0051,-0.3541663716845808,0.15808401346515347
5-14A,3.0,203.0348,-0.14456556135879256,0.16411195408368978
5-14A,3.0,203.0826,-0.042277309220098876,0.050576630918464205
5-14A,3.0,204.0498,0.4108417470062145,0.5604945957208348
5-14A,3.0,205.0351,-0.9641140527420595,0.2091105793934069
5-14A,3.0,206.0822,-0.07636985478929045,0.6424640811943335
5-14A,3.0,209.0292,-0.5712079353808358,0.19765954131599678
5-14A,3.0,209.0814,-0.07403725080151546,0.36690920166098173
5-14A,3.0,211.0235,-0.288365805542304,0.41603630663979646
5-14A,3.0,211.9968,-0.943517593596585,0.03231115169005237
5-14A,3.0,212.0331,1.8123274479361255,0.43838812003851185
5-14A,3.0,212.9807,-0.6702622868816419,0.06573369329046674
5-14A,3.0,213.014,-0.8264707295858427,0.25322913003532055
5-14A,3.0,213.0384,-0.517810504347262,0.22364942224268053
5-14A,3.0,213.1252,0.7965979595188796,0.827963295681974
5-14A,3.0,214.0488,0.13911584998038207,0.6014039828586881
5-14A,3.0,215.0331,0.7862216441219841,0.09483841608698197
5-14A,3.0,216.1351,1.4174131488054433,0.27422753687654977
5-14A,3.0,218.0335,1.0161848930206325,0.07388436244180939
5-14A,3.0,218.1034,-0.23711669110294673,0.0855264477877577
5-14A,3.0,220.0828,0.4744596916337761,0.46190160021153515
5-14A,3.0,221.0443,1.0747698773037841,0.18127315343054906
5-14A,3.0,221.0664,0.010359958965201144,0.5702592777735124
5-14A,3.0,225.0399,-0.3553362160036498,0.5351143126842727
5-14A,3.0,225.0861,-0.4177276994364444,0.15122949713879985
5-14A,3.0,225.0901,0.10690701716602724,0.10936335348992411
5-14A,3.0,226.0135,-0.7420381184612359,0.05201794431270146
5-14A,3.0,226.0697,0.626436827251808,0.2787523439483603
5-14A,3.0,228.0501,-0.6622716417475021,0.20885514418791312
5-14A,3.0,229.0122,-0.6714782199256095,0.2653405222053604
5-14A,3.0,237.0614,-0.7871116354711349,0.14224341126701326
5-14A,3.0,238.0945,0.8169867825038969,0.2585535206127865
5-14A,3.0,240.0515,-0.6378502072093204,0.027066084200135693
5-14A,3.0,241.0844,-1.0037670277389044,0.24700434247311231
5-14A,3.0,242.0804,-0.7373553435543052,1.003190274807894
5-14A,3.0,243.029,-0.7561103966181021,0.19151170159825515
5-14A,3.0,243.0625,-1.0101755453021366,0.3037905521969114
5-14A,3.0,245.0444,-1.1445014449848263,0.13789840758809968
5-14A,3.0,246.0198,-0.5098605429656731,0.3543349234089288
5-14A,3.0,246.064,0.773776056440629,0.5023442634220175
5-14A,3.0,251.0816,0.30437209705995316,0.5186961600313647
5-14A,3.0,253.0119,0.7445458907788993,0.08172025644032734
5-14A,3.0,253.0499,0.7659263229435885,0.8924780427447838
5-14A,3.0,257.0072,-0.2048441767770255,0.17710504600234572
5-14A,3.0,257.1028,0.7102191840951999,0.37479592298402814
5-14A,3.0,259.005,-0.806207577891448,0.4809285323267829
5-14A,3.0,259.0227,0.37902524423544315,0.22168035253711796
5-14A,3.0,261.0385,-0.4754850216510613,0.21448163340452234
5-14A,3.0,266.0703,-0.37596637482557826,0.2148820911191884
5-14A,3.0,267.0724,-0.7304597033062855,0.010934742711969233
5-14A,3.0,268.02,0.0012173639477309137,0.5533024514062697
5-14A,3.0,269.0398,-0.7472629381785474,0.11233848501487015
5-14A,3.0,271.0612,-0.06805718991229279,0.7099573947646968
5-14A,3.0,271.0815,0.534889110893555,0.9568171697974868
5-14A,3.0,273.0021,-0.8508854245498914,0.24529364141779497
5-14A,3.0,274.0933,-0.6364149410726225,0.20115368632446823
5-14A,3.0,275.0184,-0.34032905957124715,0.9481859729670908
5-14A,3.0,275.0991,-0.4986283589530013,0.06397003723822255
5-14A,3.0,277.1207,0.7411449102583703,0.11532694736709072
5-14A,3.0,277.2169,-0.18065314722799344,0.2777209582567002
5-14A,3.0,279.2331,-0.31190062152464276,0.03453923065880976
5-14A,3.0,282.0839,-0.19261192677961017,0.4184250535006091
5-14A,3.0,283.2063,-0.13491607546408738,0.2553226792946254
5-14A,3.0,285.0972,0.6370921402194176,0.24243346879570735
5-14A,3.0,287.0157,0.9100138260124375,0.3632622683994961
5-14A,3.0,288.0725,0.5735076584480554,0.07180367581863932
5-14A,3.0,289.0333,-0.23859657696382758,0.6481509206228802
5-14A,3.0,289.1044,-0.9891673238992205,0.3491712966353697
5-14A,3.0,290.9677,1.118177579949192,0.26571829385227697
5-14A,3.0,294.0479,-0.1417086059592943,0.5718370503662897
5-14A,3.0,300.0509,0.39291506941260307,0.6746510929249774
5-14A,3.0,301.0333,-0.01804937303139681,0.3648502587702187
5-14A,3.0,303.2326,0.30157099672027654,0.9371088549248574
5-14A,3.0,305.0207,0.7929062161941066,0.19679549432054566
5-14A,3.0,306.0481,-1.1097754912856335,0.03965407330261382
5-14A,3.0,306.0765,-0.3025620832241527,0.013651977719817915
5-14A,3.0,308.0986,-0.28210421874469205,0.03745838105754874
5-14A,3.0,313.0441,-0.29124780404541806,0.4401705708621898
5-14A,3.0,313.1037,-0.7427895937502615,0.31867203978257
5-14A,3.0,317.026,-0.14943619093574873,0.35734589217670726
5-14A,3.0,323.0256,-1.1393937386092317,0.34931676550181934
5-14A,3.0,325.1163,-0.8200351957553129,0.45935238059318845
5-14A,3.0,328.0457,-0.6960445464790275,0.08221940150152876
5-14A,3.0,333.0589,-0.9102470725889982,0.1187057103489602
5-14A,3.0,338.9884,-0.8694332494413435,0.13056433099478224
5-14A,3.0,339.0928,0.06261051770859526,0.3521126435088669
5-14A,3.0,341.1089,-0.164262077142278,0.1727255628313238
5-14A,3.0,344.0393,-0.6084903134262272,0.18611376745916355
5-14A,3.0,346.0556,-0.7825397634543267,0.19133407403986322
5-14A,3.0,348.087,-1.0283921855451095,0.05750877587960699
5-14A,3.0,353.0489,-0.5845287006188326,0.40230546240461584
5-14A,3.0,357.089,-0.8911488881960589,0.26818063456046154
5-14A,3.0,375.131,-0.5278836283884835,0.23886476903576065
5-14A,3.0,377.1496,0.043737411999183184,0.6255768595650161
5-14A,3.0,383.1188,-0.28525468776401075,0.7392803244113447
5-14A,3.0,388.9416,0.6547545052025189,0.09355907520902813
5-14A,3.0,388.9442,0.512957025686341,0.11107211543869108
5-14A,3.0,401.0756,0.8981061553406053,0.15751878027744887
5-14A,3.0,407.2795,0.23968136288522346,0.3029802354382381
5-14A,3.0,421.0743,0.12117510539970769,0.47673099683487985
5-14A,3.0,426.0222,-1.0586208084880706,0.2952183258130369
5-14A,3.0,442.9997,0.16128162227481074,0.21934598942435204
5-14A,3.0,466.9657,0.4299801065294613,0.11733265963210462
5-14A,3.0,490.9787,-0.5730274134567732,1.1125891604415317
5-14A,3.0,503.1614,-0.2961317313678932,0.3511073852949479
5-14A,3.0,547.0731,-0.6913088586395936,0.06318302723935362
5-14A,3.0,565.0471,-0.04450163432273311,0.2564288065116184
5-14A,3.0,578.8872,1.0272811902539543,0.1979055029842169
5-14A,3.0,579.0269,1.3455115116558694,0.16692097646270695
5-14A,3.0,612.2549,-0.7475526065573401,0.4825299847803764
5-14A,3.0,624.2949,-1.2058730379118352,0.5598732594270589
5-14A,3.0,659.307,-0.02742709043666853,0.21834502126129637
5-14A,3.0,664.0939,-0.5018132526541002,0.22506459810603396
5-14A,3.0,665.2144,-0.6948043501474304,0.05884363403398056
5-14A,3.0,668.1374,-0.6146236230140798,0.00031670262674164234
5-14A,3.0,787.255,-0.8362062474186076,0.6321157576953931
5-14A,3.0,790.2568,-0.2366340679312311,0.2070913035787107
5-14A,3.0,835.0407,-0.7932263894282874,0.17542411839968422
5-14A,3.0,863.2971,-0.6649402766897112,0.050610074897371626
5-14A,3.0,864.1473,-0.8314167151965228,0.3389148877273058
5-14A,3.0,974.2935,-0.6427917367892315,0.16292043778031867
5-14A,3.0,976.7162,0.4089122605440995,0.11980669993325485
5-14A,4.0,57.0342,1.1205852101423273,0.254808086524261
5-14A,4.0,58.0295,-0.6053083487001506,0.23705527738017806
5-14A,4.0,59.0135,0.9599614568175345,0.25583695896840425
5-14A,4.0,71.0137,0.9310157319538619,0.2569647459430224
5-14A,4.0,73.0293,-0.8728688757917498,0.018191551495319282
5-14A,4.0,74.0247,1.0411325531024567,0.27729486591374497
5-14A,4.0,75.0087,0.5105378238791335,0.6479224694427861
5-14A,4.0,87.0088,-0.6782105022034923,0.014707759512595637
5-14A,4.0,87.0451,1.3779604420428386,0.8286711396425702
5-14A,4.0,88.0403,-0.7950987726557314,0.013718725945768633
5-14A,4.0,88.9883,-1.1579210157168671,0.6860042730065483
5-14A,4.0,89.0244,-0.3861324352301127,0.09336042624436434
5-14A,4.0,93.0338,-0.03930226384862587,0.016981266694406093
5-14A,4.0,94.9761,-0.7374384500719591,0.2992869273378885
5-14A,4.0,94.9806,0.710776331239041,0.3319913930349319
5-14A,4.0,95.0139,1.0176986599843696,0.2466499764928194
5-14A,4.0,101.0242,0.7992500143735508,0.40716298483076563
5-14A,4.0,102.056,-0.19356047467630347,0.04083835479730586
5-14A,4.0,103.0402,-0.7284589758218599,0.06048081852729686
5-14A,4.0,103.0509,-0.6731280151690118,0.13111350991393805
5-14A,4.0,104.0352,-0.21498122760611665,0.09019358623742867
5-14A,4.0,105.0193,0.7116851567976875,0.9941418055005481
5-14A,4.0,107.0503,0.023917464024433288,0.5799768614994809
5-14A,4.0,109.0295,0.2833307933690096,0.17558356629028332
5-14A,4.0,111.02,-0.022320913024114743,0.05097438721012401
5-14A,4.0,112.0516,-0.1322880750947944,0.8690904479232159
5-14A,4.0,113.0244,1.0224072451447308,0.13480469192277253
5-14A,4.0,113.0357,0.12533297534344173,0.08834840326550915
5-14A,4.0,114.056,3.258689294004071,0.16090654559344783
5-14A,4.0,115.0037,-0.6350142537303969,0.07916020325496691
5-14A,4.0,115.0402,0.19290027473549776,0.8075876476271469
5-14A,4.0,115.0764,0.16031468722880912,0.6991330762150759
5-14A,4.0,116.0354,1.29052871762726,0.4109019841082962
5-14A,4.0,116.0717,-0.7929033521174398,0.0035847013948661836
5-14A,4.0,117.0194,-0.8528560012301747,0.008413516979334965
5-14A,4.0,118.0508,-0.23544945509454274,0.3470309504586092
5-14A,4.0,118.9804,0.8025699976888532,0.17828169351860498
5-14A,4.0,119.0503,1.2827194969641258,0.4499179749660825
5-14A,4.0,120.9273,-0.17167733600858617,0.28453845333995725
5-14A,4.0,121.0295,-0.2347358421844233,0.35626726319847996
5-14A,4.0,121.0409,0.8665309521258227,0.8281111107377369
5-14A,4.0,122.0248,2.1133788145814525,0.9589198938738783
5-14A,4.0,124.0075,0.2725719484035411,0.33829060702354197
5-14A,4.0,124.0144,2.4245447813275316,0.1346499426590639
5-14A,4.0,125.0439,2.420120382512012,0.5670974920092637
5-14A,4.0,127.0764,-0.5175921715934908,0.6706308115633629
5-14A,4.0,128.0354,-0.3039006685960893,0.014665576297030514
5-14A,4.0,129.0193,-0.36131231454779167,0.1635474766311513
5-14A,4.0,129.0556,-0.9022580461434653,0.7314624697508373
5-14A,4.0,130.0142,-0.8083535615805085,0.7730118719562531
5-14A,4.0,130.0509,-0.8724426029360224,0.01392164271183192
5-14A,4.0,130.0874,-1.009176933569718,0.033123039140029634
5-14A,4.0,131.0008,0.5255166828003295,1.005905772276429
5-14A,4.0,131.0123,-0.7632888809454068,0.031200756926033742
5-14A,4.0,131.035,2.1142088379474737,0.30068377365494314
5-14A,4.0,131.0462,1.5631154829031813,0.2619141664303115
5-14A,4.0,131.0828,-0.6487821038843149,0.1178896947570504
5-14A,4.0,132.0302,-0.5061119375871521,0.024684840438756708
5-14A,4.0,133.0142,-0.395671929398531,0.048916393342046546
5-14A,4.0,133.0257,-0.5205527965578027,0.10869719920753908
5-14A,4.0,133.0505,-0.6505744813627694,0.0427705033270239
5-14A,4.0,134.0472,-0.4871495009927459,0.4002042063805822
5-14A,4.0,134.0604,-0.7533972834728921,0.30000050917149174
5-14A,4.0,135.0302,-0.7195081578683964,0.04955480646613321
5-14A,4.0,135.0453,0.6180232131699006,0.12254455746826452
5-14A,4.0,136.0404,-0.13056735758432886,0.012838312577059764
5-14A,4.0,136.0487,0.6474569037324798,0.5398327046683296
5-14A,4.0,136.0767,-0.43955641196147893,0.7746897852073236
5-14A,4.0,137.0239,-0.18747257459149919,0.21969844734850008
5-14A,4.0,138.9789,-0.462249210316889,0.39183816722144515
5-14A,4.0,139.0014,-0.17837968925217487,0.07305971247674818
5-14A,4.0,139.0067,-0.6767663940486918,0.07581110443217978
5-14A,4.0,139.976,-0.007719639528887386,0.44497542566922826
5-14A,4.0,143.0713,-0.24150786414898068,0.28858138802417194
5-14A,4.0,143.1077,0.12165835947141602,0.4434185259820733
5-14A,4.0,145.0141,-0.29064358057756545,0.023349475456026482
5-14A,4.0,145.0506,-0.8907158949608533,0.15104541189745752
5-14A,4.0,145.0623,-0.5328687077534948,0.3257764214952839
5-14A,4.0,145.0982,-0.5234618877609987,0.21384404064879742
5-14A,4.0,145.1106,-0.8926483342936962,0.293312284285317
5-14A,4.0,146.0459,0.2576194057010674,0.024278774536771117
5-14A,4.0,147.0298,-0.6867475442181576,0.03774178429438706
5-14A,4.0,147.0662,-0.4641386227660165,0.04217589084371898
5-14A,4.0,149.0092,-0.7540510118878255,1.3482243817431019
5-14A,4.0,149.0456,1.3817714080865255,0.2017155265327524
5-14A,4.0,149.0608,0.7035714428024971,0.8067268648527413
5-14A,4.0,150.0422,-0.38938566169311983,0.3037600257160862
5-14A,4.0,150.9707,-0.7304623121855616,0.5335630872877755
5-14A,4.0,151.0259,-0.6642971179109398,0.08575311607726883
5-14A,4.0,151.04,0.17806710577662105,0.6122173520820376
5-14A,4.0,151.06,0.5694342703601372,0.7218986419899538
5-14A,4.0,152.0353,-0.5927554163232918,0.4401722765543856
5-14A,4.0,152.0716,0.9269795047760538,0.6598439521154665
5-14A,4.0,153.0192,0.9085289291375441,0.1434023045024927
5-14A,4.0,154.062,-0.3809768501311527,0.13310045331938813
5-14A,4.0,154.9751,-0.8676947357780311,0.019468938196776215
5-14A,4.0,155.0099,0.01836533382370365,0.03799715260088519
5-14A,4.0,157.0128,-0.5207180339913666,0.07586009270374805
5-14A,4.0,157.0255,-0.17198313855295477,0.017581274323846388
5-14A,4.0,157.0379,-0.21508616013055126,0.023569121509900048
5-14A,4.0,157.0504,-0.7946827134994101,0.03250903221464917
5-14A,4.0,159.0297,1.5260451657424534,0.4522239505485464
5-14A,4.0,159.0775,-0.6146281585099216,0.02409206895645368
5-14A,4.0,160.0616,0.2852023735162102,0.8252941376366759
5-14A,4.0,161.0453,1.6316252717654878,0.29460697197253916
5-14A,4.0,162.0424,0.5575247799732748,0.308490965654267
5-14A,4.0,163.0351,-0.9091388908768665,0.09836389026507153
5-14A,4.0,163.0398,1.1918011051019466,0.21538341913335754
5-14A,4.0,163.0611,0.8972943319178821,0.7650431405834538
5-14A,4.0,164.0716,-0.38898419211976887,0.03903565212386391
5-14A,4.0,165.03,-0.3172324013056179,0.4292370801641278
5-14A,4.0,165.0405,-0.4975812844692599,0.3899989192222755
5-14A,4.0,165.0556,-0.45637547684334856,0.1808089639598663
5-14A,4.0,166.0508,0.0345571329442369,0.19602735955751047
5-14A,4.0,166.0632,-0.881878506534047,0.2177829551040173
5-14A,4.0,166.9759,-0.721070340004822,0.34979307592906983
5-14A,4.0,167.0207,-0.1714431839133188,0.4856271883403294
5-14A,4.0,167.0358,0.414157191535619,0.47943992961592824
5-14A,4.0,167.0828,1.3524072052505642,0.21318531031994972
5-14A,4.0,168.0277,0.14396190143068527,0.07165282813859362
5-14A,4.0,168.0664,1.9421197514794502,1.1834439906651872
5-14A,4.0,170.0455,-0.6943061787688765,0.01652697076733296
5-14A,4.0,171.0065,-0.7677156070899462,0.18565844503279144
5-14A,4.0,171.0092,-0.4528620639169476,0.19231409948675338
5-14A,4.0,171.0284,-0.6894033607941912,0.032266271417394465
5-14A,4.0,172.0616,-0.12927245999631926,0.29619603878561007
5-14A,4.0,172.962,-0.509118635994622,0.062268680602883306
5-14A,4.0,173.0089,-0.8031053872542924,0.08789723102629293
5-14A,4.0,173.0453,-0.7158351297029492,0.2471948534338311
5-14A,4.0,173.0932,-0.8929873057767532,0.02730306232213856
5-14A,4.0,173.1041,-0.8611388649626767,0.11864772375227652
5-14A,4.0,174.0407,-0.7883792341697281,0.010634848087549036
5-14A,4.0,174.088,-0.8677265319402487,0.11497995254096274
5-14A,4.0,175.022,-0.816659231717187,0.2601419300610398
5-14A,4.0,175.0361,-0.49950204743801396,0.02472117116501809
5-14A,4.0,175.0611,-0.7957565659946665,0.058723926197840566
5-14A,4.0,176.0776,-0.5191099658831215,0.16845471173412702
5-14A,4.0,177.0402,1.093254908910572,0.42119617984647234
5-14A,4.0,177.0553,2.3938655142571785,1.105784552292833
5-14A,4.0,178.0509,-0.7042263729880534,0.07236515249178217
5-14A,4.0,179.0348,0.6274319075965779,0.30594501327719836
5-14A,4.0,179.0561,1.106117761278324,0.13334560563733588
5-14A,4.0,180.0663,1.0789025276360813,0.22499961755350875
5-14A,4.0,181.0505,-0.39078683246276485,0.13979486167900432
5-14A,4.0,182.9725,0.2971942871088611,0.36809856127046814
5-14A,4.0,183.0661,1.088480749016827,0.3371583747542576
5-14A,4.0,184.0017,0.29601215855310137,0.1413262691471073
5-14A,4.0,184.9856,-0.46830636620402477,0.06728055593848752
5-14A,4.0,186.1136,-0.6146330666839739,0.34265482687539867
5-14A,4.0,187.0234,-1.6408044426734842,0.25979611543122283
5-14A,4.0,188.035,0.545738595580422,0.21335854189108794
5-14A,4.0,188.0565,0.15779755404471935,0.05768534077659402
5-14A,4.0,189.0405,-0.574133439556966,0.07654845114262178
5-14A,4.0,191.0197,-0.8256388184734427,0.15240837681371316
5-14A,4.0,191.0561,-0.8219260192065454,0.13440354217664205
5-14A,4.0,192.0663,1.7211551047790534,0.3528856922517136
5-14A,4.0,193.0349,-0.12980306235179911,0.5209402697398571
5-14A,4.0,194.0682,-0.6311354985039359,0.20183098161331633
5-14A,4.0,194.0822,1.7473208706994825,0.24420185088346485
5-14A,4.0,195.0509,1.345424738642607,0.22132495046590303
5-14A,4.0,195.0657,0.3437843441640879,0.8035307171952024
5-14A,4.0,196.0603,1.052291585654645,0.07902300874122038
5-14A,4.0,198.0182,-0.4837859157338466,0.6881521033389056
5-14A,4.0,199.0019,-0.6306493851944577,0.2871634820541379
5-14A,4.0,200.9937,0.7219537881472431,0.4462481793782405
5-14A,4.0,201.0051,0.10034120808077822,0.4937943710977039
5-14A,4.0,203.0348,0.05722853815362178,0.3946988673671545
5-14A,4.0,203.0826,-0.060667044142606485,0.06588440129819906
5-14A,4.0,204.0498,0.651336045196953,1.2111473173379772
5-14A,4.0,205.0351,-1.1570568018012088,0.1920826669919742
5-14A,4.0,206.0822,1.8004514409480774,0.8524624991082896
5-14A,4.0,209.0292,-0.8068973883142078,0.37627305901238023
5-14A,4.0,209.0814,-0.11255536009800746,0.7522510919314143
5-14A,4.0,211.0235,-0.9645858679643131,0.3282058417388576
5-14A,4.0,211.9968,-0.8553436264560833,0.05123437621372686
5-14A,4.0,212.0331,1.6234765915280558,0.5647181465605795
5-14A,4.0,212.9807,-0.7026611015805615,0.0877531765297791
5-14A,4.0,213.014,-0.5509447842832741,0.506978837660552
5-14A,4.0,213.0384,-0.6063016961193035,0.2944072397436194
5-14A,4.0,213.1252,0.040887368998649434,0.8871731960917102
5-14A,4.0,214.0488,0.4397311643301587,1.0004398879910468
5-14A,4.0,215.0331,1.021223185847614,0.14127682793433974
5-14A,4.0,216.1351,1.9710887146409566,0.2883960475145761
5-14A,4.0,218.0335,1.0019501620145972,0.13408312052994487
5-14A,4.0,218.1034,0.29797750696815123,0.07540773099539484
5-14A,4.0,220.0828,0.7917223843189141,0.6256036880737704
5-14A,4.0,221.0443,0.7118089190798037,0.11954226949542515
5-14A,4.0,221.0664,0.789118387263107,0.21825055911254918
5-14A,4.0,225.0399,-0.1704071857816199,0.21682962473412432
5-14A,4.0,225.0861,0.04735065904072095,0.33691405392994184
5-14A,4.0,225.0901,0.04645814005977866,1.41186203742738
5-14A,4.0,226.0135,-0.5556305130667518,0.23308073903098706
5-14A,4.0,226.0697,0.5357667363770646,0.5045869271417444
5-14A,4.0,228.0501,-0.3882256569914873,0.5984513518911516
5-14A,4.0,229.0122,-0.47839788379257575,0.1491236871563174
5-14A,4.0,237.0614,-0.5815125176232109,0.2432786834280564
5-14A,4.0,238.0945,-0.28041405027540967,0.2644321731309583
5-14A,4.0,240.0515,-0.5373158584840785,0.04907218465982082
5-14A,4.0,241.0844,-0.34993085488051506,0.27396135696971236
5-14A,4.0,242.0804,-0.2957383615979556,1.190205739646881
5-14A,4.0,243.029,-0.3216206831862633,0.1809655891612766
5-14A,4.0,243.0625,-1.2471119792565675,0.43806187567902116
5-14A,4.0,245.0444,-0.8117991919911898,0.5441660808785443
5-14A,4.0,246.0198,-0.3026151294341817,0.4959979170550676
5-14A,4.0,246.064,0.06624336382871837,0.9450436894667626
5-14A,4.0,251.0816,0.7127512320735133,0.6518441559204368
5-14A,4.0,253.0119,1.652864515069121,0.06556033842376123
5-14A,4.0,253.0499,0.6183859235657898,0.702106107832953
5-14A,4.0,257.0072,-0.6444411343567327,0.10458697329350958
5-14A,4.0,257.1028,-0.4468268938480729,0.3211119015742463
5-14A,4.0,259.005,-0.7102517935734082,0.09367549550049965
5-14A,4.0,259.0227,1.0215965360062187,0.26154037462343155
5-14A,4.0,261.0385,-0.4480803302405731,0.37188943985930156
5-14A,4.0,266.0703,0.030703598970713238,0.3027683286282945
5-14A,4.0,267.0724,-0.6872572529388965,0.03805868413670031
5-14A,4.0,268.02,-0.4465028321989142,0.7294892944517162
5-14A,4.0,269.0398,-0.8396284173209859,0.12487942144510729
5-14A,4.0,271.0612,0.22186531891891917,0.4866064000362526
5-14A,4.0,271.0815,0.40231338384530857,0.8059776209488207
5-14A,4.0,273.0021,-0.8107398654367677,0.13341386850440992
5-14A,4.0,274.0933,-0.3576464001669603,0.26835373982285565
5-14A,4.0,275.0184,-0.02194767822462046,0.5547603650597493
5-14A,4.0,275.0991,-0.6576450627241748,0.1366533897488927
5-14A,4.0,277.1207,1.129646105962597,0.1346942393864463
5-14A,4.0,277.2169,0.1429824761334555,0.1326554858325319
5-14A,4.0,279.2331,-0.2883806262673744,0.02682181997421171
5-14A,4.0,282.0839,0.2947985617267308,0.8746174569855479
5-14A,4.0,283.2063,-0.5886981998730845,0.09706995244275506
5-14A,4.0,285.0972,-0.22415665800569334,0.9392992787371127
5-14A,4.0,287.0157,0.4110685518187988,0.322254061609531
5-14A,4.0,288.0725,0.9303968598220368,0.32256021231213294
5-14A,4.0,289.0333,-0.7909096292762088,0.844886367330465
5-14A,4.0,289.1044,-0.5080841710685884,0.11032303976855921
5-14A,4.0,290.9677,1.5794653194299177,0.13180405777811102
5-14A,4.0,294.0479,0.6997856806798305,0.8719362194745431
5-14A,4.0,300.0509,0.1723607574864709,1.0558690612172916
5-14A,4.0,301.0333,0.22657680749817863,0.32161904409828296
5-14A,4.0,303.2326,0.4130047361859759,0.7439511611634886
5-14A,4.0,305.0207,0.9737900554485872,0.10308926541200286
5-14A,4.0,306.0481,-1.1033913930516661,0.06904949939382934
5-14A,4.0,306.0765,-0.2893187138508606,0.013797787664408041
5-14A,4.0,308.0986,-0.3252500866573623,0.01666390969153685
5-14A,4.0,313.0441,-0.9559420162604977,0.3848456013976195
5-14A,4.0,313.1037,-0.5506648513222457,0.2532729748730064
5-14A,4.0,317.026,-0.18866572409571525,0.6429268927729861
5-14A,4.0,323.0256,-0.9935215513489681,0.4703460776424368
5-14A,4.0,325.1163,0.35674912929121283,0.2884849729214261
5-14A,4.0,328.0457,-0.4560081529412393,0.2047034461192554
5-14A,4.0,333.0589,-0.4247625468582587,0.4286507308188957
5-14A,4.0,338.9884,-0.24361925408677906,1.2524177486340489
5-14A,4.0,339.0928,0.6737811116531569,0.34196444213021676
5-14A,4.0,341.1089,0.34599537485496545,0.16926050360493874
5-14A,4.0,344.0393,-0.6573828944946729,0.07591174915988899
5-14A,4.0,346.0556,-0.5246319256617011,0.05308659586055011
5-14A,4.0,348.087,-1.0160281111525824,0.1279733146422892
5-14A,4.0,353.0489,-0.2441821264690427,0.8408271344100121
5-14A,4.0,357.089,-0.6746085585465771,0.15987630088611202
5-14A,4.0,375.131,-0.8216424832644121,0.33861020453070867
5-14A,4.0,377.1496,-0.6055657213385209,0.6176849672207843
5-14A,4.0,383.1188,1.090432236370063,0.6865996147949404
5-14A,4.0,388.9416,1.1383585406050623,0.4925966025085601
5-14A,4.0,388.9442,0.8823767749521727,0.39205727679190144
5-14A,4.0,401.0756,0.9791748997039886,0.20976601747177773
5-14A,4.0,407.2795,-0.3571295495902884,0.23720702728046758
5-14A,4.0,421.0743,-0.14329344899802474,0.383069345230722
5-14A,4.0,426.0222,-0.40254740905671454,0.5096913526847735
5-14A,4.0,442.9997,0.17447729032109868,0.09725775930511656
5-14A,4.0,466.9657,0.5918159810382089,0.32594006577376244
5-14A,4.0,490.9787,-0.22777943543243095,1.0702341031421678
5-14A,4.0,503.1614,1.0604255829162006,0.36338495666431575
5-14A,4.0,547.0731,-0.36204442466095976,0.08270544159785438
5-14A,4.0,565.0471,0.3095506714775819,0.27847326884665224
5-14A,4.0,578.8872,1.1654215306901317,0.0407745939607273
5-14A,4.0,579.0269,0.8565048364426828,0.13337189176636002
5-14A,4.0,612.2549,-0.36044443635588985,0.24253451911981697
5-14A,4.0,624.2949,-0.3396251770364077,0.3842565389007942
5-14A,4.0,659.307,0.20905345778119339,0.09712527326915951
5-14A,4.0,664.0939,-0.629382947001946,0.14923630088620085
5-14A,4.0,665.2144,-0.1365963814241212,0.2704440508762191
5-14A,4.0,668.1374,-0.6154549698728056,0.0004160362185608374
5-14A,4.0,787.255,0.8214406163871539,0.3355779064270624
5-14A,4.0,790.2568,0.40727397863817066,0.1898401544139791
5-14A,4.0,835.0407,-0.8013873215876045,0.12052501321757715
5-14A,4.0,863.2971,-0.5353176531929142,0.1064361196495806
5-14A,4.0,864.1473,0.09488416245318909,0.31587799477686823
5-14A,4.0,974.2935,-0.3539253664089149,0.3820746597580159
5-14A,4.0,976.7162,1.06692610361194,0.21345217828951188
5-14A,5.0,57.0342,0.6631700372984592,0.3578404610624678
5-14A,5.0,58.0295,-0.36200480105799726,0.32842925232269005
5-14A,5.0,59.0135,0.4395029010204335,0.10680297577722404
5-14A,5.0,71.0137,0.6988549746950272,0.09019642759081901
5-14A,5.0,73.0293,-0.7282213557963544,0.021255560227916595
5-14A,5.0,74.0247,2.2242842539480576,0.7970332092471157
5-14A,5.0,75.0087,-0.4223193199097654,0.39242655045704583
5-14A,5.0,87.0088,-0.6706698934274773,0.006689603013955748
5-14A,5.0,87.0451,0.772422242983696,0.34005528178472877
5-14A,5.0,88.0403,-0.6374440591660513,0.04416307415418641
5-14A,5.0,88.9883,-0.24760758751933093,0.4345285702520239
5-14A,5.0,89.0244,-0.5779714669118281,0.10639621868640017
5-14A,5.0,93.0338,-0.040845604426333865,0.009007517385006387
5-14A,5.0,94.9761,-0.7908015100141641,0.15584258232676806
5-14A,5.0,94.9806,0.47844958845049396,0.166834041874138
5-14A,5.0,95.0139,0.8979601709173701,0.11746136603133034
5-14A,5.0,101.0242,0.3510627947207312,0.1060557394070701
5-14A,5.0,102.056,0.03973285972850008,0.024093576833153836
5-14A,5.0,103.0402,-0.72616140172612,0.02938275439956045
5-14A,5.0,103.0509,-0.6172860965097828,0.14007961124141521
5-14A,5.0,104.0352,0.5866584526085706,0.16371800475659382
5-14A,5.0,105.0193,0.584275978822782,0.8852027457862178
5-14A,5.0,107.0503,-0.25061204155101346,0.459617683258098
5-14A,5.0,109.0295,0.4454025262351001,0.012546852223182692
5-14A,5.0,111.02,0.2834603321204964,0.09758455142104774
5-14A,5.0,112.0516,-0.13787115776157513,0.30798584146963015
5-14A,5.0,113.0244,0.6172486742583618,0.1466224669623366
5-14A,5.0,113.0357,0.40892725117707557,0.16489232850995136
5-14A,5.0,114.056,2.743779852625953,0.06849910872746236
5-14A,5.0,115.0037,-0.5094592564801244,0.09807678227009432
5-14A,5.0,115.0402,-0.4726991329270787,0.476896149549324
5-14A,5.0,115.0764,0.1150248590296368,0.7063767373119897
5-14A,5.0,116.0354,2.064441261020865,0.23882671080201978
5-14A,5.0,116.0717,-0.7184717158219385,0.01767592889827049
5-14A,5.0,117.0194,-0.7354341638771699,0.02048403660184564
5-14A,5.0,118.0508,0.15748432193090822,0.11458926455306558
5-14A,5.0,118.9804,0.6445953752551548,0.1389622953963008
5-14A,5.0,119.0503,0.5584898738837162,0.24181702455758275
5-14A,5.0,120.9273,-0.30944361208122695,0.24688639757757397
5-14A,5.0,121.0295,-0.7765676163344601,0.48578186997029826
5-14A,5.0,121.0409,0.12162104194228282,0.8482187929098379
5-14A,5.0,122.0248,1.3293679087718386,0.43310736888082346
5-14A,5.0,124.0075,-0.12669920959252062,0.2772095847081923
5-14A,5.0,124.0144,1.6099558039379052,0.2813576115373237
5-14A,5.0,125.0439,1.4459450130298515,0.053436361928777196
5-14A,5.0,127.0764,0.2369115319106443,0.5087321220078166
5-14A,5.0,128.0354,-0.18438904322224686,0.023735309337596346
5-14A,5.0,129.0193,-0.07835512895496444,0.19141772488484304
5-14A,5.0,129.0556,-0.6519115509283063,0.44922303549272424
5-14A,5.0,130.0142,-0.7788429079981951,0.6221859474514649
5-14A,5.0,130.0509,-0.6017052066508162,0.05856390093821994
5-14A,5.0,130.0874,-0.7163482847060948,0.049585206608516966
5-14A,5.0,131.0008,-0.3416875932840061,0.7640026701406682
5-14A,5.0,131.0123,-0.7929304948096894,0.06046213275029866
5-14A,5.0,131.035,1.0263538305742144,0.1460601203861183
5-14A,5.0,131.0462,0.9963633525116399,0.07660865074756071
5-14A,5.0,131.0828,-0.3436659915454543,0.06035486489444374
5-14A,5.0,132.0302,-0.13437456907947196,0.07402879040992028
5-14A,5.0,133.0142,-0.2961821523596315,0.060910380705745594
5-14A,5.0,133.0257,-0.23530539258248956,0.13408455436812491
5-14A,5.0,133.0505,-0.39043104129276696,0.04662377190130147
5-14A,5.0,134.0472,0.09414459053097951,0.15990367545556794
5-14A,5.0,134.0604,0.10107588320361674,0.5822933962729974
5-14A,5.0,135.0302,-0.5967633506439124,0.07740831185572239
5-14A,5.0,135.0453,0.26631811272509864,0.2673469607325065
5-14A,5.0,136.0404,-0.37210634811100374,0.1013203404049419
5-14A,5.0,136.0487,0.042077936960128653,0.3050146033585231
5-14A,5.0,136.0767,-0.17007694530638448,0.2771766567802637
5-14A,5.0,137.0239,-0.13454591737534533,0.18855575977357528
5-14A,5.0,138.9789,-0.9425667532205955,0.3695870000961449
5-14A,5.0,139.0014,-0.09205981308304753,0.03013897013069085
5-14A,5.0,139.0067,-0.6742438199479162,0.0180991396525289
5-14A,5.0,139.976,-0.7057227954296456,0.3297502411822025
5-14A,5.0,143.0713,-0.09521694642084302,0.14333381899260608
5-14A,5.0,143.1077,-0.6348997149618193,0.792158531903529
5-14A,5.0,145.0141,-0.24621490411896285,0.13049500408077125
5-14A,5.0,145.0506,-0.636674266968873,0.11784243492621221
5-14A,5.0,145.0623,-0.559089444334246,0.13064595723621322
5-14A,5.0,145.0982,-0.0016693986036392591,0.11536536318776143
5-14A,5.0,145.1106,0.20110848140347168,0.5552025019602594
5-14A,5.0,146.0459,0.4858493369977257,0.07112277924792329
5-14A,5.0,147.0298,-0.5535875165007293,0.0637066257161466
5-14A,5.0,147.0662,-0.13432562913914825,0.0953708272612363
5-14A,5.0,149.0092,-0.18417956963081453,0.29866436121652407
5-14A,5.0,149.0456,1.120267480153763,0.33172965023243495
5-14A,5.0,149.0608,-0.11092423717890046,0.35282591103539496
5-14A,5.0,150.0422,-0.49690847398955507,0.4374863405819916
5-14A,5.0,150.9707,-0.14065647986754673,0.7666790937553956
5-14A,5.0,151.0259,-0.606081149595906,0.07439606836347634
5-14A,5.0,151.04,-0.050021592120180966,0.528549791686818
5-14A,5.0,151.06,-0.04895459934976333,0.23430599721610879
5-14A,5.0,152.0353,-0.5831231876114347,0.41167227022937847
5-14A,5.0,152.0716,0.06607736415619964,0.40764417236376027
5-14A,5.0,153.0192,0.9459545779392473,0.07753786452127068
5-14A,5.0,154.062,-0.2987503738655862,0.048642027336636716
5-14A,5.0,154.9751,-0.7029922648182356,0.025276567938860375
5-14A,5.0,155.0099,0.33239926213708126,0.09602122615074701
5-14A,5.0,157.0128,-0.46327424972281395,0.03659096223182383
5-14A,5.0,157.0255,0.1363565359696699,0.15116022415847194
5-14A,5.0,157.0379,0.2264369696825287,0.06348984501376438
5-14A,5.0,157.0504,-0.6212543378103015,0.03303151617270131
5-14A,5.0,159.0297,0.5410879663922095,0.32607528336772373
5-14A,5.0,159.0775,-0.2821522632165677,0.11926075362954826
5-14A,5.0,160.0616,0.8425616026557354,0.3568567856616384
5-14A,5.0,161.0453,0.7055019167100218,0.314620756264223
5-14A,5.0,162.0424,0.19112359938157464,0.15692399527246748
5-14A,5.0,163.0351,-0.39933927800239005,0.22826808641941015
5-14A,5.0,163.0398,1.4597530100615734,0.1010987652431768
5-14A,5.0,163.0611,-0.26428897524496775,0.6286471759706581
5-14A,5.0,164.0716,-0.29155776668703837,0.05023421463247832
5-14A,5.0,165.03,-0.34899206065144217,0.6473567884217639
5-14A,5.0,165.0405,-0.3525847978765222,0.6265830321316731
5-14A,5.0,165.0556,-0.45665114255757167,0.20415864335551073
5-14A,5.0,166.0508,0.2829313575887355,0.22891026478030038
5-14A,5.0,166.0632,-0.6311785404126555,1.110146556963193
5-14A,5.0,166.9759,-0.7935426672451198,0.42436102014594285
5-14A,5.0,167.0207,-0.5661815893569985,0.21256298038223811
5-14A,5.0,167.0358,-0.22733503345621742,0.11686512446239304
5-14A,5.0,167.0828,0.3876496313308667,0.8836877571385603
5-14A,5.0,168.0277,0.42279981647389964,0.08270837864645644
5-14A,5.0,168.0664,1.0375779561935137,0.1085988251813148
5-14A,5.0,170.0455,-0.6573391412595466,0.015149031920320574
5-14A,5.0,171.0065,-0.669109523904142,0.11057427701540372
5-14A,5.0,171.0092,-0.6284820019494637,0.051708952263297206
5-14A,5.0,171.0284,-0.52097632502547,0.024167620196480194
5-14A,5.0,172.0616,0.185479789830512,0.24024511198925214
5-14A,5.0,172.962,-0.48391297956379015,0.10755414939984442
5-14A,5.0,173.0089,-0.6951878580369086,0.15580210864507618
5-14A,5.0,173.0453,-0.44895933452218434,0.14411664639402336
5-14A,5.0,173.0932,-0.7735411113133039,0.018074993079924707
5-14A,5.0,173.1041,-0.5934029405200725,0.1115622514488298
5-14A,5.0,174.0407,-0.5734032085293512,0.02983344367129605
5-14A,5.0,174.088,-0.6564553090014191,0.1292584115000236
5-14A,5.0,175.022,-0.6907629692296721,0.028821963873566947
5-14A,5.0,175.0361,-0.1765712744869178,0.09187864303357796
5-14A,5.0,175.0611,-0.5907495786086594,0.04145645866297793
5-14A,5.0,176.0776,-0.6927406328864008,0.33141516213092403
5-14A,5.0,177.0402,-0.15341542861693186,0.5476237895965751
5-14A,5.0,177.0553,1.2439157503833878,0.6644524842272124
5-14A,5.0,178.0509,-0.5080388938118277,0.04345771615153584
5-14A,5.0,179.0348,0.7337871330228806,0.24475258553510024
5-14A,5.0,179.0561,0.5770108867471564,0.09063312163971748
5-14A,5.0,180.0663,0.5114059036498622,0.19125991244317544
5-14A,5.0,181.0505,-0.5344886822570367,0.04203165555533678
5-14A,5.0,182.9725,0.33079991002464937,0.3091824282697363
5-14A,5.0,183.0661,0.2597203049624839,0.937701640367758
5-14A,5.0,184.0017,0.49270211171000544,0.020463395861566355
5-14A,5.0,184.9856,-0.4392772926535431,0.04582613716789374
5-14A,5.0,186.1136,-0.654677545054352,0.33835719543099263
5-14A,5.0,187.0234,-0.9028873918236295,0.5452909821049848
5-14A,5.0,188.035,1.6164713372016597,0.8620508812356978
5-14A,5.0,188.0565,0.7542276634811086,0.030128624942852674
5-14A,5.0,189.0405,-0.236411748346033,0.07924348982250178
5-14A,5.0,191.0197,-0.5394590864740056,0.1518634907461944
5-14A,5.0,191.0561,-0.6356287705303175,0.00846449356620736
5-14A,5.0,192.0663,1.0125026090147737,1.1068043872504996
5-14A,5.0,193.0349,-0.339070650813855,0.455097514347485
5-14A,5.0,194.0682,-0.0392812832812142,0.16561607437040343
5-14A,5.0,194.0822,-0.07545445021850587,0.5839233484828874
5-14A,5.0,195.0509,1.6469179599123882,0.0738140261131632
5-14A,5.0,195.0657,0.2870635803536054,0.35800815341681463
5-14A,5.0,196.0603,1.1631536504339373,0.11446854244986555
5-14A,5.0,198.0182,-0.4467230287751926,0.2263007441068505
5-14A,5.0,199.0019,-1.0816314689793622,0.17014371632702918
5-14A,5.0,200.9937,0.36452515606280667,0.332470809221012
5-14A,5.0,201.0051,-0.366005932373114,0.6082169232833847
5-14A,5.0,203.0348,-0.04099842127222867,0.05693678979687495
5-14A,5.0,203.0826,-0.07889083395916857,0.013721940261885895
5-14A,5.0,204.0498,0.23143214622449135,0.3862113569079273
5-14A,5.0,205.0351,-0.8681384201165424,0.17342321582328263
5-14A,5.0,206.0822,1.2574408351225383,0.7180133103252813
5-14A,5.0,209.0292,-0.3822440882768204,0.3947092769733174
5-14A,5.0,209.0814,-0.42017258913711475,0.2517203294044075
5-14A,5.0,211.0235,-0.8746146211594031,0.3300238698416293
5-14A,5.0,211.9968,-0.5715710738376133,0.07900026154886003
5-14A,5.0,212.0331,0.8794559572409203,0.4938507195174139
5-14A,5.0,212.9807,-0.5810024651775716,0.04033333685869387
5-14A,5.0,213.014,-0.974618769555069,0.24584763709059765
5-14A,5.0,213.0384,-0.615092211858248,0.2468220705684875
5-14A,5.0,213.1252,0.15625620471120527,0.5350089430787734
5-14A,5.0,214.0488,-0.09421057133179919,1.0020477030277575
5-14A,5.0,215.0331,0.7071031175676854,0.1153069523018965
5-14A,5.0,216.1351,2.6389638757472946,0.07006033971628842
5-14A,5.0,218.0335,0.6968136325875312,0.06768494204579682
5-14A,5.0,218.1034,0.8606024180061005,0.023602899096675817
5-14A,5.0,220.0828,0.6123999928012274,0.7215224893628751
5-14A,5.0,221.0443,0.6216864965974189,0.1453293630265869
5-14A,5.0,221.0664,0.6011489807855575,0.25375324536749233
5-14A,5.0,225.0399,-0.5122254654699928,1.4091447111650917
5-14A,5.0,225.0861,-0.5423475072304744,0.4486546019531548
5-14A,5.0,225.0901,-0.1633567697738364,0.6562474635764326
5-14A,5.0,226.0135,-0.5232837534543111,0.058266656204717965
5-14A,5.0,226.0697,0.42829791132600303,0.2439829804614698
5-14A,5.0,228.0501,-0.0025920856282330637,0.46752079037336686
5-14A,5.0,229.0122,-0.34967765970388665,0.21470065154364001
5-14A,5.0,237.0614,-0.36492146637879996,0.09848006266740429
5-14A,5.0,238.0945,-0.3937278773296669,0.16880904756574136
5-14A,5.0,240.0515,0.07379953184937493,0.04545142547194097
5-14A,5.0,241.0844,-0.1702563763641276,0.315119234162473
5-14A,5.0,242.0804,0.11163077277810576,0.6258955246814701
5-14A,5.0,243.029,-0.4352484538443803,0.27636432872453753
5-14A,5.0,243.0625,-0.763891704862368,0.5490836467361951
5-14A,5.0,245.0444,-0.7416352515083734,0.15865247330492024
5-14A,5.0,246.0198,-0.8210475023606512,0.37094989035774883
5-14A,5.0,246.064,0.28365399617804377,0.49707714877768827
5-14A,5.0,251.0816,1.2946476819640798,1.0358233814227398
5-14A,5.0,253.0119,2.277555038374051,0.12776758738405194
5-14A,5.0,253.0499,0.4148592119240942,0.6889331599395255
5-14A,5.0,257.0072,-0.21556605379116467,0.7066315312592242
5-14A,5.0,257.1028,-0.5001092141217623,0.5743715733425827
5-14A,5.0,259.005,-0.7173304989739193,0.19930091016137047
5-14A,5.0,259.0227,0.6515369378243205,0.20393494000556356
5-14A,5.0,261.0385,-0.24387117811725806,0.09044531543579833
5-14A,5.0,266.0703,0.45306960684335285,0.5072415271197513
5-14A,5.0,267.0724,-0.5884574703939321,0.02741694953247157
5-14A,5.0,268.02,-0.44054910618632576,0.27869882622855907
5-14A,5.0,269.0398,-0.876768382710428,0.07490078208106032
5-14A,5.0,271.0612,-0.18020828386346122,0.2617615012177516
5-14A,5.0,271.0815,-0.7022441681381785,1.0053327665884988
5-14A,5.0,273.0021,-0.6260702935163991,0.07746887924802108
5-14A,5.0,274.0933,0.021661614507957123,0.16300317802087735
5-14A,5.0,275.0184,0.8167838902568013,0.33939733950763523
5-14A,5.0,275.0991,-0.4690551305077526,0.140759999253649
5-14A,5.0,277.1207,0.7186372843107702,0.1762093248110424
5-14A,5.0,277.2169,-0.47763525071359203,0.30340958929834944
5-14A,5.0,279.2331,-0.38048441699397256,0.025322499994688562
5-14A,5.0,282.0839,0.7136669502868676,0.6708069104078994
5-14A,5.0,283.2063,-0.40832519658627675,0.1006623477414835
5-14A,5.0,285.0972,-0.9249907380183457,0.1016328800152768
5-14A,5.0,287.0157,0.3099633343862749,0.8591831905087824
5-14A,5.0,288.0725,2.060105393553998,0.12637191378515047
5-14A,5.0,289.0333,-0.2117782266546962,0.37613353982566966
5-14A,5.0,289.1044,-0.6488115742793086,0.1452034595903661
5-14A,5.0,290.9677,2.3083122872050814,0.3521773541565802
5-14A,5.0,294.0479,-0.6728780764848957,0.6150039478177519
5-14A,5.0,300.0509,0.08010274465462483,1.0997222262752695
5-14A,5.0,301.0333,-0.6018810422604126,0.08692001461655348
5-14A,5.0,303.2326,0.9107381709922485,1.5309810915331576
5-14A,5.0,305.0207,0.32724378771908613,0.1340005332299955
5-14A,5.0,306.0481,-1.0061789881253453,0.06954387588800842
5-14A,5.0,306.0765,-0.23923241641063736,0.019683040189890796
5-14A,5.0,308.0986,-0.13036786271162826,0.026797658217660034
5-14A,5.0,313.0441,-0.9049773412418469,0.3157449635908399
5-14A,5.0,313.1037,-0.628118281515739,0.7099177853785116
5-14A,5.0,317.026,0.31400422622521185,0.8228816003113246
5-14A,5.0,323.0256,-0.6274384660131143,0.6751533323495119
5-14A,5.0,325.1163,-0.39607742157615466,0.3441053471685937
5-14A,5.0,328.0457,-0.15273101943243467,0.22917502098762754
5-14A,5.0,333.0589,0.009841504560088959,0.4064517459142229
5-14A,5.0,338.9884,-0.4895169230161905,0.18052657684670123
5-14A,5.0,339.0928,0.06261051770859526,1.1565149320626436
5-14A,5.0,341.1089,0.23017032019362282,0.2419216876517369
5-14A,5.0,344.0393,-0.503563538324282,0.3271726727730109
5-14A,5.0,346.0556,-0.2633667077321301,0.21885262806685826
5-14A,5.0,348.087,-0.9589938325031838,0.08412932167669174
5-14A,5.0,353.0489,-0.6286615530910031,0.518366996879816
5-14A,5.0,357.089,-0.3854979562578094,0.13697005171155893
5-14A,5.0,375.131,-0.9225114876495202,0.4187139468074153
5-14A,5.0,377.1496,-0.21649160527203745,0.6265609245050847
5-14A,5.0,383.1188,0.7619615915878148,0.2975474684418378
5-14A,5.0,388.9416,2.2421399732599414,0.18874028696982909
5-14A,5.0,388.9442,2.0652662751266035,0.4908399794303937
5-14A,5.0,401.0756,0.7883414758930096,0.08299144572450722
5-14A,5.0,407.2795,-0.2739203358316834,0.13582813404068123
5-14A,5.0,421.0743,-0.38603780071308635,0.7192708162528819
5-14A,5.0,426.0222,-0.02126915074843947,0.32847152381738476
5-14A,5.0,442.9997,-0.12902307474352348,0.17173034738313211
5-14A,5.0,466.9657,0.2434193067485439,0.36528429013173835
5-14A,5.0,490.9787,-0.13187721931455804,0.5094557446504285
5-14A,5.0,503.1614,1.059036480926735,0.34017922209158924
5-14A,5.0,547.0731,0.09940536697318372,0.14089766722414207
5-14A,5.0,565.0471,0.949904533202843,0.19908971261117667
5-14A,5.0,578.8872,0.9867400033868153,0.16432363105033207
5-14A,5.0,579.0269,0.5405428799514518,0.17112891519007473
5-14A,5.0,612.2549,0.29609102030576984,0.21494603084323044
5-14A,5.0,624.2949,-0.9266319597093577,0.2645804592075746
5-14A,5.0,659.307,0.2860681957065507,0.2444017131413532
5-14A,5.0,664.0939,-0.4465665346294424,0.05880890384715835
5-14A,5.0,665.2144,-0.39818337931956316,0.4182366401255686
5-14A,5.0,668.1374,-0.6044050507744656,0.002413774798880657
5-14A,5.0,787.255,0.4268818947494944,0.398519335027686
5-14A,5.0,790.2568,0.253562729808163,0.23371401797658517
5-14A,5.0,835.0407,-0.7181458135625689,0.13670980095424567
5-14A,5.0,863.2971,-0.42374374942351944,0.039575894901154186
5-14A,5.0,864.1473,0.1185833808141101,0.3363828635062443
5-14A,5.0,974.2935,-0.4591552584760302,0.440157803022084
5-14A,5.0,976.7162,0.675509991117238,0.1239023930986878
5-14A,6.0,57.0342,0.589957921181645,0.5636489057612266
5-14A,6.0,58.0295,-0.17270129266809248,0.2310540190027514
5-14A,6.0,59.0135,0.5478839535809338,0.09325072375732962
5-14A,6.0,71.0137,0.6618577114011077,0.03503332685283605
5-14A,6.0,73.0293,-0.5511620712129399,0.020876557988007107
5-14A,6.0,74.0247,2.862985638218098,0.13462327591468154
5-14A,6.0,75.0087,0.3623804060362793,0.312290791754961
5-14A,6.0,87.0088,-0.620930023161326,0.011497259595694366
5-14A,6.0,87.0451,0.9006999928306374,0.34961766454785603
5-14A,6.0,88.0403,-0.552402709620507,0.04742693623491085
5-14A,6.0,88.9883,-0.1306957641394058,0.7248387307444716
5-14A,6.0,89.0244,-0.4680783092880636,0.05898810628102957
5-14A,6.0,93.0338,-0.016335263387140763,0.005692744906262204
5-14A,6.0,94.9761,-0.7311544702859532,0.1669681455591426
5-14A,6.0,94.9806,0.6691689390473176,0.14283035304156225
5-14A,6.0,95.0139,0.6837030422979491,0.13907367996682243
5-14A,6.0,101.0242,0.3981507630705562,0.09060145720796618
5-14A,6.0,102.056,0.1379392288315257,0.029028946219136244
5-14A,6.0,103.0402,-0.6724167968649589,0.04777101015035488
5-14A,6.0,103.0509,-0.6477453248693622,0.06793350206837297
5-14A,6.0,104.0352,0.5637341522876451,0.06264822180094008
5-14A,6.0,105.0193,0.1936687680207925,0.13197734584665177
5-14A,6.0,107.0503,-0.3180469969713426,0.4546031915538263
5-14A,6.0,109.0295,0.8126985273128289,0.13896573927731876
5-14A,6.0,111.02,0.2546279956068104,0.05003927253606745
5-14A,6.0,112.0516,0.3111682052952165,0.5717726002011676
5-14A,6.0,113.0244,0.6362925250620717,0.05235613266862092
5-14A,6.0,113.0357,0.8108143132280787,0.07524417094451195
5-14A,6.0,114.056,2.5249655565519262,0.06358506353820534
5-14A,6.0,115.0037,-0.2551213944385463,0.06550829218592166
5-14A,6.0,115.0402,0.001187086273612789,0.1627342572787245
5-14A,6.0,115.0764,0.46026047924964336,0.43007953586564757
5-14A,6.0,116.0354,2.906825694167571,0.4978872742851798
5-14A,6.0,116.0717,-0.7289755461025405,0.0033978291345843534
5-14A,6.0,117.0194,-0.5595422984087473,0.013898394954181914
5-14A,6.0,118.0508,0.6611248842419198,0.06976006491932879
5-14A,6.0,118.9804,0.4685181665723318,0.13513953738659637
5-14A,6.0,119.0503,1.0578904236175806,0.2310332147657276
5-14A,6.0,120.9273,-0.45164228968214043,0.16366346947748248
5-14A,6.0,121.0295,-0.013716266347605394,0.3015777177370313
5-14A,6.0,121.0409,0.07559159332126078,0.6097785682294223
5-14A,6.0,122.0248,0.7374469357398221,0.23878489284966886
5-14A,6.0,124.0075,-0.2700273175911069,0.3450623655856302
5-14A,6.0,124.0144,1.3139307032184409,0.15135268011345046
5-14A,6.0,125.0439,1.043003411917957,0.17257561308283775
5-14A,6.0,127.0764,0.15503195362309374,0.34896685608495565
5-14A,6.0,128.0354,-0.1940918818499996,0.03680913609016908
5-14A,6.0,129.0193,0.025358341811453772,0.18497986171594116
5-14A,6.0,129.0556,0.17560705998206547,0.35161510586232014
5-14A,6.0,130.0142,0.5806527351870212,0.5484618425256168
5-14A,6.0,130.0509,-0.3441482331362956,0.07491084708816415
5-14A,6.0,130.0874,-0.8478621199667495,0.0825577142645506
5-14A,6.0,131.0008,-1.22712138868543,0.054977661577832
5-14A,6.0,131.0123,-0.6367878464649667,0.07975118283322913
5-14A,6.0,131.035,0.8788624456447331,0.04285860198559535
5-14A,6.0,131.0462,0.6130646652777407,0.08222842615199662
5-14A,6.0,131.0828,-0.4791345516435747,0.07376692109736051
5-14A,6.0,132.0302,0.15746269279946762,0.04017176641525109
5-14A,6.0,133.0142,-0.21901887242386747,0.061572040033497165
5-14A,6.0,133.0257,-0.200393708414733,0.12671904590196495
5-14A,6.0,133.0505,0.009384281270238447,0.055476080209387324
5-14A,6.0,134.0472,0.20530558001846416,0.3315149664413255
5-14A,6.0,134.0604,0.19424655847967798,0.5377006389834975
5-14A,6.0,135.0302,-0.47445380869327397,0.1399166569957999
5-14A,6.0,135.0453,0.8847827794195371,0.26856700563203173
5-14A,6.0,136.0404,-0.30628050475701074,0.08866429202855003
5-14A,6.0,136.0487,0.48015217109721187,0.2669666388818217
5-14A,6.0,136.0767,0.349389802350633,0.42654392106504435
5-14A,6.0,137.0239,-0.3208537928095575,0.11551988746579056
5-14A,6.0,138.9789,-0.0311755795405341,0.42873734988977247
5-14A,6.0,139.0014,0.09176190134674876,0.024521039495437002
5-14A,6.0,139.0067,-0.6890008784374536,0.024419224412782423
5-14A,6.0,139.976,-0.4531942290376531,0.3313988830721236
5-14A,6.0,143.0713,-0.17986764905285405,0.32207884034370743
5-14A,6.0,143.1077,0.117068142389615,0.46170685382777044
5-14A,6.0,145.0141,-0.25524512291136175,0.07318199846247897
5-14A,6.0,145.0506,-0.6982506921776407,0.07505773606807147
5-14A,6.0,145.0623,-0.6425190607275455,0.13150371734337007
5-14A,6.0,145.0982,-0.24293352527558995,0.17874970403183785
5-14A,6.0,145.1106,-0.3931157359075367,0.27840515434409974
5-14A,6.0,146.0459,0.7282480536316971,0.045182017517173025
5-14A,6.0,147.0298,-0.5265716851163468,0.03197240809643925
5-14A,6.0,147.0662,0.30324476503235187,0.07685908305265209
5-14A,6.0,149.0092,-0.13938513511964973,0.35270213156271185
5-14A,6.0,149.0456,2.046959282216683,0.235208057223301
5-14A,6.0,149.0608,0.2772327085932298,0.46208894847215287
5-14A,6.0,150.0422,-0.6296526867012036,0.18905528764881632
5-14A,6.0,150.9707,-0.5801196490456755,0.5162745022573071
5-14A,6.0,151.0259,-0.6519822015366057,0.08995731487299566
5-14A,6.0,151.04,0.028486572280992738,0.3151668611427479
5-14A,6.0,151.06,-0.037083259791632614,0.6356993298159846
5-14A,6.0,152.0353,-0.30630363690901014,0.4170617575788574
5-14A,6.0,152.0716,0.19087255646793455,0.42806193033507217
5-14A,6.0,153.0192,1.3603711752159724,0.12115770627438288
5-14A,6.0,154.062,-0.3640094820128612,0.09518758990610786
5-14A,6.0,154.9751,-0.5546831399266983,0.015720716326614134
5-14A,6.0,155.0099,0.37295424358506507,0.0654152037292918
5-14A,6.0,157.0128,-0.5067737169101905,0.06715872015499526
5-14A,6.0,157.0255,0.554717383306149,0.08163127977159272
5-14A,6.0,157.0379,0.6393472751596275,0.04138973802256858
5-14A,6.0,157.0504,-0.43308208855670705,0.04184819613167055
5-14A,6.0,159.0297,0.8376217159014328,0.20131877064875572
5-14A,6.0,159.0775,0.09646063799270868,0.1757619698951461
5-14A,6.0,160.0616,1.5012588734569925,0.3854716207698667
5-14A,6.0,161.0453,0.39230454563067474,0.13074484902053535
5-14A,6.0,162.0424,0.24054676524771007,0.2204907827147984
5-14A,6.0,163.0351,-0.44259034957658006,0.47057662234782255
5-14A,6.0,163.0398,1.6298781569783949,0.14000138310885787
5-14A,6.0,163.0611,1.0377624605395386,0.6706139271893146
5-14A,6.0,164.0716,-0.45834018521281417,0.08885613334731005
5-14A,6.0,165.03,-0.055215211702568066,0.31329889212144935
5-14A,6.0,165.0405,-0.00493743536337056,0.38614119949253783
5-14A,6.0,165.0556,-0.17400189690747303,0.11285442953296809
5-14A,6.0,166.0508,-0.19980152490718633,0.11269271647363992
5-14A,6.0,166.0632,-0.6636925291929041,0.3210096264412753
5-14A,6.0,166.9759,-0.95072290944161,0.22580197054838666
5-14A,6.0,167.0207,-0.5512073189713583,0.13245397702033118
5-14A,6.0,167.0358,-0.06805755764468086,0.481787298936824
5-14A,6.0,167.0828,-0.18061742788723062,0.39165139010432176
5-14A,6.0,168.0277,0.6211542823404596,0.07284350257081164
5-14A,6.0,168.0664,-0.1365024323105622,0.5668546456180624
5-14A,6.0,170.0455,-0.6200096818138507,0.028802344270072795
5-14A,6.0,171.0065,-0.5313843060774119,0.2566532355276456
5-14A,6.0,171.0092,-0.4101834756241294,0.16633549974154435
5-14A,6.0,171.0284,-0.293593127173823,0.03643258908495776
5-14A,6.0,172.0616,0.4502508473508239,0.391292411354013
5-14A,6.0,172.962,-0.36595273313252397,0.1401769998068379
5-14A,6.0,173.0089,-0.6076523671408995,0.09785183551728367
5-14A,6.0,173.0453,0.00550147206456434,0.24541138482032127
5-14A,6.0,173.0932,-0.740435879009741,0.051876276919898275
5-14A,6.0,173.1041,-0.33801862946344097,0.2503412510684216
5-14A,6.0,174.0407,-0.2519917818373405,0.035856503566490346
5-14A,6.0,174.088,-0.5941083350959295,0.14940254760768568
5-14A,6.0,175.022,-0.6137605503429542,0.07662069692395855
5-14A,6.0,175.0361,0.15441916342647738,0.0348686075614286
5-14A,6.0,175.0611,-0.4568357039968134,0.04681728223629567
5-14A,6.0,176.0776,-0.21932576738527224,0.2503759534182594
5-14A,6.0,177.0402,0.712005988485722,0.33645859346775925
5-14A,6.0,177.0553,0.8126457497736009,0.3945389171730994
5-14A,6.0,178.0509,-0.5398714826239355,0.014229823648894076
5-14A,6.0,179.0348,1.0159083625747571,0.21224585156459622
5-14A,6.0,179.0561,0.763031977556232,0.07059162450763863
5-14A,6.0,180.0663,0.6983461867920556,0.05808234976826512
5-14A,6.0,181.0505,-0.08792976812247527,0.20017830376610238
5-14A,6.0,182.9725,0.4309055486573944,0.12941534221172826
5-14A,6.0,183.0661,0.19866126319889382,0.2582591058604124
5-14A,6.0,184.0017,0.735648929266901,0.12310912738269189
5-14A,6.0,184.9856,-0.7977546993641644,0.07023233202514545
5-14A,6.0,186.1136,0.1493140594100702,0.6569282246596057
5-14A,6.0,187.0234,-0.7928422298119555,0.36332098483007935
5-14A,6.0,188.035,1.8736200682872846,0.756548973792549
5-14A,6.0,188.0565,1.0450043906296829,0.07181547693604326
5-14A,6.0,189.0405,-0.16905231834307025,0.11468879877599848
5-14A,6.0,191.0197,-0.75712721705644,0.07386418619750351
5-14A,6.0,191.0561,-0.5704502536646894,0.07634717921299751
5-14A,6.0,192.0663,0.14329951634983892,0.5951328296384922
5-14A,6.0,193.0349,-0.2324810847280415,0.3891785785888835
5-14A,6.0,194.0682,-0.4456696614756176,0.06577083088291491
5-14A,6.0,194.0822,0.36536736379429635,0.8938196513546465
5-14A,6.0,195.0509,1.3192124060739765,0.12357765018292827
5-14A,6.0,195.0657,0.042708504116482415,0.42649608134716077
5-14A,6.0,196.0603,0.7527934537278188,0.12651080494787975
5-14A,6.0,198.0182,-0.0011260469313746843,0.32979957469244453
5-14A,6.0,199.0019,-1.2449825831982264,0.3049525912017691
5-14A,6.0,200.9937,0.44526957596139927,0.3289917398273748
5-14A,6.0,201.0051,-0.6287784043213932,0.710236875333183
5-14A,6.0,203.0348,-0.18939071417750852,0.20152895584675548
5-14A,6.0,203.0826,-0.09252850448414551,0.0048095066658718705
5-14A,6.0,204.0498,0.13531986009142535,0.5924563141314972
5-14A,6.0,205.0351,-0.9464656409576153,0.13312227419420677
5-14A,6.0,206.0822,0.1828686422689865,0.4853943370134451
5-14A,6.0,209.0292,-0.8453772989972073,0.31396867094172004
5-14A,6.0,209.0814,-0.7705290901353432,0.2584984693381692
5-14A,6.0,211.0235,-0.8253218636013941,0.3467413909030675
5-14A,6.0,211.9968,-0.2980721848113059,0.06905553197212953
5-14A,6.0,212.0331,1.2685404614022038,0.2722741382806543
5-14A,6.0,212.9807,-0.4479281390316737,0.054767512305721196
5-14A,6.0,213.014,-0.9406145668326039,0.2930018419739568
5-14A,6.0,213.0384,-0.44953749877479277,0.15587045750010425
5-14A,6.0,213.1252,0.3619525784622738,0.49309282857618203
5-14A,6.0,214.0488,0.5786783590441542,1.1023400580801321
5-14A,6.0,215.0331,0.716682062099987,0.03501045910792413
5-14A,6.0,216.1351,3.356560770749637,0.3833517718631171
5-14A,6.0,218.0335,0.7043603942389955,0.03305979660514588
5-14A,6.0,218.1034,1.2521436127500452,0.12868021625869813
5-14A,6.0,220.0828,0.15594299621075225,0.8949337063545963
5-14A,6.0,221.0443,0.6813124167228708,0.08983580765213386
5-14A,6.0,221.0664,-0.04163575368255523,0.2287694401441269
5-14A,6.0,225.0399,-0.3967282733096637,0.603814664429418
5-14A,6.0,225.0861,-0.3778770030438988,0.43091348057872786
5-14A,6.0,225.0901,-0.12675469739757578,0.675330206688728
5-14A,6.0,226.0135,-0.2681204776278019,0.17655853875562283
5-14A,6.0,226.0697,0.24329646699962645,0.24671279874820443
5-14A,6.0,228.0501,-0.2106701147723209,0.47652278428749334
5-14A,6.0,229.0122,-0.19100768050545291,0.237988475913724
5-14A,6.0,237.0614,-0.00968216433779388,0.1272299555972146
5-14A,6.0,238.0945,-0.6648094174363899,0.3173497484500159
5-14A,6.0,240.0515,-0.12044077036566123,0.058938424957055514
5-14A,6.0,241.0844,-0.414047058832421,0.5595754186225125
5-14A,6.0,242.0804,-0.4279230364692439,0.31189990980753207
5-14A,6.0,243.029,-0.33514160784123376,0.2932135262163699
5-14A,6.0,243.0625,-0.5005386873624174,0.5286718507568384
5-14A,6.0,245.0444,-0.642812800124125,0.3057108378529078
5-14A,6.0,246.0198,-0.46586074747744877,0.17761980229496163
5-14A,6.0,246.064,0.15882492497268944,0.7123739223509242
5-14A,6.0,251.0816,-0.4440308671065282,0.767367215762318
5-14A,6.0,253.0119,2.7910891630627472,0.032742533444076335
5-14A,6.0,253.0499,0.15337020052683487,0.16996513157098217
5-14A,6.0,257.0072,-0.2725260254287792,0.3346051270706267
5-14A,6.0,257.1028,-0.43166192577017665,0.45754482728622115
5-14A,6.0,259.005,-1.0531757440870588,0.3343662605329815
5-14A,6.0,259.0227,0.4904807763028427,0.15604276270252196
5-14A,6.0,261.0385,-0.1498928070768247,0.12062277019072672
5-14A,6.0,266.0703,0.6902937582245229,0.12601137400469586
5-14A,6.0,267.0724,-0.4701073066362824,0.014533984020458112
5-14A,6.0,268.02,-0.7144205027653906,0.42305933106738564
5-14A,6.0,269.0398,-0.6639402332178861,0.11216256063971947
5-14A,6.0,271.0612,-0.22972179874615792,0.5873401715505272
5-14A,6.0,271.0815,-0.5480528334190224,0.22116881454853154
5-14A,6.0,273.0021,-0.7221328813942306,0.05648980894533543
5-14A,6.0,274.0933,0.3275811897737658,0.16246407546044528
5-14A,6.0,275.0184,0.8097710845002677,0.9191491468542904
5-14A,6.0,275.0991,-0.44384516527573725,0.29924652175599115
5-14A,6.0,277.1207,0.22267911188346956,0.08019196234172096
5-14A,6.0,277.2169,-0.5396271452563002,0.17095335254946858
5-14A,6.0,279.2331,-0.35930698439862707,0.022277043959698383
5-14A,6.0,282.0839,0.9010153568064924,0.6318167882790637
5-14A,6.0,283.2063,-0.38660650020417603,0.19371699751363747
5-14A,6.0,285.0972,-0.20561984612336484,0.5396159856382813
5-14A,6.0,287.0157,0.6270388683462612,0.7278195819228822
5-14A,6.0,288.0725,2.3039062471674994,0.2956307204943357
5-14A,6.0,289.0333,-0.5582423198375285,0.5076093619759541
5-14A,6.0,289.1044,-0.5232502821915482,0.2779620422965519
5-14A,6.0,290.9677,2.622555562250355,0.2478952879398181
5-14A,6.0,294.0479,0.5360560230984623,0.18340809056719942
5-14A,6.0,300.0509,-0.512366681499887,1.518432667477672
5-14A,6.0,301.0333,0.027462474508989324,0.6041613389917064
5-14A,6.0,303.2326,-0.12734266042868397,0.23487192779260085
5-14A,6.0,305.0207,0.628392688556743,0.1630040814054993
5-14A,6.0,306.0481,-0.9286992504676508,0.10407012301026543
5-14A,6.0,306.0765,-0.27576152055877007,0.03699304742629274
5-14A,6.0,308.0986,-0.2244419840576654,0.034570064091897036
5-14A,6.0,313.0441,-0.9552242039362915,0.2079241005105408
5-14A,6.0,313.1037,-0.24789235147495386,0.5920607135391643
5-14A,6.0,317.026,-0.6255098475889019,0.32483678273035727
5-14A,6.0,323.0256,-0.7415179970756282,0.6602006942409894
5-14A,6.0,325.1163,0.27418404854297407,0.651974659135962
5-14A,6.0,328.0457,0.026053336649149134,0.21897517209100284
5-14A,6.0,333.0589,0.062417994682893954,0.3472226504610822
5-14A,6.0,338.9884,-0.5816178506344094,0.23296793359449414
5-14A,6.0,339.0928,0.2448282839488426,0.45932436313650504
5-14A,6.0,341.1089,0.030800695419152858,0.14119898362475433
5-14A,6.0,344.0393,-0.6645245074597268,0.20031499526359098
5-14A,6.0,346.0556,-0.5890325810158361,0.10510720231736867
5-14A,6.0,348.087,-0.7707408288492246,0.030335530717042005
5-14A,6.0,353.0489,-0.8807424222964517,0.19627980852273733
5-14A,6.0,357.089,-0.3509685523407299,0.24934674154599784
5-14A,6.0,375.131,-0.7313912688145787,0.45262690040534775
5-14A,6.0,377.1496,-0.1282676213678919,0.4648155217245126
5-14A,6.0,383.1188,-0.08557911159374934,0.31015173618926045
5-14A,6.0,388.9416,1.923468795610426,0.2852643165604876
5-14A,6.0,388.9442,1.868988711375263,0.21161811301389993
5-14A,6.0,401.0756,0.44862743070405386,0.09953453494319515
5-14A,6.0,407.2795,0.06711447129718054,0.30461717294876006
5-14A,6.0,421.0743,-0.5636095443801352,0.3855948851606296
5-14A,6.0,426.0222,-0.2502651016843404,0.32889962811371465
5-14A,6.0,442.9997,-0.05443886404711351,0.08542399192552037
5-14A,6.0,466.9657,0.8285758715232285,0.21780691945777964
5-14A,6.0,490.9787,0.5969796231812756,0.9672002157390756
5-14A,6.0,503.1614,-0.3064507747182111,0.5054724022527803
5-14A,6.0,547.0731,0.37711451406576835,0.13618812221977772
5-14A,6.0,565.0471,0.9826871541102795,0.4280654346972643
5-14A,6.0,578.8872,0.597686859240762,0.08797483087920263
5-14A,6.0,579.0269,0.2467999406628221,0.08558724511892096
5-14A,6.0,612.2549,-0.8365874857036737,0.27208243187481845
5-14A,6.0,624.2949,-0.7239569835946563,0.28537924125186953
5-14A,6.0,659.307,0.3866403828796644,0.3063865366297387
5-14A,6.0,664.0939,-0.33004618388652807,0.3163922932506032
5-14A,6.0,665.2144,-0.20024143225136043,0.3390863094680481
5-14A,6.0,668.1374,-0.6136508041277698,0.0005200415785523121
5-14A,6.0,787.255,1.185985362369334,0.5967335392824148
5-14A,6.0,790.2568,0.6714248222157888,0.1352970709550836
5-14A,6.0,835.0407,-0.7279389321537495,0.157243999644814
5-14A,6.0,863.2971,-0.5756082295540845,0.06468154322718393
5-14A,6.0,864.1473,0.5295955392449399,0.46393694013311093
5-14A,6.0,974.2935,-0.3497987039749104,0.25281273163426987
5-14A,6.0,976.7162,0.6985625726587325,0.0971231765708283
5-14A,7.0,57.0342,-0.6496709133313441,0.19124185228094834
5-14A,7.0,58.0295,0.3788271981217264,0.18516238085915404
5-14A,7.0,59.0135,0.09028165992050831,0.1760261014282029
5-14A,7.0,71.0137,0.1693878038493637,0.06152806333762948
5-14A,7.0,73.0293,-0.4401036346251338,0.04820481732843969
5-14A,7.0,74.0247,2.1004543937324374,0.8461403603396703
5-14A,7.0,75.0087,0.23942502318731265,0.4619737149386611
5-14A,7.0,87.0088,-0.590256485890718,0.01798411383252643
5-14A,7.0,87.0451,-0.6352720162537007,0.40567487285466775
5-14A,7.0,88.0403,-0.292115699606434,0.04831078769318221
5-14A,7.0,88.9883,-0.8901229929320816,0.6297620166677852
5-14A,7.0,89.0244,-0.866740467100796,0.06568153605491144
5-14A,7.0,93.0338,-0.01562898888547778,0.009876013957835448
5-14A,7.0,94.9761,-0.8598575966751021,0.20722233225512826
5-14A,7.0,94.9806,0.5400032575931304,0.3019338470944916
5-14A,7.0,95.0139,-0.08639510593258465,0.1391679647908937
5-14A,7.0,101.0242,-0.44257626976812237,0.13582809766202586
5-14A,7.0,102.056,0.29145129000836045,0.0815765201101101
5-14A,7.0,103.0402,-0.5143809570363573,0.06535293427350093
5-14A,7.0,103.0509,-0.5198165657591285,0.10833402176470049
5-14A,7.0,104.0352,0.4446699568223735,0.20066062132011928
5-14A,7.0,105.0193,-0.5692627222145904,0.37678588309315575
5-14A,7.0,107.0503,-0.5138549652769255,0.35426040888399335
5-14A,7.0,109.0295,1.2066152475331235,0.30712575769816086
5-14A,7.0,111.02,0.5289545693725765,0.12305946754137737
5-14A,7.0,112.0516,-0.10782885579270746,0.6017786526729335
5-14A,7.0,113.0244,-0.022942774843716637,0.08429079910172743
5-14A,7.0,113.0357,1.0563506607960664,0.1998992188774545
5-14A,7.0,114.056,2.002626832141749,0.12398977844692166
5-14A,7.0,115.0037,-0.13164791924744454,0.1192132634711067
5-14A,7.0,115.0402,-0.8620362381814429,0.2635495000714765
5-14A,7.0,115.0764,-0.5096304614835089,0.42817521087708227
5-14A,7.0,116.0354,2.2212058507187544,0.5041888839831329
5-14A,7.0,116.0717,-0.6524326530340341,0.023376248518459125
5-14A,7.0,117.0194,-0.42554451263060133,0.0344345901327472
5-14A,7.0,118.0508,0.6238460687886188,0.20589385179335015
5-14A,7.0,118.9804,0.08515678785113587,0.13139283538625132
5-14A,7.0,119.0503,1.0149834832463167,0.46092965383171786
5-14A,7.0,120.9273,-0.5836193066158126,0.13893965753618975
5-14A,7.0,121.0295,-0.8909426114614623,0.33661690397735966
5-14A,7.0,121.0409,-0.29149325943138993,0.4576647339148642
5-14A,7.0,122.0248,0.2366093453646336,0.21647670848588252
5-14A,7.0,124.0075,-0.07878667063299322,0.1550494575273638
5-14A,7.0,124.0144,-0.010382993852651862,0.1965043418691934
5-14A,7.0,125.0439,-0.0904112917263744,0.22509842946234684
5-14A,7.0,127.0764,-0.4081588450039244,0.20756854967495533
5-14A,7.0,128.0354,-0.21511074498982577,0.01667700480787728
5-14A,7.0,129.0193,-0.09372231956823385,0.08451579509985589
5-14A,7.0,129.0556,-0.14076400078775012,0.6573676244337764
5-14A,7.0,130.0142,0.405021369692282,0.4779861002805253
5-14A,7.0,130.0509,0.31271798745340196,0.06675264732827031
5-14A,7.0,130.0874,-0.7799400931865523,0.02593712081823624
5-14A,7.0,131.0008,-0.8341739722948633,0.9932071832161216
5-14A,7.0,131.0123,-0.6352255977453511,0.04194753138277523
5-14A,7.0,131.035,-0.2511978820257258,0.0929174867095584
5-14A,7.0,131.0462,-0.31879798968457973,0.1866172958937862
5-14A,7.0,131.0828,-0.2571790041286064,0.09124209768492361
5-14A,7.0,132.0302,0.598219133056364,0.08730002684095385
5-14A,7.0,133.0142,-0.3304178443149915,0.06360588920378676
5-14A,7.0,133.0257,-0.35059514029926697,0.09283600152084501
5-14A,7.0,133.0505,0.08511529830978605,0.06462555768418206
5-14A,7.0,134.0472,0.4735080183487774,0.2823766968846748
5-14A,7.0,134.0604,0.0034101314887981654,0.2654344097162817
5-14A,7.0,135.0302,-0.4853354405394162,0.13191702548133252
5-14A,7.0,135.0453,0.4285396342640594,0.20311668225981258
5-14A,7.0,136.0404,-0.49158215627952284,0.07159311534148177
5-14A,7.0,136.0487,0.15330546004174722,0.3949363626517271
5-14A,7.0,136.0767,-0.45466285584268673,0.7172043362795748
5-14A,7.0,137.0239,-0.00939585892957659,0.24164575875018174
5-14A,7.0,138.9789,-1.2953551903585965,0.4697029250223024
5-14A,7.0,139.0014,0.32766607242617973,0.029721717386700267
5-14A,7.0,139.0067,-0.6491268105824347,0.03421194208389148
5-14A,7.0,139.976,-0.19838377800958848,0.4252296713923973
5-14A,7.0,143.0713,-0.7680993849701891,0.22161524211541045
5-14A,7.0,143.1077,-0.40869983712749414,0.3934638282791813
5-14A,7.0,145.0141,-0.4611341113780568,0.07591136576912957
5-14A,7.0,145.0506,-0.7013994866485436,0.13945256054751937
5-14A,7.0,145.0623,-0.632586963537867,0.06534756403266008
5-14A,7.0,145.0982,-0.2877142239719305,0.22039070174404035
5-14A,7.0,145.1106,-0.37115825905539784,0.24969465566579127
5-14A,7.0,146.0459,0.8101904769351188,0.07027175589964058
5-14A,7.0,147.0298,-0.4633454140871733,0.06078154382387786
5-14A,7.0,147.0662,0.3730582090248825,0.08525994133348642
5-14A,7.0,149.0092,-0.338444894899211,0.30963822011153663
5-14A,7.0,149.0456,1.0079184393061629,0.3655427285981311
5-14A,7.0,149.0608,-0.15706670737513165,0.5541607198703344
5-14A,7.0,150.0422,-0.7039894458197267,0.12017323141606873
5-14A,7.0,150.9707,-0.4694277981624626,0.5914025686731919
5-14A,7.0,151.0259,-0.6463845122755447,0.06298892958957135
5-14A,7.0,151.04,-0.8077810115165315,0.9142250485348266
5-14A,7.0,151.06,-0.296094304696303,0.4964546496034113
5-14A,7.0,152.0353,-0.38785650666939964,0.20389855752050104
5-14A,7.0,152.0716,-0.5056587494580278,0.3143961476855068
5-14A,7.0,153.0192,1.2744908870986693,0.09910243324605077
5-14A,7.0,154.062,-0.15942217797115427,0.04355492951484149
5-14A,7.0,154.9751,-0.22312985183583905,0.08567401246638431
5-14A,7.0,155.0099,0.559085368641702,0.09824224294886669
5-14A,7.0,157.0128,-0.41048990799114204,0.03330356244210347
5-14A,7.0,157.0255,0.8930189846548051,0.1251874351671795
5-14A,7.0,157.0379,0.8614372926246239,0.14015639921789005
5-14A,7.0,157.0504,-0.14758472663490824,0.05344214946016596
5-14A,7.0,159.0297,-0.641475336622584,0.23634482518452657
5-14A,7.0,159.0775,0.23364367459442498,0.12939622479584598
5-14A,7.0,160.0616,0.7487300825985763,0.38152437209579404
5-14A,7.0,161.0453,-0.7658526794004562,0.12954218001972415
5-14A,7.0,162.0424,0.0727620456133765,0.1333500660939373
5-14A,7.0,163.0351,-0.532419498230667,0.23643675973563058
5-14A,7.0,163.0398,2.254267517174431,0.1854313969022723
5-14A,7.0,163.0611,0.019757277465983505,0.5000003985317336
5-14A,7.0,164.0716,-0.49372111412176634,0.038264962721609654
5-14A,7.0,165.03,-0.3145857630267992,0.7460990281718097
5-14A,7.0,165.0405,-0.5618616260032511,0.44577585145030185
5-14A,7.0,165.0556,0.07814034303526773,0.08770392294735654
5-14A,7.0,166.0508,0.5568093185288301,0.21812517782469498
5-14A,7.0,166.0632,-0.2256093119432371,0.5174287079833793
5-14A,7.0,166.9759,-0.5083593535592724,0.25587158881981187
5-14A,7.0,167.0207,-0.20929481183257576,0.2010390941834824
5-14A,7.0,167.0358,-0.83225479151584,0.2218883814141385
5-14A,7.0,167.0828,-0.3080993917422411,0.7960356630246531
5-14A,7.0,168.0277,0.8861561511654233,0.1269526277288456
5-14A,7.0,168.0664,-0.310790545218532,0.5613384183098323
5-14A,7.0,170.0455,-0.39759586974025396,0.03127442677307092
5-14A,7.0,171.0065,-0.5418915116627845,0.020927812526211995
5-14A,7.0,171.0092,-0.6154822020671686,0.06141327269088303
5-14A,7.0,171.0284,-0.051068914969061255,0.040024202793291636
5-14A,7.0,172.0616,1.1374922415654658,0.35474035072361554
5-14A,7.0,172.962,-0.47028078127338435,0.049067796141764417
5-14A,7.0,173.0089,-0.3650703531545737,0.1120131766355577
5-14A,7.0,173.0453,0.17808850489840605,0.2111646249658471
5-14A,7.0,173.0932,-0.5030375504480862,0.052563084922830704
5-14A,7.0,173.1041,0.2209801020617149,0.5844991050538014
5-14A,7.0,174.0407,0.4452357706833485,0.07045684174314289
5-14A,7.0,174.088,0.197556535835822,0.09291867118553199
5-14A,7.0,175.022,-0.3567986322118928,0.15835367481132517
5-14A,7.0,175.0361,0.5219722420265067,0.11132677203152459
5-14A,7.0,175.0611,-0.06763481308780478,0.055536920187152033
5-14A,7.0,176.0776,-0.001383107240531159,0.20641237485153244
5-14A,7.0,177.0402,-0.8886487459559153,0.5011819076074517
5-14A,7.0,177.0553,0.6631926731934082,0.4757539481790746
5-14A,7.0,178.0509,-0.1872447033497044,0.03270096327530792
5-14A,7.0,179.0348,1.0795815567444516,0.13699338905767897
5-14A,7.0,179.0561,0.06482542295453597,0.09211501608436153
5-14A,7.0,180.0663,0.042093373465571016,0.10111336873181748
5-14A,7.0,181.0505,0.2131219965972833,0.2194791066549646
5-14A,7.0,182.9725,-0.06571087887592143,0.08874858072418766
5-14A,7.0,183.0661,-0.8504116297919116,0.11533079756597078
5-14A,7.0,184.0017,1.1320427389268843,0.05704424299581962
5-14A,7.0,184.9856,-0.8445086900981178,0.06635399719691967
5-14A,7.0,186.1136,-0.522417965084582,0.4748872816188994
5-14A,7.0,187.0234,-0.4057290456795184,0.3449031202403474
5-14A,7.0,188.035,2.1912743831577632,0.543487339135955
5-14A,7.0,188.0565,1.9515584561393635,0.13076225576491382
5-14A,7.0,189.0405,-0.1462029430675554,0.1537225748800144
5-14A,7.0,191.0197,-0.450730946933953,0.27440711903422094
5-14A,7.0,191.0561,-0.06433422137058634,0.05164589932061224
5-14A,7.0,192.0663,-0.14658350583189922,0.20688750257161811
5-14A,7.0,193.0349,-1.0633581610361107,0.45043034916576125
5-14A,7.0,194.0682,0.3857445932420153,0.13881758381231585
5-14A,7.0,194.0822,-0.44560240938957857,0.8522029117544296
5-14A,7.0,195.0509,0.96488334582272,0.15585674994062926
5-14A,7.0,195.0657,0.24097795975758846,0.4763617139176428
5-14A,7.0,196.0603,1.1709992734798564,0.15017652478931717
5-14A,7.0,198.0182,0.22209361316051898,0.18829418047000981
5-14A,7.0,199.0019,-1.3426607303774452,0.2565318307313616
5-14A,7.0,200.9937,-0.17161779206384797,0.441261010917869
5-14A,7.0,201.0051,-0.5731982444224456,0.18974104240402148
5-14A,7.0,203.0348,-0.49183912796155216,0.18857439663978615
5-14A,7.0,203.0826,-0.08607173127099271,0.012011533791519664
5-14A,7.0,204.0498,-0.6237536175017225,0.272495122992491
5-14A,7.0,205.0351,-0.6134262298118383,0.08916337684499027
5-14A,7.0,206.0822,0.2074022539779717,0.5083110688961308
5-14A,7.0,209.0292,-0.5629622402344788,0.20771830667418975
5-14A,7.0,209.0814,-1.0021653912471238,0.36102262664732554
5-14A,7.0,211.0235,-0.6190579945965208,0.29485585376064444
5-14A,7.0,211.9968,0.5404782017839409,0.03774760878476294
5-14A,7.0,212.0331,0.49244105150602646,0.5152240238591369
5-14A,7.0,212.9807,-0.5092467010792934,0.11243299435694083
5-14A,7.0,213.014,-0.778313426270784,0.1969607664758602
5-14A,7.0,213.0384,-0.4562768941746503,0.10390782378970442
5-14A,7.0,213.1252,-0.3338377640522102,0.22945384149741208
5-14A,7.0,214.0488,-0.3948258856815758,0.6154410948680732
5-14A,7.0,215.0331,0.09189956528633363,0.10322170322609034
5-14A,7.0,216.1351,3.3228783058523432,0.17901500869599873
5-14A,7.0,218.0335,0.01285354201965091,0.0999594477914923
5-14A,7.0,218.1034,1.7515991516179004,0.15484598367245067
5-14A,7.0,220.0828,-0.3882941920317374,0.8781028256016632
5-14A,7.0,221.0443,0.09420216617543238,0.09867794251531657
5-14A,7.0,221.0664,0.03449381804321637,0.30251289727765085
5-14A,7.0,225.0399,-0.1757480964017507,1.0062343881412679
5-14A,7.0,225.0861,-0.4050584028954617,0.46813433856174863
5-14A,7.0,225.0901,0.4274524388854004,0.2595655787732535
5-14A,7.0,226.0135,-0.2241890645727661,0.1961177744909435
5-14A,7.0,226.0697,0.048388076876959576,0.09640584411848273
5-14A,7.0,228.0501,-0.5296793329553704,0.1730388989858037
5-14A,7.0,229.0122,-0.4357035520403868,0.3208763553754859
5-14A,7.0,237.0614,0.17867960341109404,0.39627577954389337
5-14A,7.0,238.0945,-0.4996327233842227,0.15494922044987527
5-14A,7.0,240.0515,0.5218752934789238,0.09030130428856675
5-14A,7.0,241.0844,-0.7860701492045262,0.5704927202303509
5-14A,7.0,242.0804,-0.13050751800884514,0.5080331006003812
5-14A,7.0,243.029,-0.26753698456638153,0.40468042987071806
5-14A,7.0,243.0625,-0.38715058260549423,0.2959716919719237
5-14A,7.0,245.0444,-0.466579428488882,0.3576874751107278
5-14A,7.0,246.0198,-0.19229680161588,0.22255029927493214
5-14A,7.0,246.064,0.16792704474807987,0.3447070131822691
5-14A,7.0,251.0816,-0.43935700003913414,0.6551133045709627
5-14A,7.0,253.0119,3.8997635047069727,0.1527758123422474
5-14A,7.0,253.0499,0.8634083725324913,0.6908590961429788
5-14A,7.0,257.0072,-0.2691754388618607,0.3143726421517337
5-14A,7.0,257.1028,-0.08286765997856305,0.6231866802283599
5-14A,7.0,259.005,-0.6300264657009487,0.47183853075652166
5-14A,7.0,259.0227,-0.5500626247347732,0.15662223057594968
5-14A,7.0,261.0385,-0.12378014826385335,0.07411279221894182
5-14A,7.0,266.0703,1.263555730058418,0.3138401371349601
5-14A,7.0,267.0724,-0.2505023354340662,0.035378946417182096
5-14A,7.0,268.02,-0.07260883860836483,0.1357849868615155
5-14A,7.0,269.0398,-0.8267101684898757,0.10545134685419674
5-14A,7.0,271.0612,-0.4098794071145242,0.20480152312958372
5-14A,7.0,271.0815,-0.7555626670597557,0.3368512466291485
5-14A,7.0,273.0021,-0.4110047982675227,0.14226389395386632
5-14A,7.0,274.0933,0.7606536289242207,0.24425597768168616
5-14A,7.0,275.0184,0.599386911804259,0.9570869945144196
5-14A,7.0,275.0991,1.178319135999709,0.35002250136327284
5-14A,7.0,277.1207,-0.45379172617040275,0.07532331129060525
5-14A,7.0,277.2169,-0.08601817778115395,0.29538587840990255
5-14A,7.0,279.2331,0.10444270731312932,0.04292599891941979
5-14A,7.0,282.0839,-0.708200834152724,0.3217274967958505
5-14A,7.0,283.2063,0.36030100870934284,0.19676712564937524
5-14A,7.0,285.0972,-0.9456664128101738,0.739003187010408
5-14A,7.0,287.0157,0.346456933577896,0.2857690442905711
5-14A,7.0,288.0725,3.752024570438058,0.21016249167449524
5-14A,7.0,289.0333,-0.4966325961543888,0.5474583126685695
5-14A,7.0,289.1044,-0.26331019154919055,0.34514611298945175
5-14A,7.0,290.9677,4.210430121559621,0.39357111160982183
5-14A,7.0,294.0479,0.3875570313386168,0.9208524339342918
5-14A,7.0,300.0509,-0.4849775839404326,0.46553803830590357
5-14A,7.0,301.0333,0.01608451262389278,0.6744812155914744
5-14A,7.0,303.2326,-0.2301001500525095,0.3719393719571075
5-14A,7.0,305.0207,0.16937563410451248,0.2528994039830407
5-14A,7.0,306.0481,-0.7484935684997547,0.21174056165180152
5-14A,7.0,306.0765,-0.21067443979998374,0.033835031235347784
5-14A,7.0,308.0986,-0.2912575944607445,0.02663214995084907
5-14A,7.0,313.0441,-0.03857786592478303,0.36161501263887064
5-14A,7.0,313.1037,0.41800597044832605,0.7158260507068178
5-14A,7.0,317.026,-0.2824176592746183,0.16823425941504577
5-14A,7.0,323.0256,-1.215135066609753,0.25718671749989497
5-14A,7.0,325.1163,0.032982689053737455,0.48520643157783233
5-14A,7.0,328.0457,0.7477534792743634,0.22804036459460264
5-14A,7.0,333.0589,0.24940373778093425,0.5218795714839406
5-14A,7.0,338.9884,-0.8357809874269944,0.19008528554349713
5-14A,7.0,339.0928,-0.12047910387251451,0.44134915669560565
5-14A,7.0,341.1089,-0.21372815644349402,0.11421663612692212
5-14A,7.0,344.0393,-0.5513574097057964,0.06386707834584161
5-14A,7.0,346.0556,-0.6726618680633857,0.08413109152084557
5-14A,7.0,348.087,-0.5745110030065383,0.15076317035299483
5-14A,7.0,353.0489,-0.7460998215338976,0.27782502615466753
5-14A,7.0,357.089,-0.500205806558616,0.16280414692656014
5-14A,7.0,375.131,-0.17041803390090762,0.3928778232627842
5-14A,7.0,377.1496,-0.4760859176230844,0.5122641507416953
5-14A,7.0,383.1188,-0.24419585716622974,0.25847091523363075
5-14A,7.0,388.9416,3.3459214059148206,0.2326369936784087
5-14A,7.0,388.9442,3.1578531699249424,0.23197726843500766
5-14A,7.0,401.0756,0.22986184194418363,0.14579418823513152
5-14A,7.0,407.2795,0.06465508566884738,0.21379163040110002
5-14A,7.0,421.0743,-0.8063538960951968,0.5949242977857465
5-14A,7.0,426.0222,-0.154086802291262,0.520699397141024
5-14A,7.0,442.9997,-0.14795598976645835,0.0532503889876017
5-14A,7.0,466.9657,-0.029304111405086312,0.255678227389606
5-14A,7.0,490.9787,-0.28276337267334467,0.5483181969024724
5-14A,7.0,503.1614,-0.20127590980150983,0.22017004951404165
5-14A,7.0,547.0731,1.1173225429326195,0.2033494657093998
5-14A,7.0,565.0471,1.0963335732560597,0.23245324798833414
5-14A,7.0,578.8872,0.1100072020144173,0.11935770582393321
5-14A,7.0,579.0269,-0.026983542494657044,0.18672077000001164
5-14A,7.0,612.2549,-1.2515674441596283,0.31340719902154
5-14A,7.0,624.2949,-0.7982711415033802,0.24309062608331328
5-14A,7.0,659.307,-0.15291581046798605,0.38011989981556865
5-14A,7.0,664.0939,-0.45962484979890694,0.11753628309917133
5-14A,7.0,665.2144,-0.6907170533053142,0.6621537594455892
5-14A,7.0,668.1374,-0.5049533945293898,0.009436684287212357
5-14A,7.0,787.255,-0.4185117528798491,0.15357699100288308
5-14A,7.0,790.2568,-0.30961461884631875,0.500070801865287
5-14A,7.0,835.0407,-0.730659242873522,0.1394678660123394
5-14A,7.0,863.2971,-0.7745087671560612,0.11729846231032623
5-14A,7.0,864.1473,-0.7366198417528389,0.30939666285490114
5-14A,7.0,974.2935,-1.1792578532098195,0.2160671130293502
5-14A,7.0,976.7162,-0.01547023798921629,0.12589184288822808
5-14A,8.0,57.0342,-0.21120098106156387,0.41337946266217407
5-14A,8.0,58.0295,0.8818163277859286,0.5056937776887347
5-14A,8.0,59.0135,0.10349789634081027,0.22090419432889474
5-14A,8.0,71.0137,0.1556163832462944,0.09856140146395165
5-14A,8.0,73.0293,0.22406391633677042,0.08501599091020096
5-14A,8.0,74.0247,2.823881471834218,1.066429471196379
5-14A,8.0,75.0087,0.8652755588688539,0.4664240521014964
5-14A,8.0,87.0088,-0.602545159721179,0.01223749469393117
5-14A,8.0,87.0451,-0.6011019606176159,0.24626599122206155
5-14A,8.0,88.0403,-0.05203799555548264,0.037873722261914426
5-14A,8.0,88.9883,-1.0210242652634507,0.6634213199921392
5-14A,8.0,89.0244,-0.6330797181503336,0.10112747716214515
5-14A,8.0,93.0338,0.008985985413220949,0.013455811068325652
5-14A,8.0,94.9761,-1.001320473760791,0.3995209126010581
5-14A,8.0,94.9806,1.1291968739740303,0.3388047345859447
5-14A,8.0,95.0139,-0.0027009150656232897,0.18651713153744515
5-14A,8.0,101.0242,-0.3246683508987391,0.15661917714683027
5-14A,8.0,102.056,0.912522962351241,0.18070285366455877
5-14A,8.0,103.0402,-0.439802943820581,0.04498647401171271
5-14A,8.0,103.0509,-0.41997798391384045,0.1852893378597087
5-14A,8.0,104.0352,0.36310209754094114,0.2901472806248933
5-14A,8.0,105.0193,-0.3940512965988759,0.07704454396540475
5-14A,8.0,107.0503,0.06740399997411106,0.6681938476912794
5-14A,8.0,109.0295,2.4097418956105514,0.28257375213190766
5-14A,8.0,111.02,1.3977225896287195,0.19870431427235508
5-14A,8.0,112.0516,0.7088963800334996,0.1967330670659109
5-14A,8.0,113.0244,-0.02073088282402228,0.0795382291422434
5-14A,8.0,113.0357,1.501415275174383,0.24681624940650057
5-14A,8.0,114.056,2.06676325166708,0.08759116085673126
5-14A,8.0,115.0037,0.24187970592143454,0.1637438704537412
5-14A,8.0,115.0402,-0.19168254903556237,0.30665295264685405
5-14A,8.0,115.0764,0.2769823440810629,0.2138236936634091
5-14A,8.0,116.0354,3.2425782062025146,0.14178900920684828
5-14A,8.0,116.0717,-0.5481418138060352,0.023160335325883866
5-14A,8.0,117.0194,0.14901794088785242,0.08144698462476489
5-14A,8.0,118.0508,0.5193524194119417,0.1930604094073596
5-14A,8.0,118.9804,-0.010857007499129306,0.12238598188971875
5-14A,8.0,119.0503,1.5959154551827746,0.2611140935295905
5-14A,8.0,120.9273,-0.48339275777242074,0.07932076412398505
5-14A,8.0,121.0295,-0.2925968228221488,0.5450652107320515
5-14A,8.0,121.0409,-0.3463450190381079,0.5339882633634202
5-14A,8.0,122.0248,0.805779641772004,0.42310274365758355
5-14A,8.0,124.0075,-0.549926637068346,0.24149603557849536
5-14A,8.0,124.0144,0.24387275717513157,0.19330563717246482
5-14A,8.0,125.0439,0.41093460514122204,0.07634932805022353
5-14A,8.0,127.0764,-0.25514760443315576,0.40714657072055266
5-14A,8.0,128.0354,-0.1688998707340228,0.018568359293404092
5-14A,8.0,129.0193,0.42189212312640545,0.1454462497750378
5-14A,8.0,129.0556,-0.5132680052325356,0.4841060392874771
5-14A,8.0,130.0142,0.8207491206431247,0.24528499193589973
5-14A,8.0,130.0509,0.7933089682331329,0.08090639333452715
5-14A,8.0,130.0874,-0.6427156643603018,0.04942113933958528
5-14A,8.0,131.0008,-0.8373569042391168,0.26311148403644596
5-14A,8.0,131.0123,-0.5284993431105697,0.048164725086190414
5-14A,8.0,131.035,-0.33488136706583005,0.08106566638697182
5-14A,8.0,131.0462,-0.4858596319236078,0.16342917640670165
5-14A,8.0,131.0828,-0.796059464187428,0.0767659703819003
5-14A,8.0,132.0302,1.254665033027572,0.13556932485041706
5-14A,8.0,133.0142,-0.10108151904524762,0.13526794152663676
5-14A,8.0,133.0257,0.016654126488683658,0.13224441367469303
5-14A,8.0,133.0505,0.7036500331238353,0.10799320033803805
5-14A,8.0,134.0472,0.9194264335030311,0.42980558594895607
5-14A,8.0,134.0604,0.6678641577996558,0.25098285436258616
5-14A,8.0,135.0302,-0.37974008510445223,0.105998965741861
5-14A,8.0,135.0453,1.0925080461785655,0.13278424418194829
5-14A,8.0,136.0404,-0.3852715167818024,0.07827159912088855
5-14A,8.0,136.0487,0.7533547746664375,0.3459312366372722
5-14A,8.0,136.0767,0.19808171121789012,0.5105929570897118
5-14A,8.0,137.0239,-0.07361911930913047,0.20500547165198746
5-14A,8.0,138.9789,0.3130267395855184,0.37550329136227484
5-14A,8.0,139.0014,0.8875122507021111,0.10685217420500373
5-14A,8.0,139.0067,-0.6262235774536684,0.022023036251918985
5-14A,8.0,139.976,0.3185898634294402,1.0260687465169724
5-14A,8.0,143.0713,-0.7453678124347396,0.20348964771027553
5-14A,8.0,143.1077,0.15040365332794037,0.15022202388977343
5-14A,8.0,145.0141,-0.44235125628986705,0.0862038642003425
5-14A,8.0,145.0506,-0.553250650492853,0.07222700661570322
5-14A,8.0,145.0623,-0.6145105466526521,0.18771663688492385
5-14A,8.0,145.0982,-0.8281653375860984,0.06934358393865381
5-14A,8.0,145.1106,-0.3848816820879846,1.25695442909394
5-14A,8.0,146.0459,1.4538532007211287,0.12950093515068237
5-14A,8.0,147.0298,-0.268974631303308,0.08229393173262697
5-14A,8.0,147.0662,0.9933964935290871,0.10273780343291279
5-14A,8.0,149.0092,-0.1321988622034201,0.30684487756294637
5-14A,8.0,149.0456,1.412353525222692,0.2979124721706438
5-14A,8.0,149.0608,0.39163065387206497,0.06766622318633438
5-14A,8.0,150.0422,-0.7823085313195992,0.5826140320214516
5-14A,8.0,150.9707,-0.7866342962158487,0.6168830916590949
5-14A,8.0,151.0259,-0.6517023170735528,0.01706071247246349
5-14A,8.0,151.04,-0.34347611852721127,0.12279397075475264
5-14A,8.0,151.06,0.000689184256965153,0.6467390070089625
5-14A,8.0,152.0353,0.5785235950385235,0.13185042560052998
5-14A,8.0,152.0716,-0.5344170495890618,0.5195623883603031
5-14A,8.0,153.0192,2.0132691839022834,0.2722252296633286
5-14A,8.0,154.062,-0.6373635712647592,0.04570882580808203
5-14A,8.0,154.9751,0.15949548387199075,0.04100489027273801
5-14A,8.0,155.0099,1.4945453020946653,0.13294869594818062
5-14A,8.0,157.0128,-0.0078052391103464805,0.08355610039334654
5-14A,8.0,157.0255,1.4426232324346522,0.13272900457055195
5-14A,8.0,157.0379,1.4130516703590024,0.09504593507307395
5-14A,8.0,157.0504,0.31600515375562566,0.09009550877643593
5-14A,8.0,159.0297,-0.47817411770517976,0.18862475200002662
5-14A,8.0,159.0775,0.7518078617585163,0.09499817472547684
5-14A,8.0,160.0616,2.569999886908035,0.7427450883074398
5-14A,8.0,161.0453,-0.6180706882009107,0.11377415454868449
5-14A,8.0,162.0424,0.5803887679206926,0.39846816379854855
5-14A,8.0,163.0351,-0.5512298755129331,0.7224596972307096
5-14A,8.0,163.0398,2.297454607873511,0.1439452718698784
5-14A,8.0,163.0611,0.4484183194221088,0.5005225069522691
5-14A,8.0,164.0716,-0.5472845601388953,0.06131206097167089
5-14A,8.0,165.03,0.4308840188404638,0.5287261227329743
5-14A,8.0,165.0405,-0.2662753165397174,0.5013987084857661
5-14A,8.0,165.0556,1.7361777255158852,0.20421592936702393
5-14A,8.0,166.0508,-0.003583589804131976,0.22964710034630695
5-14A,8.0,166.0632,1.4480054789558814,0.9213146673625142
5-14A,8.0,166.9759,-0.4292986329334929,0.539132848364049
5-14A,8.0,167.0207,-0.20222362859491239,0.11930983242740215
5-14A,8.0,167.0358,-0.41537647563492,0.4412797741927213
5-14A,8.0,167.0828,0.20182846367780066,0.7318814680553839
5-14A,8.0,168.0277,1.6689890612406517,0.09935435583147026
5-14A,8.0,168.0664,-0.1567684919510238,0.789781014828492
5-14A,8.0,170.0455,-0.257701002302986,0.006162616218891713
5-14A,8.0,171.0065,-0.045466460083104114,0.2841292126025754
5-14A,8.0,171.0092,-0.18992271535429772,0.2714461178267382
5-14A,8.0,171.0284,1.121265435298082,0.11849921556004941
5-14A,8.0,172.0616,1.3333237234905784,0.18976796587729014
5-14A,8.0,172.962,-0.24454270590939992,0.09304295860450332
5-14A,8.0,173.0089,-0.17462344771660618,0.21888304626528543
5-14A,8.0,173.0453,3.5653157978641876,0.5091894473129811
5-14A,8.0,173.0932,-0.43517575596358526,0.06298599783859997
5-14A,8.0,173.1041,-0.3855429323961352,0.7933546319323759
5-14A,8.0,174.0407,0.8882483835195648,0.13945729080485922
5-14A,8.0,174.088,0.011365800127155212,0.12657536302542619
5-14A,8.0,175.022,-0.32729001294621346,0.21537167228816367
5-14A,8.0,175.0361,1.2476803592431547,0.18576471253428598
5-14A,8.0,175.0611,0.3636190837462202,0.10291773508554067
5-14A,8.0,176.0776,0.38702507754024185,0.16069276048289166
5-14A,8.0,177.0402,-0.5996447967423224,0.11656447411150937
5-14A,8.0,177.0553,0.0402125930618356,0.6532572148718483
5-14A,8.0,178.0509,-0.1810739474970899,0.0324649092226693
5-14A,8.0,179.0348,1.2205022304343025,0.2594718570047965
5-14A,8.0,179.0561,0.06690900604094252,0.11354987318492567
5-14A,8.0,180.0663,0.21772760944269398,0.12505092708029486
5-14A,8.0,181.0505,1.6738982375461908,0.30220138176360034
5-14A,8.0,182.9725,-0.10909591586773276,0.25789889481822914
5-14A,8.0,183.0661,-0.6683057157601517,0.1738923167710697
5-14A,8.0,184.0017,1.9054365454105937,0.245943232088117
5-14A,8.0,184.9856,-0.6933947277839281,0.17736823305369062
5-14A,8.0,186.1136,0.12224173600474417,0.5427070636406551
5-14A,8.0,187.0234,0.24448703849098186,0.15299486507436355
5-14A,8.0,188.035,1.7418043321845693,0.38865220986975735
5-14A,8.0,188.0565,2.6061123391567005,0.2303980275152581
5-14A,8.0,189.0405,0.42806921703613515,0.06025123033533747
5-14A,8.0,191.0197,-0.6012573677819651,0.23545822361449542
5-14A,8.0,191.0561,0.6439015656516982,0.06277381104812901
5-14A,8.0,192.0663,-0.4462779533797885,0.4419583152570263
5-14A,8.0,193.0349,-0.7077336454409346,0.1947070137323045
5-14A,8.0,194.0682,0.7330384645401409,0.3743352914741918
5-14A,8.0,194.0822,0.17164981922811678,0.879756736204049
5-14A,8.0,195.0509,0.34159519472510075,0.14931127653375986
5-14A,8.0,195.0657,-0.22798121246122172,0.5764693312945177
5-14A,8.0,196.0603,1.4632203057698883,0.2734892599530026
5-14A,8.0,198.0182,0.4166737696934527,0.8010544609913375
5-14A,8.0,199.0019,-0.5398294909022903,0.23092244676148635
5-14A,8.0,200.9937,-0.039555807518594346,0.32269950659024266
5-14A,8.0,201.0051,-0.08284310590569427,0.40235707078601074
5-14A,8.0,203.0348,-0.3411813038668787,0.13749675923549565
5-14A,8.0,203.0826,-0.09257376224031247,0.003171632783186347
5-14A,8.0,204.0498,-0.17821977556044327,0.32854162865928316
5-14A,8.0,205.0351,-0.643864782720964,0.13271435765809478
5-14A,8.0,206.0822,0.20985561514887024,0.7957404249185962
5-14A,8.0,209.0292,-0.26268150865464335,0.5279121970534187
5-14A,8.0,209.0814,-0.6040569876279018,0.09686616049950696
5-14A,8.0,211.0235,0.13181905985509446,0.3912127409466379
5-14A,8.0,211.9968,0.6327416854999636,0.188141136940954
5-14A,8.0,212.0331,0.8328899926471496,0.5969660755722881
5-14A,8.0,212.9807,-0.2649509405810643,0.0867735916489275
5-14A,8.0,213.014,-0.8764660979129265,0.23224822436663442
5-14A,8.0,213.0384,-0.6719375469700892,0.17467822812295747
5-14A,8.0,213.1252,-0.5511604545805131,0.5123973795741071
5-14A,8.0,214.0488,-0.3668616703932245,0.1418912336486307
5-14A,8.0,215.0331,0.16692680236766577,0.11035361842227481
5-14A,8.0,216.1351,3.676704579963914,0.2711970523752102
5-14A,8.0,218.0335,-0.006116151920607111,0.10275933779820419
5-14A,8.0,218.1034,2.5920119818444527,0.22514488333543528
5-14A,8.0,220.0828,-0.2139878114655944,0.4100007289567888
5-14A,8.0,221.0443,0.09698891552873834,0.13445398165991165
5-14A,8.0,221.0664,-0.0025899166376362748,0.45023477569369436
5-14A,8.0,225.0399,-0.31728222783521765,1.4130203980689011
5-14A,8.0,225.0861,0.19592695483951822,0.4588614296581715
5-14A,8.0,225.0901,-0.32954496707817116,0.37267275758052626
5-14A,8.0,226.0135,0.1388468933101152,0.17765315580267863
5-14A,8.0,226.0697,0.14874974516111733,0.23891399308001707
5-14A,8.0,228.0501,0.10341612164864449,0.1262184993484951
5-14A,8.0,229.0122,-0.08809522411771377,0.19100608716603812
5-14A,8.0,237.0614,0.7162850731665407,0.4296088217801926
5-14A,8.0,238.0945,-0.8792340440159845,0.07057049159380638
5-14A,8.0,240.0515,0.550228203984709,0.13058965663862565
5-14A,8.0,241.0844,0.3449098670168838,0.9739205165481292
5-14A,8.0,242.0804,-0.4976204104922868,0.5896187276214281
5-14A,8.0,243.029,-0.3101799007859037,0.12516653939586925
5-14A,8.0,243.0625,-0.16443846286788166,0.36774503461831237
5-14A,8.0,245.0444,-0.03966643850892877,0.22513018229811735
5-14A,8.0,246.0198,0.6969454419830888,0.31235601800576485
5-14A,8.0,246.064,-0.08942997397264645,0.14659417394820554
5-14A,8.0,251.0816,-0.41540343131873936,0.3007092225358514
5-14A,8.0,253.0119,5.3522211748229225,0.24703390552822913
5-14A,8.0,253.0499,0.958914434629727,0.3328818399458413
5-14A,8.0,257.0072,0.05650157544261759,0.24222647637254338
5-14A,8.0,257.1028,-0.5382265663175556,0.454691419718298
5-14A,8.0,259.005,-0.49631758591351605,0.5324196015316344
5-14A,8.0,259.0227,-0.5072699248136076,0.16361735940942396
5-14A,8.0,261.0385,-0.16226911932672258,0.32993527043760024
5-14A,8.0,266.0703,1.6252779699088036,0.43305252009353007
5-14A,8.0,267.0724,-0.4109172550934356,0.033140568755717026
5-14A,8.0,268.02,0.4918043873850122,0.45222615367791613
5-14A,8.0,269.0398,-0.5770650098286696,0.0949972672081362
5-14A,8.0,271.0612,-0.19333234804923624,0.7152615810477774
5-14A,8.0,271.0815,-0.9818060273486109,0.8250015659885851
5-14A,8.0,273.0021,-0.20654920078425745,0.07919741776580998
5-14A,8.0,274.0933,0.9958729860046975,0.1918885375347269
5-14A,8.0,275.0184,2.469000926496124,1.4322657878812226
5-14A,8.0,275.0991,1.8216580564397917,0.21761211899366634
5-14A,8.0,277.1207,-0.5498066990672719,0.04016588301719262
5-14A,8.0,277.2169,-0.4792324653878003,0.24687848788079053
5-14A,8.0,279.2331,-0.3221201899146902,0.027694803954815907
5-14A,8.0,282.0839,-0.45231032768689494,0.5334133908545117
5-14A,8.0,283.2063,-0.2995776813680989,0.0337192244777469
5-14A,8.0,285.0972,-1.2051817791627735,0.338477135966968
5-14A,8.0,287.0157,0.4230336663078549,0.27873388436457386
5-14A,8.0,288.0725,4.763063773013568,0.5488572699328532
5-14A,8.0,289.0333,-0.4509689186010031,0.3232544049011686
5-14A,8.0,289.1044,-0.12681519144255224,0.19766743987268937
5-14A,8.0,290.9677,5.174136919244275,0.2996691329782423
5-14A,8.0,294.0479,0.37613403197247486,0.7357471828308215
5-14A,8.0,300.0509,0.4404856072790237,0.5459098191538747
5-14A,8.0,301.0333,-0.5734361375476713,1.3475023061569704
5-14A,8.0,303.2326,-0.3896959294567739,0.2860931448974554
5-14A,8.0,305.0207,0.20227833963198524,0.13397138410910028
5-14A,8.0,306.0481,-0.7168632636132801,0.15423867308211292
5-14A,8.0,306.0765,-0.18883229505161572,0.024125746572027516
5-14A,8.0,308.0986,-0.36754916650819514,0.015649712536932193
5-14A,8.0,313.0441,-0.017043496198592533,0.16501306854590655
5-14A,8.0,313.1037,-0.1432799262785473,0.5773401010262178
5-14A,8.0,317.026,-0.04970008968159652,0.9173131987150284
5-14A,8.0,323.0256,0.004674345448027729,0.3176615126925937
5-14A,8.0,325.1163,0.46853668243910906,0.3176840355526391
5-14A,8.0,328.0457,0.5488832277931801,0.14078979154668844
5-14A,8.0,333.0589,1.0685793742104441,0.31963599203829623
5-14A,8.0,338.9884,-0.8608725862973424,0.17460594996590223
5-14A,8.0,339.0928,0.1341026556593143,0.33885313324822985
5-14A,8.0,341.1089,-0.05496002194922757,0.1516513157884523
5-14A,8.0,344.0393,-0.462361925064356,0.281199571149848
5-14A,8.0,346.0556,-0.7022678565437226,0.06998889471759995
5-14A,8.0,348.087,-0.05362451408265985,0.21361146918802798
5-14A,8.0,353.0489,-0.6122052352200242,0.2629268127032034
5-14A,8.0,357.089,-0.228652528295482,0.27311344158375417
5-14A,8.0,375.131,0.4365656240656197,0.5228315757653222
5-14A,8.0,377.1496,-0.7420272791758684,0.5921180082319819
5-14A,8.0,383.1188,-0.24635684825032347,0.2808515887317032
5-14A,8.0,388.9416,4.9512181345427075,1.2958037775350142
5-14A,8.0,388.9442,4.756433175838906,0.8987964552984758
5-14A,8.0,401.0756,-0.29381169583785993,0.0720331299590238
5-14A,8.0,407.2795,-0.3522107783336221,0.29028044285616705
5-14A,8.0,421.0743,-1.0613771449787244,1.11561333945142
5-14A,8.0,426.0222,-0.6658927526330005,0.21456077431345288
5-14A,8.0,442.9997,-0.09345214348831257,0.10408742779507352
5-14A,8.0,466.9657,0.23517766499115397,0.08427841738813648
5-14A,8.0,490.9787,-0.10502459880155364,0.5183269409344723
5-14A,8.0,503.1614,-0.4290886360739118,0.31027850646517346
5-14A,8.0,547.0731,1.4133158324673496,0.21893835111275814
5-14A,8.0,565.0471,0.8602987027225164,0.4927168739379492
5-14A,8.0,578.8872,-0.19685718123139317,0.06454753527997267
5-14A,8.0,579.0269,-0.45799481687393473,0.13282540007954385
5-14A,8.0,612.2549,-0.0530805492159383,0.3418177564220702
5-14A,8.0,624.2949,0.10100523399814679,0.5103278869316727
5-14A,8.0,659.307,0.23351696276924805,0.2732729552653164
5-14A,8.0,664.0939,-0.3511403853141246,0.09251454019966111
5-14A,8.0,665.2144,-0.6399177925532975,0.16180656154301223
5-14A,8.0,668.1374,-0.4065580097711654,0.01252212778880185
5-14A,8.0,787.255,0.08297175703045676,0.45879443664714
5-14A,8.0,790.2568,0.4440871768873742,0.42436265226932346
5-14A,8.0,835.0407,-0.5380612439136356,0.12055243489258918
5-14A,8.0,863.2971,-0.6231912179263265,0.10593886158164387
5-14A,8.0,864.1473,-0.2504473050916597,0.5117315685651398
5-14A,8.0,974.2935,-0.9667347378585867,0.17535662931710247
5-14A,8.0,976.7162,0.015585053206579408,0.04170035614614298
5-14A,9.0,57.0342,-0.48173259434409027,0.3122501584936281
5-14A,9.0,58.0295,2.5485366404367893,0.3238236944213246
5-14A,9.0,59.0135,-0.06633469861708206,0.08568817209573923
5-14A,9.0,71.0137,-0.22599847193322534,0.06788056391418677
5-14A,9.0,73.0293,0.6327118702271137,0.10038138967554343
5-14A,9.0,74.0247,2.789289324648478,0.7887707037722504
5-14A,9.0,75.0087,1.1279876812293788,0.4978254419595784
5-14A,9.0,87.0088,-0.5548719199545447,0.03381365404277499
5-14A,9.0,87.0451,-0.6884876766705541,0.5488383566338647
5-14A,9.0,88.0403,0.6257481984157056,0.14051209418516244
5-14A,9.0,88.9883,-0.7582224742470379,0.4949094795064035
5-14A,9.0,89.0244,-0.6614973215026871,0.09289319446477132
5-14A,9.0,93.0338,0.05706496815605651,0.034605423895328634
5-14A,9.0,94.9761,-1.0057767969483535,0.46362069626296426
5-14A,9.0,94.9806,0.8822488783979362,0.31645364100367235
5-14A,9.0,95.0139,-0.2543414489389537,0.20665715547105457
5-14A,9.0,101.0242,-0.5531854429562268,0.08575707527704957
5-14A,9.0,102.056,1.5783803875389377,0.14661957351506735
5-14A,9.0,103.0402,-0.061541522085442724,0.11128058319010335
5-14A,9.0,103.0509,-0.13806090365239965,0.12789398561969234
5-14A,9.0,104.0352,-0.1391000164663092,0.1796465142583987
5-14A,9.0,105.0193,-0.6003056161008529,0.3314885866178572
5-14A,9.0,107.0503,0.26572536675879205,0.6647352725813693
5-14A,9.0,109.0295,3.5961868922928257,0.428052369085356
5-14A,9.0,111.02,1.392182529646379,0.0589419840303956
5-14A,9.0,112.0516,0.5693193133639818,0.6032145732583186
5-14A,9.0,113.0244,-0.34165460088826627,0.009392754515844622
5-14A,9.0,113.0357,2.3765488714719423,0.062156079904648165
5-14A,9.0,114.056,1.9475298831917778,0.03374026938665969
5-14A,9.0,115.0037,0.9350567186116707,0.014995986366976896
5-14A,9.0,115.0402,0.009282214204644125,0.34829273313218173
5-14A,9.0,115.0764,-0.04282740767625037,0.6106157912150382
5-14A,9.0,116.0354,3.4570033346398583,0.25883602283195567
5-14A,9.0,116.0717,-0.24821221807828564,0.05539161639430441
5-14A,9.0,117.0194,0.5838400408954796,0.04657533001238709
5-14A,9.0,118.0508,1.2445948291397984,0.4271069547722043
5-14A,9.0,118.9804,-0.3751529717624087,0.10714059454471858
5-14A,9.0,119.0503,1.3253793724196241,0.32097716569661594
5-14A,9.0,120.9273,-0.46982418166546336,0.047812870484852804
5-14A,9.0,121.0295,-0.11725696854143,0.587470244139602
5-14A,9.0,121.0409,-0.3939087826131639,0.42592557330979164
5-14A,9.0,122.0248,-0.043498276056541454,0.31472215000819526
5-14A,9.0,124.0075,-0.6064388625077886,0.08053836590956638
5-14A,9.0,124.0144,-0.37642808326688404,0.3103351791430033
5-14A,9.0,125.0439,-0.3035149828109396,0.08112099556984896
5-14A,9.0,127.0764,-0.4003421788189554,0.6291825854195268
5-14A,9.0,128.0354,-0.09018157557666022,0.02426935941955368
5-14A,9.0,129.0193,1.3220077364466523,0.07955402572005416
5-14A,9.0,129.0556,-0.5668275188249852,0.917697733715916
5-14A,9.0,130.0142,1.646187887348416,0.1727824867846556
5-14A,9.0,130.0509,2.254417133225851,0.20732566427263435
5-14A,9.0,130.0874,-0.24004318098493987,0.08274561357088964
5-14A,9.0,131.0008,-0.6128155234445074,0.2349993445926711
5-14A,9.0,131.0123,-0.28059513839264505,0.06990466343730406
5-14A,9.0,131.035,-0.7122448015967852,0.07416143959319714
5-14A,9.0,131.0462,-0.8644428695781794,0.18067371134872737
5-14A,9.0,131.0828,-0.7442504323021432,0.14682387296574873
5-14A,9.0,132.0302,2.6562382393377124,0.17633316267251686
5-14A,9.0,133.0142,-0.07510961480325037,0.09049474257195486
5-14A,9.0,133.0257,0.15088819894765457,0.09993376370891469
5-14A,9.0,133.0505,1.2138408077425897,0.15125619059965809
5-14A,9.0,134.0472,0.20558879273053418,0.10839884081490123
5-14A,9.0,134.0604,1.0736469672256592,0.9882304121535863
5-14A,9.0,135.0302,-0.02978680493251882,0.20887850348530812
5-14A,9.0,135.0453,1.2839899495187523,0.22325311903139017
5-14A,9.0,136.0404,-0.4899079729803461,0.07367611846512848
5-14A,9.0,136.0487,1.2016248650860024,0.38355867236178826
5-14A,9.0,136.0767,-0.6103566887473932,0.5676383580922535
5-14A,9.0,137.0239,0.06698810423594394,0.23836387562978256
5-14A,9.0,138.9789,-0.1730990596203885,0.32589186687511246
5-14A,9.0,139.0014,1.3032368117756254,0.12743366465414382
5-14A,9.0,139.0067,-0.5747282716723177,0.09972384969277201
5-14A,9.0,139.976,0.06783609619883725,0.18702061186519156
5-14A,9.0,143.0713,-0.838804337580452,0.3916711748813492
5-14A,9.0,143.1077,-0.020412621683343107,0.26710538385800625
5-14A,9.0,145.0141,-0.4246520274567652,0.027831831646255255
5-14A,9.0,145.0506,-0.2954382439369519,0.11126204986304455
5-14A,9.0,145.0623,-0.4156699609152883,0.1299883496387008
5-14A,9.0,145.0982,-0.8912801629226075,0.281155028112196
5-14A,9.0,145.1106,-0.20373249805783888,0.5627719058211118
5-14A,9.0,146.0459,2.338612561357529,0.14326453657050858
5-14A,9.0,147.0298,0.27750214295192066,0.09925415843066207
5-14A,9.0,147.0662,1.3812114634313457,0.12499011956579155
5-14A,9.0,149.0092,-0.7260245475145299,0.3785346473412794
5-14A,9.0,149.0456,0.9072657169422191,0.07290439424126549
5-14A,9.0,149.0608,0.4671097105508841,0.2807400774509602
5-14A,9.0,150.0422,-0.5261122007861178,0.2252887390598199
5-14A,9.0,150.9707,-0.2876949086527101,0.6294103893758933
5-14A,9.0,151.0259,-0.6675157892360498,0.01966972570272122
5-14A,9.0,151.04,-0.5103491992477678,0.2663041792286658
5-14A,9.0,151.06,-0.0036276664914460174,0.8926404673149694
5-14A,9.0,152.0353,0.603674414452817,0.2909962365643358
5-14A,9.0,152.0716,-1.0169760490354955,0.562436370104695
5-14A,9.0,153.0192,1.810153461082714,0.047666308158158234
5-14A,9.0,154.062,-0.4886543785741564,0.10796466265129087
5-14A,9.0,154.9751,0.7064448886571766,0.052636000382937184
5-14A,9.0,155.0099,1.5150919728929964,0.026976909461170286
5-14A,9.0,157.0128,0.07626878973030611,0.07014070411713852
5-14A,9.0,157.0255,2.236205926217072,0.059737257555192144
5-14A,9.0,157.0379,2.0817061247819897,0.1226198043431902
5-14A,9.0,157.0504,1.4783613582471897,0.06377962644984113
5-14A,9.0,159.0297,-0.6424720887217746,0.08729918748170692
5-14A,9.0,159.0775,1.1257281207310972,0.056822297530593806
5-14A,9.0,160.0616,1.5336307478767126,0.3897484702796574
5-14A,9.0,161.0453,-1.0779581997875272,0.07778417380878219
5-14A,9.0,162.0424,1.2852462549461379,0.07912490905460368
5-14A,9.0,163.0351,-0.38289619309918466,0.22719721662150683
5-14A,9.0,163.0398,3.047822311160642,0.07123221974416803
5-14A,9.0,163.0611,0.45256498004562634,0.5507261077850792
5-14A,9.0,164.0716,-0.4618548470249617,0.014730801983135889
5-14A,9.0,165.03,-0.3776639753386446,0.4720557583503066
5-14A,9.0,165.0405,-0.5472329003529453,0.5567653856602883
5-14A,9.0,165.0556,2.0858137397222003,0.13561815130053267
5-14A,9.0,166.0508,0.8720446896779994,0.22375678918655229
5-14A,9.0,166.0632,1.8587084951274444,0.3181671572569068
5-14A,9.0,166.9759,-0.06128980240159081,0.3121816948089427
5-14A,9.0,167.0207,-0.7637587680564166,0.12100961514822119
5-14A,9.0,167.0358,-0.36661318639196827,0.17467128896717882
5-14A,9.0,167.0828,-1.2134374062379931,0.5883830055040986
5-14A,9.0,168.0277,2.5607335810283933,0.08716356914725583
5-14A,9.0,168.0664,-0.5992441274344356,0.6579972956929427
5-14A,9.0,170.0455,0.4702687596301288,0.038317932540797996
5-14A,9.0,171.0065,-0.12208823619797501,0.1529776573785808
5-14A,9.0,171.0092,-0.1374329573389926,0.13154957930444564
5-14A,9.0,171.0284,2.68829342520675,0.08875968598286252
5-14A,9.0,172.0616,1.5257082266359312,0.12275905302993577
5-14A,9.0,172.962,0.022147605951476943,0.03507117752356216
5-14A,9.0,173.0089,0.5337417788560818,0.14401227855215076
5-14A,9.0,173.0453,7.730783787768257,0.22619648782054225
5-14A,9.0,173.0932,-0.062918820749649,0.10018272634365429
5-14A,9.0,173.1041,-0.9673627400820403,0.07013783571624885
5-14A,9.0,174.0407,2.5158559733425916,0.07780514938954583
5-14A,9.0,174.088,1.8566945300616817,0.22448051768606342
5-14A,9.0,175.022,0.283344553609997,0.08958354735820226
5-14A,9.0,175.0361,2.4458201514944204,0.02935972555897613
5-14A,9.0,175.0611,1.3172171709453733,0.06538757912314375
5-14A,9.0,176.0776,1.0544179538340963,0.19362495301523966
5-14A,9.0,177.0402,0.054930971877458684,0.39795108410885754
5-14A,9.0,177.0553,0.845892068264413,0.9460292100404043
5-14A,9.0,178.0509,0.6388279990992576,0.026609633017655378
5-14A,9.0,179.0348,1.3289565721519139,0.2128018072396369
5-14A,9.0,179.0561,-0.3360071740808537,0.058680508732505285
5-14A,9.0,180.0663,-0.3479466582570499,0.05032840447672988
5-14A,9.0,181.0505,2.4098827868442907,0.1322734018164437
5-14A,9.0,182.9725,-0.3886093509133369,0.1554534117493617
5-14A,9.0,183.0661,-0.5783239700032821,0.12856964941052543
5-14A,9.0,184.0017,2.792441404117512,0.18987502153649913
5-14A,9.0,184.9856,-0.6407625757391295,0.16186567562952026
5-14A,9.0,186.1136,-0.009453837227414765,0.4325970895498206
5-14A,9.0,187.0234,0.4701634113474098,0.4441842074535227
5-14A,9.0,188.035,2.2658259060355284,0.77723508169182
5-14A,9.0,188.0565,4.655939877864942,0.10189206089440137
5-14A,9.0,189.0405,1.0070301217772868,0.09126513707880302
5-14A,9.0,191.0197,-0.1506906338728794,0.266195413847194
5-14A,9.0,191.0561,2.361306996736004,0.13195088390430898
5-14A,9.0,192.0663,-0.5814080391045064,0.8986527508573869
5-14A,9.0,193.0349,-0.635044124838071,0.21556448154450655
5-14A,9.0,194.0682,0.590302501729131,0.33811482278489385
5-14A,9.0,194.0822,-0.10545270515132632,0.3595530682366474
5-14A,9.0,195.0509,-0.01401878378932388,0.08297824531898963
5-14A,9.0,195.0657,-0.10972854862418914,0.6751972813882431
5-14A,9.0,196.0603,1.5930710524139413,0.29988946816124046
5-14A,9.0,198.0182,1.1250803136077265,0.3123186409771524
5-14A,9.0,199.0019,-0.16491166641013916,0.375844292701719
5-14A,9.0,200.9937,-0.41851628490932213,0.1590908361089955
5-14A,9.0,201.0051,1.0550702269366663,0.5031810068344357
5-14A,9.0,203.0348,-0.8200175031108515,0.13244291705653372
5-14A,9.0,203.0826,-0.08905874317801199,0.04853905933909088
5-14A,9.0,204.0498,-0.5003027255352511,0.7711697890019126
5-14A,9.0,205.0351,0.10569697621386026,0.08431901874912266
5-14A,9.0,206.0822,0.13952592824977933,0.3755438680175161
5-14A,9.0,209.0292,-0.27986004020955385,0.3398333280900212
5-14A,9.0,209.0814,-0.9863360312622642,0.46636614618499483
5-14A,9.0,211.0235,0.36631858610193413,0.26855991095370557
5-14A,9.0,211.9968,1.9674202537206125,0.24950768013424857
5-14A,9.0,212.0331,0.3832697345139642,0.02051192006255093
5-14A,9.0,212.9807,-0.19808761494403226,0.1494568022846471
5-14A,9.0,213.014,0.017017304432494204,0.3698812077130994
5-14A,9.0,213.0384,-0.8662079448007632,0.14622937721346904
5-14A,9.0,213.1252,-0.14066203913816325,0.5754596531769635
5-14A,9.0,214.0488,-0.5337730803955714,0.35315491352321143
5-14A,9.0,215.0331,-0.12647769916026846,0.07338530921597507
5-14A,9.0,216.1351,3.8441545483104598,0.2990056455263651
5-14A,9.0,218.0335,-0.23621280308128972,0.07717180066263202
5-14A,9.0,218.1034,3.4973488890236015,0.3122865454641566
5-14A,9.0,220.0828,0.3064233247570627,0.4033674153792129
5-14A,9.0,221.0443,-0.35977507753105,0.09505344191903119
5-14A,9.0,221.0664,0.00153049832690289,0.11680382903454135
5-14A,9.0,225.0399,-0.1256770593380242,0.16159151037834354
5-14A,9.0,225.0861,-0.17470755669577603,0.29502599230155
5-14A,9.0,225.0901,0.6764574464148096,0.6981545446930959
5-14A,9.0,226.0135,0.5074495028472306,0.09388275672534534
5-14A,9.0,226.0697,0.4517730654954734,0.16173272046096504
5-14A,9.0,228.0501,0.7568599008692736,0.4611663194631772
5-14A,9.0,229.0122,0.46948000398923195,0.3453734711467572
5-14A,9.0,237.0614,1.7008125621564176,0.3729977024993312
5-14A,9.0,238.0945,-0.7877113375490844,0.08787164113265367
5-14A,9.0,240.0515,1.1483519747682243,0.1361768864528177
5-14A,9.0,241.0844,0.4709056631549315,0.8373265184024418
5-14A,9.0,242.0804,-0.8166661484770781,0.3217080449208661
5-14A,9.0,243.029,-0.10996620877961054,0.3500666048200173
5-14A,9.0,243.0625,0.06924669926556216,0.453885083830425
5-14A,9.0,245.0444,0.5674328211616374,0.33097549996648756
5-14A,9.0,246.0198,1.3757538810731587,0.21626631390084233
5-14A,9.0,246.064,-0.1240667904750696,0.28916223595909635
5-14A,9.0,251.0816,-0.9780201795563049,0.20896289399031642
5-14A,9.0,253.0119,7.117709606203295,0.2754332768165321
5-14A,9.0,253.0499,1.9376869055020882,0.8075918510981842
5-14A,9.0,257.0072,0.8968286864257775,0.31868476106573335
5-14A,9.0,257.1028,-0.477976558008076,0.48228687432921447
5-14A,9.0,259.005,0.1407659001324863,0.6601750732043874
5-14A,9.0,259.0227,-0.7551758159478148,0.0713166001398197
5-14A,9.0,261.0385,-0.01953351815894427,0.16316355234973584
5-14A,9.0,266.0703,2.669420964033142,0.5813269269178114
5-14A,9.0,267.0724,-0.3904986333674763,0.05336099632193426
5-14A,9.0,268.02,0.5620583543335549,0.32896190532928654
5-14A,9.0,269.0398,-0.3994390884009032,0.17651608448287376
5-14A,9.0,271.0612,-0.1951219931654783,0.4809836261290117
5-14A,9.0,271.0815,-0.42052074816065504,1.0703593749935223
5-14A,9.0,273.0021,0.6499849782936011,0.3850599709303492
5-14A,9.0,274.0933,1.7835218045713226,0.23450838737857305
5-14A,9.0,275.0184,3.173787905027753,1.422039948327902
5-14A,9.0,275.0991,1.0488756606737843,0.15292543199581618
5-14A,9.0,277.1207,-0.7688608512663224,0.018932997423979612
5-14A,9.0,277.2169,-0.6002214769590761,0.30841698131268264
5-14A,9.0,279.2331,-0.33864025266796627,0.0187788516576801
5-14A,9.0,282.0839,-0.6571750486372164,0.4883811300923053
5-14A,9.0,283.2063,-0.5574294384151665,0.24986747438467247
5-14A,9.0,285.0972,-1.2080335963754394,0.7161860488127039
5-14A,9.0,287.0157,0.2716749680212954,0.2355983403615051
5-14A,9.0,288.0725,7.094446152688704,0.6875842250252016
5-14A,9.0,289.0333,-0.06029078842203524,0.21854623537803647
5-14A,9.0,289.1044,0.36696517070032536,0.24347007259927
5-14A,9.0,290.9677,6.692705206504943,0.2621117019273139
5-14A,9.0,294.0479,-1.0365102229737482,0.6390322413901022
5-14A,9.0,300.0509,0.204074449397418,0.3166385439234863
5-14A,9.0,301.0333,-0.2022301310463969,0.5527191874295799
5-14A,9.0,303.2326,-0.2861711524319663,0.26139105081091046
5-14A,9.0,305.0207,-0.2726227795576459,0.08597203990139755
5-14A,9.0,306.0481,-0.07903381278327086,0.24484799042009506
5-14A,9.0,306.0765,-0.25015348878482135,0.0236478070962976
5-14A,9.0,308.0986,-0.3660975298307595,0.030413954357183602
5-14A,9.0,313.0441,0.6526754022859316,0.6062738529811607
5-14A,9.0,313.1037,0.8917795499435901,0.576454095984206
5-14A,9.0,317.026,-0.08228054942461957,0.3243937029715876
5-14A,9.0,323.0256,-1.0089503403861113,0.5001488049919429
5-14A,9.0,325.1163,-0.19476705615629175,0.24858990855468688
5-14A,9.0,328.0457,0.6320109929123148,0.12527542064808303
5-14A,9.0,333.0589,1.9492355837674276,0.02816782217435976
5-14A,9.0,338.9884,-0.666929286793593,0.5758784056309862
5-14A,9.0,339.0928,0.10445957406999178,0.3059057006340907
5-14A,9.0,341.1089,-0.19566446560822323,0.2741066865241478
5-14A,9.0,344.0393,-0.3887483760399547,0.24550425584828225
5-14A,9.0,346.0556,-0.4742712236075199,0.054883245729820056
5-14A,9.0,348.087,0.40584044398802016,0.1759178677323312
5-14A,9.0,353.0489,-0.24493014091772358,0.694847447273354
5-14A,9.0,357.089,-0.02381708132975597,0.21227803258323735
5-14A,9.0,375.131,0.41975412333476836,0.39159007044569377
5-14A,9.0,377.1496,-0.5801775245315726,0.732870201976048
5-14A,9.0,383.1188,-0.5130231480274907,0.4167606377101089
5-14A,9.0,388.9416,6.708014275495774,1.1412768156319575
5-14A,9.0,388.9442,6.35352057670533,1.1087643736289725
5-14A,9.0,401.0756,-0.5855173325209089,0.047471626115350794
5-14A,9.0,407.2795,-0.8436780063955305,0.3256011502723919
5-14A,9.0,421.0743,-0.23491291248581062,0.4269083052158291
5-14A,9.0,426.0222,-0.4586514170360102,0.35025839605887504
5-14A,9.0,442.9997,-0.13189169823184696,0.29059764769479834
5-14A,9.0,466.9657,-0.36571294313854774,0.11443422232297965
5-14A,9.0,490.9787,0.3233386331916118,0.46684087974514715
5-14A,9.0,503.1614,-0.033789898500196876,0.3272044987314382
5-14A,9.0,547.0731,2.4561114317497044,0.2508780564379657
5-14A,9.0,565.0471,0.46982126258060514,0.3496840721437932
5-14A,9.0,578.8872,-0.5463174703668487,0.022030579998513575
5-14A,9.0,579.0269,-0.6784903180963613,0.09077720011078651
5-14A,9.0,612.2549,-0.023660328280628085,0.8730353792126267
5-14A,9.0,624.2949,0.2841633605610621,0.3915253922020876
5-14A,9.0,659.307,0.045510396657346366,0.35456650084987695
5-14A,9.0,664.0939,-0.505831195783166,0.13015877516143012
5-14A,9.0,665.2144,-0.19440243676262287,0.6335411457232999
5-14A,9.0,668.1374,0.27405199313682516,0.02332528275795435
5-14A,9.0,787.255,-0.10586617313526939,0.2871847776794961
5-14A,9.0,790.2568,0.038496150562816196,0.3175608131459563
5-14A,9.0,835.0407,0.18282109682605163,0.2205879594065372
5-14A,9.0,863.2971,-0.6879113745245865,0.09702950856815303
5-14A,9.0,864.1473,-0.2809177286985581,0.3511906342599192
5-14A,9.0,974.2935,0.05048755212352835,0.15407178693500767
5-14A,9.0,976.7162,-0.43005837545308884,0.034279708832972766
5-14A,10.0,57.0342,-1.7730594582202683,0.23320480355892345
5-14A,10.0,58.0295,0.5948273551307203,0.2721495521341176
5-14A,10.0,59.0135,-1.1913371467176965,0.12469502112709645
5-14A,10.0,71.0137,-1.4735719749917013,0.035797971877628565
5-14A,10.0,73.0293,1.1071299412891298,0.07108026599796884
5-14A,10.0,74.0247,3.129194770908358,0.9308232300705576
5-14A,10.0,75.0087,-0.26041533752479074,0.5357550791469466
5-14A,10.0,87.0088,1.1796088368066933,0.17364538270286609
5-14A,10.0,87.0451,-1.1483830156414663,0.26730195458125594
5-14A,10.0,88.0403,1.710301992338045,0.12781868277626465
5-14A,10.0,88.9883,0.13610301229170524,0.679889059703125
5-14A,10.0,89.0244,-0.7759760970452179,0.03605460978453172
5-14A,10.0,93.0338,0.03972200539299885,0.012670807995399073
5-14A,10.0,94.9761,-0.809405249093381,0.3395080503283508
5-14A,10.0,94.9806,0.3538417666615607,0.26644195089942785
5-14A,10.0,95.0139,-1.4868778997730714,0.03480629023994782
5-14A,10.0,101.0242,-1.757788124123379,0.07512111328377397
5-14A,10.0,102.056,3.3343893186674958,0.29883571141139303
5-14A,10.0,103.0402,0.6432548559320932,0.03941783781611481
5-14A,10.0,103.0509,0.7571019742485737,0.186376688259313
5-14A,10.0,104.0352,0.8656596270570431,0.670717971506881
5-14A,10.0,105.0193,-1.2754409463266223,0.2950820476084093
5-14A,10.0,107.0503,-1.5149463217629648,0.4187920794714612
5-14A,10.0,109.0295,8.106425956927476,0.41295770184744973
5-14A,10.0,111.02,1.1732439111747999,0.183745680903012
5-14A,10.0,112.0516,-1.0266447460971904,0.6085888601093584
5-14A,10.0,113.0244,-1.4080234590405325,0.020466163032048974
5-14A,10.0,113.0357,0.8426560446745386,0.22268502815860514
5-14A,10.0,114.056,1.6429639284826827,0.13948571750163258
5-14A,10.0,115.0037,0.5745310645660178,0.1279507326469554
5-14A,10.0,115.0402,-1.1786456861506684,0.6082519366664505
5-14A,10.0,115.0764,-1.658297039844973,0.7091511482161156
5-14A,10.0,116.0354,2.882199839080929,0.05162279470788479
5-14A,10.0,116.0717,0.8118091561195386,0.057093549569793046
5-14A,10.0,117.0194,1.1194821593420736,0.12283041016538655
5-14A,10.0,118.0508,1.579915891373784,0.1048749915679825
5-14A,10.0,118.9804,-1.4260587228012462,0.019108439945993302
5-14A,10.0,119.0503,0.7675891475931953,0.22478890788359154
5-14A,10.0,120.9273,-0.3863322100206522,0.026805204570099796
5-14A,10.0,121.0295,-1.8742864635748724,0.33796678887080744
5-14A,10.0,121.0409,-2.101217747714573,0.13987043235415503
5-14A,10.0,122.0248,-1.2939787288296443,0.14767133342738792
5-14A,10.0,124.0075,-0.8525536993853611,0.2218989972282703
5-14A,10.0,124.0144,-1.4369536051066978,0.06648802466735981
5-14A,10.0,125.0439,-1.202280252601748,0.13735733518914225
5-14A,10.0,127.0764,-1.3469404538187042,0.36087595955118656
5-14A,10.0,128.0354,0.09533048778898401,0.03916190945609518
5-14A,10.0,129.0193,3.0390351676359533,0.13514200996306522
5-14A,10.0,129.0556,-1.2369647962512367,0.5196723338950217
5-14A,10.0,130.0142,3.456365647863526,0.2777549377569201
5-14A,10.0,130.0509,1.3107992288860042,0.11650979431773884
5-14A,10.0,130.0874,0.9259200966580842,0.10197055788470323
5-14A,10.0,131.0008,-0.4513540666360125,0.22704562157683333
5-14A,10.0,131.0123,0.14881770045954792,0.1191054429577643
5-14A,10.0,131.035,-1.7721952145739779,0.06114112235242691
5-14A,10.0,131.0462,-1.3319460135857821,0.25630935855191156
5-14A,10.0,131.0828,-0.25792744921202143,0.4574131139108811
5-14A,10.0,132.0302,1.5676162982641588,0.1931628481169641
5-14A,10.0,133.0142,-0.08697989071804932,0.020918143433149294
5-14A,10.0,133.0257,0.060902656422235565,0.051371085810687174
5-14A,10.0,133.0505,0.9979538950486556,0.08827418550151592
5-14A,10.0,134.0472,1.034977220027601,0.24149792243300924
5-14A,10.0,134.0604,0.6004380112182958,0.47478116192560404
5-14A,10.0,135.0302,2.4431293218943746,0.16950631407324854
5-14A,10.0,135.0453,1.524782461945553,0.16934547578511622
5-14A,10.0,136.0404,-0.24768408928582625,0.07802514209503056
5-14A,10.0,136.0487,1.151456617696064,0.2567911431676951
5-14A,10.0,136.0767,-1.647340965496111,0.8435623379796173
5-14A,10.0,137.0239,0.07162403203105078,0.07925088978140424
5-14A,10.0,138.9789,-0.7407929799398061,0.38070904607301814
5-14A,10.0,139.0014,1.9307575642033994,0.22362740239951942
5-14A,10.0,139.0067,-0.5767898236098481,0.08842593279117887
5-14A,10.0,139.976,0.4103723343470117,0.699572932050351
5-14A,10.0,143.0713,-1.6240895213050877,0.036189154130314025
5-14A,10.0,143.1077,-0.7310685252985683,0.29670475440916244
5-14A,10.0,145.0141,-0.096674480916837,0.0668332994079567
5-14A,10.0,145.0506,0.7943945090477722,0.5270894820097914
5-14A,10.0,145.0623,0.5993903718698554,0.4632660619510176
5-14A,10.0,145.0982,-0.4911743550053038,0.31054473547437333
5-14A,10.0,145.1106,-0.4658498779802468,0.3510362910877983
5-14A,10.0,146.0459,4.4044468887643085,0.4119376170459548
5-14A,10.0,147.0298,0.986187504192813,0.07847911617250239
5-14A,10.0,147.0662,0.2543360849423131,0.08580286922125924
5-14A,10.0,149.0092,-1.6770079967622533,0.6120550356827971
5-14A,10.0,149.0456,-0.617655218573778,0.1799854826690774
5-14A,10.0,149.0608,-1.0085648155330595,0.5395286668866255
5-14A,10.0,150.0422,0.23849446443297725,0.1783899817918614
5-14A,10.0,150.9707,0.6688809370395326,0.3001629123587454
5-14A,10.0,151.0259,0.8270672434672206,0.08730342968563234
5-14A,10.0,151.04,-0.7197619461416473,0.9224307141974858
5-14A,10.0,151.06,-0.08996468145966946,0.626021193445954
5-14A,10.0,152.0353,-0.4083517488729621,0.449310644052808
5-14A,10.0,152.0716,-1.7536106725753768,0.5592682887756697
5-14A,10.0,153.0192,7.789853360880986,0.2955860839227206
5-14A,10.0,154.062,-0.1134960806125095,0.4503690384085248
5-14A,10.0,154.9751,1.178788090040134,0.10647091790598899
5-14A,10.0,155.0099,0.9494169430178998,0.17576040627239511
5-14A,10.0,157.0128,0.5429272645371808,0.1525054845124913
5-14A,10.0,157.0255,1.138360798008122,0.20971366261372823
5-14A,10.0,157.0379,1.1503586926458045,0.16544792270779474
5-14A,10.0,157.0504,1.2417856717028055,0.19474032757136633
5-14A,10.0,159.0297,-1.2958430897412567,0.17520359834584107
5-14A,10.0,159.0775,1.3440894823806961,0.12597292276515948
5-14A,10.0,160.0616,0.733247881789145,0.1908287605577161
5-14A,10.0,161.0453,-2.0189619199920106,0.11708427866176366
5-14A,10.0,162.0424,1.3236993255849767,0.2981415005642884
5-14A,10.0,163.0351,-0.8421509146369597,0.05057959647076973
5-14A,10.0,163.0398,0.5118763453106487,0.18134891954247312
5-14A,10.0,163.0611,-0.6602950647908925,0.8911580228485022
5-14A,10.0,164.0716,3.924864853952659,0.08370854241759458
5-14A,10.0,165.03,-0.7812763128584941,1.0424177523839662
5-14A,10.0,165.0405,-1.3802097491468333,0.4294552344516035
5-14A,10.0,165.0556,1.7177081226629367,0.21208112531917753
5-14A,10.0,166.0508,0.4338859048518581,0.5365049940957454
5-14A,10.0,166.0632,1.7389201154107385,0.9886522358674973
5-14A,10.0,166.9759,0.6846104487404359,0.4915410750992337
5-14A,10.0,167.0207,-0.28957353917781303,0.44627619473703933
5-14A,10.0,167.0358,-1.0638804154198604,0.5043569599763437
5-14A,10.0,167.0828,-0.748884487105328,0.6757222137268912
5-14A,10.0,168.0277,4.848255419040859,0.24710750017127736
5-14A,10.0,168.0664,-0.9964588963874831,0.2900606867965064
5-14A,10.0,170.0455,1.187229955246127,0.16277638551144094
5-14A,10.0,171.0065,0.5371176772966315,0.24918544964699266
5-14A,10.0,171.0092,0.46129367497577267,0.11949798978324132
5-14A,10.0,171.0284,1.3013497122059272,0.23210581069652975
5-14A,10.0,172.0616,0.9739761857006026,0.24715737613545627
5-14A,10.0,172.962,0.7536124170766777,0.1791073421533632
5-14A,10.0,173.0089,0.04142615848996529,0.13108484546158897
5-14A,10.0,173.0453,2.327872286408253,0.26431962684062
5-14A,10.0,173.0932,1.2299152037227479,0.11082063621412672
5-14A,10.0,173.1041,-0.49658981845668804,0.2328394750144243
5-14A,10.0,174.0407,0.9595102002507047,0.11999559215219262
5-14A,10.0,174.088,0.7500357432392404,0.3464317114510202
5-14A,10.0,175.022,1.5050444694854206,0.2777450497841674
5-14A,10.0,175.0361,1.7107139942943619,0.2053240856149027
5-14A,10.0,175.0611,0.7468971224778799,0.062347797735984416
5-14A,10.0,176.0776,0.48650098051087054,0.2059699724573709
5-14A,10.0,177.0402,-0.7173366565635811,0.2818214375490218
5-14A,10.0,177.0553,0.2996581625929394,0.5562146564471734
5-14A,10.0,178.0509,1.6759192732391772,0.16752997176045412
5-14A,10.0,179.0348,-0.11859402233450053,0.3078225830774153
5-14A,10.0,179.0561,-1.4324559930939216,0.006034888847671524
5-14A,10.0,180.0663,-1.0475455175404083,0.03380214794145855
5-14A,10.0,181.0505,1.4587787347637104,0.2057275851232197
5-14A,10.0,182.9725,-1.404779377176459,0.07774256759635846
5-14A,10.0,183.0661,-1.8484234527698904,0.3627096763642597
5-14A,10.0,184.0017,4.639702076770994,0.22512954395848572
5-14A,10.0,184.9856,0.587773138227518,0.23567871623105577
5-14A,10.0,186.1136,-0.9592411833642699,0.6621637667942273
5-14A,10.0,187.0234,-0.012471207830693505,0.4552794293131944
5-14A,10.0,188.035,1.666172352453503,1.2059912069419625
5-14A,10.0,188.0565,1.9980574750041213,0.16805320989418324
5-14A,10.0,189.0405,0.3386528756400453,0.21442296300159272
5-14A,10.0,191.0197,-0.6901471715578502,0.14431846654555744
5-14A,10.0,191.0561,1.2600095351779301,0.06126266471612644
5-14A,10.0,192.0663,-0.4739283339571235,0.2423232364548426
5-14A,10.0,193.0349,-1.0209831041824233,0.24992591129847402
5-14A,10.0,194.0682,0.2684647257094023,0.35336563224032913
5-14A,10.0,194.0822,-1.2250485926440489,0.7318600831908106
5-14A,10.0,195.0509,-1.0216516857658082,0.06701741473237469
5-14A,10.0,195.0657,0.06245948437191827,1.0156398470129107
5-14A,10.0,196.0603,1.4313829948589119,0.23221947189983283
5-14A,10.0,198.0182,2.503988176137651,0.5315068154305203
5-14A,10.0,199.0019,-0.14994820556566307,0.5578579803420387
5-14A,10.0,200.9937,-0.8606368418651713,0.43527891455791184
5-14A,10.0,201.0051,-0.28247125418179625,0.5543324911509333
5-14A,10.0,203.0348,-1.124245977115133,0.1284258746148147
5-14A,10.0,203.0826,0.06806110031494675,0.007866941390017918
5-14A,10.0,204.0498,-1.1235375053936658,0.12176620797358002
5-14A,10.0,205.0351,-0.6059901012509769,0.2361620566932171
5-14A,10.0,206.0822,-1.6849569958417534,0.6465167456357787
5-14A,10.0,209.0292,0.196328854492565,0.5541216661769655
5-14A,10.0,209.0814,-0.366616587855006,0.5929978288786631
5-14A,10.0,211.0235,0.689353647768499,0.4053767718695868
5-14A,10.0,211.9968,1.4224173618023983,0.20713217600189784
5-14A,10.0,212.0331,1.571219231261713,0.6228966249737538
5-14A,10.0,212.9807,1.2385497589872536,0.2700540243063729
5-14A,10.0,213.014,0.4259867696080879,0.1643802617337671
5-14A,10.0,213.0384,0.05386603587543027,0.2996870717900038
5-14A,10.0,213.1252,-0.10667742086624757,0.5628305288745116
5-14A,10.0,214.0488,0.11639492505859662,0.46027912777837693
5-14A,10.0,215.0331,-1.5536353060361243,0.00579194857707516
5-14A,10.0,216.1351,2.400941123806419,0.4589171312182038
5-14A,10.0,218.0335,-1.4976460552026496,0.0062303468450188365
5-14A,10.0,218.1034,1.334433216343271,0.08502435684910849
5-14A,10.0,220.0828,-0.32935606335109907,0.4688941889413211
5-14A,10.0,221.0443,-1.3513846257196707,0.020291134510872864
5-14A,10.0,221.0664,-0.6004425069686312,0.5347725381219968
5-14A,10.0,225.0399,-0.7792709964765342,0.7244537039741682
5-14A,10.0,225.0861,0.504597088747097,0.49973783029594293
5-14A,10.0,225.0901,0.1466516917160072,0.6815721460583156
5-14A,10.0,226.0135,1.2258484663328328,0.2725219595489847
5-14A,10.0,226.0697,1.8144088492591344,0.45390492336582633
5-14A,10.0,228.0501,1.2055076387872043,0.4781558937021777
5-14A,10.0,229.0122,0.6921914808159492,0.10223154522305963
5-14A,10.0,237.0614,1.8234725461944865,0.38809226430582805
5-14A,10.0,238.0945,-0.6351734934375843,0.1879755835768205
5-14A,10.0,240.0515,0.7281510320450226,0.10313481069437659
5-14A,10.0,241.0844,0.6028657573350169,0.42152687839979475
5-14A,10.0,242.0804,0.12184504310906893,0.23276072887043797
5-14A,10.0,243.029,-0.18329122325464256,0.3843813064109395
5-14A,10.0,243.0625,0.3354445796088764,0.38591737123463515
5-14A,10.0,245.0444,0.5585388005370551,0.5137476071913403
5-14A,10.0,246.0198,0.6998149938627556,0.6525295885121908
5-14A,10.0,246.064,-1.1931053401662364,0.023308181486563335
5-14A,10.0,251.0816,-0.5924261464962911,0.5406639377067044
5-14A,10.0,253.0119,7.436772764052965,0.697526921483401
5-14A,10.0,253.0499,1.7170349689326125,0.745883150343516
5-14A,10.0,257.0072,2.1037099678298214,0.2772958074253813
5-14A,10.0,257.1028,-0.7447980233786288,0.18278081128482623
5-14A,10.0,259.005,1.0806606727559096,0.8082480377240819
5-14A,10.0,259.0227,-1.3441103486128565,0.10109456076139173
5-14A,10.0,261.0385,0.14883872981219395,0.13095007122625008
5-14A,10.0,266.0703,2.940534279897336,0.49497573057192823
5-14A,10.0,267.0724,-0.6663296626361904,0.00846266764509241
5-14A,10.0,268.02,1.4372560781840447,0.5835526259971278
5-14A,10.0,269.0398,1.174972487890662,0.16073099910023175
5-14A,10.0,271.0612,-0.19571854153755897,0.1675224953269989
5-14A,10.0,271.0815,-1.1677002533184346,0.7089581259030676
5-14A,10.0,273.0021,1.0176035981723472,0.3657630464188885
5-14A,10.0,274.0933,0.23994517787863956,0.2312986949088528
5-14A,10.0,275.0184,3.5917511281171572,0.40371901099645713
5-14A,10.0,275.0991,-0.02981996704225515,0.32758070140815687
5-14A,10.0,277.1207,-1.052012807794408,0.03763972615983313
5-14A,10.0,277.2169,-0.7966788818866922,0.512178504799779
5-14A,10.0,279.2331,-0.30734317141696815,0.040694818444317625
5-14A,10.0,282.0839,-1.0326334405647573,0.2574433295607396
5-14A,10.0,283.2063,-0.054510688858012565,0.10256737031182935
5-14A,10.0,285.0972,-1.1267568058144604,0.629574309858225
5-14A,10.0,287.0157,-0.3792272601833556,0.5754398082626329
5-14A,10.0,288.0725,3.5569838875472564,0.3931713448664452
5-14A,10.0,289.0333,0.1883225671463988,0.693561230398296
5-14A,10.0,289.1044,0.029078322891127696,0.43868483297031763
5-14A,10.0,290.9677,6.137226747148082,0.3871773274244019
5-14A,10.0,294.0479,0.49512360870312033,0.5397053803217768
5-14A,10.0,300.0509,0.3366953428431968,0.4862642640134826
5-14A,10.0,301.0333,-0.0557388717757791,1.1198992953201201
5-14A,10.0,303.2326,-0.14581658016002078,0.2361801532835038
5-14A,10.0,305.0207,-1.3409071742944578,0.05047365099906245
5-14A,10.0,306.0481,-0.4226143722840584,0.250076605904535
5-14A,10.0,306.0765,-0.27576152055877007,0.012597805758397794
5-14A,10.0,308.0986,-0.40057390091985584,0.07580676013806809
5-14A,10.0,313.0441,-0.08954254094343383,0.2263283999658619
5-14A,10.0,313.1037,1.4329476725942314,0.9449293355986101
5-14A,10.0,317.026,-0.6175309594885697,0.23211139782569792
5-14A,10.0,323.0256,-0.02711831074972202,0.17019877492478871
5-14A,10.0,325.1163,-0.3139761895961645,0.231457591741242
5-14A,10.0,328.0457,1.008671249217676,0.19662197605030876
5-14A,10.0,333.0589,1.6032483584431625,0.2299743656078959
5-14A,10.0,338.9884,0.8400426218314314,0.0425719631419548
5-14A,10.0,339.0928,-0.8223226532667687,0.30649445916729734
5-14A,10.0,341.1089,-0.5701933517460016,0.24204917095910808
5-14A,10.0,344.0393,0.4951635670963266,0.2930851423557799
5-14A,10.0,346.0556,-0.05490392286542803,0.17572292233253028
5-14A,10.0,348.087,-0.2685998720688547,0.11803540744541582
5-14A,10.0,353.0489,0.2225788895078119,0.12252528424454584
5-14A,10.0,357.089,0.33318184052479516,0.21344541723395785
5-14A,10.0,375.131,2.740626040020193,0.2100047815714989
5-14A,10.0,377.1496,-0.6081045410192158,0.3037479187287114
5-14A,10.0,383.1188,-0.9045947324652761,0.4026883816422422
5-14A,10.0,388.9416,6.191572929047379,1.246229279101258
5-14A,10.0,388.9442,5.991563852677192,1.2409491794899665
5-14A,10.0,401.0756,-1.2172097894412426,0.03769347181282796
5-14A,10.0,407.2795,-1.0379694710338496,0.06180444003934831
5-14A,10.0,421.0743,0.5197669980991473,0.9058100516606881
5-14A,10.0,426.0222,0.2741356259588727,0.4559430531232083
5-14A,10.0,442.9997,-0.10377918804627703,0.19794167246310235
5-14A,10.0,466.9657,-1.2299614674248456,0.12164543343815938
5-14A,10.0,490.9787,-0.7021757311621752,0.27315457343824207
5-14A,10.0,503.1614,-0.8906673828592837,0.4375278862784127
5-14A,10.0,547.0731,2.1365885490722136,0.2517755079153178
5-14A,10.0,565.0471,0.4377671443600005,0.4038356590756361
5-14A,10.0,578.8872,-1.2862534014331697,0.02218463594876239
5-14A,10.0,579.0269,-0.9341973126822324,0.04159767562374548
5-14A,10.0,612.2549,0.8535267853958582,0.46338836832057284
5-14A,10.0,624.2949,1.361343326207716,0.3571644154574966
5-14A,10.0,659.307,-0.6843175021529515,0.22644083478277935
5-14A,10.0,664.0939,0.009470010519549883,0.20219877138139394
5-14A,10.0,665.2144,0.6510841100065734,0.42118049660350676
5-14A,10.0,668.1374,1.8267933328350758,0.10450506024764784
5-14A,10.0,787.255,-0.7611713082799084,0.40478254320333784
5-14A,10.0,790.2568,-0.6357666384225955,0.20192015549855652
5-14A,10.0,835.0407,0.46083685238679145,0.2781051760531946
5-14A,10.0,863.2971,0.95251670736596,0.3394065528135211
5-14A,10.0,864.1473,0.38943159065320715,0.6534961477427379
5-14A,10.0,974.2935,0.615152528509814,0.8283961966494795
5-14A,10.0,976.7162,-1.3767669832141531,0.04612558153116122
5-14B,1.0,57.0342,0.2990360913490409,0.5011970048382195
5-14B,1.0,58.0295,-0.9772412033251878,0.07861153964418588
5-14B,1.0,59.0135,0.3089233196222404,0.1694140387872335
5-14B,1.0,71.0137,0.6906702580529194,0.15016328805106466
5-14B,1.0,73.0293,-0.9554793850232558,0.0031910548426114663
5-14B,1.0,74.0247,-0.6894774771174644,0.11704796425207062
5-14B,1.0,75.0087,-0.9435432254651673,0.274168301908896
5-14B,1.0,87.0088,-0.7138395083062754,0.010928406871761885
5-14B,1.0,87.0451,-0.2280321728531486,0.5141019501172235
5-14B,1.0,88.0403,-0.9203374643541999,0.015335740657889787
5-14B,1.0,88.9883,-0.34653297653311366,0.8520386411779115
5-14B,1.0,89.0244,-0.7720518663262738,0.09642573145879177
5-14B,1.0,93.0338,-0.08615180579227032,0.006760866005655055
5-14B,1.0,94.9761,-1.2386112221253571,0.18094553919909037
5-14B,1.0,94.9806,0.5839008614483354,0.09551620316777798
5-14B,1.0,95.0139,0.8124805039785803,0.1543937216983031
5-14B,1.0,101.0242,0.43665717589208985,0.12662056206187083
5-14B,1.0,102.056,-0.46537624550634954,0.061623057142475686
5-14B,1.0,103.0402,-0.9928662866235046,0.01919058641206796
5-14B,1.0,103.0509,-1.0081795271243856,0.047313286301373075
5-14B,1.0,104.0352,1.4686220378237098,0.19343682938700185
5-14B,1.0,105.0193,-0.9453959456831079,0.24660030014834136
5-14B,1.0,107.0503,-0.939472915275135,0.10652782511064371
5-14B,1.0,109.0295,-1.2228125583443417,0.06835265616333308
5-14B,1.0,111.02,-1.180074028779556,0.0020424386789233717
5-14B,1.0,112.0516,-0.9343909515556235,0.44469194981844157
5-14B,1.0,113.0244,0.5843259633480437,0.14756812857839285
5-14B,1.0,113.0357,-1.2282695829583585,0.030716037553898515
5-14B,1.0,114.056,3.1124292333462957,0.14239300096127852
5-14B,1.0,115.0037,-0.8333621890789173,0.026018333492816275
5-14B,1.0,115.0402,-1.2588260008961218,0.3054765150876614
5-14B,1.0,115.0764,-0.26874684307913915,0.3348812695425838
5-14B,1.0,116.0354,-0.9720467972844273,0.138479335485207
5-14B,1.0,116.0717,-0.6542947552810323,0.009373069904993073
5-14B,1.0,117.0194,-0.938372263882191,0.0018759671584561864
5-14B,1.0,118.0508,-0.8226849369068961,0.07562161637768586
5-14B,1.0,118.9804,0.8035115870400982,0.19569530328522552
5-14B,1.0,119.0503,-1.083832976181047,0.172333749460414
5-14B,1.0,120.9273,-0.2791404587756887,0.0807402953335918
5-14B,1.0,121.0295,-0.22653691780255936,0.36455821241122477
5-14B,1.0,121.0409,0.17225343542540705,0.5413104237277611
5-14B,1.0,122.0248,-1.9279319803064858,0.07990979243379479
5-14B,1.0,124.0075,0.28465246036342196,0.3802648832965379
5-14B,1.0,124.0144,-0.6785192721158455,0.13591780301729567
5-14B,1.0,125.0439,-1.6013291354822763,0.13793701706298223
5-14B,1.0,127.0764,0.6336073407978222,0.43127701569060506
5-14B,1.0,128.0354,-0.1681364111042774,0.013295906578415591
5-14B,1.0,129.0193,-1.2797882052804936,0.034560138568740774
5-14B,1.0,129.0556,0.02699147271652931,0.2827485054451454
5-14B,1.0,130.0142,-0.7069285968412953,0.09488265860754706
5-14B,1.0,130.0509,-1.031773693428243,0.0051780861688233756
5-14B,1.0,130.0874,-0.35287467703099695,0.022768252778053666
5-14B,1.0,131.0008,-0.9024623303715744,0.14208629365879072
5-14B,1.0,131.0123,-0.750955338422127,0.027216917638370534
5-14B,1.0,131.035,-0.4659511557274849,0.11877131688002714
5-14B,1.0,131.0462,0.16374968393325803,0.19954928963098895
5-14B,1.0,131.0828,1.3691921621322538,0.16046684510567089
5-14B,1.0,132.0302,-1.1669906117439433,0.008749402056112668
5-14B,1.0,133.0142,-0.40196382428233157,0.056083993354717566
5-14B,1.0,133.0257,-0.4861823788112517,0.0865356479629037
5-14B,1.0,133.0505,-1.329426800006679,0.0018616046108084643
5-14B,1.0,134.0472,-0.2564727470117109,0.19679478086915148
5-14B,1.0,134.0604,-1.5024404754949108,0.34160324197385705
5-14B,1.0,135.0302,0.009648228877900539,0.11938452884118755
5-14B,1.0,135.0453,-2.188662528251101,0.04557253999104241
5-14B,1.0,136.0404,-0.5994147805946767,0.06668366505910232
5-14B,1.0,136.0487,-2.1513056458087476,0.12152200995276323
5-14B,1.0,136.0767,-0.9292975764974101,0.6255046248419467
5-14B,1.0,137.0239,-0.3568016699098038,0.15196612699033446
5-14B,1.0,138.9789,-1.5221297190271184,0.24307970175124977
5-14B,1.0,139.0014,-0.389997560713104,0.01445795790078314
5-14B,1.0,139.0067,-0.7734505703594541,0.015185113665387207
5-14B,1.0,139.976,-1.4660974647163778,0.29784394620973614
5-14B,1.0,143.0713,0.6531119997461603,0.2945307518001198
5-14B,1.0,143.1077,-1.0174679714188084,0.18885921610809026
5-14B,1.0,145.0141,-0.14146436612713556,0.18161734440567845
5-14B,1.0,145.0506,-0.3274704247273714,0.09010976659051163
5-14B,1.0,145.0623,1.9972337303452088,0.5219956524981398
5-14B,1.0,145.0982,1.736016409504358,0.22073811427065654
5-14B,1.0,145.1106,1.1480246706519608,0.3954338721678583
5-14B,1.0,146.0459,-0.3915328556340647,0.009195254659263121
5-14B,1.0,147.0298,-0.9526304168566563,0.009766355877435651
5-14B,1.0,147.0662,-1.4268990261743477,0.006877029019764946
5-14B,1.0,149.0092,-0.006918171030483235,0.3723391527498682
5-14B,1.0,149.0456,-0.22877945541073724,0.15869793337565694
5-14B,1.0,149.0608,-1.106599137195979,0.2855073409786855
5-14B,1.0,150.0422,0.0553074508909024,0.8221097480273604
5-14B,1.0,150.9707,-0.15882976881852198,0.4674255766141798
5-14B,1.0,151.0259,-0.4409493163946083,0.11950364655704368
5-14B,1.0,151.04,-2.201560317845739,0.41788627358706704
5-14B,1.0,151.06,-0.5950362190237767,0.7405401965921854
5-14B,1.0,152.0353,-1.8277141619468287,0.2941000839314747
5-14B,1.0,152.0716,0.3475921003012761,0.2651119959093446
5-14B,1.0,153.0192,-0.406673632210567,0.07586724462406487
5-14B,1.0,154.062,0.6829913343249812,0.03626018074743449
5-14B,1.0,154.9751,-0.9741599363791825,0.011148228500150284
5-14B,1.0,155.0099,-1.1500203447496404,0.0026900799118580523
5-14B,1.0,157.0128,-1.0142788376060716,0.022859562861293394
5-14B,1.0,157.0255,-1.311044405209648,0.000584429322215263
5-14B,1.0,157.0379,-1.333779465895184,0.032417274869302924
5-14B,1.0,157.0504,-1.151852402801468,0.02439914592320156
5-14B,1.0,159.0297,-0.23712623505090355,0.12865607545752233
5-14B,1.0,159.0775,-1.1578343897595564,0.015815816905147054
5-14B,1.0,160.0616,-1.030315537685161,0.32592229129164785
5-14B,1.0,161.0453,-1.2589792456333582,0.17669524718017432
5-14B,1.0,162.0424,-1.531181351303962,0.0663451736506344
5-14B,1.0,163.0351,-1.227827629798524,0.11049946630871524
5-14B,1.0,163.0398,-0.10752250662682691,0.046633002626578775
5-14B,1.0,163.0611,-1.3833690110167627,0.405694618541346
5-14B,1.0,164.0716,0.051941847753517185,0.08439024966648745
5-14B,1.0,165.03,0.25620589243843056,0.32232805530253356
5-14B,1.0,165.0405,0.40148298373306884,0.3208618956868279
5-14B,1.0,165.0556,-0.9714109195835314,0.02921126942055693
5-14B,1.0,166.0508,-1.8249179827337714,0.25798800245591985
5-14B,1.0,166.0632,-1.7280978461042047,0.3659338708689928
5-14B,1.0,166.9759,-1.0020182579428598,0.1308579817822271
5-14B,1.0,167.0207,0.4179607365436824,0.5530446369470831
5-14B,1.0,167.0358,-1.0716889159849083,0.15895067362187307
5-14B,1.0,167.0828,-0.26920658921020396,0.705454576022379
5-14B,1.0,168.0277,-0.3500907980947715,0.042626218265615995
5-14B,1.0,168.0664,-0.6917924664592103,0.545106357754078
5-14B,1.0,170.0455,-0.8439864384880259,0.006151769309292094
5-14B,1.0,171.0065,-1.0192419438720963,0.11750693447464863
5-14B,1.0,171.0092,-0.9578920253819627,0.1819402771736428
5-14B,1.0,171.0284,-0.9042360423236395,0.017370680903520043
5-14B,1.0,172.0616,-1.497507599387288,0.10643709867282368
5-14B,1.0,172.962,-0.6409892888446697,0.03127744082598938
5-14B,1.0,173.0089,-0.8564562665095397,0.04412573074771532
5-14B,1.0,173.0453,-0.8466263251923654,0.12237974927368457
5-14B,1.0,173.0932,-0.6086440278440127,0.02914069391649081
5-14B,1.0,173.1041,1.5166055290436313,0.06599126323635808
5-14B,1.0,174.0407,-0.9811492393062984,0.0028346028115605695
5-14B,1.0,174.088,0.0623769605952831,0.1503050735477689
5-14B,1.0,175.022,-0.8052434884976177,0.23740497443960462
5-14B,1.0,175.0361,-1.2223495718897581,0.005706508120605739
5-14B,1.0,175.0611,-1.226485414070623,0.001707156397035004
5-14B,1.0,176.0776,-1.3533510612504396,0.1643028989287871
5-14B,1.0,177.0402,-0.18931371790604168,0.44274826252575206
5-14B,1.0,177.0553,-1.339975694192252,0.16051139304142945
5-14B,1.0,178.0509,-1.0527676863184845,0.024358667143251137
5-14B,1.0,179.0348,-1.806563402718794,0.11431419490823225
5-14B,1.0,179.0561,0.25390838752064226,0.12149554950535686
5-14B,1.0,180.0663,0.16584624169508436,0.0792096780459725
5-14B,1.0,181.0505,-1.3343086261371149,0.06301620137309533
5-14B,1.0,182.9725,0.7913214092410074,0.48025406437548135
5-14B,1.0,183.0661,-0.40121704184690377,0.6283353203134647
5-14B,1.0,184.0017,-0.2421661476530313,0.0885243778964119
5-14B,1.0,184.9856,-1.0591067945694357,0.10112830120560146
5-14B,1.0,186.1136,0.22940301615082642,0.45511450141648513
5-14B,1.0,187.0234,-0.4593551144770855,0.15116911917582382
5-14B,1.0,188.035,-0.24623627788917146,0.40106348822611165
5-14B,1.0,188.0565,-1.080456668985955,0.005183780942173177
5-14B,1.0,189.0405,0.9868222927763981,0.35395359854651803
5-14B,1.0,191.0197,-0.09725634960825241,0.15094876764740695
5-14B,1.0,191.0561,-0.8348392257586237,0.048453058519097696
5-14B,1.0,192.0663,-0.19251881550069772,0.48417970630465695
5-14B,1.0,193.0349,1.7519754239277157,0.6721038743049653
5-14B,1.0,194.0682,-1.0511610705974803,0.07573566692058749
5-14B,1.0,194.0822,-0.8437148434980262,0.42948125639203233
5-14B,1.0,195.0509,2.0298749990670317,0.21018871675211706
5-14B,1.0,195.0657,-0.4001692454573291,0.2995688056553284
5-14B,1.0,196.0603,0.59735915367316,0.07573983709562854
5-14B,1.0,198.0182,-0.4627274572346114,0.16666383019240807
5-14B,1.0,199.0019,-1.1069862220769466,0.2309438929431887
5-14B,1.0,200.9937,-0.2136048904111161,0.2347994281616299
5-14B,1.0,201.0051,-1.3565825099803943,0.15693817177122094
5-14B,1.0,203.0348,-0.7107865350508037,0.1681974823953969
5-14B,1.0,203.0826,-0.0777593900549946,0.008595761800288601
5-14B,1.0,204.0498,0.4552669814854984,1.1280773688630514
5-14B,1.0,205.0351,-0.9541992146609111,0.11184668345860764
5-14B,1.0,206.0822,-0.4640009197912567,0.434395059936549
5-14B,1.0,209.0292,0.1434189773034407,0.28068353814412733
5-14B,1.0,209.0814,1.5912114196057274,0.24756052157146216
5-14B,1.0,211.0235,-0.3946084480459743,0.2871182145694057
5-14B,1.0,211.9968,-1.0394716166612485,0.03449480592897686
5-14B,1.0,212.0331,2.171402774914757,0.11890588940282146
5-14B,1.0,212.9807,-0.860958666015551,0.031355051769494297
5-14B,1.0,213.014,-0.7998187869114781,0.08426467334278032
5-14B,1.0,213.0384,-0.43840284550546305,0.15913504414498789
5-14B,1.0,213.1252,0.9593663944001598,0.8810962297360209
5-14B,1.0,214.0488,-0.9287676213435336,1.0134058166914486
5-14B,1.0,215.0331,0.2581462865625114,0.10059002019957058
5-14B,1.0,216.1351,0.48232376618057565,0.25278613905225805
5-14B,1.0,218.0335,0.683775905516548,0.1123331864361754
5-14B,1.0,218.1034,-1.1392769775551512,0.009247407915296072
5-14B,1.0,220.0828,0.2399611796491089,0.3480100481579336
5-14B,1.0,221.0443,0.5787284924153253,0.10398746110789273
5-14B,1.0,221.0664,-0.6377224518858906,0.2821330134425997
5-14B,1.0,225.0399,-0.29591858535469434,0.6996992110269232
5-14B,1.0,225.0861,-1.303196352228036,0.2792664320964255
5-14B,1.0,225.0901,-0.8209000598867604,0.8983282828487369
5-14B,1.0,226.0135,-1.121172231127983,0.20793400905459425
5-14B,1.0,226.0697,0.6716641884957417,0.21302593643523737
5-14B,1.0,228.0501,0.263905327092586,0.9695196325986183
5-14B,1.0,229.0122,-1.1188128600754106,0.16750474295796372
5-14B,1.0,237.0614,-1.320969855205052,0.07413678799608299
5-14B,1.0,238.0945,3.496422969925333,0.5824142168579001
5-14B,1.0,240.0515,-1.4064863862618644,0.009228799808624472
5-14B,1.0,241.0844,-0.9471061963395457,0.4261752498417282
5-14B,1.0,242.0804,3.165697601736099,1.048306408064671
5-14B,1.0,243.029,-1.1682385808128743,0.24482958241178085
5-14B,1.0,243.0625,-0.11445015862020588,0.5440139021671583
5-14B,1.0,245.0444,-1.4399805746237289,0.1730229289152867
5-14B,1.0,246.0198,-1.1131041158911836,0.3019534753668617
5-14B,1.0,246.064,1.0712419993858884,0.155246162201401
5-14B,1.0,251.0816,1.0697178293457381,0.6865913108250883
5-14B,1.0,253.0119,-0.33940828024327196,0.004387383422261255
5-14B,1.0,253.0499,0.03810426351292959,0.5921552907192575
5-14B,1.0,257.0072,-0.59686280510649,0.16216792832489751
5-14B,1.0,257.1028,2.1271190393732353,0.5633042075072857
5-14B,1.0,259.005,-1.2505929724790916,0.24793647971647154
5-14B,1.0,259.0227,-0.2063594394588657,0.08900486400931422
5-14B,1.0,261.0385,-0.9199442351968445,0.09380655310819781
5-14B,1.0,266.0703,-0.8090342241139098,0.20434010295032126
5-14B,1.0,267.0724,-0.6148040790725893,0.019778637077640014
5-14B,1.0,268.02,0.31557409741239656,0.30239223905261703
5-14B,1.0,269.0398,-0.6154968001012227,0.036937213286485644
5-14B,1.0,271.0612,-0.4474619545556072,0.13990129849106445
5-14B,1.0,271.0815,0.9398214945952638,0.49928033339108
5-14B,1.0,273.0021,-0.9025011434096216,0.08768297579663543
5-14B,1.0,274.0933,-1.2125007493280073,0.037484704290333064
5-14B,1.0,275.0184,-1.2562014913745387,0.3181897845086019
5-14B,1.0,275.0991,-0.5175358328770128,0.21795189797889614
5-14B,1.0,277.1207,0.8423915888520895,0.13842646245397294
5-14B,1.0,277.2169,-0.4689503959225846,0.1059676757056745
5-14B,1.0,279.2331,0.13824333302035308,0.04348156400556461
5-14B,1.0,282.0839,1.3221684820315027,0.201000565651183
5-14B,1.0,283.2063,0.1637545081167155,0.20181496640439212
5-14B,1.0,285.0972,1.8491144556024381,0.2555799476985048
5-14B,1.0,287.0157,-0.1812046153894774,0.2965874500877804
5-14B,1.0,288.0725,-0.5867494159776455,0.15021447956910242
5-14B,1.0,289.0333,-0.05449222619303386,0.44622780125383726
5-14B,1.0,289.1044,-0.003017400648159349,0.5565160061653929
5-14B,1.0,290.9677,-0.3927814133476837,0.029825169785879544
5-14B,1.0,294.0479,0.9196784184780634,0.5279971778992636
5-14B,1.0,300.0509,1.6023599563800857,0.4798394625874875
5-14B,1.0,301.0333,0.35742336917678874,0.34389206509327236
5-14B,1.0,303.2326,-0.5554890301766624,0.49842145604893473
5-14B,1.0,305.0207,0.42011694174490816,0.2757430144539598
5-14B,1.0,306.0481,-1.1158694032362386,0.06393127194827695
5-14B,1.0,306.0765,-0.29339842479523964,0.013088175681458333
5-14B,1.0,308.0986,0.10491824875606434,0.060334115687209026
5-14B,1.0,313.0441,-0.2761737452370847,0.17481395279222506
5-14B,1.0,313.1037,-0.597941620401391,0.4557534342605491
5-14B,1.0,317.026,0.045381660180695255,0.6962960985045298
5-14B,1.0,323.0256,-0.1000544043798538,0.5289520071946492
5-14B,1.0,325.1163,-0.16276149114714306,0.5820319436962589
5-14B,1.0,328.0457,-0.6497077778839118,0.07470351284168433
5-14B,1.0,333.0589,-0.9971678828726678,0.1950055594167615
5-14B,1.0,338.9884,-0.8257443478788551,0.17414044754342142
5-14B,1.0,339.0928,1.2954139696880675,0.3431947927576674
5-14B,1.0,341.1089,1.0331264662809019,0.21619399478862927
5-14B,1.0,344.0393,-0.4530228927254394,0.21292396558444046
5-14B,1.0,346.0556,1.3829704248754706,0.2212807500245177
5-14B,1.0,348.087,-0.892786208336749,0.12666057507113165
5-14B,1.0,353.0489,1.2107059762152237,0.5735848409848922
5-14B,1.0,357.089,-0.1993903215860926,0.08531459806645172
5-14B,1.0,375.131,-0.10848092594513953,0.5104937487677209
5-14B,1.0,377.1496,1.860262893536338,0.7852654330185624
5-14B,1.0,383.1188,-0.28525468776401075,0.3196514169307778
5-14B,1.0,388.9416,-0.12513163213645928,0.46949329657582806
5-14B,1.0,388.9442,-0.4699233981179023,0.3948072021327201
5-14B,1.0,401.0756,0.7951062970915691,0.1585623594723073
5-14B,1.0,407.2795,1.5632407285331822,0.4485887500047657
5-14B,1.0,421.0743,0.6264989504096607,0.32257573687834057
5-14B,1.0,426.0222,1.0927961505547186,0.1271065055358951
5-14B,1.0,442.9997,0.06087980018348962,0.11467367992260363
5-14B,1.0,466.9657,0.11754695990840687,0.3141275931093716
5-14B,1.0,490.9787,0.4524869508970139,0.9747666554423979
5-14B,1.0,503.1614,-0.6233644714577807,0.31764154199166383
5-14B,1.0,547.0731,-1.355982397417582,0.02052052071276219
5-14B,1.0,565.0471,-1.1037445409763504,0.3470026360292477
5-14B,1.0,578.8872,0.8535784051974795,0.1408771113374229
5-14B,1.0,579.0269,1.4127334535315366,0.2173279305846753
5-14B,1.0,612.2549,-0.982140157699419,0.07577834005792763
5-14B,1.0,624.2949,-0.8155360468761139,0.30975490136385647
5-14B,1.0,659.307,-0.6616661086454936,0.21109932121342415
5-14B,1.0,664.0939,-0.5188895109526306,0.08831861864804896
5-14B,1.0,665.2144,-0.474674220222025,0.5890987984537125
5-14B,1.0,668.1374,-0.6163467205185897,0.00019405114415836102
5-14B,1.0,787.255,-0.7161503447966889,0.272698404848138
5-14B,1.0,790.2568,-0.21209193576509544,0.24108733091989587
5-14B,1.0,835.0407,-0.916184433962,0.1360847956013253
5-14B,1.0,863.2971,-0.705595473651435,0.08452351977894708
5-14B,1.0,864.1473,-1.1902905932333265,0.3985159660556925
5-14B,1.0,974.2935,-0.8202382214514261,0.1279259191649565
5-14B,1.0,976.7162,-0.04270333949937559,0.0824258604193248
5-14B,2.0,57.0342,0.8513380199495695,0.5616727353353888
5-14B,2.0,58.0295,-1.0045445939583473,0.34798228191909636
5-14B,2.0,59.0135,0.40377157920147333,0.43799138673492366
5-14B,2.0,71.0137,0.7219636138062768,0.34877033535853685
5-14B,2.0,73.0293,-0.950003965086008,0.010583130738950659
5-14B,2.0,74.0247,-0.37864948791226427,0.2535845777433257
5-14B,2.0,75.0087,-0.5861325473700345,0.5419115606357718
5-14B,2.0,87.0088,-0.6526331720428045,0.01044052671274686
5-14B,2.0,87.0451,0.4413648187062183,0.9274277497191006
5-14B,2.0,88.0403,-0.9262748699382557,0.00891102539736803
5-14B,2.0,88.9883,1.326205419518122,0.4345959694215086
5-14B,2.0,89.0244,-0.10655671711867115,0.18481736776111135
5-14B,2.0,93.0338,-0.060621290472897355,0.017945137840435207
5-14B,2.0,94.9761,-0.6692736280485335,0.3531944262488039
5-14B,2.0,94.9806,1.0312931458179087,0.46767791757066385
5-14B,2.0,95.0139,0.7636030965122749,0.465856681163442
5-14B,2.0,101.0242,1.0622923852446022,0.6411387643033511
5-14B,2.0,102.056,-0.541661007140867,0.06636856575368609
5-14B,2.0,103.0402,-0.9259572031597254,0.046142086089860174
5-14B,2.0,103.0509,-0.9218783801055772,0.09679719504816253
5-14B,2.0,104.0352,-0.3813156857486455,0.147061407686422
5-14B,2.0,105.0193,0.03635937937016188,0.5931500239531666
5-14B,2.0,107.0503,0.5211435593705309,0.9920741536750258
5-14B,2.0,109.0295,-0.6922960879272037,0.08649341165628015
5-14B,2.0,111.02,-0.9541742457362397,0.02543144575620844
5-14B,2.0,112.0516,-0.08682583052243717,0.5124264312914026
5-14B,2.0,113.0244,1.0008676858479615,0.22917790613560174
5-14B,2.0,113.0357,-0.9081731414588088,0.07125340071882552
5-14B,2.0,114.056,2.867589007221138,0.3409604371254697
5-14B,2.0,115.0037,-0.887451595630993,0.019692334612991212
5-14B,2.0,115.0402,-0.3682334343885315,0.8966808920471904
5-14B,2.0,115.0764,0.9344794113585209,1.1043708354111854
5-14B,2.0,116.0354,-0.7510147321165216,0.31784668853178216
5-14B,2.0,116.0717,-0.7864253344412633,0.005535717306491569
5-14B,2.0,117.0194,-0.9410124153543113,0.0018854027190455468
5-14B,2.0,118.0508,-1.1094305729441563,0.1185299071662344
5-14B,2.0,118.9804,0.8298265315406834,0.28186837110428237
5-14B,2.0,119.0503,-0.3565562191395304,0.29777329973536554
5-14B,2.0,120.9273,-0.34779745387689315,0.8192971651382965
5-14B,2.0,121.0295,0.6729436506334996,0.40928080065793326
5-14B,2.0,121.0409,1.1760789941021959,0.4390479953015186
5-14B,2.0,122.0248,-0.6976205670942395,0.2949683745380865
5-14B,2.0,124.0075,-0.03312643051344359,0.2089557599672431
5-14B,2.0,124.0144,0.16969316519156558,0.19808634710960307
5-14B,2.0,125.0439,-0.28205976837294383,0.23013324988952663
5-14B,2.0,127.0764,0.6681960886663102,0.7538170792843348
5-14B,2.0,128.0354,-0.35672819297635217,0.016196180696932443
5-14B,2.0,129.0193,-0.9760602025711689,0.05138510588556742
5-14B,2.0,129.0556,0.9893739038889704,0.8164994566045304
5-14B,2.0,130.0142,-0.5416116345403744,0.3273594938310154
5-14B,2.0,130.0509,-1.0495443866151475,0.00971080996766411
5-14B,2.0,130.0874,-0.970923520380314,0.10398023899801803
5-14B,2.0,131.0008,0.900813294772763,0.9941385887372963
5-14B,2.0,131.0123,-0.6850531095394017,0.03883209256673406
5-14B,2.0,131.035,1.044835700912543,0.33072315414461706
5-14B,2.0,131.0462,0.995465171639387,0.17984502044138692
5-14B,2.0,131.0828,-0.29576550620689235,0.18894360333977278
5-14B,2.0,132.0302,-1.1095784092438206,0.012513144706557757
5-14B,2.0,133.0142,-0.5062017116871507,0.05016763306592113
5-14B,2.0,133.0257,-0.5715671567564238,0.04097271212789441
5-14B,2.0,133.0505,-1.1264344069572045,0.00842445202471866
5-14B,2.0,134.0472,-0.9063043148563823,0.26916841695734844
5-14B,2.0,134.0604,-1.1542763731475238,0.28665243401171736
5-14B,2.0,135.0302,-0.8590542046633242,0.1838921759656382
5-14B,2.0,135.0453,-1.433083779419059,0.14277571329470415
5-14B,2.0,136.0404,-0.414265327553908,0.024536390499249532
5-14B,2.0,136.0487,-1.500392911774859,0.10485255238754539
5-14B,2.0,136.0767,1.1907212656056432,0.511674127624932
5-14B,2.0,137.0239,0.10270274107817093,0.3567383841203975
5-14B,2.0,138.9789,1.5398314837633345,0.25367959840637133
5-14B,2.0,139.0014,-0.3440040760308587,0.05928884915510321
5-14B,2.0,139.0067,-0.6992694947338868,0.03449888237807149
5-14B,2.0,139.976,0.7846014146628558,0.5838731980288439
5-14B,2.0,143.0713,1.7894117115181958,0.8180541460373266
5-14B,2.0,143.1077,0.8226823321608948,0.12748508238844397
5-14B,2.0,145.0141,-0.1262935985559054,0.050973005526627944
5-14B,2.0,145.0506,-0.7103016339798616,0.10655709147947363
5-14B,2.0,145.0623,-0.7950760735610074,0.15977135946684193
5-14B,2.0,145.0982,0.2835641822230516,0.4109455348275923
5-14B,2.0,145.1106,0.3355980271228223,0.3735418948170981
5-14B,2.0,146.0459,-0.3976772853820294,0.004732542097231716
5-14B,2.0,147.0298,-0.9200723468727763,0.016479711716296443
5-14B,2.0,147.0662,-1.1621442103162267,0.014442760609276541
5-14B,2.0,149.0092,1.4586024190192828,0.2745209206440502
5-14B,2.0,149.0456,1.2942099779703442,0.489397213312622
5-14B,2.0,149.0608,1.2954628735944085,0.5634765204307254
5-14B,2.0,150.0422,-0.6562015292435333,0.8084587545124082
5-14B,2.0,150.9707,-0.7056805545251408,0.5601132072972307
5-14B,2.0,151.0259,-0.6020228248816368,0.0922839528994697
5-14B,2.0,151.04,0.40996016406290725,0.4562913104828031
5-14B,2.0,151.06,0.031986352182946154,0.6242515461184146
5-14B,2.0,152.0353,0.57022917586998,0.3442310225628276
5-14B,2.0,152.0716,1.6024038014315325,0.38880140917346345
5-14B,2.0,153.0192,0.0031490714967332837,0.09785431054456491
5-14B,2.0,154.062,-0.2852091089250267,0.10300025601076769
5-14B,2.0,154.9751,-1.014954100608608,0.014344743398791531
5-14B,2.0,155.0099,-0.9205596813134822,0.020146059947044204
5-14B,2.0,157.0128,-0.869257939961839,0.03546922663729803
5-14B,2.0,157.0255,-1.111105297027351,0.020916083321573093
5-14B,2.0,157.0379,-1.066794564531589,0.07476664093828823
5-14B,2.0,157.0504,-1.0324762595473633,0.03273838627270864
5-14B,2.0,159.0297,0.9998431200447138,0.20258287687635887
5-14B,2.0,159.0775,-1.104022501680814,0.04575463022196902
5-14B,2.0,160.0616,-0.8881607847985649,0.40410567927097196
5-14B,2.0,161.0453,1.0365120519404987,0.22657816518199986
5-14B,2.0,162.0424,-1.2702085595809107,0.1718546179794843
5-14B,2.0,163.0351,-1.0713943901551888,0.12987890192750992
5-14B,2.0,163.0398,0.19773024852178342,0.046120818445528
5-14B,2.0,163.0611,-0.5317485854618489,0.7879902607870631
5-14B,2.0,164.0716,-0.4582464608978236,0.09860798681350022
5-14B,2.0,165.03,0.223122913953197,0.5393897198561967
5-14B,2.0,165.0405,1.1709539529391584,0.29403453145025304
5-14B,2.0,165.0556,-0.49910366254793104,0.12792661436810782
5-14B,2.0,166.0508,-1.0418843494419572,0.23614743966448123
5-14B,2.0,166.0632,-0.1563031779642859,0.5803314582310339
5-14B,2.0,166.9759,-0.8937803666099473,0.2901138263375303
5-14B,2.0,167.0207,0.08852678805959988,0.26673246829845404
5-14B,2.0,167.0358,1.7318018225988407,0.4912254441175836
5-14B,2.0,167.0828,0.4351852788700232,0.47346207825755926
5-14B,2.0,168.0277,-0.42142582326919464,0.02475354333037667
5-14B,2.0,168.0664,0.8423482483237335,0.5938969843786595
5-14B,2.0,170.0455,-0.83605845863002,0.012071686153834636
5-14B,2.0,171.0065,-0.7990755745293661,0.17431823407711244
5-14B,2.0,171.0092,-0.9735898969379417,0.10754714006973848
5-14B,2.0,171.0284,-0.8120500434303377,0.0386360793042911
5-14B,2.0,172.0616,-1.1769385728696118,0.18852015220159238
5-14B,2.0,172.962,-0.4677212664923286,0.08438144413056274
5-14B,2.0,173.0089,-0.7714953488751779,0.16887082341338863
5-14B,2.0,173.0453,-0.34353236750036154,0.20086035422857354
5-14B,2.0,173.0932,-0.8329889868987994,0.032595663554086746
5-14B,2.0,173.1041,-0.035227649887314874,0.39309764738581054
5-14B,2.0,174.0407,-0.9804277403659105,0.002418986259864227
5-14B,2.0,174.088,-0.8677265319402487,0.14743767752623158
5-14B,2.0,175.022,-0.7730424769631721,0.14535147083494687
5-14B,2.0,175.0361,-1.1150516052246982,0.014440025006700484
5-14B,2.0,175.0611,-1.1498056314174447,0.01670016147252415
5-14B,2.0,176.0776,-1.013776501564339,0.33470747433006354
5-14B,2.0,177.0402,0.8451477449630534,0.3289731920116683
5-14B,2.0,177.0553,0.08868386114189811,0.6037774753229541
5-14B,2.0,178.0509,-1.0319360656987961,0.019589828350146846
5-14B,2.0,179.0348,-0.7263581592113855,0.11248974251142893
5-14B,2.0,179.0561,1.8531898091333963,0.3816781731691911
5-14B,2.0,180.0663,2.0139200663763352,0.4065015200165531
5-14B,2.0,181.0505,-0.6493779501076331,0.7616381493806748
5-14B,2.0,182.9725,0.8693789143205368,0.11631072600227735
5-14B,2.0,183.0661,1.2663018180125454,0.43205579799948
5-14B,2.0,184.0017,-0.48249217969151376,0.10451259236226129
5-14B,2.0,184.9856,-0.4577256758445034,0.07894306571017135
5-14B,2.0,186.1136,1.02831855997675,0.860700445663849
5-14B,2.0,187.0234,-0.7961938591118034,0.40141931478683596
5-14B,2.0,188.035,-1.1051994762634236,0.42214395488763784
5-14B,2.0,188.0565,-0.9398167114662982,0.01812411853856996
5-14B,2.0,189.0405,0.7148751038036523,0.285373283275538
5-14B,2.0,191.0197,-0.8553084600706966,0.07466133154583292
5-14B,2.0,191.0561,-0.9944423755149427,0.045061039568789096
5-14B,2.0,192.0663,-0.006993681304385329,0.24740364999627504
5-14B,2.0,193.0349,-0.263447472428813,0.344910079182991
5-14B,2.0,194.0682,-1.0707077151862492,0.18796456926933403
5-14B,2.0,194.0822,1.2703994617675236,0.7330279368352758
5-14B,2.0,195.0509,0.4865853715409978,0.10340499345822245
5-14B,2.0,195.0657,0.4367152384428693,0.5644810102256094
5-14B,2.0,196.0603,-0.16707742223574426,0.29356176601004924
5-14B,2.0,198.0182,-0.6320374635684628,0.3738119388348974
5-14B,2.0,199.0019,-0.011328366909197016,0.23034880158261378
5-14B,2.0,200.9937,1.0495967008913099,0.6698346013390614
5-14B,2.0,201.0051,-1.1770158395376404,0.2808488796390639
5-14B,2.0,203.0348,0.08862232749236146,0.3386076261378007
5-14B,2.0,203.0826,-0.07492323733519851,0.008735480795481776
5-14B,2.0,204.0498,0.8076786973067402,0.8820958247763212
5-14B,2.0,205.0351,-1.1559661696122825,0.13707067918878246
5-14B,2.0,206.0822,0.31698571961143895,0.8242525470910093
5-14B,2.0,209.0292,-0.5244823295514793,0.4361326604362324
5-14B,2.0,209.0814,0.8862772549466411,0.5636677102665987
5-14B,2.0,211.0235,-0.43097980313732076,0.2868042871318526
5-14B,2.0,211.9968,-1.0775739418282981,0.03851611476113659
5-14B,2.0,212.0331,1.0036318628243086,0.523408288822006
5-14B,2.0,212.9807,-0.711250049101416,0.08320870430210965
5-14B,2.0,213.014,-0.8841859709634321,0.21824749793198706
5-14B,2.0,213.0384,-0.6397056559272927,0.2484541589216504
5-14B,2.0,213.1252,0.3386999449078052,0.514825676548969
5-14B,2.0,214.0488,-0.1178053779813456,0.4048286382478965
5-14B,2.0,215.0331,0.8063616367939893,0.33542704400510465
5-14B,2.0,216.1351,0.20163655870312824,0.2593524833771942
5-14B,2.0,218.0335,0.7017210171412074,0.2734130569984228
5-14B,2.0,218.1034,-1.138218103979503,0.062330523948883054
5-14B,2.0,220.0828,-0.0008073460249878595,0.9848308193361408
5-14B,2.0,221.0443,0.8419974360380214,0.053374542632956
5-14B,2.0,221.0664,0.5599448311401657,0.6706520606240304
5-14B,2.0,225.0399,0.08862697929472524,0.7282129735974976
5-14B,2.0,225.0861,1.0383199993917687,0.41810305181706847
5-14B,2.0,225.0901,0.5696089725083519,1.005401340427555
5-14B,2.0,226.0135,-0.14655684150290835,0.39444045181582055
5-14B,2.0,226.0697,0.30683014112800955,0.17011444327977007
5-14B,2.0,228.0501,-0.6970607128662296,0.3202540236714905
5-14B,2.0,229.0122,-0.9282814392708657,0.11613003766104919
5-14B,2.0,237.0614,-1.1293604707708385,0.09306098415570634
5-14B,2.0,238.0945,0.7581507569180326,0.22738558375883147
5-14B,2.0,240.0515,-1.3075214251782552,0.02661477881034975
5-14B,2.0,241.0844,-0.9642535532104042,0.6526149980040205
5-14B,2.0,242.0804,-0.07883532692279607,0.31450237778092194
5-14B,2.0,243.029,-0.03274092757718322,0.7334735385295733
5-14B,2.0,243.0625,-1.308479734877698,0.4014209227690527
5-14B,2.0,245.0444,-0.9913266453392411,0.31233407452139883
5-14B,2.0,246.0198,0.3047733517619588,0.07843355397687103
5-14B,2.0,246.064,0.6334679636886733,0.6152511098548661
5-14B,2.0,251.0816,0.632127025160965,1.3971480146883966
5-14B,2.0,253.0119,0.1753281053033231,0.03394379776171756
5-14B,2.0,253.0499,0.3259397747990816,0.710613810098583
5-14B,2.0,257.0072,-0.3596412761686602,0.6894548692272355
5-14B,2.0,257.1028,1.5012567081584365,0.3840219377015138
5-14B,2.0,259.005,-0.10069660630717137,0.21966762470998816
5-14B,2.0,259.0227,0.5835062705632856,0.3328401242527189
5-14B,2.0,261.0385,0.051664278135797936,0.43834099319694925
5-14B,2.0,266.0703,-0.643869138265065,0.3471359833707414
5-14B,2.0,267.0724,-0.7156996145806287,0.010375780714551733
5-14B,2.0,268.02,0.01550630637794298,0.8977142248759223
5-14B,2.0,269.0398,-0.7656714427628797,0.17234004289074087
5-14B,2.0,271.0612,-0.11518451130666676,0.4769443096700171
5-14B,2.0,271.0815,1.1062616736612687,0.3276339578334946
5-14B,2.0,273.0021,-0.8024239996204778,0.22254129905003228
5-14B,2.0,274.0933,-1.0563150962265708,0.12663272135686174
5-14B,2.0,275.0184,-0.1039975055760639,0.8780958837061377
5-14B,2.0,275.0991,-0.9451356277738877,0.12406103432571552
5-14B,2.0,277.1207,1.9226447198254488,0.37068902153120276
5-14B,2.0,277.2169,0.7580099516207741,0.5121270591647349
5-14B,2.0,279.2331,-0.31463176093143436,0.028294975099854746
5-14B,2.0,282.0839,-0.1309240368280264,0.4824845191066722
5-14B,2.0,283.2063,-0.06606318693359803,0.1587282406203367
5-14B,2.0,285.0972,0.2449672734778522,0.26934548000236297
5-14B,2.0,287.0157,1.5615143099415414,0.30217757866046985
5-14B,2.0,288.0725,-0.3990521322920701,0.08573468104522453
5-14B,2.0,289.0333,-0.5089545408910168,0.39300501441909563
5-14B,2.0,289.1044,-0.7267583314461485,0.3131350019767074
5-14B,2.0,290.9677,-0.1488726933190877,0.19649265129220508
5-14B,2.0,294.0479,1.2861663148084514,0.6786773820068424
5-14B,2.0,300.0509,0.17380228893696853,0.5101819917126295
5-14B,2.0,301.0333,0.17324261116178863,0.6767964826457593
5-14B,2.0,303.2326,0.7867327225719972,1.2028523702377418
5-14B,2.0,305.0207,1.6736613976536479,0.3466385536477394
5-14B,2.0,306.0481,-1.1335707665213297,0.06296083903500271
5-14B,2.0,306.0765,-0.3119768007881044,0.022897220525368682
5-14B,2.0,308.0986,-0.2425067960435311,0.06106474370105547
5-14B,2.0,313.0441,-0.6680992742537516,0.3539370424726147
5-14B,2.0,313.1037,-0.8423725754276101,0.5874734502592689
5-14B,2.0,317.026,-0.9127498192008603,0.6826543588940719
5-14B,2.0,323.0256,1.1814701638265,0.3168503172273277
5-14B,2.0,325.1163,-0.43132992796304315,0.4466543315812574
5-14B,2.0,328.0457,-0.8589192824421167,0.09628798403008902
5-14B,2.0,333.0589,-0.7147812504388926,0.33496875800474707
5-14B,2.0,338.9884,-0.6250115569160702,0.7977744991120446
5-14B,2.0,339.0928,0.24657199463056742,0.8576142491105584
5-14B,2.0,341.1089,-0.23697679557407395,0.3939032815186752
5-14B,2.0,344.0393,-0.37171837589251855,0.28964756913823786
5-14B,2.0,346.0556,-0.4129227320142444,0.2775943639641187
5-14B,2.0,348.087,-1.1025766319002712,0.169548289156589
5-14B,2.0,353.0489,-1.0969185979652194,0.4535680254077225
5-14B,2.0,357.089,-0.9245078038447628,0.15333359086404247
5-14B,2.0,375.131,-0.3288000671020861,0.38259631479262257
5-14B,2.0,377.1496,-0.3992866222820656,0.6434345976401915
5-14B,2.0,383.1188,-0.0038936486150060482,0.07825851513284157
5-14B,2.0,388.9416,0.056966183663263836,0.44928238393439685
5-14B,2.0,388.9442,-0.2811088596042549,0.45344967126911356
5-14B,2.0,401.0756,0.7894871310959914,0.26054130029004785
5-14B,2.0,407.2795,0.0003011617274632089,0.1816968711217367
5-14B,2.0,421.0743,-0.151794223960809,0.357800922649726
5-14B,2.0,426.0222,-0.3189638869651107,0.40663549366877827
5-14B,2.0,442.9997,0.3534793959924826,0.3004930229405088
5-14B,2.0,466.9657,1.8894999377472406,0.3374550703047116
5-14B,2.0,490.9787,-0.07433588964383431,0.4454288296629919
5-14B,2.0,503.1614,0.6833836143468943,0.6772511669043091
5-14B,2.0,547.0731,-1.1454150192928756,0.05881954386398015
5-14B,2.0,565.0471,-0.7890313802649593,0.2526672356702987
5-14B,2.0,578.8872,0.6246352894974763,0.14528859091956323
5-14B,2.0,579.0269,-0.059370584518788,0.11223034260713723
5-14B,2.0,612.2549,-0.8443296491077027,0.40616459666485405
5-14B,2.0,624.2949,-0.5392975609123729,0.44605151640020113
5-14B,2.0,659.307,3.7458420400356913,0.6704047184751278
5-14B,2.0,664.0939,0.23347033996498,0.40869406423724836
5-14B,2.0,665.2144,-0.22534911285293185,0.5016104954262958
5-14B,2.0,668.1374,-0.6163228769184351,0.00016293126772352383
5-14B,2.0,787.255,2.623529738034911,0.868510588063126
5-14B,2.0,790.2568,3.465998661238659,0.7811791785096964
5-14B,2.0,835.0407,-0.5810421532860397,0.12149164718610056
5-14B,2.0,863.2971,-0.5960269831850848,0.12823811577111957
5-14B,2.0,864.1473,3.5197597758685717,0.7350268310707841
5-14B,2.0,974.2935,0.036732010676846616,0.15400627456209046
5-14B,2.0,976.7162,2.320604320500677,0.31784315044108274
5-14B,3.0,57.0342,0.6194996522463244,0.5330892503187789
5-14B,3.0,58.0295,-0.8668141567644101,0.1094066504118989
5-14B,3.0,59.0135,0.2635963770490191,0.36869645552107094
5-14B,3.0,71.0137,0.5523309662643567,0.1337886053128989
5-14B,3.0,73.0293,-0.9360772892002369,0.011357149978218808
5-14B,3.0,74.0247,0.3653323443143762,0.8490905638110896
5-14B,3.0,75.0087,-0.6949595166618219,0.3945065234359634
5-14B,3.0,87.0088,-0.6817215518693384,0.015552016141931028
5-14B,3.0,87.0451,0.4783356985747691,0.6209857054579669
5-14B,3.0,88.0403,-0.8736495421839228,0.014135504083419891
5-14B,3.0,88.9883,-0.5933468258907333,0.2473849571023932
5-14B,3.0,89.0244,-0.5882156197624051,0.0397081470792736
5-14B,3.0,93.0338,-0.07009060045815659,0.020273059679781526
5-14B,3.0,94.9761,-0.7320682985851747,0.16369362697558415
5-14B,3.0,94.9806,0.5207451723243474,0.2931683835834119
5-14B,3.0,95.0139,0.6608266301276463,0.3846677384185309
5-14B,3.0,101.0242,0.47060740201561324,0.40475550888467776
5-14B,3.0,102.056,-0.36045049325416956,0.053059018112497275
5-14B,3.0,103.0402,-0.9016463853629091,0.03209382993711136
5-14B,3.0,103.0509,-0.875174229954222,0.1038389789179161
5-14B,3.0,104.0352,0.8708131519353907,0.46159221195372346
5-14B,3.0,105.0193,0.3090797722850566,0.489063803703598
5-14B,3.0,107.0503,-0.7610216232591726,0.46093438921529006
5-14B,3.0,109.0295,-0.4604511005729996,0.10000109435683889
5-14B,3.0,111.02,-0.4653834606576488,0.06250854894326642
5-14B,3.0,112.0516,0.22954885392846985,0.5192550021922653
5-14B,3.0,113.0244,0.7099886389186751,0.1161710558274443
5-14B,3.0,113.0357,-0.5087396609527546,0.03928799742812892
5-14B,3.0,114.056,2.694383782864095,0.2335761762957862
5-14B,3.0,115.0037,-0.7900122296727083,0.027631482956995145
5-14B,3.0,115.0402,-0.12203875000986421,0.5244717958669447
5-14B,3.0,115.0764,0.7490824538180494,0.3293245816594401
5-14B,3.0,116.0354,0.43703261816097183,0.44943895448249904
5-14B,3.0,116.0717,-0.7604345833599238,0.0275398666902752
5-14B,3.0,117.0194,-0.921668097683133,0.0016941211562184432
5-14B,3.0,118.0508,-0.3885185306679455,0.17199599100234894
5-14B,3.0,118.9804,0.665728038514301,0.09720577965935505
5-14B,3.0,119.0503,-0.46781778620589765,0.08466191252770465
5-14B,3.0,120.9273,0.2644167000690245,0.25236209255500464
5-14B,3.0,121.0295,0.1970546540118826,0.4360128753519579
5-14B,3.0,121.0409,0.7261411338317055,0.7770006342840475
5-14B,3.0,122.0248,0.3379386001183766,0.31842307337238324
5-14B,3.0,124.0075,0.07498391380549005,0.2791471180768632
5-14B,3.0,124.0144,0.9076761153458273,0.264935639934473
5-14B,3.0,125.0439,0.8495443686521473,0.18775324857247308
5-14B,3.0,127.0764,0.4542148518527831,0.38679393598187894
5-14B,3.0,128.0354,-0.22528158005728116,0.0568711908387552
5-14B,3.0,129.0193,-0.6610629267454466,0.07558514153220915
5-14B,3.0,129.0556,-0.2860823807600574,0.4347480090292502
5-14B,3.0,130.0142,-0.5464823249374553,0.34041947702601183
5-14B,3.0,130.0509,-0.9817825490561123,0.02120132311662734
5-14B,3.0,130.0874,-0.7933656608407672,0.14463059866297293
5-14B,3.0,131.0008,-0.9166408453959765,0.1457123787359394
5-14B,3.0,131.0123,-0.6175064083202392,0.031456990639433614
5-14B,3.0,131.035,0.9536988714409161,0.23391578641106725
5-14B,3.0,131.0462,0.9828906394278473,0.16538661037649255
5-14B,3.0,131.0828,0.5548007508118773,0.34729727711846503
5-14B,3.0,132.0302,-0.8291406353655262,0.017730504566508303
5-14B,3.0,133.0142,-0.36262975152422183,0.06191806385116581
5-14B,3.0,133.0257,-0.376440611911831,0.06546079767964903
5-14B,3.0,133.0505,-0.9020125016146512,0.034847817365536354
5-14B,3.0,134.0472,-1.006278402217101,0.08246707266937592
5-14B,3.0,134.0604,-0.6075116208695858,0.383441875474934
5-14B,3.0,135.0302,-0.7374410871508388,0.07848451279348441
5-14B,3.0,135.0453,-0.8686520192175372,0.07458193013637994
5-14B,3.0,136.0404,-0.34128615555797814,0.0658129536078368
5-14B,3.0,136.0487,-1.111560029002034,0.19200860307847084
5-14B,3.0,136.0767,0.523113906984523,0.3576104514100175
5-14B,3.0,137.0239,-0.3074935686966346,0.065263818509746
5-14B,3.0,138.9789,-0.4511377634778968,0.2212911996161675
5-14B,3.0,139.0014,-0.3438127083404551,0.06576317247079684
5-14B,3.0,139.0067,-0.75217831186481,0.038135666798961666
5-14B,3.0,139.976,-1.17528394498584,0.23244043529387898
5-14B,3.0,143.0713,0.5976079146596028,0.4942888679701297
5-14B,3.0,143.1077,-0.27257356334096905,0.2592119971516654
5-14B,3.0,145.0141,-0.24133858597106747,0.07984776612140092
5-14B,3.0,145.0506,-0.4734034425516858,0.22378622598750875
5-14B,3.0,145.0623,-0.3101910887609025,0.22145194513993532
5-14B,3.0,145.0982,0.18102287216476454,0.4411002080537295
5-14B,3.0,145.1106,0.24502343510774946,0.3689015057103943
5-14B,3.0,146.0459,-0.12120106056592893,0.02796819102440045
5-14B,3.0,147.0298,-0.795857354559568,0.017186281587392334
5-14B,3.0,147.0662,-0.8207160954485551,0.03897069895560972
5-14B,3.0,149.0092,0.43336081630385315,0.3853457515116887
5-14B,3.0,149.0456,0.5797687993998347,0.1783949652323319
5-14B,3.0,149.0608,0.0428348567976783,0.2989887970636615
5-14B,3.0,150.0422,-0.29646471279496595,0.620010689415612
5-14B,3.0,150.9707,-0.5222955478380269,0.4997547505129425
5-14B,3.0,151.0259,-0.5109204321578701,0.08434837343767965
5-14B,3.0,151.04,-0.07146435067909185,0.3272564496545868
5-14B,3.0,151.06,-0.14932137925032313,0.642162987305703
5-14B,3.0,152.0353,-0.8145642386046663,0.2162208448118983
5-14B,3.0,152.0716,0.7304204809446743,0.5432838498104995
5-14B,3.0,153.0192,0.3294431230806027,0.14605158453168401
5-14B,3.0,154.062,0.320558562452053,0.22603786511993607
5-14B,3.0,154.9751,-0.9538849193878374,0.008824250345754937
5-14B,3.0,155.0099,-0.35927072941001725,0.060246353757585885
5-14B,3.0,157.0128,-0.7307330534456666,0.04698942474530854
5-14B,3.0,157.0255,-0.6459783771691073,0.031921164897840255
5-14B,3.0,157.0379,-0.621115762612569,0.031386394271768384
5-14B,3.0,157.0504,-0.9311866255164765,0.0442700594633208
5-14B,3.0,159.0297,1.0956143842419503,0.4039319235668972
5-14B,3.0,159.0775,-0.9377626257993863,0.026752446396114734
5-14B,3.0,160.0616,-0.2923306324356043,0.37886173189601147
5-14B,3.0,161.0453,0.5794867489543483,0.15303888552615055
5-14B,3.0,162.0424,-0.7680091475439412,0.06426409254758492
5-14B,3.0,163.0351,-0.8218049963520597,0.125448664354808
5-14B,3.0,163.0398,0.6252504560051233,0.1677678385432578
5-14B,3.0,163.0611,0.045155573785028415,0.5037690475642099
5-14B,3.0,164.0716,-0.32009682060167655,0.09546610153663644
5-14B,3.0,165.03,-0.3538442308292764,0.7349480062257172
5-14B,3.0,165.0405,-0.8731953283727023,0.19616966793920396
5-14B,3.0,165.0556,-0.7134796996421053,0.09241663852083186
5-14B,3.0,166.0508,-0.5961433727441521,0.2376359263866603
5-14B,3.0,166.0632,0.27664625158323664,0.8463930722748317
5-14B,3.0,166.9759,-0.6782457829991915,0.2696394300862366
5-14B,3.0,167.0207,-0.18766531016442892,0.1098848184227325
5-14B,3.0,167.0358,-0.0924392022661567,0.1362658281180378
5-14B,3.0,167.0828,1.1384967913243602,1.1315107970090523
5-14B,3.0,168.0277,-0.18885927590668722,0.01864249660529735
5-14B,3.0,168.0664,0.6484696110966508,0.349337118161853
5-14B,3.0,170.0455,-0.7877657356092533,0.015160159489245168
5-14B,3.0,171.0065,-0.9903067161831471,0.23863532960283737
5-14B,3.0,171.0092,-1.0030234061054024,0.2902358304384726
5-14B,3.0,171.0284,-0.7368809367746078,0.035690414683876834
5-14B,3.0,172.0616,-0.9474990478418395,0.1510396059967269
5-14B,3.0,172.962,-0.5696010831034836,0.08426899868695693
5-14B,3.0,173.0089,-0.8787692347771499,0.16436827544190752
5-14B,3.0,173.0453,-0.26049208908254506,0.2214235335286702
5-14B,3.0,173.0932,-0.840773827749281,0.03660707608378389
5-14B,3.0,173.1041,-0.521763582881432,0.24819723840589702
5-14B,3.0,174.0407,-0.9125782252805992,0.0014814316060504252
5-14B,3.0,174.088,-0.60360207884972,0.33723103288725675
5-14B,3.0,175.022,-0.7301795920444116,0.07130007826100676
5-14B,3.0,175.0361,-0.8396699140676037,0.026028649097252807
5-14B,3.0,175.0611,-0.9742127064708612,0.025235613873430967
5-14B,3.0,176.0776,-0.8283895914827126,0.11340165197979286
5-14B,3.0,177.0402,0.40550730335275276,0.337621605540149
5-14B,3.0,177.0553,0.047048284714152094,0.20137631171057965
5-14B,3.0,178.0509,-0.7997454178928338,0.02162267598161176
5-14B,3.0,179.0348,-0.29687896600964475,0.1777351512307975
5-14B,3.0,179.0561,0.5652009818904694,0.1569776979064565
5-14B,3.0,180.0663,0.5188440925742507,0.11362473043330416
5-14B,3.0,181.0505,-0.855109894863352,0.15954704359330302
5-14B,3.0,182.9725,0.7721181961462712,0.16481095472337468
5-14B,3.0,183.0661,0.4386125852172128,0.09557132807459048
5-14B,3.0,184.0017,-0.1140097358026301,0.06899733262531817
5-14B,3.0,184.9856,-0.5912955874770937,0.180565855345034
5-14B,3.0,186.1136,0.5052023108425854,0.23421354574988626
5-14B,3.0,187.0234,-1.0782893251823382,0.700943556890779
5-14B,3.0,188.035,0.01631473746295843,0.3737506251999728
5-14B,3.0,188.0565,-0.4693961648307112,0.06956875027138469
5-14B,3.0,189.0405,1.9879683308596487,0.3386174186835266
5-14B,3.0,191.0197,-0.8257749567773016,0.12631867761910565
5-14B,3.0,191.0561,-0.781451027918806,0.06318013032260116
5-14B,3.0,192.0663,0.6494798704671817,0.8185438827006627
5-14B,3.0,193.0349,-0.07373760251461281,0.33062781309830525
5-14B,3.0,194.0682,-0.5524943470188892,0.25268705887325865
5-14B,3.0,194.0822,0.4457016736143918,0.6648845907774957
5-14B,3.0,195.0509,0.41015843324775464,0.12032643860261229
5-14B,3.0,195.0657,-0.6359149200446468,0.15781314214329217
5-14B,3.0,196.0603,0.5065091128950527,0.25156851857785967
5-14B,3.0,198.0182,-0.52169114103247,0.3734273749934747
5-14B,3.0,199.0019,-0.9552733551815641,0.2805174717450194
5-14B,3.0,200.9937,0.2952643869942362,0.1872737669556845
5-14B,3.0,201.0051,-0.23050873782656706,0.2857993905612229
5-14B,3.0,203.0348,-0.2652860090221936,0.3606243843575363
5-14B,3.0,203.0826,-0.0686776669841582,0.014440817907367997
5-14B,3.0,204.0498,-0.09876695235710872,0.49954797832341596
5-14B,3.0,205.0351,-1.1118451401511718,0.2097565485501301
5-14B,3.0,206.0822,0.5533261790746631,0.7845783560380877
5-14B,3.0,209.0292,-0.80071311695444,0.4471135844681278
5-14B,3.0,209.0814,0.3166841181581054,0.38401715940212194
5-14B,3.0,211.0235,-0.7382220395668536,0.1160402618848849
5-14B,3.0,211.9968,-0.9984767065993185,0.05232093606710972
5-14B,3.0,212.0331,1.2209396975952385,0.3656619607885603
5-14B,3.0,212.9807,-0.7465843268770833,0.05968448157108773
5-14B,3.0,213.014,-0.8772013239177365,0.2699518720064296
5-14B,3.0,213.0384,-0.6074737648844961,0.2078252186717549
5-14B,3.0,213.1252,-0.17106932917092987,0.5624014345855425
5-14B,3.0,214.0488,-0.4927006391908054,0.5829507305071627
5-14B,3.0,215.0331,0.5378140056457446,0.17934178696079117
5-14B,3.0,216.1351,1.0222055606771974,0.1062828013445185
5-14B,3.0,218.0335,0.7229752975392242,0.17519382704389738
5-14B,3.0,218.1034,-0.4426894324323475,0.08151090982152286
5-14B,3.0,220.0828,0.20610310572618906,1.0818558111190373
5-14B,3.0,221.0443,0.7351019372593233,0.20811821017800985
5-14B,3.0,221.0664,-0.7876270725005542,0.6494172320887456
5-14B,3.0,225.0399,-0.24651516211848418,0.36560762570123506
5-14B,3.0,225.0861,-0.7035930995702543,0.17535959018439046
5-14B,3.0,225.0901,-0.36485302679466497,0.5691024956457821
5-14B,3.0,226.0135,-0.7847659311585995,0.16450376032819194
5-14B,3.0,226.0697,0.5002309525425452,0.3677501657060305
5-14B,3.0,228.0501,-0.4151379572908804,0.20030372696777865
5-14B,3.0,229.0122,-0.9814900467530714,0.06440846438672533
5-14B,3.0,237.0614,-0.9275086029444439,0.16544899817954636
5-14B,3.0,238.0945,1.2737286700149029,0.29881053744514496
5-14B,3.0,240.0515,-0.8794943308381711,0.06215292523335818
5-14B,3.0,241.0844,-1.5673931927114726,0.675323432117324
5-14B,3.0,242.0804,-0.386465115714158,0.48410459864237726
5-14B,3.0,243.029,-0.5618771135938151,0.2884803643163914
5-14B,3.0,243.0625,-1.2800311064440613,0.26323466401163725
5-14B,3.0,245.0444,-1.1092547706577776,0.23266106366541034
5-14B,3.0,246.0198,-0.6437729640167906,0.3692857415496601
5-14B,3.0,246.064,0.33229615769200516,0.17026237316501053
5-14B,3.0,251.0816,-0.36924899402822253,0.34920999875201986
5-14B,3.0,253.0119,0.5760606323070832,0.07365159877325696
5-14B,3.0,253.0499,0.05852280092682138,0.6087718789098393
5-14B,3.0,257.0072,-0.15994631678031757,0.5241698290221792
5-14B,3.0,257.1028,0.7889130724994183,0.6940627459284923
5-14B,3.0,259.005,-0.5332841585606298,0.5958561452566309
5-14B,3.0,259.0227,0.3521339225804379,0.2518034303731171
5-14B,3.0,261.0385,-0.21728250729467527,0.08885722022177586
5-14B,3.0,266.0703,-0.3616972529379891,0.12818587771021758
5-14B,3.0,267.0724,-0.6501025468363811,0.04457818827071965
5-14B,3.0,268.02,-0.5060400923247977,0.37056671777858535
5-14B,3.0,269.0398,-0.7960293275159886,0.13762634504298846
5-14B,3.0,271.0612,-0.5053271466474335,0.24809528073251672
5-14B,3.0,271.0815,0.9585550212433855,0.09152876321157005
5-14B,3.0,273.0021,-0.9727558718575879,0.07778366156103234
5-14B,3.0,274.0933,-0.8071169887824542,0.22703382385187262
5-14B,3.0,275.0184,-0.578063174717737,0.43826295655671105
5-14B,3.0,275.0991,-0.7075801861645128,0.16199109287797175
5-14B,3.0,277.1207,0.6075670432215265,0.07555672499683547
5-14B,3.0,277.2169,-0.17017142592850173,0.13141196368121702
5-14B,3.0,279.2331,0.016796446959810966,0.16000306626413732
5-14B,3.0,282.0839,0.3587711883431881,0.3877835260097371
5-14B,3.0,283.2063,-0.07160838600987905,0.480434561772572
5-14B,3.0,285.0972,-0.1457316846573803,0.8421351524469041
5-14B,3.0,287.0157,0.17475754065994115,0.44095302510147766
5-14B,3.0,288.0725,0.28006542620722624,0.213457680858476
5-14B,3.0,289.0333,-0.6705894630244302,0.266545697423549
5-14B,3.0,289.1044,-0.7944767811114575,0.22086763070736437
5-14B,3.0,290.9677,0.6774554998300679,0.16043125739839262
5-14B,3.0,294.0479,0.19907754179727435,0.688848325996997
5-14B,3.0,300.0509,-0.9318523335946872,0.30975600616324517
5-14B,3.0,301.0333,-0.34587689984574066,0.19326973137156228
5-14B,3.0,303.2326,-0.0646021598714602,0.20244675885261645
5-14B,3.0,305.0207,0.6053770029168359,0.29410707863568236
5-14B,3.0,306.0481,-1.1483702669727995,0.09940295733300834
5-14B,3.0,306.0765,-0.29465372047043326,0.010267558972295324
5-14B,3.0,308.0986,-0.0765363359233901,0.09773910849776264
5-14B,3.0,313.0441,-0.787973932396212,0.21741064789779133
5-14B,3.0,313.1037,-0.8584667946885957,0.2927464492584066
5-14B,3.0,317.026,-0.39345718533757446,0.24339695907920667
5-14B,3.0,323.0256,-0.3586035055174363,0.49022416319138074
5-14B,3.0,325.1163,-0.24996505957786708,0.3014588795114904
5-14B,3.0,328.0457,-0.7650525237429981,0.06837204364679428
5-14B,3.0,333.0589,-1.1163129935541856,0.287123839107184
5-14B,3.0,338.9884,-0.9110557840380386,0.32274709536735907
5-14B,3.0,339.0928,0.5525932192732794,0.3236744605775586
5-14B,3.0,341.1089,-0.5470701549128888,0.1416291540884349
5-14B,3.0,344.0393,-0.6106877328000899,0.08467671280058499
5-14B,3.0,346.0556,-0.5923899611527815,0.061562730687309254
5-14B,3.0,348.087,-1.1994950214933053,0.1527153528440945
5-14B,3.0,353.0489,-0.8627900755281113,0.4288413217977985
5-14B,3.0,357.089,-0.6728528261440136,0.17396982791345608
5-14B,3.0,375.131,-0.7499724012013091,0.2070418619908389
5-14B,3.0,377.1496,0.19924011744174183,0.31172822090441965
5-14B,3.0,383.1188,-0.25154322685214847,0.32783262755445264
5-14B,3.0,388.9416,0.1166703855648124,0.22188165191780723
5-14B,3.0,388.9442,-0.1422965901831545,0.2309550094454539
5-14B,3.0,401.0756,0.7868139356223671,0.1351763606762829
5-14B,3.0,407.2795,0.861496029248789,0.9937170042642659
5-14B,3.0,421.0743,-0.6514508856622392,0.5365762149518396
5-14B,3.0,426.0222,-0.9601525495856333,0.02886772282821343
5-14B,3.0,442.9997,0.09817190553169461,0.18176934890643168
5-14B,3.0,466.9657,0.3011107990502734,0.08141819678484426
5-14B,3.0,490.9787,-0.37994428500612254,0.5626549107554691
5-14B,3.0,503.1614,-0.7975975495650707,0.4557076688095153
5-14B,3.0,547.0731,-0.9287029703474479,0.04109609755076701
5-14B,3.0,565.0471,-0.6018061897491549,0.07327037475632805
5-14B,3.0,578.8872,0.8793414206335173,0.2396263188073855
5-14B,3.0,579.0269,0.825059278198323,0.1413938131871812
5-14B,3.0,612.2549,-0.8613624085965665,0.15561299056307656
5-14B,3.0,624.2949,-1.136062768361216,0.07181548495639295
5-14B,3.0,659.307,0.05502398193047873,0.2111939290896452
5-14B,3.0,664.0939,-0.6685578925103395,0.08813563788798881
5-14B,3.0,665.2144,-0.6492601853352775,0.3192108217415418
5-14B,3.0,668.1374,-0.6150822149237212,0.0004210769486176769
5-14B,3.0,787.255,-0.2953293944604847,0.22175778551989775
5-14B,3.0,790.2568,-0.06742252510155881,0.0636422848717533
5-14B,3.0,835.0407,-0.8955100724917298,0.07583830784084658
5-14B,3.0,863.2971,-0.5858176063695848,0.05672038421612912
5-14B,3.0,864.1473,-0.4982734170944335,0.27380016819690367
5-14B,3.0,974.2935,-0.43233195265500085,0.10617341591224581
5-14B,3.0,976.7162,0.33700731708306486,0.2038562597239202
5-14B,4.0,57.0342,0.3878218374293003,0.5100112312509155
5-14B,4.0,58.0295,-0.7260500095001219,0.23126635999015058
5-14B,4.0,59.0135,0.4151082610410438,0.25246498451568483
5-14B,4.0,71.0137,0.7131928792661659,0.13072037801337977
5-14B,4.0,73.0293,-0.8845740279752665,0.015713461242042242
5-14B,4.0,74.0247,0.16078747399869608,0.712480014178561
5-14B,4.0,75.0087,0.48228099676477465,0.46936451612986074
5-14B,4.0,87.0088,-0.6716995050383476,0.002332214471907164
5-14B,4.0,87.0451,1.78856127452235,0.3205167768309208
5-14B,4.0,88.0403,-0.8438518793769845,0.02472258149034093
5-14B,4.0,88.9883,-0.6083355211958519,0.29635418732107993
5-14B,4.0,89.0244,-0.3143278315694331,0.08648379415023773
5-14B,4.0,93.0338,-0.06642843637545964,0.006281101102123541
5-14B,4.0,94.9761,-0.9204071828716802,0.24987267861988205
5-14B,4.0,94.9806,1.0672596225823379,0.22230717055306493
5-14B,4.0,95.0139,0.7777753128324136,0.22937681366701923
5-14B,4.0,101.0242,0.8401451075998667,0.36570892532933147
5-14B,4.0,102.056,-0.2067864098341413,0.02745055336236435
5-14B,4.0,103.0402,-0.8048067420573277,0.07798677499018274
5-14B,4.0,103.0509,-0.7797353144275398,0.07801466813159953
5-14B,4.0,104.0352,0.08978757123409363,0.20681301891373513
5-14B,4.0,105.0193,0.9870718105371692,0.3459237558929296
5-14B,4.0,107.0503,-0.006622698627248819,0.3359303673366689
5-14B,4.0,109.0295,0.039798661025386414,0.15595296466715197
5-14B,4.0,111.02,-0.20485663434932125,0.056883460305151165
5-14B,4.0,112.0516,-0.14478354582520836,0.33413153493141773
5-14B,4.0,113.0244,0.7477174651506835,0.1344863838008902
5-14B,4.0,113.0357,-0.1969291973522082,0.06485792702231506
5-14B,4.0,114.056,2.662689585018133,0.20941339772138146
5-14B,4.0,115.0037,-0.7620172663261795,0.046210860650860754
5-14B,4.0,115.0402,-0.16893909437218863,0.5489922314915697
5-14B,4.0,115.0764,0.06814591405154616,0.5508178944194514
5-14B,4.0,116.0354,1.2370725931708915,0.16030762393576123
5-14B,4.0,116.0717,-0.807092046703721,0.006467869408745379
5-14B,4.0,117.0194,-0.8823220342150471,0.009812916398044633
5-14B,4.0,118.0508,-0.5218185374403553,0.23268550294370055
5-14B,4.0,118.9804,0.6017424403447319,0.11723994740852586
5-14B,4.0,119.0503,0.2988246474142448,0.5087116567870807
5-14B,4.0,120.9273,-0.42803296725603457,0.9487841522799667
5-14B,4.0,121.0295,-0.3574854529300434,0.15094708953973587
5-14B,4.0,121.0409,1.17761330905623,0.4187700858386576
5-14B,4.0,122.0248,0.6299056168013353,0.08591808844520107
5-14B,4.0,124.0075,0.1882131191243732,0.3058356967507427
5-14B,4.0,124.0144,1.4309195457158874,0.0905863449746998
5-14B,4.0,125.0439,1.7561856032366503,0.279507351919919
5-14B,4.0,127.0764,0.22870403241642678,0.2390518711717649
5-14B,4.0,128.0354,-0.3192022111753081,0.006340705490915304
5-14B,4.0,129.0193,-0.4919635665068821,0.1282452034092672
5-14B,4.0,129.0556,-0.7923243298058096,0.5592203431551656
5-14B,4.0,130.0142,-0.8794083391379234,0.1454396437110745
5-14B,4.0,130.0509,-0.9135041215788531,0.028492044114864553
5-14B,4.0,130.0874,-1.025571253508034,0.06389335757077846
5-14B,4.0,131.0008,-0.13392894455909687,1.0028504575869073
5-14B,4.0,131.0123,-0.7941227372536064,0.03698213024576875
5-14B,4.0,131.035,1.6202278313964746,0.238560444921417
5-14B,4.0,131.0462,1.3376720839677185,0.303043107228741
5-14B,4.0,131.0828,-0.6097797989819094,0.0749053909925311
5-14B,4.0,132.0302,-0.6691978474997369,0.02526186995103711
5-14B,4.0,133.0142,-0.4741454802276226,0.03305156968274796
5-14B,4.0,133.0257,-0.5274539434281732,0.0737505292772599
5-14B,4.0,133.0505,-0.6554282471501631,0.053186324287478
5-14B,4.0,134.0472,-0.384484892867362,0.3244310400266361
5-14B,4.0,134.0604,-0.32473044854048766,0.41318527326148674
5-14B,4.0,135.0302,-0.6994859552714947,0.15302240014271265
5-14B,4.0,135.0453,-0.405677088397756,0.07520461255940275
5-14B,4.0,136.0404,-0.22713729425047582,0.08410601574447432
5-14B,4.0,136.0487,-0.33702253754305467,0.1361139232888375
5-14B,4.0,136.0767,0.02703778211131118,0.508253523651963
5-14B,4.0,137.0239,-0.06349427077530344,0.24162069051817545
5-14B,4.0,138.9789,-0.0665301831191455,0.21912831826315643
5-14B,4.0,139.0014,-0.32276661166174253,0.020343024076422196
5-14B,4.0,139.0067,-0.7478551417679635,0.02041478602048429
5-14B,4.0,139.976,-0.05310378951299044,0.18377330761369992
5-14B,4.0,143.0713,-0.10511842893628418,0.36461970857576825
5-14B,4.0,143.1077,-0.1994310878735825,0.20074970400831116
5-14B,4.0,145.0141,-0.352590881493422,0.055774888870894664
5-14B,4.0,145.0506,-1.0282910015352402,0.18470171054704868
5-14B,4.0,145.0623,-0.9198232142633695,0.41788008165774737
5-14B,4.0,145.0982,-0.3123760580365818,0.26770543787849527
5-14B,4.0,145.1106,-0.5344669931431808,0.7922413772204122
5-14B,4.0,146.0459,0.12806631954178607,0.04664854133899824
5-14B,4.0,147.0298,-0.7561597796965839,0.022826647228131436
5-14B,4.0,147.0662,-0.5160354507928071,0.08618872557897013
5-14B,4.0,149.0092,0.04410436667474727,0.3067660773095444
5-14B,4.0,149.0456,1.4970177021364997,0.4117549524130502
5-14B,4.0,149.0608,-0.03618228066296045,0.612401547148819
5-14B,4.0,150.0422,-0.9203625125397137,0.44255680917673373
5-14B,4.0,150.9707,-0.796546999280017,0.5298902398186223
5-14B,4.0,151.0259,-0.6731134784971107,0.06077747665386583
5-14B,4.0,151.04,0.2340949587853882,0.6436937728158973
5-14B,4.0,151.06,0.3730175613074288,1.2065539923279136
5-14B,4.0,152.0353,-0.3172736751641806,0.3790340133738998
5-14B,4.0,152.0716,0.9541547792118015,0.2587375923163304
5-14B,4.0,153.0192,0.696043121815259,0.16788442189866973
5-14B,4.0,154.062,-0.30935497893951847,0.11925900216344416
5-14B,4.0,154.9751,-0.9378333556650084,0.016341250036023255
5-14B,4.0,155.0099,-0.1801996860386969,0.058847875859305614
5-14B,4.0,157.0128,-0.6211171169758352,0.05790387281027767
5-14B,4.0,157.0255,-0.3778323155811676,0.03567265873224021
5-14B,4.0,157.0379,-0.34186822224783897,0.03252511585378459
5-14B,4.0,157.0504,-0.8966460570429098,0.06118532233534329
5-14B,4.0,159.0297,1.291143921033186,0.14362091357240256
5-14B,4.0,159.0775,-0.7714588934484565,0.04939042695351926
5-14B,4.0,160.0616,0.6802330729568501,0.5175943173953932
5-14B,4.0,161.0453,1.379477952251397,0.24690428861549252
5-14B,4.0,162.0424,-0.3257410978539911,0.27642323789902995
5-14B,4.0,163.0351,-0.8400395457583381,0.09612141526744551
5-14B,4.0,163.0398,0.7119445417788326,0.014366473000445251
5-14B,4.0,163.0611,0.48159160441024906,1.1682566264976613
5-14B,4.0,164.0716,-0.4291919232507371,0.06571014219384351
5-14B,4.0,165.03,-0.5179358041160349,0.9794386820668219
5-14B,4.0,165.0405,-0.45197408097124747,0.3948908163411271
5-14B,4.0,165.0556,-0.5947596653833513,0.14161841465083153
5-14B,4.0,166.0508,-0.461502026174609,0.2791717534187771
5-14B,4.0,166.0632,-0.7175973000654219,0.6093720863214227
5-14B,4.0,166.9759,-0.673069188196313,0.3562595908127477
5-14B,4.0,167.0207,-0.3931455760118238,0.34240097766500827
5-14B,4.0,167.0358,0.26603471653129357,0.4716306747874698
5-14B,4.0,167.0828,2.1129775658770673,0.9569786231289475
5-14B,4.0,168.0277,0.04200611823226482,0.08868358668554634
5-14B,4.0,168.0664,1.4550587847870227,0.29673665954626577
5-14B,4.0,170.0455,-0.7577979717459915,0.017771859210853846
5-14B,4.0,171.0065,-0.7578549987713659,0.17088506822529478
5-14B,4.0,171.0092,-0.8278940265590107,0.14028507526276937
5-14B,4.0,171.0284,-0.7526919075150287,0.06655858766936425
5-14B,4.0,172.0616,-0.42291196479712073,0.19970313558333022
5-14B,4.0,172.962,-0.5704913491142856,0.05308654337520485
5-14B,4.0,173.0089,-0.8410803428635905,0.038594642488820476
5-14B,4.0,173.0453,-0.6859494518128717,0.07921385262065518
5-14B,4.0,173.0932,-0.9135896118659065,0.0319329086531063
5-14B,4.0,173.1041,-0.7877349911260401,0.06200613210735421
5-14B,4.0,174.0407,-0.8624514221275912,0.009092926089585587
5-14B,4.0,174.088,-0.6986812140555916,0.10046221427946087
5-14B,4.0,175.022,-0.9119699180315162,0.07216629227457352
5-14B,4.0,175.0361,-0.6871392839143124,0.030249379467193
5-14B,4.0,175.0611,-0.9354950822247984,0.028694039524953502
5-14B,4.0,176.0776,-0.8659191366943588,0.07077858649774701
5-14B,4.0,177.0402,0.5236535718991902,0.3549690137859276
5-14B,4.0,177.0553,0.38759001430228357,0.6704102531731954
5-14B,4.0,178.0509,-0.8112783477966856,0.016111285753846443
5-14B,4.0,179.0348,0.0887986672467897,0.519557179192698
5-14B,4.0,179.0561,1.2225833913604365,0.18906604534091662
5-14B,4.0,180.0663,1.341916888002458,0.17260323008536455
5-14B,4.0,181.0505,-0.6654090107379488,0.18507097717132454
5-14B,4.0,182.9725,0.39249912246792207,0.22858082790150266
5-14B,4.0,183.0661,1.3927047465757671,0.5738976668136342
5-14B,4.0,184.0017,-0.042593330425872794,0.14401401236759587
5-14B,4.0,184.9856,-0.20831076976279467,0.20635388329988927
5-14B,4.0,186.1136,-0.19896010106469703,0.7741259576118229
5-14B,4.0,187.0234,-0.878308776958078,0.7383752944052829
5-14B,4.0,188.035,0.027119305995967895,0.3357023085450546
5-14B,4.0,188.0565,-0.20409791963750074,0.03576883008422647
5-14B,4.0,189.0405,-0.7332205639463164,0.06565569996536232
5-14B,4.0,191.0197,-0.9254962643539622,0.22817226096209528
5-14B,4.0,191.0561,-0.9112976582290317,0.048068938635193674
5-14B,4.0,192.0663,0.8113683890086754,0.5680917799149386
5-14B,4.0,193.0349,-0.5356257222198046,0.30600098959387523
5-14B,4.0,194.0682,-0.8234199324818248,0.06875684692527272
5-14B,4.0,194.0822,1.838840970494528,0.2561208937207103
5-14B,4.0,195.0509,0.8918485917442407,0.1604162660935428
5-14B,4.0,195.0657,0.5493971129770867,0.6474647901841043
5-14B,4.0,196.0603,0.41145199888942374,0.15556157999548936
5-14B,4.0,198.0182,-0.704478560805832,0.17104446916542543
5-14B,4.0,199.0019,-0.6961145263890406,0.2997208972469851
5-14B,4.0,200.9937,0.3020828046745618,0.3368607454328081
5-14B,4.0,201.0051,-1.38651028838752,0.24551468791521638
5-14B,4.0,203.0348,0.08603314899019737,0.221828912524074
5-14B,4.0,203.0826,-0.06896429943988228,0.00424473182535138
5-14B,4.0,204.0498,0.1485619972919811,0.2857338477706506
5-14B,4.0,205.0351,-1.2698876591646784,0.08917072664608465
5-14B,4.0,206.0822,1.2476273904389443,1.0143411467447565
5-14B,4.0,209.0292,-0.6928319387896021,0.055465822490128484
5-14B,4.0,209.0814,-0.07693930013207308,0.36615798240667496
5-14B,4.0,211.0235,-0.9062002716334674,0.25667606700433904
5-14B,4.0,211.9968,-0.9299523678826617,0.031614802056468785
5-14B,4.0,212.0331,0.8152984060228363,0.125901515957279
5-14B,4.0,212.9807,-0.7769174453368101,0.11299988736514384
5-14B,4.0,213.014,-0.7505586445892043,0.19947773615063272
5-14B,4.0,213.0384,-0.8524361368097502,0.09847165219031358
5-14B,4.0,213.1252,0.9942453447318628,0.7769851731293442
5-14B,4.0,214.0488,1.6981208523059677,1.274216653345724
5-14B,4.0,215.0331,0.823642596634194,0.17254842098334738
5-14B,4.0,216.1351,1.698741927042839,0.4127290072027186
5-14B,4.0,218.0335,0.7411889889941862,0.1726428442235571
5-14B,4.0,218.1034,-0.036142486444932155,0.11663593053186129
5-14B,4.0,220.0828,0.6399880530347176,0.4052964525793421
5-14B,4.0,221.0443,0.6379337711289573,0.20408488916213696
5-14B,4.0,221.0664,0.17066372210941608,0.6174843481847959
5-14B,4.0,225.0399,-0.9294841076677137,0.691826190453898
5-14B,4.0,225.0861,-0.22722754962930436,0.20272340281595977
5-14B,4.0,225.0901,0.08638767356115387,0.358495797214735
5-14B,4.0,226.0135,-0.4781487400416031,0.03339708604392732
5-14B,4.0,226.0697,0.18902363350690593,0.4330514360950452
5-14B,4.0,228.0501,-0.7797668064692425,0.27683640396702786
5-14B,4.0,229.0122,-0.703976890363843,0.13001068957988604
5-14B,4.0,237.0614,-0.7716230020488126,0.15027720233468825
5-14B,4.0,238.0945,-0.40549508244683974,0.2373365504197482
5-14B,4.0,240.0515,-0.8573150379425165,0.03235938646829486
5-14B,4.0,241.0844,-0.7152441099553277,0.7905048389861705
5-14B,4.0,242.0804,-0.8148636301833787,0.16720293729880242
5-14B,4.0,243.029,-0.5106536105740233,0.378881152543296
5-14B,4.0,243.0625,-1.7339899344493774,0.4065538366073904
5-14B,4.0,245.0444,-0.7926935180569018,0.3594012226800974
5-14B,4.0,246.0198,-0.4569332527407076,0.2729051599002467
5-14B,4.0,246.064,-0.11929359552142743,0.8010730380588839
5-14B,4.0,251.0816,0.33650493314828767,1.0513977875032021
5-14B,4.0,253.0119,1.436035714732332,0.08191991343861396
5-14B,4.0,253.0499,0.13426898810738766,0.5755744257073309
5-14B,4.0,257.0072,-0.6477917209236512,0.4449705110682205
5-14B,4.0,257.1028,-0.6697929109933581,0.4893503850277469
5-14B,4.0,259.005,-0.6284534200563906,0.32322770778688703
5-14B,4.0,259.0227,1.1967548372744443,0.18131330423278347
5-14B,4.0,261.0385,-0.2646797031088446,0.0914251560798069
5-14B,4.0,266.0703,0.08956372675701858,0.2484039070491054
5-14B,4.0,267.0724,-0.6994126201247315,0.01933727559600689
5-14B,4.0,268.02,-0.42387867335107837,0.4946071397132229
5-14B,4.0,269.0398,-0.84479571685343,0.03284376377216405
5-14B,4.0,271.0612,-0.43016205176526745,0.2501643931428666
5-14B,4.0,271.0815,-0.5999302918292058,0.6630373395456948
5-14B,4.0,273.0021,-0.8655098782268149,0.11925748911034814
5-14B,4.0,274.0933,-0.6670606630236788,0.10980366383469113
5-14B,4.0,275.0184,0.42406676789091824,0.9249968771678232
5-14B,4.0,275.0991,-0.765757029007625,0.14817736282630553
5-14B,4.0,277.1207,1.0725113631725356,0.1171870749216263
5-14B,4.0,277.2169,0.08138988525929941,0.24191774532551838
5-14B,4.0,279.2331,-0.20044570890358215,0.011234819283864666
5-14B,4.0,282.0839,0.03738489748431949,0.4695305244761106
5-14B,4.0,283.2063,-0.46593365365652956,0.22282231698568516
5-14B,4.0,285.0972,-0.4993570190279557,0.7906964298679114
5-14B,4.0,287.0157,0.9871888144668493,0.33600514951544236
5-14B,4.0,288.0725,0.5068295936646037,0.1466629111381693
5-14B,4.0,289.0333,-0.9699402380966262,0.8843966837623791
5-14B,4.0,289.1044,-0.8442075175844187,0.1399623181828884
5-14B,4.0,290.9677,1.4167909538796484,0.15903944434622042
5-14B,4.0,294.0479,0.2476252891033777,0.5961123976038778
5-14B,4.0,300.0509,-0.6248061346386994,0.581756921776899
5-14B,4.0,301.0333,-1.6529202713962046,0.5251173892807824
5-14B,4.0,303.2326,0.20424354101109307,0.604569343596917
5-14B,4.0,305.0207,0.891452250483286,0.3171291838830482
5-14B,4.0,306.0481,-1.1312492762544326,0.09454077315089543
5-14B,4.0,306.0765,-0.3009929636301607,0.026114047405991627
5-14B,4.0,308.0986,-0.2822251884678117,0.03182505253085008
5-14B,4.0,313.0441,-1.0478219937589106,0.18296189900035156
5-14B,4.0,313.1037,-1.1471568526825253,0.24344169201421542
5-14B,4.0,317.026,-0.5344175417767763,0.6238899201509528
5-14B,4.0,323.0256,-0.8121163953971018,0.1974919530587641
5-14B,4.0,325.1163,-0.30423536546294533,0.7846564166871118
5-14B,4.0,328.0457,-0.5812964113743848,0.10919141952358853
5-14B,4.0,333.0589,-0.7741418038033498,0.32004435130854114
5-14B,4.0,338.9884,-0.5993295674840668,0.15942221494193395
5-14B,4.0,339.0928,0.1811828440658854,1.1814815152725457
5-14B,4.0,341.1089,-0.2510681469895514,0.12378252898979808
5-14B,4.0,344.0393,-0.48818160270724303,0.20278933832058835
5-14B,4.0,346.0556,-0.5908638792723517,0.1441905390635073
5-14B,4.0,348.087,-0.9566007858465657,0.127216976831324
5-14B,4.0,353.0489,-0.8403496420676856,0.7314121590987428
5-14B,4.0,357.089,-0.9520142781515889,0.04001403924097738
5-14B,4.0,375.131,-0.9906423064008651,0.5654748512819057
5-14B,4.0,377.1496,-0.5820816392920938,0.4814198117842497
5-14B,4.0,383.1188,-0.461159362009241,0.4552651094993038
5-14B,4.0,388.9416,0.46967147930771824,0.2577539921768846
5-14B,4.0,388.9442,0.16891156222866738,0.31006063242959364
5-14B,4.0,401.0756,0.693470314084178,0.11387934124583299
5-14B,4.0,407.2795,-0.036999520302256284,0.24625386801023383
5-14B,4.0,421.0743,-0.12440283796961528,0.2816179785411604
5-14B,4.0,426.0222,-0.3315586642665852,0.1386434484294626
5-14B,4.0,442.9997,0.062027249578819,0.21241248159050363
5-14B,4.0,466.9657,1.1829664670909952,0.3974116997009794
5-14B,4.0,490.9787,-0.5602404513077235,0.45534693591332076
5-14B,4.0,503.1614,-0.059389063734639265,0.17773900540855078
5-14B,4.0,547.0731,-0.6554899238553908,0.14362279463830085
5-14B,4.0,565.0471,-0.021918051030943464,0.41603286808557477
5-14B,4.0,578.8872,0.835718155232619,0.19722792737321923
5-14B,4.0,579.0269,0.1613132134595927,0.0992679353068593
5-14B,4.0,612.2549,-0.7893602889390967,0.37292134775703745
5-14B,4.0,624.2949,-0.42519905584039275,0.37729854519810874
5-14B,4.0,659.307,1.4367589858854188,0.47204105546283814
5-14B,4.0,664.0939,-0.34812692796732514,0.2911230170299971
5-14B,4.0,665.2144,-0.603132120974251,0.4813084607082603
5-14B,4.0,668.1374,-0.6146752841477483,0.0005077644008883664
5-14B,4.0,787.255,1.9832315907180122,0.22042792003589176
5-14B,4.0,790.2568,0.9620553347095008,0.303428308695589
5-14B,4.0,835.0407,-0.33621418850652324,0.1636111051163736
5-14B,4.0,863.2971,-0.5686804381435666,0.08301794009638537
5-14B,4.0,864.1473,1.1755685197111865,0.4459483423340961
5-14B,4.0,974.2935,-0.07331232089660734,0.2821529472600684
5-14B,4.0,976.7162,1.4840225530570113,0.15791246318918092
5-14B,5.0,57.0342,1.4262779055072712,0.5623322380886387
5-14B,5.0,58.0295,-0.5051959163785663,0.34216860707060665
5-14B,5.0,59.0135,1.0527323139654325,0.0769785655052448
5-14B,5.0,71.0137,0.8651668541482639,0.05002788951971404
5-14B,5.0,73.0293,-0.7507856471422893,0.018477833360548725
5-14B,5.0,74.0247,1.9119522583434772,0.9253873697983741
5-14B,5.0,75.0087,1.1279876812293788,0.294022088564669
5-14B,5.0,87.0088,-0.6609959886519607,0.015453455635949822
5-14B,5.0,87.0451,1.6854909427676024,0.6483140396997473
5-14B,5.0,88.0403,-0.6253110999290677,0.04297482492916714
5-14B,5.0,88.9883,-0.5293950592555605,0.7108016099041446
5-14B,5.0,89.0244,-0.41485868594238334,0.09769750544378841
5-14B,5.0,93.0338,-0.03488150863451313,0.01745303991997635
5-14B,5.0,94.9761,-0.7703137051822309,0.27892210065841044
5-14B,5.0,94.9806,0.7635414541459529,0.22670147640998442
5-14B,5.0,95.0139,0.9817659540388208,0.34189579494839956
5-14B,5.0,101.0242,0.7676663512436541,0.06416848510517008
5-14B,5.0,102.056,0.10914621597066958,0.056396616139837444
5-14B,5.0,103.0402,-0.6790921810620413,0.01171903624791906
5-14B,5.0,103.0509,-0.6805736043235756,0.045373552469735956
5-14B,5.0,104.0352,0.2968171051401257,0.26874448225645087
5-14B,5.0,105.0193,1.1632354721616647,0.2216823971333991
5-14B,5.0,107.0503,0.5716012194037448,0.5114078920521237
5-14B,5.0,109.0295,0.7708445636327722,0.13913084894391192
5-14B,5.0,111.02,0.31388236694649296,0.03533834377079077
5-14B,5.0,112.0516,0.6504069425719874,0.384151995197763
5-14B,5.0,113.0244,1.1478752366881781,0.038408701099034805
5-14B,5.0,113.0357,0.9321158209488909,0.04751585248253169
5-14B,5.0,114.056,3.2420778655510425,0.04178497040901965
5-14B,5.0,115.0037,-0.39090300006648404,0.05266094857362319
5-14B,5.0,115.0402,0.22528078645962313,0.40901548620497835
5-14B,5.0,115.0764,1.2717694476839356,0.7646552170831453
5-14B,5.0,116.0354,2.0638406304089956,0.4236437507802557
5-14B,5.0,116.0717,-0.7498258459104767,0.010231071305450333
5-14B,5.0,117.0194,-0.7543318752137143,0.02027145997213333
5-14B,5.0,118.0508,0.2879601760174619,0.2697136404195139
5-14B,5.0,118.9804,1.018944398757291,0.09749370925817519
5-14B,5.0,119.0503,0.34955531011808066,0.4423899443291649
5-14B,5.0,120.9273,-0.27805497268713214,0.13510018434668922
5-14B,5.0,121.0295,0.44583344525586843,0.5433884558925199
5-14B,5.0,121.0409,0.8078434051340196,0.5606986619750598
5-14B,5.0,122.0248,1.7507394832772527,0.4161170507849558
5-14B,5.0,124.0075,-0.09496227139283366,0.1950692730822574
5-14B,5.0,124.0144,1.7269446464353515,0.20617105315479908
5-14B,5.0,125.0439,1.5432629688140094,0.23468009110488042
5-14B,5.0,127.0764,0.579672344121536,0.33317242541179504
5-14B,5.0,128.0354,-0.24094112912954446,0.01413027361906259
5-14B,5.0,129.0193,0.10711581344022042,0.06743134657201882
5-14B,5.0,129.0556,0.16233781111907117,0.6565865699083171
5-14B,5.0,130.0142,-0.6799965440574365,0.26065570624224277
5-14B,5.0,130.0509,-0.580731655970923,0.05250445025500018
5-14B,5.0,130.0874,-0.9082015374098479,0.06278611450901864
5-14B,5.0,131.0008,-0.29944140566027805,0.9261918688387216
5-14B,5.0,131.0123,-0.6567681853526799,0.0679122402961248
5-14B,5.0,131.035,1.155363345165367,0.33820964310478185
5-14B,5.0,131.0462,0.7435254369724656,0.19723934023771134
5-14B,5.0,131.0828,-0.5840831844513267,0.09946238800917102
5-14B,5.0,132.0302,0.03772594447660194,0.039876899096109884
5-14B,5.0,133.0142,-0.22645238947215138,0.09090052219812271
5-14B,5.0,133.0257,-0.3238024524495934,0.08750511009851614
5-14B,5.0,133.0505,-0.27170124938806983,0.03805552628140484
5-14B,5.0,134.0472,0.036085984556624456,0.15395756663733662
5-14B,5.0,134.0604,-0.35537869698656044,0.556011449905492
5-14B,5.0,135.0302,-0.4951724357283287,0.10262541088000067
5-14B,5.0,135.0453,0.04274021637517324,0.14432457545555552
5-14B,5.0,136.0404,-0.44691190188785357,0.10946160058706848
5-14B,5.0,136.0487,-0.16091229266382526,0.20480321251565564
5-14B,5.0,136.0767,-0.010484675271043728,0.45910931643484393
5-14B,5.0,137.0239,-0.002475287273776227,0.08178504599551047
5-14B,5.0,138.9789,-0.3003756325033896,0.38406244373108234
5-14B,5.0,139.0014,-0.12746283580772616,0.014703860456577695
5-14B,5.0,139.0067,-0.6478002845466819,0.026723074328000564
5-14B,5.0,139.976,-0.22627347911713783,0.5205369067667979
5-14B,5.0,143.0713,0.23962051160132897,0.35979249472984925
5-14B,5.0,143.1077,0.14287870729220098,0.5625797415490912
5-14B,5.0,145.0141,-0.3020216562559881,0.07789556969176892
5-14B,5.0,145.0506,-0.8460496622810086,0.02527946439589638
5-14B,5.0,145.0623,-0.7007211502590616,0.23484717711413683
5-14B,5.0,145.0982,-0.3543985252914811,0.09172254772370562
5-14B,5.0,145.1106,-0.5330946508399221,0.689243352711827
5-14B,5.0,146.0459,0.5357097471719624,0.06051725089345965
5-14B,5.0,147.0298,-0.5516133091486723,0.04340377167570656
5-14B,5.0,147.0662,-0.012406738988719069,0.0887565052468677
5-14B,5.0,149.0092,0.6963784050378583,0.12194215585744203
5-14B,5.0,149.0456,1.318246448982629,0.2802545044344842
5-14B,5.0,149.0608,0.30214669409854317,0.6022435039777915
5-14B,5.0,150.0422,-0.12389723626982299,0.6217702648202699
5-14B,5.0,150.9707,-0.27117373687909624,0.7384717377922488
5-14B,5.0,151.0259,-0.7153760324181209,0.0739150703840702
5-14B,5.0,151.04,0.7988695511515408,0.8891106726570996
5-14B,5.0,151.06,0.3082648000812612,0.8347582818762499
5-14B,5.0,152.0353,-0.14539190503926508,0.7969487941230744
5-14B,5.0,152.0716,0.4233134960591364,0.7803118999748295
5-14B,5.0,153.0192,1.1508385851883176,0.07852158622957467
5-14B,5.0,154.062,-0.4931409422592815,0.021187602978373417
5-14B,5.0,154.9751,-0.6910054697035453,0.01869047840005691
5-14B,5.0,155.0099,0.3791805344285438,0.057453008648495944
5-14B,5.0,157.0128,-0.3958653803206402,0.032125797169595155
5-14B,5.0,157.0255,0.5292571411288021,0.05000198489640892
5-14B,5.0,157.0379,0.43823999554101745,0.035952597727972234
5-14B,5.0,157.0504,-0.5948760192010809,0.05217017302321823
5-14B,5.0,159.0297,1.4577676469478926,0.1030270414578661
5-14B,5.0,159.0775,-0.2123327637696584,0.09441142498256537
5-14B,5.0,160.0616,0.2195203094761988,0.9028814195936903
5-14B,5.0,161.0453,0.9826214213431659,0.19721712429100088
5-14B,5.0,162.0424,0.5242680702315762,0.30911670613213604
5-14B,5.0,163.0351,-0.894999117477612,0.08777706610709345
5-14B,5.0,163.0398,1.6493923238868682,0.145766295371506
5-14B,5.0,163.0611,-0.15958579450114996,0.9613668835982433
5-14B,5.0,164.0716,-0.48261478279538006,0.07981051471383939
5-14B,5.0,165.03,0.5455716775892735,0.7078502673674276
5-14B,5.0,165.0405,0.03369961061890793,0.49004032125497415
5-14B,5.0,165.0556,-0.42246859399390563,0.20772663030622876
5-14B,5.0,166.0508,0.28293135758873544,0.28875262089898523
5-14B,5.0,166.0632,-0.4215488759084202,0.6467536836310618
5-14B,5.0,166.9759,-0.6321270293008201,0.23993669708403476
5-14B,5.0,167.0207,-0.1452382107384486,0.32367895904404514
5-14B,5.0,167.0358,0.8358959006253954,0.32296146961225913
5-14B,5.0,167.0828,0.0019626728881656785,1.3248577133942614
5-14B,5.0,168.0277,0.39917268836896347,0.058453713829544174
5-14B,5.0,168.0664,0.29448910270992135,0.7223773504401693
5-14B,5.0,170.0455,-0.6400334937980712,0.01631663542418577
5-14B,5.0,171.0065,-0.6577940717352792,0.19219453431051833
5-14B,5.0,171.0092,-0.5750111269619099,0.20455695761499765
5-14B,5.0,171.0284,-0.49583062862191907,0.09201689403381273
5-14B,5.0,172.0616,0.1533797999439974,0.24343817353858757
5-14B,5.0,172.962,-0.49888057687039894,0.05485307691379396
5-14B,5.0,173.0089,-0.5898449020811722,0.061222197934026036
5-14B,5.0,173.0453,-0.24207545362998817,0.16050087514516356
5-14B,5.0,173.0932,-0.8406951929932156,0.07299964168115312
5-14B,5.0,173.1041,-0.6212822964484105,0.04735799406359616
5-14B,5.0,174.0407,-0.5297862470906074,0.022483344433923205
5-14B,5.0,174.088,-0.5129155713508259,0.09186818347978647
5-14B,5.0,175.022,-0.6090219399499254,0.15254377683796586
5-14B,5.0,175.0361,-0.003788530003177892,0.05983480507156458
5-14B,5.0,175.0611,-0.5950632885490501,0.041747530088361504
5-14B,5.0,176.0776,-0.5005712748749589,0.20574750364794028
5-14B,5.0,177.0402,1.158689765336291,0.572816880025421
5-14B,5.0,177.0553,1.005909395580004,0.3192382780606031
5-14B,5.0,178.0509,-0.4683545501389795,0.061864998114789724
5-14B,5.0,179.0348,1.2354759266456372,0.14063283112779573
5-14B,5.0,179.0561,0.717193149655288,0.10877386541195226
5-14B,5.0,180.0663,0.6650974823000391,0.12026070585105386
5-14B,5.0,181.0505,-0.3192247555049139,0.19998857254485167
5-14B,5.0,182.9725,0.8800473660398347,0.13947860711910415
5-14B,5.0,183.0661,-0.13127180457629484,0.39197306720237196
5-14B,5.0,184.0017,0.7136343309122308,0.12906836528023174
5-14B,5.0,184.9856,-0.5085491628705805,0.05959681601860275
5-14B,5.0,186.1136,0.15044207288529213,0.37776229297419206
5-14B,5.0,187.0234,-0.9615409045709684,0.5045752507214801
5-14B,5.0,188.035,1.3776903726221503,0.4786070198651733
5-14B,5.0,188.0565,0.9736141261966366,0.016837298620162502
5-14B,5.0,189.0405,-0.08267375516280032,0.1514611627919589
5-14B,5.0,191.0197,-0.08331919075069524,0.14073043537407734
5-14B,5.0,191.0561,-0.6746746322391708,0.11829251630080821
5-14B,5.0,192.0663,0.9928797582824714,0.3532942665949289
5-14B,5.0,193.0349,0.6929249645613301,0.6932933326972155
5-14B,5.0,194.0682,-0.3174800388236917,0.17278324072246523
5-14B,5.0,194.0822,0.735515322965369,0.3473344301788193
5-14B,5.0,195.0509,1.8395529059265612,0.04455060972786222
5-14B,5.0,195.0657,1.136355731337347,0.4093905005967716
5-14B,5.0,196.0603,1.6659557534637117,0.20902429934020877
5-14B,5.0,198.0182,-0.01628813705082407,0.1860703594007741
5-14B,5.0,199.0019,-0.8449178314535529,0.32450783994015087
5-14B,5.0,200.9937,0.3569890102056047,0.39971010760593106
5-14B,5.0,201.0051,-0.18117723495767862,0.27606914084017714
5-14B,5.0,203.0348,-0.22839021536635523,0.23708638412477184
5-14B,5.0,203.0826,-0.08239076710274673,0.010333942417369499
5-14B,5.0,204.0498,1.844409890395412,0.35517350155226296
5-14B,5.0,205.0351,-0.9093841465341199,0.19048798641903036
5-14B,5.0,206.0822,1.5673821297127182,0.4410251117756031
5-14B,5.0,209.0292,-0.7258147193750302,0.2543261339377618
5-14B,5.0,209.0814,-0.48718354640635425,0.1973313596897169
5-14B,5.0,211.0235,-0.43337265544596204,0.15256918390891053
5-14B,5.0,211.9968,-0.6260314653067467,0.0038716554938089463
5-14B,5.0,212.0331,1.2706100598285937,0.8069014546623289
5-14B,5.0,212.9807,-0.6306878957728945,0.06006667336125734
5-14B,5.0,213.014,-0.8612101583131178,0.0782307763216175
5-14B,5.0,213.0384,-0.3267632956208676,0.03885692271590286
5-14B,5.0,213.1252,0.07129465903141607,1.0050387870238608
5-14B,5.0,214.0488,-0.2034457873019215,0.3312599663950695
5-14B,5.0,215.0331,0.9596461369427705,0.07471719221991897
5-14B,5.0,216.1351,2.194676124482992,0.049190810706226586
5-14B,5.0,218.0335,1.0308274674726827,0.12561161597010329
5-14B,5.0,218.1034,1.1074409752550454,0.09428141087432208
5-14B,5.0,220.0828,-0.35569012084670343,1.117082081032921
5-14B,5.0,221.0443,0.9455278035221613,0.19802705270660625
5-14B,5.0,221.0664,0.8931098125586198,0.18060222343584734
5-14B,5.0,225.0399,0.3496639858536194,0.43498102146072626
5-14B,5.0,225.0861,0.08236398766307317,0.132000749719294
5-14B,5.0,225.0901,-0.8822732317499853,0.198899526876182
5-14B,5.0,226.0135,-0.4930432944677967,0.25476168576100466
5-14B,5.0,226.0697,0.7496275445448085,0.19204046145307901
5-14B,5.0,228.0501,0.22550606934833006,0.174388169935385
5-14B,5.0,229.0122,-0.5367043219317593,0.11837658306078806
5-14B,5.0,237.0614,-0.02017446439807676,0.306260971166441
5-14B,5.0,238.0945,-0.6242779331439057,0.11258595675402745
5-14B,5.0,240.0515,0.23035374407395032,0.035004715892294064
5-14B,5.0,241.0844,-0.3409844078174584,0.385821592289258
5-14B,5.0,242.0804,-0.1172890505217163,0.513891962724241
5-14B,5.0,243.029,-0.32422086100452685,0.08958043420631273
5-14B,5.0,243.0625,-0.6488779641949514,0.32195355649988194
5-14B,5.0,245.0444,-0.7011180464408315,0.38402908879597797
5-14B,5.0,246.0198,0.04332529161453877,0.33857344487287183
5-14B,5.0,246.064,0.6067033972062753,0.4271914021998542
5-14B,5.0,251.0816,0.6993138642547552,0.4491302130672833
5-14B,5.0,253.0119,2.482129214878576,0.07381184130717842
5-14B,5.0,253.0499,0.7863448603574803,0.2402075092279359
5-14B,5.0,257.0072,-0.26180414841464,0.24496370362729103
5-14B,5.0,257.1028,-0.3103421811470067,0.30761287737716236
5-14B,5.0,259.005,-0.15575320386670244,0.5257509437542125
5-14B,5.0,259.0227,0.8960388641920713,0.15112611307204002
5-14B,5.0,261.0385,-0.7444318070815346,0.37096861622209815
5-14B,5.0,266.0703,0.16697371299718988,0.13041813481053657
5-14B,5.0,267.0724,-0.5777990696102935,0.02521791455389632
5-14B,5.0,268.02,-0.8049171381567337,0.22046800970079
5-14B,5.0,269.0398,-0.7088311479059943,0.14640369339303896
5-14B,5.0,271.0612,0.1150831603164769,0.4440856899201661
5-14B,5.0,271.0815,0.023319729348691365,0.5999961273572546
5-14B,5.0,273.0021,-0.7717413222983047,0.020619719153599118
5-14B,5.0,274.0933,0.07193135139258473,0.12618376031721573
5-14B,5.0,275.0184,0.7024751564253032,0.688859833826907
5-14B,5.0,275.0991,-0.5626228860804248,0.22359416964447634
5-14B,5.0,277.1207,0.9284324465715104,0.1622353190265573
5-14B,5.0,277.2169,0.25927966959924453,0.09527347040441345
5-14B,5.0,279.2331,-0.3713306591041365,0.029371211723944413
5-14B,5.0,282.0839,0.9528027212102912,0.6051537027630102
5-14B,5.0,283.2063,-0.5737569690286606,0.19489923145533974
5-14B,5.0,285.0972,-1.0690075072579752,0.519323633799266
5-14B,5.0,287.0157,0.456535986877212,0.298252929885938
5-14B,5.0,288.0725,2.6798882864750686,0.2155930629087499
5-14B,5.0,289.0333,-0.2306235538989507,0.3370871498894418
5-14B,5.0,289.1044,-0.3021072200032737,0.14675425040172319
5-14B,5.0,290.9677,2.6418872820502606,0.10714498000342342
5-14B,5.0,294.0479,0.2295388734403196,1.0464319075282515
5-14B,5.0,300.0509,-0.5210158702028725,0.7469080675019644
5-14B,5.0,301.0333,-0.20294125366421545,0.9363275294294084
5-14B,5.0,303.2326,-0.2092653460104587,0.1941406760021587
5-14B,5.0,305.0207,0.39969457279682163,0.13631917437565816
5-14B,5.0,306.0481,-0.8901044747804845,0.08962262933930645
5-14B,5.0,306.0765,-0.21098826371878215,0.020242332028101863
5-14B,5.0,308.0986,-0.2598054664496391,0.016190655844733875
5-14B,5.0,313.0441,-0.9982929433886725,0.16954305684209073
5-14B,5.0,313.1037,0.10919813837816453,0.8072033836452744
5-14B,5.0,317.026,0.6411386383388311,0.7506149160037977
5-14B,5.0,323.0256,-0.6017238176178756,0.1720634796301524
5-14B,5.0,325.1163,-0.914196495709765,0.10979637725386118
5-14B,5.0,328.0457,-0.14577056063059327,0.07925014870612726
5-14B,5.0,333.0589,-0.11354364564746144,0.2863363289068787
5-14B,5.0,338.9884,-0.7643437294667091,0.08343728250409335
5-14B,5.0,339.0928,0.6293164892691732,0.5118902209602927
5-14B,5.0,341.1089,0.6163653399958469,0.18858923904810432
5-14B,5.0,344.0393,-0.7293483789886771,0.14909933059652034
5-14B,5.0,346.0556,-0.48007033475315286,0.13399937469801942
5-14B,5.0,348.087,-0.9262888615294027,0.22219554782640685
5-14B,5.0,353.0489,-0.71318718579194,0.6605780775134136
5-14B,5.0,357.089,-0.6318857367508685,0.2233813816894974
5-14B,5.0,375.131,0.29145582828353445,0.49613978138797243
5-14B,5.0,377.1496,0.03929447755796717,0.9942661522107497
5-14B,5.0,383.1188,0.7999950346678646,0.3039681123166392
5-14B,5.0,388.9416,2.2339306454984786,0.11809200861877231
5-14B,5.0,388.9442,2.0697440902692197,0.48851357933687456
5-14B,5.0,401.0756,0.818401286218867,0.10160556274366708
5-14B,5.0,407.2795,-0.2353899609877973,0.303063682905365
5-14B,5.0,421.0743,0.20334926337328885,0.7767280817054193
5-14B,5.0,426.0222,-0.09912777406664579,0.2277358687661668
5-14B,5.0,442.9997,-0.1800845728356811,0.12712890076486433
5-14B,5.0,466.9657,0.2628995509023746,0.3558911790113509
5-14B,5.0,490.9787,0.30799427861275214,0.4640968562662831
5-14B,5.0,503.1614,0.6812007397920194,0.48036034805412536
5-14B,5.0,547.0731,0.2633631688724215,0.2986571213207593
5-14B,5.0,565.0471,0.8610272054093484,0.6781013989731643
5-14B,5.0,578.8872,1.1360232431373525,0.13123341002781194
5-14B,5.0,579.0269,0.9696711867711869,0.07852396159557691
5-14B,5.0,612.2549,0.0026630272930705315,0.2912521884234119
5-14B,5.0,624.2949,-0.285578516739154,0.609677814334599
5-14B,5.0,659.307,0.053211870449882084,0.17568060216355474
5-14B,5.0,664.0939,-0.6524861199940755,0.11194346974786003
5-14B,5.0,665.2144,-0.3608138081916429,0.3072894926238964
5-14B,5.0,668.1374,-0.6115962805811102,0.000571203952503052
5-14B,5.0,787.255,0.1686366458804716,0.18060814713118992
5-14B,5.0,790.2568,0.2025409287259336,0.3455821085989872
5-14B,5.0,835.0407,-0.6577549155836215,0.04279686566716041
5-14B,5.0,863.2971,-0.4341354365392964,0.16794159930270106
5-14B,5.0,864.1473,-0.31951359860062944,0.23472914690825836
5-14B,5.0,974.2935,-0.31816095864754235,0.2975895170707186
5-14B,5.0,976.7162,0.6218798920906523,0.2038934413109115
5-14B,6.0,57.0342,0.09224397389628478,0.15563781260800802
5-14B,6.0,58.0295,0.1579731050001707,0.3941283291681431
5-14B,6.0,59.0135,0.38839880120959525,0.1293817120450329
5-14B,6.0,71.0137,0.5225221891859402,0.07211331153696642
5-14B,6.0,73.0293,-0.6477051725051897,0.039159470472822394
5-14B,6.0,74.0247,2.0082086679037974,0.4103207477728718
5-14B,6.0,75.0087,0.7763047383601296,0.34759895725643547
5-14B,6.0,87.0088,-0.6148264262738637,0.021013338671249274
5-14B,6.0,87.0451,0.322049706403168,0.8007316299074478
5-14B,6.0,88.0403,-0.4678038996216003,0.042525365595279495
5-14B,6.0,88.9883,-0.4624455535593642,0.45779444136639486
5-14B,6.0,89.0244,-0.6687137907274121,0.06597974632445981
5-14B,6.0,93.0338,-0.027531022154242843,0.015635029984989283
5-14B,6.0,94.9761,-0.8969748201866992,0.3164622190803425
5-14B,6.0,94.9806,0.597190858195041,0.2821399341891028
5-14B,6.0,95.0139,0.471008205241378,0.10192022661592627
5-14B,6.0,101.0242,0.1088550251580571,0.1797027447522994
5-14B,6.0,102.056,0.26019551680776903,0.06711468516076576
5-14B,6.0,103.0402,-0.5910702545563271,0.027427787677493813
5-14B,6.0,103.0509,-0.5292927701376644,0.08905494775750482
5-14B,6.0,104.0352,0.5363671581060753,0.3641107140812172
5-14B,6.0,105.0193,0.010839454334829553,0.5499033923278839
5-14B,6.0,107.0503,-0.2830016861024093,0.6955469749821116
5-14B,6.0,109.0295,0.8721331535410716,0.11045943454590829
5-14B,6.0,111.02,0.5376262577580457,0.02700297849340568
5-14B,6.0,112.0516,0.8290655879089701,0.7650433621163372
5-14B,6.0,113.0244,0.4963053271539286,0.06492375711752472
5-14B,6.0,113.0357,1.0992746306732035,0.035865856675936204
5-14B,6.0,114.056,2.464870911581486,0.03860395351395245
5-14B,6.0,115.0037,-0.11306505564673144,0.10513873375218245
5-14B,6.0,115.0402,-0.44494440859211415,0.45344415223901036
5-14B,6.0,115.0764,0.22427663758027178,0.13994730457656998
5-14B,6.0,116.0354,2.387580530206553,0.470753414272796
5-14B,6.0,116.0717,-0.6628053493535799,0.014766893208426606
5-14B,6.0,117.0194,-0.6259012370988017,0.021802292909926236
5-14B,6.0,118.0508,0.668279404379422,0.4492425468728155
5-14B,6.0,118.9804,0.5010277778574238,0.09267572320016879
5-14B,6.0,119.0503,-0.1543747630714834,0.24298751310266262
5-14B,6.0,120.9273,-0.581086505742514,0.16931685465071764
5-14B,6.0,121.0295,-0.08551541843449961,0.2253164492220312
5-14B,6.0,121.0409,-0.44952769969689893,0.5662777216693162
5-14B,6.0,122.0248,0.3303550412434946,0.16030188204057458
5-14B,6.0,124.0075,-0.030669377233467826,0.18486608522042167
5-14B,6.0,124.0144,0.4619052962296316,0.22846643590601887
5-14B,6.0,125.0439,0.2898076983140563,0.19025470879200856
5-14B,6.0,127.0764,-0.04976470042309468,0.27452064128560955
5-14B,6.0,128.0354,-0.18633004228092154,0.03477111206430237
5-14B,6.0,129.0193,0.0621994236215663,0.07959049725687488
5-14B,6.0,129.0556,-0.0005120612904043476,0.5426927730294678
5-14B,6.0,130.0142,0.47349754645124226,0.5877069439803295
5-14B,6.0,130.0509,-0.2196795822682181,0.029251404464083433
5-14B,6.0,130.0874,-0.6578052460336308,0.06957784202589935
5-14B,6.0,131.0008,-0.7155374180090517,1.004176191675212
5-14B,6.0,131.0123,-0.6822986183758692,0.08014848361191869
5-14B,6.0,131.035,0.3196192280957672,0.19448084918409414
5-14B,6.0,131.0462,0.38245672632682437,0.20948303856766928
5-14B,6.0,131.0828,-0.06657498955224536,0.1717294457465851
5-14B,6.0,132.0302,0.3764443298328965,0.0694296942361266
5-14B,6.0,133.0142,-0.10777557628244572,0.06101919173883496
5-14B,6.0,133.0257,-0.17373633717036077,0.08508488205985176
5-14B,6.0,133.0505,-0.08019564756297565,0.01967374946431146
5-14B,6.0,134.0472,0.5577638001896097,0.25181548172045404
5-14B,6.0,134.0604,0.4990944696899485,0.29048714865815484
5-14B,6.0,135.0302,-0.26857333416426343,0.09310367957822946
5-14B,6.0,135.0453,0.23482496619276033,0.11385656912350461
5-14B,6.0,136.0404,-0.468371887813664,0.11795873287735582
5-14B,6.0,136.0487,-0.12870265577143988,0.22215650117436095
5-14B,6.0,136.0767,0.22074137703970187,0.4295081795265228
5-14B,6.0,137.0239,-0.09268484440036287,0.16489899590923304
5-14B,6.0,138.9789,-1.2711120336189774,0.25495050810350967
5-14B,6.0,139.0014,0.03128101264780762,0.017450948443055007
5-14B,6.0,139.0067,-0.712947935332058,0.046653091055205965
5-14B,6.0,139.976,-0.9470954813786182,0.26996523784685666
5-14B,6.0,143.0713,-0.038457743832328244,0.2591484484163066
5-14B,6.0,143.1077,-0.3503062558901566,0.42204789149645244
5-14B,6.0,145.0141,-0.3199014894649379,0.14545740091120052
5-14B,6.0,145.0506,-0.884379432013234,0.13706931819972823
5-14B,6.0,145.0623,-0.5507464826949161,0.0510014883108808
5-14B,6.0,145.0982,0.03207837432693622,0.3187986269753853
5-14B,6.0,145.1106,-0.27372195552403156,0.2679689431496922
5-14B,6.0,146.0459,0.6878219434278465,0.03752658670787144
5-14B,6.0,147.0298,-0.4673798883968695,0.06288875701532927
5-14B,6.0,147.0662,0.22160758166791,0.030733932472390833
5-14B,6.0,149.0092,-0.1561531052575189,0.03593748569965564
5-14B,6.0,149.0456,0.9354871092468218,0.16093828881447944
5-14B,6.0,149.0608,-0.15618218717967675,0.7183302250699112
5-14B,6.0,150.0422,0.08716606194169803,0.2542077667592692
5-14B,6.0,150.9707,-0.16213400317324475,0.337855606441844
5-14B,6.0,151.0259,-0.6410667074775369,0.06025646638926916
5-14B,6.0,151.04,-0.47974139065964494,0.7503566222787563
5-14B,6.0,151.06,-0.7612349728376069,0.6965248492565517
5-14B,6.0,152.0353,-0.2834003375274834,0.48284087608697723
5-14B,6.0,152.0716,-0.1579207717268087,0.5348819925130022
5-14B,6.0,153.0192,1.1491796791771363,0.042946105747609334
5-14B,6.0,154.062,-0.22296823452956321,0.06707529794502357
5-14B,6.0,154.9751,-0.4841539116449449,0.024519372167219763
5-14B,6.0,155.0099,0.643929148370489,0.03189383660775486
5-14B,6.0,157.0128,-0.39089984301856284,0.0860923690957986
5-14B,6.0,157.0255,0.7740587523242768,0.08308811255189368
5-14B,6.0,157.0379,0.7582948734706347,0.06997848903640583
5-14B,6.0,157.0504,-0.45243828109215667,0.03334610072728553
5-14B,6.0,159.0297,0.5161691639124428,0.40520111211014037
5-14B,6.0,159.0775,-0.05756328289770932,0.03460483880712475
5-14B,6.0,160.0616,0.4611364736233836,0.27228715069900883
5-14B,6.0,161.0453,-0.1794040747120283,0.1918213310875503
5-14B,6.0,162.0424,0.46549145475058806,0.2201438209084392
5-14B,6.0,163.0351,-0.8064495863257201,0.20245216080026687
5-14B,6.0,163.0398,1.8238681703111526,0.09560846655548765
5-14B,6.0,163.0611,-0.56336687271617,0.526457431158033
5-14B,6.0,164.0716,-0.259738361747729,0.11563673926711344
5-14B,6.0,165.03,-0.4442710386889148,0.27919257915641255
5-14B,6.0,165.0405,0.08791194685239445,0.2748367271651081
5-14B,6.0,165.0556,-0.13798157691565294,0.10263558552805287
5-14B,6.0,166.0508,-0.05275295527492078,0.20082297330634313
5-14B,6.0,166.0632,-1.046159713002672,0.8858836527222617
5-14B,6.0,166.9759,-0.7601301007901773,0.15635499628266947
5-14B,6.0,167.0207,-0.24922619952761604,0.3998290794854331
5-14B,6.0,167.0358,-0.7250074266122242,0.45329413342441827
5-14B,6.0,167.0828,-0.31350116987169063,0.49142130389428623
5-14B,6.0,168.0277,0.6035756990303871,0.0952446766472567
5-14B,6.0,168.0664,0.3377233632762394,0.6202296013538927
5-14B,6.0,170.0455,-0.5202077410870692,0.013175564785931347
5-14B,6.0,171.0065,-0.48385940696818824,0.12281164326106032
5-14B,6.0,171.0092,-0.369957679761933,0.10334613219464373
5-14B,6.0,171.0284,-0.2639363910957454,0.02902758378647806
5-14B,6.0,172.0616,0.6452205845809965,0.1997775312428784
5-14B,6.0,172.962,-0.4762344352206228,0.07738998072900094
5-14B,6.0,173.0089,-0.5800472205021254,0.06530538246247601
5-14B,6.0,173.0453,0.11004620505273172,0.1962327427081863
5-14B,6.0,173.0932,-0.6831111418380131,0.09171310859845083
5-14B,6.0,173.1041,-0.1733304509838075,0.20942317727895837
5-14B,6.0,174.0407,-0.12192780146459137,0.021056593203071173
5-14B,6.0,174.088,-0.27557197750606416,0.16793437475477227
5-14B,6.0,175.022,-0.5115573398205832,0.17145770681107278
5-14B,6.0,175.0361,0.3750304306426928,0.0228637122388163
5-14B,6.0,175.0611,-0.4204751331682669,0.04138266918666224
5-14B,6.0,176.0776,-0.2930283682226017,0.25479586630177814
5-14B,6.0,177.0402,0.3368915858507833,0.43966942339930987
5-14B,6.0,177.0553,-0.05952636241060072,0.4930715582551293
5-14B,6.0,178.0509,-0.42249945061351674,0.03475348921760958
5-14B,6.0,179.0348,0.7686324634586035,0.2694874869145106
5-14B,6.0,179.0561,0.24152634608923298,0.09194133704936497
5-14B,6.0,180.0663,0.15757125651670217,0.0975617623434696
5-14B,6.0,181.0505,0.20936697338657867,0.21383991569740649
5-14B,6.0,182.9725,0.31088546681529333,0.1161620363299507
5-14B,6.0,183.0661,-0.8432702213985093,0.6122313977162833
5-14B,6.0,184.0017,0.9791199039274792,0.15609654639787304
5-14B,6.0,184.9856,-0.6743133118364151,0.09916180878193137
5-14B,6.0,186.1136,-0.052882356023458615,0.4451509003526627
5-14B,6.0,187.0234,-0.9229971676227171,0.43044822754405887
5-14B,6.0,188.035,1.4371154995537025,0.5491499239405018
5-14B,6.0,188.0565,1.8416000212519528,0.11007225219900643
5-14B,6.0,189.0405,0.12184796515011709,0.18273653703219642
5-14B,6.0,191.0197,-0.1622198464809319,0.21609324396506643
5-14B,6.0,191.0561,-0.30356030480770424,0.08418747676292998
5-14B,6.0,192.0663,0.49472693401016143,0.45433306784885347
5-14B,6.0,193.0349,0.22353971941279363,0.17518801042690252
5-14B,6.0,194.0682,-0.489308681952869,0.11853235885297503
5-14B,6.0,194.0822,-0.4511953043770535,0.6768467364079211
5-14B,6.0,195.0509,1.6699950919188886,0.07954041623368395
5-14B,6.0,195.0657,0.17666066507963069,0.7121808197651873
5-14B,6.0,196.0603,1.2925495783506906,0.24793401690289685
5-14B,6.0,198.0182,-0.07272480582877454,0.25388362629811145
5-14B,6.0,199.0019,-0.40058617471063773,0.4655063109123749
5-14B,6.0,200.9937,-0.09661519758026643,0.23048677587341446
5-14B,6.0,201.0051,0.647263136553855,0.5717400189537473
5-14B,6.0,203.0348,-0.7232469565924684,0.1403476709901374
5-14B,6.0,203.0826,-0.10035809630102938,0.004446389537653785
5-14B,6.0,204.0498,0.23484947195366696,0.9555507704897173
5-14B,6.0,205.0351,-0.5542346464673819,0.22562343451293215
5-14B,6.0,206.0822,0.28100308910492733,0.7034760936664515
5-14B,6.0,209.0292,-1.0508325363939368,0.40972580397483094
5-14B,6.0,209.0814,-0.5911296769735997,0.1336912088532077
5-14B,6.0,211.0235,-0.7238649257150063,0.4093912266675737
5-14B,6.0,211.9968,-0.1419723447944674,0.02377767036145382
5-14B,6.0,212.0331,1.1148727782427608,0.5339312420464146
5-14B,6.0,212.9807,-0.6538454378227934,0.05110296531413492
5-14B,6.0,213.014,-0.6301653863015577,0.23271945257082452
5-14B,6.0,213.0384,-0.5673304096766494,0.3696437128242561
5-14B,6.0,213.1252,0.05072502165630924,0.9965524123926247
5-14B,6.0,214.0488,0.28418021678870453,0.9380617319510333
5-14B,6.0,215.0331,0.4704204257101787,0.11145699106743699
5-14B,6.0,216.1351,2.757975251717732,0.4407105090967811
5-14B,6.0,218.0335,0.5729220674094503,0.09125503520848306
5-14B,6.0,218.1034,1.569563657198621,0.244623179445505
5-14B,6.0,220.0828,0.13713295514246343,0.8907727927057326
5-14B,6.0,221.0443,0.31503890738080953,0.027347353662598384
5-14B,6.0,221.0664,0.19381653000539817,0.7394514779930204
5-14B,6.0,225.0399,0.3590105794388484,1.0289431572761005
5-14B,6.0,225.0861,-0.6946094165684666,0.4910384185183024
5-14B,6.0,225.0901,-0.7436290182035435,0.5456977380570218
5-14B,6.0,226.0135,-0.5330630063603978,0.14276144941764324
5-14B,6.0,226.0697,0.3397815043200184,0.2104839733660258
5-14B,6.0,228.0501,0.22780346083730263,0.45584857792149686
5-14B,6.0,229.0122,-0.46406023506982574,0.2320230595657048
5-14B,6.0,237.0614,0.18367593677313349,0.2886953806882428
5-14B,6.0,238.0945,-0.5144506853836256,0.0868512168374116
5-14B,6.0,240.0515,0.4143358634923553,0.09430301382536262
5-14B,6.0,241.0844,-0.39764523921681716,0.45296036120879934
5-14B,6.0,242.0804,0.3711934070708174,0.4956915597127538
5-14B,6.0,243.029,-0.7740516235641206,0.22489298556970022
5-14B,6.0,243.0625,-0.5895422534619377,0.38131320971899957
5-14B,6.0,245.0444,-0.4939203067051907,0.5192438340451023
5-14B,6.0,246.0198,-0.5248459805594886,0.030533179124065526
5-14B,6.0,246.064,0.6476412644817813,0.17516379187405687
5-14B,6.0,251.0816,0.7904542720689403,0.47910687833247156
5-14B,6.0,253.0119,2.964362372670405,0.118639234470858
5-14B,6.0,253.0499,0.8100567102574836,0.4120680178750196
5-14B,6.0,257.0072,-0.409229957359054,0.31537664893004813
5-14B,6.0,257.1028,0.0474690926909236,0.6076700698829067
5-14B,6.0,259.005,-0.8211515115147494,0.23760974656497977
5-14B,6.0,259.0227,0.2681046209170581,0.10713336194469453
5-14B,6.0,261.0385,-0.4850052618432904,0.4427827319795705
5-14B,6.0,266.0703,0.6292932621550792,0.16990594014280264
5-14B,6.0,267.0724,-0.3901693007589931,0.06769786999435394
5-14B,6.0,268.02,-0.49651413070465644,0.30046680340014836
5-14B,6.0,269.0398,-0.6868701248931068,0.13323800160510452
5-14B,6.0,271.0612,-0.3770692466500866,0.17367106798817317
5-14B,6.0,271.0815,0.11122320054372425,0.5171241020857754
5-14B,6.0,273.0021,-0.6607675267498845,0.08914606261079246
5-14B,6.0,274.0933,0.7267820415046321,0.27489591278497816
5-14B,6.0,275.0184,0.7655904082341058,0.40117825788904127
5-14B,6.0,275.0991,-0.12726617880446817,0.19325423932329278
5-14B,6.0,277.1207,0.1347187074695209,0.07992807948172802
5-14B,6.0,277.2169,-0.5082818072749631,0.27259026657389424
5-14B,6.0,279.2331,-0.3587962835339425,0.021029108991923718
5-14B,6.0,282.0839,0.7380374747121846,1.107973137278198
5-14B,6.0,283.2063,-0.5549649054923749,0.2068012127536938
5-14B,6.0,285.0972,-0.18708303424103628,0.5764816413066685
5-14B,6.0,287.0157,-0.1859906611850998,0.47850024734847135
5-14B,6.0,288.0725,3.499117901810076,0.2193943553292627
5-14B,6.0,289.0333,-0.48938439336813716,0.5639870322952436
5-14B,6.0,289.1044,0.10878858135133508,0.22966501931344888
5-14B,6.0,290.9677,3.509346793922619,0.24954778740884892
5-14B,6.0,294.0479,-0.413004840905166,0.40248703479930414
5-14B,6.0,300.0509,0.5197698370563915,1.1239493550234891
5-14B,6.0,301.0333,-0.6552152385968026,0.39179414480876124
5-14B,6.0,303.2326,-0.05090903086931919,0.20397324003335032
5-14B,6.0,305.0207,0.14522537241193398,0.19949661664468543
5-14B,6.0,306.0481,-0.8375807574919352,0.14217380737537583
5-14B,6.0,306.0765,-0.19027588507808835,0.022306707755170397
5-14B,6.0,308.0986,-0.19069143130728688,0.037036028007260365
5-14B,6.0,313.0441,-0.3005793642601006,0.3199382213530852
5-14B,6.0,313.1037,-0.7216659309702178,0.4132831791458446
5-14B,6.0,317.026,-0.11685573119272566,0.47507881598482493
5-14B,6.0,323.0256,-1.014093270065159,0.3736128601330225
5-14B,6.0,325.1163,-0.15580375962341508,0.5442374713278106
5-14B,6.0,328.0457,0.3245575841224053,0.12495061844174658
5-14B,6.0,333.0589,0.3562527338369573,0.13195994853588888
5-14B,6.0,338.9884,-0.7850073991246429,0.05291383986096959
5-14B,6.0,339.0928,0.2770869315607524,0.40364548392185307
5-14B,6.0,341.1089,0.12885475793931478,0.06595221714424603
5-14B,6.0,344.0393,-0.5832199906268059,0.3186801086253075
5-14B,6.0,346.0556,-0.25237891819303604,0.051063955475438724
5-14B,6.0,348.087,-0.6255626650143917,0.1019502682738985
5-14B,6.0,353.0489,-0.7446037926365359,0.21126167011053182
5-14B,6.0,357.089,-0.18007726515789557,0.15310744187111192
5-14B,6.0,375.131,-0.039465291365855096,0.6227335221862549
5-14B,6.0,377.1496,-0.5871592786534834,0.18260244718621788
5-14B,6.0,383.1188,0.2804927780517299,0.6436100948340779
5-14B,6.0,388.9416,3.239946447539572,0.7834583040908281
5-14B,6.0,388.9442,2.921275269890056,0.695571435057538
5-14B,6.0,401.0756,0.5376066514689787,0.12133300298668656
5-14B,6.0,407.2795,-0.09848416101058512,0.6277473976950387
5-14B,6.0,421.0743,-0.18768638491478698,0.5020331672768904
5-14B,6.0,426.0222,-0.1804213366488906,0.40140917468757153
5-14B,6.0,442.9997,-0.23917821669514439,0.1151286933657813
5-14B,6.0,466.9657,-0.02630715076603543,0.169279093171363
5-14B,6.0,490.9787,0.12130463123662633,0.5237781735530865
5-14B,6.0,503.1614,-0.20068058037745304,0.2889830701639725
5-14B,6.0,547.0731,0.6993350571035756,0.175588553747117
5-14B,6.0,565.0471,1.0205692938255395,0.4459331110486
5-14B,6.0,578.8872,0.6088297585551219,0.09519027812037015
5-14B,6.0,579.0269,0.517382378969079,0.1060109063758621
5-14B,6.0,612.2549,-0.02211189559982228,0.3758969830778714
5-14B,6.0,624.2949,-0.2360357448000048,0.3683461974999119
5-14B,6.0,659.307,-0.395285720997787,0.19665306192280646
5-14B,6.0,664.0939,-0.6775982645507381,0.1404844382603629
5-14B,6.0,665.2144,-0.9026725895464869,0.43359276008819453
5-14B,6.0,668.1374,-0.6081103462384994,0.0034515798991297713
5-14B,6.0,787.255,-0.2878259005466148,0.3753330693598476
5-14B,6.0,790.2568,-0.1300695466835367,0.3504278226758435
5-14B,6.0,835.0407,-0.7785367115415163,0.16113304612044135
5-14B,6.0,863.2971,-0.5858176063695848,0.06773475811406202
5-14B,6.0,864.1473,-0.7372969622774367,0.19611573816490854
5-14B,6.0,974.2935,-0.8539392979957964,0.3878745614653023
5-14B,6.0,976.7162,0.13275905575687008,0.14662248761504978
5-14B,7.0,57.0342,0.27720089882297344,0.13109691269950774
5-14B,7.0,58.0295,0.742872406563851,0.7075186860629666
5-14B,7.0,59.0135,0.322950732230016,0.08295504077162441
5-14B,7.0,71.0137,0.41953931057688876,0.1428916872855562
5-14B,7.0,73.0293,-0.28111530649587724,0.029215295240902654
5-14B,7.0,74.0247,2.5762217514029775,0.6306762972956962
5-14B,7.0,75.0087,0.7194092351163532,0.42350068448153094
5-14B,7.0,87.0088,-0.6198930042726795,0.03455481321210469
5-14B,7.0,87.0451,-0.3871189892572157,0.34336399271077395
5-14B,7.0,88.0403,-0.20416096471219147,0.026418273521694534
5-14B,7.0,88.9883,-1.0360129605685693,0.5878521938507049
5-14B,7.0,89.0244,-0.7419881437210296,0.07373971632884761
5-14B,7.0,93.0338,-0.00812155251594905,0.023203216617597416
5-14B,7.0,94.9761,-1.0859116415084977,0.175176202224318
5-14B,7.0,94.9806,1.0120124968874165,0.060374069642767876
5-14B,7.0,95.0139,0.2595408829841889,0.1488480053681479
5-14B,7.0,101.0242,-0.042560771611741724,0.08293753055083877
5-14B,7.0,102.056,0.6147417923837386,0.030121357501969884
5-14B,7.0,103.0402,-0.5200006990813429,0.05478610194006013
5-14B,7.0,103.0509,-0.5658438441691598,0.09155279365224432
5-14B,7.0,104.0352,0.18006311048238915,0.3443702403098143
5-14B,7.0,105.0193,-0.5989724856885594,0.07206659009663467
5-14B,7.0,107.0503,0.3218263177167733,0.2474723002749264
5-14B,7.0,109.0295,1.618662026006235,0.09539715990833894
5-14B,7.0,111.02,1.5048112150021935,0.08249797926812634
5-14B,7.0,112.0516,1.1467695777567297,0.16744211355948893
5-14B,7.0,113.0244,0.4161776036281821,0.02747197214253274
5-14B,7.0,113.0357,1.7680400875854092,0.1591976332969071
5-14B,7.0,114.056,2.3457007276806685,0.04770418421061246
5-14B,7.0,115.0037,0.24727959648073267,0.1229019697436632
5-14B,7.0,115.0402,-0.21648190920522978,0.2936671169362433
5-14B,7.0,115.0764,0.4511230577708629,0.3227069025861658
5-14B,7.0,116.0354,2.670177233091063,0.4722518741859152
5-14B,7.0,116.0717,-0.6706733870169521,0.018652087004430683
5-14B,7.0,117.0194,-0.3340265234887132,0.029589241800634682
5-14B,7.0,118.0508,0.8979771561623882,0.34919489557043887
5-14B,7.0,118.9804,0.3557115145216663,0.05922991571734973
5-14B,7.0,119.0503,0.2566589017902774,0.24309404032108037
5-14B,7.0,120.9273,-0.5008509923633726,0.1096104580960422
5-14B,7.0,121.0295,0.4439594053971566,0.23314423260630968
5-14B,7.0,121.0409,-0.17220027175524116,0.3199242141971224
5-14B,7.0,122.0248,0.22821902490731732,0.14821439903896974
5-14B,7.0,124.0075,-0.2829268473109796,0.33165104237342435
5-14B,7.0,124.0144,0.23104731370133746,0.17680511452574366
5-14B,7.0,125.0439,0.16053324170030983,0.2232907785756886
5-14B,7.0,127.0764,0.2587981972285575,0.416761909555059
5-14B,7.0,128.0354,-0.15865139570422043,0.006408267489728481
5-14B,7.0,129.0193,0.4200641305175067,0.03831931926578487
5-14B,7.0,129.0556,0.0806314059990578,0.47721738871874836
5-14B,7.0,130.0142,0.41848739608421137,0.5653568774441663
5-14B,7.0,130.0509,0.5873814671171105,0.0687162099880608
5-14B,7.0,130.0874,-0.7588940976948041,0.017817638404661707
5-14B,7.0,131.0008,-0.9143259858001556,1.1803553382496226
5-14B,7.0,131.0123,-0.5354883505404282,0.057476954780492036
5-14B,7.0,131.035,-0.3139453467317561,0.13860164834239924
5-14B,7.0,131.0462,-0.4586896605379594,0.22786815095926485
5-14B,7.0,131.0828,-0.41468511390505824,0.14301496075712347
5-14B,7.0,132.0302,1.0966016377258456,0.06841993456496753
5-14B,7.0,133.0142,-0.11214747025325143,0.04838832587800108
5-14B,7.0,133.0257,-0.12583425889367156,0.06542139215722036
5-14B,7.0,133.0505,0.39888876007842206,0.06334799262877452
5-14B,7.0,134.0472,0.422671336532208,0.2132655660053709
5-14B,7.0,134.0604,0.032423806684413706,0.3443790047334005
5-14B,7.0,135.0302,-0.40986044205457384,0.07544066814439898
5-14B,7.0,135.0453,0.6934571696105282,0.04868629210186653
5-14B,7.0,136.0404,-0.4816131557253343,0.05899824833425655
5-14B,7.0,136.0487,0.5775921157968381,0.30943230151341405
5-14B,7.0,136.0767,0.14399089603033952,0.28186979206992757
5-14B,7.0,137.0239,-0.026379081717065492,0.06972153872163912
5-14B,7.0,138.9789,-0.13648179162825524,0.2008394931697075
5-14B,7.0,139.0014,0.2990913968363593,0.040747240686031104
5-14B,7.0,139.0067,-0.6991607630916119,0.01820986852886401
5-14B,7.0,139.976,0.19156495202141988,0.5255967037215167
5-14B,7.0,143.0713,-0.042641468838852684,0.3726030560786944
5-14B,7.0,143.1077,0.21978365577745726,0.10532146124432934
5-14B,7.0,145.0141,-0.3424770364459352,0.03532774246383593
5-14B,7.0,145.0506,-0.298664786419482,0.12151150319832872
5-14B,7.0,145.0623,-0.5759740095566995,0.07872998299443153
5-14B,7.0,145.0982,-0.5706763200821403,0.1201291837576161
5-14B,7.0,145.1106,-0.7526694193613108,0.6097525496494541
5-14B,7.0,146.0459,1.1279441718135654,0.04352559611306729
5-14B,7.0,147.0298,-0.3677762220880755,0.07334779135367578
5-14B,7.0,147.0662,0.6836599271076644,0.05932958560736639
5-14B,7.0,149.0092,0.023264175217681284,0.2742264614678129
5-14B,7.0,149.0456,1.1111464978499943,0.2983714428259063
5-14B,7.0,149.0608,0.46298194963876116,0.20980006373391977
5-14B,7.0,150.0422,-0.8725745959635202,0.2888623059959149
5-14B,7.0,150.9707,-0.5090786104191358,0.7084070911402217
5-14B,7.0,151.0259,-0.6514224326104996,0.01472167444128425
5-14B,7.0,151.04,-0.022699367504794524,0.24290514302665062
5-14B,7.0,151.06,0.4895725315145305,0.5645025166174351
5-14B,7.0,152.0353,0.253863975067209,0.5051294388183916
5-14B,7.0,152.0716,-0.6233303261409744,0.3612551373920339
5-14B,7.0,153.0192,1.4739788923773038,0.07938038252438152
5-14B,7.0,154.062,-0.35854403170552696,0.05545846444488882
5-14B,7.0,154.9751,-0.15927758580228907,0.04965591764967772
5-14B,7.0,155.0099,1.7595831177693717,0.08992368534522667
5-14B,7.0,157.0128,-0.006308775813830013,0.16088455717433053
5-14B,7.0,157.0255,1.6673151752066455,0.054739728796379436
5-14B,7.0,157.0379,1.5265492068917277,0.07931876375793186
5-14B,7.0,157.0504,-0.011987731269435992,0.131805544071573
5-14B,7.0,159.0297,-0.220596762739325,0.14710743671358525
5-14B,7.0,159.0775,0.3032000352243233,0.09805876048122959
5-14B,7.0,160.0616,0.6211192153208398,0.29194523082559887
5-14B,7.0,161.0453,-0.7696975536239707,0.056768297064570074
5-14B,7.0,162.0424,0.4382394287122517,0.3106579776862691
5-14B,7.0,163.0351,-0.7416369598395448,0.10636023342012649
5-14B,7.0,163.0398,2.73546767887485,0.17142794467421352
5-14B,7.0,163.0611,0.5598598236791426,0.5309813197214536
5-14B,7.0,164.0716,-0.5310702536455212,0.07097404353875966
5-14B,7.0,165.03,-0.5271990380919003,0.29323678096114497
5-14B,7.0,165.0405,0.08730958756091126,0.4160562367176295
5-14B,7.0,165.0556,0.3144777486958833,0.15404656988927629
5-14B,7.0,166.0508,0.5347520330839903,0.26916226261243825
5-14B,7.0,166.0632,-0.3856123619934085,0.5497875441912258
5-14B,7.0,166.9759,-0.4302398319885617,0.3386935019818578
5-14B,7.0,167.0207,0.15799076457076372,0.23418008880262947
5-14B,7.0,167.0358,-0.36868482939902175,0.4343935044567179
5-14B,7.0,167.0828,-0.3794028630509757,0.8755165375936101
5-14B,7.0,168.0277,1.021719161380305,0.0695968625292354
5-14B,7.0,168.0664,-0.3621312296410347,0.5275603605627736
5-14B,7.0,170.0455,-0.3640944919974237,0.06635362582212616
5-14B,7.0,171.0065,-0.4347180146919841,0.10059870466718841
5-14B,7.0,171.0092,-0.30127949170452445,0.12316144670787475
5-14B,7.0,171.0284,0.033211598554030004,0.13623235090681665
5-14B,7.0,172.0616,0.8261869705183944,0.27878459217626306
5-14B,7.0,172.962,-0.3833129203431631,0.05065971657501547
5-14B,7.0,173.0089,-0.19042846690616339,0.10151076822982104
5-14B,7.0,173.0453,0.3979853377870197,0.0631276250070464
5-14B,7.0,173.0932,-0.529773367510346,0.10595270104034053
5-14B,7.0,173.1041,0.18439579955659632,0.7196127073891088
5-14B,7.0,174.0407,0.698202905543156,0.05268808134748639
5-14B,7.0,174.088,0.47344189536761366,0.1361372466487037
5-14B,7.0,175.022,-0.14356116452559703,0.1380899411636764
5-14B,7.0,175.0361,1.0601681358182786,0.06302950287619101
5-14B,7.0,175.0611,-0.0917606146545954,0.04871334153979852
5-14B,7.0,176.0776,-0.06965974973400814,0.17442250204723353
5-14B,7.0,177.0402,-0.19658425750889935,0.1787120346378843
5-14B,7.0,177.0553,-0.19095807008923174,0.37999236247178625
5-14B,7.0,178.0509,-0.12817567491226378,0.042664574462454
5-14B,7.0,179.0348,1.500244461522696,0.19332550819995561
5-14B,7.0,179.0561,0.05477971065682814,0.07743275342247162
5-14B,7.0,180.0663,-0.01917870779907908,0.11674075938294039
5-14B,7.0,181.0505,0.5372093844750181,0.11852841547656959
5-14B,7.0,182.9725,0.009857320802438473,0.17768527358416053
5-14B,7.0,183.0661,-0.8882610942769441,0.3701543714654933
5-14B,7.0,184.0017,1.6814904228621934,0.1499619183597056
5-14B,7.0,184.9856,-0.7478355448474482,0.08997776721958232
5-14B,7.0,186.1136,0.12393375621757707,0.23627523976050166
5-14B,7.0,187.0234,-0.6308468136526384,0.478886985057229
5-14B,7.0,188.035,1.6683332661601051,0.6766164970026987
5-14B,7.0,188.0565,2.6912868727616326,0.1670986029420419
5-14B,7.0,189.0405,0.10791380855146497,0.14328354993292683
5-14B,7.0,191.0197,-0.017207026939206088,0.29356166449810606
5-14B,7.0,191.0561,0.02248540054674618,0.08900387381486813
5-14B,7.0,192.0663,-0.5872056995481412,0.38148288729117014
5-14B,7.0,193.0349,-0.1317588342065847,0.19891694367139934
5-14B,7.0,194.0682,0.4934784250452296,0.34791567524535044
5-14B,7.0,194.0822,-0.22646261488033081,0.24090404486855457
5-14B,7.0,195.0509,1.0733818439646408,0.25070514534757465
5-14B,7.0,195.0657,-0.3550964956436422,0.4412137238478071
5-14B,7.0,196.0603,1.3839681425379224,0.16531366455260657
5-14B,7.0,198.0182,0.7468703989614613,0.25271273291911867
5-14B,7.0,199.0019,0.8228845751703453,0.2426259710655089
5-14B,7.0,200.9937,-0.08369609039649162,0.32132233044690617
5-14B,7.0,201.0051,2.3008551127189962,0.3035080446800877
5-14B,7.0,203.0348,-0.508183317256463,0.2616545744086459
5-14B,7.0,203.0826,-0.093071597558149,0.009388598022056851
5-14B,7.0,204.0498,0.45398548433705743,0.5559211830396678
5-14B,7.0,205.0351,-0.40174443677931837,0.13323840618642246
5-14B,7.0,206.0822,0.1918642998956144,0.4177240490492313
5-14B,7.0,209.0292,-0.7601717824848513,0.35134427096927584
5-14B,7.0,209.0814,-0.7924263714477325,0.5329530434373926
5-14B,7.0,211.0235,-0.28262296000156506,0.3349177284036769
5-14B,7.0,211.9968,0.6294501233782028,0.11674037467339503
5-14B,7.0,212.0331,0.8856647525200896,0.25406234955231444
5-14B,7.0,212.9807,-0.5192490197111745,0.030436402786238693
5-14B,7.0,213.014,-1.0045792292510787,0.2670951334073673
5-14B,7.0,213.0384,-0.5559027392160215,0.14451769076949322
5-14B,7.0,213.1252,-0.03691952020284171,0.25883716799398687
5-14B,7.0,214.0488,-0.5591156505006397,1.0355730769036635
5-14B,7.0,215.0331,0.3552556778177134,0.08557249936143939
5-14B,7.0,216.1351,3.4152644952849203,0.4547629187600582
5-14B,7.0,218.0335,0.29666615924084394,0.0483789206879119
5-14B,7.0,218.1034,2.1674641850710192,0.14832707164862485
5-14B,7.0,220.0828,0.4393476149729703,1.117926150973535
5-14B,7.0,221.0443,0.6208977939502568,0.1706357645500481
5-14B,7.0,221.0664,-0.042813015100995,0.36026222720971063
5-14B,7.0,225.0399,-0.3079356342499887,1.1513474847086074
5-14B,7.0,225.0861,0.18417906168333426,0.041399970983368554
5-14B,7.0,225.0901,0.3570211784038081,1.2957218635850278
5-14B,7.0,226.0135,-0.24073856949075906,0.160537153694599
5-14B,7.0,226.0697,0.15456469160676592,0.4558888894610567
5-14B,7.0,228.0501,0.6557746753544802,0.39453675754456186
5-14B,7.0,229.0122,-0.41021439875549787,0.28292290378265395
5-14B,7.0,237.0614,0.6136104225766296,0.15648410536957716
5-14B,7.0,238.0945,-0.7201588637282772,0.13727875593891983
5-14B,7.0,240.0515,0.8745821743162863,0.026155837547579493
5-14B,7.0,241.0844,0.41722698077659165,1.0638475292502982
5-14B,7.0,242.0804,-0.3239778148659126,0.5866006578110476
5-14B,7.0,243.029,-0.3666037594422227,0.22926093838843478
5-14B,7.0,243.0625,-0.48956564496658617,0.34015589789152606
5-14B,7.0,245.0444,-0.2745344646321592,0.25813216841983655
5-14B,7.0,246.0198,-0.02681930988842758,0.42846197760621924
5-14B,7.0,246.064,0.49423262076738855,0.4514275826742107
5-14B,7.0,251.0816,-0.27518741929691615,0.5274730214386301
5-14B,7.0,253.0119,4.157068420593012,0.18782529131884898
5-14B,7.0,253.0499,0.47413883667410267,0.9874485155803745
5-14B,7.0,257.0072,-0.3938172591512289,0.20744469738771812
5-14B,7.0,257.1028,-0.7554544874333666,0.49958459792928533
5-14B,7.0,259.005,-0.6803639263268055,0.21970282383136858
5-14B,7.0,259.0227,-0.23952378189776902,0.10396060768750069
5-14B,7.0,261.0385,-0.4782730919930712,0.43241512651817754
5-14B,7.0,266.0703,1.1800813670160215,0.13477130228205306
5-14B,7.0,267.0724,-0.3849598576793495,0.07210527955152898
5-14B,7.0,268.02,-0.24288540256839206,0.48223857633591405
5-14B,7.0,269.0398,-0.6138820189973337,0.23487977822657313
5-14B,7.0,271.0612,-0.5542441131580496,0.4057808090784935
5-14B,7.0,271.0815,-0.4824854901505963,0.24090531266788834
5-14B,7.0,273.0021,-0.28770058099150014,0.10406233553083612
5-14B,7.0,274.0933,1.0192605106515562,0.4496447318934854
5-14B,7.0,275.0184,1.4163787824404264,0.5697729534163405
5-14B,7.0,275.0991,1.148261100530768,0.461395966553498
5-14B,7.0,277.1207,-0.37780025996939187,0.05194709335710576
5-14B,7.0,277.2169,0.27924485302684776,0.15668403024563596
5-14B,7.0,279.2331,0.4295093587812381,0.049824220158039
5-14B,7.0,282.0839,-0.9945544961501993,0.33746883093715035
5-14B,7.0,283.2063,0.010337333672940513,0.1988193135591619
5-14B,7.0,285.0972,-0.5849115354079335,0.23215321905308273
5-14B,7.0,287.0157,0.019809308026664835,0.40556781763483296
5-14B,7.0,288.0725,5.407814223232407,0.16300061462410087
5-14B,7.0,289.0333,0.1078675162190047,0.29125271471639713
5-14B,7.0,289.1044,0.0795144598814359,0.2640902313007753
5-14B,7.0,290.9677,4.664725536857402,0.42143893623650247
5-14B,7.0,294.0479,0.6997856806798305,0.6706545859958063
5-14B,7.0,300.0509,-0.8525681038173194,0.7420713989773219
5-14B,7.0,301.0333,-0.6018810422604126,0.806648696348777
5-14B,7.0,303.2326,-0.3231189918946399,0.23514438105003002
5-14B,7.0,305.0207,0.21945906271529608,0.21825538842796283
5-14B,7.0,306.0481,-0.6858133312935298,0.10069031949679454
5-14B,7.0,306.0765,-0.1998788969933191,0.011131153465149717
5-14B,7.0,308.0986,-0.3304517847515067,0.013539805421853875
5-14B,7.0,313.0441,0.42871795713355054,0.42731703875719873
5-14B,7.0,313.1037,-0.1161209312756341,0.12205565886443825
5-14B,7.0,317.026,0.12450563384232267,0.3299387879273215
5-14B,7.0,323.0256,-1.0356000669048133,0.32451432383986484
5-14B,7.0,325.1163,-0.1530206670139239,0.44574708198393304
5-14B,7.0,328.0457,0.41484467829486255,0.1945441733999886
5-14B,7.0,333.0589,0.7378562911798967,0.29740222799396915
5-14B,7.0,338.9884,-0.7610965813776052,0.038098874716706865
5-14B,7.0,339.0928,0.7226050107414528,0.6636942113862178
5-14B,7.0,341.1089,-0.04592817653159218,0.06787080935967103
5-14B,7.0,344.0393,-0.7551680566315642,0.03172335944467523
5-14B,7.0,346.0556,-0.7544598568544196,0.08661174603877943
5-14B,7.0,348.087,-0.12820780154725808,0.20752210508171248
5-14B,7.0,353.0489,-0.39827310289729917,0.7893858769873031
5-14B,7.0,357.089,-0.3135129277527114,0.18735004538767439
5-14B,7.0,375.131,0.2587176426497713,0.6548641435264176
5-14B,7.0,377.1496,-0.07558711299347409,0.5293246234678738
5-14B,7.0,383.1188,-0.3219915361936043,0.19128111995790018
5-14B,7.0,388.9416,4.602694855942418,0.6427201645900228
5-14B,7.0,388.9442,4.287755190911749,0.726803512400076
5-14B,7.0,401.0756,0.04361103894513197,0.13355127279867654
5-14B,7.0,407.2795,-0.31040122265195846,0.2715989488454774
5-14B,7.0,421.0743,-0.6306712135309889,0.42471118466015045
5-14B,7.0,426.0222,-0.6200935624458204,0.30746561860506605
5-14B,7.0,442.9997,-0.17893712344035173,0.14962193072088412
5-14B,7.0,466.9657,-0.07388390091096816,0.1364212167735463
5-14B,7.0,490.9787,0.47550348276530335,1.554520898315287
5-14B,7.0,503.1614,-0.4231353418333438,0.1428426758979997
5-14B,7.0,547.0731,1.209942215303487,0.20603561445648896
5-14B,7.0,565.0471,1.208522987028176,0.4470203533399198
5-14B,7.0,578.8872,0.11909538230627106,0.06537612590851578
5-14B,7.0,579.0269,0.19407684899563216,0.12070551525436007
5-14B,7.0,612.2549,-0.6724536215382587,0.5848055311634129
5-14B,7.0,624.2949,-0.28858110897789035,0.4856321668627453
5-14B,7.0,659.307,-0.5180562738082096,0.13652584471952825
5-14B,7.0,664.0939,-0.6032663166630168,0.1794059599834346
5-14B,7.0,665.2144,-0.410445269845912,0.6009082901856593
5-14B,7.0,668.1374,-0.5272264962205271,0.012463328031356235
5-14B,7.0,787.255,-0.17839994763601186,0.3623532146517633
5-14B,7.0,790.2568,0.1528108188103429,0.29097260931435087
5-14B,7.0,835.0407,-0.4978006452610041,0.28574038137044394
5-14B,7.0,863.2971,-0.7644817006408379,0.11680666134452099
5-14B,7.0,864.1473,-0.8090717378847974,0.8309269465406786
5-14B,7.0,974.2935,-1.2005789424521764,0.1834784190533703
5-14B,7.0,976.7162,-0.07172809242467695,0.2973094475897715
5-14B,8.0,57.0342,-0.2237241061868084,0.4252781693130464
5-14B,8.0,58.0295,1.5237493786722083,0.13719347960127787
5-14B,8.0,59.0135,0.054490983746367204,0.16916753444288782
5-14B,8.0,71.0137,0.16905572704049535,0.1393075571983762
5-14B,8.0,73.0293,0.19757720098392537,0.10685927105795752
5-14B,8.0,74.0247,2.1395585601163174,0.9015007982689058
5-14B,8.0,75.0087,0.9110974406759222,0.5630966767583224
5-14B,8.0,87.0088,-0.5893898343909205,0.0030485965323665347
5-14B,8.0,87.0451,-0.604462949696575,0.34364169211647533
5-14B,8.0,88.0403,0.2075483268430806,0.057570547218839
5-14B,8.0,88.9883,-0.35852393277720856,0.7841894139203263
5-14B,8.0,89.0244,-0.7345585608430287,0.07929842658838399
5-14B,8.0,93.0338,0.000353741504006729,0.031549212353495164
5-14B,8.0,94.9761,-1.0030804393741068,0.3504613312585991
5-14B,8.0,94.9806,0.9409708079960708,0.45275929725580283
5-14B,8.0,95.0139,-0.041981388645850486,0.12398249345527969
5-14B,8.0,101.0242,-0.27366560077441016,0.32080290762629804
5-14B,8.0,102.056,1.0016688057599317,0.16111839079847917
5-14B,8.0,103.0402,-0.37553296573704364,0.09579489679243514
5-14B,8.0,103.0509,-0.24500663878158968,0.12325138685165525
5-14B,8.0,104.0352,-0.009373355735490828,0.12836828019626575
5-14B,8.0,105.0193,-0.7928477370763827,0.3843692441860647
5-14B,8.0,107.0503,0.5494074366071808,0.7172717761990487
5-14B,8.0,109.0295,2.5951879184554802,0.4058044814686159
5-14B,8.0,111.02,1.8586297291219385,0.3214246816333726
5-14B,8.0,112.0516,1.0263345088018887,0.8889347631015945
5-14B,8.0,113.0244,-0.041798978392309366,0.0956029952365004
5-14B,8.0,113.0357,2.0048998032095273,0.2922211519426673
5-14B,8.0,114.056,2.0813323916158213,0.240734618302147
5-14B,8.0,115.0037,0.373015595649194,0.20831718455675724
5-14B,8.0,115.0402,-0.2876676373606482,0.5108341012228799
5-14B,8.0,115.0764,0.13978859550111408,0.9381249308721024
5-14B,8.0,116.0354,3.5951483753697993,0.3502849028761972
5-14B,8.0,116.0717,-0.5372576950383703,0.0316552375247482
5-14B,8.0,117.0194,0.11978111135723843,0.10234939860646186
5-14B,8.0,118.0508,1.0130143088995949,0.3456662218754335
5-14B,8.0,118.9804,0.05170558721479883,0.1348190771632943
5-14B,8.0,119.0503,0.18921017978631383,0.5561160186040497
5-14B,8.0,120.9273,-0.596464225330399,0.025863528954988328
5-14B,8.0,121.0295,0.0276883017808075,0.2736493019252989
5-14B,8.0,121.0409,-0.09855315396160591,0.7042542896475026
5-14B,8.0,122.0248,0.06339763361599798,0.22681158400890644
5-14B,8.0,124.0075,-0.5820730841480289,0.15213365122643058
5-14B,8.0,124.0144,0.02185393163553337,0.278066903785852
5-14B,8.0,125.0439,-0.39802656033527517,0.054685981031119234
5-14B,8.0,127.0764,0.03406904441069808,0.5616152715485123
5-14B,8.0,128.0354,-0.15801517934609927,0.008796114103710805
5-14B,8.0,129.0193,0.6579442236447437,0.17360110464375972
5-14B,8.0,129.0556,0.12164544793922198,0.6797859658144448
5-14B,8.0,130.0142,1.1330463284559562,0.32273130773530945
5-14B,8.0,130.0509,1.154257723952193,0.10806982472629743
5-14B,8.0,130.0874,-0.586971194719984,0.03819470553277478
5-14B,8.0,131.0008,-0.5928498594305538,0.30747484389634594
5-14B,8.0,131.0123,-0.49795326946124663,0.04898890174518783
5-14B,8.0,131.035,-0.5965361740196099,0.14895002252119943
5-14B,8.0,131.0462,-0.8460301616969963,0.11880401515557
5-14B,8.0,131.0828,-0.77901154839853,0.03291716041379754
5-14B,8.0,132.0302,1.7352127503304953,0.24306199828567826
5-14B,8.0,133.0142,-0.0521474417221639,0.12891924767743126
5-14B,8.0,133.0257,-0.13327667218524755,0.23337919876551816
5-14B,8.0,133.0505,0.7841155169321259,0.17537600232716102
5-14B,8.0,134.0472,0.04628164219114535,0.08773543265981319
5-14B,8.0,134.0604,0.44188440592394596,0.20446041170441767
5-14B,8.0,135.0302,-0.13990891921547796,0.08093437563664782
5-14B,8.0,135.0453,0.4301360610468046,0.2235693782465118
5-14B,8.0,136.0404,-0.41023206778770954,0.06929543834199786
5-14B,8.0,136.0487,0.36938809602843337,0.26919924134667644
5-14B,8.0,136.0767,0.09842791206605138,0.9379598228735041
5-14B,8.0,137.0239,-0.13784904369605633,0.15907779891911086
5-14B,8.0,138.9789,-0.026629987651855508,0.6574245336422575
5-14B,8.0,139.0014,0.7486880391113228,0.053578864894372864
5-14B,8.0,139.0067,-0.6089917867859562,0.0836329126828257
5-14B,8.0,139.976,0.2131160846954353,0.4733583379150836
5-14B,8.0,143.0713,-0.5398074571141727,0.31133264590190124
5-14B,8.0,143.1077,0.3452997556535898,0.3576054614641884
5-14B,8.0,145.0141,-0.3643301659235405,0.06877739345728355
5-14B,8.0,145.0506,-0.6520683732710648,0.08922858023365593
5-14B,8.0,145.0623,-0.663575106769664,0.26123291184714736
5-14B,8.0,145.0982,-1.019132302678826,0.1757511200459025
5-14B,8.0,145.1106,-1.1863295871910537,0.1699415679677408
5-14B,8.0,146.0459,1.5672882341747774,0.15904017768320533
5-14B,8.0,147.0298,-0.16839504906721103,0.10779111513597076
5-14B,8.0,147.0662,1.1226108824409082,0.15521790862348064
5-14B,8.0,149.0092,-0.26754033545907846,0.37043856371238526
5-14B,8.0,149.0456,1.13035421352499,0.3145487646049446
5-14B,8.0,149.0608,0.45826450859633494,0.6669365259438971
5-14B,8.0,150.0422,-0.6243429181927376,0.17050613902081033
5-14B,8.0,150.9707,-0.3306499552641061,0.44886841003629774
5-14B,8.0,151.0259,-0.6438655521080674,0.1136598306881064
5-14B,8.0,151.04,-0.40763146873169465,0.7283182132226472
5-14B,8.0,151.06,0.5273449755631282,0.7673161728393834
5-14B,8.0,152.0353,0.28425900789129116,0.6548314416282883
5-14B,8.0,152.0716,-0.7030092861370505,0.5387493483492004
5-14B,8.0,153.0192,1.760823794420557,0.22909759327245535
5-14B,8.0,154.062,-0.6115046496614014,0.06612945879178085
5-14B,8.0,154.9751,0.39232250018319936,0.12465074981529248
5-14B,8.0,155.0099,1.9940153814545671,0.33958579505367187
5-14B,8.0,157.0128,0.1253119732206868,0.11011375553797609
5-14B,8.0,157.0255,1.8993898808024814,0.16944023497132593
5-14B,8.0,157.0379,1.817378128535307,0.23419288601619723
5-14B,8.0,157.0504,0.3908387334642983,0.10553425789602519
5-14B,8.0,159.0297,-0.8225519679755551,0.18902782521376682
5-14B,8.0,159.0775,0.7512815841244944,0.08672099810144457
5-14B,8.0,160.0616,0.9279482859077502,0.4622542165259378
5-14B,8.0,161.0453,-1.0819746505483994,0.09739834959412162
5-14B,8.0,162.0424,0.8331628568949225,0.2518464087629454
5-14B,8.0,163.0351,-0.3194911458654238,0.5892375258205033
5-14B,8.0,163.0398,2.401167606426414,0.21046335518241652
5-14B,8.0,163.0611,0.6355363800583377,0.679031965473921
5-14B,8.0,164.0716,-0.5149965336246329,0.03163982354508952
5-14B,8.0,165.03,-0.730549079181136,0.9943439281658071
5-14B,8.0,165.0405,0.016145139838540868,0.26016906465031076
5-14B,8.0,165.0556,1.9282248397579873,0.39905555157486405
5-14B,8.0,166.0508,0.6937482989988775,0.453120648954359
5-14B,8.0,166.0632,1.9066238470141268,0.7072938571061255
5-14B,8.0,166.9759,-0.5370659247388709,0.2855153615745491
5-14B,8.0,167.0207,-0.46968073576065106,0.05751328641632277
5-14B,8.0,167.0358,-0.3597608287532528,0.7108885863223051
5-14B,8.0,167.0828,-0.9649556122833117,0.7493827179180667
5-14B,8.0,168.0277,1.6130400218881629,0.2500260923700278
5-14B,8.0,168.0664,-0.36888658285452197,0.3976838052601983
5-14B,8.0,170.0455,-0.10238055119914106,0.05856041387884927
5-14B,8.0,171.0065,-0.3000641338825169,0.14072972640772602
5-14B,8.0,171.0092,-0.4467300828403933,0.1954716041991883
5-14B,8.0,171.0284,1.0327418646553863,0.2379656194688209
5-14B,8.0,172.0616,1.0756620597035216,0.4361412090554614
5-14B,8.0,172.962,-0.33462649787742826,0.07894087867435783
5-14B,8.0,173.0089,0.15678134379655242,0.1866105042816121
5-14B,8.0,173.0453,2.902868317843174,0.6894898036609546
5-14B,8.0,173.0932,-0.36880802184432837,0.09161539666981498
5-14B,8.0,173.1041,0.45636656287439104,0.7851265372013259
5-14B,8.0,174.0407,1.307719283054401,0.2011765451946068
5-14B,8.0,174.088,0.6859883973181466,0.050528349958890606
5-14B,8.0,175.022,0.10047727071538586,0.19132130621085278
5-14B,8.0,175.0361,1.7040147654798963,0.30486999573253415
5-14B,8.0,175.0611,0.39533353966523915,0.16170481293932099
5-14B,8.0,176.0776,0.3332176572970381,0.14300276135636167
5-14B,8.0,177.0402,0.04243473193504704,0.5509729059717425
5-14B,8.0,177.0553,-0.08251914342293808,0.4765203901533167
5-14B,8.0,178.0509,0.07048010660500759,0.10404680150765776
5-14B,8.0,179.0348,1.3456095613962953,0.49852478107946463
5-14B,8.0,179.0561,-0.1888234684297458,0.10409660472828504
5-14B,8.0,180.0663,-0.19427367507918392,0.18815663388036274
5-14B,8.0,181.0505,2.143131714914622,0.4482399858836373
5-14B,8.0,182.9725,0.0022115970702750003,0.07478323392811864
5-14B,8.0,183.0661,-0.9443211501651526,0.2601110347012602
5-14B,8.0,184.0017,2.2491525661504737,0.5908635978448613
5-14B,8.0,184.9856,-0.6567692611548157,0.18892984423415077
5-14B,8.0,186.1136,-0.4976016686296999,0.8421100973047568
5-14B,8.0,187.0234,-0.04822192036240486,0.6388586532018465
5-14B,8.0,188.035,2.802812962126098,0.6069472183615688
5-14B,8.0,188.0565,3.673903836321948,0.40226854647191507
5-14B,8.0,189.0405,0.5606088013654942,0.25232232671739124
5-14B,8.0,191.0197,-0.034241332209553735,0.4067635685117759
5-14B,8.0,191.0561,1.0224167426881108,0.22960519121684161
5-14B,8.0,192.0663,0.4844695347637307,0.499503686951855
5-14B,8.0,193.0349,-0.3824235935949351,0.5346161647103548
5-14B,8.0,194.0682,1.4121707207173653,0.6377211716555324
5-14B,8.0,194.0822,-0.2269710598791922,0.5691480265036267
5-14B,8.0,195.0509,0.5039060697285048,0.20107389609072474
5-14B,8.0,195.0657,0.03156692551085194,0.7367301584689697
5-14B,8.0,196.0603,1.4326337463589862,0.3387438361282658
5-14B,8.0,198.0182,0.5758757159476712,0.2698512525656661
5-14B,8.0,199.0019,-0.19296815549353186,0.24135644343772955
5-14B,8.0,200.9937,-0.5803639887949454,0.4962336057088356
5-14B,8.0,201.0051,0.7061320633107285,0.6504905666803834
5-14B,8.0,203.0348,-0.6190325218803634,0.3081164771339898
5-14B,8.0,203.0826,-0.09283022285859188,0.006409290637469824
5-14B,8.0,204.0498,0.06441035121102999,0.43914983306466093
5-14B,8.0,205.0351,-0.15952494245686127,0.27990135795254445
5-14B,8.0,206.0822,0.14197928942067783,0.8639345180790482
5-14B,8.0,209.0292,-0.5767050654784072,0.4141047186680113
5-14B,8.0,209.0814,-0.518314621043245,0.701770458120509
5-14B,8.0,211.0235,0.10501911399831276,0.7421154874285846
5-14B,8.0,211.9968,0.8714298114809824,0.32522036671306814
5-14B,8.0,212.0331,0.6678395181425625,0.21276471703052102
5-14B,8.0,212.9807,-0.23603119323236424,0.15395006109938267
5-14B,8.0,213.014,-0.6744627530913636,0.3349392249976175
5-14B,8.0,213.0384,-0.4627232723832096,0.07416731462529796
5-14B,8.0,213.1252,-0.27034018780731517,0.9031301504349296
5-14B,8.0,214.0488,-1.519511669309955,0.42150550761937533
5-14B,8.0,215.0331,0.09563162480255981,0.1880277755984845
5-14B,8.0,216.1351,3.521123670676415,0.520744322764808
5-14B,8.0,218.0335,0.008178263492162044,0.10357951236993539
5-14B,8.0,218.1034,3.1400546910691904,0.47930850309197387
5-14B,8.0,220.0828,-0.2917359812145215,0.44293819312817173
5-14B,8.0,221.0443,0.042778753580466,0.09475690372303504
5-14B,8.0,221.0664,0.19499379142383794,0.8385265158709306
5-14B,8.0,225.0399,-1.0483193689656245,0.7839181338032964
5-14B,8.0,225.0861,0.2555878240052368,0.31057476583868576
5-14B,8.0,225.0901,-0.32104145531398937,0.7185840684106353
5-14B,8.0,226.0135,0.37670841399508637,0.30604132780147525
5-14B,8.0,226.0697,0.41688338682158166,0.40078513738078664
5-14B,8.0,228.0501,0.40699999697716377,0.16289111057587735
5-14B,8.0,229.0122,-0.2776708016740753,0.2502500743321041
5-14B,8.0,237.0614,1.1814437091724148,0.5314323974781148
5-14B,8.0,238.0945,-0.65870790367193,0.15140443820845892
5-14B,8.0,240.0515,1.0241832717577348,0.16107311483953782
5-14B,8.0,241.0844,0.27781151404395904,1.1437694088020887
5-14B,8.0,242.0804,-0.7559813659225322,0.30631656126041645
5-14B,8.0,243.029,-0.23399469071078177,0.4208259608756575
5-14B,8.0,243.0625,-0.132738562613258,0.1772581536955356
5-14B,8.0,245.0444,-0.03571354045355884,0.3460817597807123
5-14B,8.0,246.0198,0.5706851592777493,0.34939116122507935
5-14B,8.0,246.064,0.18094632678395078,0.5664361360411415
5-14B,8.0,251.0816,0.659001760798481,1.8729209857892999
5-14B,8.0,253.0119,4.6827517076352105,0.38911551881338297
5-14B,8.0,253.0499,0.4339604243435414,0.29663977877009673
5-14B,8.0,257.0072,0.14629729543603343,0.44817357077703324
5-14B,8.0,257.1028,-0.28288129300595133,0.5699440561085901
5-14B,8.0,259.005,-0.47822756100109864,0.8210770885611605
5-14B,8.0,259.0227,-0.523608955692598,0.13020971966481668
5-14B,8.0,261.0385,-0.3176530396070339,0.5225103905040683
5-14B,8.0,266.0703,1.5714120347831546,0.3702147437196031
5-14B,8.0,267.0724,-0.3760978165783466,0.08078408743609188
5-14B,8.0,268.02,0.2727072701217604,0.20592548913191844
5-14B,8.0,269.0398,-0.4721042380758985,0.1563227099612483
5-14B,8.0,271.0612,-0.5357511136235483,0.5023612674411555
5-14B,8.0,271.0815,-0.0199114859931281,0.612733181897323
5-14B,8.0,273.0021,0.19978120823928644,0.17457478568669818
5-14B,8.0,274.0933,1.7762636072671252,0.34697966607950537
5-14B,8.0,275.0184,2.0741799624032806,0.8345897870845113
5-14B,8.0,275.0991,1.4871412100918966,0.1525039847188774
5-14B,8.0,277.1207,-0.555565339150855,0.07885706027294946
5-14B,8.0,277.2169,-0.42332995179051114,0.17015654811110958
5-14B,8.0,279.2331,-0.30372940768968903,0.03392912361762785
5-14B,8.0,282.0839,-0.8490929284865881,0.24334123915868855
5-14B,8.0,283.2063,-0.5606641378763304,0.04208643621551482
5-14B,8.0,285.0972,-0.37031229015482237,0.8071930587489018
5-14B,8.0,287.0157,0.18732091087345004,0.07253465174698281
5-14B,8.0,288.0725,6.303708926269973,0.15001484414307364
5-14B,8.0,289.0333,0.15353119377239055,0.294557484673976
5-14B,8.0,289.1044,0.39588659191155107,0.16900526398897656
5-14B,8.0,290.9677,5.226168037429128,0.4281674133713134
5-14B,8.0,294.0479,-0.09601660849472642,0.44453045014072307
5-14B,8.0,300.0509,-0.6795843297576081,0.881951827805099
5-14B,8.0,301.0333,-0.5748583827833084,0.5689372046544329
5-14B,8.0,303.2326,-0.03875047666914225,0.7251033939347741
5-14B,8.0,305.0207,-0.13193534902638315,0.018282039676705615
5-14B,8.0,306.0481,-0.4960315019746827,0.24174328823198932
5-14B,8.0,306.0765,-0.168684799464759,0.025412530073882767
5-14B,8.0,308.0986,-0.36371845860940666,0.030748518235203238
5-14B,8.0,313.0441,0.5593598001391061,0.33090136030628237
5-14B,8.0,313.1037,1.2589289268348245,0.3709584255191267
5-14B,8.0,317.026,0.09259008144099397,0.521493685105869
5-14B,8.0,323.0256,-0.7770509657672309,0.5254232182772534
5-14B,8.0,325.1163,-0.6780974726712621,0.4374546396560513
5-14B,8.0,328.0457,0.6033736766990243,0.19169290498165326
5-14B,8.0,333.0589,1.138540026389983,0.6113336668552115
5-14B,8.0,338.9884,-0.7897305236178849,0.059512178834476244
5-14B,8.0,339.0928,0.6833715204026436,0.8442045202084227
5-14B,8.0,341.1089,0.07127674340188922,0.40491346402536266
5-14B,8.0,344.0393,-0.5376235386191544,0.11805889937953247
5-14B,8.0,346.0556,-0.6836496576024798,0.14827642753941428
5-14B,8.0,348.087,0.02933443668010182,0.3299463952060377
5-14B,8.0,353.0489,0.023607046158704008,0.4214261004470644
5-14B,8.0,357.089,-0.24386887578436453,0.09122490008391189
5-14B,8.0,375.131,1.565590620516478,0.5763846780631025
5-14B,8.0,377.1496,0.03294742835623012,0.10961300681048394
5-14B,8.0,383.1188,-0.024639163022305934,0.6296692938323605
5-14B,8.0,388.9416,4.488510569805706,0.8645618670475488
5-14B,8.0,388.9442,4.384774519001765,0.7599744357876098
5-14B,8.0,401.0756,-0.07242746661403114,0.0535969305830879
5-14B,8.0,407.2795,-0.4362397873016715,0.22812707481313932
5-14B,8.0,421.0743,-0.6117806025025794,0.4732625914522493
5-14B,8.0,426.0222,-0.1300422274429924,0.46429693777604786
5-14B,8.0,442.9997,-0.11009015972058865,0.12009178547235638
5-14B,8.0,466.9657,-0.014319308209831906,0.3538037593101904
5-14B,8.0,490.9787,-0.06794240856930947,0.65158324168121
5-14B,8.0,503.1614,0.214065585048784,0.37186155012423694
5-14B,8.0,547.0731,1.9008430075845526,0.39053543033021826
5-14B,8.0,565.0471,1.2121655004623357,0.4743641576592795
5-14B,8.0,578.8872,-0.14541017801402967,0.14322261175743875
5-14B,8.0,579.0269,-0.1800688050854621,0.06574406693569264
5-14B,8.0,612.2549,-0.5640633338818526,0.36388167998936327
5-14B,8.0,624.2949,0.06647542325267913,0.2753299588537689
5-14B,8.0,659.307,-0.3975508603485328,0.2646875828065376
5-14B,8.0,664.0939,-0.5771496863240878,0.09349814957646674
5-14B,8.0,665.2144,-0.19381853721374914,0.35642241153632803
5-14B,8.0,668.1374,-0.4180196283655092,0.017741909986507095
5-14B,8.0,787.255,-0.4741626660743843,0.23313523389556096
5-14B,8.0,790.2568,-0.0997148042675268,0.2952004194449386
5-14B,8.0,835.0407,-0.3242448213395247,0.1382942045076887
5-14B,8.0,863.2971,-0.8133408611150172,0.04997209246273611
5-14B,8.0,864.1473,-0.5226497559799522,0.15817203074597835
5-14B,8.0,974.2935,-0.9949335978242841,0.13389355100286407
5-14B,8.0,976.7162,-0.2912651124934173,0.12616006259958668
5-14B,9.0,57.0342,-0.9404321902777271,0.37764391539212766
5-14B,9.0,58.0295,2.305233092794636,0.5246877942405709
5-14B,9.0,59.0135,-0.33633766033543677,0.2942645745858077
5-14B,9.0,71.0137,-0.2938398105920333,0.08593474657762741
5-14B,9.0,73.0293,0.4754244424025127,0.036091532321542934
5-14B,9.0,74.0247,1.835247931975097,0.9449193427651336
5-14B,9.0,75.0087,1.100494552145138,0.49490396947708293
5-14B,9.0,87.0088,-0.608478389219792,0.004841245871475847
5-14B,9.0,87.0451,-0.794918997504261,0.5385314245066051
5-14B,9.0,88.0403,0.5075532611678869,0.08476846652313295
5-14B,9.0,88.9883,-0.8351644434799801,0.22010352653862264
5-14B,9.0,89.0244,-0.7396291960416643,0.058636046438447234
5-14B,9.0,93.0338,0.0364260577185716,0.02438618637415356
5-14B,9.0,94.9761,-1.1041092346769494,0.30610425454269763
5-14B,9.0,94.9806,0.7805883005672365,0.3370548933247061
5-14B,9.0,95.0139,-0.4410352906995222,0.0969599064139907
5-14B,9.0,101.0242,-0.6421859054455157,0.1323036002265914
5-14B,9.0,102.056,1.3387933322659218,0.14622224406928772
5-14B,9.0,103.0402,-0.30756824012116757,0.08483597283358177
5-14B,9.0,103.0509,-0.389180319683599,0.030230236737139825
5-14B,9.0,104.0352,-0.005996908401401036,0.13747717369268067
5-14B,9.0,105.0193,-1.1478413211499605,0.27910715875929104
5-14B,9.0,107.0503,-0.2353419602251724,0.30827973841109857
5-14B,9.0,109.0295,2.8797748934542424,0.3857748557238595
5-14B,9.0,111.02,0.6380628070517919,0.11831294512817642
5-14B,9.0,112.0516,-0.10410680068152034,0.8327987163775442
5-14B,9.0,113.0244,-0.4233702893104424,0.08770972450271179
5-14B,9.0,113.0357,1.87980826589554,0.22163784467328748
5-14B,9.0,114.056,1.6404569276241272,0.12999244154927636
5-14B,9.0,115.0037,0.6279869644044327,0.12548593557787746
5-14B,9.0,115.0402,-0.3119530211537422,0.539586889279452
5-14B,9.0,115.0764,-0.2536502336794151,0.8186720433248712
5-14B,9.0,116.0354,2.7683803381316956,0.6458795764056463
5-14B,9.0,116.0717,-0.33021028392672996,0.027944261470625252
5-14B,9.0,117.0194,0.38083817240466983,0.08013970260951041
5-14B,9.0,118.0508,0.748108786966289,0.22705833726807584
5-14B,9.0,118.9804,-0.32417971364989506,0.12118384949368635
5-14B,9.0,119.0503,0.056289255104510195,0.2237354464316005
5-14B,9.0,120.9273,-0.5458082078644247,0.03313956317844766
5-14B,9.0,121.0295,-0.6234819853759435,0.14069296839020065
5-14B,9.0,121.0409,-0.9827021462237374,0.11809470968113941
5-14B,9.0,122.0248,-0.6897949797446271,0.12439534599358268
5-14B,9.0,124.0075,-0.5644642023082026,0.2587000842334291
5-14B,9.0,124.0144,-0.4688059396389417,0.05683408333710303
5-14B,9.0,125.0439,-0.7018396390437717,0.12452390482065324
5-14B,9.0,127.0764,-0.49824592278569246,0.40948966634834877
5-14B,9.0,128.0354,-0.08490637146830655,0.014041935470038295
5-14B,9.0,129.0193,0.897330904087007,0.10538559494583838
5-14B,9.0,129.0556,-0.18620112568224575,0.6629994150843302
5-14B,9.0,130.0142,1.326441388340049,0.07547145888623129
5-14B,9.0,130.0509,1.8189023127391484,0.09881586879483689
5-14B,9.0,130.0874,-0.309345583030993,0.07534638964952536
5-14B,9.0,131.0008,-0.9146153432496332,0.07949048174265003
5-14B,9.0,131.0123,-0.3825113114433474,0.026385881910685936
5-14B,9.0,131.035,-0.9082132234792595,0.12630315459906058
5-14B,9.0,131.0462,-0.9883918299490713,0.17140945200957416
5-14B,9.0,131.0828,-0.5347689695107586,0.12648721909714009
5-14B,9.0,132.0302,2.145484147065484,0.22304320434932914
5-14B,9.0,133.0142,-0.11256260558579086,0.08029924187992779
5-14B,9.0,133.0257,-0.12380450981415082,0.1533212975592661
5-14B,9.0,133.0505,0.9808123303402262,0.0410662229455931
5-14B,9.0,134.0472,0.4089355199968118,0.08976264466476022
5-14B,9.0,134.0604,0.25922084518535227,0.34701389231440405
5-14B,9.0,135.0302,-0.12423936935703317,0.125174049284725
5-14B,9.0,135.0453,0.21439516890308322,0.12132589822946083
5-14B,9.0,136.0404,-0.5207281655333718,0.0997368449486303
5-14B,9.0,136.0487,0.1853992349309226,0.2844127818942623
5-14B,9.0,136.0767,-0.5820930195502947,0.7355170530119954
5-14B,9.0,137.0239,-0.20837756571739782,0.1963182179652857
5-14B,9.0,138.9789,-0.29583004061471097,0.29594454836986117
5-14B,9.0,139.0014,1.128131025790578,0.07611665761773004
5-14B,9.0,139.0067,-0.6308337990861205,0.10545327628494774
5-14B,9.0,139.976,-0.06502029816803426,0.26170392645725943
5-14B,9.0,143.0713,-0.526001164592642,0.41290603417915994
5-14B,9.0,143.1077,-0.39267170207136926,0.16984932296009947
5-14B,9.0,145.0141,-0.3377813226738878,0.0321825646444138
5-14B,9.0,145.0506,-0.3464798135702296,0.026304223693682488
5-14B,9.0,145.0623,-0.4073269992759584,0.09386688382857038
5-14B,9.0,145.0982,-0.7648882633412695,0.05953945446010103
5-14B,9.0,145.1106,-0.9049994150230243,0.25657541109510473
5-14B,9.0,146.0459,2.0462879453294365,0.18827567537373607
5-14B,9.0,147.0298,0.01292737631827228,0.062095415059689824
5-14B,9.0,147.0662,1.1362446908915502,0.07823088255572064
5-14B,9.0,149.0092,-0.43689683385155714,0.37874001600792767
5-14B,9.0,149.0456,1.2280023770123982,0.34228387985748554
5-14B,9.0,149.0608,-0.5517101345805979,0.3221327076868859
5-14B,9.0,150.0422,-0.8234592372602103,0.32868692980593384
5-14B,9.0,150.9707,-0.45455874356621007,0.5241630868559918
5-14B,9.0,151.0259,-0.6994226180240971,0.179384234995072
5-14B,9.0,151.04,-0.131815340494091,0.6824207641379038
5-14B,9.0,151.06,-0.28206453976396667,0.2426949142041718
5-14B,9.0,152.0353,-0.1388633944678953,0.17533250826045
5-14B,9.0,152.0716,-1.0272657160548564,0.3376960359848031
5-14B,9.0,153.0192,1.3182240246901382,0.08338530049112076
5-14B,9.0,154.062,-0.5526083045584858,0.06767381838784703
5-14B,9.0,154.9751,0.4408189736971152,0.10654856653400639
5-14B,9.0,155.0099,0.6543154949083029,0.12786768238024204
5-14B,9.0,157.0128,-0.2195888060968933,0.09094323790244195
5-14B,9.0,157.0255,1.7419916925502552,0.16305125264138015
5-14B,9.0,157.0379,1.6518325020199878,0.10095166015556868
5-14B,9.0,157.0504,0.9438246837976717,0.18042174484820148
5-14B,9.0,159.0297,-0.4718613544103056,0.16087667713037906
5-14B,9.0,159.0775,0.976309129138371,0.12673351137989922
5-14B,9.0,160.0616,1.1855158084646522,0.8250329046421606
5-14B,9.0,161.0453,-1.3470604007659597,0.07599235196263295
5-14B,9.0,162.0424,0.808566748648458,0.2133921385627945
5-14B,9.0,163.0351,-0.6450898192989343,0.22992028739252204
5-14B,9.0,163.0398,2.498418536593231,0.35104023954631913
5-14B,9.0,163.0611,0.6344997149024583,0.27066871946408305
5-14B,9.0,164.0716,-0.4954081517915972,0.008614610645887026
5-14B,9.0,165.03,-1.0327069493462693,0.6971795759616726
5-14B,9.0,165.0405,-0.3692787553833418,0.472851125097385
5-14B,9.0,165.0556,1.9136145569041623,0.09881063965334562
5-14B,9.0,166.0508,0.6282657328345091,0.2231733176256386
5-14B,9.0,166.0632,0.7113069436981407,0.8041550373678334
5-14B,9.0,166.9759,-0.16011570318381516,0.21556318073876746
5-14B,9.0,167.0207,-0.4750881111776878,0.2364349360172178
5-14B,9.0,167.0358,-0.3265348620632024,0.3183048531083085
5-14B,9.0,167.0828,-0.603036477610189,0.30391295398249346
5-14B,9.0,168.0277,2.365705814799009,0.1253273189068634
5-14B,9.0,168.0664,-0.38442389524554255,0.316819583964059
5-14B,9.0,170.0455,0.2017141047829383,0.12366094345095281
5-14B,9.0,171.0065,-0.15942922835522222,0.1523216687890912
5-14B,9.0,171.0092,-0.36186346474088127,0.3191791751271029
5-14B,9.0,171.0284,2.030842890463823,0.2174170674145607
5-14B,9.0,172.0616,1.3415102980925084,0.2412783837409199
5-14B,9.0,172.962,-0.04412157022759761,0.12139441579389625
5-14B,9.0,173.0089,0.06645673186709208,0.21703600312113844
5-14B,9.0,173.0453,6.203636675510724,0.38115898361074324
5-14B,9.0,173.0932,-0.14414852376527978,0.06282812031190681
5-14B,9.0,173.1041,-0.6879810087326621,0.0910891250262225
5-14B,9.0,174.0407,1.9086011782039791,0.115167232616652
5-14B,9.0,174.088,1.8015741372225103,0.12783925595908205
5-14B,9.0,175.022,0.004735801638054088,0.09859066502075207
5-14B,9.0,175.0361,1.9839631098683663,0.13739466546505072
5-14B,9.0,175.0611,0.9024437613879897,0.1252844289898008
5-14B,9.0,176.0776,0.6465667516545186,0.15618600820342227
5-14B,9.0,177.0402,-0.6139586715854484,0.2437497987590398
5-14B,9.0,177.0553,-0.0446121260782738,0.3622411564868164
5-14B,9.0,178.0509,0.342482768894562,0.04739777296560091
5-14B,9.0,179.0348,0.9466375249615732,0.2618094894248135
5-14B,9.0,179.0561,-0.3323517872177373,0.08188046584423786
5-14B,9.0,180.0663,-0.3590853461713216,0.11126328727921214
5-14B,9.0,181.0505,1.8074904094654887,0.22772301778002024
5-14B,9.0,182.9725,-0.3674502550033961,0.12143842006014088
5-14B,9.0,183.0661,-0.9868125301058965,0.49296460719958957
5-14B,9.0,184.0017,2.3702328571011595,0.16826713571350757
5-14B,9.0,184.9856,-0.8732664638957912,0.12972044895482102
5-14B,9.0,186.1136,-0.772272949846237,0.4975807533214913
5-14B,9.0,187.0234,-0.36104065501487925,0.6552632909106091
5-14B,9.0,188.035,1.7547698144241806,0.3217053098817502
5-14B,9.0,188.0565,3.609863498281973,0.23935691963868674
5-14B,9.0,189.0405,0.7727249672179615,0.1343341805450336
5-14B,9.0,191.0197,-0.4410225841400136,0.19501208666997275
5-14B,9.0,191.0561,1.6185679384520402,0.2419119604308444
5-14B,9.0,192.0663,-0.8891300164974285,0.3223461651179965
5-14B,9.0,193.0349,-0.8531126866466621,0.46160850216199406
5-14B,9.0,194.0682,0.4530214164777778,0.20046812468342565
5-14B,9.0,194.0822,-0.6677928738919945,0.4387801784816257
5-14B,9.0,195.0509,0.08630763419884736,0.07104530480320241
5-14B,9.0,195.0657,0.5699077463192701,0.23736733574144034
5-14B,9.0,196.0603,1.2060203154819304,0.19133209713870492
5-14B,9.0,198.0182,0.2743185902386224,0.5523708194037117
5-14B,9.0,199.0019,-1.233344335874745,0.29738263897747697
5-14B,9.0,200.9937,-0.3427959622488642,0.28480005131377195
5-14B,9.0,201.0051,-0.33739366070915877,0.33539854229861854
5-14B,9.0,203.0348,-1.0504543898034562,0.0766319451686298
5-14B,9.0,203.0826,-0.0919099818165304,0.005159001894632227
5-14B,9.0,204.0498,-0.27006040453203967,0.22229519451885715
5-14B,9.0,205.0351,-0.4273247190286814,0.1948211861198246
5-14B,9.0,206.0822,-0.5891223395070811,0.28628621338826127
5-14B,9.0,209.0292,-0.5258566120758721,0.0810438381008128
5-14B,9.0,209.0814,-0.8058813274348633,0.4321048034572792
5-14B,9.0,211.0235,0.47399693999078907,0.2271121495196165
5-14B,9.0,211.9968,1.4562306817804866,0.09076015770299642
5-14B,9.0,212.0331,0.5089978389171449,0.2947373871624141
5-14B,9.0,212.9807,-0.3971554998894072,0.12345652389365294
5-14B,9.0,213.014,-0.391768354241897,0.27483835732178985
5-14B,9.0,213.0384,-0.8084835581150276,0.3203785795012651
5-14B,9.0,213.1252,-0.6021373819883866,0.7343884006040672
5-14B,9.0,214.0488,-0.954984073176363,0.4362934204286822
5-14B,9.0,215.0331,-0.2736450897892205,0.10186059107392409
5-14B,9.0,216.1351,2.9863744422593808,0.2404292307888246
5-14B,9.0,218.0335,-0.38490987085805445,0.06716384455645699
5-14B,9.0,218.1034,2.7359582810711327,0.2971979301359395
5-14B,9.0,220.0828,-0.26916393193257493,0.4241150224564482
5-14B,9.0,221.0443,-0.43186249948166244,0.11709320793753741
5-14B,9.0,221.0664,-0.3008294759757106,0.6617620567150435
5-14B,9.0,225.0399,0.11266107708531398,0.4968153460966177
5-14B,9.0,225.0861,-0.29425964587341286,0.4566362407418233
5-14B,9.0,225.0901,-0.28388480608354305,1.0897622498515587
5-14B,9.0,226.0135,0.23047097053791243,0.30073669391829927
5-14B,9.0,226.0697,0.23037436378707393,0.14433260235272663
5-14B,9.0,228.0501,0.19892196783307597,0.253873091718781
5-14B,9.0,229.0122,0.09638252278166999,0.48930821028667937
5-14B,9.0,237.0614,1.4312603772743884,0.47405778605041876
5-14B,9.0,238.0945,-0.39634281180014974,0.1792906519490235
5-14B,9.0,240.0515,0.6585263445529939,0.09263004103119152
5-14B,9.0,241.0844,0.07726199238043939,0.6551689040589568
5-14B,9.0,242.0804,-0.6153849390139801,0.45738195455966035
5-14B,9.0,243.029,2.131293293751446e-05,0.35150890866611106
5-14B,9.0,243.0625,-0.5639384878716648,0.41297145157348536
5-14B,9.0,245.0444,-0.22578205528259665,0.2948085966835016
5-14B,9.0,246.0198,0.6669745667954577,0.6722534424254489
5-14B,9.0,246.064,-0.20068713444148112,0.2468199195787923
5-14B,9.0,251.0816,-0.06194223434705998,1.0379231767424781
5-14B,9.0,253.0119,6.9434239663995125,0.29507058706138284
5-14B,9.0,253.0499,1.7361361813520597,0.7563923652594574
5-14B,9.0,257.0072,0.4639329019799073,0.30948007407903716
5-14B,9.0,257.1028,-0.40338130962491064,0.5885690834563643
5-14B,9.0,259.005,-0.24148419149511507,0.5931882264231708
5-14B,9.0,259.0227,-0.714620007158892,0.11612314781851671
5-14B,9.0,261.0385,-0.47902111086531785,0.4423197700867382
5-14B,9.0,266.0703,2.2763066560300595,0.5576912996128504
5-14B,9.0,267.0724,-0.5323212303115661,0.03108624618423793
5-14B,9.0,268.02,-0.15357951237956657,0.42130790982126154
5-14B,9.0,269.0398,-0.22278203563547014,0.09026920050061497
5-14B,9.0,271.0612,-0.08356744758639055,0.16967860433578114
5-14B,9.0,271.0815,-0.3297351959428342,0.46296813964676414
5-14B,9.0,273.0021,0.42402283128544827,0.2845636213558975
5-14B,9.0,274.0933,1.3582452069698205,0.10605035567069816
5-14B,9.0,275.0184,2.62468521429117,1.9996244289620202
5-14B,9.0,275.0991,0.6610300417197027,0.2156659381364342
5-14B,9.0,277.1207,-0.7360403666069457,0.05504347484143323
5-14B,9.0,277.2169,-0.7815053424817138,0.14128119568398376
5-14B,9.0,279.2331,-0.320538127453439,0.020288038077579576
5-14B,9.0,282.0839,-0.8254839829495623,0.4559738019853959
5-14B,9.0,283.2063,-0.6495413564045012,0.3298595501632802
5-14B,9.0,285.0972,-1.225144499651435,0.38951650083308875
5-14B,9.0,287.0157,-0.035230218622993165,0.566426548470102
5-14B,9.0,288.0725,6.042871386500347,0.474682414083119
5-14B,9.0,289.0333,-0.3654401257232327,0.931396784331312
5-14B,9.0,289.1044,0.29748321974164904,0.2067127441655648
5-14B,9.0,290.9677,6.5691055937417175,0.35901780849868414
5-14B,9.0,294.0479,-0.5338982508635017,0.6304898566251128
5-14B,9.0,300.0509,-0.6377799176931777,1.067727596522636
5-14B,9.0,301.0333,0.040973804247541434,0.89598477378539
5-14B,9.0,303.2326,-0.2489282024304534,0.24319329745863688
5-14B,9.0,305.0207,-0.40585442459992466,0.09725982068572
5-14B,9.0,306.0481,-0.5723504944989286,0.1281090553094022
5-14B,9.0,306.0765,-0.23465058719618084,0.026245663018570467
5-14B,9.0,308.0986,-0.36004904367477775,0.014557285729759567
5-14B,9.0,313.0441,-0.13476471736843385,0.31429880729571724
5-14B,9.0,313.1037,0.6161660450992115,0.5249544164233472
5-14B,9.0,317.026,-0.1667237818198018,0.7367165344677314
5-14B,9.0,323.0256,-0.5984510441857542,0.19864633801478787
5-14B,9.0,325.1163,0.10766234074175113,0.286630516338856
5-14B,9.0,328.0457,0.6109307462553093,0.09061328293620674
5-14B,9.0,333.0589,1.0494991963432971,0.33655151814725415
5-14B,9.0,338.9884,-0.8041950923784384,0.23582999304191804
5-14B,9.0,339.0928,0.3433479374662969,0.08997727344389456
5-14B,9.0,341.1089,-0.296269188176884,0.2255705001666064
5-14B,9.0,344.0393,-0.3821561179183665,0.358134979901437
5-14B,9.0,346.0556,-0.44069742223806563,0.07133884631806472
5-14B,9.0,348.087,0.35718182863678494,0.3819759004788312
5-14B,9.0,353.0489,-0.216505591867851,0.5430900853930865
5-14B,9.0,357.089,0.16170530920777304,0.16780457448695146
5-14B,9.0,375.131,1.0187744388498399,0.16529644840934996
5-14B,9.0,377.1496,-0.5040129341107276,0.2582437972580375
5-14B,9.0,383.1188,-0.43609186543375367,0.2170528820144462
5-14B,9.0,388.9416,5.314667463618385,0.37443766021665204
5-14B,9.0,388.9442,5.2407835137652174,0.5586584947020292
5-14B,9.0,401.0756,-0.49866575713295047,0.050186101971997105
5-14B,9.0,407.2795,-0.7698964375455359,0.26897560777395124
5-14B,9.0,421.0743,-0.10267863528694443,0.56596010022383
5-14B,9.0,426.0222,-0.14149202498978747,0.37156901157455663
5-14B,9.0,442.9997,-0.1278756253481941,0.189803472629593
5-14B,9.0,466.9657,-0.35597282106163236,0.20334417965332463
5-14B,9.0,490.9787,-0.13315591552946301,1.256496940611612
5-14B,9.0,503.1614,-0.8222044990927517,0.26365248165557864
5-14B,9.0,547.0731,1.727143654384172,0.21253582159120332
5-14B,9.0,565.0471,-0.13483596748989166,0.334543790378918
5-14B,9.0,578.8872,-0.4681591198569063,0.05845269141855396
5-14B,9.0,579.0269,-0.6351820642268837,0.07251030747244414
5-14B,9.0,612.2549,-0.41386536384368994,0.37351478725597487
5-14B,9.0,624.2949,-0.35313684211072116,0.6934926467729136
5-14B,9.0,659.307,0.13022660837523942,0.3814351187197353
5-14B,9.0,664.0939,-0.4345127052422444,0.21861820193932657
5-14B,9.0,665.2144,-0.3824180914999718,0.3999427763658598
5-14B,9.0,668.1374,0.12461143438083852,0.05027519191709075
5-14B,9.0,787.255,0.2836902192264769,0.2420148754744053
5-14B,9.0,790.2568,0.2813340898908955,0.3965120204923616
5-14B,9.0,835.0407,0.6779176478246294,0.4050048444854927
5-14B,9.0,863.2971,-0.602772464295326,0.0750593152600169
5-14B,9.0,864.1473,-0.42988424411006143,0.31659204412937203
5-14B,9.0,974.2935,-0.3731831244342694,0.315771579476439
5-14B,9.0,976.7162,-0.21589630962977466,0.1740936616042891
5-14B,10.0,57.0342,-1.575258302395893,0.29860149325585555
5-14B,10.0,58.0295,1.4357717866320283,0.35505883936454014
5-14B,10.0,59.0135,-1.061568741506977,0.1717434142818461
5-14B,10.0,71.0137,-1.4995521018031654,0.048108787222597205
5-14B,10.0,73.0293,1.2053177392237941,0.01602552088355154
5-14B,10.0,74.0247,2.621341943384378,0.6185631850854987
5-14B,10.0,75.0087,-0.22604892616948952,0.8513253355188977
5-14B,10.0,87.0088,1.0682922663882688,0.11058927785309068
5-14B,10.0,87.0451,-1.2940258757296967,0.1464892658286412
5-14B,10.0,88.0403,1.704327708458436,0.11941118449588381
5-14B,10.0,88.9883,0.4338784256867281,0.35264336797424006
5-14B,10.0,89.0244,-0.6415528230547203,0.08934975770370715
5-14B,10.0,93.0338,0.053925970370887706,0.020341528236704726
5-14B,10.0,94.9761,-0.813353889892487,0.3481800049394269
5-14B,10.0,94.9806,0.6352783191601328,0.19824838201032619
5-14B,10.0,95.0139,-1.4501640480460976,0.07145042130155556
5-14B,10.0,101.0242,-1.7777380289855405,0.1446162264371479
5-14B,10.0,102.056,3.932140778904488,0.11944508801819026
5-14B,10.0,103.0402,0.5642058877192012,0.07659894864004889
5-14B,10.0,103.0509,0.8434031212673821,0.23681677734945128
5-14B,10.0,104.0352,-0.2165805973959487,0.1993908457834935
5-14B,10.0,105.0193,-1.07699496209665,0.4706190816783673
5-14B,10.0,107.0503,-0.5470507942461451,0.48091609673014557
5-14B,10.0,109.0295,7.758558585768055,0.6059775872983588
5-14B,10.0,111.02,0.5568852807055951,0.051170420827231736
5-14B,10.0,112.0516,-0.7318048090752947,0.2021572404200378
5-14B,10.0,113.0244,-1.4383542922395438,0.02260417825402855
5-14B,10.0,113.0357,1.2090072958021894,0.09852779286075092
5-14B,10.0,114.056,1.907330226335449,0.24387507257955965
5-14B,10.0,115.0037,0.9200033924156386,0.13229401253726022
5-14B,10.0,115.0402,-1.2211772313121187,0.33584579987618446
5-14B,10.0,115.0764,-0.7834882530504339,0.2556780309168055
5-14B,10.0,116.0354,3.417361714256484,0.286781672009537
5-14B,10.0,116.0717,0.9331736370770553,0.06307919741916859
5-14B,10.0,117.0194,1.2964580890689046,0.057309631245673454
5-14B,10.0,118.0508,1.661251488726441,0.34266268679528755
5-14B,10.0,118.9804,-1.4283808378930383,0.0031696117386369642
5-14B,10.0,119.0503,-0.36643881577014775,0.2916357935526427
5-14B,10.0,120.9273,-0.3225599023179524,0.10049108088651502
5-14B,10.0,121.0295,-0.7316492234709627,0.2864303943121078
5-14B,10.0,121.0409,-1.3559242587925242,0.21587123931247598
5-14B,10.0,122.0248,-0.9753079037681118,0.12350196231542114
5-14B,10.0,124.0075,-0.6639748601472211,0.3564774212327914
5-14B,10.0,124.0144,-1.2768088784879712,0.14673356538507243
5-14B,10.0,125.0439,-0.8440596469850852,0.06760464384950239
5-14B,10.0,127.0764,-1.4815825288547957,0.4460033570598223
5-14B,10.0,128.0354,0.2202445605428043,0.024127300131727914
5-14B,10.0,129.0193,3.2793458882980997,0.3222813539140051
5-14B,10.0,129.0556,-0.6948556654303606,0.8488319735575708
5-14B,10.0,130.0142,3.492752570241718,0.6313982941622216
5-14B,10.0,130.0509,1.4150913535194483,0.026726415106532817
5-14B,10.0,130.0874,0.9546432477380173,0.06573157829505702
5-14B,10.0,131.0008,-0.18283035352080954,0.23421842687467212
5-14B,10.0,131.0123,0.22890350324404496,0.030549098325313374
5-14B,10.0,131.035,-1.6821188202856976,0.09869718046229635
5-14B,10.0,131.0462,-1.7747491836064317,0.19273759581690153
5-14B,10.0,131.0828,-0.6161831624733491,0.0905087027706696
5-14B,10.0,132.0302,2.0207702487798582,0.12324923255174408
5-14B,10.0,133.0142,0.0002893399692211335,0.10025053718334526
5-14B,10.0,133.0257,0.06333835531766044,0.006432403560642423
5-14B,10.0,133.0505,1.1886005439394638,0.04217579272397654
5-14B,10.0,134.0472,1.7761448875148553,0.30613956897751754
5-14B,10.0,134.0604,1.08794948316716,0.1214599018190584
5-14B,10.0,135.0302,2.893715933379431,0.2431823566182991
5-14B,10.0,135.0453,0.9217685271904115,0.07543914412761168
5-14B,10.0,136.0404,-0.11496701320563689,0.13186956227238827
5-14B,10.0,136.0487,1.2626841407776825,0.4207050168156627
5-14B,10.0,136.0767,-1.0184743258606692,0.887594515155378
5-14B,10.0,137.0239,0.1398801275385474,0.06576408392617739
5-14B,10.0,138.9789,0.23448901306446024,0.2501635739169166
5-14B,10.0,139.0014,2.188347174018119,0.09592788874425781
5-14B,10.0,139.0067,-0.5550521936862678,0.18913834186606024
5-14B,10.0,139.976,0.3989629111666506,0.6392069868246998
5-14B,10.0,143.0713,-1.1847983956200223,0.2522876759155945
5-14B,10.0,143.1077,-0.12726685539084204,0.16554773534730466
5-14B,10.0,145.0141,-0.007455919247935822,0.06310790008924012
5-14B,10.0,145.0506,0.34022949912729666,0.13508894515725106
5-14B,10.0,145.0623,-0.09307544419453032,0.11303174613762222
5-14B,10.0,145.0982,-0.6748401192236281,0.06370881977693359
5-14B,10.0,145.1106,-0.5056478047747485,0.6125854844486632
5-14B,10.0,146.0459,5.36958078373396,0.21703942944106577
5-14B,10.0,147.0298,0.9681115446363155,0.0956023553142826
5-14B,10.0,147.0662,0.3558717565180203,0.06163454246092457
5-14B,10.0,149.0092,-1.0268898402740112,0.7088408073032766
5-14B,10.0,149.0456,-0.7891296858846333,0.20582570047682355
5-14B,10.0,149.0608,-0.5881228826268251,0.4661158472287727
5-14B,10.0,150.0422,-0.5752275594894276,0.28628775431903375
5-14B,10.0,150.9707,0.38471678253337405,0.2148239438089543
5-14B,10.0,151.0259,0.2982255505284885,0.12275975781542516
5-14B,10.0,151.04,-0.09065907809876206,0.14242915656830482
5-14B,10.0,151.06,0.04709532980238527,0.46267229512734614
5-14B,10.0,152.0353,0.4432978064003973,0.15104135565650684
5-14B,10.0,152.0716,-1.2040369186951576,0.2791212029750308
5-14B,10.0,153.0192,7.320474108398642,0.08174240357027958
5-14B,10.0,154.062,-0.5825459204210481,0.07367719109890582
5-14B,10.0,154.9751,1.1164738445610147,0.15518031339391225
5-14B,10.0,155.0099,0.363259311651422,0.05689543880564496
5-14B,10.0,157.0128,0.4350118545406635,0.12413651769776728
5-14B,10.0,157.0255,1.581095052228194,0.09292596385435357
5-14B,10.0,157.0379,1.3604585741985802,0.08163323985024921
5-14B,10.0,157.0504,1.2743569354471966,0.06289624316905218
5-14B,10.0,159.0297,-1.4026616897045232,0.06292285003640646
5-14B,10.0,159.0775,1.7687078200973896,0.24214908703725474
5-14B,10.0,160.0616,1.048052631580914,0.37604271848563264
5-14B,10.0,161.0453,-2.017542514092052,0.09590750300728255
5-14B,10.0,162.0424,1.5899839528917719,0.2677304868345761
5-14B,10.0,163.0351,-0.9399776726797653,0.09461565852462954
5-14B,10.0,163.0398,0.6172528466164047,0.16326826201230282
5-14B,10.0,163.0611,-0.8754030846358646,0.9712534600325001
5-14B,10.0,164.0716,3.8342803035142428,0.20891791028932766
5-14B,10.0,165.03,-0.42398014521797156,0.3059115412543023
5-14B,10.0,165.0405,-0.8845541035835279,0.23903538801771126
5-14B,10.0,165.0556,2.0802085368663303,0.0611465339265917
5-14B,10.0,166.0508,1.2341517923974532,0.7662363789587759
5-14B,10.0,166.0632,0.6616803292440768,0.6414676731057675
5-14B,10.0,166.9759,1.8131081157679312,0.7531319244765998
5-14B,10.0,167.0207,-0.6352296139130057,0.30245733170273764
5-14B,10.0,167.0358,-0.4873262308414319,0.49442139138412594
5-14B,10.0,167.0828,-0.922821742873605,0.28219694102257803
5-14B,10.0,168.0277,5.372135005085987,0.37209970370929224
5-14B,10.0,168.0664,-0.48845633473324546,0.6560817218415372
5-14B,10.0,170.0455,1.030505119138864,0.07396765929084564
5-14B,10.0,171.0065,1.3634689842570114,0.13271385930015928
5-14B,10.0,171.0092,1.6987274562244377,0.15744023519631772
5-14B,10.0,171.0284,1.5567817508061172,0.07882578618834776
5-14B,10.0,172.0616,1.1409392203452255,0.1527706300069337
5-14B,10.0,172.962,1.1157837585960702,0.07883089051307006
5-14B,10.0,173.0089,-0.23469682382171045,0.22072902273363293
5-14B,10.0,173.0453,2.240531117076366,0.21017319311320834
5-14B,10.0,173.0932,1.515202098728274,0.1091464766259257
5-14B,10.0,173.1041,-0.592344230801275,0.12713002348986127
5-14B,10.0,174.0407,1.017605172296353,0.019598812977156044
5-14B,10.0,174.088,0.3701442954196547,0.15208501642791575
5-14B,10.0,175.022,1.8511784195580239,0.18700499010506874
5-14B,10.0,175.0361,2.117631476674671,0.09400470833202983
5-14B,10.0,175.0611,0.6343364898038868,0.10243135651920911
5-14B,10.0,176.0776,0.6144631647867247,0.26103813740119086
5-14B,10.0,177.0402,-0.5823772651855352,0.20756595236176376
5-14B,10.0,177.0553,-0.500117760728092,0.6501906106778083
5-14B,10.0,178.0509,1.8640634913385468,0.13706576396934303
5-14B,10.0,179.0348,0.026524883937967716,0.2748582583279115
5-14B,10.0,179.0561,-1.4395052186717097,0.0076840776445958915
5-14B,10.0,180.0663,-1.0796598982214556,0.049029975794198245
5-14B,10.0,181.0505,1.651223674312321,0.3409142691396105
5-14B,10.0,182.9725,-1.2916937889519016,0.07058458739555327
5-14B,10.0,183.0661,-1.6131140462072828,0.24507233728370442
5-14B,10.0,184.0017,4.717015249564181,0.4559822371624153
5-14B,10.0,184.9856,0.9733805202189634,0.14487960001544822
5-14B,10.0,186.1136,-0.02919407304379834,0.4842810497939047
5-14B,10.0,187.0234,-0.8911566892741617,1.3312095460318776
5-14B,10.0,188.035,2.1005160074804836,0.7036310214192775
5-14B,10.0,188.0565,2.136260085798928,0.08220769745815604
5-14B,10.0,189.0405,0.268189628764397,0.07242442768482842
5-14B,10.0,191.0197,-0.33802544862674766,0.12317341752913219
5-14B,10.0,191.0561,1.1433313131302982,0.15955393538316343
5-14B,10.0,192.0663,-0.14033987150798485,0.5474769129953022
5-14B,10.0,193.0349,-0.3615620271438891,0.4253391212020846
5-14B,10.0,194.0682,-0.0006425672336478772,0.2962761526492271
5-14B,10.0,194.0822,-0.6194905990001649,0.37536271288403644
5-14B,10.0,195.0509,-1.028641641117443,0.08652034693578432
5-14B,10.0,195.0657,-0.47512168334975236,0.4169504443226647
5-14B,10.0,196.0603,1.3587257031727913,0.22526084612303893
5-14B,10.0,198.0182,2.24791732078695,0.27542402873323824
5-14B,10.0,199.0019,0.46916498687453545,0.720659594548851
5-14B,10.0,200.9937,-0.6395765633872467,0.3994914404620541
5-14B,10.0,201.0051,1.450380003259359,0.38784155791377684
5-14B,10.0,203.0348,-1.3830020036751574,0.20249849651165383
5-14B,10.0,203.0826,0.05811947987693812,0.01220475998653252
5-14B,10.0,204.0498,-1.2140966372168212,0.19324327363314836
5-14B,10.0,205.0351,-0.6968100180742969,0.11690772774301528
5-14B,10.0,206.0822,-0.4051202516896921,0.4528099070008928
5-14B,10.0,209.0292,-0.34032847128283883,0.06208528228758639
5-14B,10.0,209.0814,-0.5898105636415281,0.2941067822438432
5-14B,10.0,211.0235,0.7113678890079982,0.4261340556694158
5-14B,10.0,211.9968,1.3576833067411025,0.11184539531617461
5-14B,10.0,212.0331,1.669525156515229,0.45317550518644767
5-14B,10.0,212.9807,0.9659865762684906,0.2803040041176658
5-14B,10.0,213.014,0.3721314647557513,0.30959699441856264
5-14B,10.0,213.0384,-0.28544787164782837,0.24305165190060257
5-14B,10.0,213.1252,-0.9661305303217992,0.7732347613794743
5-14B,10.0,214.0488,0.2684503456890069,0.9725528909124357
5-14B,10.0,215.0331,-1.5600519246634623,0.003202239812041957
5-14B,10.0,216.1351,2.68419461432366,0.18562361805584965
5-14B,10.0,218.0335,-1.5063765575876695,0.0023117407319185523
5-14B,10.0,218.1034,1.1402358025694044,0.07260560591949206
5-14B,10.0,220.0828,-1.4704985548272869,0.5742889879570967
5-14B,10.0,221.0443,-1.337450878953141,0.02735375558325826
5-14B,10.0,221.0664,-0.475652796614016,0.5189399723453553
5-14B,10.0,225.0399,-0.23983902384332062,0.5350830772159214
5-14B,10.0,225.0861,0.6036479526129619,0.31923211725475137
5-14B,10.0,225.0901,-0.1535592453498878,1.2037706576095935
5-14B,10.0,226.0135,1.3702805092534984,0.24571968467610353
5-14B,10.0,226.0697,2.402364545430273,0.05397803792643361
5-14B,10.0,228.0501,0.6442877179096173,0.3394332888044877
5-14B,10.0,229.0122,0.7186364773490215,0.23597285747722213
5-14B,10.0,237.0614,2.157727248114927,0.48017898129836006
5-14B,10.0,238.0945,-0.7114424154933343,0.15604308879825085
5-14B,10.0,240.0515,0.8217738391696974,0.05854543095720778
5-14B,10.0,241.0844,0.19058365517915682,0.2981362996906928
5-14B,10.0,242.0804,-0.35642314415250154,0.4346639000731846
5-14B,10.0,243.029,0.6253640782253207,0.11886832647479985
5-14B,10.0,243.0625,1.240517372776145,1.0067043515336058
5-14B,10.0,245.0444,0.7683718056429425,0.2118266154503807
5-14B,10.0,246.0198,1.2137836194208544,0.056956003782436884
5-14B,10.0,246.064,-1.210746115159493,0.009203270741529454
5-14B,10.0,251.0816,-0.4674002024434988,0.8007731453204481
5-14B,10.0,253.0119,10.198365954645908,0.20588405718332844
5-14B,10.0,253.0499,1.3501599579797827,0.4114541134452777
5-14B,10.0,257.0072,2.470934255564089,0.4017133920735277
5-14B,10.0,257.1028,-1.0358014648733946,0.31757549016096936
5-14B,10.0,259.005,0.2941378504768943,0.41832047712688025
5-14B,10.0,259.0227,-1.1725505243834564,0.05880316502454783
5-14B,10.0,261.0385,0.3179589966555787,0.0987340809176068
5-14B,10.0,266.0703,3.9536419339161677,0.7495071335256107
5-14B,10.0,267.0724,-0.7012389191354111,0.028070143866795835
5-14B,10.0,268.02,1.5694287956635062,0.8063900819283806
5-14B,10.0,269.0398,1.383602206513093,0.5114675997894496
5-14B,10.0,271.0612,-0.29355247455879097,0.41564426665238785
5-14B,10.0,271.0815,-1.208769907893163,0.6341702598723302
5-14B,10.0,273.0021,1.4159048953732665,0.33163257435025084
5-14B,10.0,274.0933,0.29908604480173084,0.09846965717907613
5-14B,10.0,275.0184,4.780421703849607,0.3862123042522871
5-14B,10.0,275.0991,-0.4419059371809668,0.23932908455769203
5-14B,10.0,277.1207,-1.0637935551549411,0.0327043360217219
5-14B,10.0,277.2169,-0.4856213240846333,0.22371392646372742
5-14B,10.0,279.2331,-0.3362421790424907,0.03217060471266321
5-14B,10.0,282.0839,-0.8620397695875378,0.17787717979945905
5-14B,10.0,283.2063,-0.4742514522709511,0.22195743552941105
5-14B,10.0,285.0972,-0.25410073873868566,0.9935840410225428
5-14B,10.0,287.0157,0.2812470596125403,0.4269130660967649
5-14B,10.0,288.0725,4.816817455195821,0.12443720210433327
5-14B,10.0,289.0333,0.8109431864854217,0.4025957456698542
5-14B,10.0,289.1044,0.5048709718416575,0.09291403944510403
5-14B,10.0,290.9677,7.877904155514049,0.4485717297591444
5-14B,10.0,294.0479,-0.46536025466665,0.44619206439288095
5-14B,10.0,300.0509,0.07866121320412722,0.529978666920287
5-14B,10.0,301.0333,-0.013071514706667092,1.0404916325785547
5-14B,10.0,303.2326,-0.12899527944618375,0.18580372951134694
5-14B,10.0,305.0207,-1.3426900795200845,0.1143320653540791
5-14B,10.0,306.0481,-0.5024156002086501,0.09618715982267209
5-14B,10.0,306.0765,-0.26559362558970223,0.026422582466213665
5-14B,10.0,308.0986,-0.40972727663590836,0.02435811923864655
5-14B,10.0,313.0441,-0.4484487030466086,0.541189237297405
5-14B,10.0,313.1037,1.0678100731106204,0.593705871804663
5-14B,10.0,317.026,-0.060338607148706085,0.646275798710557
5-14B,10.0,323.0256,0.0439476266334833,0.36490657507214164
5-14B,10.0,325.1163,-0.09040108330037207,0.1922034300008077
5-14B,10.0,328.0457,1.2572590635691552,0.14798133943101696
5-14B,10.0,333.0589,1.3217097339145938,0.7881829383722353
5-14B,10.0,338.9884,0.17732921637341387,0.4427213798056248
5-14B,10.0,339.0928,-1.4326213918704678,0.5900796986719193
5-14B,10.0,341.1089,-0.4709684944494796,0.11413638679134039
5-14B,10.0,344.0393,0.40342130823755784,0.29836442198166335
5-14B,10.0,346.0556,0.22101168111626845,0.1762949797727393
5-14B,10.0,348.087,-0.12501707267176723,0.15739087515245861
5-14B,10.0,353.0489,0.30261643551666356,0.6946359028481428
5-14B,10.0,357.089,0.6088318277272436,0.3775068131317692
5-14B,10.0,375.131,3.0980916345077687,0.48966702406530377
5-14B,10.0,377.1496,-0.43292598305127217,0.38338051123487343
5-14B,10.0,383.1188,-0.6681823078654212,0.24863921795688115
5-14B,10.0,388.9416,6.652041586213073,0.38703371683259213
5-14B,10.0,388.9442,6.614726460024605,0.7033938568560539
5-14B,10.0,401.0756,-1.174656881901916,0.03807048557353516
5-14B,10.0,407.2795,-0.8559749345371963,0.24761841585782662
5-14B,10.0,421.0743,-0.377537025750302,0.511227542694864
5-14B,10.0,426.0222,-0.03729886731395254,0.14942022355986245
5-14B,10.0,442.9997,-0.2397519413928091,0.2568971523322231
5-14B,10.0,466.9657,-1.277163597489897,0.03760347215295559
5-14B,10.0,490.9787,-1.0691615448399021,0.6946365415419588
5-14B,10.0,503.1614,-0.19988680781204396,0.5113812115714077
5-14B,10.0,547.0731,2.42598755772617,0.11127072696442235
5-14B,10.0,565.0471,0.33067724939570775,0.32505917235383214
5-14B,10.0,578.8872,-1.224058637175005,0.03453161880988072
5-14B,10.0,579.0269,-0.9108485149439054,0.06914739568798456
5-14B,10.0,612.2549,1.1012760143247864,0.8164557019370382
5-14B,10.0,624.2949,1.7651919823177504,0.48886652461159613
5-14B,10.0,659.307,-0.4455718145843439,0.17608356661728625
5-14B,10.0,664.0939,1.3313732999822676,0.2612718818362157
5-14B,10.0,665.2144,1.1100291554213444,0.43274625647530357
5-14B,10.0,668.1374,1.7420762266989065,0.07903546751614134
5-14B,10.0,787.255,-0.9518851119241021,0.4523172304332507
5-14B,10.0,790.2568,-0.5808697638404499,0.17020410492727048
5-14B,10.0,835.0407,0.805228189509978,0.3173413951209755
5-14B,10.0,863.2971,1.7430141693661168,0.32484951872398365
5-14B,10.0,864.1473,0.7374715402964469,0.30468015972135215
5-14B,10.0,974.2935,1.1798175048960995,0.24753955823106236
5-14B,10.0,976.7162,-1.161171596258725,0.062115291040545556
5-14C,1.0,57.0342,-0.020464152230916154,0.43344450531358486
5-14C,1.0,58.0295,-1.014859208197541,0.1059860960845651
5-14C,1.0,59.0135,-0.1507365916844596,0.20019226722091027
5-14C,1.0,71.0137,0.5117980616524862,0.08126292972248549
5-14C,1.0,73.0293,-0.9685363831880378,0.007024325104558173
5-14C,1.0,74.0247,-0.4929539742651443,0.3965369169731111
5-14C,1.0,75.0087,-1.3001902055301824,0.2648358065951009
5-14C,1.0,87.0088,-0.7090321850296213,0.010904501652705578
5-14C,1.0,87.0451,-0.18601980936615906,0.4377268041941718
5-14C,1.0,88.0403,-0.9325441801822898,0.004536030353036411
5-14C,1.0,88.9883,-0.16666863287169048,0.49573463270857343
5-14C,1.0,89.0244,-0.7971551849328526,0.04470033835144872
5-14C,1.0,93.0338,-0.08942159515182116,0.009056508289250871
5-14C,1.0,94.9761,-1.225061743268996,0.19477841457415784
5-14C,1.0,94.9806,0.3320001421270768,0.15263422745201266
5-14C,1.0,95.0139,0.38575172281156667,0.08829505163736057
5-14C,1.0,101.0242,0.03153255575881423,0.13033102607932873
5-14C,1.0,102.056,-0.4997940813653666,0.02318483583800863
5-14C,1.0,103.0402,-1.0159662207752689,0.02552998468018979
5-14C,1.0,103.0509,-1.0734976501621505,0.05408765714132319
5-14C,1.0,104.0352,2.4294878660038948,0.4382126092716577
5-14C,1.0,105.0193,-1.061759185956153,0.267141673188923
5-14C,1.0,107.0503,-1.6203193674338308,0.15440297814649498
5-14C,1.0,109.0295,-1.303473836796957,0.03564303872964422
5-14C,1.0,111.02,-1.2073071835840175,0.0009255636748877076
5-14C,1.0,112.0516,-1.555442432965135,0.31955170932679744
5-14C,1.0,113.0244,0.27698086978222025,0.04922081589744345
5-14C,1.0,113.0357,-1.3126234423305125,0.023931398178021156
5-14C,1.0,114.056,2.6081592590264373,0.13454926154135222
5-14C,1.0,115.0037,-0.9585551824928125,0.03791718185438375
5-14C,1.0,115.0402,-1.891402426363856,0.22664308813115555
5-14C,1.0,115.0764,-0.28516771646129524,0.34399654493216175
5-14C,1.0,116.0354,-1.2999911113650702,0.1052748297859039
5-14C,1.0,116.0717,-0.7144590166136185,0.0058893603601918795
5-14C,1.0,117.0194,-0.9487059356575456,0.0008051643227693168
5-14C,1.0,118.0508,-0.6458929787723018,0.11365534692535678
5-14C,1.0,118.9804,0.48035528984512665,0.026503319142374963
5-14C,1.0,119.0503,-1.0221491022116103,0.20042442968079574
5-14C,1.0,120.9273,0.7017771365832846,0.46591483795701283
5-14C,1.0,121.0295,-1.552361554095543,0.2671073090283031
5-14C,1.0,121.0409,-0.8093245564178878,0.14855808608634566
5-14C,1.0,122.0248,-1.8021578496049848,0.17239451140480946
5-14C,1.0,124.0075,-0.2614276311111917,0.319455490530164
5-14C,1.0,124.0144,-0.6142187379431749,0.21254197513720824
5-14C,1.0,125.0439,-1.089210367230201,0.1656530514707339
5-14C,1.0,127.0764,-0.6131509157047371,0.34805637259719413
5-14C,1.0,128.0354,-0.09111541179044483,0.004473769995438487
5-14C,1.0,129.0193,-1.3189393876403133,0.030456302853371028
5-14C,1.0,129.0556,-0.9908001249201728,0.24126147834718353
5-14C,1.0,130.0142,-1.0006025766652882,0.16825470327942268
5-14C,1.0,130.0509,-1.0712854423164018,0.008826324200168257
5-14C,1.0,130.0874,-0.526102318270804,0.03282319048683428
5-14C,1.0,131.0008,-1.219308737549535,0.581829528364678
5-14C,1.0,131.0123,-0.7597121536136557,0.042912766095733065
5-14C,1.0,131.035,-0.22411133762824093,0.16876719406400403
5-14C,1.0,131.0462,0.09032339762658845,0.12108873711579453
5-14C,1.0,131.0828,2.072647379977558,0.2823061441078058
5-14C,1.0,132.0302,-1.162149555725477,0.009186307903050963
5-14C,1.0,133.0142,-0.5950925647671532,0.02252915611188227
5-14C,1.0,133.0257,-0.7289403687219309,0.05068361080539074
5-14C,1.0,133.0505,-1.3453821916153799,0.004105929254849483
5-14C,1.0,134.0472,-1.5112466678379548,0.14400301188811157
5-14C,1.0,134.0604,-1.5813086348294711,0.358975880640613
5-14C,1.0,135.0302,-0.8512194297341018,0.01622856673213081
5-14C,1.0,135.0453,-1.9350092909730936,0.07469668580113041
5-14C,1.0,136.0404,-0.5680618933555494,0.030135171271708196
5-14C,1.0,136.0487,-1.9763540209616184,0.0940401760350907
5-14C,1.0,136.0767,-0.8686281486519141,0.4302191456502563
5-14C,1.0,137.0239,-0.42565530474498786,0.03757901699530651
5-14C,1.0,138.9789,-2.1577549847940105,0.1903856216582845
5-14C,1.0,139.0014,-0.41210052895472765,0.0516975167084344
5-14C,1.0,139.0067,-0.8326658227423165,0.026297348897108646
5-14C,1.0,139.976,-1.8228320961556683,0.2931440910561815
5-14C,1.0,143.0713,0.03726767878576397,0.5829470916251305
5-14C,1.0,143.1077,-0.7987177901598651,0.23339817543722227
5-14C,1.0,145.0141,-0.2731249561203116,0.04573203318364091
5-14C,1.0,145.0506,0.1433715336871453,0.12312160286183839
5-14C,1.0,145.0623,0.5485380342587014,0.12617016359818034
5-14C,1.0,145.0982,1.7084340950899453,0.5165465996729189
5-14C,1.0,145.1106,1.331918539288624,0.5474986521555255
5-14C,1.0,146.0459,-0.43071081835306235,0.007517030418239069
5-14C,1.0,147.0298,-0.9803209555488037,0.004666015522538205
5-14C,1.0,147.0662,-1.454381397034125,0.002864870744682679
5-14C,1.0,149.0092,-0.4242010850328848,0.23728113626100608
5-14C,1.0,149.0456,-0.4031511759239661,0.18437425683147068
5-14C,1.0,149.0608,-1.9460088026826896,0.648137534002081
5-14C,1.0,150.0422,-0.6044312862859904,0.21618839473302065
5-14C,1.0,150.9707,-0.5421209539663635,0.4716256825178969
5-14C,1.0,151.0259,-0.31989928612416557,0.06592982357146393
5-14C,1.0,151.04,-2.2641593387999785,0.1620835718664691
5-14C,1.0,151.06,-0.9554932565161096,0.5369651618205539
5-14C,1.0,152.0353,-2.2862082486312234,0.20802246970354743
5-14C,1.0,152.0716,-0.05607945199672483,0.3481835604738121
5-14C,1.0,153.0192,-0.5443628311386057,0.026776274672186483
5-14C,1.0,154.062,2.6552847303059988,0.20533700861814488
5-14C,1.0,154.9751,-1.0105597561673771,0.016629485981739783
5-14C,1.0,155.0099,-1.1748507605987801,0.001376013407594389
5-14C,1.0,157.0128,-1.0644103580393733,0.028966077970780393
5-14C,1.0,157.0255,-1.340511146724324,0.005177075816541124
5-14C,1.0,157.0379,-1.4137591224914743,0.020154331649290667
5-14C,1.0,157.0504,-1.2501880797385916,0.021662723958948953
5-14C,1.0,159.0297,-0.18363387239433776,0.27557367811922545
5-14C,1.0,159.0775,-1.2219525481712281,0.03672742139078543
5-14C,1.0,160.0616,-1.4947815619680984,0.11728940007144895
5-14C,1.0,161.0453,-0.884279484844812,0.15195999040444505
5-14C,1.0,162.0424,-1.6349930945601672,0.1884443577971042
5-14C,1.0,163.0351,-1.239728072568937,0.062480679655790565
5-14C,1.0,163.0398,-0.2025341061648035,0.056840757324462206
5-14C,1.0,163.0611,-0.9749229396002854,0.27088303852037554
5-14C,1.0,164.0716,-0.07796005282345689,0.0762892127962259
5-14C,1.0,165.03,-1.2007684800512557,0.732247352326845
5-14C,1.0,165.0405,-2.2976890014030764,0.05249177991011827
5-14C,1.0,165.0556,-1.1023521338395104,0.04648904887521473
5-14C,1.0,166.0508,-1.8805207231259717,0.3646628996087488
5-14C,1.0,166.0632,-1.1582474111661611,0.2734394643820968
5-14C,1.0,166.9759,-1.0810789785686392,0.2534687092085249
5-14C,1.0,167.0207,1.1999504122382216,0.5001693841510945
5-14C,1.0,167.0358,-1.771904252368992,0.20277390658163777
5-14C,1.0,167.0828,-1.4327495982936467,0.2643223488251651
5-14C,1.0,168.0277,-0.40173024928091994,0.02557272049708317
5-14C,1.0,168.0664,-0.37564193606800916,0.52027155832765
5-14C,1.0,170.0455,-0.8508724552789795,0.016599298082783917
5-14C,1.0,171.0065,-1.1493696438140182,0.07627718383387583
5-14C,1.0,171.0092,-1.154851257560888,0.04622456372700735
5-14C,1.0,171.0284,-0.9495250941055232,0.05767438673276385
5-14C,1.0,172.0616,-1.6418498357897362,0.10836382431715581
5-14C,1.0,172.962,-0.6727050154794912,0.03928076777846852
5-14C,1.0,173.0089,-1.0574160127659005,0.14081430335870765
5-14C,1.0,173.0453,-1.2316112016287497,0.15327249337208435
5-14C,1.0,173.0932,-0.6926259473219349,0.042917098864019974
5-14C,1.0,173.1041,0.6271717308404108,0.2743988039314146
5-14C,1.0,174.0407,-1.0019337229459695,0.0020288275880664805
5-14C,1.0,174.088,0.40542701474344317,0.1216768581455123
5-14C,1.0,175.022,-0.9679716772218565,0.06512494158422366
5-14C,1.0,175.0361,-1.2466829946637068,0.010630933564183731
5-14C,1.0,175.0611,-1.2536935162603196,0.005057211846569683
5-14C,1.0,176.0776,-1.4908086726280356,0.08505316706170901
5-14C,1.0,177.0402,-0.5587480114762478,0.10255645205898517
5-14C,1.0,177.0553,-1.66591390070498,0.27855779957216625
5-14C,1.0,178.0509,-1.1155391682674938,0.017480025480589474
5-14C,1.0,179.0348,-1.8628197193258647,0.2162546993355043
5-14C,1.0,179.0561,0.2166314891521921,0.1374604754967864
5-14C,1.0,180.0663,0.34646406425154763,0.14002939037105613
5-14C,1.0,181.0505,-0.7620286464287708,0.31264538051520707
5-14C,1.0,182.9725,0.21593624651354232,0.2873379015548965
5-14C,1.0,183.0661,-0.25517524020182564,0.5284844868821481
5-14C,1.0,184.0017,-0.25409072176181097,0.10847042051144548
5-14C,1.0,184.9856,-1.0521434342473577,0.07339308813409427
5-14C,1.0,186.1136,-1.2683168755750756,0.6695955472705508
5-14C,1.0,187.0234,-1.4933327534801748,0.384851738740648
5-14C,1.0,188.035,-0.9128781563758552,0.5507783581160692
5-14C,1.0,188.0565,-1.113853370612205,0.003856544943153065
5-14C,1.0,189.0405,0.5013060875001407,0.08277230210362217
5-14C,1.0,191.0197,-0.9587225191395303,0.15463567008842616
5-14C,1.0,191.0561,-0.9935746896991905,0.060285155169288646
5-14C,1.0,192.0663,-0.6376007480197357,0.46978756740479694
5-14C,1.0,193.0349,-0.8866867701538143,0.18962322563970402
5-14C,1.0,194.0682,-1.0879814941251613,0.17997785829754134
5-14C,1.0,194.0822,-1.1665774177749921,0.42029297076413324
5-14C,1.0,195.0509,-0.048249006320124105,0.11131000028201135
5-14C,1.0,195.0657,-2.1618047536248572,0.4959846306389955
5-14C,1.0,196.0603,0.3254912594297879,0.1053080316668903
5-14C,1.0,198.0182,-0.9470720027170221,0.1474284616852137
5-14C,1.0,199.0019,-1.183881784749949,0.25702806249249344
5-14C,1.0,200.9937,-0.330953447330404,0.33952228573277843
5-14C,1.0,201.0051,-1.5433844675105854,0.08625915744767941
5-14C,1.0,203.0348,-0.9528747250031467,0.2280206528843868
5-14C,1.0,203.0826,-0.038158853408905624,0.030253918908553938
5-14C,1.0,204.0498,-0.34566873629005157,0.4702442683607196
5-14C,1.0,205.0351,-1.2394491062555526,0.0801968222376896
5-14C,1.0,206.0822,-1.3864647200491003,0.26796308419966075
5-14C,1.0,209.0292,-0.4482096494476767,0.1947105027162612
5-14C,1.0,209.0814,-0.008081584197933284,0.07828542178205071
5-14C,1.0,211.0235,-1.4120492496802215,0.3635047460979128
5-14C,1.0,211.9968,-1.0969243373319828,0.013802127828136335
5-14C,1.0,212.0331,1.9013201802708872,0.4639512972966743
5-14C,1.0,212.9807,-0.938041751993853,0.06076121214027981
5-14C,1.0,213.014,0.03374369604192298,0.19804241402054582
5-14C,1.0,213.0384,-0.6215385900668073,0.21243476926311766
5-14C,1.0,213.1252,-0.17375232535029167,0.27696199515361664
5-14C,1.0,214.0488,-1.6977835417731946,0.5411795565507869
5-14C,1.0,215.0331,0.03744336392104613,0.11118050852282642
5-14C,1.0,216.1351,0.1759737283051902,0.036931207794976044
5-14C,1.0,218.0335,0.37817184823673317,0.16755994855258785
5-14C,1.0,218.1034,-1.276264964713286,0.012050618423668495
5-14C,1.0,220.0828,-1.0554236485870472,0.5023169334295923
5-14C,1.0,221.0443,0.2825443583177326,0.14810541840163582
5-14C,1.0,221.0664,-1.279133714699157,0.24819974470058984
5-14C,1.0,225.0399,-1.566387699118315,1.125240941387068
5-14C,1.0,225.0861,-2.203177108330208,0.2525270114771473
5-14C,1.0,225.0901,-1.1270264833973036,0.4340044510348269
5-14C,1.0,226.0135,-1.2517628699354182,0.0995577711872882
5-14C,1.0,226.0697,0.4448812771154454,0.41403885750263697
5-14C,1.0,228.0501,-0.7069066763903978,0.20611467216304433
5-14C,1.0,229.0122,-1.0305566668264827,0.1671357611564537
5-14C,1.0,237.0614,-1.5630422065958642,0.0900052163327188
5-14C,1.0,238.0945,0.40077637928537513,0.19588686233122846
5-14C,1.0,240.0515,-1.4110698296390827,0.01013044963341875
5-14C,1.0,241.0844,-1.4667456632520854,0.5575329445169829
5-14C,1.0,242.0804,0.22759278300609959,0.28086978122019235
5-14C,1.0,243.029,-1.4734994566770148,0.31130499752521623
5-14C,1.0,243.0625,-0.8520824530066415,0.2888782724249709
5-14C,1.0,245.0444,-1.8082589101156947,0.13678691665354334
5-14C,1.0,246.0198,-1.4488416858122,0.45754358516082316
5-14C,1.0,246.064,0.57417415486613,0.485193508190666
5-14C,1.0,251.0816,0.5883095214041452,1.3135640220211375
5-14C,1.0,253.0119,-0.3460101688138376,0.005774963753637804
5-14C,1.0,253.0499,-0.440743371967694,0.9927915039153449
5-14C,1.0,257.0072,0.1965560939398109,0.4237551178098503
5-14C,1.0,257.1028,1.5733927725289698,0.7479562869662891
5-14C,1.0,259.005,-1.1412663001823085,0.22808393391308726
5-14C,1.0,259.0227,-0.23597393292703597,0.11521823257629558
5-14C,1.0,261.0385,-0.6118284615469143,0.17583060957565377
5-14C,1.0,266.0703,-1.0070182903042095,0.2547940742245826
5-14C,1.0,267.0724,-0.676568912827214,0.03241732503118018
5-14C,1.0,268.02,-0.538190212792775,0.5384745012133753
5-14C,1.0,269.0398,-0.7424185948668811,0.09901931125381737
5-14C,1.0,271.0612,-0.6294092080402156,0.32170923233731563
5-14C,1.0,271.0815,1.0414148506485394,0.696100009920504
5-14C,1.0,273.0021,-0.9254414629028351,0.13116114295908018
5-14C,1.0,274.0933,-1.435623110901488,0.12068087479214626
5-14C,1.0,275.0184,-2.1026471461881475,0.32095955358734524
5-14C,1.0,275.0991,-0.6348591326106224,0.17338003325008938
5-14C,1.0,277.1207,0.5293549249621404,0.08479091537322413
5-14C,1.0,277.2169,2.963863242619521,0.6587358172038219
5-14C,1.0,279.2331,4.231705051839928,0.1727093908702262
5-14C,1.0,282.0839,0.08460278855837128,0.15820506850470092
5-14C,1.0,283.2063,4.898122252799313,0.19760282210399105
5-14C,1.0,285.0972,2.002399630783232,0.6520196109180956
5-14C,1.0,287.0157,-0.5987871110575347,0.5269606313448786
5-14C,1.0,288.0725,-0.6971941400242438,0.0736855865152119
5-14C,1.0,289.0333,-0.9764636206042528,0.28815655363216
5-14C,1.0,289.1044,-0.8734816390543179,0.07410483399964524
5-14C,1.0,290.9677,-0.5503143640575525,0.07150109257591274
5-14C,1.0,294.0479,-0.4567930051420435,0.4971180404715048
5-14C,1.0,300.0509,-1.0442917867334995,0.8688150433432282
5-14C,1.0,301.0333,-0.39067762476830825,0.3718838149996406
5-14C,1.0,303.2326,0.01684834884817174,0.44161485382278676
5-14C,1.0,305.0207,-0.12318290519148895,0.11231398529770413
5-14C,1.0,306.0481,-1.1785496404424634,0.1042673680781717
5-14C,1.0,306.0765,-0.32277234359476903,0.017340771256598428
5-14C,1.0,308.0986,0.15802395720558465,0.023185314260312805
5-14C,1.0,313.0441,-0.859755164816847,0.2747996462280323
5-14C,1.0,313.1037,-0.6985304907825511,0.2448011563251839
5-14C,1.0,317.026,-0.4340165331809297,0.14658153420433817
5-14C,1.0,323.0256,-0.8125839344588335,0.538259103949168
5-14C,1.0,325.1163,0.31778583275833616,0.16087908746528984
5-14C,1.0,328.0457,-1.0645511224736603,0.07454283818950024
5-14C,1.0,333.0589,-1.520388760385098,0.07414575275970048
5-14C,1.0,338.9884,-0.9143029321271425,0.1467026499936852
5-14C,1.0,339.0928,-0.28787532931810056,0.5445653870877756
5-14C,1.0,341.1089,-0.35786135623325865,0.15625893048960995
5-14C,1.0,344.0393,-0.8705325737593572,0.1955229958451215
5-14C,1.0,346.0556,-0.5057085103443725,0.05681808678489463
5-14C,1.0,348.087,-1.177957601583742,0.11037142543611024
5-14C,1.0,353.0489,-1.3101027158392635,0.3400628680085098
5-14C,1.0,357.089,-0.7893164088473836,0.10980569148373119
5-14C,1.0,375.131,0.39851854346421933,0.49155959048937486
5-14C,1.0,377.1496,4.155355884884469,0.9485091147106134
5-14C,1.0,383.1188,-0.8873068037925262,0.26346313146658545
5-14C,1.0,388.9416,-0.4333545744532038,0.16984409174180543
5-14C,1.0,388.9442,-0.6064967599676946,0.21157599768626917
5-14C,1.0,401.0756,0.5139297772740201,0.041490127994554704
5-14C,1.0,407.2795,3.6590471814777508,0.23516110539923707
5-14C,1.0,421.0743,-0.09039973811847826,0.30900395544113013
5-14C,1.0,426.0222,-0.9738923066417873,0.3711430283835393
5-14C,1.0,442.9997,0.0327672899979197,0.056710783106215024
5-14C,1.0,466.9657,-0.4713558056650913,0.15503825993318282
5-14C,1.0,490.9787,0.08294374478947716,0.5936493212602072
5-14C,1.0,503.1614,-1.0305697975126316,0.3259433681120325
5-14C,1.0,547.0731,-1.345191755976316,0.023874063690796477
5-14C,1.0,565.0471,-0.5231278995713071,0.14290789215445668
5-14C,1.0,578.8872,0.430306286561229,0.14552070166341863
5-14C,1.0,579.0269,1.3818527855550395,0.2247749097228859
5-14C,1.0,612.2549,-1.0866593636538107,0.25282796926462503
5-14C,1.0,624.2949,-1.583449011932927,0.17887068062293957
5-14C,1.0,659.307,-0.8197728353275506,0.26411421221060566
5-14C,1.0,664.0939,-0.5470151128560927,0.0860893737340949
5-14C,1.0,665.2144,-1.4077456993222845,0.07132821547461012
5-14C,1.0,668.1374,-0.6163928181455554,0.0001155260088339384
5-14C,1.0,787.255,-1.273910059061019,0.20261331224377047
5-14C,1.0,790.2568,-0.8191867840852937,0.16508862533246066
5-14C,1.0,835.0407,-0.7801688979733798,0.2146521098672564
5-14C,1.0,863.2971,-0.7883643499770973,0.09284177772640492
5-14C,1.0,864.1473,-1.8159499579616407,0.3002040146759592
5-14C,1.0,974.2935,-1.1084168147594085,0.20981109020549646
5-14C,1.0,976.7162,-0.20944636453526327,0.10299623228967121
5-14C,2.0,57.0342,0.6230318157431882,0.1921000802734635
5-14C,2.0,58.0295,-0.9293085842136415,0.1743969073897652
5-14C,2.0,59.0135,0.7477696370454708,0.3364254951254695
5-14C,2.0,71.0137,0.8557514999203498,0.14948570221894597
5-14C,2.0,73.0293,-0.9600200493148145,0.004057818618709412
5-14C,2.0,74.0247,-0.2588303114283242,0.41030400471263473
5-14C,2.0,75.0087,-0.357404987349752,0.300868189976774
5-14C,2.0,87.0088,-0.6781882803701642,0.0024866250985080825
5-14C,2.0,87.0451,0.43632333508777954,0.47875931981305503
5-14C,2.0,88.0403,-0.9315853444979081,0.01055043714721134
5-14C,2.0,88.9883,0.24002463307386085,0.4438075183112822
5-14C,2.0,89.0244,-0.5172414244748353,0.162217849112219
5-14C,2.0,93.0338,-0.08016155168557318,0.009955796451109142
5-14C,2.0,94.9761,-0.6894116961239746,0.09720546365262031
5-14C,2.0,94.9806,1.1160986683518528,0.13765493928963313
5-14C,2.0,95.0139,0.8170557864126409,0.30259059639025676
5-14C,2.0,101.0242,0.9802146724469505,0.23793206557962304
5-14C,2.0,102.056,-0.44880582099825395,0.03745098738739645
5-14C,2.0,103.0402,-0.9149661054584828,0.015179453590852795
5-14C,2.0,103.0509,-0.9161249703043233,0.07179388743912625
5-14C,2.0,104.0352,0.7373546283616309,0.5696651971096075
5-14C,2.0,105.0193,0.5178099054098644,0.43264221032459727
5-14C,2.0,107.0503,0.6744134439826994,0.16557472665949385
5-14C,2.0,109.0295,-0.705581474966458,0.08463904978848873
5-14C,2.0,111.02,-0.9107030567566948,0.014057412907971675
5-14C,2.0,112.0516,-0.13095876969794185,0.5876881058956441
5-14C,2.0,113.0244,0.9094060681131344,0.24470415659649775
5-14C,2.0,113.0357,-0.901463486898739,0.10203932387863884
5-14C,2.0,114.056,3.6196546151823377,0.36124382324619103
5-14C,2.0,115.0037,-0.8358358819608305,0.026782728921533046
5-14C,2.0,115.0402,-0.07128358282323916,0.23052144890819742
5-14C,2.0,115.0764,2.1158553100860535,0.24568100973044418
5-14C,2.0,116.0354,-0.3275701507486587,0.22612572619634827
5-14C,2.0,116.0717,-0.7343782652980559,0.00904792655863553
5-14C,2.0,117.0194,-0.9406937998594809,0.001267368624382916
5-14C,2.0,118.0508,-0.7213919939075226,0.14046361236196714
5-14C,2.0,118.9804,1.067128286911981,0.17115781374468503
5-14C,2.0,119.0503,-0.11080898292484516,0.2920110313095285
5-14C,2.0,120.9273,0.5275566193699517,0.4928892108699277
5-14C,2.0,121.0295,0.9350749758708066,0.45605953135830996
5-14C,2.0,121.0409,1.4257887528712403,0.038867840073459586
5-14C,2.0,122.0248,-0.5098064707035437,0.24249438825887118
5-14C,2.0,124.0075,0.05962733080564152,0.12786167487030953
5-14C,2.0,124.0144,-0.005703440152754008,0.31203764035967624
5-14C,2.0,125.0439,-0.2405977927923445,0.22535963864521324
5-14C,2.0,127.0764,1.3421881304652643,0.29316944670926653
5-14C,2.0,128.0354,-0.25757980439362804,0.021924022826659423
5-14C,2.0,129.0193,-0.9165600475430591,0.04565536196918766
5-14C,2.0,129.0556,1.5267382729952002,0.7189635359442889
5-14C,2.0,130.0142,-0.652491468873921,0.20293266901724327
5-14C,2.0,130.0509,-1.0340909682042763,0.024506069396290027
5-14C,2.0,130.0874,-0.7537318723855073,0.10094964407212614
5-14C,2.0,131.0008,-0.07518938231514627,0.8866115448352424
5-14C,2.0,131.0123,-0.6662650130956054,0.03211204204395571
5-14C,2.0,131.035,0.8925875067320492,0.13033020783289806
5-14C,2.0,131.0462,0.9330416010178146,0.17835030785324374
5-14C,2.0,131.0828,0.24436236232428768,0.23635237138963994
5-14C,2.0,132.0302,-1.081303272150691,0.018036012796299062
5-14C,2.0,133.0142,-0.44666871040517,0.034144351235835604
5-14C,2.0,133.0257,-0.5056679699746507,0.07200415989057425
5-14C,2.0,133.0505,-1.1169825161366687,0.010675433831077892
5-14C,2.0,134.0472,-0.6623165634080561,0.168731247493689
5-14C,2.0,134.0604,-0.6021992578055998,0.4490687572128905
5-14C,2.0,135.0302,-0.7407491032320661,0.0776076396487741
5-14C,2.0,135.0453,-1.3547025735333635,0.11630878252779357
5-14C,2.0,136.0404,-0.35757139310451513,0.09181303240649578
5-14C,2.0,136.0487,-1.32590473494057,0.2548539207867143
5-14C,2.0,136.0767,1.4938247525124582,0.33498177278997315
5-14C,2.0,137.0239,-0.08276769076296253,0.27755013491430536
5-14C,2.0,138.9789,0.6079851465842194,0.4533644476626708
5-14C,2.0,139.0014,-0.30964487707201827,0.011085206661065487
5-14C,2.0,139.0067,-0.652432252507589,0.014536812518853384
5-14C,2.0,139.976,0.4697013348848894,0.5422045672430854
5-14C,2.0,143.0713,1.64855963629854,0.6153901376307083
5-14C,2.0,143.1077,2.1214880179295084,0.3895450208976389
5-14C,2.0,145.0141,-0.2577735841732335,0.2040062133804361
5-14C,2.0,145.0506,-0.8060871843046113,0.16101416740716692
5-14C,2.0,145.0623,-0.5233338944514034,0.2551596555411772
5-14C,2.0,145.0982,0.7101165621965273,0.2193177175219831
5-14C,2.0,145.1106,1.1370459322258915,0.387045136183835
5-14C,2.0,146.0459,-0.3750064583809182,0.009579547523082082
5-14C,2.0,147.0298,-0.891386959140098,0.00911915167704313
5-14C,2.0,147.0662,-1.1535417803217172,0.030188744638442174
5-14C,2.0,149.0092,1.1079123007072762,0.4397133272839169
5-14C,2.0,149.0456,0.4496070166413445,0.2090846219389601
5-14C,2.0,149.0608,0.88150742212151,0.42504448257441024
5-14C,2.0,150.0422,-0.6429271079723684,0.36076806543619205
5-14C,2.0,150.9707,-0.5008180245323288,0.3984069525964014
5-14C,2.0,151.0259,-0.6305710401130477,0.08362037238928294
5-14C,2.0,151.04,-0.1354467754113259,0.7740445669830842
5-14C,2.0,151.06,-0.034924834417427025,0.9580531949653028
5-14C,2.0,152.0353,0.42505008422960144,0.22186522365895675
5-14C,2.0,152.0716,1.7409185497690818,0.4854999269798152
5-14C,2.0,153.0192,0.0988369577900307,0.17336002755318536
5-14C,2.0,154.062,0.32741076880751685,0.20371732777478532
5-14C,2.0,154.9751,-0.9931166500381584,0.00829102584406813
5-14C,2.0,155.0099,-0.8657101256037231,0.01671633730014256
5-14C,2.0,157.0128,-0.8725909718495348,0.045190404523356764
5-14C,2.0,157.0255,-1.0919988611827192,0.028535728283612165
5-14C,2.0,157.0379,-1.1052175000684779,0.02267568486231556
5-14C,2.0,157.0504,-0.995862738727296,0.04024186872745444
5-14C,2.0,159.0297,0.7642773739359863,0.17213105602709441
5-14C,2.0,159.0775,-1.1451160136040266,0.04927073473868138
5-14C,2.0,160.0616,-0.6615576638605255,0.39465227611984577
5-14C,2.0,161.0453,0.45437625748656074,0.43475974017335456
5-14C,2.0,162.0424,-1.2054272603965601,0.19654984590689606
5-14C,2.0,163.0351,-0.9300606370377542,0.13265945498632836
5-14C,2.0,163.0398,0.4237106994094153,0.11835352841510138
5-14C,2.0,163.0611,-0.10878920186306011,0.9695157889542453
5-14C,2.0,164.0716,-0.24507050645169984,0.047311628215348525
5-14C,2.0,165.03,0.733041889005597,0.533496542178007
5-14C,2.0,165.0405,1.007628533619861,0.6598517303690621
5-14C,2.0,165.0556,-0.623428899662555,0.1287683832185428
5-14C,2.0,166.0508,-0.9031072618515066,0.39626636282012645
5-14C,2.0,166.0632,-0.24101067504967072,1.3516334925645832
5-14C,2.0,166.9759,-0.29847196427892925,0.2833597995410482
5-14C,2.0,167.0207,-0.012549537043470893,0.2775571691599529
5-14C,2.0,167.0358,1.4059164418738859,0.761805009802566
5-14C,2.0,167.0828,1.450719567206547,0.7494076376039792
5-14C,2.0,168.0277,-0.33564989739703455,0.026372248867296926
5-14C,2.0,168.0664,1.406420241649915,0.47800731680413655
5-14C,2.0,170.0455,-0.8143357938190842,0.01280623395220135
5-14C,2.0,171.0065,-0.9292032744712881,0.15131907258840577
5-14C,2.0,171.0092,-0.8938741429427354,0.010539399149545959
5-14C,2.0,171.0284,-0.792219334366081,0.06405381043220719
5-14C,2.0,172.0616,-1.2650519679272256,0.12552437546908893
5-14C,2.0,172.962,-0.5240862333012308,0.05723930596041025
5-14C,2.0,173.0089,-0.8859208271706147,0.034101899213443955
5-14C,2.0,173.0453,-0.39580473399444527,0.15517806320278113
5-14C,2.0,173.0932,-0.8277990929984784,0.05852194161431216
5-14C,2.0,173.1041,0.17274999264982224,0.18632409762087274
5-14C,2.0,174.0407,-0.963434702999382,0.001329759013223224
5-14C,2.0,174.088,-0.6259903103885094,0.04671949249506882
5-14C,2.0,175.022,-0.6493001282906701,0.1388771183086007
5-14C,2.0,175.0361,-1.096307001220227,0.014672610127877605
5-14C,2.0,175.0611,-1.0993178494005786,0.0060387464545202316
5-14C,2.0,176.0776,-1.0653231058309374,0.23164572481247317
5-14C,2.0,177.0402,0.7529027737517965,0.5055406158567068
5-14C,2.0,177.0553,-0.19530805568616044,0.6711858978288
5-14C,2.0,178.0509,-0.9741011884318787,0.03922702252308702
5-14C,2.0,179.0348,-0.7718390121897386,0.13401892673494847
5-14C,2.0,179.0561,0.9254433181961046,0.2681145232383907
5-14C,2.0,180.0663,0.920766631103582,0.2632777999272009
5-14C,2.0,181.0505,-0.43823010649032096,0.3429123957206923
5-14C,2.0,182.9725,1.582564911755599,0.5777476364097026
5-14C,2.0,183.0661,1.1963160157572021,0.2667683277533572
5-14C,2.0,184.0017,-0.4066204389334541,0.04877261195135428
5-14C,2.0,184.9856,-0.2643793853431643,0.16651394218151055
5-14C,2.0,186.1136,0.5401707285744649,0.6972662983644085
5-14C,2.0,187.0234,-0.01973307131369738,0.3370469605425914
5-14C,2.0,188.035,-0.5930629277987751,0.6619980095632084
5-14C,2.0,188.0565,-0.8789967020006073,0.008450054972122496
5-14C,2.0,189.0405,1.08713501255532,0.18105408804410744
5-14C,2.0,191.0197,-0.9322946709029172,0.13652660999827826
5-14C,2.0,191.0561,-1.0651842896698063,0.05383131102775954
5-14C,2.0,192.0663,0.20127612078618654,0.40066453247710593
5-14C,2.0,193.0349,-0.1007924465058132,0.427695568417023
5-14C,2.0,194.0682,-0.8893330363276732,0.12794652328553088
5-14C,2.0,194.0822,1.0827832571876803,0.4419413757376884
5-14C,2.0,195.0509,0.21392571609671068,0.19606096057089037
5-14C,2.0,195.0657,0.1531114193904572,0.5247428906462129
5-14C,2.0,196.0603,0.4778555330751741,0.1874645517940861
5-14C,2.0,198.0182,-1.006035686514881,0.44765296873629606
5-14C,2.0,199.0019,-0.8941725567332868,0.23094239676258016
5-14C,2.0,200.9937,1.0998376732726565,0.7169656341908653
5-14C,2.0,201.0051,-1.2865317759065726,0.18916509350088911
5-14C,2.0,203.0348,-0.03193629651465432,0.20087646146277113
5-14C,2.0,203.0826,-0.08190801770363249,0.011580703648429327
5-14C,2.0,204.0498,1.481746197386643,1.1537923120833837
5-14C,2.0,205.0351,-0.9639157559804366,0.09311046560589328
5-14C,2.0,206.0822,0.5680463461000542,0.45078689537889627
5-14C,2.0,209.0292,-0.40354546740490943,0.15689859236372194
5-14C,2.0,209.0814,0.717694571107885,0.27167723258695914
5-14C,2.0,211.0235,-0.17494460611271012,0.30334409339455304
5-14C,2.0,211.9968,-1.0215176414516443,0.03745448522751478
5-14C,2.0,212.0331,1.2168005007424587,0.9154522568850771
5-14C,2.0,212.9807,-0.6073129120136069,0.08582832663168122
5-14C,2.0,213.014,-0.9694721875213986,0.17209481833376938
5-14C,2.0,213.0384,-0.2751922699523931,0.31663523197844096
5-14C,2.0,213.1252,1.538893569142301,0.48830312067788323
5-14C,2.0,214.0488,-0.013813452377789165,0.981400954920472
5-14C,2.0,215.0331,0.759649567919534,0.21093441144348796
5-14C,2.0,216.1351,0.303646309534932,0.237543180319388
5-14C,2.0,218.0335,0.7415006742293521,0.20417081743708904
5-14C,2.0,218.1034,-1.1019138671001387,0.030328280580331643
5-14C,2.0,220.0828,0.9158686553696203,0.7664860292677945
5-14C,2.0,221.0443,1.0290251237683847,0.21581197640660058
5-14C,2.0,221.0664,-0.0740104426896488,0.3551461467634734
5-14C,2.0,225.0399,1.0973914726719354,0.18553859899858374
5-14C,2.0,225.0861,0.7810181041867198,0.7876784116097075
5-14C,2.0,225.0901,1.4133052266762984,0.9735015459911225
5-14C,2.0,226.0135,-0.1525748432912694,0.18234926091441267
5-14C,2.0,226.0697,0.6484044027131473,0.4391764171414305
5-14C,2.0,228.0501,-0.43318889041852204,0.5665441142926926
5-14C,2.0,229.0122,-0.769611460072432,0.05051018364980649
5-14C,2.0,237.0614,-1.0746506204565063,0.15674232510016653
5-14C,2.0,238.0945,1.1002713501395398,0.3180300388971301
5-14C,2.0,240.0515,-1.2536737604676713,0.011113038349389712
5-14C,2.0,241.0844,-0.512457976526044,0.7225098434479763
5-14C,2.0,242.0804,0.39282362659521003,0.8277218319629596
5-14C,2.0,243.029,-0.4227676003167153,0.5962598752796768
5-14C,2.0,243.0625,-0.7525122534889134,0.13534720702791464
5-14C,2.0,245.0444,-0.8730691118494238,0.24384779649562208
5-14C,2.0,246.0198,0.14886103296672903,0.4530877093449881
5-14C,2.0,246.064,0.8860409515988819,0.6145338867167764
5-14C,2.0,251.0816,-0.43293043282146726,0.5643009006258068
5-14C,2.0,253.0119,0.007327969633816888,0.05930597479040912
5-14C,2.0,253.0499,0.8904135349186062,0.2731374715123204
5-14C,2.0,257.0072,-0.2376799251328268,0.2964502352950505
5-14C,2.0,257.1028,0.947530441314171,0.6724569372275724
5-14C,2.0,259.005,0.05424838968179464,1.0859006509775695
5-14C,2.0,259.0227,0.32981363932610264,0.22222995195982498
5-14C,2.0,261.0385,-0.5157420373210588,0.3576613399591331
5-14C,2.0,266.0703,-0.7266300452130823,0.2665465984933908
5-14C,2.0,267.0724,-0.7035442473947937,0.023983600701656765
5-14C,2.0,268.02,0.19292734155307625,0.07081681173066735
5-14C,2.0,269.0398,-0.6681386640879969,0.09296259894013385
5-14C,2.0,271.0612,0.16101738496668952,0.6539907138546588
5-14C,2.0,271.0815,0.9088391236002932,1.1762569124714042
5-14C,2.0,273.0021,-0.7553963446593901,0.09338660860893587
5-14C,2.0,274.0933,-1.1275529586566582,0.06204823783168254
5-14C,2.0,275.0184,0.3209785232698739,0.3558794519344264
5-14C,2.0,275.0991,-0.8365388544667449,0.06449391316529851
5-14C,2.0,277.1207,0.5013897642948046,0.1844128654492823
5-14C,2.0,277.2169,0.1974874268908124,0.27483046759719565
5-14C,2.0,279.2331,-0.35382805229597813,0.03899375948815206
5-14C,2.0,282.0839,-0.2603924478375232,0.5988268857306391
5-14C,2.0,283.2063,-0.31605924528926743,0.10325560097583017
5-14C,2.0,285.0972,0.22001387286702528,0.6803206813650567
5-14C,2.0,287.0157,1.3018713255290244,0.4596696343760404
5-14C,2.0,288.0725,-0.3635100801387765,0.23137272268916154
5-14C,2.0,289.0333,0.04625779253586506,0.6231300633617081
5-14C,2.0,289.1044,-0.41602940355480905,0.3491445163644003
5-14C,2.0,290.9677,-0.12604481142770985,0.19523513106980744
5-14C,2.0,294.0479,0.6474302669183465,0.713625798319171
5-14C,2.0,300.0509,-0.017921393979211678,0.6413735064978991
5-14C,2.0,301.0333,0.40862419765972313,0.5094105417909612
5-14C,2.0,303.2326,0.5795651243068465,1.317017699237668
5-14C,2.0,305.0207,1.626009203441446,0.53478363490882
5-14C,2.0,306.0481,-1.185804297526517,0.16931269277687752
5-14C,2.0,306.0765,-0.2891931842833412,0.03790596308637247
5-14C,2.0,308.0986,-0.09000429843070962,0.061969864432378265
5-14C,2.0,313.0441,-0.5554027393533547,0.4581794809640361
5-14C,2.0,313.1037,-0.449070092237274,0.17251699972342446
5-14C,2.0,317.026,0.8618878757813546,0.7992425949490558
5-14C,2.0,323.0256,1.5597092647673758,0.8730349859793016
5-14C,2.0,325.1163,-0.6725312874522797,0.20599533720372246
5-14C,2.0,328.0457,-0.8404243490543666,0.06346796938994119
5-14C,2.0,333.0589,-0.9395033453186236,0.20200440079060847
5-14C,2.0,338.9884,-0.7014671346504251,0.15168049690576915
5-14C,2.0,339.0928,0.08004762452584382,0.517394298517718
5-14C,2.0,341.1089,-0.36664231705595973,0.0985811853796197
5-14C,2.0,344.0393,-0.4096238600916506,0.2894504047492916
5-14C,2.0,346.0556,-0.042084835069818236,0.25885515838063067
5-14C,2.0,348.087,-1.025600297779055,0.15648267175653627
5-14C,2.0,353.0489,-0.3661084816040224,1.0970067351657378
5-14C,2.0,357.089,-0.7571279814670553,0.2981589600751207
5-14C,2.0,375.131,-0.5977840787957075,0.27069002166473766
5-14C,2.0,377.1496,0.005020411868586934,0.7832196135737362
5-14C,2.0,383.1188,-0.039766100610962106,0.4113370701135331
5-14C,2.0,388.9416,-0.2049860021797805,0.17592647503196424
5-14C,2.0,388.9442,-0.5430610454472993,0.14189956837462217
5-14C,2.0,401.0756,1.1556603559728615,0.19581819612927864
5-14C,2.0,407.2795,0.03883153657134927,0.47854534493941425
5-14C,2.0,421.0743,-0.34636751755342643,0.9052622781686886
5-14C,2.0,426.0222,-0.6120787041630639,0.3717359766558558
5-14C,2.0,442.9997,0.09071348446205361,0.20346341098786447
5-14C,2.0,466.9657,1.4710493085197611,0.3141967591111283
5-14C,2.0,490.9787,0.314387759687277,0.7464403073208052
5-14C,2.0,503.1614,-0.47929475083603523,0.490718552324423
5-14C,2.0,547.0731,-1.0544439171422015,0.12635361166705764
5-14C,2.0,565.0471,-0.8451260871510174,0.24504091489215282
5-14C,2.0,578.8872,0.9284175942095276,0.12787044918253843
5-14C,2.0,579.0269,0.6019276223925372,0.18720511078250093
5-14C,2.0,612.2549,-1.4009911978573881,0.23542754970011773
5-14C,2.0,624.2949,-0.9078657582172558,0.14557154302114486
5-14C,2.0,659.307,0.6666116066318457,0.4860204382445432
5-14C,2.0,664.0939,-0.3672121578303887,0.07739105021060028
5-14C,2.0,665.2144,-1.0124457047347528,0.25810737822152596
5-14C,2.0,668.1374,-0.6164087138789919,0.00016049902975457156
5-14C,2.0,787.255,0.5494389620093697,0.3532777000072965
5-14C,2.0,790.2568,0.13860221597731698,0.6860703261526269
5-14C,2.0,835.0407,-0.788329830132697,0.1709313613835923
5-14C,2.0,863.2971,-0.7478914633156502,0.14343947656046907
5-14C,2.0,864.1473,-0.060176437679693995,0.4910705053159595
5-14C,2.0,974.2935,-0.6159684309682022,0.31044279280260173
5-14C,2.0,976.7162,0.8369975053353755,0.10246628793938245
5-14C,3.0,57.0342,0.6586745564842689,0.42944944990301287
5-14C,3.0,58.0295,-1.0379154047322086,0.20565481558406185
5-14C,3.0,59.0135,0.8741350592258131,0.12243504665471516
5-14C,3.0,71.0137,0.9626997663058878,0.09032383307321581
5-14C,3.0,73.0293,-0.9164385463783095,0.012946014262777217
5-14C,3.0,74.0247,0.2966493854093562,0.39534691018580964
5-14C,3.0,75.0087,0.05842859004939287,0.5290842042981296
5-14C,3.0,87.0088,-0.6885806910899572,0.012215584008471655
5-14C,3.0,87.0451,0.816115101010165,0.32876984256865155
5-14C,3.0,88.0403,-0.8435199747170061,0.011258032207537532
5-14C,3.0,88.9883,-0.589349840476035,0.7087458399381406
5-14C,3.0,89.0244,-0.5032126670919433,0.042481277306194345
5-14C,3.0,93.0338,-0.06619301154157198,0.006657638020181864
5-14C,3.0,94.9761,-0.5461437261015514,0.4332053940304088
5-14C,3.0,94.9806,0.6453868396058444,0.30381607945745753
5-14C,3.0,95.0139,0.8483016176696397,0.13200734825199847
5-14C,3.0,101.0242,0.8468024483576391,0.1041346869098655
5-14C,3.0,102.056,-0.3143573491178888,0.03936803185566694
5-14C,3.0,103.0402,-0.8865879605462348,0.05279614139650762
5-14C,3.0,103.0509,-0.9046181507018154,0.05686897630260186
5-14C,3.0,104.0352,0.09831754344653101,0.26481556168565096
5-14C,3.0,105.0193,-0.4700397300996042,0.5378978395366653
5-14C,3.0,107.0503,-0.4242262270600324,0.6803240579970726
5-14C,3.0,109.0295,-0.27445568202343995,0.11087691356310614
5-14C,3.0,111.02,-0.4322779757419369,0.008269191442736686
5-14C,3.0,112.0516,1.0079900943253235,0.9143957286311022
5-14C,3.0,113.0244,0.9364413463941493,0.11888757462736531
5-14C,3.0,113.0357,-0.35969486246671,0.031122801841551504
5-14C,3.0,114.056,3.3528689595904613,0.03118642372580819
5-14C,3.0,115.0037,-0.7693478440128245,0.04387039113276309
5-14C,3.0,115.0402,-0.7764591714819689,0.29783109063097574
5-14C,3.0,115.0764,1.396912394023754,0.7452188813281192
5-14C,3.0,116.0354,0.28267055091055937,0.3582002969506077
5-14C,3.0,116.0717,-0.7755805558619152,0.01717478297221458
5-14C,3.0,117.0194,-0.9055852770858168,0.008086876503786039
5-14C,3.0,118.0508,-0.4717368964778398,0.13008222448094026
5-14C,3.0,118.9804,0.9186969911360143,0.15228612567003572
5-14C,3.0,119.0503,-0.5146777652294083,0.22013327890446338
5-14C,3.0,120.9273,0.38029234002244067,0.7341117262378665
5-14C,3.0,121.0295,1.9753427886925863,0.6354313028515801
5-14C,3.0,121.0409,0.8577086411401269,0.8456113710724957
5-14C,3.0,122.0248,-0.5922575044283251,0.1745886928781147
5-14C,3.0,124.0075,0.3024660966432462,1.3043789100533654
5-14C,3.0,124.0144,0.3163191811216983,0.4160189154623118
5-14C,3.0,125.0439,-0.31193411759040623,0.0801158850672577
5-14C,3.0,127.0764,0.47707860044381756,0.45403162055970253
5-14C,3.0,128.0354,-0.29258248741839504,0.014809164162113532
5-14C,3.0,129.0193,-0.5868986551844131,0.06276319126282899
5-14C,3.0,129.0556,-0.2560858363606824,0.570486572296375
5-14C,3.0,130.0142,-0.42758017700871664,0.3212385582892269
5-14C,3.0,130.0509,-0.9437172519389806,0.004324436079118808
5-14C,3.0,130.0874,-0.9363385017330477,0.06448510865558679
5-14C,3.0,131.0008,1.4902344193586128,0.44299393854497193
5-14C,3.0,131.0123,-0.7431440948240498,0.0159440865344257
5-14C,3.0,131.035,0.5314941777284423,0.0807998763255634
5-14C,3.0,131.0462,0.7724917701026197,0.17549895553248432
5-14C,3.0,131.0828,0.30689910707185464,0.2992917610995266
5-14C,3.0,132.0302,-0.7912028282275063,0.0309140272238339
5-14C,3.0,133.0142,-0.35548164001705873,0.06447275798191443
5-14C,3.0,133.0257,-0.26778137785482126,0.044126770577623264
5-14C,3.0,133.0505,-0.8441252092218778,0.02499385060773993
5-14C,3.0,134.0472,-0.9904184903411797,0.06292210617171964
5-14C,3.0,134.0604,-0.6054684043065142,0.3356136883140366
5-14C,3.0,135.0302,-0.8300655374252013,0.1478355590087272
5-14C,3.0,135.0453,-0.7327436300347343,0.04907483466600506
5-14C,3.0,136.0404,-0.49279974413346955,0.027520127239471354
5-14C,3.0,136.0487,-0.9596649427936987,0.18801442683966368
5-14C,3.0,136.0767,0.7102388892549683,0.32676029135220513
5-14C,3.0,137.0239,0.1975882100440963,0.22716737365019948
5-14C,3.0,138.9789,-0.29305217890496293,0.21264388396637526
5-14C,3.0,139.0014,-0.2709842543447863,0.07965906691968326
5-14C,3.0,139.0067,-0.7282790968928065,0.017165590232997255
5-14C,3.0,139.976,-0.886752309891375,0.1478072976406236
5-14C,3.0,143.0713,1.0529366528696784,0.2815083240870146
5-14C,3.0,143.1077,1.6066312101642213,0.5409824662972746
5-14C,3.0,145.0141,-0.19022754760608968,0.1843120526457966
5-14C,3.0,145.0506,-0.7864558113687353,0.04306881379088367
5-14C,3.0,145.0623,-0.6335801732568349,0.2503324362556163
5-14C,3.0,145.0982,0.6749085490910711,0.546888548706618
5-14C,3.0,145.1106,0.8227795447796538,0.8671129395180285
5-14C,3.0,146.0459,-0.02472003044820071,0.028806628881839675
5-14C,3.0,147.0298,-0.7678260198293148,0.024715585567614332
5-14C,3.0,147.0662,-0.7279792003436941,0.017112780411329062
5-14C,3.0,149.0092,1.5045945656831528,0.9514428333692695
5-14C,3.0,149.0456,0.5783738256357289,0.20682228066959846
5-14C,3.0,149.0608,0.05507071950147124,0.28167016503254155
5-14C,3.0,150.0422,-0.7305382883620564,0.7462775274806338
5-14C,3.0,150.9707,-0.253000447928121,0.4734663452820136
5-14C,3.0,151.0259,-0.6340695959012107,0.0233240784307192
5-14C,3.0,151.04,-0.31338708635583634,0.3093336392292363
5-14C,3.0,151.06,0.016877374563507075,1.4740349227362566
5-14C,3.0,152.0353,-0.34595631177282155,0.26513922112352667
5-14C,3.0,152.0716,0.7702599609427123,0.6264161411797748
5-14C,3.0,153.0192,0.5897455289449567,0.13521591570877622
5-14C,3.0,154.062,-0.05427343996885749,0.19973209896251623
5-14C,3.0,154.9751,-0.9067311622309642,0.007099375155492812
5-14C,3.0,155.0099,-0.3626174608466791,0.014651335097259303
5-14C,3.0,157.0128,-0.6739014587075071,0.020539609866020006
5-14C,3.0,157.0255,-0.6387113719505162,0.02752548165182624
5-14C,3.0,157.0379,-0.519540236219836,0.07517982752275715
5-14C,3.0,157.0504,-0.8706564169986581,0.05360722127556603
5-14C,3.0,159.0297,0.8394490947499491,0.20482586455306062
5-14C,3.0,159.0775,-0.9132468593478646,0.0278101546677022
5-14C,3.0,160.0616,-0.8220095631582676,0.5265079930068387
5-14C,3.0,161.0453,0.25023917269854534,0.13067579994610382
5-14C,3.0,162.0424,-0.5123481914046332,0.17666434526339359
5-14C,3.0,163.0351,-0.5789335944354542,0.16057756831744047
5-14C,3.0,163.0398,0.759162427609827,0.12332969927241978
5-14C,3.0,163.0611,0.6754479885596939,0.6320197413228518
5-14C,3.0,164.0716,-0.4752574240686178,0.04829269816550324
5-14C,3.0,165.03,0.5539526988055327,0.32838891194886016
5-14C,3.0,165.0405,-0.10665010429667382,0.1563011447653666
5-14C,3.0,165.0556,-0.7696236167722126,0.12806839772856468
5-14C,3.0,166.0508,-0.8998905743908008,0.142219393483894
5-14C,3.0,166.0632,-0.32571817213505555,0.5170496143092342
5-14C,3.0,166.9759,-0.7662478946481245,0.25255079270537606
5-14C,3.0,167.0207,-0.13151179621827846,0.3642684058218442
5-14C,3.0,167.0358,0.466266981020734,0.6261066749742437
5-14C,3.0,167.0828,0.026810852283633807,0.5802180284084437
5-14C,3.0,168.0277,-0.05586689722962267,0.038911507066145205
5-14C,3.0,168.0664,0.40865457201785504,0.6725043753722569
5-14C,3.0,170.0455,-0.7859989286694692,0.009374822072007908
5-14C,3.0,171.0065,-0.8771521944945192,0.0572475982839914
5-14C,3.0,171.0092,-0.8193092530518347,0.114980253767289
5-14C,3.0,171.0284,-0.682435814366209,0.02679491790906284
5-14C,3.0,172.0616,-1.0494003580184934,0.18661515287121336
5-14C,3.0,172.962,-0.5620894636373416,0.11240171674856937
5-14C,3.0,173.0089,-0.8565992983574091,0.12244993029498605
5-14C,3.0,173.0453,-0.23534841912336557,0.1357552699361489
5-14C,3.0,173.0932,-0.8735645210285821,0.028051638157244145
5-14C,3.0,173.1041,-0.4801210006087247,0.294434306961762
5-14C,3.0,174.0407,-0.8817591834317661,0.0031392647172179987
5-14C,3.0,174.088,-0.7662710016758612,0.011370005474001316
5-14C,3.0,175.022,-0.6891475338684122,0.07110925536323404
5-14C,3.0,175.0361,-0.8152261856600471,0.010333179582308753
5-14C,3.0,175.0611,-0.9271018567540908,0.024895283215858915
5-14C,3.0,176.0776,-1.0097070328064495,0.2235197460835133
5-14C,3.0,177.0402,1.0598558676099443,0.4234228479312328
5-14C,3.0,177.0553,-0.2527900082170038,0.2538060752610193
5-14C,3.0,178.0509,-0.8170235342801544,0.029373084365161402
5-14C,3.0,179.0348,-0.22760812839646077,0.06720412347364747
5-14C,3.0,179.0561,0.7509844159685065,0.09365923711215685
5-14C,3.0,180.0663,0.6934741730465812,0.13435527984746407
5-14C,3.0,181.0505,-0.5004046254214105,0.4186952487782176
5-14C,3.0,182.9725,1.1593829935567839,0.35713626616601557
5-14C,3.0,183.0661,0.6075068937211785,0.5120190196707527
5-14C,3.0,184.0017,0.015457068806977647,0.06209303152831706
5-14C,3.0,184.9856,-0.40355615853379145,0.10118144531485831
5-14C,3.0,186.1136,0.911851168660087,0.43426773025814774
5-14C,3.0,187.0234,-1.096164681448194,0.4429436161997337
5-14C,3.0,188.035,0.5338535701941116,0.921955590841344
5-14C,3.0,188.0565,-0.37779360281671853,0.022112006594992965
5-14C,3.0,189.0405,2.4927017852838103,0.11930556738235312
5-14C,3.0,191.0197,-0.8398822885146824,0.09832477507995441
5-14C,3.0,191.0561,-0.9210463635707193,0.045201076451614704
5-14C,3.0,192.0663,-0.3664486288097406,0.27957250882697593
5-14C,3.0,193.0349,-0.5000958668578668,0.285736118694523
5-14C,3.0,194.0682,-0.41430411550759316,0.13520602573204027
5-14C,3.0,194.0822,-0.2635790997972104,0.5119540411013015
5-14C,3.0,195.0509,0.28074146578145587,0.13114346561232487
5-14C,3.0,195.0657,-0.6951678608109543,0.28074413129404324
5-14C,3.0,196.0603,1.0991379145665103,0.23755244788079757
5-14C,3.0,198.0182,-0.3801782999176092,0.1791311255563952
5-14C,3.0,199.0019,-0.3953905285840835,0.23027378731641543
5-14C,3.0,200.9937,0.45316458590703945,0.3852326454564148
5-14C,3.0,201.0051,0.4723007397121972,0.27246025847564126
5-14C,3.0,203.0348,-0.2675515402115872,0.10570091164859796
5-14C,3.0,203.0826,-0.03458349067171588,0.06122468530649571
5-14C,3.0,204.0498,0.3356605809643496,0.5177516332462264
5-14C,3.0,205.0351,-0.9771024906283641,0.10618359557032934
5-14C,3.0,206.0822,-1.1133238430223984,0.6460800691257557
5-14C,3.0,209.0292,-0.26886578001441114,0.31356537899406556
5-14C,3.0,209.0814,-0.012038924194148218,0.3567198229593836
5-14C,3.0,211.0235,-0.3242585901719223,0.5099043441619212
5-14C,3.0,211.9968,-0.9064127114967359,0.019354422560946768
5-14C,3.0,212.0331,1.375124780361279,0.483730355995441
5-14C,3.0,212.9807,-0.5338176142402189,0.06944607889701855
5-14C,3.0,213.014,-0.5764938879504236,0.274856775144247
5-14C,3.0,213.0384,-0.4114452639060332,0.1499434180006326
5-14C,3.0,213.1252,0.45406878062036105,0.9715716326709808
5-14C,3.0,214.0488,-0.7068016624922451,0.5796333063309352
5-14C,3.0,215.0331,0.8246457588330607,0.08017940929776432
5-14C,3.0,216.1351,1.3131579003138198,0.07774640307833718
5-14C,3.0,218.0335,1.0858133850764755,0.09841894518414449
5-14C,3.0,218.1034,-0.41676215659433474,0.03585050625444877
5-14C,3.0,220.0828,1.1453511564027437,0.8760433568783553
5-14C,3.0,221.0443,1.00126279058828,0.07978958766291577
5-14C,3.0,221.0664,-0.0004316040371633856,0.39674730301476774
5-14C,3.0,225.0399,0.700161245299705,0.2873791263757644
5-14C,3.0,225.0861,0.22955817838467232,0.5408117723057839
5-14C,3.0,225.0901,0.2594156520671131,0.6822783367278052
5-14C,3.0,226.0135,-0.28256368191986847,0.37358019522333863
5-14C,3.0,226.0697,0.4418661196991832,0.11500987782241488
5-14C,3.0,228.0501,-0.6721176052716702,0.10556783135882375
5-14C,3.0,229.0122,-0.6574591856189207,0.19575573958461892
5-14C,3.0,237.0614,-0.9397496196814407,0.1261096711118287
5-14C,3.0,238.0945,1.2231732702522344,0.2508429643937199
5-14C,3.0,240.0515,-0.6837262141640621,0.039359959478018576
5-14C,3.0,241.0844,-0.6421814589403653,0.6386794778118716
5-14C,3.0,242.0804,-0.5715236605339616,0.385888471792065
5-14C,3.0,243.029,-0.37934463075171404,0.21515252496422257
5-14C,3.0,243.0625,-0.9020707572543174,0.4319019191505844
5-14C,3.0,245.0444,-0.8467164581469575,0.1018803612367671
5-14C,3.0,246.0198,-0.19420983620232454,0.5546059239313943
5-14C,3.0,246.064,0.6329370067017754,0.2326468582545884
5-14C,3.0,251.0816,-0.2740189525300676,0.5534047222156986
5-14C,3.0,253.0119,0.5365547623624523,0.035259573028208945
5-14C,3.0,253.0499,0.2594148625796277,0.7051770835172363
5-14C,3.0,257.0072,-0.23902015975959418,0.3516517887569464
5-14C,3.0,257.1028,0.5114351430741275,0.6926182616747273
5-14C,3.0,259.005,-0.40901355264054534,0.6845338164831629
5-14C,3.0,259.0227,0.6739544772148403,0.17728074800094615
5-14C,3.0,261.0385,-0.030889804673960464,0.2930637244135501
5-14C,3.0,266.0703,-0.338153201823467,0.3295505624222672
5-14C,3.0,267.0724,-0.6901613677591576,0.02522611220037837
5-14C,3.0,268.02,-0.17382218082236703,0.8045570241003044
5-14C,3.0,269.0398,-0.7149673161007717,0.13096090453128592
5-14C,3.0,271.0612,0.20874125473314414,0.3856847085255814
5-14C,3.0,271.0815,0.6465697505265885,1.0374840357982391
5-14C,3.0,273.0021,-0.82307028716437,0.11694255383100573
5-14C,3.0,274.0933,-0.7477072997369851,0.16579119940483908
5-14C,3.0,275.0184,0.24243509879669728,0.1446854737384657
5-14C,3.0,275.0991,-0.5461394472748763,0.2170728524028107
5-14C,3.0,277.1207,0.8591029365456253,0.12189110130273179
5-14C,3.0,277.2169,0.18011771730879758,0.2574191435747883
5-14C,3.0,279.2331,-0.31813450273160815,0.02576912022696177
5-14C,3.0,282.0839,-0.08142140908910112,0.6233258402542061
5-14C,3.0,283.2063,-0.5372510751098105,0.19068292840897244
5-14C,3.0,285.0972,0.993569291802659,0.8322774797575119
5-14C,3.0,287.0157,0.7125894369430121,0.448081822619165
5-14C,3.0,288.0725,0.45895063084653054,0.19007055083146648
5-14C,3.0,289.0333,-0.16828900993718587,0.6297749805186865
5-14C,3.0,289.1044,-0.8089374917170702,0.17561911250828297
5-14C,3.0,290.9677,0.568868818400811,0.18835311119552486
5-14C,3.0,294.0479,0.9967836641995216,0.7538730853397505
5-14C,3.0,300.0509,0.39147353796210543,1.0452670356917177
5-14C,3.0,301.0333,0.23724364676545662,0.697444663000623
5-14C,3.0,303.2326,-0.1700746664526068,0.34948082514308826
5-14C,3.0,305.0207,0.6807452692728695,0.1510517407689666
5-14C,3.0,306.0481,-1.158816973173837,0.0660741698985823
5-14C,3.0,306.0765,-0.2867453577167138,0.026360486876022774
5-14C,3.0,308.0986,-0.21815155845544432,0.026499242448799552
5-14C,3.0,313.0441,-0.5755014844311326,0.2753818478675229
5-14C,3.0,313.1037,-0.4500759809410856,0.48765964341070356
5-14C,3.0,317.026,0.09059535941591092,0.4669467734566546
5-14C,3.0,323.0256,0.7326326645641505,0.7113963909829822
5-14C,3.0,325.1163,-0.2745490442950393,0.3987218398293436
5-14C,3.0,328.0457,-0.6123201706054493,0.09278045007604716
5-14C,3.0,333.0589,-0.9119430883994113,0.19527073816535775
5-14C,3.0,338.9884,-0.4839082126804656,0.16430651712381944
5-14C,3.0,339.0928,1.0635004490186621,1.1298539952499145
5-14C,3.0,341.1089,-0.2070379005785789,0.08869387139519921
5-14C,3.0,344.0393,-0.7650564438139464,0.22680483574058016
5-14C,3.0,346.0556,-0.6308472245396108,0.14700016224464252
5-14C,3.0,348.087,-0.9585949913937475,0.09415353801935873
5-14C,3.0,353.0489,-0.7603120960588339,0.5245894533433695
5-14C,3.0,357.089,-0.7126494272687833,0.23604040610411925
5-14C,3.0,375.131,-0.6128259478706798,0.22795701890792822
5-14C,3.0,377.1496,-0.04766009650583089,0.4288092933623502
5-14C,3.0,383.1188,0.27789958875081744,0.35244936478997313
5-14C,3.0,388.9416,0.6860992112008318,0.1589811232258036
5-14C,3.0,388.9442,0.40399685721601486,0.19672351441882288
5-14C,3.0,401.0756,1.106779067312302,0.13749182589199163
5-14C,3.0,407.2795,-0.053805322095866165,0.3576909548299043
5-14C,3.0,421.0743,-0.09134426866989873,0.44396117731898255
5-14C,3.0,426.0222,-1.009386679036852,0.6544595173915898
5-14C,3.0,442.9997,0.23184976008756789,0.195073146791548
5-14C,3.0,466.9657,0.90612222805867,0.46673367354792084
5-14C,3.0,490.9787,0.05864851670628271,0.38213054259616824
5-14C,3.0,503.1614,-0.7317144266361182,0.325841059860208
5-14C,3.0,547.0731,-0.7500579064864867,0.05898478583680209
5-14C,3.0,565.0471,-0.3337172009950069,0.1936629999511524
5-14C,3.0,578.8872,1.0261748030879896,0.14719509031321162
5-14C,3.0,579.0269,1.272075776833712,0.15628842482092375
5-14C,3.0,612.2549,-0.28534545133680844,0.46955651921703734
5-14C,3.0,624.2949,-0.8230425274729547,0.2651095114398691
5-14C,3.0,659.307,0.05638306554092621,0.17301711065313852
5-14C,3.0,664.0939,-0.4405396199358434,0.12359121657922446
5-14C,3.0,665.2144,-0.9814990286444438,0.3311535899711415
5-14C,3.0,668.1374,-0.61369451739472,0.0005012197656286208
5-14C,3.0,787.255,0.022943805719497473,0.42735894715450506
5-14C,3.0,790.2568,0.012662327230041799,0.3185505264626905
5-14C,3.0,835.0407,-0.8389276095204637,0.05043077505683914
5-14C,3.0,863.2971,-0.6791604801113007,0.10695028309239096
5-14C,3.0,864.1473,-0.357432347978103,0.24724791166734164
5-14C,3.0,974.2935,-0.04442568385857569,0.34027360846411425
5-14C,3.0,976.7162,0.6063522464927544,0.12818461422403468
5-14C,4.0,57.0342,0.8171402551844786,0.6389953975862585
5-14C,4.0,58.0295,-0.9262748741432905,0.1791451391519834
5-14C,4.0,59.0135,0.4833657694991902,0.15458593666868858
5-14C,4.0,71.0137,0.7490571746239465,0.11652332831470814
5-14C,4.0,73.0293,-0.8654677409008833,0.02300072250914353
5-14C,4.0,74.0247,0.5177383261182164,0.3780663348808471
5-14C,4.0,75.0087,0.735446893748827,0.6848988743950516
5-14C,4.0,87.0088,-0.6513961566542046,0.019678050210821564
5-14C,4.0,87.0451,1.4782299495651205,0.7950031906555313
5-14C,4.0,88.0403,-0.8518544695120162,0.029241395641815965
5-14C,4.0,88.9883,0.11611808521821376,0.277221987612361
5-14C,4.0,89.0244,-0.022200454154702134,0.04379933958591162
5-14C,4.0,93.0338,-0.04416771041563752,0.020087905446382465
5-14C,4.0,94.9761,-0.8133990172159054,0.3431136881902072
5-14C,4.0,94.9806,1.1686155909799636,0.29172846499953037
5-14C,4.0,95.0139,0.859460843118568,0.0908091984442001
5-14C,4.0,101.0242,1.2982409274503008,0.2854040036764155
5-14C,4.0,102.056,-0.09486763439505855,0.08574830046055641
5-14C,4.0,103.0402,-0.8276582898203633,0.03656062075279567
5-14C,4.0,103.0509,-0.8511452831372204,0.027110804616980812
5-14C,4.0,104.0352,-0.21693601290480025,0.07157388014655124
5-14C,4.0,105.0193,0.8952762592906753,0.7564064423775423
5-14C,4.0,107.0503,0.4478756225741818,0.5859294825023801
5-14C,4.0,109.0295,0.4301692816976094,0.2685950182105233
5-14C,4.0,111.02,-0.29378841823879653,0.028081349932044374
5-14C,4.0,112.0516,-0.3595992979565805,0.22917918984164942
5-14C,4.0,113.0244,1.0065956183104152,0.09320637647753426
5-14C,4.0,113.0357,-0.19507873082389482,0.043291120719622926
5-14C,4.0,114.056,2.9351190498598787,0.012479311064987599
5-14C,4.0,115.0037,-0.7184863050017818,0.07572804312611056
5-14C,4.0,115.0402,-0.17652024592664653,0.4567973299808441
5-14C,4.0,115.0764,1.0789566118418454,1.0635381508435309
5-14C,4.0,116.0354,0.9382588637659103,0.26149692641531785
5-14C,4.0,116.0717,-0.7954998045463526,0.011870598370495311
5-14C,4.0,117.0194,-0.8521082533274209,0.01048986435881269
5-14C,4.0,118.0508,-0.4410477706248697,0.06700328286485562
5-14C,4.0,118.9804,0.6598519545929974,0.212708729729114
5-14C,4.0,119.0503,0.1147612851689963,0.4182240629506304
5-14C,4.0,120.9273,0.05129959801574702,0.3463631377657847
5-14C,4.0,121.0295,-0.5136749624045515,0.15133504926593463
5-14C,4.0,121.0409,-0.03411192589217506,0.43681226374449317
5-14C,4.0,122.0248,0.7000131983148725,0.28185050786039106
5-14C,4.0,124.0075,0.04877534548574855,0.23159588767246886
5-14C,4.0,124.0144,1.324849661851536,0.2535429163055794
5-14C,4.0,125.0439,1.1125291700967785,0.343858046908165
5-14C,4.0,127.0764,-0.1552896939201765,0.8144920139171992
5-14C,4.0,128.0354,-0.3331428977478339,0.00979426527159265
5-14C,4.0,129.0193,-0.49899430731033867,0.08089965402193333
5-14C,4.0,129.0556,-0.9917651612011178,0.4381679858043897
5-14C,4.0,130.0142,-0.6914569920505679,0.11971220585821692
5-14C,4.0,130.0509,-0.918965215000078,0.025383630856861985
5-14C,4.0,130.0874,-1.0444237759745865,0.02326716711420351
5-14C,4.0,131.0008,1.044623947163125,0.5990802248773459
5-14C,4.0,131.0123,-0.7537920532024813,0.0615586058528086
5-14C,4.0,131.035,1.701578359033216,0.20638823535144762
5-14C,4.0,131.0462,1.6044318030268119,0.2235518407194617
5-14C,4.0,131.0828,-0.6613393491727226,0.11285452432958443
5-14C,4.0,132.0302,-0.6847514411333631,0.031504857663981006
5-14C,4.0,133.0142,-0.47401575043620403,0.05952770753965708
5-14C,4.0,133.0257,-0.531648758192516,0.1629231408508063
5-14C,4.0,133.0505,-0.6611341487850629,0.017724512480218203
5-14C,4.0,134.0472,-0.5167452294040635,0.28012093651003805
5-14C,4.0,134.0604,-0.3431193976081313,0.4173427424034443
5-14C,4.0,135.0302,-0.8304137496442778,0.09402681002188504
5-14C,4.0,135.0453,-0.6710300128667916,0.027617590953177135
5-14C,4.0,136.0404,-0.2609253571974965,0.11240263182478774
5-14C,4.0,136.0487,-0.9354497841228047,0.29204338114626954
5-14C,4.0,136.0767,0.12303679645318027,1.1807184978266894
5-14C,4.0,137.0239,-0.10890170634007416,0.2172702715811921
5-14C,4.0,138.9789,0.7499086266640738,0.18948892539716616
5-14C,4.0,139.0014,-0.19812535548928065,0.04265097651914305
5-14C,4.0,139.0067,-0.7099121478797453,0.061148411645575815
5-14C,4.0,139.976,0.21691922575555567,0.34533215796544947
5-14C,4.0,143.0713,0.08900641136644943,0.40096444460996167
5-14C,4.0,143.1077,1.2212034742136515,0.3924072540213316
5-14C,4.0,145.0141,-0.3164700063238264,0.11865803705198884
5-14C,4.0,145.0506,-1.1499277657260447,0.1611464961837068
5-14C,4.0,145.0623,-1.1639541631856671,0.39436518059374737
5-14C,4.0,145.0982,-0.32259773926074653,0.18930899666738374
5-14C,4.0,145.1106,-0.6113181621256668,0.4839597123821468
5-14C,4.0,146.0459,0.21386490220427531,0.022795409848742086
5-14C,4.0,147.0298,-0.7466605204324142,0.018046507115782148
5-14C,4.0,147.0662,-0.575381173265628,0.03525546250603161
5-14C,4.0,149.0092,0.2798141183270797,0.9011475018621148
5-14C,4.0,149.0456,1.7667841669797348,0.34274659119889406
5-14C,4.0,149.0608,0.6014093602274548,0.3803240561045843
5-14C,4.0,150.0422,-0.6854052560400958,0.4717253199451897
5-14C,4.0,150.9707,-0.9435854280651803,0.5925759944830918
5-14C,4.0,151.0259,-0.6252532353150397,0.09448453437732424
5-14C,4.0,151.04,0.3835025668087672,0.9211664215670594
5-14C,4.0,151.06,0.23811597541957966,0.2998942862413272
5-14C,4.0,152.0353,-0.16738549393133867,0.25960524427107573
5-14C,4.0,152.0716,0.985551455501646,0.5484305139564525
5-14C,4.0,153.0192,0.8695355230065929,0.12249920724691149
5-14C,4.0,154.062,-0.42682137360461336,0.07866625879414851
5-14C,4.0,154.9751,-0.9072438357491077,0.011786736663769786
5-14C,4.0,155.0099,-0.31676697320896513,0.04022411451185934
5-14C,4.0,157.0128,-0.6380203501205781,0.03147057223658975
5-14C,4.0,157.0255,-0.48562193900488826,0.023840832988753044
5-14C,4.0,157.0379,-0.5279878319761733,0.042145064377934256
5-14C,4.0,157.0504,-0.883197778694987,0.03631150393176939
5-14C,4.0,159.0297,1.809205824587535,0.4656983644173214
5-14C,4.0,159.0775,-0.6428717248690985,0.027580663854936082
5-14C,4.0,160.0616,0.48740929923938814,0.5042222063107187
5-14C,4.0,161.0453,1.5536281376694059,0.2259795409989094
5-14C,4.0,162.0424,-0.391099770471357,0.794492460186981
5-14C,4.0,163.0351,-1.152778063294789,0.03884708833260791
5-14C,4.0,163.0398,0.6646626750727282,0.15331296517374626
5-14C,4.0,163.0611,0.07884719135110839,0.46270815014299577
5-14C,4.0,164.0716,-0.42216259962644187,0.09553811774223943
5-14C,4.0,165.03,0.5080776353060088,0.7016370690676177
5-14C,4.0,165.0405,-0.34449597310517655,0.24300372254280195
5-14C,4.0,165.0556,-0.5094870711170016,0.17453432907308272
5-14C,4.0,166.0508,-0.17291920827128782,0.2681044732631555
5-14C,4.0,166.0632,-0.9999556236833713,0.37305098767461353
5-14C,4.0,166.9759,-0.6514216099297305,0.2727383099820516
5-14C,4.0,167.0207,-0.366524650881797,0.3732514687639072
5-14C,4.0,167.0358,0.8013153981230408,0.5847453570687332
5-14C,4.0,167.0828,0.6598992490551262,0.729459820046875
5-14C,4.0,168.0277,0.1573065033843532,0.06185793845831636
5-14C,4.0,168.0664,1.447627896252187,0.25775221112779256
5-14C,4.0,170.0455,-0.7640044474062588,0.014864564211484192
5-14C,4.0,171.0065,-0.5910329039389888,0.12986692554580173
5-14C,4.0,171.0092,-0.5958598626221947,0.17763292578299708
5-14C,4.0,171.0284,-0.664168336872333,0.09259524044563228
5-14C,4.0,172.0616,-0.31368582471347706,0.1003833168166192
5-14C,4.0,172.962,-0.4733967123111914,0.03255199961896037
5-14C,4.0,173.0089,-0.6241725455698032,0.19671287436312374
5-14C,4.0,173.0453,-0.69929324157191,0.2184656983730815
5-14C,4.0,173.0932,-0.9035243630895262,0.03836266777378861
5-14C,4.0,173.1041,-0.8934883285926046,0.20684785399860522
5-14C,4.0,174.0407,-0.8581132309067039,0.0059845026365260194
5-14C,4.0,174.088,-0.8296098592571199,0.17991393319284346
5-14C,4.0,175.022,-0.8247364085234862,0.06782979204327606
5-14C,4.0,175.0361,-0.6663062265801944,0.016091317654826503
5-14C,4.0,175.0611,-0.9528065819242819,0.013575606039827716
5-14C,4.0,176.0776,-0.8378850185844544,0.2323995663396305
5-14C,4.0,177.0402,1.0078260685769942,0.6801454210196366
5-14C,4.0,177.0553,0.46433618876238253,0.881171767487024
5-14C,4.0,178.0509,-0.8144062826599074,0.03713974874360959
5-14C,4.0,179.0348,0.4890301734562972,0.11189766599396483
5-14C,4.0,179.0561,2.013468526409029,0.07250091113605656
5-14C,4.0,180.0663,1.8950578073646072,0.24351662194337387
5-14C,4.0,181.0505,-0.4092008885921816,0.9878017965929515
5-14C,4.0,182.9725,0.4239710550398508,0.12682950071187396
5-14C,4.0,183.0661,1.0352772564859793,0.39954866320283344
5-14C,4.0,184.0017,-0.14637643695503205,0.10295596160122954
5-14C,4.0,184.9856,0.01569239280587563,0.08983889973712253
5-14C,4.0,186.1136,-0.405950573767919,0.31473340536037503
5-14C,4.0,187.0234,-1.0207530222016155,0.7137629135584573
5-14C,4.0,188.035,1.0168177836196346,0.5780878351140416
5-14C,4.0,188.0565,-0.2666164945668825,0.016111649895009548
5-14C,4.0,189.0405,-0.6849463057775265,0.03582703140146548
5-14C,4.0,191.0197,-0.9688392968450465,0.2671282573332569
5-14C,4.0,191.0561,-1.0008224182778274,0.03587324007518522
5-14C,4.0,192.0663,0.9340112060855645,0.5738383656706552
5-14C,4.0,193.0349,-0.806500124107606,0.21099679248218217
5-14C,4.0,194.0682,-0.7306870139676656,0.26379071041900104
5-14C,4.0,194.0822,2.194752469697482,0.43819425003363627
5-14C,4.0,195.0509,0.9726956488627825,0.10829615141767945
5-14C,4.0,195.0657,0.9350476633492508,0.8713101323018335
5-14C,4.0,196.0603,0.24839948515249546,0.11754114813417708
5-14C,4.0,198.0182,-0.07104012914883572,0.45451393539403057
5-14C,4.0,199.0019,-0.3058175893622891,0.4306511746145291
5-14C,4.0,200.9937,0.8902610456247538,0.3147375132970782
5-14C,4.0,201.0051,-0.78203493990074,0.21011179642809577
5-14C,4.0,203.0348,0.09703715762439478,0.13882354029841754
5-14C,4.0,203.0826,-0.06096876251705288,0.014467396054704507
5-14C,4.0,204.0498,0.9401000693122978,1.8067386236845064
5-14C,4.0,205.0351,-1.2459928993891105,0.18139652624469402
5-14C,4.0,206.0822,1.3204104385089337,0.2589980369753603
5-14C,4.0,209.0292,-1.2665948927236126,0.29357019786443644
5-14C,4.0,209.0814,-0.3418172572120591,0.3995727033929277
5-14C,4.0,211.0235,-0.70376496632242,0.1696910803510957
5-14C,4.0,211.9968,-0.8955405820642532,0.06360494045786573
5-14C,4.0,212.0331,0.8784211580277254,0.1686910515703707
5-14C,4.0,212.9807,-0.7333203826043713,0.12350898047379849
5-14C,4.0,213.014,-0.5752072424420059,0.18342685504851028
5-14C,4.0,213.0384,-0.5620561002332827,0.22183672116017344
5-14C,4.0,213.1252,0.12763757879801313,0.3727591331228775
5-14C,4.0,214.0488,0.6110119829713105,0.8825765614464729
5-14C,4.0,215.0331,1.1320325070124542,0.04278704845220113
5-14C,4.0,216.1351,1.6663426036654423,0.17177839944612794
5-14C,4.0,218.0335,0.9201261561827938,0.045627776879423945
5-14C,4.0,218.1034,-0.2026881731290162,0.09647175464081512
5-14C,4.0,220.0828,0.46066566151703103,0.6456133364853508
5-14C,4.0,221.0443,0.6527613808956041,0.1636704260574907
5-14C,4.0,221.0664,0.43554754125836365,0.5672846040746335
5-14C,4.0,225.0399,-0.1917708282621432,1.0419250470995336
5-14C,4.0,225.0861,0.3838932453384617,0.5145574569394681
5-14C,4.0,225.0901,1.2776187563521808,0.2718557301401668
5-14C,4.0,226.0135,-0.2088431600124454,0.15370163892543348
5-14C,4.0,226.0697,0.3356895049693768,0.14540115124721997
5-14C,4.0,228.0501,-0.5060490204973667,0.4256869811415498
5-14C,4.0,229.0122,-0.5042056514935258,0.3529576697194963
5-14C,4.0,237.0614,-0.8503152525009342,0.21212377399141458
5-14C,4.0,238.0945,-0.3954711669766555,0.2905028001344891
5-14C,4.0,240.0515,-0.9208492541895343,0.030636931722383156
5-14C,4.0,241.0844,-0.34471209409373205,0.43133996284123066
5-14C,4.0,242.0804,-0.42612051817554447,0.45101274607513303
5-14C,4.0,243.029,-0.16222978292670784,0.4097692153338349
5-14C,4.0,243.0625,-0.9101989368067851,0.2657512831379901
5-14C,4.0,245.0444,-0.7403176188232501,0.4610542104857603
5-14C,4.0,246.0198,0.2741647983788462,0.4886686021244969
5-14C,4.0,246.064,-0.11602116674503704,0.8094685962533781
5-14C,4.0,251.0816,-0.20098977960203465,0.4208859897702745
5-14C,4.0,253.0119,1.3222216868512704,0.04141333023007788
5-14C,4.0,253.0499,0.28576136246852035,0.7874675839847957
5-14C,4.0,257.0072,-0.32077447199240555,0.47973956969910864
5-14C,4.0,257.1028,-0.15500372434909654,0.6575184411807458
5-14C,4.0,259.005,-0.15496668104442343,0.36921696873119464
5-14C,4.0,259.0227,2.078284455650456,0.37430082858056624
5-14C,4.0,261.0385,-0.3556659986602917,0.3822856064567493
5-14C,4.0,266.0703,0.03355742334823107,0.27234778844309104
5-14C,4.0,267.0724,-0.694173237717044,0.022146382218420763
5-14C,4.0,268.02,-0.8096801189668044,0.15916690127316305
5-14C,4.0,269.0398,-0.852869622372874,0.16631419668605868
5-14C,4.0,271.0612,-0.05791586758692119,0.4326697802447285
5-14C,4.0,271.0815,-0.4147565861150791,0.6859539521116874
5-14C,4.0,273.0021,-0.8374079868476284,0.107979411084256
5-14C,4.0,274.0933,-0.7826541756460845,0.22058898651530914
5-14C,4.0,275.0184,0.7473571132671184,0.6582012916125896
5-14C,4.0,275.0991,-0.6833398349798827,0.2534782047273481
5-14C,4.0,277.1207,1.9022824695952623,0.16128102591872778
5-14C,4.0,277.2169,0.9060517867364524,0.3044132214639149
5-14C,4.0,279.2331,-0.17840230527681497,0.01877258556393719
5-14C,4.0,282.0839,0.041192791925775275,0.3746005713685615
5-14C,4.0,283.2063,-0.5330921758025997,0.16056731761096688
5-14C,4.0,285.0972,0.27063362839184557,0.6222740689782936
5-14C,4.0,287.0157,0.606099917990413,0.45969649612686814
5-14C,4.0,288.0725,0.3367564680715706,0.3544763588228788
5-14C,4.0,289.0333,-1.0982334274132817,0.5018534734577081
5-14C,4.0,289.1044,-0.8992287579374821,0.1421312025789958
5-14C,4.0,290.9677,1.1669181926361878,0.08918100834535167
5-14C,4.0,294.0479,1.8715950323232273,1.094511498312133
5-14C,4.0,300.0509,0.031090675337706597,1.1736167314382644
5-14C,4.0,301.0333,-0.685082388545181,0.2810641116230484
5-14C,4.0,303.2326,-0.21864986114554674,0.1346874843259156
5-14C,4.0,305.0207,0.9023117641302845,0.10058278297552478
5-14C,4.0,306.0481,-1.101650275351493,0.1107407027513933
5-14C,4.0,306.0765,-0.2829167059073734,0.008329842963071434
5-14C,4.0,308.0986,-0.30508846613742296,0.0299425158211788
5-14C,4.0,313.0441,-0.8985170303239898,0.3578038236874556
5-14C,4.0,313.1037,-0.9419555571049585,0.6534930493826147
5-14C,4.0,317.026,-0.2790931225661466,1.0018598244308214
5-14C,4.0,323.0256,0.49652543838968555,0.4366007164072704
5-14C,4.0,325.1163,-0.07787716655766169,0.5499955598396037
5-14C,4.0,328.0457,-0.44109288408015046,0.16326589577091047
5-14C,4.0,333.0589,-0.7805018630923989,0.28315084273063884
5-14C,4.0,338.9884,-0.4844986032421208,0.1655499069687238
5-14C,4.0,339.0928,-0.10827312910044051,1.2118923047181427
5-14C,4.0,341.1089,0.06676082069307152,0.19699552426630268
5-14C,4.0,344.0393,-0.5705848292270952,0.17538879311168074
5-14C,4.0,346.0556,-0.5844543353745468,0.16115761856245953
5-14C,4.0,348.087,-0.9139247871368759,0.16772142032596893
5-14C,4.0,353.0489,-0.5935048740030028,0.88967233976407
5-14C,4.0,357.089,-0.8484260664003502,0.14574772462366306
5-14C,4.0,375.131,-0.29075298650068565,0.42838368437450547
5-14C,4.0,377.1496,-0.67728737731815,0.5558130954088542
5-14C,4.0,383.1188,-0.09335867949648681,0.3468613513980735
5-14C,4.0,388.9416,0.4122061849774778,0.2601685954912136
5-14C,4.0,388.9442,0.2472733272244499,0.23015176086455433
5-14C,4.0,401.0756,0.35081029837326905,0.08643795539500215
5-14C,4.0,407.2795,-0.5915909794913823,0.36475943150898
5-14C,4.0,421.0743,0.15423367469942426,1.0734049842953455
5-14C,4.0,426.0222,-0.1266072881789539,0.24425399871156503
5-14C,4.0,442.9997,-0.0550125887447782,0.1450858144549024
5-14C,4.0,466.9657,1.1346404767862996,0.15773299759330153
5-14C,4.0,490.9787,-0.2802059802435347,0.7341780312880534
5-14C,4.0,503.1614,0.6685003787454744,0.20345303426815345
5-14C,4.0,547.0731,-0.712440531462073,0.0915935136423962
5-14C,4.0,565.0471,-0.17417511257881557,0.2523982342313464
5-14C,4.0,578.8872,0.7503682881439053,0.1262954810165926
5-14C,4.0,579.0269,-0.09326400059055297,0.15310131985660264
5-14C,4.0,612.2549,-0.11114677474615585,0.447721127404544
5-14C,4.0,624.2949,-0.2750694439035769,0.8628313338547562
5-14C,4.0,659.307,2.412127990316562,0.34474637089866766
5-14C,4.0,664.0939,0.17219670724672334,0.36766741071951403
5-14C,4.0,665.2144,-0.13484468277749995,0.5950242956714866
5-14C,4.0,668.1374,-0.6157593731681134,0.00026309559783715644
5-14C,4.0,787.255,2.4265630227958264,0.28860624890834363
5-14C,4.0,790.2568,2.0548260616858576,0.721353236571658
5-14C,4.0,835.0407,-0.2627657990726683,0.22881074490357892
5-14C,4.0,863.2971,-0.3812654494590276,0.07168018138373503
5-14C,4.0,864.1473,3.0545779754699223,0.44855218696498655
5-14C,4.0,974.2935,-0.2961520923328516,0.5187467095430399
5-14C,4.0,976.7162,2.3281292564442735,0.2620656218381018
5-14C,5.0,57.0342,0.6614039555500273,0.464295259429873
5-14C,5.0,58.0295,-0.24915078644093866,0.2622791639114711
5-14C,5.0,59.0135,0.9828920227024598,0.41191021178876036
5-14C,5.0,71.0137,1.1077001282017505,0.16378319315529571
5-14C,5.0,73.0293,-0.7203558011701299,0.05530010270603504
5-14C,5.0,74.0247,2.261383078466097,0.5935094879529396
5-14C,5.0,75.0087,0.6140189069600961,0.6394577576482425
5-14C,5.0,87.0088,-0.649862850154563,0.013576401208037187
5-14C,5.0,87.0451,0.4951406439695649,0.48517907837093005
5-14C,5.0,88.0403,-0.6022990435039074,0.047426520432965476
5-14C,5.0,88.9883,-1.8913678393140039,0.7271593825018073
5-14C,5.0,89.0244,-0.3472796116139001,0.1354668592031737
5-14C,5.0,93.0338,-0.034541450541119845,0.01364059350835161
5-14C,5.0,94.9761,-0.6689126094611867,0.36882885334139054
5-14C,5.0,94.9806,0.8918609982860459,0.4337268073277701
5-14C,5.0,95.0139,0.9803152547304601,0.4725833471507171
5-14C,5.0,101.0242,0.8875869545281778,0.34694454361336985
5-14C,5.0,102.056,0.08479225261106477,0.061971615869393204
5-14C,5.0,103.0402,-0.6832526530732461,0.11628522964483579
5-14C,5.0,103.0509,-0.7120481402951411,0.11435510524415793
5-14C,5.0,104.0352,0.5848813750643128,0.2066187205504721
5-14C,5.0,105.0193,1.1540940064773666,0.8953347308348313
5-14C,5.0,107.0503,0.38205303598950047,0.815188817446221
5-14C,5.0,109.0295,0.6906327907566732,0.2169208124368993
5-14C,5.0,111.02,0.604662634357903,0.111001399182987
5-14C,5.0,112.0516,1.3147937799188922,0.7991039759395306
5-14C,5.0,113.0244,1.0195198230066143,0.14919767902465353
5-14C,5.0,113.0357,0.6937277570439805,0.14209950155215628
5-14C,5.0,114.056,3.4513044120001553,0.24182327797488531
5-14C,5.0,115.0037,-0.43298594604537166,0.07104481779761544
5-14C,5.0,115.0402,0.1322510622998344,0.40865348285761355
5-14C,5.0,115.0764,1.8174986348441378,0.7729431503446352
5-14C,5.0,116.0354,1.7301903255155944,0.3564057819170793
5-14C,5.0,116.0717,-0.745918053871002,0.014365628175191329
5-14C,5.0,117.0194,-0.7238559854254263,0.03793362523957924
5-14C,5.0,118.0508,0.5368621660642496,0.2750184489273347
5-14C,5.0,118.9804,1.1059529185076789,0.2940736258423936
5-14C,5.0,119.0503,-0.06716084780628512,0.48587722095332136
5-14C,5.0,120.9273,-0.04983152256810876,0.2976232748833994
5-14C,5.0,121.0295,0.3007124836968767,0.780798524616733
5-14C,5.0,121.0409,0.8109120350420878,0.260579579678483
5-14C,5.0,122.0248,1.9688071390092334,0.9989650164231935
5-14C,5.0,124.0075,-0.13468463275244186,0.38138455562741286
5-14C,5.0,124.0144,1.8012975552226176,0.32782725667275464
5-14C,5.0,125.0439,1.613060311985717,0.28007152067327673
5-14C,5.0,127.0764,0.5951102598368498,0.04866567895926957
5-14C,5.0,128.0354,-0.1844645265189731,0.013986499605634648
5-14C,5.0,129.0193,0.09554522286081757,0.14743734887777807
5-14C,5.0,129.0556,-0.2740194272482444,0.6294766552666209
5-14C,5.0,130.0142,-1.0650675966266525,0.23746046398066845
5-14C,5.0,130.0509,-0.5852924069632433,0.05476508130812052
5-14C,5.0,130.0874,-0.8593400348485924,0.0349331735561119
5-14C,5.0,131.0008,-0.909117551709559,1.0778944064053217
5-14C,5.0,131.0123,-0.7336061552727133,0.0556515007404824
5-14C,5.0,131.035,1.4245017946987655,0.3176433970520668
5-14C,5.0,131.0462,1.1063905093626127,0.3301875396698211
5-14C,5.0,131.0828,-0.25302097588741174,0.18538345902379602
5-14C,5.0,132.0302,0.044893558876098014,0.06903744234184005
5-14C,5.0,133.0142,-0.22592049732733527,0.10888131253878112
5-14C,5.0,133.0257,-0.2028294073101579,0.1632637695461029
5-14C,5.0,133.0505,-0.30632523314393106,0.086358346320251
5-14C,5.0,134.0472,-0.37004104455179077,0.45506108244440924
5-14C,5.0,134.0604,0.0017755582383409546,0.2623702230426015
5-14C,5.0,135.0302,-0.5420069791941248,0.11835327293823654
5-14C,5.0,135.0453,-0.012654676603721757,0.18827711278929732
5-14C,5.0,136.0404,-0.2763735030944452,0.03515584516910256
5-14C,5.0,136.0487,-0.1898777934663301,0.3022626272957444
5-14C,5.0,136.0767,0.11182878970260672,0.5063126490856673
5-14C,5.0,137.0239,-0.13599422831085545,0.23263851182917006
5-14C,5.0,138.9789,-0.028902783596194803,0.45977509634880986
5-14C,5.0,139.0014,-0.108517434457763,0.0685930814605255
5-14C,5.0,139.0067,-0.6037857157538383,0.089832933143134
5-14C,5.0,139.976,0.21691922575555567,0.5201478331439919
5-14C,5.0,143.0713,0.20322210404456642,0.3385657040693407
5-14C,5.0,143.1077,1.8630813710622185,0.08777682095121406
5-14C,5.0,145.0141,-0.2196660608693101,0.11611175978386126
5-14C,5.0,145.0506,-0.9007453884607663,0.1162807637435367
5-14C,5.0,145.0623,-0.9285634597902866,0.3649610615869081
5-14C,5.0,145.0982,-0.44185068687600126,0.18926606959335807
5-14C,5.0,145.1106,-0.06924295233848826,0.7232751713040697
5-14C,5.0,146.0459,0.5809666504190405,0.06635725587773478
5-14C,5.0,147.0298,-0.5409677359381471,0.07249572918347166
5-14C,5.0,147.0662,-0.06797892761944062,0.09992062553232986
5-14C,5.0,149.0092,0.9423884812034531,1.0610202187141273
5-14C,5.0,149.0456,0.9670349774504459,0.46340472738037586
5-14C,5.0,149.0608,1.1234236955784282,0.708058810359198
5-14C,5.0,150.0422,-0.8115122581161619,0.8249886398614711
5-14C,5.0,150.9707,-0.8411541630687744,0.5679215377031086
5-14C,5.0,151.0259,-0.5883084861920376,0.08654013718023211
5-14C,5.0,151.04,0.7556381830892205,0.7721486187337555
5-14C,5.0,151.06,0.627711755463688,0.8124483896040934
5-14C,5.0,152.0353,0.6105775116963145,0.3829741999957061
5-14C,5.0,152.0716,1.075256244901202,0.7133537319735161
5-14C,5.0,153.0192,1.3135936716479402,0.2577685043076626
5-14C,5.0,154.062,-0.0709145125464126,0.06105193607478534
5-14C,5.0,154.9751,-0.6233325653085917,0.05889360918930725
5-14C,5.0,155.0099,0.6230042906908545,0.10866038476795328
5-14C,5.0,157.0128,-0.37341843087289317,0.08645554190716973
5-14C,5.0,157.0255,0.3503216073216543,0.10119012586013804
5-14C,5.0,157.0379,0.34402205254896534,0.08360305465208563
5-14C,5.0,157.0504,-0.6450673778907274,0.078573591999683
5-14C,5.0,159.0297,0.49914131555126895,0.04990592332951262
5-14C,5.0,159.0775,-0.2944759311465812,0.07673785672755945
5-14C,5.0,160.0616,0.3987385127853727,0.9758243504324883
5-14C,5.0,161.0453,1.0339851974812317,0.24094984561208166
5-14C,5.0,162.0424,0.3888162628461163,0.31053067030370934
5-14C,5.0,163.0351,-0.25199132262463914,0.22493624179422947
5-14C,5.0,163.0398,1.5309637240587237,0.08623960613873642
5-14C,5.0,163.0611,-0.026374321970649088,0.5039382584478879
5-14C,5.0,164.0716,-0.38945281369472184,0.05498294555261223
5-14C,5.0,165.03,0.35236708323550947,0.43070200063301195
5-14C,5.0,165.0405,-0.10880138748054233,0.4532045796385493
5-14C,5.0,165.0556,-0.3994964511419795,0.13809026210204384
5-14C,5.0,166.0508,0.4899481720241593,0.2624170182609297
5-14C,5.0,166.0632,0.40071278771839625,0.4025564087678017
5-14C,5.0,166.9759,-0.6495392118195928,0.1625787991576002
5-14C,5.0,167.0207,-0.7566875848187533,0.34567476120119955
5-14C,5.0,167.0358,0.38356061789298257,0.38281207076154466
5-14C,5.0,167.0828,-0.15684960411765242,0.8213590304953968
5-14C,5.0,168.0277,0.4758757970488282,0.07779813076785878
5-14C,5.0,168.0664,0.9531360410249236,1.1081406269307223
5-14C,5.0,170.0455,-0.6345745133815586,0.011932572268027646
5-14C,5.0,171.0065,-0.4883855878357334,0.1437101215909175
5-14C,5.0,171.0092,-0.1317915347485626,0.06848212279409341
5-14C,5.0,171.0284,-0.47407937791405186,0.06288561595167416
5-14C,5.0,172.0616,0.10059793737892302,0.19240798337084455
5-14C,5.0,172.962,-0.47400877019361776,0.11978458735716803
5-14C,5.0,173.0089,-0.5565899974515609,0.12547855572414668
5-14C,5.0,173.0453,-0.4765291480739162,0.09739092212375676
5-14C,5.0,173.0932,-0.8582307435958154,0.019671056994088713
5-14C,5.0,173.1041,-1.1287571549920812,0.036536359969349896
5-14C,5.0,174.0407,-0.49368983905457475,0.04409385841486323
5-14C,5.0,174.088,-0.6924465166650426,0.07618961198002991
5-14C,5.0,175.022,-0.5299733029389451,0.1584555602279634
5-14C,5.0,175.0361,-0.02538637306364538,0.10066686658643711
5-14C,5.0,175.0611,-0.5776989062408402,0.0805116222917277
5-14C,5.0,176.0776,-0.5200142922737636,0.2054592940362151
5-14C,5.0,177.0402,0.6006758508169637,0.3869283401823292
5-14C,5.0,177.0553,0.6874283072334395,0.7166766571899027
5-14C,5.0,178.0509,-0.4059448021537442,0.04935170470071179
5-14C,5.0,179.0348,1.1775403170055196,0.3560956689527901
5-14C,5.0,179.0561,0.7347621435498397,0.16445513230813755
5-14C,5.0,180.0663,0.7879949588032478,0.18176317032861894
5-14C,5.0,181.0505,-0.35070918088697545,0.2166034405835208
5-14C,5.0,182.9725,0.5861315211731783,0.15131476405639332
5-14C,5.0,183.0661,0.07118712337666183,0.7895086716044026
5-14C,5.0,184.0017,0.8942064531308943,0.20686254555660305
5-14C,5.0,184.9856,-0.28427470054910187,0.2610136536258047
5-14C,5.0,186.1136,-0.07177658173342574,0.6720295104550391
5-14C,5.0,187.0234,-0.5571109690559837,0.42250757750925777
5-14C,5.0,188.035,1.265322859878852,1.0061188459591281
5-14C,5.0,188.0565,0.947971470627682,0.1287061062511289
5-14C,5.0,189.0405,-0.015842634414762732,0.13088821252347496
5-14C,5.0,191.0197,-0.4304378310149824,0.18709723679166276
5-14C,5.0,191.0561,-0.6398140785827697,0.007393160225521675
5-14C,5.0,192.0663,0.6454661055446653,0.29457365336113334
5-14C,5.0,193.0349,-0.4469640648028589,0.6368916373104156
5-14C,5.0,194.0682,0.02299523552486328,0.29237440272570014
5-14C,5.0,194.0822,1.3405648716103915,0.579034999590999
5-14C,5.0,195.0509,1.7687282112607314,0.10633913990002965
5-14C,5.0,195.0657,1.6377267685907184,0.7070636576388857
5-14C,5.0,196.0603,1.6463985481898264,0.08527727324205187
5-14C,5.0,198.0182,-0.22771506038314598,0.6239195402598855
5-14C,5.0,199.0019,-0.5712111935066777,0.2883123038859704
5-14C,5.0,200.9937,0.5199133063565426,0.30026518056551765
5-14C,5.0,201.0051,-0.12757033517348648,0.3369054461815571
5-14C,5.0,203.0348,-0.056533492285213253,0.21348465888174895
5-14C,5.0,203.0826,-0.07487797957903156,0.02189924499230508
5-14C,5.0,204.0498,0.0665461797917648,0.26247540304904854
5-14C,5.0,205.0351,-0.7967515859322734,0.19632410082795282
5-14C,5.0,206.0822,0.7618618786010373,1.2258293372243678
5-14C,5.0,209.0292,-0.659849158204174,0.5246478407614392
5-14C,5.0,209.0814,-0.7328024488380943,0.2223405858603916
5-14C,5.0,211.0235,0.24859025251678607,0.5520806214838289
5-14C,5.0,211.9968,-0.602591553227541,0.03846597084078987
5-14C,5.0,212.0331,2.0710272512348515,0.4253913232770323
5-14C,5.0,212.9807,-0.5093554219339878,0.13484826908741165
5-14C,5.0,213.014,-0.49617044692492496,0.11562368862383161
5-14C,5.0,213.0384,-0.24296037890959649,0.11247420771827227
5-14C,5.0,213.1252,-0.11562074146412013,0.8949793219743872
5-14C,5.0,214.0488,-0.6421344146379327,0.7602844691692459
5-14C,5.0,215.0331,1.1486924851848241,0.18674070373166876
5-14C,5.0,216.1351,2.6569278570258508,0.22219376354464163
5-14C,5.0,218.0335,0.9837828917648727,0.14549671179987536
5-14C,5.0,218.1034,0.8924291323370099,0.1995674814069969
5-14C,5.0,220.0828,1.01117286344895,0.700682375735429
5-14C,5.0,221.0443,0.7927298106786312,0.296851869012713
5-14C,5.0,221.0664,1.9322392245681206,0.6861593907791175
5-14C,5.0,225.0399,0.677462375164149,1.1637724418417366
5-14C,5.0,225.0861,0.1171469654392257,0.3453526691238682
5-14C,5.0,225.0901,0.018544438399095087,0.48587694173454987
5-14C,5.0,226.0135,-0.32769869533257645,0.25525804353047654
5-14C,5.0,226.0697,0.8351287941345309,0.31692802780553797
5-14C,5.0,228.0501,-0.3829744764452643,0.3563907861721966
5-14C,5.0,229.0122,-0.31940929017808095,0.21158708154351227
5-14C,5.0,237.0614,-0.35068191629698753,0.3370850523581921
5-14C,5.0,238.0945,-0.5702359540872599,0.34135876762284056
5-14C,5.0,240.0515,0.2778303185572445,0.10402057582879344
5-14C,5.0,241.0844,0.019855623725826,0.9050568440472575
5-14C,5.0,242.0804,-0.07823448749156293,0.7237874325031601
5-14C,5.0,243.029,-0.0504221367413753,0.3596143686511445
5-14C,5.0,243.0625,-0.5675961686702752,0.4253134837258392
5-14C,5.0,245.0444,-0.8061992530794158,0.5953910011398809
5-14C,5.0,246.0198,-0.08963061214335655,0.24677899001805523
5-14C,5.0,246.064,1.0221447318831571,0.2839092737019853
5-14C,5.0,251.0816,0.19103082067564606,0.8510777911287771
5-14C,5.0,253.0119,2.208519954375771,0.1300122198031206
5-14C,5.0,253.0499,0.5347357864185557,0.7468589904393819
5-14C,5.0,257.0072,-0.3073721257247316,0.8508322715512407
5-14C,5.0,257.1028,-0.20090849258489055,0.6229944966120443
5-14C,5.0,259.005,-0.15653972668898145,0.46484230749560207
5-14C,5.0,259.0227,0.8296129231780802,0.19027239465744955
5-14C,5.0,261.0385,-0.08379513945649097,0.1006663905541489
5-14C,5.0,266.0703,0.4263150033041232,0.3310530455860764
5-14C,5.0,267.0724,-0.5742362895730662,0.04058159312169123
5-14C,5.0,268.02,-0.727518699993085,0.8500430794158228
5-14C,5.0,269.0398,-0.6930062930878843,0.08502912508801207
5-14C,5.0,271.0612,0.4491502486816594,0.5349669831233557
5-14C,5.0,271.0815,0.15805701716402865,0.4726005082387356
5-14C,5.0,273.0021,-0.6587602487942283,0.19588880115274793
5-14C,5.0,274.0933,-0.06758733012143521,0.3270926060894575
5-14C,5.0,275.0184,0.7501622355697319,0.6258308692999416
5-14C,5.0,275.0991,-0.40699983147509955,0.31284193167813595
5-14C,5.0,277.1207,1.160584682097927,0.15293987641517257
5-14C,5.0,277.2169,0.1349964027624142,0.41000694916642083
5-14C,5.0,279.2331,-0.3284317864706293,0.02007837306906634
5-14C,5.0,282.0839,0.600191695931485,0.3459211699021444
5-14C,5.0,283.2063,-0.6954432820914941,0.1597068162566896
5-14C,5.0,285.0972,-0.18922189715053572,0.9119351643265927
5-14C,5.0,287.0157,0.29560519699940757,0.4120651787309022
5-14C,5.0,288.0725,2.168200229854924,0.22500916522753578
5-14C,5.0,289.0333,-0.3589167432156061,0.4447389182544751
5-14C,5.0,289.1044,-0.43930762062725903,0.4430467010761949
5-14C,5.0,290.9677,2.5337119138082356,0.26116724810574365
5-14C,5.0,294.0479,0.35328803324019087,1.041466383210341
5-14C,5.0,300.0509,0.7432072118835187,0.6982510112250137
5-14C,5.0,301.0333,-0.4881014234094473,0.5115682532346928
5-14C,5.0,303.2326,0.07173890907227154,1.057215713350827
5-14C,5.0,305.0207,0.30892848858310373,0.40896420383875226
5-14C,5.0,306.0481,-0.9374048389685152,0.18720854040234014
5-14C,5.0,306.0765,-0.21412650290676605,0.007377109707829654
5-14C,5.0,308.0986,-0.24863592868159268,0.023881936661801606
5-14C,5.0,313.0441,-0.10102753813073542,0.20077199159405235
5-14C,5.0,313.1037,-0.6955128246711163,0.6735719982567057
5-14C,5.0,317.026,-0.35356274483591354,0.4502327816015945
5-14C,5.0,323.0256,-0.11595073247872867,0.1465917016526963
5-14C,5.0,325.1163,-0.7509217292862818,0.5456168233587486
5-14C,5.0,328.0457,-0.17858415212498852,0.13646281900353996
5-14C,5.0,333.0589,-0.1665441397228697,0.46005470944459986
5-14C,5.0,338.9884,-0.5042766870575717,0.1455501335876849
5-14C,5.0,339.0928,0.726964287445765,0.9733585814612689
5-14C,5.0,341.1089,0.7550627068953681,0.13467771984010943
5-14C,5.0,344.0393,-0.6793570882333002,0.2017381782859923
5-14C,5.0,346.0556,-0.6790714119611906,0.09463791433495305
5-14C,5.0,348.087,-0.7248741012640438,0.19218831134639622
5-14C,5.0,353.0489,0.091676360988662,0.7847476110388601
5-14C,5.0,357.089,-0.42705028978514237,0.228084088273399
5-14C,5.0,375.131,-0.5252291809046649,0.37685641587478697
5-14C,5.0,377.1496,0.3750533803298592,0.580762054193016
5-14C,5.0,383.1188,1.612959880503929,0.5888924993576394
5-14C,5.0,388.9416,2.148105855265002,0.2735294623542853
5-14C,5.0,388.9442,2.059295854936449,0.5628084343480468
5-14C,5.0,401.0756,1.0271287532002296,0.13923437109659453
5-14C,5.0,407.2795,-0.6350401255919347,0.17935912679281268
5-14C,5.0,421.0743,0.12967588036249195,0.6373472587909845
5-14C,5.0,426.0222,-0.4872759109029979,0.16884731404828077
5-14C,5.0,442.9997,0.19570510413469228,0.36368097389951126
5-14C,5.0,466.9657,0.11492461934923735,0.16634144002620765
5-14C,5.0,490.9787,0.16094421389868047,1.1784379495336714
5-14C,5.0,503.1614,1.0179587506668155,0.5730016641568441
5-14C,5.0,547.0731,0.2398335757296607,0.12139237254521645
5-14C,5.0,565.0471,0.6606889665305692,0.35465238726935105
5-14C,5.0,578.8872,1.248795706411051,0.13648924029153736
5-14C,5.0,579.0269,1.0417888443016645,0.0716962409893121
5-14C,5.0,612.2549,-0.12817953423501965,0.43682454141349064
5-14C,5.0,624.2949,-0.3906692450949251,0.6791264736301902
5-14C,5.0,659.307,-0.0450951773724858,0.2666745392631384
5-14C,5.0,664.0939,-0.4164319611614473,0.206253326850032
5-14C,5.0,665.2144,0.10747363000510814,0.19505711891998884
5-14C,5.0,668.1374,-0.6086913352956012,0.002444379642675765
5-14C,5.0,787.255,0.1592572784881342,0.2786720503212956
5-14C,5.0,790.2568,0.3775650818054801,0.7208948343775117
5-14C,5.0,835.0407,-0.7409964236086571,0.24152356000256875
5-14C,5.0,863.2971,-0.38418241426345623,0.04601966046950461
5-14C,5.0,864.1473,-0.15158770850038925,0.17793159049840288
5-14C,5.0,974.2935,-0.10495006622397535,0.25993120838533423
5-14C,5.0,976.7162,0.8976747665948533,0.19990765877480754
5-14C,6.0,57.0342,0.7375060236188211,0.5768366475556984
5-14C,6.0,58.0295,0.07181573900220123,0.15710244640405505
5-14C,6.0,59.0135,1.3283739394259821,0.34612879922704576
5-14C,6.0,71.0137,1.198142223793539,0.09513133780371429
5-14C,6.0,73.0293,-0.502750011411213,0.04473344824537649
5-14C,6.0,74.0247,1.3594805743045568,1.296359391283009
5-14C,6.0,75.0087,0.8171625829714322,0.44289679455366177
5-14C,6.0,87.0088,-0.6221596312721497,0.014411455550731289
5-14C,6.0,87.0451,0.4475266320176434,0.5368865676142422
5-14C,6.0,88.0403,-0.48196516511400667,0.04029086138174406
5-14C,6.0,88.9883,-1.0559978876420608,0.6495570159097166
5-14C,6.0,89.0244,-0.4477149322802094,0.08019016158941754
5-14C,6.0,93.0338,-0.03998238003541245,0.019975957193785334
5-14C,6.0,94.9761,-0.3112898532015764,0.324351197112203
5-14C,6.0,94.9806,0.7837810586990852,0.3682672871860754
5-14C,6.0,95.0139,1.179507428993828,0.15406554525436325
5-14C,6.0,101.0242,1.0749435444254853,0.27697435975099655
5-14C,6.0,102.056,0.23714894473962866,0.1134570291309321
5-14C,6.0,103.0402,-0.6187342886009801,0.06675521867188304
5-14C,6.0,103.0509,-0.49138795262352114,0.11427093930884573
5-14C,6.0,104.0352,0.25985389221956373,0.2010844711968503
5-14C,6.0,105.0193,0.10073053356376133,0.20569955318898797
5-14C,6.0,107.0503,1.4559381031437573,0.5647911548988758
5-14C,6.0,109.0295,1.261005422291574,0.22602366553192982
5-14C,6.0,111.02,0.44729760462684287,0.09385706987652136
5-14C,6.0,112.0516,1.0074583721665826,0.27438151447426823
5-14C,6.0,113.0244,1.072000069081526,0.14358195046946326
5-14C,6.0,113.0357,1.1239132498187099,0.09773863274889281
5-14C,6.0,114.056,3.3943506518451896,0.21198049919344536
5-14C,6.0,115.0037,-0.16697346028061827,0.039789736600092225
5-14C,6.0,115.0402,0.5233870848722056,0.5645163080270116
5-14C,6.0,115.0764,2.43328138667499,0.5434360533781758
5-14C,6.0,116.0354,2.8053191207616575,0.17020540521420038
5-14C,6.0,116.0717,-0.7554646062358936,0.008478555129504921
5-14C,6.0,117.0194,-0.5248644965817983,0.02425138139532565
5-14C,6.0,118.0508,0.7345528540741795,0.07745138265920938
5-14C,6.0,118.9804,1.0237019028477923,0.12142797139419594
5-14C,6.0,119.0503,-0.12530345798308395,0.4191739817304013
5-14C,6.0,120.9273,-0.5264503726184988,0.1674551893956479
5-14C,6.0,121.0295,0.340418703203332,0.2816884912221235
5-14C,6.0,121.0409,0.19258310856635844,0.6244652438372514
5-14C,6.0,122.0248,1.2933056660370275,0.23298173371760078
5-14C,6.0,124.0075,0.3247843306030261,0.674752426232883
5-14C,6.0,124.0144,1.3825641574836096,0.576093410549469
5-14C,6.0,125.0439,1.9166923340322894,0.18321249375818377
5-14C,6.0,127.0764,0.5581765121128712,0.26610467855903974
5-14C,6.0,128.0354,-0.24664335303080653,0.0038441567004811757
5-14C,6.0,129.0193,0.2956200182963251,0.10579795719716638
5-14C,6.0,129.0556,0.539908256038818,0.725149775406256
5-14C,6.0,130.0142,0.6528535575437492,0.7944514719560538
5-14C,6.0,130.0509,-0.1286121595413074,0.0591937464134158
5-14C,6.0,130.0874,-0.8937359609936868,0.02646483609176026
5-14C,6.0,131.0008,0.13633091325297164,1.4026753806437877
5-14C,6.0,131.0123,-0.6530270107872851,0.12058700794185369
5-14C,6.0,131.035,1.0541978286740898,0.10706110185006723
5-14C,6.0,131.0462,0.8194217206778305,0.1528761606926829
5-14C,6.0,131.0828,-0.7958099824929563,0.050536153634151045
5-14C,6.0,132.0302,0.3963853330040081,0.0793107262101186
5-14C,6.0,133.0142,-0.19540805038568815,0.12676973666775632
5-14C,6.0,133.0257,-0.07657901456396851,0.14755101590486755
5-14C,6.0,133.0505,0.1318873307076919,0.06624411876785422
5-14C,6.0,134.0472,-0.15876436134755245,0.3578428480722099
5-14C,6.0,134.0604,0.5783712723371234,0.13365302027240708
5-14C,6.0,135.0302,-0.4807216286366519,0.10140237365992387
5-14C,6.0,135.0453,0.35569568491152215,0.20106209459296312
5-14C,6.0,136.0404,-0.2616102503653415,0.0656641207540521
5-14C,6.0,136.0487,0.0369800088188878,0.34836436803352533
5-14C,6.0,136.0767,0.7986846816562335,0.6924146126962937
5-14C,6.0,137.0239,-0.056946883532333924,0.2886781339273465
5-14C,6.0,138.9789,0.22969088829307727,0.1578180336869809
5-14C,6.0,139.0014,0.13959077615059284,0.08228292283920345
5-14C,6.0,139.0067,-0.556035127732432,0.10053024505528475
5-14C,6.0,139.976,0.7617825683021336,0.5618374909075838
5-14C,6.0,143.0713,0.47432748446734957,0.33810603561317903
5-14C,6.0,143.1077,2.199371209399411,0.41156943957008113
5-14C,6.0,145.0141,-0.22851567528586103,0.013393573104965271
5-14C,6.0,145.0506,-0.9041274269665509,0.10181448702420368
5-14C,6.0,145.0623,-0.8495039661604458,0.3153328709056501
5-14C,6.0,145.0982,-0.9086407961128554,0.09364685970512844
5-14C,6.0,145.1106,-0.7114991502635504,0.6764348390962678
5-14C,6.0,146.0459,0.7256130756081185,0.05377572037204111
5-14C,6.0,147.0298,-0.4673523493230832,0.04851516625093487
5-14C,6.0,147.0662,0.4090571082957717,0.07051923355805165
5-14C,6.0,149.0092,1.3036184664592634,0.2504712514635959
5-14C,6.0,149.0456,1.2953903403861262,0.23214550319761396
5-14C,6.0,149.0608,0.9109914286366738,0.5723623282181259
5-14C,6.0,150.0422,-0.6376173394639024,0.3090517907667306
5-14C,6.0,150.9707,-0.06796332406364575,1.004264400682001
5-14C,6.0,151.0259,-0.695364293309828,0.04028424566507627
5-14C,6.0,151.04,0.7539089283667277,0.45349252587565075
5-14C,6.0,151.06,0.1658087253836925,0.7364934095058869
5-14C,6.0,152.0353,1.9188482202934298,0.2551623216881599
5-14C,6.0,152.0716,1.041221192452547,0.24119602325593728
5-14C,6.0,153.0192,1.8574231675331845,0.11868384577619694
5-14C,6.0,154.062,-0.6129729795947152,0.05841303470188001
5-14C,6.0,154.9751,-0.42746686835306835,0.05202969957606249
5-14C,6.0,155.0099,0.6847662127393507,0.10605119608346349
5-14C,6.0,157.0128,-0.2709787161204475,0.05727558964851224
5-14C,6.0,157.0255,0.8877841685061918,0.08161115626176593
5-14C,6.0,157.0379,0.9170960485353299,0.1273130280471747
5-14C,6.0,157.0504,-0.3207798951850356,0.04755916926108087
5-14C,6.0,159.0297,0.6233200145754394,0.19571324224586745
5-14C,6.0,159.0775,-0.0020848489778975896,0.10231156949546757
5-14C,6.0,160.0616,0.8125355162374446,0.8058685562584702
5-14C,6.0,161.0453,0.7997676261210147,0.2310619182267462
5-14C,6.0,162.0424,-0.07377533168598294,0.2568648858047297
5-14C,6.0,163.0351,0.21724441543025674,0.1522793932589947
5-14C,6.0,163.0398,2.2566987904286018,0.2264502274595666
5-14C,6.0,163.0611,1.7623914044992282,0.6231343576892513
5-14C,6.0,164.0716,-0.481677539645474,0.08526458914157124
5-14C,6.0,165.03,0.9774148234165223,0.3840429983729292
5-14C,6.0,165.0405,1.4367665031379517,0.2869780804117211
5-14C,6.0,165.0556,0.14641355159119207,0.07701429991710396
5-14C,6.0,166.0508,1.0422993617053569,0.2962422410827048
5-14C,6.0,166.0632,0.5393250556762987,0.4182418138642371
5-14C,6.0,166.9759,-0.7130701480367372,0.27161434931747214
5-14C,6.0,167.0207,-0.21345433138414244,0.28375322499490296
5-14C,6.0,167.0358,1.2173172496548228,0.5838522034905309
5-14C,6.0,167.0828,0.6166850240195295,0.5935273622877659
5-14C,6.0,168.0277,0.8266535917459522,0.043051489540211985
5-14C,6.0,168.0664,0.17154167422445424,0.0895069430389161
5-14C,6.0,170.0455,-0.5648988961151991,0.026278125525445725
5-14C,6.0,171.0065,-0.5076218565228001,0.26860396825285404
5-14C,6.0,171.0092,-0.420975762318865,0.3551373249433757
5-14C,6.0,171.0284,-0.39569448059925316,0.15108311690590595
5-14C,6.0,172.0616,0.6809829894210061,0.2079780845920902
5-14C,6.0,172.962,-0.5368281655808346,0.0779627935133163
5-14C,6.0,173.0089,-0.40283076099206777,0.18377813278941998
5-14C,6.0,173.0453,-0.03320654616206725,0.13083036696401
5-14C,6.0,173.0932,-0.7164522784097724,0.038447597999757256
5-14C,6.0,173.1041,-1.0266504843347084,0.47213041300928166
5-14C,6.0,174.0407,-0.025042552817949527,0.053124899598860395
5-14C,6.0,174.088,-0.5065391762923099,0.12824090392361298
5-14C,6.0,175.022,-0.4311086588298443,0.0855269923610917
5-14C,6.0,175.0361,0.47151109150525106,0.05692790035342573
5-14C,6.0,175.0611,-0.3621153971095672,0.04707309622786069
5-14C,6.0,176.0776,-0.25730747579223956,0.2396499060482716
5-14C,6.0,177.0402,0.6111272514960716,0.42632685362924116
5-14C,6.0,177.0553,0.5298966859732364,0.7398914518685508
5-14C,6.0,178.0509,-0.05059437891697979,0.08767608332609282
5-14C,6.0,179.0348,1.5706348278245779,0.24409464378706894
5-14C,6.0,179.0561,0.5745488133113181,0.1508029933102811
5-14C,6.0,180.0663,0.6046807927616937,0.1490593419391708
5-14C,6.0,181.0505,0.35350209508977803,0.19998155407755153
5-14C,6.0,182.9725,0.9677064776667321,0.36085157799317047
5-14C,6.0,183.0661,0.831032976434672,0.8732026006147446
5-14C,6.0,184.0017,1.1894379417801315,0.2043040154555244
5-14C,6.0,184.9856,-0.5439989972375239,0.11132480115745944
5-14C,6.0,186.1136,0.7798735920591225,0.462633925365949
5-14C,6.0,187.0234,-0.5442630567398999,0.33319708232486817
5-14C,6.0,188.035,1.8552523017811686,1.1101223155600255
5-14C,6.0,188.0565,1.8123708036630113,0.19052262753015417
5-14C,6.0,189.0405,0.1148478675223582,0.07459125977961868
5-14C,6.0,191.0197,-0.5441558579571384,0.2306153225785513
5-14C,6.0,191.0561,-0.5064456646674318,0.074879295713634
5-14C,6.0,192.0663,0.4202492960034687,0.42533003832714195
5-14C,6.0,193.0349,-0.09427320698986129,0.3776416383016102
5-14C,6.0,194.0682,0.45984001342734837,0.14630641746202724
5-14C,6.0,194.0822,1.6258025159716165,0.8798821031745073
5-14C,6.0,195.0509,1.573317841798115,0.23431565204649057
5-14C,6.0,195.0657,1.519474104753686,0.41317439129763495
5-14C,6.0,196.0603,2.0050231146656086,0.3475283047475449
5-14C,6.0,198.0182,0.2414673949798154,0.25530866093649296
5-14C,6.0,199.0019,-0.8455413089887394,0.18004336514643393
5-14C,6.0,200.9937,0.9595218146933244,0.3088703272600038
5-14C,6.0,201.0051,-0.4353989130753505,0.43084548767147085
5-14C,6.0,203.0348,0.11969246951833065,0.23652151743597136
5-14C,6.0,203.0826,-0.07445557385480661,0.010546010355187133
5-14C,6.0,204.0498,0.07637099126314487,0.6506669178825175
5-14C,6.0,205.0351,-0.7474748406689655,0.14900912041403883
5-14C,6.0,206.0822,1.5837378708520415,1.5505704826906952
5-14C,6.0,209.0292,-0.40491974992930224,0.6348510975723726
5-14C,6.0,209.0814,-0.45789923043436376,0.41082023648268795
5-14C,6.0,211.0235,-0.11416615747322309,0.4415137812970731
5-14C,6.0,211.9968,-0.035744658137641216,0.044691682994951014
5-14C,6.0,212.0331,2.104140826057088,0.3525891359268353
5-14C,6.0,212.9807,-0.40465723886331806,0.058347353892734204
5-14C,6.0,213.014,-0.47668695779745845,0.11717977999731975
5-14C,6.0,213.0384,-0.5166384355820693,0.1642033063258384
5-14C,6.0,213.1252,-0.21131427186135635,0.506160343013496
5-14C,6.0,214.0488,0.875798146482887,1.1643912461985426
5-14C,6.0,215.0331,0.936683717193659,0.16953567847181814
5-14C,6.0,216.1351,2.97643009548018,0.6035873648370434
5-14C,6.0,218.0335,0.8741194259920788,0.12741373419927393
5-14C,6.0,218.1034,1.4102788178904098,0.20926821567212192
5-14C,6.0,220.0828,0.17726104275481291,0.6330002447882035
5-14C,6.0,221.0443,1.4809517405922459,0.18880125906360837
5-14C,6.0,221.0664,1.2311800498872394,0.6551418365448981
5-14C,6.0,225.0399,1.1367806884954001,1.5612675240409484
5-14C,6.0,225.0861,0.4145299078830199,0.4380368714844659
5-14C,6.0,225.0901,0.27069204810222364,0.4519061361184243
5-14C,6.0,226.0135,0.17630895444266284,0.31986801137970083
5-14C,6.0,226.0697,0.43002085842101007,0.28256231130414233
5-14C,6.0,228.0501,-0.1332152017155311,0.21155451947171136
5-14C,6.0,229.0122,-0.07280173214678042,0.1820590764834041
5-14C,6.0,237.0614,0.016548585812913325,0.2121202925095241
5-14C,6.0,238.0945,-0.4652027528561984,0.2512347677551221
5-14C,6.0,240.0515,0.7678534213896339,0.09144454331193477
5-14C,6.0,241.0844,0.3061419297436384,0.3206477644029049
5-14C,6.0,242.0804,-0.14913354037707213,0.37644400513857396
5-14C,6.0,243.029,-0.03924137212284205,0.30431231575098866
5-14C,6.0,243.0625,-0.4021877147775593,0.20616795367264906
5-14C,6.0,245.0444,-0.46262653043351204,0.3382743926053207
5-14C,6.0,246.0198,0.7521046058922396,0.3161574366897547
5-14C,6.0,246.064,1.0147221699234639,0.6529211064270609
5-14C,6.0,251.0816,-0.3698332274116468,1.5532744116972566
5-14C,6.0,253.0119,2.5125864899453387,0.10044475382624778
5-14C,6.0,253.0499,1.3495012954825603,0.5455627682873131
5-14C,6.0,257.0072,0.21330902677440342,0.30355328088483446
5-14C,6.0,257.1028,-0.5308490142796601,0.37324810936661734
5-14C,6.0,259.005,-0.28395642389818193,0.13677584389472494
5-14C,6.0,259.0227,0.3416302598725154,0.16502705890320885
5-14C,6.0,261.0385,0.18209156876933716,0.3151603296030371
5-14C,6.0,266.0703,0.637498007240443,0.3998703420261155
5-14C,6.0,267.0724,-0.5140283008767257,0.013279118615845341
5-14C,6.0,268.02,-0.023788285305140225,0.6794958745847262
5-14C,6.0,269.0398,-0.658772933685442,0.05245396306203493
5-14C,6.0,271.0612,0.29822351054524665,0.503473985474934
5-14C,6.0,271.0815,-0.48032392938350527,0.9821181816081305
5-14C,6.0,273.0021,-0.4534443893299676,0.09592510437320712
5-14C,6.0,274.0933,0.415217201668892,0.19772319396693322
5-14C,6.0,275.0184,2.2438898617113945,0.8349283492943946
5-14C,6.0,275.0991,0.4263834422524833,0.3681491448731486
5-14C,6.0,277.1207,0.11047972567979775,0.09800391780319728
5-14C,6.0,277.2169,0.2529906368195495,0.23394029920651527
5-14C,6.0,279.2331,-0.3318179552473425,0.02724575885823772
5-14C,6.0,282.0839,-1.017401862798934,0.23154336266791006
5-14C,6.0,283.2063,-0.5552729721077239,0.1264273511401825
5-14C,6.0,285.0972,-0.2975909512318411,0.71763150759825
5-14C,6.0,287.0157,1.440666653602075,0.548275613983331
5-14C,6.0,288.0725,3.4438955397867765,0.18735995800060226
5-14C,6.0,289.0333,0.13396104624951088,0.7060984725731552
5-14C,6.0,289.1044,-0.330675940955826,0.3427941698062495
5-14C,6.0,290.9677,2.7607567931603185,0.2578858242623659
5-14C,6.0,294.0479,0.7930735088366565,0.9235224969713213
5-14C,6.0,300.0509,1.148277549473343,0.7916812332191636
5-14C,6.0,301.0333,0.4704918654099355,0.1882850730923284
5-14C,6.0,303.2326,-0.04559704117021274,0.9904827121678612
5-14C,6.0,305.0207,0.8073315402923582,0.08822335406969267
5-14C,6.0,306.0481,-1.0241705376937986,0.12997354763692356
5-14C,6.0,306.0765,-0.16799438684340257,0.031239885163174448
5-14C,6.0,308.0986,-0.30222551602359154,0.04723316502530816
5-14C,6.0,313.0441,0.2621854979176775,0.5303907767116882
5-14C,6.0,313.1037,-0.7458072598616963,0.49004952727776174
5-14C,6.0,317.026,-0.25914590231531615,0.8688568402551364
5-14C,6.0,323.0256,-0.5096186224567476,0.45330453810413157
5-14C,6.0,325.1163,-0.9647560114488549,0.17221287425768958
5-14C,6.0,328.0457,0.10043081070311169,0.19677917447817486
5-14C,6.0,333.0589,0.4652217496559966,0.3411932345729103
5-14C,6.0,338.9884,-0.5727619922095806,0.06899301678485967
5-14C,6.0,339.0928,0.7470169602856007,0.32978228393208614
5-14C,6.0,341.1089,0.6407011457044756,0.10043842941200125
5-14C,6.0,344.0393,-0.6491425718426876,0.12718919154772065
5-14C,6.0,346.0556,-0.7984110150107961,0.26256574701537866
5-14C,6.0,348.087,-0.6112043850746829,0.3461735583006668
5-14C,6.0,353.0489,-0.26213447323738326,0.7154585174765741
5-14C,6.0,357.089,-0.2532327819313691,0.1783308437678641
5-14C,6.0,375.131,-0.6544122917838383,0.08386012875116491
5-14C,6.0,377.1496,-0.5681181310482721,0.36563465898623043
5-14C,6.0,383.1188,1.1492111938574125,0.7091413988544475
5-14C,6.0,388.9416,2.2585586287828674,1.0277698551784769
5-14C,6.0,388.9442,2.6272320755249297,1.0002343530437567
5-14C,6.0,401.0756,1.1008325712587295,0.1411549984776188
5-14C,6.0,407.2795,-0.36942647773195414,0.33746192103885436
5-14C,6.0,421.0743,0.4914310815565331,0.7523514414516826
5-14C,6.0,426.0222,-0.5502497974103706,0.6531230553112823
5-14C,6.0,442.9997,0.09530328204337116,0.24608799434792727
5-14C,6.0,466.9657,0.7899900032954483,0.4252818530214589
5-14C,6.0,490.9787,1.2299342495592365,0.9952219501751598
5-14C,6.0,503.1614,0.8347957311986737,0.2822270793282609
5-14C,6.0,547.0731,0.6134595356334995,0.13956442600810687
5-14C,6.0,565.0471,1.330911438415939,0.40588606358150564
5-14C,6.0,578.8872,0.7521859242022761,0.250396306569877
5-14C,6.0,579.0269,1.0329388967718147,0.2737220056956804
5-14C,6.0,612.2549,-1.0502711956548743,0.6626007418531699
5-14C,6.0,624.2949,-0.9063644620978876,0.13325218842330316
5-14C,6.0,659.307,-0.3024150076172091,0.33211361618324403
5-14C,6.0,664.0939,-0.7880917006000534,0.16902842542819954
5-14C,6.0,665.2144,0.046748076922237675,0.43636156269489385
5-14C,6.0,668.1374,-0.5552252410954693,0.0030856206359594638
5-14C,6.0,787.255,-0.3928748153407935,0.3855817936191888
5-14C,6.0,790.2568,-0.1048815689340817,0.3230829216619463
5-14C,6.0,835.0407,-0.7828892086931521,0.2237436411754006
5-14C,6.0,863.2971,-0.6818951346154525,0.1444785454082026
5-14C,6.0,864.1473,-0.6425000888337526,0.3774817874792964
5-14C,6.0,974.2935,-0.6806194757676063,0.37478297335240796
5-14C,6.0,976.7162,0.42790376554460535,0.18407179098474014
5-14C,7.0,57.0342,0.04921580038903427,0.24146163066011328
5-14C,7.0,58.0295,0.45042275578201085,0.6015266970061992
5-14C,7.0,59.0135,0.28282718812766217,0.07487109464718436
5-14C,7.0,71.0137,0.28842757286369586,0.23735716415754227
5-14C,7.0,73.0293,-0.26599060517813133,0.05913396723065419
5-14C,7.0,74.0247,1.899418871681977,0.8795874205627549
5-14C,7.0,75.0087,0.7526300994264776,0.46567861177200615
5-14C,7.0,87.0088,-0.5775530045047985,0.02823959572563381
5-14C,7.0,87.0451,-0.07846815883946578,0.6582106185413283
5-14C,7.0,88.0403,-0.17200309098985206,0.07934786439272055
5-14C,7.0,88.9883,-0.7891991112109497,0.49728613613345535
5-14C,7.0,89.0244,-0.6947063076804184,0.08628475654610233
5-14C,7.0,93.0338,-0.00045716625716187963,0.029704648783104217
5-14C,7.0,94.9761,-0.42229178697987557,0.33147902444791205
5-14C,7.0,94.9806,0.667510509911693,0.2103072106668727
5-14C,7.0,95.0139,0.25172942516993924,0.16585691410336456
5-14C,7.0,101.0242,0.051747869554840537,0.1656772831391746
5-14C,7.0,102.056,0.5415582845103694,0.12983083950271104
5-14C,7.0,103.0402,-0.4798242007044843,0.09613278612725935
5-14C,7.0,103.0509,-0.3780119359517532,0.15103292426474477
5-14C,7.0,104.0352,-0.03140911728428738,0.06466706804143711
5-14C,7.0,105.0193,-0.22779088946570336,0.43796976987032615
5-14C,7.0,107.0503,0.08461840842529213,0.603281173053223
5-14C,7.0,109.0295,1.4151358899725466,0.11770957078805563
5-14C,7.0,111.02,1.5769264775048368,0.1359866618590583
5-14C,7.0,112.0516,1.4530415411915576,0.834400031489272
5-14C,7.0,113.0244,0.4409493868943455,0.011687991869028386
5-14C,7.0,113.0357,1.7455466388967993,0.13766024914938654
5-14C,7.0,114.056,2.7146293434559885,0.09519946617769505
5-14C,7.0,115.0037,0.2380786656394705,0.11703200873953365
5-14C,7.0,115.0402,0.30751700671137,0.3207402373823868
5-14C,7.0,115.0764,1.1092822570395366,0.2964282520608196
5-14C,7.0,116.0354,2.543143858680704,0.42783830283227336
5-14C,7.0,116.0717,-0.6727059634133232,0.02484776455025825
5-14C,7.0,117.0194,-0.2611489023990833,0.04879168751957482
5-14C,7.0,118.0508,0.6300592046975023,0.45234160341322677
5-14C,7.0,118.9804,0.3156762680457963,0.08827484496607416
5-14C,7.0,119.0503,0.014617639312073619,0.2931015610422251
5-14C,7.0,120.9273,-0.5270835728368235,0.04258858502675835
5-14C,7.0,121.0295,-0.08627674712710126,0.0998303289385135
5-14C,7.0,121.0409,0.19258310856635846,0.8050162699127984
5-14C,7.0,122.0248,1.1063790073870092,0.2840953227491631
5-14C,7.0,124.0075,-0.12424215631254487,0.3511812437147374
5-14C,7.0,124.0144,0.5549764198164889,0.3513115222673993
5-14C,7.0,125.0439,0.7346639166613601,0.19704263645364534
5-14C,7.0,127.0764,0.40067068848574533,0.30906769269100826
5-14C,7.0,128.0354,-0.21716604732640019,0.005608248504189007
5-14C,7.0,129.0193,0.39662163189569577,0.08933683916669778
5-14C,7.0,129.0556,0.09036218849858693,0.3767512709486858
5-14C,7.0,130.0142,0.6918190807203961,0.7943868724341544
5-14C,7.0,130.0509,0.6752460323510325,0.06467213991619473
5-14C,7.0,130.0874,-0.7454307115401547,0.04896831382124272
5-14C,7.0,131.0008,0.29403072321825785,1.105469121359612
5-14C,7.0,131.0123,-0.605995101965178,0.07944184071242237
5-14C,7.0,131.035,0.1718248616853297,0.2600887977228386
5-14C,7.0,131.0462,-0.06416371240089987,0.40121767378244627
5-14C,7.0,131.0828,-0.6420460981335796,0.20529685221148086
5-14C,7.0,132.0302,1.202657704315134,0.13692941257943833
5-14C,7.0,133.0142,0.018607186517522883,0.10488668211059717
5-14C,7.0,133.0257,-0.007973495676167858,0.0785471808201024
5-14C,7.0,133.0505,0.3878587136683052,0.0720039314172304
5-14C,7.0,134.0472,0.96431564836613,0.1206041474049039
5-14C,7.0,134.0604,0.6118800239714962,0.2557014577011304
5-14C,7.0,135.0302,-0.40620421375427,0.10005578845301095
5-14C,7.0,135.0453,0.009036632759033776,0.13364237669274365
5-14C,7.0,136.0404,-0.32781658992369284,0.06544338564755857
5-14C,7.0,136.0487,-0.26124878744370206,0.15993713353852276
5-14C,7.0,136.0767,0.7855274563403427,0.9448449853771129
5-14C,7.0,137.0239,0.084561091675853,0.2407013522606194
5-14C,7.0,138.9789,0.14332464240818366,0.11064312619048092
5-14C,7.0,139.0014,0.38421087567477274,0.04891261079179567
5-14C,7.0,139.0067,-0.6394149002944486,0.0499493371304081
5-14C,7.0,139.976,0.1968893495055884,0.4632619916724295
5-14C,7.0,143.0713,0.26904604414721744,0.5253919871683339
5-14C,7.0,143.1077,1.0715322975627954,0.35803467604935113
5-14C,7.0,145.0141,-0.3562029690103815,0.09319395796477715
5-14C,7.0,145.0506,-0.760565723496867,0.1008399503559599
5-14C,7.0,145.0623,-0.7934869380106588,0.17670322110612474
5-14C,7.0,145.0982,-0.7621300318998281,0.1521975478751617
5-14C,7.0,145.1106,-0.1817750212057,0.47803957289698806
5-14C,7.0,146.0459,1.0806686596712312,0.059527746103709124
5-14C,7.0,147.0298,-0.32504762791648417,0.10819896553575489
5-14C,7.0,147.0662,0.7364219067958144,0.0484422791021967
5-14C,7.0,149.0092,0.26520203006407944,0.6731752634873657
5-14C,7.0,149.0456,1.3302646844887718,0.2115505172253513
5-14C,7.0,149.0608,0.8574779568116517,0.686090698754911
5-14C,7.0,150.0422,-0.5234573165318848,0.43517634680719663
5-14C,7.0,150.9707,-0.745331366781814,0.5719189659177236
5-14C,7.0,151.0259,-0.656320410713928,0.10168845545320288
5-14C,7.0,151.04,-0.1273192782156097,0.3209324704458831
5-14C,7.0,151.06,-0.3856689577258348,1.3044836501991968
5-14C,7.0,152.0353,0.8401991417106396,0.5657275165238553
5-14C,7.0,152.0716,-0.11385988987467396,0.5646240664477458
5-14C,7.0,153.0192,1.5549736111429966,0.14935221025936968
5-14C,7.0,154.062,-0.4293501640453202,0.04483853624871386
5-14C,7.0,154.9751,0.07176727970775375,0.0920384788047253
5-14C,7.0,155.0099,1.7869015583717436,0.14664648047778708
5-14C,7.0,157.0128,0.0281098800060488,0.06639032778012381
5-14C,7.0,157.0255,1.6206134124655762,0.046096671819470976
5-14C,7.0,157.0379,1.6933210973071604,0.2134202747055076
5-14C,7.0,157.0504,-0.03789963560069383,0.12207764015050089
5-14C,7.0,159.0297,-0.0622793043178741,0.10997133239689226
5-14C,7.0,159.0775,0.3842029343941986,0.04423917968297674
5-14C,7.0,160.0616,1.135315945234072,0.795799720066633
5-14C,7.0,161.0453,-0.11049269816238534,0.13985690142114146
5-14C,7.0,162.0424,0.5180324371550078,0.20003214592013835
5-14C,7.0,163.0351,-0.4306899068061668,0.3982006199055747
5-14C,7.0,163.0398,2.625036688435424,0.27981823178127346
5-14C,7.0,163.0611,0.3888100729590442,0.7999789020781228
5-14C,7.0,164.0716,-0.5083421072603003,0.032287210327037914
5-14C,7.0,165.03,0.3713346575670434,0.5069147227661995
5-14C,7.0,165.0405,0.47230322614602027,0.6805779025721154
5-14C,7.0,165.0556,0.603926748630152,0.31866201857213194
5-14C,7.0,166.0508,1.0186337325301642,0.23706623907715252
5-14C,7.0,166.0632,0.09182989430603335,0.7346068383244494
5-14C,7.0,166.9759,-0.6255386359153384,0.3068168169504833
5-14C,7.0,167.0207,-0.45262670559922763,0.3301858653803076
5-14C,7.0,167.0358,0.23432264280793608,0.40287419612001923
5-14C,7.0,167.0828,1.1719878157269479,0.4818935119850061
5-14C,7.0,168.0277,0.9127319448578555,0.16818441435968864
5-14C,7.0,168.0664,0.7166986785528715,1.0846918167197415
5-14C,7.0,170.0455,-0.3858171568083596,0.06957304603187407
5-14C,7.0,171.0065,-0.3600360303774897,0.14597485246120268
5-14C,7.0,171.0092,-0.18967743611123553,0.15553953427181452
5-14C,7.0,171.0284,-0.09550935532702405,0.057298589851088294
5-14C,7.0,172.0616,1.21224859385151,0.4860072483271878
5-14C,7.0,172.962,-0.3920486555741578,0.041875785456077216
5-14C,7.0,173.0089,-0.11562281047052161,0.13691682079917694
5-14C,7.0,173.0453,0.2858313362585743,0.2740793062683769
5-14C,7.0,173.0932,-0.502015298619235,0.07551371682672793
5-14C,7.0,173.1041,-0.2990816386943276,0.6686502402143559
5-14C,7.0,174.0407,0.8250988310785081,0.07598654734675922
5-14C,7.0,174.088,0.3755288068024015,0.031282682013318415
5-14C,7.0,175.022,0.05567586336311363,0.09414837525063395
5-14C,7.0,175.0361,1.1530969552786559,0.16974356247433586
5-14C,7.0,175.0611,-0.03738218356714938,0.10054373725908267
5-14C,7.0,176.0776,-0.20169140276775172,0.21109565371009412
5-14C,7.0,177.0402,0.12241066756648158,0.37400485945340156
5-14C,7.0,177.0553,-0.025969330662865137,0.742504659710082
5-14C,7.0,178.0509,-0.015889196863137712,0.0725967241303256
5-14C,7.0,179.0348,1.695182394442222,0.5994645357025971
5-14C,7.0,179.0561,0.2411616876130363,0.11499780338692724
5-14C,7.0,180.0663,0.2461972775507909,0.12508282611664728
5-14C,7.0,181.0505,1.0359775636353377,0.3595845555402665
5-14C,7.0,182.9725,0.2010004141065253,0.12541419309662302
5-14C,7.0,183.0661,-0.14733997346145014,0.20926195137145548
5-14C,7.0,184.0017,1.5205741920316282,0.07899581865116413
5-14C,7.0,184.9856,-0.6744037450873512,0.09421280064316968
5-14C,7.0,186.1136,-0.29089319929528334,0.5382766711304077
5-14C,7.0,187.0234,-0.7202235949819168,0.748487952272542
5-14C,7.0,188.035,2.007596718096602,0.33101502221465734
5-14C,7.0,188.0565,2.6719585869461753,0.23720601283476633
5-14C,7.0,189.0405,-0.1481841027735249,0.11050614383703002
5-14C,7.0,191.0197,0.09729379525013876,0.3882668329330293
5-14C,7.0,191.0561,0.062041665676630185,0.1375938823607586
5-14C,7.0,192.0663,-0.19207284162041816,0.4243186994861632
5-14C,7.0,193.0349,0.02372502824886802,0.621246556190118
5-14C,7.0,194.0682,0.9321414954676002,0.412593838343494
5-14C,7.0,194.0822,0.5067150734777555,0.5659827240799338
5-14C,7.0,195.0509,1.8420199489918443,0.3736186627460432
5-14C,7.0,195.0657,1.4592082932050483,1.1523598009623426
5-14C,7.0,196.0603,1.6239987258703181,0.27745737971273826
5-14C,7.0,198.0182,0.3029580937975823,0.8351108151570358
5-14C,7.0,199.0019,-0.2285063749991626,0.3009925769150813
5-14C,7.0,200.9937,0.1086550610063778,0.2472119522042208
5-14C,7.0,201.0051,0.37857088426130914,1.0822111156025642
5-14C,7.0,203.0348,-0.43600996650863877,0.08085463028363152
5-14C,7.0,203.0826,-0.09071819423746715,0.006065489939947064
5-14C,7.0,204.0498,0.4099874155739206,0.41082794608628276
5-14C,7.0,205.0351,-0.4899864957015398,0.4075939166821194
5-14C,7.0,206.0822,0.3521505630609844,0.5615720557246475
5-14C,7.0,209.0292,-0.41110402128907003,0.25372421660815736
5-14C,7.0,209.0814,-0.6222607516104905,0.5785837990504543
5-14C,7.0,211.0235,-0.012230649125107074,0.2775950703108068
5-14C,7.0,211.9968,1.1464248651080902,0.34283246624472635
5-14C,7.0,212.0331,1.3663289870491222,0.4781306160151044
5-14C,7.0,212.9807,-0.31539741715924774,0.14112759847785245
5-14C,7.0,213.014,-0.7886065903381247,0.20654202764589985
5-14C,7.0,213.0384,-0.6924487503609598,0.025257900594777373
5-14C,7.0,213.1252,0.09544162464567196,0.5847317821708113
5-14C,7.0,214.0488,-0.5031872199239371,1.2586699260158365
5-14C,7.0,215.0331,0.5084751102092742,0.15504318889824104
5-14C,7.0,216.1351,5.128258424347285,0.3873179823165792
5-14C,7.0,218.0335,0.33301396294178925,0.14093606736384082
5-14C,7.0,218.1034,1.7046154183898565,0.3258405031374904
5-14C,7.0,220.0828,1.2757674411428794,0.8251106142224237
5-14C,7.0,221.0443,0.24395050878326907,0.17109623628164686
5-14C,7.0,221.0664,0.4932333507619122,0.3244353712372148
5-14C,7.0,225.0399,1.6187978719622074,1.1793058908302823
5-14C,7.0,225.0861,0.3617795641032919,0.40259957536411356
5-14C,7.0,225.0901,-0.21530213511590318,0.9821137916390519
5-14C,7.0,226.0135,-0.04425081110077023,0.20690455167088953
5-14C,7.0,226.0697,0.6494812446475267,0.44526975174591943
5-14C,7.0,228.0501,0.15100494534879075,0.28779440546884116
5-14C,7.0,229.0122,-0.18718430751271956,0.3460447885150296
5-14C,7.0,237.0614,0.815961923739228,0.503593453619914
5-14C,7.0,238.0945,-0.801657654724993,0.21406586547097498
5-14C,7.0,240.0515,0.9224329074426187,0.09835870447960798
5-14C,7.0,241.0844,0.4366109494132144,0.407734363522969
5-14C,7.0,242.0804,-0.04278496104880834,0.6971797735307571
5-14C,7.0,243.029,-0.21215319703736796,0.3985231222713934
5-14C,7.0,243.0625,-0.018944048878711428,0.40590634530806224
5-14C,7.0,245.0444,-0.3519453848831538,0.5917893356620698
5-14C,7.0,246.0198,0.2314403592815849,0.8284498193306586
5-14C,7.0,246.064,0.7579990488299524,0.679456332043057
5-14C,7.0,251.0816,0.21440015601261658,1.1734255391743225
5-14C,7.0,253.0119,3.935978976514197,0.22043133016804206
5-14C,7.0,253.0499,1.1472919088353093,1.2128948121665757
5-14C,7.0,257.0072,-0.21422581916439729,0.04432071680881047
5-14C,7.0,257.1028,-0.16934896442278213,0.5708676299869373
5-14C,7.0,259.005,-0.09912356066261332,0.5012257206974116
5-14C,7.0,259.0227,0.12392239902358534,0.15894119328676215
5-14C,7.0,261.0385,0.028339689664836548,0.22990717669844007
5-14C,7.0,266.0703,1.2885266933616992,0.09140409370011474
5-14C,7.0,267.0724,-0.29681847591802374,0.049097808247029716
5-14C,7.0,268.02,-0.2690817970237809,0.5413527210294561
5-14C,7.0,269.0398,-0.6529597217114425,0.19115034549983484
5-14C,7.0,271.0612,-0.1318878657249259,0.6020348516522297
5-14C,7.0,271.0815,-0.39458201895556333,0.6687882313208644
5-14C,7.0,273.0021,-0.15522023591819228,0.17526776919085768
5-14C,7.0,274.0933,1.0480244777459689,0.17805280620512573
5-14C,7.0,275.0184,1.8097971853819628,0.444518776715982
5-14C,7.0,275.0991,1.175895100881246,0.23048737513442039
5-14C,7.0,277.1207,0.23841186714450102,0.08952290871226654
5-14C,7.0,277.2169,0.06541773851721681,0.4695057577123438
5-14C,7.0,279.2331,-0.33327234249242255,0.03547068563261066
5-14C,7.0,282.0839,-0.6282350508821524,0.2495946275735503
5-14C,7.0,283.2063,-0.832532925921775,0.08658128963968771
5-14C,7.0,285.0972,-1.0782759131991395,0.3882566986613679
5-14C,7.0,287.0157,0.11134243386794389,0.8538221499400435
5-14C,7.0,288.0725,5.034475807638719,0.37227380920905995
5-14C,7.0,289.0333,0.36227943401644014,0.6144132101224802
5-14C,7.0,289.1044,0.22905936955899314,0.5142508462877853
5-14C,7.0,290.9677,4.6558823033319126,0.3305524214729657
5-14C,7.0,294.0479,0.6141131854337658,0.36633291955992126
5-14C,7.0,300.0509,0.6394169474476918,0.42361325674259953
5-14C,7.0,301.0333,-0.15742940612382933,0.6623556547828165
5-14C,7.0,303.2326,-0.16564800837001814,0.7924366151345883
5-14C,7.0,305.0207,-0.04781463883545533,0.17339086173736282
5-14C,7.0,306.0481,-0.63996389852231,0.15423166644186673
5-14C,7.0,306.0765,-0.11056460970329698,0.022099948879319355
5-14C,7.0,308.0986,-0.3180725497522639,0.03950497922442151
5-14C,7.0,313.0441,0.17891926830974092,0.3453532777879139
5-14C,7.0,313.1037,0.0709743676333237,1.2067583518394442
5-14C,7.0,317.026,0.16240535231890052,0.3957221055546604
5-14C,7.0,323.0256,-0.8570001453233367,0.7838481191340283
5-14C,7.0,325.1163,-0.915124193246262,0.06094862205501455
5-14C,7.0,328.0457,0.11852800358789939,0.3081010274452283
5-14C,7.0,333.0589,0.9655464137278504,0.18890220746376107
5-14C,7.0,338.9884,-0.3903313086581085,0.20396683782756883
5-14C,7.0,339.0928,1.136736297651106,0.4592515421618545
5-14C,7.0,341.1089,0.2547988245963415,0.1880702597642305
5-14C,7.0,344.0393,-0.6738635397986433,0.2029433083905901
5-14C,7.0,346.0556,-0.7974953658825382,0.07102125582580888
5-14C,7.0,348.087,-0.478390295632377,0.07903228889717626
5-14C,7.0,353.0489,0.5913500127074742,0.3074048172447152
5-14C,7.0,357.089,0.014809031526638084,0.14522350981420118
5-14C,7.0,375.131,0.15342455912496555,0.738574804363561
5-14C,7.0,377.1496,0.3585510524053428,0.5435080679154557
5-14C,7.0,383.1188,0.9612049695412574,0.5321001929414004
5-14C,7.0,388.9416,4.378057796287841,0.962047252640754
5-14C,7.0,388.9442,4.151181829061956,0.897462427292273
5-14C,7.0,401.0756,0.030954276702665665,0.10355642607022325
5-14C,7.0,407.2795,-0.8875370501008051,0.12963374927570911
5-14C,7.0,421.0743,-0.19807622098041217,0.7967016753702703
5-14C,7.0,426.0222,-0.5868891495601147,0.5208852561060476
5-14C,7.0,442.9997,-0.16861007888238727,0.21180830104856652
5-14C,7.0,466.9657,-0.43239531735742986,0.28404627285801215
5-14C,7.0,490.9787,-1.2967694710929871,0.638629502568418
5-14C,7.0,503.1614,0.28967242190399756,0.25517133701429745
5-14C,7.0,547.0731,1.4492846372715698,0.1789044658258951
5-14C,7.0,565.0471,1.7658275424545977,0.28927672751746286
5-14C,7.0,578.8872,0.29975260097738177,0.15046350772416336
5-14C,7.0,579.0269,0.11499221149484727,0.10425701916924968
5-14C,7.0,612.2549,0.692489786592055,0.5602823444303456
5-14C,7.0,624.2949,-0.2540512982324227,0.8274334690668707
5-14C,7.0,659.307,-0.7056098120499621,0.12936279382371443
5-14C,7.0,664.0939,-0.5661003427191562,0.17117176537534717
5-14C,7.0,665.2144,0.040325181884626374,0.4612036462097553
5-14C,7.0,668.1374,-0.4808276451062357,0.022611237888863395
5-14C,7.0,787.255,0.13799737906550277,0.21448003282709177
5-14C,7.0,790.2568,-0.2753848029303927,0.12969066046772054
5-14C,7.0,835.0407,-0.7888738922766514,0.18933440779302843
5-14C,7.0,863.2971,-0.621003494323005,0.09210423907893744
5-14C,7.0,864.1473,-0.4481664982742005,0.2792176086885583
5-14C,7.0,974.2935,-0.5815795773514978,0.16532373570022946
5-14C,7.0,976.7162,0.4325620592239747,0.38820652028106006
5-14C,8.0,57.0342,0.1468319552114533,0.32849652815516595
5-14C,8.0,58.0295,1.5474123172209464,0.3595400821136855
5-14C,8.0,59.0135,0.08218968283083242,0.08283009687981506
5-14C,8.0,71.0137,0.09375242714711653,0.013399967450354341
5-14C,8.0,73.0293,0.30019325588566703,0.06302676481584542
5-14C,8.0,74.0247,1.9515577601938172,0.41291654015173873
5-14C,8.0,75.0087,0.2585174739402578,0.7285239907608053
5-14C,8.0,87.0088,-0.5673309611738546,0.013274747674777826
5-14C,8.0,87.0451,-0.44593629813900115,0.5459141013610557
5-14C,8.0,88.0403,0.22606123121075766,0.057513417319501894
5-14C,8.0,88.9883,-0.6073362748421773,0.5757009093586587
5-14C,8.0,89.0244,-0.5637222471289954,0.05456833958924095
5-14C,8.0,93.0338,0.007678069669400612,0.020819082744360257
5-14C,8.0,94.9761,-1.1476232562830986,0.526258547969756
5-14C,8.0,94.9806,1.1611131734616622,0.4671817682537614
5-14C,8.0,95.0139,0.1698207103748064,0.17041608529058608
5-14C,8.0,101.0242,-0.04421957744839596,0.1677430592796301
5-14C,8.0,102.056,0.9134959047076796,0.1076900719881161
5-14C,8.0,103.0402,-0.2722973729216997,0.043176694015868905
5-14C,8.0,103.0509,-0.2490678692295336,0.07886136770808395
5-14C,8.0,104.0352,-0.17801801468555473,0.13817464530973952
5-14C,8.0,105.0193,-0.8278900221995256,0.48096999968962856
5-14C,8.0,107.0503,0.3071727303575035,0.698675522539127
5-14C,8.0,109.0295,2.1456323968753015,0.09994409998601646
5-14C,8.0,111.02,1.6647357081892427,0.1051316620039687
5-14C,8.0,112.0516,0.9861894858169418,1.456885684086022
5-14C,8.0,113.0244,0.06555167066956942,0.08059484953766505
5-14C,8.0,113.0357,2.0370636529035084,0.1096369398663263
5-14C,8.0,114.056,2.260591105850839,0.05783937321861357
5-14C,8.0,115.0037,0.5775477632024972,0.09758735355753444
5-14C,8.0,115.0402,-0.06408791355121131,0.8192694904243196
5-14C,8.0,115.0764,0.5779875472878429,0.8020945271044502
5-14C,8.0,116.0354,2.593296514771792,0.17170788601568776
5-14C,8.0,116.0717,-0.5681135160748951,0.0330467885083668
5-14C,8.0,117.0194,0.1976984852311945,0.03910861849809049
5-14C,8.0,118.0508,0.8437534245939502,0.14015669502091277
5-14C,8.0,118.9804,-0.03829761144969912,0.12568110272404995
5-14C,8.0,119.0503,0.3767324508522784,0.22547273298743925
5-14C,8.0,120.9273,-0.5271740300108699,0.1082095055158117
5-14C,8.0,121.0295,-0.18343400105218893,0.47079699100008354
5-14C,8.0,121.0409,-0.1714331142782241,0.6472767802982868
5-14C,8.0,122.0248,-0.2043665355939329,0.33222899087212454
5-14C,8.0,124.0075,-0.269003545391117,0.2259007276994132
5-14C,8.0,124.0144,0.09655347403019911,0.3314831620987183
5-14C,8.0,125.0439,-0.16174761652443614,0.21546911744545022
5-14C,8.0,127.0764,-0.4247692606469836,0.620177169873153
5-14C,8.0,128.0354,-0.16933983052065574,0.01993536009171723
5-14C,8.0,129.0193,0.6677671729387159,0.12774289736019873
5-14C,8.0,129.0556,-0.8174152731103806,0.6691222230159746
5-14C,8.0,130.0142,0.800979847854973,0.23052379674737364
5-14C,8.0,130.0509,1.4381903027200345,0.14324188639534347
5-14C,8.0,130.0874,-0.6796643392847188,0.05837244807696304
5-14C,8.0,131.0008,-0.613104880893985,0.3025315739123257
5-14C,8.0,131.0123,-0.4725872836717011,0.08066223419753968
5-14C,8.0,131.035,-0.47355599089948575,0.11350513258141476
5-14C,8.0,131.0462,-0.49214689802937767,0.2515928383218067
5-14C,8.0,131.0828,-0.7306120996710248,0.04099455973624005
5-14C,8.0,132.0302,1.9421986782739897,0.10671335135181444
5-14C,8.0,133.0142,0.05275206761888989,0.11029663054987805
5-14C,8.0,133.0257,0.1710503731375605,0.17404042465215105
5-14C,8.0,133.0505,0.7023036584847759,0.0738553105598635
5-14C,8.0,134.0472,-0.14488693845612124,0.24361095305780744
5-14C,8.0,134.0604,0.629043043101297,0.5655341463856094
5-14C,8.0,135.0302,-0.2695309177667239,0.10460675790499353
5-14C,8.0,135.0453,0.8550200255538107,0.08597115243447195
5-14C,8.0,136.0404,-0.44150885578596516,0.04064817995951308
5-14C,8.0,136.0487,0.4127204852289806,0.4673650709322981
5-14C,8.0,136.0767,-0.03192607948953227,0.5464499622543343
5-14C,8.0,137.0239,0.06202341874381945,0.14212522359332586
5-14C,8.0,138.9789,0.17893177886949946,0.30957479315164244
5-14C,8.0,139.0014,0.730129722407858,0.033163514518955474
5-14C,8.0,139.0067,-0.6421897318053017,0.04491574173146857
5-14C,8.0,139.976,0.35814253045469197,0.6070309994660862
5-14C,8.0,143.0713,-0.7853921149971568,0.5176432666279356
5-14C,8.0,143.1077,1.0406800188162642,0.27456275044995393
5-14C,8.0,145.0141,-0.39431049231430493,0.24094473936794641
5-14C,8.0,145.0506,-0.8139008594731482,0.1211054729398318
5-14C,8.0,145.0623,-0.9625312321789872,0.22780758351110061
5-14C,8.0,145.0982,-0.9191869751536602,0.14180105951326594
5-14C,8.0,145.1106,-0.32175393613808534,1.03014196499189
5-14C,8.0,146.0459,1.4858812815515856,0.045633308851352895
5-14C,8.0,147.0298,-0.1673124192289862,0.04551451871890387
5-14C,8.0,147.0662,0.9605391378795878,0.07682772549255278
5-14C,8.0,149.0092,-0.45797656773916406,0.14370682603893556
5-14C,8.0,149.0456,1.0256238755428906,0.10398335087641247
5-14C,8.0,149.0608,-0.2433074264319855,0.33713797926913514
5-14C,8.0,150.0422,-0.8500080798025399,0.3806836177636771
5-14C,8.0,150.9707,-0.5669027116267843,0.5865582170866843
5-14C,8.0,151.0259,-0.6589793131129318,0.06346751773790578
5-14C,8.0,151.04,-0.8468621682448692,0.26151683311442286
5-14C,8.0,151.06,0.278046844842383,1.251709781881097
5-14C,8.0,152.0353,0.18071254923882804,0.406881439369727
5-14C,8.0,152.0716,-0.38139123237805495,0.4352023933553475
5-14C,8.0,153.0192,1.7793087471165758,0.10945740760311529
5-14C,8.0,154.062,-0.6212119419983086,0.03669301804807849
5-14C,8.0,154.9751,0.5844896239006869,0.05423875404151947
5-14C,8.0,155.0099,1.8275117106118235,0.07956050968920698
5-14C,8.0,157.0128,0.09599489682075049,0.10516413556080412
5-14C,8.0,157.0255,1.965976227734598,0.09767503095802584
5-14C,8.0,157.0379,2.047166358262127,0.08977043412329636
5-14C,8.0,157.0504,0.44310304450044535,0.07862197709524531
5-14C,8.0,159.0297,-0.4818288754022122,0.18406320801722836
5-14C,8.0,159.0775,0.5375251517725874,0.09584736508878355
5-14C,8.0,160.0616,0.35839095916079433,0.30329118746938516
5-14C,8.0,161.0453,-0.9081520203380733,0.0819322667165255
5-14C,8.0,162.0424,0.672999466576395,0.1876404557017578
5-14C,8.0,163.0351,-0.42537949417205767,0.4831583596047406
5-14C,8.0,163.0398,2.516077258123522,0.12677405840877926
5-14C,8.0,163.0611,-0.08235424038813582,0.5283301698521552
5-14C,8.0,164.0716,-0.5812127621654931,0.05090420417608453
5-14C,8.0,165.03,-0.11388236021638226,0.3558773628557305
5-14C,8.0,165.0405,-0.728370944434674,0.24001778717413724
5-14C,8.0,165.0556,1.6779203712434005,0.12191849850176106
5-14C,8.0,166.0508,0.5579581354790821,0.34118855130534387
5-14C,8.0,166.0632,0.3202834470514652,0.6960653838573835
5-14C,8.0,166.9759,-0.2697653930993308,0.5366069451533593
5-14C,8.0,167.0207,-0.5965460820834354,0.30545150809550015
5-14C,8.0,167.0358,-0.48405940917646295,0.2613712995392202
5-14C,8.0,167.0828,-0.4107331762017833,0.16932772311347083
5-14C,8.0,168.0277,1.110859590294608,0.06525077591320125
5-14C,8.0,168.0664,-0.7728567050210566,0.5148583783840526
5-14C,8.0,170.0455,-0.12387670229984821,0.0770077724880011
5-14C,8.0,171.0065,-0.2412237826044304,0.34915000101032256
5-14C,8.0,171.0092,-0.29563806911409446,0.2783971273486937
5-14C,8.0,171.0284,0.4710504295380595,0.09314310450601553
5-14C,8.0,172.0616,1.2439177113905544,0.40577882289619754
5-14C,8.0,172.962,-0.4011182405592033,0.05320743850373202
5-14C,8.0,173.0089,0.2154959173468984,0.1429926279272008
5-14C,8.0,173.0453,1.5862443018666648,0.267969321987447
5-14C,8.0,173.0932,-0.3331078425906049,0.0882868491774064
5-14C,8.0,173.1041,-0.14145152500667846,1.01976893985596
5-14C,8.0,174.0407,1.7094899536267478,0.031227846623835816
5-14C,8.0,174.088,0.7435176505127574,0.1749179705770878
5-14C,8.0,175.022,0.060199082374641104,0.1123093948517963
5-14C,8.0,175.0361,1.9277366515638603,0.08231758261629266
5-14C,8.0,175.0611,0.365092242132168,0.01232302941834273
5-14C,8.0,176.0776,0.3327654941017171,0.14148686608693808
5-14C,8.0,177.0402,-0.03617797752085168,0.14933457921060175
5-14C,8.0,177.0553,0.20489061923127871,0.4457618189224291
5-14C,8.0,178.0509,0.09214158749453011,0.0393627895200817
5-14C,8.0,179.0348,1.2977497099544593,0.23356123946833085
5-14C,8.0,179.0561,-0.0748513478590058,0.07157330841965832
5-14C,8.0,180.0663,-0.05579319277938137,0.057992632116508486
5-14C,8.0,181.0505,1.8212106865815247,0.13317657328212978
5-14C,8.0,182.9725,-0.3546481129402387,0.16998037052824788
5-14C,8.0,183.0661,-0.6029618289605202,0.6056051866755083
5-14C,8.0,184.0017,2.2813882280269544,0.234598124103621
5-14C,8.0,184.9856,-0.7132900429898656,0.16180123571874389
5-14C,8.0,186.1136,-0.392414412065256,0.31120448512108806
5-14C,8.0,187.0234,-0.04431168617924894,0.6022468788431012
5-14C,8.0,188.035,1.8757809819938867,0.548893349900507
5-14C,8.0,188.0565,3.8065750592126903,0.12154136869060567
5-14C,8.0,189.0405,0.2617178403915633,0.12385567847467012
5-14C,8.0,191.0197,0.06168512014703938,0.33451865930016134
5-14C,8.0,191.0561,0.677996514176553,0.1865337556047075
5-14C,8.0,192.0663,-1.2369896431155143,0.1855551492410427
5-14C,8.0,193.0349,0.059580845586603454,0.5628875081409035
5-14C,8.0,194.0682,1.551270098488604,0.4267137639299702
5-14C,8.0,194.0822,0.37655315376924636,0.2548515151245441
5-14C,8.0,195.0509,0.8497032727123246,0.07228914367503571
5-14C,8.0,195.0657,-0.15885278156719623,0.5805524891679193
5-14C,8.0,196.0603,1.5381516910925073,0.11612649747112365
5-14C,8.0,198.0182,0.5362858139691089,0.3397966135689561
5-14C,8.0,199.0019,0.4296780763127235,0.6113751156488014
5-14C,8.0,200.9937,-0.4292822075624678,0.479569682035814
5-14C,8.0,201.0051,1.27903524996142,0.6975424887125347
5-14C,8.0,203.0348,-0.4376282030724914,0.09048759634077612
5-14C,8.0,203.0826,-0.09559094598477638,0.0026551788381448736
5-14C,8.0,204.0498,0.10499109424499117,0.6005275458966776
5-14C,8.0,205.0351,-0.21931141608618657,0.3236796244046998
5-14C,8.0,206.0822,-0.5760377465956223,0.9538197441729316
5-14C,8.0,209.0292,-0.33826704749624953,0.2831986391077764
5-14C,8.0,209.0814,-0.9343629659786414,0.2665771499516905
5-14C,8.0,211.0235,-0.0002663875819009648,0.264421043358996
5-14C,8.0,211.9968,1.4771769861916917,0.11250391414950808
5-14C,8.0,212.0331,0.8028808154644974,0.4831617595720116
5-14C,8.0,212.9807,-0.2961538258783458,0.11368424300494558
5-14C,8.0,213.014,-0.5919336340514347,0.3498067750160699
5-14C,8.0,213.0384,-0.47620206318292446,0.2886023487048913
5-14C,8.0,213.1252,-0.3195284510956142,1.0426449284774764
5-14C,8.0,214.0488,-0.588827629244513,0.29400676810822984
5-14C,8.0,215.0331,0.2252009428174957,0.08728568078094609
5-14C,8.0,216.1351,4.8469296461098885,0.49112884218401903
5-14C,8.0,218.0335,0.08455440930930996,0.09404518651508452
5-14C,8.0,218.1034,1.98694136718838,0.1614347374394125
5-14C,8.0,220.0828,-0.11492159517260665,0.7740668163788241
5-14C,8.0,221.0443,0.06638725281885036,0.04633762608140056
5-14C,8.0,221.0664,0.4063122160337761,0.16454682230155596
5-14C,8.0,225.0399,-0.26587596311645845,0.6895952102555906
5-14C,8.0,225.0861,0.24867729861924623,0.23544737569157953
5-14C,8.0,225.0901,-0.2472827337072824,0.6563534844982438
5-14C,8.0,226.0135,0.24957812621595882,0.35730298731105725
5-14C,8.0,226.0697,0.5644107318315561,0.29214230157235554
5-14C,8.0,228.0501,0.4050308042723302,0.43943582577092705
5-14C,8.0,229.0122,-0.33502139656507546,0.1796378857668333
5-14C,8.0,237.0614,1.341826010093882,0.18596715883392642
5-14C,8.0,238.0945,-0.5898479626158813,0.4031087168241325
5-14C,8.0,240.0515,1.022697030481222,0.07231291924318974
5-14C,8.0,241.0844,0.46270475334712957,0.7386976354235224
5-14C,8.0,242.0804,-0.4886078190237899,0.6031920186823979
5-14C,8.0,243.029,-0.27351739354838767,0.49091547722887235
5-14C,8.0,243.0625,-0.4708708319959106,0.37466374665514357
5-14C,8.0,245.0444,-0.15825338017002688,0.564257736398952
5-14C,8.0,246.0198,0.2722517637924017,0.37476435798290514
5-14C,8.0,246.064,0.3795459115974693,0.3099576463403822
5-14C,8.0,251.0816,-0.4820060370291053,0.4499153430707014
5-14C,8.0,253.0119,4.670792375943483,0.12057103832076865
5-14C,8.0,253.0499,1.096574896549191,1.2851795460304416
5-14C,8.0,257.0072,-0.37237350512295053,0.277924238364948
5-14C,8.0,257.1028,-0.022617651669083364,0.3751079736106105
5-14C,8.0,259.005,-0.33822649863543397,0.5395240809577295
5-14C,8.0,259.0227,-0.25338278130405567,0.07956460939557283
5-14C,8.0,261.0385,-0.027693724037997816,0.41862953974450373
5-14C,8.0,266.0703,1.694839939110801,0.31751087460282246
5-14C,8.0,267.0724,-0.3924746290183756,0.07152024218595529
5-14C,8.0,268.02,0.1607772210850991,0.24982579735873192
5-14C,8.0,269.0398,-0.5447693877508939,0.07983292258547678
5-14C,8.0,271.0612,-0.5989852410641008,0.49006742259118413
5-14C,8.0,271.0815,-0.3981846202340483,0.7863235542994965
5-14C,8.0,273.0021,0.07360945102661225,0.19484499548810977
5-14C,8.0,274.0933,0.9738295719697272,0.12528456864009535
5-14C,8.0,275.0184,2.6800863797677863,0.9208986245367189
5-14C,8.0,275.0991,1.3959974896376872,0.4145116118270443
5-14C,8.0,277.1207,-0.2920981457842994,0.014862884142300838
5-14C,8.0,277.2169,-0.2525278075673652,0.2360273705528473
5-14C,8.0,279.2331,-0.2880919692569005,0.03049467992179392
5-14C,8.0,282.0839,-0.9671376561717175,0.1421087975428829
5-14C,8.0,283.2063,-0.5266227768802718,0.0617678685392893
5-14C,8.0,285.0972,-0.39811750797831513,0.1040880727122951
5-14C,8.0,287.0157,0.11852150256137754,0.28169057826182514
5-14C,8.0,288.0725,5.602561170154999,0.07701859404163663
5-14C,8.0,289.0333,0.29922006977605015,0.681253434888255
5-14C,8.0,289.1044,0.6004527419421717,0.19284416814971603
5-14C,8.0,290.9677,5.442724430506793,0.15710171664208264
5-14C,8.0,294.0479,-0.1359971062762233,0.2216964541938174
5-14C,8.0,300.0509,-0.611832351584221,1.1192335241310685
5-14C,8.0,301.0333,-0.13040674664672508,0.7105889570923531
5-14C,8.0,303.2326,-0.408051804972575,0.19043009964765123
5-14C,8.0,305.0207,-0.3531776792973205,0.09393709527860275
5-14C,8.0,306.0481,-0.4942903842745098,0.21613794383899362
5-14C,8.0,306.0765,-0.1802962844602995,0.03509825564163358
5-14C,8.0,308.0986,-0.35875869996150156,0.00844057038694317
5-14C,8.0,313.0441,0.5564885508422808,0.4551133926202474
5-14C,8.0,313.1037,0.7630257958557052,0.46884737570076346
5-14C,8.0,317.026,-0.17736229928691136,0.43010323442167353
5-14C,8.0,323.0256,-0.6699845206306911,0.5801948775722778
5-14C,8.0,325.1163,-0.030100743428062897,0.24644938813513947
5-14C,8.0,328.0457,0.5598210916246452,0.08017628749902883
5-14C,8.0,333.0589,1.130483951290521,0.1432924269618881
5-14C,8.0,338.9884,-0.3670108814727262,0.18433954580344883
5-14C,8.0,339.0928,1.1907913287845764,0.5877615652551815
5-14C,8.0,341.1089,0.4017335690295394,0.14902225033559352
5-14C,8.0,344.0393,-0.5705848292270952,0.18361824401840107
5-14C,8.0,346.0556,-0.6775453300807608,0.08998777463502841
5-14C,8.0,348.087,-0.0444511685656237,0.12845903776331075
5-14C,8.0,353.0489,0.5861139115667083,0.2940660986480218
5-14C,8.0,357.089,-0.04195964948957742,0.2788144249732532
5-14C,8.0,375.131,1.1408790231054968,0.8352042771603564
5-14C,8.0,377.1496,-0.49830058982916414,0.10135358541620014
5-14C,8.0,383.1188,0.0881645715673872,0.22245518342253232
5-14C,8.0,388.9416,5.438553682564098,0.27244301502173984
5-14C,8.0,388.9442,5.306458135856921,0.1649491787955652
5-14C,8.0,401.0756,-0.3944111336616008,0.09805931276230509
5-14C,8.0,407.2795,-0.7481718644952597,0.18987006876633197
5-14C,8.0,421.0743,-0.5768329721000218,0.4535251742556656
5-14C,8.0,426.0222,-0.21935064830799378,0.4827580082668856
5-14C,8.0,442.9997,-0.17434732585903417,0.16478155044898762
5-14C,8.0,466.9657,-0.39718102984858195,0.15307054700610367
5-14C,8.0,490.9787,0.34251907641518636,1.4065402622386762
5-14C,8.0,503.1614,-0.052245110645957674,0.2792324414307678
5-14C,8.0,547.0731,1.982072558434084,0.13063313785785233
5-14C,8.0,565.0471,1.6062854540384064,0.30335438548442295
5-14C,8.0,578.8872,-0.1835805352398155,0.10044249105721466
5-14C,8.0,579.0269,-0.23919398645509654,0.11843691322202664
5-14C,8.0,612.2549,0.31622064515624526,0.5445838325421809
5-14C,8.0,624.2949,0.07022866355109955,0.27009529991605497
5-14C,8.0,659.307,-0.4940457966903041,0.13768370877806044
5-14C,8.0,664.0939,-0.5460106270738262,0.27021725530824975
5-14C,8.0,665.2144,-0.31059844698850003,0.3466173825076932
5-14C,8.0,668.1374,-0.36548979286478367,0.006181271101928212
5-14C,8.0,787.255,-0.3247180789564752,0.34520206380706003
5-14C,8.0,790.2568,0.03978784172945492,0.2247848828982158
5-14C,8.0,835.0407,0.21546482546332046,0.12351169330372634
5-14C,8.0,863.2971,-0.655460141075318,0.14590368239997906
5-14C,8.0,864.1473,-0.30800254968246776,0.3477886832358021
5-14C,8.0,974.2935,-0.5609462651814752,0.24862007527675983
5-14C,8.0,976.7162,-0.016784115693653796,0.23521570175072354
5-14C,9.0,57.0342,-0.48414088763740654,0.21683854605926123
5-14C,9.0,58.0295,3.5053687966255067,0.20850925679379598
5-14C,9.0,59.0135,-0.023381930251100667,0.01902633972545179
5-14C,9.0,71.0137,-0.05007589895274035,0.013784949170514064
5-14C,9.0,73.0293,0.629727159953379,0.012244716502420623
5-14C,9.0,74.0247,3.209408445541958,0.1347091290336108
5-14C,9.0,75.0087,1.3246399239847135,0.26892799582580396
5-14C,9.0,87.0088,-0.6261891903823189,0.018803473480613432
5-14C,9.0,87.0451,-0.5702928940604901,0.25191728593795104
5-14C,9.0,88.0403,0.6873718302850051,0.08767051380953485
5-14C,9.0,88.9883,-0.7432337789419192,0.4620993127845311
5-14C,9.0,89.0244,-0.42777043383224256,0.04781679981557922
5-14C,9.0,93.0338,0.02313763376135699,0.0022196066200224174
5-14C,9.0,94.9761,-1.0989872834689662,0.21930035069966766
5-14C,9.0,94.9806,1.045553380018109,0.17848766993649923
5-14C,9.0,95.0139,-0.34082544616814714,0.0994236262453553
5-14C,9.0,101.0242,-0.39210433751152274,0.09361727726185909
5-14C,9.0,102.056,1.7496182422721391,0.02816394127197531
5-14C,9.0,103.0402,-0.16114446396563017,0.12224244707782703
5-14C,9.0,103.0509,0.17533071258060653,0.3359916599951842
5-14C,9.0,104.0352,-0.06268568206322442,0.22015344360827588
5-14C,9.0,105.0193,-1.172599457378268,0.04928794186205399
5-14C,9.0,107.0503,-0.0025443539253161215,0.15478764068580378
5-14C,9.0,109.0295,2.782981359311105,0.19967945414579438
5-14C,9.0,111.02,0.7734685043732958,0.007206472078413181
5-14C,9.0,112.0516,0.40820749926545263,0.4775001170742151
5-14C,9.0,113.0244,-0.29256138776822077,0.02074887435651367
5-14C,9.0,113.0357,2.17700004392241,0.05895902377710227
5-14C,9.0,114.056,1.958742087844552,0.06755926545328163
5-14C,9.0,115.0037,0.9917103190047537,0.14287691763635016
5-14C,9.0,115.0402,-0.5799917015367797,0.7428635544642782
5-14C,9.0,115.0764,0.9898336458241758,0.8391981328930312
5-14C,9.0,116.0354,3.6696265712415936,0.12868712352822703
5-14C,9.0,116.0717,-0.3486083786629154,0.025685022530554356
5-14C,9.0,117.0194,0.49969151014328017,0.024522834428282007
5-14C,9.0,118.0508,1.0408792820667088,0.2851683891812812
5-14C,9.0,118.9804,-0.20650936322099395,0.009591585538546749
5-14C,9.0,119.0503,-0.09367914876510838,0.05439033100905808
5-14C,9.0,120.9273,-0.4846591582090701,0.021235676550156096
5-14C,9.0,121.0295,-0.4083187840975998,0.1213337073895394
5-14C,9.0,121.0409,-0.700388194681469,0.14266757286425408
5-14C,9.0,122.0248,-0.6135560102045896,0.20160289140053547
5-14C,9.0,124.0075,-0.46352026338919833,0.42537319731583917
5-14C,9.0,124.0144,-0.4452348543357525,0.020834092822264574
5-14C,9.0,125.0439,-0.6533164536481357,0.12354546965557939
5-14C,9.0,127.0764,0.07158904209854944,0.6207065438539748
5-14C,9.0,128.0354,-0.0471906030926365,0.007143066674201758
5-14C,9.0,129.0193,1.2660430396511377,0.04295362607040192
5-14C,9.0,129.0556,-0.7296773912344607,0.2256415429201685
5-14C,9.0,130.0142,1.686299455324376,0.2880886854685233
5-14C,9.0,130.0509,2.895298585774504,0.19612632372510702
5-14C,9.0,130.0874,-0.2561916806704322,0.05225331718982503
5-14C,9.0,131.0008,-0.6756060899811444,0.009821117506197448
5-14C,9.0,131.0123,-0.33897390633616953,0.07319936417878761
5-14C,9.0,131.035,-0.8419208754460416,0.047175705198728414
5-14C,9.0,131.0462,-0.8740983139548975,0.015877744637550793
5-14C,9.0,131.0828,-0.6060375735648342,0.010937432272455647
5-14C,9.0,132.0302,2.6739239714319485,0.06292718483838164
5-14C,9.0,133.0142,-0.05698636294207648,0.09593417817170209
5-14C,9.0,133.0257,-0.026647187207758563,0.24839381880408887
5-14C,9.0,133.0505,1.4440674624783536,0.035868658086699104
5-14C,9.0,134.0472,0.2902693936394715,0.2841712518673626
5-14C,9.0,134.0604,0.5452711640153648,0.09304333529442692
5-14C,9.0,135.0302,-0.1783863694234368,0.026099661468510733
5-14C,9.0,135.0453,0.46618404763061194,0.04370126931428936
5-14C,9.0,136.0404,-0.5014750575928397,0.10428434059267286
5-14C,9.0,136.0487,0.22757300409936965,0.10896265484171078
5-14C,9.0,136.0767,-0.07846367273647896,0.061679178533383186
5-14C,9.0,137.0239,-0.04750842775782077,0.06094242739207251
5-14C,9.0,138.9789,0.23600421036068644,0.028213698785589512
5-14C,9.0,139.0014,1.2103625922101724,0.001962102177974351
5-14C,9.0,139.0067,-0.6499749173921783,0.04308628763859143
5-14C,9.0,139.976,0.05236998922101443,0.0842624407804967
5-14C,9.0,143.0713,-0.956785382764441,0.039050092260077725
5-14C,9.0,143.1077,1.1227771800661805,0.0879019349113118
5-14C,9.0,145.0141,-0.44451850880004284,0.18491912620965226
5-14C,9.0,145.0506,-0.40471307427902636,0.24711777737301122
5-14C,9.0,145.0623,-0.2460297409155794,0.133157090079316
5-14C,9.0,145.0982,-0.7449316476179002,0.12390548757829824
5-14C,9.0,145.1106,-0.11727493295254206,0.37651230891243065
5-14C,9.0,146.0459,2.3921827432228566,0.1302177345870803
5-14C,9.0,147.0298,0.1617055012567688,0.014765452159459796
5-14C,9.0,147.0662,1.7478210138892214,0.03063979454693054
5-14C,9.0,149.0092,-0.4912729655843615,0.17446353932796355
5-14C,9.0,149.0456,1.3560180462876488,0.12519634026856286
5-14C,9.0,149.0608,0.09738026885073117,0.281244119326744
5-14C,9.0,150.0422,-0.8553178483110059,0.18585137928391868
5-14C,9.0,150.9707,-0.38847405647175465,0.24999977751738103
5-14C,9.0,151.0259,-0.6521221437681322,0.05046659145225911
5-14C,9.0,151.04,-0.8605232805525623,0.005380178058963509
5-14C,9.0,151.06,-0.6382047265078884,0.2716702249438869
5-14C,9.0,152.0353,0.43264884243562207,0.12403613710570954
5-14C,9.0,152.0716,-0.7998376911653944,0.119772397820454
5-14C,9.0,153.0192,1.4997557396279655,0.12155619115774464
5-14C,9.0,154.062,-0.628553591664877,0.050413585011348405
5-14C,9.0,154.9751,0.4624733265825134,0.01589886868753242
5-14C,9.0,155.0099,0.750959595185235,0.013149439969368824
5-14C,9.0,157.0128,-0.2000667621832466,0.01697864766825185
5-14C,9.0,157.0255,2.017076779475239,0.08973815879090738
5-14C,9.0,157.0379,1.979789969528114,0.1240915756501465
5-14C,9.0,157.0504,1.3530513889012268,0.038293990026127094
5-14C,9.0,159.0297,-0.4828256275014029,0.12557367835435373
5-14C,9.0,159.0775,1.1183602338547902,0.06841072260591671
5-14C,9.0,160.0616,1.3333004525546777,0.21895138360081393
5-14C,9.0,161.0453,-1.0611904927275757,0.06738937463499771
5-14C,9.0,162.0424,1.34009673108262,0.16542884418767925
5-14C,9.0,163.0351,-0.7569283889907747,0.08858248626513876
5-14C,9.0,163.0398,2.7330364056206795,0.14911535992333888
5-14C,9.0,163.0611,1.0533124378777294,1.8772974145093742
5-14C,9.0,164.0716,-0.5914287124994687,0.040890501892913655
5-14C,9.0,165.03,0.22885729689063752,0.9906239761297763
5-14C,9.0,165.0405,-0.6001544666761106,0.2844011079777415
5-14C,9.0,165.0556,2.0095462254538057,0.27445453498185707
5-14C,9.0,166.0508,0.8582588862749745,0.014297118103229131
5-14C,9.0,166.0632,1.6507900931905908,0.053241996094591404
5-14C,9.0,166.9759,0.07283106294571368,0.3667060570913224
5-14C,9.0,167.0207,-0.39023391232572713,0.04647134680597527
5-14C,9.0,167.0358,-0.2200046043543358,0.3320753996981499
5-14C,9.0,167.0828,-0.9249824541253847,1.0236618974741298
5-14C,9.0,168.0277,2.699585487475482,0.034857281382183296
5-14C,9.0,168.0664,-1.629435492491234,0.42895269477772874
5-14C,9.0,170.0455,0.16680834203668993,0.0035557602478650907
5-14C,9.0,171.0065,0.0961383413443788,0.1737410585772608
5-14C,9.0,171.0092,-0.09450908980311225,0.15089159596660265
5-14C,9.0,171.0284,1.3532043365834094,0.111358297619345
5-14C,9.0,172.0616,2.465225380294255,0.4155736428965349
5-14C,9.0,172.962,0.029547942166268642,0.06570543328797843
5-14C,9.0,173.0089,0.1271737512876082,0.0943624906539023
5-14C,9.0,173.0453,4.056168758339222,0.05115436075888794
5-14C,9.0,173.0932,-0.0652778634316131,0.16536382535201014
5-14C,9.0,173.1041,1.5255457444468115,0.46098406584291984
5-14C,9.0,174.0407,3.1070896085825357,0.02463012156533453
5-14C,9.0,174.088,2.104807146671937,0.15369971583122688
5-14C,9.0,175.022,-0.029296036639152707,0.1353988840506869
5-14C,9.0,175.0361,2.548727953941878,0.08440408588748637
5-14C,9.0,175.0611,1.2764333476297889,0.028750375851247425
5-14C,9.0,176.0776,1.2967774265261736,0.32484330420031615
5-14C,9.0,177.0402,0.4384519359282016,0.0960733318102337
5-14C,9.0,177.0553,-0.26583996500778984,0.42755069959763997
5-14C,9.0,178.0509,0.8097366577482212,0.038488050010222825
5-14C,9.0,179.0348,1.5576203068184644,0.06194476012775025
5-14C,9.0,179.0561,-0.15483604100519394,0.07244765579049318
5-14C,9.0,180.0663,-0.16965326973945802,0.0098354404586999
5-14C,9.0,181.0505,2.017771709264946,0.0780221005812614
5-14C,9.0,182.9725,-0.5536147375051439,0.3291582844373045
5-14C,9.0,183.0661,-0.6733047016355332,0.48628979850160287
5-14C,9.0,184.0017,3.243609631112329,0.15826116311380267
5-14C,9.0,184.9856,-0.5157838229454668,0.03555395652979568
5-14C,9.0,186.1136,-0.5599244131357108,0.11246526284149025
5-14C,9.0,187.0234,-0.21692059512141784,0.022909611457477982
5-14C,9.0,188.035,2.414928951791059,1.2697652871981362
5-14C,9.0,188.0565,4.641814632726367,0.02072622210364864
5-14C,9.0,189.0405,0.41730491596703423,0.06630886256801656
5-14C,9.0,191.0197,-0.1903749494477553,0.3525800971209605
5-14C,9.0,191.0561,1.6079005069524972,0.11938893542617039
5-14C,9.0,192.0663,-0.1688821998458791,0.04541056631680039
5-14C,9.0,193.0349,-0.3996995783122076,0.05531758163890669
5-14C,9.0,194.0682,0.5539366513314217,0.33878905685633764
5-14C,9.0,194.0822,-0.0973175851695445,0.24663408589690602
5-14C,9.0,195.0509,0.3116822975585456,0.02049743885105422
5-14C,9.0,195.0657,0.017893169949396354,0.470906627613228
5-14C,9.0,196.0603,1.8421980102923303,0.09085352727529358
5-14C,9.0,198.0182,1.0315807578711222,0.03573738913474728
5-14C,9.0,199.0019,-0.6314806885747064,0.23189509154316973
5-14C,9.0,200.9937,-0.14254980090035463,0.32886677867482833
5-14C,9.0,201.0051,-0.0499554373264353,0.35998884691265526
5-14C,9.0,203.0348,-0.9415470690561789,0.09657605443973531
5-14C,9.0,203.0826,-0.08755015130578003,0.00573903722079193
5-14C,9.0,204.0498,0.5616312448060914,0.1715654079602604
5-14C,9.0,205.0351,-0.3937134179335881,0.20836243945876787
5-14C,9.0,206.0822,-0.33560835184756743,0.9124986566577509
5-14C,9.0,209.0292,-0.5746436416918179,0.17977643106890362
5-14C,9.0,209.0814,-1.2625583629980663,0.34474587184382854
5-14C,9.0,211.0235,-0.062480547606572706,0.4703765820814299
5-14C,9.0,211.9968,2.509530560743946,0.16743792483222433
5-14C,9.0,212.0331,0.17268809462880133,0.4104912963981238
5-14C,9.0,212.9807,-0.2930009210922094,0.10009418420123546
5-14C,9.0,213.014,-0.47503269928663583,0.11567403284955917
5-14C,9.0,213.0384,-0.5875485958762219,0.048483499655251026
5-14C,9.0,213.1252,-0.6379106643798769,0.17074483130918722
5-14C,9.0,214.0488,-1.644476756379775,0.783532318090292
5-14C,9.0,215.0331,-0.0638895910847591,0.04289735274623923
5-14C,9.0,216.1351,4.253797478537546,0.10298060093831685
5-14C,9.0,218.0335,-0.1661963623816763,0.04195002924024121
5-14C,9.0,218.1034,2.534802555228721,0.007829646485376384
5-14C,9.0,220.0828,-0.7369069531640233,0.06384339645016542
5-14C,9.0,221.0443,-0.18221182156663132,0.03368489820494369
5-14C,9.0,221.0664,0.18793022291319933,0.046617173803650956
5-14C,9.0,225.0399,0.3710276283341427,0.28324455879043176
5-14C,9.0,225.0861,-0.19175351931455278,0.8118071046728883
5-14C,9.0,225.0901,-0.8924404740767243,0.12051924668323924
5-14C,9.0,226.0135,0.3148734456196764,0.025106682255082998
5-14C,9.0,226.0697,0.7466123871285462,0.47635826163149886
5-14C,9.0,228.0501,0.52580795683546,0.14666924225203293
5-14C,9.0,229.0122,0.5781275198660711,0.568643101391845
5-14C,9.0,237.0614,1.6371093117904145,0.5776358864234536
5-14C,9.0,238.0945,-0.7798665341376358,0.1836710977127305
5-14C,9.0,240.0515,1.0896402476981435,0.03276259908379792
5-14C,9.0,241.0844,1.0375139771485187,0.3184133670859624
5-14C,9.0,242.0804,-0.8989811505560168,0.09686754106026065
5-14C,9.0,243.029,0.11962949257306069,0.05736442506865189
5-14C,9.0,243.0625,-0.007971006482880159,0.039657687073736625
5-14C,9.0,245.0444,0.4409400833897994,0.548309573480457
5-14C,9.0,246.0198,1.2721311743074128,0.09333766128163415
5-14C,9.0,246.064,-0.09691755107359261,0.40058266189694397
5-14C,9.0,251.0816,-0.725047124533599,0.08014438511968215
5-14C,9.0,253.0119,6.395403938155305,0.16981655800003803
5-14C,9.0,253.0499,1.8770899557576353,0.18257192957327267
5-14C,9.0,257.0072,0.36006471840543375,0.3733894632294906
5-14C,9.0,257.1028,-0.2066465886143648,0.3756036293677814
5-14C,9.0,259.005,-0.5553067975844421,0.6451405205821091
5-14C,9.0,259.0227,-0.4787738769115586,0.1854739667814817
5-14C,9.0,261.0385,-0.7616362411432057,0.004616109530365728
5-14C,9.0,266.0703,2.1782064430528845,0.5579655445105307
5-14C,9.0,267.0724,-0.5774697370018104,0.03886867425908001
5-14C,9.0,268.02,0.09171399933907406,0.29132646654849603
5-14C,9.0,269.0398,-0.15722192281758546,0.03562486726317976
5-14C,9.0,271.0612,0.09360741892157232,0.33408413216960503
5-14C,9.0,271.0815,-1.285865575252741,0.07336580526512744
5-14C,9.0,273.0021,0.39391366195060556,0.009327221898836403
5-14C,9.0,274.0933,1.6784123547216467,0.2436901823440977
5-14C,9.0,275.0184,2.9746242215421983,1.1028376772429902
5-14C,9.0,275.0991,0.9126448870161632,0.0754182734843794
5-14C,9.0,277.1207,-0.6951276752941677,0.009953712886368558
5-14C,9.0,277.2169,-0.7127252855736205,0.022164501045187707
5-14C,9.0,279.2331,-0.3201884083830571,0.03009072023610945
5-14C,9.0,282.0839,-0.8292918773910181,0.015078492696937276
5-14C,9.0,283.2063,-0.8368458585366603,0.23569854417760236
5-14C,9.0,285.0972,-1.427623521750716,0.398266509731668
5-14C,9.0,287.0157,0.23458311310522156,0.24197354875651014
5-14C,9.0,288.0725,6.82979004533236,0.13625296791934866
5-14C,9.0,289.0333,-0.4806865500246351,0.551477259553343
5-14C,9.0,289.1044,0.5450788013304347,0.3207242135996712
5-14C,9.0,290.9677,6.401084156757431,0.313528046706114
5-14C,9.0,294.0479,1.120532823999393,0.40386401566443086
5-14C,9.0,300.0509,-0.08567337215259867,0.15901339957472263
5-14C,9.0,301.0333,0.6041829175598198,0.2534311711585657
5-14C,9.0,303.2326,-0.7046378965060174,0.18797413662213253
5-14C,9.0,305.0207,-0.21978395196180298,0.20056660515396613
5-14C,9.0,306.0481,-0.38982332226413524,0.04103853775453968
5-14C,9.0,306.0765,1.2698212795233061,0.04313872489812277
5-14C,9.0,308.0986,-0.36843627781107247,0.027771503412071255
5-14C,9.0,313.0441,0.8637122256025984,0.6537501111404753
5-14C,9.0,313.1037,0.9179326562426917,0.1963107197092197
5-14C,9.0,317.026,-0.26911951244073135,0.4410105397820811
5-14C,9.0,323.0256,-0.1940297557879082,0.5646648700621943
5-14C,9.0,325.1163,0.24264233230207397,0.32733462825461723
5-14C,9.0,328.0457,0.8487795670268046,0.18871539956094638
5-14C,9.0,333.0589,1.3242537576302134,0.12892091015833768
5-14C,9.0,338.9884,0.544552145722979,1.039498232540454
5-14C,9.0,339.0928,-0.07514262614766828,0.4019546250768704
5-14C,9.0,341.1089,-0.0641173096643301,0.00017740219837330054
5-14C,9.0,344.0393,0.06941356341042357,0.18024197628280755
5-14C,9.0,346.0556,0.2457342075792302,0.19380687119508222
5-14C,9.0,348.087,0.3436212309159489,0.4788754837611035
5-14C,9.0,353.0489,0.03781932068364029,0.15761997454814966
5-14C,9.0,357.089,0.16287579747614864,0.24167677602535975
5-14C,9.0,375.131,1.1338004964819806,0.3115783174745461
5-14C,9.0,377.1496,-0.11684293280476517,0.2692824918643775
5-14C,9.0,383.1188,0.03413979446504378,0.8868810613747422
5-14C,9.0,388.9416,5.938576373489568,1.129311331300247
5-14C,9.0,388.9442,5.7400599021669185,1.1250896066972556
5-14C,9.0,401.0756,-0.5402366744982924,0.04235668657606096
5-14C,9.0,407.2795,-0.7051326159994296,0.3385347270409042
5-14C,9.0,421.0743,-0.4644338364809856,0.05743802038346654
5-14C,9.0,426.0222,1.0698965554611286,0.024288688465655642
5-14C,9.0,442.9997,-0.15197206265011118,0.0016227384970116095
5-14C,9.0,466.9657,-0.29041430708239435,0.02807901827839211
5-14C,9.0,490.9787,-0.5640765399524384,0.86258272546358
5-14C,9.0,503.1614,-0.04768091839485554,0.17427804973524413
5-14C,9.0,547.0731,2.212572649221129,0.042601591195301144
5-14C,9.0,565.0471,1.426345290390921,0.007211808659600513
5-14C,9.0,578.8872,-0.28513107154444245,0.05018112951207073
5-14C,9.0,579.0269,-0.6261438199410798,0.011450548518918401
5-14C,9.0,612.2549,0.042922276994021374,0.5912499143566693
5-14C,9.0,624.2949,0.4755786157805023,0.11889658665631868
5-14C,9.0,659.307,0.24574871526327538,0.19668819453606773
5-14C,9.0,664.0939,-0.307947496676665,0.13779406939974687
5-14C,9.0,665.2144,-0.40927747074816445,0.17506083614912862
5-14C,9.0,668.1374,0.41004635097892866,0.025546228600518566
5-14C,9.0,787.255,0.73515043637765,0.5730233143416554
5-14C,9.0,790.2568,0.3246057439732926,0.054801814987740095
5-14C,9.0,835.0407,0.6240554955731357,0.2746829624032531
5-14C,9.0,863.2971,-0.4946624562311903,0.1539219424294125
5-14C,9.0,864.1473,-0.36555779427327595,0.14076617529935492
5-14C,9.0,974.2935,0.4610904643069784,0.4639605675296288
5-14C,9.0,976.7162,-0.0670697987453076,0.09425653156860517
5-14C,10.0,57.0342,-1.7117282556838145,0.21583292754297273
5-14C,10.0,58.0295,1.5085808283204531,0.36977412393489406
5-14C,10.0,59.0135,-1.446145393509716,0.1085063608088112
5-14C,10.0,71.0137,-1.436711449207316,0.009496215999836558
5-14C,10.0,73.0293,1.2115504295575494,0.26996838911580673
5-14C,10.0,74.0247,2.5220775210252975,1.2057548768690614
5-14C,10.0,75.0087,-0.12600448422405705,0.3832328739283765
5-14C,10.0,87.0088,0.9666792298564648,0.1552793157744329
5-14C,10.0,87.0451,-1.4323865928135158,0.3576233237404538
5-14C,10.0,88.0403,1.4710356107892626,0.18805254454917847
5-14C,10.0,88.9883,0.6037503058114055,0.5544832932884587
5-14C,10.0,89.0244,-0.5572186063307454,0.17727618041593696
5-14C,10.0,93.0338,0.03964353044836963,0.026215608597189927
5-14C,10.0,94.9761,-1.4054469368030162,0.517749983813464
5-14C,10.0,94.9806,1.0233394550654238,0.3843225573348207
5-14C,10.0,95.0139,-1.4604305354591114,0.07521955359069729
5-14C,10.0,101.0242,-1.8256222241369597,0.08105592650382151
5-14C,10.0,102.056,2.9519317592411927,0.3271778527992924
5-14C,10.0,103.0402,0.641298813120855,0.1343797958037913
5-14C,10.0,103.0509,0.7753775112643214,0.2941221259127651
5-14C,10.0,104.0352,0.6310853912150153,0.5308858777940274
5-14C,10.0,105.0193,-0.7865629794184276,0.5176576823748735
5-14C,10.0,107.0503,-0.26588212287685453,0.6982215565536564
5-14C,10.0,109.0295,5.6860382076443905,0.26131312722878924
5-14C,10.0,111.02,0.7737235023792033,0.16703411069402344
5-14C,10.0,112.0516,0.3582256163437968,0.6825088364678827
5-14C,10.0,113.0244,-1.4375028428194494,0.00941059130413782
5-14C,10.0,113.0357,0.927914576571646,0.22449178526856128
5-14C,10.0,114.056,1.7184429982339156,0.07652857346215311
5-14C,10.0,115.0037,0.8746624119093531,0.08515070144263619
5-14C,10.0,115.0402,-0.7904650277435945,0.7122427947450491
5-14C,10.0,115.0764,0.1454829306255714,0.7108748187668571
5-14C,10.0,116.0354,2.5581596239774367,0.300296635752786
5-14C,10.0,116.0717,0.8634759367756829,0.06990642779221336
5-14C,10.0,117.0194,1.322422528688226,0.2210541504728188
5-14C,10.0,118.0508,1.351724354356608,0.39405156379588424
5-14C,10.0,118.9804,-1.420848123083078,0.01017371246606221
5-14C,10.0,119.0503,-0.29413115042279736,0.19193679155944685
5-14C,10.0,120.9273,-0.305915782293418,0.09990715390015087
5-14C,10.0,121.0295,-0.4610847188694528,0.5032456989591693
5-14C,10.0,121.0409,-1.581852135774041,0.6408065992233595
5-14C,10.0,122.0248,-1.0881738491506647,0.4180446711399544
5-14C,10.0,124.0075,-0.7600046925062739,0.13368609575313165
5-14C,10.0,124.0144,-1.5289848278713556,0.1259930514852759
5-14C,10.0,125.0439,-1.263930045986875,0.28507139995349784
5-14C,10.0,127.0764,-0.9934317256034801,0.6761620606041586
5-14C,10.0,128.0354,0.13274432297774913,0.03552293090852
5-14C,10.0,129.0193,3.2323001884075415,0.313490955387228
5-14C,10.0,129.0556,0.07942511064787648,1.0167154990736036
5-14C,10.0,130.0142,4.052881965906017,0.36737156802625065
5-14C,10.0,130.0509,1.8251899500295317,0.32047015497597586
5-14C,10.0,130.0874,1.017327412208049,0.17167739929908443
5-14C,10.0,131.0008,-0.09689119102596544,0.09391777933884604
5-14C,10.0,131.0123,0.6075843705171469,0.13952772593191928
5-14C,10.0,131.035,-1.6313997203736288,0.05251370671689021
5-14C,10.0,131.0462,-1.6240793422860182,0.12059339555706623
5-14C,10.0,131.0828,-0.11214697907573831,0.2558349323946337
5-14C,10.0,132.0302,1.7767667679883332,0.300641674496984
5-14C,10.0,133.0142,0.028609353435894453,0.05936513500913448
5-14C,10.0,133.0257,0.15995441150284717,0.07908369046289533
5-14C,10.0,133.0505,1.2355975402011112,0.2384947431546171
5-14C,10.0,134.0472,0.9970267166102178,0.20078701067180557
5-14C,10.0,134.0604,0.9874232282640413,0.27958092113180827
5-14C,10.0,135.0302,2.8011785361598376,0.13458116029015713
5-14C,10.0,135.0453,0.7435715740003427,0.3799032994808661
5-14C,10.0,136.0404,-0.10012766123566158,0.05534270749318147
5-14C,10.0,136.0487,1.1224911168935592,0.5596007937087248
5-14C,10.0,136.0767,-0.30676589719924885,0.7096610620845798
5-14C,10.0,137.0239,0.036701301398193956,0.129316975374309
5-14C,10.0,138.9789,-0.4102274364797893,0.30498678984095007
5-14C,10.0,139.0014,2.071734662311229,0.28226205148817013
5-14C,10.0,139.0067,-0.5340800345243022,0.16178170126093344
5-14C,10.0,139.976,0.2635710894263655,0.9666244511132202
5-14C,10.0,143.0713,-0.7990589500184699,0.5472672668496613
5-14C,10.0,143.1077,0.9792012097042735,0.12445598766833861
5-14C,10.0,145.0141,0.03372187844540318,0.07407238451291193
5-14C,10.0,145.0506,1.0070353208482516,0.3650313187659671
5-14C,10.0,145.0623,0.21223722341618712,0.17035508856260706
5-14C,10.0,145.0982,-0.42384105805247296,0.17800048638611607
5-14C,10.0,145.1106,-0.05003016009286674,0.1888238617957761
5-14C,10.0,146.0459,3.58746501840107,0.5294801371368835
5-14C,10.0,147.0298,1.0043426385864462,0.1753542269300707
5-14C,10.0,147.0662,0.4618620387756204,0.12137245327497154
5-14C,10.0,149.0092,-1.275774425606098,0.7556707204413599
5-14C,10.0,149.0456,-0.8698235528544476,0.19617566885899376
5-14C,10.0,149.0608,-0.4065014024934167,0.562115219697739
5-14C,10.0,150.0422,0.20530841125506513,0.2222134420234402
5-14C,10.0,150.9707,0.392977368420181,0.5685611906101835
5-14C,10.0,151.0259,0.9045952397329146,0.07596478883206677
5-14C,10.0,151.04,0.1357003650755471,0.4175367322184636
5-14C,10.0,151.06,0.9665845392139651,0.4830261501635008
5-14C,10.0,152.0353,0.6716886516348741,0.5933142138478021
5-14C,10.0,152.0716,-1.1417712413472305,0.19833593913236255
5-14C,10.0,153.0192,4.85444651870045,0.5249925588252436
5-14C,10.0,154.062,-0.28153828409174253,0.18933758572585918
5-14C,10.0,154.9751,1.3692829215674864,0.21374960809369467
5-14C,10.0,155.0099,0.5685436000802235,0.1496665085068555
5-14C,10.0,157.0128,0.6927776573656255,0.20243683493606693
5-14C,10.0,157.0255,1.315823637837343,0.24410695123129603
5-14C,10.0,157.0379,1.1707282985421341,0.25796476221946996
5-14C,10.0,157.0504,1.3375301582068033,0.20498369083750656
5-14C,10.0,159.0297,-1.571278919817611,0.1205640157923741
5-14C,10.0,159.0775,1.5543373971724568,0.1528931718157619
5-14C,10.0,160.0616,0.793300054625727,0.1971450255424842
5-14C,10.0,161.0453,-1.9954481354404972,0.08901981579558634
5-14C,10.0,162.0424,1.437326417202447,0.2543321343493391
5-14C,10.0,163.0351,-1.061477354513178,0.0844642790335944
5-14C,10.0,163.0398,0.7430392470821703,0.04388627893272081
5-14C,10.0,163.0611,-0.7551499265538562,0.7206636769040057
5-14C,10.0,164.0716,3.775046536440182,0.34070613839726105
5-14C,10.0,165.03,-0.7565743555895197,0.4286243804210046
5-14C,10.0,165.0405,-0.7871440010179618,0.5076055500413804
5-14C,10.0,165.0556,1.8222773169249042,0.22864146583839867
5-14C,10.0,166.0508,0.9961169203052235,0.19309313112655496
5-14C,10.0,166.0632,0.9123802953654683,0.6521931244798381
5-14C,10.0,166.9759,1.0145007175420515,0.5962645202320845
5-14C,10.0,167.0207,-0.43848433912390083,0.23708276274094767
5-14C,10.0,167.0358,-0.5022261247767783,0.40219963167334744
5-14C,10.0,167.0828,-0.8558396940684299,0.6453694025963951
5-14C,10.0,168.0277,3.8524381253764943,0.3154314622970953
5-14C,10.0,168.0664,-0.5397970191557482,0.6033064974116604
5-14C,10.0,170.0455,1.0526355086282115,0.0386885063419139
5-14C,10.0,171.0065,0.6984436953612754,0.07230381975544517
5-14C,10.0,171.0092,0.5731410098121238,0.31835806417832496
5-14C,10.0,171.0284,1.1418107645087985,0.1806982192565665
5-14C,10.0,172.0616,0.9485547171998729,0.19741333253527618
5-14C,10.0,172.962,0.9248216992790391,0.13276859482019102
5-14C,10.0,173.0089,0.15463586607851298,0.2516066672814356
5-14C,10.0,173.0453,1.715491587797184,0.26722234981605486
5-14C,10.0,173.0932,1.7556671827764823,0.09406534585383433
5-14C,10.0,173.1041,-0.1912108817901677,0.13520965840280194
5-14C,10.0,174.0407,1.4244355330299752,0.1626852601701403
5-14C,10.0,174.088,0.817908926195444,0.3897589194369193
5-14C,10.0,175.022,2.2380213407343748,0.433456697219432
5-14C,10.0,175.0361,1.9427970474058207,0.3495640573262616
5-14C,10.0,175.0611,0.7956171144316087,0.11448338884714869
5-14C,10.0,176.0776,0.8758134916822857,0.28018397384524846
5-14C,10.0,177.0402,-0.6110050148717874,0.7318529964997396
5-14C,10.0,177.0553,-0.8832272065147398,0.6069148348812161
5-14C,10.0,178.0509,2.381513287282956,0.3617959647520216
5-14C,10.0,179.0348,-0.030011314841277392,0.2646466500892912
5-14C,10.0,179.0561,-1.430765989673203,0.001787689987222254
5-14C,10.0,180.0663,-1.092974256396111,0.021135920097099158
5-14C,10.0,181.0505,1.6731761176979782,0.20130763880219685
5-14C,10.0,182.9725,-1.3980226910875704,0.06370871293701538
5-14C,10.0,183.0661,-1.8680623258517466,0.3787537129581919
5-14C,10.0,184.0017,3.9657670807110623,0.15475910467388693
5-14C,10.0,184.9856,0.7293916091934194,0.3060616973508002
5-14C,10.0,186.1136,-0.6041989420381711,0.3435546477307209
5-14C,10.0,187.0234,0.5472508852439124,0.7449907348046431
5-14C,10.0,188.035,0.7488644840009998,0.65161491998592
5-14C,10.0,188.0565,2.3093559038515634,0.17079448684440218
5-14C,10.0,189.0405,0.036195827195369304,0.15571164704247142
5-14C,10.0,191.0197,-0.08055388145356088,0.3227796771084311
5-14C,10.0,191.0561,0.8692957163788824,0.16539909060484675
5-14C,10.0,192.0663,-0.6215456883296702,0.8163102054993422
5-14C,10.0,193.0349,-0.4723890989150713,0.730236772491383
5-14C,10.0,194.0682,0.1420933955773618,0.1324548412316059
5-14C,10.0,194.0822,-1.4207999172056738,0.540809198692358
5-14C,10.0,195.0509,-0.9219420285439577,0.06725004415247027
5-14C,10.0,195.0657,-0.20164657212064058,0.45924224747794573
5-14C,10.0,196.0603,1.3893122625836933,0.2507418555139686
5-14C,10.0,198.0182,1.5630962503918198,0.8624978362430047
5-14C,10.0,199.0019,-0.23931331894239533,0.6336816429747918
5-14C,10.0,200.9937,-0.6603906805166617,0.1495992721492814
5-14C,10.0,201.0051,0.1496727109496667,0.4853652410583624
5-14C,10.0,203.0348,-1.5883562236280473,0.153203963194215
5-14C,10.0,203.0826,0.046065830817804757,0.019417439114259256
5-14C,10.0,204.0498,-1.2999569461623601,0.25576491517584515
5-14C,10.0,205.0351,-0.565735858641514,0.1997519029998953
5-14C,10.0,206.0822,-0.4443740304240685,0.5381832120949988
5-14C,10.0,209.0292,0.1818988879864402,0.1452774374003458
5-14C,10.0,209.0814,-0.5067064237210146,0.3974695474016281
5-14C,10.0,211.0235,0.7439106804055189,0.2960794170797231
5-14C,10.0,211.9968,2.0030289712196616,0.28761449708535713
5-14C,10.0,212.0331,0.8416857859593063,0.6221071383595721
5-14C,10.0,212.9807,1.2333311579619242,0.3025151611573207
5-14C,10.0,213.014,0.2969546057639231,0.42787195208909623
5-14C,10.0,213.0384,-0.04312265444425764,0.3164268667039463
5-14C,10.0,213.1252,0.09186429640652294,0.7141632091986512
5-14C,10.0,214.0488,-0.027795560021964816,0.3326862113703611
5-14C,10.0,215.0331,-1.5534962864284094,0.006063665672290597
5-14C,10.0,216.1351,2.901366316566211,0.45524678508335414
5-14C,10.0,218.0335,-1.4983622680834563,0.006526354076435724
5-14C,10.0,218.1034,0.9386867808274667,0.19808670382897553
5-14C,10.0,220.0828,-1.4065444151951052,0.3577609227648107
5-14C,10.0,221.0443,-1.390977498607206,0.0713927793945363
5-14C,10.0,221.0664,-0.9112395214367297,0.4295290654494598
5-14C,10.0,225.0399,0.035217873093416965,0.550141205327872
5-14C,10.0,225.0861,0.44654867550477617,0.7156154564701341
5-14C,10.0,225.0901,0.09526090322812608,1.1751712927453937
5-14C,10.0,226.0135,1.3752453607288961,0.427724582029054
5-14C,10.0,226.0697,1.99424145230049,0.6474402497616087
5-14C,10.0,228.0501,0.42275353861583287,0.15164630720883646
5-14C,10.0,229.0122,0.2556897308122259,0.3838940572878698
5-14C,10.0,237.0614,1.360062626865326,0.3266828730679498
5-14C,10.0,238.0945,-0.6748333329065743,0.19739932947970412
5-14C,10.0,240.0515,0.9835766656924478,0.14765617874083953
5-14C,10.0,241.0844,0.28004812580972316,0.5859707824336838
5-14C,10.0,242.0804,-0.573326178827661,0.5950453381750826
5-14C,10.0,243.029,0.30944247330629965,0.39518483025522344
5-14C,10.0,243.0625,0.6439089936250223,0.2626202947725973
5-14C,10.0,245.0444,0.8928880943870955,0.3708314835186775
5-14C,10.0,246.0198,0.8187419773200577,0.19223741441239064
5-14C,10.0,246.064,-1.230971242017548,0.006398487849618249
5-14C,10.0,251.0816,-0.596515780180261,0.578827486273903
5-14C,10.0,253.0119,7.045426308659115,0.7604431918039273
5-14C,10.0,253.0499,0.3325263997713047,0.33927107856902583
5-14C,10.0,257.0072,2.0541212866394276,0.520510504790193
5-14C,10.0,257.1028,-1.2501603379744686,0.2258082847988877
5-14C,10.0,259.005,0.43728500413167504,0.31422973060275944
5-14C,10.0,259.0227,-1.1846589133384224,0.14778366448396862
5-14C,10.0,261.0385,-0.2319028761613129,0.5370781759320846
5-14C,10.0,266.0703,3.1149742949731136,0.58112721550831
5-14C,10.0,267.0724,-0.6240553314381633,0.049731750304335874
5-14C,10.0,268.02,1.843300192242571,1.0464277150187693
5-14C,10.0,269.0398,1.7101109457194053,0.5461999411193159
5-14C,10.0,271.0612,-0.34366253781356837,0.2596594000652703
5-14C,10.0,271.0815,-0.9954959122068539,0.34520941809840455
5-14C,10.0,273.0021,1.1010490103289112,0.5516652001343052
5-14C,10.0,274.0933,0.32408650218285584,0.26811957861909447
5-14C,10.0,275.0184,2.7796682215105637,1.1343898493287181
5-14C,10.0,275.0991,-0.14471923165740183,0.3776743176861923
5-14C,10.0,277.1207,-1.1037276540352148,0.012395764460302335
5-14C,10.0,277.2169,-0.9714740627953589,0.46494453969728894
5-14C,10.0,279.2331,-0.3212708721723343,0.024337133117713385
5-14C,10.0,282.0839,-1.0105476528043136,0.22443158280394207
5-14C,10.0,283.2063,-0.3106680795206609,0.11360086106709096
5-14C,10.0,285.0972,-0.2184530235803615,0.6915455836584111
5-14C,10.0,287.0157,-0.7794603398422817,0.11538066466057965
5-14C,10.0,288.0725,4.061034808993966,0.6520595131670296
5-14C,10.0,289.0333,0.037559949192362996,1.0824854572112164
5-14C,10.0,289.1044,0.6526523802258474,0.37083297233126455
5-14C,10.0,290.9677,6.636972269635002,0.5776976323264394
5-14C,10.0,294.0479,-0.5367540007050373,0.47454610606365777
5-14C,10.0,300.0509,0.10605031076358153,1.531792057169633
5-14C,10.0,301.0333,-0.16169614183074052,0.7388022138964464
5-14C,10.0,303.2326,-0.12085022857422054,0.3130135900170757
5-14C,10.0,305.0207,-1.3423659149336067,0.07066317088241676
5-14C,10.0,306.0481,-0.31263377088980293,0.3139325646079431
5-14C,10.0,306.0765,-0.2736902826947007,0.024683403337354737
5-14C,10.0,308.0986,-0.4210581073681143,0.02402141806448519
5-14C,10.0,313.0441,-0.02135037014383062,0.27879563308595423
5-14C,10.0,313.1037,1.0165097492162287,0.4540530058959546
5-14C,10.0,317.026,-0.11419610182594829,0.5941648117815321
5-14C,10.0,323.0256,-0.1842114354915443,0.8752415735234202
5-14C,10.0,325.1163,0.05107279101543022,0.7517973586976319
5-14C,10.0,328.0457,1.0241831288332084,0.10182182770367655
5-14C,10.0,333.0589,1.8275464493702902,0.5279938906795334
5-14C,10.0,338.9884,0.8282348105983264,0.7651317990185109
5-14C,10.0,339.0928,-0.9173548854207731,0.7218526983526891
5-14C,10.0,341.1089,-0.3524673374421709,0.3312972100078153
5-14C,10.0,344.0393,0.447919050558278,0.24220921519960817
5-14C,10.0,346.0556,0.5008950979870823,0.05398793707483862
5-14C,10.0,348.087,0.06762318318599182,0.3548914249168637
5-14C,10.0,353.0489,0.619026547308666,0.7050126455844943
5-14C,10.0,357.089,0.9921667356202453,0.45179065616769665
5-14C,10.0,375.131,2.8724635983831845,0.5696516866255135
5-14C,10.0,377.1496,-0.5776387048508778,0.14357805326047418
5-14C,10.0,383.1188,-0.4866590568015472,0.5613128479482029
5-14C,10.0,388.9416,6.021415953627965,1.1056261362992699
5-14C,10.0,388.9442,5.560200993938503,1.0473656876145065
5-14C,10.0,401.0756,-1.1512527827552868,0.05806628431384962
5-14C,10.0,407.2795,-0.9231981417116357,0.44203429404991973
5-14C,10.0,421.0743,-0.07339818819290975,0.48378500781809175
5-14C,10.0,426.0222,-0.06019846240754263,0.47830515706654864
5-14C,10.0,442.9997,-0.2627009292993968,0.18090077405691826
5-14C,10.0,466.9657,-1.240825449741405,0.07749083738994218
5-14C,10.0,490.9787,-0.029581522122160323,0.6022030198191816
5-14C,10.0,503.1614,-0.6255473460126557,0.4773779681775349
5-14C,10.0,547.0731,2.4000600442631277,0.4856509189285419
5-14C,10.0,565.0471,0.6031372542708473,0.4301613538780381
5-14C,10.0,578.8872,-1.2932868627025171,0.01707777683456984
5-14C,10.0,579.0269,-0.9547216590812456,0.05695273953433571
5-14C,10.0,612.2549,1.0447582214753748,0.5272519386021369
5-14C,10.0,624.2949,0.9800141118882036,0.6370242864126637
5-14C,10.0,659.307,-0.8850088486290297,0.04396938304846174
5-14C,10.0,664.0939,0.1661697925531243,0.15279634259280275
5-14C,10.0,665.2144,0.7001316721119688,0.4139364621834126
5-14C,10.0,668.1374,2.6443633593914333,0.2787581173327998
5-14C,10.0,787.255,-0.8218245507503569,0.24343750104462727
5-14C,10.0,790.2568,-0.9967943194981176,0.25309896540785004
5-14C,10.0,835.0407,-0.0397003200513311,0.33689046684421114
5-14C,10.0,863.2971,1.0648198523364618,0.32956705520055957
5-14C,10.0,864.1473,0.6460602694757517,0.4964955945781021
5-14C,10.0,974.2935,0.9996199119445688,0.38954987460052265
5-14C,10.0,976.7162,-1.4170194183410114,0.09324778903846748
5-15A,1.0,57.0342,0.7662449902523951,0.32159405727916024
5-15A,1.0,58.0295,-0.9584322008890115,0.14125669927690843
5-15A,1.0,59.0135,0.744683210576059,0.15234605631822573
5-15A,1.0,71.0137,0.9095674768869539,0.12212342832434792
5-15A,1.0,73.0293,-0.9580558792238731,0.010088897547270789
5-15A,1.0,74.0247,-0.5556209075726444,0.25788776311974093
5-15A,1.0,75.0087,-0.6403551075083987,0.28199069322832626
5-15A,1.0,87.0088,-0.6859955511461171,0.0065372601179342895
5-15A,1.0,87.0451,0.5651612497812142,0.2791832222828057
5-15A,1.0,88.0403,-0.9472586201079933,0.007748889599336474
5-15A,1.0,88.9883,0.0471700868146682,0.7920780305585461
5-15A,1.0,89.0244,-0.6037435214648936,0.12070879407232186
5-15A,1.0,93.0338,-0.08369292419388809,0.009860667002617273
5-15A,1.0,94.9761,-0.9726759052209901,0.3749682758423226
5-15A,1.0,94.9806,0.6985468265926669,0.24760035213146134
5-15A,1.0,95.0139,1.0997189670339917,0.24389608178894603
5-15A,1.0,101.0242,0.9644228408820021,0.19437014604430894
5-15A,1.0,102.056,-0.5449750920424861,0.04289009198723598
5-15A,1.0,103.0402,-0.9991069946403119,0.0381985565842475
5-15A,1.0,103.0509,-0.9462457627932407,0.03726689679917805
5-15A,1.0,104.0352,1.0897491053879498,0.23895050577807353
5-15A,1.0,105.0193,-0.9050211389107912,0.40818629212340307
5-15A,1.0,107.0503,-0.3272944064699109,0.38883164462787456
5-15A,1.0,109.0295,-1.1422511700198414,0.04396923767871126
5-15A,1.0,111.02,-1.2034316353785304,0.005039739787645976
5-15A,1.0,112.0516,-0.488010199292537,0.21298260331355182
5-15A,1.0,113.0244,0.8555325411689774,0.16095386530179753
5-15A,1.0,113.0357,-1.1745786393183313,0.020977216324101506
5-15A,1.0,114.056,-0.23971830244531303,0.002491264417420912
5-15A,1.0,115.0037,-0.8717949297076649,0.03746337701346434
5-15A,1.0,115.0402,-0.5923271345745418,0.5937039875172172
5-15A,1.0,115.0764,-0.22756223322550587,0.20079386716570527
5-15A,1.0,116.0354,-1.0252026064348612,0.19662252614906603
5-15A,1.0,116.0717,-0.6358966605448468,0.025985082547282923
5-15A,1.0,117.0194,-0.944563707290637,0.0013581521828106896
5-15A,1.0,118.0508,-1.0015479403444516,0.21730255810569754
5-15A,1.0,118.9804,0.962003021674104,0.1184438970555954
5-15A,1.0,119.0503,-1.0664560771055447,0.21873730148510437
5-15A,1.0,120.9273,0.3566830175963348,0.38415557253628524
5-15A,1.0,121.0295,0.6167810186177316,0.22844594190333223
5-15A,1.0,121.0409,0.4396078161658433,0.41909600688766374
5-15A,1.0,122.0248,-1.163041324000564,0.20523373529582714
5-15A,1.0,124.0075,0.3102467653631695,0.275167723788492
5-15A,1.0,124.0144,0.16172059222136925,0.1616139001231138
5-15A,1.0,125.0439,-0.7266444017273617,0.1207974534822679
5-15A,1.0,127.0764,0.683634004381624,0.15111301737756738
5-15A,1.0,128.0354,-0.19183816627631617,0.015311096052269492
5-15A,1.0,129.0193,-1.2288856418634677,0.03213650110620579
5-15A,1.0,129.0556,-0.05841423814710672,0.3325443030957916
5-15A,1.0,130.0142,-0.7009118616449013,0.33178157762074506
5-15A,1.0,130.0509,-1.0665032956448428,0.007890231493993247
5-15A,1.0,130.0874,-0.7056078305827228,0.092810804594894
5-15A,1.0,131.0008,-0.3393727336881853,0.9213244640920704
5-15A,1.0,131.0123,-0.7193814695625307,0.02604192124160274
5-15A,1.0,131.035,0.18842824684172982,0.056645437990693534
5-15A,1.0,131.0462,0.3867230854700253,0.2708897726986143
5-15A,1.0,131.0828,1.4597540172254726,0.31847427055425914
5-15A,1.0,132.0302,-1.200605815984618,0.005573766659939963
5-15A,1.0,133.0142,-0.49169792100655474,0.04140548719306132
5-15A,1.0,133.0257,-0.6116208719256329,0.03956369988490248
5-15A,1.0,133.0505,-1.3545613989647138,0.00672017128939144
5-15A,1.0,134.0472,-0.6681224240054917,0.11231002955500832
5-15A,1.0,134.0604,-0.9928622646648742,0.31584392079502993
5-15A,1.0,135.0302,-0.4621793279708255,0.18889940545857153
5-15A,1.0,135.0453,-1.9762819470277035,0.08317244425064767
5-15A,1.0,136.0404,-0.3966864029125526,0.01470659258882655
5-15A,1.0,136.0487,-1.6894797010136107,0.1029065067011454
5-15A,1.0,136.0767,-0.12329569973877313,0.5929153274095118
5-15A,1.0,137.0239,-0.2528853602869513,0.22468495687274173
5-15A,1.0,138.9789,-0.9610016536580143,0.4364953748533993
5-15A,1.0,139.0014,-0.3532201700300718,0.03698560273846061
5-15A,1.0,139.0067,-0.7292881265331167,0.01589071146218128
5-15A,1.0,139.976,-0.882442083356572,0.4282861200227284
5-15A,1.0,143.0713,1.4872073085469144,0.6143961889054858
5-15A,1.0,143.1077,-0.7229415835799697,0.32720900900019095
5-15A,1.0,145.0141,-0.037255641262852204,0.05030580276858918
5-15A,1.0,145.0506,-0.3812331747676023,0.14721483521154569
5-15A,1.0,145.0623,1.0397795612602005,0.6760961355518795
5-15A,1.0,145.0982,2.043153592954259,0.2917457801134651
5-15A,1.0,145.1106,1.8630150106497332,0.81196404174107
5-15A,1.0,146.0459,-0.45858996448849854,0.006906247216459306
5-15A,1.0,147.0298,-0.9798286946048732,0.005067632620071474
5-15A,1.0,147.0662,-1.4421097422630702,0.00675592954588985
5-15A,1.0,149.0092,0.21417949235884892,0.5742042584390642
5-15A,1.0,149.0456,0.005146914262394407,0.23443735937590685
5-15A,1.0,149.0608,-0.8260588152041963,0.5033113935154984
5-15A,1.0,150.0422,-0.16239305795620104,0.500938388710156
5-15A,1.0,150.9707,-0.40003887671328436,0.7278871553391965
5-15A,1.0,151.0259,-0.5312120557292159,0.07644565622215067
5-15A,1.0,151.04,-1.1313245700949368,0.30743295919872093
5-15A,1.0,151.06,0.25214574035191595,0.5889206050178004
5-15A,1.0,152.0353,-1.325660996532147,0.32139966364525435
5-15A,1.0,152.0716,1.174195350856594,0.5115862170740895
5-15A,1.0,153.0192,-0.2797582074870127,0.07269810652226481
5-15A,1.0,154.062,0.918658288621828,0.04118770397711176
5-15A,1.0,154.9751,-0.9733787195896304,0.011764855439063176
5-15A,1.0,155.0099,-1.1711605464887462,0.0028846488689233665
5-15A,1.0,157.0128,-0.9859820770901235,0.060123494880408405
5-15A,1.0,157.0255,-1.3352313137292238,0.002535132557200237
5-15A,1.0,157.0379,-1.3615066551921946,0.016370799309934635
5-15A,1.0,157.0504,-1.1911089378633237,0.017870223927735306
5-15A,1.0,159.0297,0.8627066437310646,0.13413517882636647
5-15A,1.0,159.0775,-1.2076553391136324,0.03363623480866689
5-15A,1.0,160.0616,-0.7741554879291165,0.2193951030400306
5-15A,1.0,161.0453,-0.5202408661729885,0.23320521434407113
5-15A,1.0,162.0424,-1.51074233177521,0.20419341302524635
5-15A,1.0,163.0351,-1.1996120638751249,0.09075663266435606
5-15A,1.0,163.0398,-0.03362459587506733,0.07426665801401647
5-15A,1.0,163.0611,-0.9127230302475224,0.8380591485287936
5-15A,1.0,164.0716,-0.1423486572220003,0.10461960655261567
5-15A,1.0,165.03,0.07314674482013818,0.3762554679044393
5-15A,1.0,165.0405,0.0018606194976539397,0.4943587244551391
5-15A,1.0,165.0556,-0.8479126796115768,0.06617865692442834
5-15A,1.0,166.0508,-1.473150232566586,0.22270552666685056
5-15A,1.0,166.0632,-1.2823139473013208,0.9228884136939932
5-15A,1.0,166.9759,-0.9262517340098211,0.28935251184825406
5-15A,1.0,167.0207,0.9424761519962431,0.729174850375298
5-15A,1.0,167.0358,-0.5434199491862652,0.32428394890184115
5-15A,1.0,167.0828,-0.06934079842056898,0.183642449591458
5-15A,1.0,168.0277,-0.4214258232691947,0.006947192116983659
5-15A,1.0,168.0664,0.6559004996314867,0.3528517421658791
5-15A,1.0,170.0455,-0.8370324675840036,0.020021262261460244
5-15A,1.0,171.0065,-1.1302950244436496,0.12635656039765317
5-15A,1.0,171.0092,-1.1102104353235722,0.23080694230281026
5-15A,1.0,171.0284,-0.8624307637557469,0.025025778226704834
5-15A,1.0,172.0616,-1.3518727459424298,0.08664954320938476
5-15A,1.0,172.962,-0.5775021939493514,0.04439225452675607
5-15A,1.0,173.0089,-0.9622283180088841,0.041439986306812504
5-15A,1.0,173.0453,-0.7840979880570373,0.1135983202094276
5-15A,1.0,173.0932,-0.7770010405801846,0.05679454797371077
5-15A,1.0,173.1041,0.8839676548554394,0.3387168760796768
5-15A,1.0,174.0407,-0.9984805431732069,0.003234887751061388
5-15A,1.0,174.088,-0.36852564769243057,0.16614289744387545
5-15A,1.0,175.022,-0.7387952473044639,0.08689796603159498
5-15A,1.0,175.0361,-1.2273353865288446,0.004248795841886961
5-15A,1.0,175.0611,-1.2458215622184858,0.002808900826386172
5-15A,1.0,176.0776,-1.2086588387477069,0.13819831358871035
5-15A,1.0,177.0402,0.6695187726815224,0.5491783401689876
5-15A,1.0,177.0553,-1.1364585109073742,0.5133928348299096
5-15A,1.0,178.0509,-0.9777185280696181,0.022108028355302647
5-15A,1.0,179.0348,-1.388559378576207,0.1462118504341691
5-15A,1.0,179.0561,0.4707569514415723,0.1694241233406151
5-15A,1.0,180.0663,0.4186702832350488,0.14041367631710885
5-15A,1.0,181.0505,-0.9632112361407514,0.2676325247234155
5-15A,1.0,182.9725,1.1599164161427487,0.3133683705359121
5-15A,1.0,183.0661,-0.05021681931117815,0.34610636423249186
5-15A,1.0,184.0017,-0.35813590684281155,0.08024123838476223
5-15A,1.0,184.9856,-0.9024764039481451,0.08102891616693342
5-15A,1.0,186.1136,0.11575565852221815,0.4606262972633333
5-15A,1.0,187.0234,-1.098957705864734,0.25049842769588565
5-15A,1.0,188.035,0.36746321478576593,0.31174628625551043
5-15A,1.0,188.0565,-1.110165778676162,0.006440272290677439
5-15A,1.0,189.0405,1.4587345347383314,0.16169041099712228
5-15A,1.0,191.0197,-0.2759208561351056,0.2285790967297593
5-15A,1.0,191.0561,-0.9366647082542606,0.05040549275341288
5-15A,1.0,192.0663,-0.07701158050828207,0.5154362294410364
5-15A,1.0,193.0349,0.7085711393996147,0.3539946556913263
5-15A,1.0,194.0682,-1.0184318052395418,0.09779698333655715
5-15A,1.0,194.0822,-0.4959384642768535,0.7493014284922236
5-15A,1.0,195.0509,0.754156750663139,0.33657161314309064
5-15A,1.0,195.0657,-0.8058239937805116,0.2862926642463199
5-15A,1.0,196.0603,-1.2097493545702156,0.09230840855755343
5-15A,1.0,198.0182,-1.0767921070723112,0.32794955231691125
5-15A,1.0,199.0019,-0.7561761956120072,0.20188192319992593
5-15A,1.0,200.9937,0.401129293083502,0.34750448555087654
5-15A,1.0,201.0051,-0.8777380554663837,0.28421866192132594
5-15A,1.0,203.0348,-0.3978195836017184,0.06183124997564004
5-15A,1.0,203.0826,12.424454376367827,0.9197405838334548
5-15A,1.0,204.0498,0.9567595322420294,1.215374069542401
5-15A,1.0,205.0351,-0.9610404529369035,0.17335661768954366
5-15A,1.0,206.0822,-0.5547752831145019,0.3078719375574607
5-15A,1.0,209.0292,-0.3904897834231774,0.6107521151029783
5-15A,1.0,209.0814,0.529852832620883,0.2179833084959785
5-15A,1.0,211.0235,-0.8315432796038613,0.47673177136329953
5-15A,1.0,211.9968,-1.0836583445382195,0.02370167639063525
5-15A,1.0,212.0331,-0.4895834018159368,0.2643385424957511
5-15A,1.0,212.9807,-0.7575651332012139,0.0638794005452616
5-15A,1.0,213.014,-0.9075293966161513,0.17559396557025247
5-15A,1.0,213.0384,-0.4184776764971888,0.3992148916616955
5-15A,1.0,213.1252,0.488947730952064,0.3468056293545261
5-15A,1.0,214.0488,-0.4393938537973857,0.35659050595582975
5-15A,1.0,215.0331,0.6800794332904687,0.13598390770569516
5-15A,1.0,216.1351,0.5089489527184363,0.030411514264175366
5-15A,1.0,218.0335,1.0411429224365252,0.18664346132514534
5-15A,1.0,218.1034,-1.2229279900313532,0.026034512352066896
5-15A,1.0,220.0828,0.43934761497297037,0.5596150259214125
5-15A,1.0,221.0443,0.8713897546889274,0.1724403074983661
5-15A,1.0,221.0664,0.06765334799593647,0.29497760392354283
5-15A,1.0,225.0399,-0.08829068499710842,0.6435957734957088
5-15A,1.0,225.0861,0.25397536808183896,0.8251691617841839
5-15A,1.0,225.0901,-0.1775909090312711,0.6546495126540121
5-15A,1.0,226.0135,-1.042185957655744,0.19034103038283995
5-15A,1.0,226.0697,3.4578850095089364,0.2756681700495356
5-15A,1.0,228.0501,-0.08628277558366271,0.5718256433115007
5-15A,1.0,229.0122,-1.1121219573381271,0.2200501032322767
5-15A,1.0,237.0614,-1.3449522553428412,0.07046188250768709
5-15A,1.0,238.0945,2.4752910592017767,0.5773116166370871
5-15A,1.0,240.0515,-1.4183243499957683,0.009722630414332854
5-15A,1.0,241.0844,-1.4838930201229439,0.39685254593118335
5-15A,1.0,242.0804,1.204557698191167,0.23292120033366936
5-15A,1.0,243.029,-0.7415494008358262,0.22366003514059085
5-15A,1.0,243.0625,-1.116248288461839,0.4470283844550345
5-15A,1.0,245.0444,-1.347746286665097,0.22987018612606264
5-15A,1.0,246.0198,-0.9670758091259174,0.4189749159043234
5-15A,1.0,246.064,1.1329413684347847,0.4308003457645081
5-15A,1.0,251.0816,1.5628108049558165,1.3735978324042233
5-15A,1.0,253.0119,-0.3615340984877556,0.012890062047932832
5-15A,1.0,253.0499,0.5222211989713317,0.46673399616708783
5-15A,1.0,257.0072,-0.994912489256408,0.2927144733634227
5-15A,1.0,257.1028,1.0483569858320756,0.4064106263274724
5-15A,1.0,259.005,-0.5623855029849533,0.28452383827522715
5-15A,1.0,259.0227,0.15271021533418766,0.2312149158154308
5-15A,1.0,261.0385,1.898318868565616,0.14165488624298597
5-15A,1.0,266.0703,-0.9064209809967059,0.1212642765445094
5-15A,1.0,267.0724,-0.6324084039624194,0.018943899360094642
5-15A,1.0,268.02,-0.47865295266689134,0.22432725259541766
5-15A,1.0,269.0398,-0.6477924221789984,0.26075903390684146
5-15A,1.0,271.0612,-0.4641653089738663,0.21106322038322037
5-15A,1.0,271.0815,1.2734223729829706,1.2292658384219328
5-15A,1.0,273.0021,-0.7697340443426486,0.1266681468677806
5-15A,1.0,274.0933,-1.2904591648175368,0.04486753163193244
5-15A,1.0,275.0184,-1.0058443258662884,0.5719301749595742
5-15A,1.0,275.0991,-0.6881879052168087,0.17632296597429606
5-15A,1.0,277.1207,0.9452190706060082,0.2083323962388725
5-15A,1.0,277.2169,0.022692245982145823,0.347861280930385
5-15A,1.0,279.2331,0.20012140409251972,0.08659051576853613
5-15A,1.0,282.0839,0.2879443517321104,0.19403928124198905
5-15A,1.0,283.2063,0.30623531771560286,0.20916316645202768
5-15A,1.0,285.0972,1.058448133390809,1.1589408640558092
5-15A,1.0,287.0157,-0.34632319533845135,0.5397220531573864
5-15A,1.0,288.0725,-0.5744125053128659,0.10022955333230746
5-15A,1.0,289.0333,-0.16394008826543485,0.39651909278959946
5-15A,1.0,289.1044,-0.8664276338808481,0.20211827782763844
5-15A,1.0,290.9677,-0.3818816138860348,0.13153900334745916
5-15A,1.0,294.0479,0.423729862664733,0.19694247584592758
5-15A,1.0,300.0509,-0.4503808291284903,0.6500843361674955
5-15A,1.0,301.0333,-0.3160097498973622,0.33189853191525265
5-15A,1.0,303.2326,0.756690469718162,1.857693233755544
5-15A,1.0,305.0207,0.4958093726874193,0.18910264631790377
5-15A,1.0,306.0481,-1.1297983448376219,0.08704879127714775
5-15A,1.0,306.0765,-0.2705520435067168,0.03051083012940694
5-15A,1.0,308.0986,0.0330219099819605,0.0406451002366227
5-15A,1.0,313.0441,-0.9013882796208152,0.3397416675332226
5-15A,1.0,313.1037,-0.3082456737036499,0.46407421466593357
5-15A,1.0,317.026,0.4656031001315232,0.6509258364747194
5-15A,1.0,323.0256,0.3197956730551355,0.7582906581928234
5-15A,1.0,325.1163,-0.3812342609922017,0.3603266083255276
5-15A,1.0,328.0457,-1.0852336286277033,0.03432341532857328
5-15A,1.0,333.0589,-1.078576641772495,0.3381170330805337
5-15A,1.0,338.9884,-0.7419088881238096,0.13510734671758148
5-15A,1.0,339.0928,1.1410955743554179,0.8205838675162186
5-15A,1.0,341.1089,0.3486714772009315,0.3940515883287512
5-15A,1.0,344.0393,-0.6436490234080309,0.23181190497191004
5-15A,1.0,346.0556,0.2970105587616694,0.2654011567903034
5-15A,1.0,348.087,-1.073062389801981,0.10567006477980599
5-15A,1.0,353.0489,0.9040200522560724,0.9278904416674424
5-15A,1.0,357.089,-0.7623951786747454,0.18139264061420923
5-15A,1.0,375.131,-0.26951740663013657,0.3351832936609155
5-15A,1.0,377.1496,0.9310548904020282,0.23543446272576074
5-15A,1.0,383.1188,0.9024260120539077,0.19384656161989622
5-15A,1.0,388.9416,-0.2803625570804856,0.13391573408605242
5-15A,1.0,388.9442,-0.4706697006416716,0.20939782402624124
5-15A,1.0,401.0756,0.9731738486407504,0.06102336521188868
5-15A,1.0,407.2795,0.8672345957148997,0.18721329903148887
5-15A,1.0,421.0743,1.3235624973579698,0.8095128282020715
5-15A,1.0,426.0222,1.1134057861389497,0.7112514949730925
5-15A,1.0,442.9997,11.322521890643733,0.9949788486543978
5-15A,1.0,466.9657,0.4535811715619869,0.3132761771268957
5-15A,1.0,490.9787,0.4806182676249233,0.7256237680507724
5-15A,1.0,503.1614,0.3116996105940991,0.36014733122876424
5-15A,1.0,547.0731,-1.3167164521729748,0.03835608834262223
5-15A,1.0,565.0471,-0.9332749122576802,0.2617897152790785
5-15A,1.0,578.8872,1.0679014047758053,0.25240946307073975
5-15A,1.0,579.0269,1.400117570882602,0.2801784019687622
5-15A,1.0,612.2549,-0.2156659807005474,0.568240336316343
5-15A,1.0,624.2949,-0.8868476125461016,0.3196723873021037
5-15A,1.0,659.307,-0.2779515026291544,0.4060776833033504
5-15A,1.0,664.0939,-0.5831766010176869,0.11325772076983337
5-15A,1.0,665.2144,-0.06127333961940687,0.43435167219292786
5-15A,1.0,668.1374,-0.6166145636269937,0.00018059446766371078
5-15A,1.0,787.255,-0.4710362102769384,0.18212474950206495
5-15A,1.0,790.2568,-0.1804455021824468,0.2749520226275328
5-15A,1.0,835.0407,-0.6713564691824836,0.10251301248217999
5-15A,1.0,863.2971,-0.686635202422649,0.0947702063500392
5-15A,1.0,864.1473,-1.031167269952857,0.27694450195355275
5-15A,1.0,974.2935,-0.8167993360897556,0.3141776406647001
5-15A,1.0,976.7162,0.33007959827784894,0.09382882496777104
5-15A,2.0,57.0342,0.7092487156439103,0.32437797226807386
5-15A,2.0,58.0295,-1.047623276957332,0.051286750753516366
5-15A,2.0,59.0135,0.7733315793434201,0.291015838201133
5-15A,2.0,71.0137,0.9886798931173518,0.24869310055572147
5-15A,2.0,73.0293,-0.9609400145230718,0.004332800184438704
5-15A,2.0,74.0247,-0.8789822834393446,0.4196521248025983
5-15A,2.0,75.0087,-0.6067523941832154,0.24807327064329682
5-15A,2.0,87.0088,-0.6907139870894586,0.022677171321817496
5-15A,2.0,87.0451,0.18368898931934902,0.33214768192749966
5-15A,2.0,88.0403,-0.9219969876540914,0.022601581833517997
5-15A,2.0,88.9883,-0.9141049054202715,0.34270702406284315
5-15A,2.0,89.0244,-0.6030821342650716,0.11138141937141907
5-15A,2.0,93.0338,-0.07519147185905589,0.016243527225265397
5-15A,2.0,94.9761,-0.36517187736309253,0.20887346050904146
5-15A,2.0,94.9806,0.6213001307312973,0.15910103793852803
5-15A,2.0,95.0139,0.8758649045284923,0.02445305194962866
5-15A,2.0,101.0242,0.905347235685956,0.38207068644338354
5-15A,2.0,102.056,-0.5782071544045935,0.05013814041415231
5-15A,2.0,103.0402,-0.9575643711254457,0.04342722168340278
5-15A,2.0,103.0509,-0.9354158149320568,0.014921913487976056
5-15A,2.0,104.0352,-0.33617791612449766,0.18845302001291842
5-15A,2.0,105.0193,-0.7821826937780347,0.6321934568554494
5-15A,2.0,107.0503,-0.22974609191321824,0.5075044768173717
5-15A,2.0,109.0295,-0.7744557183015393,0.13342124087082938
5-15A,2.0,111.02,-0.8198542217429177,0.02596853933496079
5-15A,2.0,112.0516,0.3175488712001087,0.6346080203729315
5-15A,2.0,113.0244,0.9111230404974571,0.1567649029541451
5-15A,2.0,113.0357,-0.8030529354911373,0.0605143675615932
5-15A,2.0,114.056,-0.248019940247667,0.002441331144300893
5-15A,2.0,115.0037,-0.8227132428921451,0.033588863325494746
5-15A,2.0,115.0402,-0.9703567595442908,0.5092139081056105
5-15A,2.0,115.0764,0.13978859550111405,0.35663982921017523
5-15A,2.0,116.0354,-0.5251776220536614,0.38380605498729775
5-15A,2.0,116.0717,-0.6584779286387251,0.007210869596309274
5-15A,2.0,117.0194,-0.9421416395012316,0.0013814333751309656
5-15A,2.0,118.0508,-1.306368153571191,0.09878083066105434
5-15A,2.0,118.9804,1.211807384521332,0.26055393931437415
5-15A,2.0,119.0503,-0.5472079791385238,0.2500213171569242
5-15A,2.0,120.9273,-0.48275955755409605,0.07118782282370932
5-15A,2.0,121.0295,1.0957738937553398,0.8091852812606594
5-15A,2.0,121.0409,1.5619592050417639,0.7716553055035862
5-15A,2.0,122.0248,-0.5445778949064604,0.670375068003402
5-15A,2.0,124.0075,0.13292942032491847,0.2878091997933453
5-15A,2.0,124.0144,0.4490798527558375,0.27296848199194196
5-15A,2.0,125.0439,-0.6789359713103837,0.2807558335666436
5-15A,2.0,127.0764,1.4309072916646626,0.560266728352731
5-15A,2.0,128.0354,0.03351182443581577,0.020342795386909845
5-15A,2.0,129.0193,-0.9234501735304466,0.13818667892779493
5-15A,2.0,129.0556,0.3197191446031914,0.5995720038993988
5-15A,2.0,130.0142,-0.9624965870881262,0.15118265109926046
5-15A,2.0,130.0509,-1.0246004734209044,0.017823646280400163
5-15A,2.0,130.0874,-1.0021805109893525,0.02363220315697009
5-15A,2.0,131.0008,0.4731429844448858,0.7164425004431918
5-15A,2.0,131.0123,-0.7951094206554687,0.13350143675120799
5-15A,2.0,131.035,0.6085423683356057,0.4291753685692628
5-15A,2.0,131.0462,0.7381363517389485,0.5812946760204284
5-15A,2.0,131.0828,-0.26715827190747343,0.08275479080687159
5-15A,2.0,132.0302,-1.059443992431432,0.021245696358745098
5-15A,2.0,133.0142,-0.43753573308930277,0.04908452051898329
5-15A,2.0,133.0257,-0.4577658916979615,0.09536880363407568
5-15A,2.0,133.0505,-1.0680971868369482,0.017975348727110027
5-15A,2.0,134.0472,-0.6824246659650279,0.14728992103102903
5-15A,2.0,134.0604,-0.8821199269463977,0.13064044004069184
5-15A,2.0,135.0302,-0.7706953540726493,0.087819347164942
5-15A,2.0,135.0453,-0.9743957568830135,0.19116590486174023
5-15A,2.0,136.0404,0.46559409540431984,0.16083236845921978
5-15A,2.0,136.0487,-0.9330166820553942,0.2630193029574385
5-15A,2.0,136.0767,0.4865660588848267,0.7870325495754202
5-15A,2.0,137.0239,-0.19710539724769507,0.2168796394852351
5-15A,2.0,138.9789,-0.7622582749696772,0.4788749743810238
5-15A,2.0,139.0014,-0.31962644183284594,0.054900787708414854
5-15A,2.0,139.0067,-0.7155053035583616,0.05908307144544225
5-15A,2.0,139.976,-0.3451850229302347,0.2860600358267282
5-15A,2.0,143.0713,1.2750924507161256,0.4241527212884793
5-15A,2.0,143.1077,0.831336020101995,0.5794545578096763
5-15A,2.0,145.0141,-0.18372579007556245,0.07563644273875444
5-15A,2.0,145.0506,-0.8728727262924036,0.0687173386485774
5-15A,2.0,145.0623,-0.5698161092990988,0.2932775696956443
5-15A,2.0,145.0982,0.011310514061966696,0.13985476307392897
5-15A,2.0,145.1106,-0.25725384788492744,0.49690921099830426
5-15A,2.0,146.0459,-0.4028971614375104,0.007207687427011967
5-15A,2.0,147.0298,-0.91256450688178,0.013152885200917317
5-15A,2.0,147.0662,-1.0299294018128824,0.03734818051000867
5-15A,2.0,149.0092,0.8602254275278942,0.5360312891836796
5-15A,2.0,149.0456,0.4344769165845044,0.17696284708029625
5-15A,2.0,149.0608,0.5449474877509163,0.5118426007846884
5-15A,2.0,150.0422,0.12035211511961014,0.44117634453965743
5-15A,2.0,150.9707,-0.4578629779209329,0.5576648053965249
5-15A,2.0,151.0259,-0.6274923110194641,0.07625280850970916
5-15A,2.0,151.04,-0.47299729724192296,0.60404026717849
5-15A,2.0,151.06,-0.1676679949310706,1.0836886133032633
5-15A,2.0,152.0353,0.12361483793020886,0.571465920260746
5-15A,2.0,152.0716,1.0852820743046816,0.7180756318301713
5-15A,2.0,153.0192,0.09178204980841399,0.10581980936334887
5-15A,2.0,154.062,-0.3676803068461454,0.16206207349856136
5-15A,2.0,154.9751,-0.9540924300975622,0.009993178249164743
5-15A,2.0,155.0099,-0.765129322355296,0.028386273226741723
5-15A,2.0,157.0128,-0.7962373331977285,0.044738396422203563
5-15A,2.0,157.0255,-1.0267115718206516,0.031139989146728053
5-15A,2.0,157.0379,-0.9808198399791886,0.06180300568694616
5-15A,2.0,157.0504,-1.0310770167134753,0.07507359620277548
5-15A,2.0,159.0297,0.836292713102512,0.16797802491149227
5-15A,2.0,159.0775,-1.0762175000166554,0.026808263226815673
5-15A,2.0,160.0616,-1.0045118696694422,0.5759412918377108
5-15A,2.0,161.0453,0.11559838447389219,0.2192767003925957
5-15A,2.0,162.0424,-1.1038095361858145,0.33242823149828715
5-15A,2.0,163.0351,-0.7835444330364301,0.07899134568025917
5-15A,2.0,163.0398,0.40035767999435706,0.11211846519779278
5-15A,2.0,163.0611,0.3224635029827636,0.7179255493492869
5-15A,2.0,164.0716,-0.4812557802280163,0.021309231791561852
5-15A,2.0,165.03,0.9191887812825112,0.5981083165742934
5-15A,2.0,165.0405,0.7714176400310983,0.29341460204756964
5-15A,2.0,165.0556,-0.6109320539511072,0.16144717398873137
5-15A,2.0,166.0508,-1.1884733922941217,0.25438601792870363
5-15A,2.0,166.0632,-0.8698996685623763,0.4150285089406228
5-15A,2.0,166.9759,-0.5017709601737907,0.44587875200955207
5-15A,2.0,167.0207,-0.4251738765588874,0.35943191224672205
5-15A,2.0,167.0358,0.7621932167206074,0.32831661911473314
5-15A,2.0,167.0828,0.3628014519353986,0.8307897299441573
5-15A,2.0,168.0277,-0.3757593100679741,0.03288878127078272
5-15A,2.0,168.0664,0.6856240537708304,0.8385680193024809
5-15A,2.0,170.0455,-0.8170766097128519,0.013055602610372037
5-15A,2.0,171.0065,-0.9128766934847861,0.1373039755125176
5-15A,2.0,171.0092,-0.6978960277360589,0.17898523450094475
5-15A,2.0,171.0284,-0.7566223183205572,0.08077555784119081
5-15A,2.0,172.0616,-1.146131200025507,0.07636090529628098
5-15A,2.0,172.962,-0.6039876077707111,0.0781903701452105
5-15A,2.0,173.0089,-0.8505919607468986,0.14093238815467685
5-15A,2.0,173.0453,-0.3358128197058766,0.15320483622680386
5-15A,2.0,173.0932,-0.8351121253125671,0.04091516808711807
5-15A,2.0,173.1041,0.12804891563392173,0.3288446964628973
5-15A,2.0,174.0407,-0.9421412866793805,0.004969417829449518
5-15A,2.0,174.088,-0.8607833462098646,0.13951445699422202
5-15A,2.0,175.022,-0.711655933235299,0.204306294758011
5-15A,2.0,175.0361,-1.0517435252425515,0.018780796202106088
5-15A,2.0,175.0611,-1.0585642447185521,0.020036954661072554
5-15A,2.0,176.0776,-1.0390976405023171,0.053704096107553764
5-15A,2.0,177.0402,1.6467247361781132,0.40971801196773244
5-15A,2.0,177.0553,-0.03591215488441643,0.6860478117179318
5-15A,2.0,178.0509,-0.4579706575318213,0.05490463249824649
5-15A,2.0,179.0348,-0.6330174547911962,0.22947736830170942
5-15A,2.0,179.0561,0.642674561322986,0.21299879655760803
5-15A,2.0,180.0663,0.6594630541898149,0.1669722240816198
5-15A,2.0,181.0505,-0.4812684494437813,0.35635611916761545
5-15A,2.0,182.9725,1.2927386400480072,0.35650586858997535
5-15A,2.0,183.0661,0.9277990601652739,0.43124765100765206
5-15A,2.0,184.0017,-0.34463886142298406,0.07997204371652417
5-15A,2.0,184.9856,-0.5740228365483024,0.1323890389975017
5-15A,2.0,186.1136,0.6222337088968594,1.157766619409865
5-15A,2.0,187.0234,-0.6855900922168214,0.2020111748875062
5-15A,2.0,188.035,0.4150033163310075,1.4192614069290688
5-15A,2.0,188.0565,-0.9119261402650984,0.010677210899293204
5-15A,2.0,189.0405,1.856881596981334,0.28989813034769085
5-15A,2.0,191.0197,-0.6505053992029304,0.13384378489024784
5-15A,2.0,191.0561,-0.9857144770153168,0.07144174864159157
5-15A,2.0,192.0663,-0.2103577707118816,1.0431225144829388
5-15A,2.0,193.0349,0.16095502005965542,0.1513487706338445
5-15A,2.0,194.0682,-0.9561552864334644,0.1016686790043496
5-15A,2.0,194.0822,0.23520544408578725,0.3612506785851412
5-15A,2.0,195.0509,0.6171844638094113,0.3468570445493844
5-15A,2.0,195.0657,0.0422020687253174,0.7145373849447791
5-15A,2.0,196.0603,-1.1144648312009369,0.14754590745611493
5-15A,2.0,198.0182,-0.8822119505393775,0.2315720719955656
5-15A,2.0,199.0019,-0.48267738351019407,0.27839177630016304
5-15A,2.0,200.9937,0.48905099475085834,0.5071524975089216
5-15A,2.0,201.0051,-0.6843585642203409,0.45080389073595767
5-15A,2.0,203.0348,-0.20395484325218155,0.37927464128597266
5-15A,2.0,203.0826,-0.08061062869351301,0.006926890322588262
5-15A,2.0,204.0498,0.5142158503137788,0.49199922837838467
5-15A,2.0,205.0351,-0.9327831644056304,0.17471456430680363
5-15A,2.0,206.0822,-0.7379595838749247,0.20077407854765286
5-15A,2.0,209.0292,-0.45027107323426596,0.3208255611623456
5-15A,2.0,209.0814,0.46521627934937243,0.5488852396136122
5-15A,2.0,211.0235,-0.6123580081323254,0.22918878815749613
5-15A,2.0,211.9968,-1.0095483246452412,0.031284750523339504
5-15A,2.0,212.0331,-0.19363082684219443,0.12175612180478602
5-15A,2.0,212.9807,-0.5849164159465686,0.10820356240270154
5-15A,2.0,213.014,-0.5395487812087183,0.25591610476201093
5-15A,2.0,213.0384,-0.4899738711739376,0.15160178254455875
5-15A,2.0,213.1252,0.7965979595188795,0.5724526299044861
5-15A,2.0,214.0488,-1.3010412373697104,1.1095103571289884
5-15A,2.0,215.0331,1.048530996589356,0.26877361008354506
5-15A,2.0,216.1351,0.9343103665642595,0.32709393190377056
5-15A,2.0,218.0335,1.269243461771996,0.3170164033159784
5-15A,2.0,218.1034,-1.1012785429547498,0.020764503710741254
5-15A,2.0,220.0828,0.6487660721999191,1.0177505070878332
5-15A,2.0,221.0443,1.045009497417536,0.21778968907332055
5-15A,2.0,221.0664,0.1861643307855397,0.7041233815768471
5-15A,2.0,225.0399,0.6460845252708803,0.7413342785917679
5-15A,2.0,225.0861,0.5101255090558894,0.3518262124290337
5-15A,2.0,225.0901,0.456105576351665,0.8476206587978943
5-15A,2.0,226.0135,-0.4837153916958371,0.22559767231937009
5-15A,2.0,226.0697,0.6027463046954618,0.27819357758907154
5-15A,2.0,228.0501,-0.5835039335541565,0.433167816145741
5-15A,2.0,229.0122,-0.8753914462047212,0.26653995524278495
5-15A,2.0,237.0614,-1.09538540390897,0.11146368834790793
5-15A,2.0,238.0945,1.404911215950793,0.5639054746034072
5-15A,2.0,240.0515,-1.0826936538948444,0.058482382537483724
5-15A,2.0,241.0844,-0.3141450666282885,0.9751652947915501
5-15A,2.0,242.0804,0.570071258808983,0.6476866993579069
5-15A,2.0,243.029,-0.43810864944447026,0.4281796061270191
5-15A,2.0,243.0625,-1.3430244979756853,0.15222643083836818
5-15A,2.0,245.0444,-0.8243167024998612,0.22309560042484172
5-15A,2.0,246.0198,-0.11992032642872837,0.5043952565268541
5-15A,2.0,246.064,1.2077141988039295,0.4483237897357005
5-15A,2.0,251.0816,0.005244604746730318,0.5832346591652252
5-15A,2.0,253.0119,-0.13901037829776303,0.024455383760251866
5-15A,2.0,253.0499,0.6480257359407939,1.0062813170904839
5-15A,2.0,257.0072,-0.5191291967539808,0.39015390184801224
5-15A,2.0,257.1028,1.4106767636931643,1.1748201893093235
5-15A,2.0,259.005,0.13840633166564928,0.6386907554940914
5-15A,2.0,259.0227,0.8998804815713578,0.21004522173388995
5-15A,2.0,261.0385,0.00576312006612173,0.1485130484934788
5-15A,2.0,266.0703,-0.800829479028546,0.17654975253653388
5-15A,2.0,267.0724,-0.6830058683566587,0.02027182151983325
5-15A,2.0,268.02,-0.09880523306375363,0.4827141629393818
5-15A,2.0,269.0398,-0.6087147194648896,0.30811467816751587
5-15A,2.0,271.0612,-0.4391102773464777,0.2823842233537318
5-15A,2.0,271.0815,1.4939015712262498,0.7349499686164469
5-15A,2.0,273.0021,-0.6799800443254509,0.05947824396615731
5-15A,2.0,274.0933,-0.8404509319572875,0.1539793937627988
5-15A,2.0,275.0184,0.18843649447138835,0.4668885705702933
5-15A,2.0,275.0991,-0.5223839031139388,0.3473035840137763
5-15A,2.0,277.1207,1.034158067452461,0.20341590470413917
5-15A,2.0,277.2169,0.09396795081868947,0.3897981742256845
5-15A,2.0,279.2331,-0.3308021046143286,0.0240560247445411
5-15A,2.0,282.0839,0.4958553882355965,0.33396978224579027
5-15A,2.0,283.2063,-0.12659827684966585,0.2705029551017631
5-15A,2.0,285.0972,0.8188954875268707,0.5938544155474149
5-15A,2.0,287.0157,0.8824940626876085,0.26479490417891893
5-15A,2.0,288.0725,-0.28008906516740967,0.09045335121335864
5-15A,2.0,289.0333,0.02886210584886093,0.36686767244737234
5-15A,2.0,289.1044,-0.30281262052062075,0.44629852315960356
5-15A,2.0,290.9677,-0.12090339658730942,0.17878687884836827
5-15A,2.0,294.0479,-0.11029535770240388,0.6241602377805703
5-15A,2.0,300.0509,0.16227003733298775,0.8278001937633094
5-15A,2.0,301.0333,0.5878270973499935,0.48468940758370355
5-15A,2.0,303.2326,-0.10875069648181143,0.47246817794915946
5-15A,2.0,305.0207,0.7006813913412397,0.12489311027754978
5-15A,2.0,306.0481,-1.1097754912856335,0.029727220706391867
5-15A,2.0,306.0765,-0.28994636168845733,0.02314182773550666
5-15A,2.0,308.0986,0.3116958288085626,0.03188005521499803
5-15A,2.0,313.0441,-0.5030024396862912,0.3652040242299879
5-15A,2.0,313.1037,-0.49131741779736127,0.43479958582933526
5-15A,2.0,317.026,0.9622888843772012,0.3161089595583912
5-15A,2.0,323.0256,-0.6082693644821182,0.2987234357134338
5-15A,2.0,325.1163,-0.7175246179723873,0.5633505193829595
5-15A,2.0,328.0457,-0.8388333870425171,0.1165547083709993
5-15A,2.0,333.0589,-1.1214010409854247,0.20453155504222756
5-15A,2.0,338.9884,-0.7032383063353909,0.04784804999881452
5-15A,2.0,339.0928,0.6746529669940193,1.2336068098342439
5-15A,2.0,341.1089,-0.3776812392330696,0.10011019285974308
5-15A,2.0,344.0393,-0.6886961205722166,0.112782428949568
5-15A,2.0,346.0556,-0.4498539135206441,0.2717334956904531
5-15A,2.0,348.087,-1.15961091054967,0.10386091035180077
5-15A,2.0,353.0489,-0.2965431378767027,0.32726323145363573
5-15A,2.0,357.089,-0.7015297887192153,0.12446314227866713
5-15A,2.0,375.131,-0.4526742830136222,0.5482489090070534
5-15A,2.0,377.1496,0.5349990202136338,0.24570514244407848
5-15A,2.0,383.1188,0.7399194825300587,0.48081580571283555
5-15A,2.0,388.9416,0.18682282279913198,0.30397516529106533
5-15A,2.0,388.9442,-0.18856734665685465,0.2700116617777769
5-15A,2.0,401.0756,1.2041052045560947,0.225573075136933
5-15A,2.0,407.2795,0.7229506388526881,0.4174157931700447
5-15A,2.0,421.0743,0.26852187142130146,0.45645328610767777
5-15A,2.0,426.0222,-0.17927635689421112,0.4816809758243926
5-15A,2.0,442.9997,0.1710349421351105,0.32172589716756744
5-15A,2.0,466.9657,0.5640940951269882,0.32886856801385106
5-15A,2.0,490.9787,-0.12804113066984313,0.8599847603723999
5-15A,2.0,503.1614,-0.1754783014257152,0.49444141310997797
5-15A,2.0,547.0731,-1.0465008060812695,0.06561340742006883
5-15A,2.0,565.0471,-0.6513443724537257,0.32387577748421786
5-15A,2.0,578.8872,1.4170455832924136,0.24969392076890332
5-15A,2.0,579.0269,1.39428037144802,0.15461028935335597
5-15A,2.0,612.2549,-0.46109256060826687,0.6074443055777937
5-15A,2.0,624.2949,-1.0564940740347035,0.31979251912589984
5-15A,2.0,659.307,-0.10534788410232418,0.17313252971730658
5-15A,2.0,664.0939,-0.5450061412915597,0.13190419370207793
5-15A,2.0,665.2144,-0.5850312349591645,0.38736370183377467
5-15A,2.0,668.1374,-0.6163872546388527,0.0002893008928863045
5-15A,2.0,787.255,-0.16526883328673952,0.28685602513632563
5-15A,2.0,790.2568,0.18833232589290766,0.24360281753442795
5-15A,2.0,835.0407,-0.786153581556879,0.08669785753557678
5-15A,2.0,863.2971,-0.5231028630743694,0.08928137034133686
5-15A,2.0,864.1473,-0.9912171590015901,0.270817737701336
5-15A,2.0,974.2935,-0.567136258832482,0.3021680032763473
5-15A,2.0,976.7162,0.5904662706118282,0.17750385135981464
5-15A,3.0,57.0342,0.22855337429798503,0.3770668192435851
5-15A,3.0,58.0295,-0.6872185205996286,0.13539050726129048
5-15A,3.0,59.0135,0.6498745205669467,0.40970173714151975
5-15A,3.0,71.0137,1.0271812690161455,0.20532154421574986
5-15A,3.0,73.0293,-0.9303415575641898,0.01831814745559961
5-15A,3.0,74.0247,0.12318731401419608,0.19420004383778164
5-15A,3.0,75.0087,0.2554626818197866,0.9290298646346142
5-15A,3.0,87.0088,-0.6785364224256385,0.014989914607446225
5-15A,3.0,87.0451,0.4223192139254497,1.244448242303099
5-15A,3.0,88.0403,-0.8407909808460736,0.016611710782306253
5-15A,3.0,88.9883,-0.6822797513677703,0.3767534225092759
5-15A,3.0,89.0244,-0.5849601249899476,0.11191257669415844
5-15A,3.0,93.0338,-0.05041954767109873,0.025875267729929374
5-15A,3.0,94.9761,-0.8740162943976111,0.3558305283265994
5-15A,3.0,94.9806,0.7098399392781102,0.39593971783795184
5-15A,3.0,95.0139,0.7104851833753767,0.3247199554471443
5-15A,3.0,101.0242,0.6726720703312549,0.2824671408624762
5-15A,3.0,102.056,-0.44406272701061555,0.04308401920636452
5-15A,3.0,103.0402,-0.8620287563606899,0.0653876554045297
5-15A,3.0,103.0509,-0.932369892096099,0.07244398803753242
5-15A,3.0,104.0352,-0.24927882421029196,0.204839903362428
5-15A,3.0,105.0193,-0.3565331978529023,0.6019001382242207
5-15A,3.0,107.0503,-0.5992156683406332,0.7376962876849856
5-15A,3.0,109.0295,-0.2094771536848317,0.1310882874260374
5-15A,3.0,111.02,-0.21657214190723467,0.08932720635316808
5-15A,3.0,112.0516,-0.331683884622677,0.3741683406081437
5-15A,3.0,113.0244,0.840989878897392,0.1571439449305885
5-15A,3.0,113.0357,-0.1661977458227364,0.10463045404457184
5-15A,3.0,114.056,-0.21234919063337862,0.006292271114329997
5-15A,3.0,115.0037,-0.7297989248885797,0.037294155748372526
5-15A,3.0,115.0402,-0.7156814649521621,0.5375423844880075
5-15A,3.0,115.0764,-0.6078908489799588,0.3695196359139029
5-15A,3.0,116.0354,0.09076907041831514,0.5817775149520374
5-15A,3.0,116.0717,-0.70529275273579,0.01132508601230847
5-15A,3.0,117.0194,-0.919600274044319,0.004863517441206496
5-15A,3.0,118.0508,-0.8569513228286173,0.19368221929265936
5-15A,3.0,118.9804,1.1437864034178555,0.1516180453353058
5-15A,3.0,119.0503,-0.7265771079842291,0.5697187356318582
5-15A,3.0,120.9273,1.5300030221519643,2.7144636452711715
5-15A,3.0,121.0295,0.6139699588296639,0.4866442127966132
5-15A,3.0,121.0409,0.35752196612502074,0.24220428366992286
5-15A,3.0,122.0248,-0.5246508838203341,0.24163155872001543
5-15A,3.0,124.0075,0.17879441488446607,0.26597118369038714
5-15A,3.0,124.0144,0.5393779074834961,0.1385222378333405
5-15A,3.0,125.0439,-0.17931011273106556,0.03533818361490859
5-15A,3.0,127.0764,0.1700790360291591,0.23733645679791435
5-15A,3.0,128.0354,0.45800184857110904,0.0623341830436389
5-15A,3.0,129.0193,-0.6659040939843982,0.1511009379573025
5-15A,3.0,129.0556,-0.2677466914221016,0.45544673646000566
5-15A,3.0,130.0142,-0.8415888607605897,0.16837467980702758
5-15A,3.0,130.0509,-0.9302268752173604,0.01930746348199688
5-15A,3.0,130.0874,-1.0544456785897047,0.03710091108160886
5-15A,3.0,131.0008,0.27695863369908014,0.7243409191587209
5-15A,3.0,131.0123,-0.8090874355151859,0.02698065596056949
5-15A,3.0,131.035,0.601573794273613,0.1891609645176515
5-15A,3.0,131.0462,0.6373155488285673,0.4823538612633457
5-15A,3.0,131.0828,-0.5752681645799942,0.10132224428604043
5-15A,3.0,132.0302,-0.6552449778775713,0.02749219789211112
5-15A,3.0,133.0142,-0.29283512374103243,0.09986960540021259
5-15A,3.0,133.0257,-0.30661724357631787,0.07260081619239404
5-15A,3.0,133.0505,-0.8363639559227938,0.028476316804443663
5-15A,3.0,134.0472,-0.8861962122994105,0.12080328042926
5-15A,3.0,134.0604,-0.5266002449719536,0.32803335513261994
5-15A,3.0,135.0302,-0.8246682480295147,0.05564880853367835
5-15A,3.0,135.0453,-0.7336255721035237,0.23023348591867435
5-15A,3.0,136.0404,1.6759525214682027,0.3044458755148299
5-15A,3.0,136.0487,-0.5520624155008507,0.33439505722048735
5-15A,3.0,136.0767,0.619843878288386,0.7154159917955386
5-15A,3.0,137.0239,-0.3222621197008358,0.3002324321464713
5-15A,3.0,138.9789,-0.9604965878926055,0.2628390582619881
5-15A,3.0,139.0014,-0.27863461269524203,0.03580032977757882
5-15A,3.0,139.0067,-0.731993369792914,0.028817734620259716
5-15A,3.0,139.976,-0.8905554509514955,0.28827125383220237
5-15A,3.0,143.0713,0.353278374278576,0.34023601359874966
5-15A,3.0,143.1077,-0.025153337685858895,0.4856087055125543
5-15A,3.0,145.0141,-0.20612073268071174,0.09668706609518839
5-15A,3.0,145.0506,-1.0170175398492918,0.1094937768621275
5-15A,3.0,145.0623,-1.1625636695791122,0.15615981763582584
5-15A,3.0,145.0982,-0.5382265384181255,0.1584533172310605
5-15A,3.0,145.1106,-1.0298825646195642,0.6225711691736203
5-15A,3.0,146.0459,-0.18373556094129656,0.013511178790366509
5-15A,3.0,147.0298,-0.8193206454255149,0.021541009372600655
5-15A,3.0,147.0662,-0.6558955002185183,0.07123538233461844
5-15A,3.0,149.0092,0.43623532547034505,0.5741088500999237
5-15A,3.0,149.0456,0.6975904296296964,0.22725834493047492
5-15A,3.0,149.0608,0.05492329946889542,0.38984669454855725
5-15A,3.0,150.0422,-0.042923266515717436,0.3406607224518566
5-15A,3.0,150.9707,0.12037803415555229,0.909504636306291
5-15A,3.0,151.0259,-0.6315506357337333,0.03539551902597494
5-15A,3.0,151.04,-0.6269009675437833,0.4638895250508119
5-15A,3.0,151.06,-0.14392531581480916,0.97981953043364
5-15A,3.0,152.0353,-0.9920112964297658,0.5912366022328643
5-15A,3.0,152.0716,0.42674338506558995,0.29308432565037684
5-15A,3.0,153.0192,0.4108753555195738,0.11890696231446948
5-15A,3.0,154.062,-0.42714766914534974,0.09789920960922063
5-15A,3.0,154.9751,-0.9482333041759211,0.00756092039924124
5-15A,3.0,155.0099,-0.19014110683380114,0.09416916881551264
5-15A,3.0,157.0128,-0.6245521804519298,0.05122562333445164
5-15A,3.0,157.0255,-0.45685617409979296,0.0775223571118312
5-15A,3.0,157.0379,-0.4059745739148824,0.0748875062487425
5-15A,3.0,157.0504,-0.8748023216916594,0.07775525818935343
5-15A,3.0,159.0297,0.7996620734572549,0.16624637655015392
5-15A,3.0,159.0775,-0.8457956092540542,0.05252704078446973
5-15A,3.0,160.0616,-0.4570049501359186,0.17380289304720298
5-15A,3.0,161.0453,0.08070595592216037,0.2645869387728045
5-15A,3.0,162.0424,-0.9116596576782227,0.11237097220340267
5-15A,3.0,163.0351,-0.9147052270114147,0.1922231222475897
5-15A,3.0,163.0398,0.9368373177895987,0.12263912709922657
5-15A,3.0,163.0611,-0.28398561320667604,0.3403245818392034
5-15A,3.0,164.0716,-0.5688411525867336,0.014691392256462998
5-15A,3.0,165.03,-0.2876782738588093,0.2880889596901524
5-15A,3.0,165.0405,-0.7501419302554233,0.7802461082852511
5-15A,3.0,165.0556,-0.7481216910628099,0.11508744300415039
5-15A,3.0,166.0508,-0.7822517186849882,0.42981609193047005
5-15A,3.0,166.0632,-0.4728867529298656,0.2845382504634247
5-15A,3.0,166.9759,-0.9422521179459908,0.49453203869039
5-15A,3.0,167.0207,-0.39522533578760716,0.41357200190989996
5-15A,3.0,167.0358,-0.16773545771483206,0.40783401189469337
5-15A,3.0,167.0828,0.13808748175029545,0.6031133057927917
5-15A,3.0,168.0277,-0.30933872753937763,0.038116531669368785
5-15A,3.0,168.0664,0.1593820384401773,0.9073472143260737
5-15A,3.0,170.0455,-0.8013112554809318,0.020659076944578567
5-15A,3.0,171.0065,-0.8272025556348249,0.1626999636457605
5-15A,3.0,171.0092,-0.8274034680728863,0.12294428871534915
5-15A,3.0,171.0284,-0.5338841514208983,0.09722154470686546
5-15A,3.0,172.0616,-0.9582708565285893,0.1305011624278892
5-15A,3.0,172.962,-0.6457188270270553,0.027842819670193922
5-15A,3.0,173.0089,-0.7269409282638923,0.13171694975980136
5-15A,3.0,173.0453,0.07155874533451398,0.28595087389065416
5-15A,3.0,173.0932,-0.9036816326016572,0.01725813456685216
5-15A,3.0,173.1041,-0.8599625208306794,0.1301227867076393
5-15A,3.0,174.0407,-0.8332899883259379,0.009080088930448121
5-15A,3.0,174.088,-0.7401986307699291,0.09288261419181858
5-15A,3.0,175.022,-0.5461276565515432,0.17674102085777083
5-15A,3.0,175.0361,-0.6452966802323035,0.07049176831082173
5-15A,3.0,175.0611,-0.8280074026593383,0.022112336158877872
5-15A,3.0,176.0776,-0.7252963829495156,0.2002034778361388
5-15A,3.0,177.0402,0.7292735200425091,0.26166446908639157
5-15A,3.0,177.0553,-0.4404608153987843,0.28688168080117626
5-15A,3.0,178.0509,-0.5040598202103141,0.0381224869063137
5-15A,3.0,179.0348,0.0566122174467244,0.3045468294570432
5-15A,3.0,179.0561,0.6245359457397546,0.12148793462973989
5-15A,3.0,180.0663,0.752328842910805,0.16299860414445566
5-15A,3.0,181.0505,-0.7797205827099751,0.07162472798136664
5-15A,3.0,182.9725,1.057677087166144,0.23895691308788458
5-15A,3.0,183.0661,0.21651478418239967,0.48007069984340944
5-15A,3.0,184.0017,-0.22224817771309166,0.02773609643490788
5-15A,3.0,184.9856,-0.5279018785709015,0.23251493850199936
5-15A,3.0,186.1136,1.5395906676210844,0.43289002120195813
5-15A,3.0,187.0234,-0.875515752541538,0.2852823450165425
5-15A,3.0,188.035,0.7099680372821658,0.13079033226339198
5-15A,3.0,188.0565,-0.40342994401591964,0.0614547254094929
5-15A,3.0,189.0405,3.1089084924971884,0.3886867475340006
5-15A,3.0,191.0197,-0.4088599098533432,0.1760233393721149
5-15A,3.0,191.0561,-0.8406578247583745,0.006554594824139306
5-15A,3.0,192.0663,-0.2001003714654509,0.5028757783484683
5-15A,3.0,193.0349,-0.3475456621845925,0.30814488576416516
5-15A,3.0,194.0682,-0.9466092507040655,0.08670796273826128
5-15A,3.0,194.0822,-0.07748823021395132,0.8983904686697358
5-15A,3.0,195.0509,1.494218273517482,0.27854848556675527
5-15A,3.0,195.0657,0.20400817620254186,0.4494418175529629
5-15A,3.0,196.0603,-0.759137700498077,0.17848404672188406
5-15A,3.0,198.0182,-0.6168753734490134,0.5546630074119437
5-15A,3.0,199.0019,-0.3916496633729645,0.25993984597015274
5-15A,3.0,200.9937,0.18365765548995935,0.2930068327711106
5-15A,3.0,201.0051,-0.0016105645149245978,0.5811685305222729
5-15A,3.0,203.0348,-0.4109272997689241,0.09146014801642649
5-15A,3.0,203.0826,-0.09139706057997153,0.00950600836257126
5-15A,3.0,204.0498,-0.24699345586010382,0.5352950038752211
5-15A,3.0,205.0351,-0.8771609227703876,0.29939078481560083
5-15A,3.0,206.0822,-0.2350205438407281,0.6462284204627362
5-15A,3.0,209.0292,-0.4619524746916051,0.33873834079813525
5-15A,3.0,209.0814,0.4227408300566655,0.2351090739805062
5-15A,3.0,211.0235,-0.5640223914977727,0.18061496920702164
5-15A,3.0,211.9968,-0.9061134785765759,0.036001799843000996
5-15A,3.0,212.0331,-0.46526562030585655,0.375794449665934
5-15A,3.0,212.9807,-0.6291658038071735,0.10841702649438238
5-15A,3.0,213.014,-0.8187508565353371,0.1692395136675843
5-15A,3.0,213.0384,-0.6619749624659521,0.23499662096297036
5-15A,3.0,213.1252,-0.13440171471965245,1.2065565924807535
5-15A,3.0,214.0488,-0.17635545374133116,0.5630611052643305
5-15A,3.0,215.0331,0.9045917399636938,0.19141775299601457
5-15A,3.0,216.1351,1.6961756440030453,0.191371983150008
5-15A,3.0,218.0335,0.963503456676843,0.19389718910972176
5-15A,3.0,218.1034,-0.5077042699771425,0.11721414662126359
5-15A,3.0,220.0828,0.5685098969752201,0.2032258363718775
5-15A,3.0,221.0443,0.6062279247130424,0.17978648126316454
5-15A,3.0,221.0664,0.7176978612110945,0.689642733687662
5-15A,3.0,225.0399,0.7028317006097704,0.3025174766140422
5-15A,3.0,225.0861,-0.48821505837354817,0.3000416818186665
5-15A,3.0,225.0901,0.2281744892813149,0.24685401097827117
5-15A,3.0,226.0135,-0.6131024301456001,0.3611939612293349
5-15A,3.0,226.0697,0.3865164442720833,0.31624125142340875
5-15A,3.0,228.0501,-0.9625735292346319,0.254650322778188
5-15A,3.0,229.0122,-0.36688283817118666,0.03787939959489683
5-15A,3.0,237.0614,-0.4923279671108064,0.1909176930699782
5-15A,3.0,238.0945,0.8967422838536241,0.2923952665728723
5-15A,3.0,240.0515,-0.5408495790016616,0.019396183368589295
5-15A,3.0,241.0844,-1.180459357234273,0.9870225321692633
5-15A,3.0,242.0804,-0.675468882137293,0.6598767208486618
5-15A,3.0,243.029,-0.3520427636599468,0.324836486845142
5-15A,3.0,243.0625,-1.505994498002661,0.6891472451860344
5-15A,3.0,245.0444,-0.8061992530794158,0.4252159778682961
5-15A,3.0,246.0198,-1.1252200016053324,0.39424962623814225
5-15A,3.0,246.064,0.7347452999752049,0.6006199527587057
5-15A,3.0,251.0816,0.5684455863677202,1.1147030060560361
5-15A,3.0,253.0119,0.7152065073870244,0.10461423392640243
5-15A,3.0,253.0499,0.31210786235741295,0.24095407017453252
5-15A,3.0,257.0072,-1.0847082092498237,0.19050041742513812
5-15A,3.0,257.1028,0.5110252790720222,0.8173985796093635
5-15A,3.0,259.005,-0.4585644904441233,0.7609536833932393
5-15A,3.0,259.0227,1.3627224336732378,0.23770943634192532
5-15A,3.0,261.0385,-0.2558394800732033,0.13197876383415325
5-15A,3.0,266.0703,-0.3781067431087166,0.09810475304726458
5-15A,3.0,267.0724,-0.7234239612159623,0.03160240851748895
5-15A,3.0,268.02,-0.09523299745620059,0.6661478919925414
5-15A,3.0,269.0398,-0.862235352775429,0.1382678891595821
5-15A,3.0,271.0612,-0.40570356850995937,0.44010704017506397
5-15A,3.0,271.0815,1.8375897331937143,0.8463190560445731
5-15A,3.0,273.0021,-0.8480178846132396,0.041723116663308864
5-15A,3.0,274.0933,-0.4038838052159226,0.17928991307616707
5-15A,3.0,275.0184,-0.11942567824043787,0.2861178912966843
5-15A,3.0,275.0991,-0.5820151670281288,0.1812132304710995
5-15A,3.0,277.1207,1.3258162505092383,0.24754127322668737
5-15A,3.0,277.2169,0.5967910954428778,0.5507173164233146
5-15A,3.0,279.2331,0.23927328668622133,0.4137282855811927
5-15A,3.0,282.0839,0.71519010806345,0.28071147669766044
5-15A,3.0,283.2063,-0.19976409799504047,0.4364683921364105
5-15A,3.0,285.0972,-0.15428713629537807,0.6292866833692766
5-15A,3.0,287.0157,0.2728714794702011,0.6518901400732782
5-15A,3.0,288.0725,0.7744230607030376,0.0777433527246933
5-15A,3.0,289.0333,-0.13857137851355383,0.5228073283768422
5-15A,3.0,289.1044,-0.9979848303660577,0.41101486459233394
5-15A,3.0,290.9677,0.8339601675718566,0.17746531569668408
5-15A,3.0,294.0479,0.17527962645114525,0.7190527158921225
5-15A,3.0,300.0509,-0.422991731569036,0.6575111338900878
5-15A,3.0,301.0333,0.41786879169136404,0.8920772718512566
5-15A,3.0,303.2326,0.19338347318180887,1.2367091758899542
5-15A,3.0,305.0207,0.273108301777333,0.3355764784145075
5-15A,3.0,306.0481,-1.1042619519017525,0.07651147174682088
5-15A,3.0,306.0765,-0.2834188241774508,0.02292793913943047
5-15A,3.0,308.0986,0.885011669913559,0.07019393390723558
5-15A,3.0,313.0441,-0.8611907894652597,0.3066753224043557
5-15A,3.0,313.1037,-0.7126129326359135,0.3090087260314283
5-15A,3.0,317.026,-0.4898687498832549,0.3849001906704206
5-15A,3.0,323.0256,-0.8696236999900904,0.5138351425594546
5-15A,3.0,325.1163,-0.8859017208466045,0.5632942468036289
5-15A,3.0,328.0457,-0.5759269145843928,0.15105322576658328
5-15A,3.0,333.0589,-0.7906779579548773,0.2568417723423253
5-15A,3.0,338.9884,-0.6480367888206249,0.12957010555976517
5-15A,3.0,339.0928,1.304132523096692,0.04996017655870272
5-15A,3.0,341.1089,-0.23041198200662605,0.20517229869256448
5-15A,3.0,344.0393,-0.7875799923960394,0.15362925348137513
5-15A,3.0,346.0556,-0.6055142653244773,0.08582316896581083
5-15A,3.0,348.087,-0.981727775741056,0.1686532065960782
5-15A,3.0,353.0489,0.024355060607384862,0.5213975500630901
5-15A,3.0,357.089,-0.7577132256012431,0.21065184935963593
5-15A,3.0,375.131,-0.1456431907186004,0.3406606053261247
5-15A,3.0,377.1496,0.15671488779010334,0.21679547988456424
5-15A,3.0,383.1188,0.5501844653466285,0.4206515179318722
5-15A,3.0,388.9416,0.7331162701983014,0.2509541417542451
5-15A,3.0,388.9442,0.6741583708205221,0.3248716977241709
5-15A,3.0,401.0756,1.0482415419408952,0.15027177494969524
5-15A,3.0,407.2795,-0.07348040712253139,0.3487425747438836
5-15A,3.0,421.0743,0.04277906963180843,0.4681315500577181
5-15A,3.0,426.0222,-1.240672589482112,0.4044723702552375
5-15A,3.0,442.9997,0.13202166269391144,0.15204895190860945
5-15A,3.0,466.9657,0.13964954462140713,0.18638506683613534
5-15A,3.0,490.9787,-0.038532395626495124,1.1470259047690037
5-15A,3.0,503.1614,0.5002205948787524,0.49801499665814447
5-15A,3.0,547.0731,-0.5408393585419384,0.03581559024825231
5-15A,3.0,565.0471,0.06258826064155971,0.3613165247011031
5-15A,3.0,578.8872,1.1818592828701802,0.2387221396525424
5-15A,3.0,579.0269,1.1218149655822207,0.26144270555966737
5-15A,3.0,612.2549,0.3866743321329092,0.17411205752388373
5-15A,3.0,624.2949,-0.6864245806104523,0.2999472300653389
5-15A,3.0,659.307,-0.12075083168739564,0.13348777088035663
5-15A,3.0,664.0939,-0.5731317431950218,0.20615464787065285
5-15A,3.0,665.2144,-0.48401661300400506,0.22470651743599612
5-15A,3.0,668.1374,-0.6136698790078936,0.000174373128681472
5-15A,3.0,787.255,-0.22029445532178554,0.4890730969497646
5-15A,3.0,790.2568,0.3581897143058993,0.36851702235502143
5-15A,3.0,835.0407,-0.5271800010345461,0.28240459106970905
5-15A,3.0,863.2971,-0.5581064407275128,0.080411312416589
5-15A,3.0,864.1473,-0.22336248410774998,0.41023949245103486
5-15A,3.0,974.2935,-0.5210551949860982,0.26444290558682787
5-15A,3.0,976.7162,0.6896043155830222,0.32617148376672417
5-15A,4.0,57.0342,1.17726037897837,0.6527879165957672
5-15A,4.0,58.0295,-0.5943869924468868,0.20424387804429106
5-15A,4.0,59.0135,1.1385784963422143,0.17255788626882093
5-15A,4.0,71.0137,1.0813879245814182,0.06412704382988896
5-15A,4.0,73.0293,-0.8516741789519984,0.02761085176937341
5-15A,4.0,74.0247,0.5854186140903164,0.3897716942361996
5-15A,4.0,75.0087,0.7873783597968378,0.6514400526478915
5-15A,4.0,87.0088,-0.6797882523697902,0.01054382475692331
5-15A,4.0,87.0451,0.841882683948852,0.786246588336256
5-15A,4.0,88.0403,-0.724144932011487,0.04267416392406529
5-15A,4.0,88.9883,-0.9800551647627931,0.4705799674572047
5-15A,4.0,89.0244,-0.6201459240204803,0.1372123439024934
5-15A,4.0,93.0338,-0.0320302523129848,0.003609815860638159
5-15A,4.0,94.9761,-0.7350805474233499,0.30785505499145915
5-15A,4.0,94.9806,0.7347389399741877,0.24651033074896356
5-15A,4.0,95.0139,1.0702586118488213,0.15606928500524414
5-15A,4.0,101.0242,0.7707406713942533,0.24216147698484033
5-15A,4.0,102.056,-0.2779936285459945,0.023961862803253933
5-15A,4.0,103.0402,-0.8238393490936604,0.02486565560491476
5-15A,4.0,103.0509,-0.7865040318407797,0.07627231338831292
5-15A,4.0,104.0352,-0.27735664940956495,0.08542174722026113
5-15A,4.0,105.0193,0.6040824878054281,0.5308270072407618
5-15A,4.0,107.0503,0.13294205088191335,0.46007496247306223
5-15A,4.0,109.0295,0.6367920117028533,0.15418084418866795
5-15A,4.0,111.02,-0.18619401169658037,0.0654484585043942
5-15A,4.0,112.0516,0.15431016846661552,0.5922090404195489
5-15A,4.0,113.0244,1.0255128072169208,0.12033700199964267
5-15A,4.0,113.0357,0.649172635190034,0.13812100704225727
5-15A,4.0,114.056,-0.05627921523395645,0.006256872445602859
5-15A,4.0,115.0037,-0.5277404502171895,0.04603824433963127
5-15A,4.0,115.0402,-0.42232944802288375,0.45599373228196427
5-15A,4.0,115.0764,-0.4227587442359737,0.5576200560410031
5-15A,4.0,116.0354,0.7694816618306345,0.41730430016009684
5-15A,4.0,116.0717,-0.6728633241665907,0.007744956471023104
5-15A,4.0,117.0194,-0.8397780152247742,0.014286660709913487
5-15A,4.0,118.0508,-0.2949449383432454,0.22750907443268614
5-15A,4.0,118.9804,1.0332664683630708,0.21471717665092796
5-15A,4.0,119.0503,-0.33300269716989234,0.2959673274248889
5-15A,4.0,120.9273,-0.41138884723150015,0.08451333944232592
5-15A,4.0,121.0295,0.08713050354932106,0.38132560085484896
5-15A,4.0,121.0409,0.46645832786143954,0.7268498619572108
5-15A,4.0,122.0248,0.4368475701248169,0.4439441465518782
5-15A,4.0,124.0075,-0.1969299825118279,0.49127902676212104
5-15A,4.0,124.0144,0.9522185338967069,0.49304155890979745
5-15A,4.0,125.0439,0.8171352261677487,0.32750477303710274
5-15A,4.0,127.0764,-0.23677843889847858,0.6077828987791789
5-15A,4.0,128.0354,0.9764966137836386,0.09674747728573412
5-15A,4.0,129.0193,-0.4238658198676883,0.05766161026996949
5-15A,4.0,129.0556,-0.8129117704659704,0.6357348358823856
5-15A,4.0,130.0142,-0.7198216008335682,0.19251584184523649
5-15A,4.0,130.0509,-0.7358414688456564,0.03503665052667875
5-15A,4.0,130.0874,-0.9645511030571162,0.018819292938070373
5-15A,4.0,131.0008,0.36637008558765527,1.0283914646913
5-15A,4.0,131.0123,-0.7661255957257611,0.05151090851238613
5-15A,4.0,131.035,0.8555934679072965,0.12922768242607896
5-15A,4.0,131.0462,0.8510825964247432,0.28559150582556553
5-15A,4.0,131.0828,-0.7067450175665677,0.19264522527561187
5-15A,4.0,132.0302,-0.13668168546845982,0.048111571314636045
5-15A,4.0,133.0142,-0.33237676416541184,0.0546881101965244
5-15A,4.0,133.0257,-0.2956565985469059,0.13375823414172475
5-15A,4.0,133.0505,-0.5287735918636608,0.05396683858314611
5-15A,4.0,134.0472,-0.706639352847015,0.3379369748540357
5-15A,4.0,134.0604,-0.1498311107415657,0.21963820941119616
5-15A,4.0,135.0302,-0.7314344263717683,0.125084870045061
5-15A,4.0,135.0453,-0.01601498752404569,0.1992683089645451
5-15A,4.0,136.0404,3.426006763793956,0.2587737351507571
5-15A,4.0,136.0487,0.4828169971710423,0.04726767415226569
5-15A,4.0,136.0767,-0.6213210431773021,0.44537464888772865
5-15A,4.0,137.0239,0.0004180025935580627,0.1021768146273304
5-15A,4.0,138.9789,-0.6998826529416985,0.4266657709201866
5-15A,4.0,139.0014,-0.18415986335550386,0.0848517308960101
5-15A,4.0,139.0067,-0.6893618674898059,0.06008528124394058
5-15A,4.0,139.976,-0.17100116237672183,0.28189129651737205
5-15A,4.0,143.0713,-0.45348326447955184,0.09227844234055865
5-15A,4.0,143.1077,-0.4046363662681948,0.7477132869481835
5-15A,4.0,145.0141,-0.28215517491271047,0.07551854872792403
5-15A,4.0,145.0506,-1.0808097833894355,0.10795831448482353
5-15A,4.0,145.0623,-0.8540727308676977,0.270963411937426
5-15A,4.0,145.0982,-0.6633204467329028,0.18535565532149362
5-15A,4.0,145.1106,-0.5468180738725088,0.19944498301316282
5-15A,4.0,146.0459,0.00223456199475175,0.020351249714639676
5-15A,4.0,147.0298,-0.7281250025821073,0.027291287886265503
5-15A,4.0,147.0662,-0.1877809573218629,0.11495668759451445
5-15A,4.0,149.0092,0.24627817805134133,0.5344674052715295
5-15A,4.0,149.0456,0.6998438487870982,0.3955995033946401
5-15A,4.0,149.0608,0.18406324800531246,0.6307606204495666
5-15A,4.0,150.0422,-0.4557577680489441,0.3296219941091293
5-15A,4.0,150.9707,0.014642534804423575,0.2150631015948979
5-15A,4.0,151.0259,-0.7503615902997517,0.04869259060978235
5-15A,4.0,151.04,0.08001836301127857,0.5570762619367513
5-15A,4.0,151.06,0.5769887591698567,0.7531182978939324
5-15A,4.0,152.0353,-0.5710293893398809,0.3832462921413991
5-15A,4.0,152.0716,0.2592064989811256,0.39533931126262106
5-15A,4.0,153.0192,1.0492807237785327,0.1366572289135744
5-15A,4.0,154.062,-0.46100083149674864,0.03834828744587947
5-15A,4.0,154.9751,-0.7698961589359736,0.02641421110125838
5-15A,4.0,155.0099,-0.1620226897460372,0.053408060809505796
5-15A,4.0,157.0128,-0.5703053859532079,0.05876506096677782
5-15A,4.0,157.0255,0.30601859940052717,0.10025336645945188
5-15A,4.0,157.0379,0.2498041095569133,0.1487297378082562
5-15A,4.0,157.0504,-0.6294943233876414,0.06380648118311029
5-15A,4.0,159.0297,1.3098330228930113,0.28201845048142227
5-15A,4.0,159.0775,-0.43205367597381394,0.15714022107651554
5-15A,4.0,160.0616,0.45644489762052565,0.8503829321804844
5-15A,4.0,161.0453,0.6246581718805063,0.2645923897950875
5-15A,4.0,162.0424,0.3503631922072773,0.26831861448029737
5-15A,4.0,163.0351,-0.944136429561899,0.06772783872662232
5-15A,4.0,163.0398,1.6269350367233466,0.050158870624474994
5-15A,4.0,163.0611,-0.11449086022039673,1.0567194539855684
5-15A,4.0,164.0716,-0.5267589351559535,0.035921160707062826
5-15A,4.0,165.03,-0.19328150858094284,0.9974973597427449
5-15A,4.0,165.0405,-0.029720217641535818,0.3972627943124162
5-15A,4.0,165.0556,-0.5317241053976661,0.15705399363264835
5-15A,4.0,166.0508,-0.21657425238086664,0.11886408773529754
5-15A,4.0,166.0632,-0.0031451781836405457,0.6486375543674463
5-15A,4.0,166.9759,-0.7869542738596382,0.437927692453927
5-15A,4.0,167.0207,-0.05040116496272786,0.19585227852920023
5-15A,4.0,167.0358,0.1511382082170185,0.5931664744570246
5-15A,4.0,167.0828,0.2558462449722966,1.1320482596383594
5-15A,4.0,168.0277,-0.08709250973310628,0.04704094156860468
5-15A,4.0,168.0664,0.681570841842738,1.1330470760054563
5-15A,4.0,170.0455,-0.7197210170565407,0.01911576654597033
5-15A,4.0,171.0065,-0.6272423508793497,0.1064266495796502
5-15A,4.0,171.0092,-0.38173108342891726,0.20169705540545202
5-15A,4.0,171.0284,-0.2164141513561751,0.03797567475849245
5-15A,4.0,172.0616,0.02304091483432394,0.2958870819983691
5-15A,4.0,172.962,-0.5413907788861949,0.0859538078993732
5-15A,4.0,173.0089,-0.5453619973938212,0.1514993969558893
5-15A,4.0,173.0453,-0.3273213171319432,0.2530585073192963
5-15A,4.0,173.0932,-0.8855170039505336,0.039342402133278255
5-15A,4.0,173.1041,-1.0080642470491497,0.0871813072283317
5-15A,4.0,174.0407,-0.6555539363225767,0.017485522075604807
5-15A,4.0,174.088,-0.7572023509259717,0.0526497892735839
5-15A,4.0,175.022,-0.7483801637812721,0.12798893181031892
5-15A,4.0,175.0361,-0.1715486913032953,0.061339836802915916
5-15A,4.0,175.0611,-0.6261733717969109,0.051848860679269214
5-15A,4.0,176.0776,-0.40380835107625646,0.22102394994586064
5-15A,4.0,177.0402,0.9321670158347564,0.6344030113311918
5-15A,4.0,177.0553,0.9670702384645693,0.5441128547049792
5-15A,4.0,178.0509,0.19921484077161983,0.06719161298752938
5-15A,4.0,179.0348,1.8382021844233816,0.13512232813230707
5-15A,4.0,179.0561,0.539716384176407,0.1859605088849217
5-15A,4.0,180.0663,0.5030379411099251,0.12568043866914347
5-15A,4.0,181.0505,-0.5647455038971372,0.13407281808597152
5-15A,4.0,182.9725,1.0809698734199444,0.1633172878478303
5-15A,4.0,183.0661,0.5085983874725559,0.7372141466462593
5-15A,4.0,184.0017,0.09290128087608512,0.12535000971324753
5-15A,4.0,184.9856,-0.4014761937622616,0.05659847691438506
5-15A,4.0,186.1136,-0.7316644647382479,0.964971300911486
5-15A,4.0,187.0234,-1.2291126436754958,0.46434639226309976
5-15A,4.0,188.035,1.609988596081854,0.9633523603336985
5-15A,4.0,188.0565,0.22291764931254227,0.033037199925251934
5-15A,4.0,189.0405,-0.2996107429664599,0.07571278489249414
5-15A,4.0,191.0197,-0.01583713525662568,0.2230549137104242
5-15A,4.0,191.0561,-0.5488601889550881,0.09689152749142654
5-15A,4.0,192.0663,0.18834287825807822,0.4709678440670981
5-15A,4.0,193.0349,0.37934954384404396,0.3926583294328905
5-15A,4.0,194.0682,-0.9343357761948388,0.12901844667566217
5-15A,4.0,194.0822,0.7563615679186848,1.0018995249221432
5-15A,4.0,195.0509,1.6191637254279554,0.08719588255425056
5-15A,4.0,195.0657,0.5620579977562122,0.5483596067963822
5-15A,4.0,196.0603,-0.14752021696185885,0.16485448371512149
5-15A,4.0,198.0182,-0.3599621797583433,0.2857683769947067
5-15A,4.0,199.0019,-0.6431189358981877,0.7185666376241802
5-15A,4.0,200.9937,0.29562325108267434,0.3376042084714248
5-15A,4.0,201.0051,-0.23511301142766333,0.667825039993236
5-15A,4.0,203.0348,-0.03193629651465432,0.37087038929606786
5-15A,4.0,203.0826,-0.08038433991267821,0.0054319922379858325
5-15A,4.0,204.0498,2.102417982948176,0.21422137072375888
5-15A,4.0,205.0351,-0.5924067730798035,0.09577275125346753
5-15A,4.0,206.0822,1.6687877247765237,1.462569340965353
5-15A,4.0,209.0292,-0.723753295588441,0.40104254764576125
5-15A,4.0,209.0814,-0.3914159184979529,0.568136257194118
5-15A,4.0,211.0235,-0.7789005288137544,0.3904712676815301
5-15A,4.0,211.9968,-0.6855788164186014,0.06056136118907232
5-15A,4.0,212.0331,-0.161034651626555,0.30048565883222056
5-15A,4.0,212.9807,-0.6660221735485619,0.01834946941213905
5-15A,4.0,213.014,-0.5141834840427714,0.0389408146154828
5-15A,4.0,213.0384,-0.39152009489775896,0.09636895455364564
5-15A,4.0,213.1252,0.980830363835054,0.609967684415986
5-15A,4.0,214.0488,-0.6159179628051034,0.6215183400595442
5-15A,4.0,215.0331,0.9994529620598124,0.18012035053903017
5-15A,4.0,216.1351,2.167409367185183,0.03367431698150277
5-15A,4.0,218.0335,1.1575440945695015,0.16245973260020802
5-15A,4.0,218.1034,0.3973301018946784,0.07905730950666556
5-15A,4.0,220.0828,1.1165090934313675,0.8729645586511994
5-15A,4.0,221.0443,0.9239173509899207,0.2829715488382804
5-15A,4.0,221.0664,0.7023934627713775,0.3345308769324423
5-15A,4.0,225.0399,0.07126901977930006,0.32277063056860605
5-15A,4.0,225.0861,-0.50157540745313,0.5953305206508834
5-15A,4.0,225.0901,-0.3992367917541825,0.9880571975442083
5-15A,4.0,226.0135,-0.2721826288349456,0.47428926594432985
5-15A,4.0,226.0697,0.41214528231031244,0.2774990255087026
5-15A,4.0,228.0501,0.12868742802734284,0.4217433126131153
5-15A,4.0,229.0122,0.1983391359212258,0.3486218315336697
5-15A,4.0,237.0614,0.01879693582583108,0.1610372189060232
5-15A,4.0,238.0945,-0.26821102274648967,0.4550956456662733
5-15A,4.0,240.0515,0.12356263137345824,0.09345395051785842
5-15A,4.0,241.0844,0.10037364729333571,0.6879279811627798
5-15A,4.0,242.0804,-0.6147840995827469,0.35795308525634145
5-15A,4.0,243.029,-0.2742974468938667,0.14041112697358646
5-15A,4.0,243.0625,-0.7968108320498619,0.4928459186742037
5-15A,4.0,245.0444,-0.4797557553401151,0.17311122871761495
5-15A,4.0,246.0198,-0.39699150236544545,0.7846976751983623
5-15A,4.0,246.064,0.7641754872489672,0.9400317059274498
5-15A,4.0,251.0816,1.4138312921826295,1.4902056383204263
5-15A,4.0,253.0119,1.2954977481327186,0.03743809613079195
5-15A,4.0,253.0499,0.49389871159077214,0.29009478479259043
5-15A,4.0,257.0072,-0.2664949696083259,0.5845005833628478
5-15A,4.0,257.1028,-0.35788640539122196,0.3883189068925694
5-15A,4.0,259.005,-0.14631492999935425,0.3292450671960748
5-15A,4.0,259.0227,1.015663911698966,0.14398596057662352
5-15A,4.0,261.0385,-0.2671277648725607,0.23557530600415066
5-15A,4.0,266.0703,-0.023875792249315367,0.10560596292579108
5-15A,4.0,267.0724,-0.6713594697475704,0.02060249286144155
5-15A,4.0,268.02,-0.29527819147916967,0.5581738003864887
5-15A,4.0,269.0398,-0.4708124131927875,0.12113384251070818
5-15A,4.0,271.0612,0.4139538947288991,0.4551826960610198
5-15A,4.0,271.0815,1.238116880453818,1.1061206282810523
5-15A,4.0,273.0021,-0.6888694181290711,0.130490712324091
5-15A,4.0,274.0933,-0.02108110295009523,0.1872662061602893
5-15A,4.0,275.0184,0.5538036743867903,0.6788882552806017
5-15A,4.0,275.0991,-0.6464945011792449,0.2171608990447602
5-15A,4.0,277.1207,1.0051766761821401,0.1470558530791592
5-15A,4.0,277.2169,0.3024044658028676,0.5650685050724572
5-15A,4.0,279.2331,-0.2992940817018303,0.05015331270952019
5-15A,4.0,282.0839,0.565920645958383,0.25804678366046463
5-15A,4.0,283.2063,-0.6150378954854193,0.20746123255966786
5-15A,4.0,285.0972,-0.17995349120937146,0.8646674987533574
5-15A,4.0,287.0157,0.25013776194099446,0.570353718709227
5-15A,4.0,288.0725,1.6911730174834458,0.19349331573876352
5-15A,4.0,289.0333,0.09409593092512643,0.6604947739917052
5-15A,4.0,289.1044,-0.6565709799701251,0.24602943563062218
5-15A,4.0,290.9677,1.6997744266952877,0.12331275222233601
5-15A,4.0,294.0479,0.7016895139075208,0.44073225224181944
5-15A,4.0,300.0509,0.26461877031831704,0.515858160950688
5-15A,4.0,301.0333,-0.39352211523958236,1.0537026444912643
5-15A,4.0,303.2326,0.22755727357939354,0.9306384224257475
5-15A,4.0,305.0207,0.3500973910657543,0.40449708394766226
5-15A,4.0,306.0481,-0.9551062022536065,0.14971090687786112
5-15A,4.0,306.0765,-0.21381267898796766,0.016235710086526838
5-15A,4.0,308.0986,1.319131682948894,0.1090393201629468
5-15A,4.0,313.0441,-0.5008490027136722,0.3333069374596135
5-15A,4.0,313.1037,-0.5436236303955645,0.8192165349832217
5-15A,4.0,317.026,0.22357682775478055,0.6763041434699419
5-15A,4.0,323.0256,-0.8602729187554581,0.2758753842155274
5-15A,4.0,325.1163,-0.8381252977170057,0.3643198664959746
5-15A,4.0,328.0457,-0.3098385181025695,0.02589567631866197
5-15A,4.0,333.0589,-0.1678161515806795,0.3860633795459708
5-15A,4.0,338.9884,-0.8230875903514064,0.2387354306641368
5-15A,4.0,339.0928,1.0460633422014134,0.35926470575470537
5-15A,4.0,341.1089,0.4266547721263481,0.37803677268416513
5-15A,4.0,344.0393,-0.6892454754156824,0.11630072553590698
5-15A,4.0,346.0556,-0.7535442077261618,0.08266406763918266
5-15A,4.0,348.087,-0.8883989561329491,0.11069307897906949
5-15A,4.0,353.0489,-0.09457923673287136,0.423652518314467
5-15A,4.0,357.089,-0.7243543099525391,0.3495947560890475
5-15A,4.0,375.131,0.26137209013359,0.39957215614986297
5-15A,4.0,377.1496,0.4258297739437559,0.4942630508514619
5-15A,4.0,383.1188,0.9253325175453013,0.5597821782875799
5-15A,4.0,388.9416,2.4428953521538985,0.3551396439419694
5-15A,4.0,388.9442,2.013771400986518,0.15277403883106236
5-15A,4.0,401.0756,0.9610080814852762,0.19509719664712294
5-15A,4.0,407.2795,-0.6481568489430449,0.1557213534229259
5-15A,4.0,421.0743,0.5329904258190339,0.8939276860955666
5-15A,4.0,426.0222,-0.501015667959152,0.47689609477061823
5-15A,4.0,442.9997,-0.09976311516262419,0.11704499423264134
5-15A,4.0,466.9657,0.08832659367766078,0.21834791692869568
5-15A,4.0,490.9787,0.8885223601796093,1.9304923861542942
5-15A,4.0,503.1614,0.3482131486029162,0.25893973525589153
5-15A,4.0,547.0731,0.1027025074135706,0.15807320859515042
5-15A,4.0,565.0471,0.8923528209431211,0.27952835740619236
5-15A,4.0,578.8872,1.1648683371071493,0.2030025614007347
5-15A,4.0,579.0269,1.5991472419262438,0.3330939276584315
5-15A,4.0,612.2549,-0.23966668725303733,0.2879377082263778
5-15A,4.0,624.2949,-0.9949409331406089,0.3487865025845107
5-15A,4.0,659.307,-0.7613322400783089,0.06774041784371253
5-15A,4.0,664.0939,-0.5731317431950218,0.08241477843694499
5-15A,4.0,665.2144,-0.24695339616126077,0.16847466754813675
5-15A,4.0,668.1374,-0.6161957110509435,0.00017900118067051712
5-15A,4.0,787.255,-0.7849323723404964,0.4611324818044645
5-15A,4.0,790.2568,0.1172893117277781,0.2725335720266569
5-15A,4.0,835.0407,-0.6708124070385291,0.11173425854437075
5-15A,4.0,863.2971,-0.5721443338488257,0.09191350573321741
5-15A,4.0,864.1473,-0.6045813394562791,0.4323888649327415
5-15A,4.0,974.2935,-0.6152806538958681,0.4063039780376388
5-15A,4.0,976.7162,0.3626876540334344,0.18863072195896946
5-15A,5.0,57.0342,1.3325150199541582,0.4875721268077991
5-15A,5.0,58.0295,-0.6908589726840498,0.30333945480957114
5-15A,5.0,59.0135,1.1360064742843714,0.3531437510374483
5-15A,5.0,71.0137,1.164836873257038,0.1925738312732284
5-15A,5.0,73.0293,-0.5915429234892061,0.050633315091580845
5-15A,5.0,74.0247,1.8482826541030573,0.7255215715915749
5-15A,5.0,75.0087,1.2142855586326908,0.4804128033029543
5-15A,5.0,87.0088,-0.650499876043303,0.02572508931773448
5-15A,5.0,87.0451,0.5169870729827994,0.40278968697501627
5-15A,5.0,88.0403,-0.5562380523580337,0.044699759990760514
5-15A,5.0,88.9883,-0.9730604402870712,0.3092889421720413
5-15A,5.0,89.0244,-0.1917948296824029,0.05143869774696012
5-15A,5.0,93.0338,-0.029492895769973347,0.019944532931101523
5-15A,5.0,94.9761,-0.6803185404551759,0.25817597979980866
5-15A,5.0,94.9806,0.9963758793229565,0.3216065682233488
5-15A,5.0,95.0139,1.1317459440724156,0.12061883879747738
5-15A,5.0,101.0242,0.9450922235321915,0.22629286920424185
5-15A,5.0,102.056,-0.184043882252388,0.053180106974872646
5-15A,5.0,103.0402,-0.6387293928936362,0.05845446994939799
5-15A,5.0,103.0509,-0.5759969202890196,0.04529607284257031
5-15A,5.0,104.0352,0.21898110870163467,0.2336303961618616
5-15A,5.0,105.0193,-0.10761870515753394,0.8585733306068022
5-15A,5.0,107.0503,0.5873929494705308,0.46022874734605407
5-15A,5.0,109.0295,1.0695659917597637,0.29710155418237083
5-15A,5.0,111.02,0.08509155279212337,0.08266794200364175
5-15A,5.0,112.0516,0.22343404910294815,0.3095854572247747
5-15A,5.0,113.0244,1.0207864419786556,0.05878416295840925
5-15A,5.0,113.0357,1.0415811964682316,0.07296724661137749
5-15A,5.0,114.056,0.31338315689020907,0.0211149890205196
5-15A,5.0,115.0037,-0.2942479757536841,0.04104033065218755
5-15A,5.0,115.0402,-0.276360157076033,0.43118612259051176
5-15A,5.0,115.0764,-0.04560836203935743,0.6471281585669697
5-15A,5.0,116.0354,2.5794820106987975,0.2819871170414521
5-15A,5.0,116.0717,-0.6304808279532257,0.017357677250499248
5-15A,5.0,117.0194,-0.6119264074783232,0.02573001655002896
5-15A,5.0,118.0508,0.08913982693318963,0.1727541719180487
5-15A,5.0,118.9804,1.0826892898746623,0.15956689764886656
5-15A,5.0,119.0503,-0.4634529726940416,0.21956665432495273
5-15A,5.0,120.9273,-0.4328271974804928,0.047721024885688614
5-15A,5.0,121.0295,0.6564286743786022,0.6176900639259858
5-15A,5.0,121.0409,0.6037795162474886,0.21937574189210488
5-15A,5.0,122.0248,0.4767822684553128,0.323300078742598
5-15A,5.0,124.0075,-0.36052878007021416,0.7802301307921808
5-15A,5.0,124.0144,0.7906872728483809,0.20904516547009716
5-15A,5.0,125.0439,0.3226694824532649,0.19514220471106514
5-15A,5.0,127.0764,0.26466069686728433,0.30053531322122506
5-15A,5.0,128.0354,1.5042111245248728,0.03273933193296355
5-15A,5.0,129.0193,0.03361444029779851,0.11018993606840878
5-15A,5.0,129.0556,-0.4084007293698412,0.275866447727666
5-15A,5.0,130.0142,-0.7436020304193158,0.28808854299731207
5-15A,5.0,130.0509,-0.44724482110185004,0.03179537956597204
5-15A,5.0,130.0874,-0.8794972955801321,0.04693246318433385
5-15A,5.0,131.0008,-0.24504220515849126,1.0521835165359297
5-15A,5.0,131.0123,-0.66470276437599,0.08413602655264192
5-15A,5.0,131.035,0.7671531736161799,0.25243994687178545
5-15A,5.0,131.0462,0.48462480054558477,0.1764007187032648
5-15A,5.0,131.0828,-0.7451651985152059,0.12863793428032488
5-15A,5.0,132.0302,0.33268040574628077,0.05899719875880516
5-15A,5.0,133.0142,-0.13747072553815584,0.0794048330755613
5-15A,5.0,133.0257,-0.10810778359919052,0.13823015676273728
5-15A,5.0,133.0505,0.044567266142063564,0.03684717085779249
5-15A,5.0,134.0472,0.4075194564364617,0.16613123470027633
5-15A,5.0,134.0604,0.5554872468307224,0.24123330762405554
5-15A,5.0,135.0302,-0.5608104390242585,0.13222706630764716
5-15A,5.0,135.0453,0.10188615410233681,0.1125361111529713
5-15A,5.0,136.0404,4.578529766795372,0.06572805871240406
5-15A,5.0,136.0487,0.5599810913089152,0.29370109795050314
5-15A,5.0,136.0767,0.20685319476181724,0.5891541999869299
5-15A,5.0,137.0239,-0.1490812281215272,0.23110407009128192
5-15A,5.0,138.9789,0.3695941053112967,0.3977128068288166
5-15A,5.0,139.0014,-0.018722495001532686,0.0831339999614185
5-15A,5.0,139.0067,-0.5819089093281462,0.048672543737988634
5-15A,5.0,139.976,-0.272418257313265,0.46841422029764346
5-15A,5.0,143.0713,0.025134876266843114,0.336947983608877
5-15A,5.0,143.1077,0.4812755305194001,0.23348718029064136
5-15A,5.0,145.0141,-0.253258474777034,0.18152108480647866
5-15A,5.0,145.0506,-0.9715738270531746,0.13733994064861269
5-15A,5.0,145.0623,-0.9881560429283577,0.11829740675015712
5-15A,5.0,145.0982,-0.9053958179464539,0.15206023894239318
5-15A,5.0,145.1106,-0.47408393179979885,0.4894961154060931
5-15A,5.0,146.0459,0.21467773899225057,0.0328120416918946
5-15A,5.0,147.0298,-0.569567064065243,0.04085965400444916
5-15A,5.0,147.0662,0.529988130237131,0.04525726870235386
5-15A,5.0,149.0092,1.0041904282830283,1.0250934171032544
5-15A,5.0,149.0456,2.180018318177547,0.2054929902762455
5-15A,5.0,149.0608,0.3045054146197562,0.39433955813402083
5-15A,5.0,150.0422,0.1137149044840277,0.5388319621536836
5-15A,5.0,150.9707,-1.0394082243521408,0.7192663738911137
5-15A,5.0,151.0259,-0.6144776834874974,0.07314557910635575
5-15A,5.0,151.04,-0.3915493998125115,0.44638340674125054
5-15A,5.0,151.06,0.22300699780014055,0.928554495638032
5-15A,5.0,152.0353,0.5084223749688974,0.41918839095987187
5-15A,5.0,152.0716,0.4077470767221546,0.2986244008898948
5-15A,5.0,153.0192,1.6440805626007289,0.026609371155723982
5-15A,5.0,154.062,-0.5358040842105625,0.0876209348804046
5-15A,5.0,154.9751,-0.5076514478931926,0.04015639239621402
5-15A,5.0,155.0099,0.14848920638805085,0.04270938900555352
5-15A,5.0,157.0128,-0.5097666435032233,0.02020038402811638
5-15A,5.0,157.0255,0.6311302647285372,0.03332581814298001
5-15A,5.0,157.0379,0.6952104083870192,0.08803617771007119
5-15A,5.0,157.0504,-0.3489979590017754,0.04289653740497499
5-15A,5.0,159.0297,0.6459961248320272,0.4438946130967869
5-15A,5.0,159.0775,-0.05668615350767277,0.0684042089114558
5-15A,5.0,160.0616,0.26925101510649313,0.513308086978806
5-15A,5.0,161.0453,0.3874692068505957,0.06532037477520306
5-15A,5.0,162.0424,0.5592569002723216,0.2317594604420796
5-15A,5.0,163.0351,-0.09357467585290172,0.25287647217750314
5-15A,5.0,163.0398,2.1095427776761797,0.20632060190680354
5-15A,5.0,163.0611,0.8884826780929074,0.5462555694582847
5-15A,5.0,164.0716,-0.6377285241048261,0.07091095619383582
5-15A,5.0,165.03,-0.03139546719319991,0.4901446850531415
5-15A,5.0,165.0405,0.9531580434043102,0.1435371908568592
5-15A,5.0,165.0556,-0.04195801979460187,0.14133114489109855
5-15A,5.0,166.0508,-0.4238208302063409,0.5037147189919271
5-15A,5.0,166.0632,-0.6457242722353983,0.6539596487617043
5-15A,5.0,166.9759,-0.9013099590504978,0.19542576783080648
5-15A,5.0,167.0207,-0.24257096824510935,0.25503293990668247
5-15A,5.0,167.0358,0.4927202686492633,0.6878488266008693
5-15A,5.0,167.0828,-0.5425365625603534,0.7713174256337924
5-15A,5.0,168.0277,-0.06947612301806588,0.03173045109405308
5-15A,5.0,168.0664,-0.1898697226971111,0.4567697902427615
5-15A,5.0,170.0455,-0.6262161574741181,0.008441265732179175
5-15A,5.0,171.0065,-0.4693109684653647,0.03059858317416394
5-15A,5.0,171.0092,-0.4648807468269941,0.1476314824708144
5-15A,5.0,171.0284,0.15791281411124825,0.07916000855472988
5-15A,5.0,172.0616,0.6538380315303964,0.2587488897777492
5-15A,5.0,172.962,-0.48124218153138415,0.039428259531372654
5-15A,5.0,173.0089,-0.2939835247635336,0.129352590905803
5-15A,5.0,173.0453,0.21282646997358823,0.16140165378534463
5-15A,5.0,173.0932,-0.7637117668051201,0.01242926734522657
5-15A,5.0,173.1041,-1.0378257535886835,0.09589205935856933
5-15A,5.0,174.0407,-0.3887056115091033,0.023176568936330355
5-15A,5.0,174.088,-0.6333585891227945,0.12159616767332437
5-15A,5.0,175.022,-0.5290040417221892,0.14315394751311394
5-15A,5.0,175.0361,0.3239074463197885,0.056137002455109754
5-15A,5.0,175.0611,-0.2098248159653215,0.0525277614341257
5-15A,5.0,176.0776,-0.38120019131020444,0.19752028647722344
5-15A,5.0,177.0402,0.727683089504384,0.4561088956904536
5-15A,5.0,177.0553,-0.311514813775541,0.24328742197122719
5-15A,5.0,178.0509,0.04175417418766436,0.020611650363544072
5-15A,5.0,179.0348,2.5759715902753126,0.21186376403016874
5-15A,5.0,179.0561,1.009531047921016,0.12792420699041684
5-15A,5.0,180.0663,1.0462860692026377,0.12123169627599704
5-15A,5.0,181.0505,-0.003297321911979463,0.11722348195272779
5-15A,5.0,182.9725,0.7417131087462723,0.12994194793938996
5-15A,5.0,183.0661,0.6292881893210556,0.5835917036033847
5-15A,5.0,184.0017,0.09342543797976775,0.07563781791744933
5-15A,5.0,184.9856,-0.6659934527502958,0.08626837617659662
5-15A,5.0,186.1136,0.3895809296323388,0.46012635581174144
5-15A,5.0,187.0234,-0.6688319457175818,0.45359301267330826
5-15A,5.0,188.035,1.7266779362383562,1.3452267815374483
5-15A,5.0,188.0565,0.7421293310334067,0.10456362952045366
5-15A,5.0,189.0405,0.9560482786770053,0.045389139612480305
5-15A,5.0,191.0197,-0.02402245077614339,0.1589178833923458
5-15A,5.0,191.0561,-0.17616361091842614,0.07576979040893891
5-15A,5.0,192.0663,-0.3619888900069447,0.28959184940264926
5-15A,5.0,193.0349,0.3483831561432724,0.3735309962479077
5-15A,5.0,194.0682,-1.004794611340401,0.09553500797665568
5-15A,5.0,194.0822,0.07301148944901228,0.34601067511084277
5-15A,5.0,195.0509,2.187971342167244,0.15463028192439776
5-15A,5.0,195.0657,0.7598210180061533,0.5220523383637974
5-15A,5.0,196.0603,0.3511885175222187,0.04569268536245817
5-15A,5.0,198.0182,-0.27657068410137176,0.39546835662795116
5-15A,5.0,199.0019,-0.15514385169221726,0.3698680988424332
5-15A,5.0,200.9937,0.6487455141058525,0.1960956105502736
5-15A,5.0,201.0051,0.434808797531842,0.9151122268739087
5-15A,5.0,203.0348,-0.10783159135933944,0.288641815579871
5-15A,5.0,203.0826,-0.0941426977874337,0.011323339585390122
5-15A,5.0,204.0498,0.13190253436224966,0.22099444918634106
5-15A,5.0,205.0351,-0.57614643862672,0.14609186722616158
5-15A,5.0,206.0822,0.5729530684418512,0.8288752246557195
5-15A,5.0,209.0292,-0.2874185940937145,0.09354800129626727
5-15A,5.0,209.0814,-0.23839877197764225,0.19924993286195342
5-15A,5.0,211.0235,-0.2137088135126979,0.6680071123430334
5-15A,5.0,211.9968,-0.4194610060895758,0.1374634815828364
5-15A,5.0,212.0331,0.21977145882916943,0.3760422705459396
5-15A,5.0,212.9807,-0.5182705320189254,0.056619249175223645
5-15A,5.0,213.014,-0.7018499217705382,0.22861568588140938
5-15A,5.0,213.0384,-0.4823554242001857,0.19098038432613787
5-15A,5.0,213.1252,-1.197762533806698,0.638656419015574
5-15A,5.0,214.0488,0.4388572826023977,0.2899615424020667
5-15A,5.0,215.0331,1.4766305266507644,0.13575406512358776
5-15A,5.0,216.1351,3.478780000519817,0.4234844521517371
5-15A,5.0,218.0335,1.4445664065528288,0.13074017718522074
5-15A,5.0,218.1034,1.1895188041331417,0.15794562541354226
5-15A,5.0,220.0828,1.3083715123279136,0.3828112515188097
5-15A,5.0,221.0443,0.9263360391078843,0.16989116371700894
5-15A,5.0,221.0664,1.7319085731969537,0.38909835523948566
5-15A,5.0,225.0399,-0.15505206774874378,0.7765496818272913
5-15A,5.0,225.0861,0.4433237636579806,0.36080218082904797
5-15A,5.0,225.0901,0.1133770804648612,0.23869624131190237
5-15A,5.0,226.0135,0.15449369795985396,0.29900521019133336
5-15A,5.0,226.0697,0.5181065286532429,0.6015834305623717
5-15A,5.0,228.0501,-0.5454328745940394,0.08073156415620303
5-15A,5.0,229.0122,0.4615146435877041,0.20846466700188102
5-15A,5.0,237.0614,0.6208551059515868,0.3032140139717897
5-15A,5.0,238.0945,-0.5863613833219041,0.2931772105270313
5-15A,5.0,240.0515,0.19424743502076205,0.057058811595920245
5-15A,5.0,241.0844,0.07577091786992995,0.4009879364204915
5-15A,5.0,242.0804,-0.37985588197059356,0.44368523915096675
5-15A,5.0,243.029,-0.03482106983179402,0.2138947744252123
5-15A,5.0,243.0625,-0.5407731761471322,0.5152664841571738
5-15A,5.0,245.0444,-0.11905380778760835,0.2641916512039946
5-15A,5.0,246.0198,-0.29081808281777366,0.5386251907368499
5-15A,5.0,246.064,0.7528411809572311,1.2604878210748485
5-15A,5.0,251.0816,-0.5094650060500457,0.3340975608100398
5-15A,5.0,253.0119,1.9021332662734178,0.013700638130330647
5-15A,5.0,253.0499,0.6829348482935766,0.5342652921651022
5-15A,5.0,257.0072,-0.8340843340443199,0.43286189689828003
5-15A,5.0,257.1028,-0.7894731996081069,0.48585950271003553
5-15A,5.0,259.005,-0.04013434899168719,0.6611596488366454
5-15A,5.0,259.0227,1.710948029281723,0.23052998574820385
5-15A,5.0,261.0385,-0.07774298676285958,0.10292881291476838
5-15A,5.0,266.0703,0.26007973331370926,0.3368698501124521
5-15A,5.0,267.0724,-0.6230373942846696,0.04897394163807062
5-15A,5.0,268.02,-0.26074658060615713,0.5378408602894938
5-15A,5.0,269.0398,-0.6461776410751094,0.070479229675645
5-15A,5.0,271.0612,0.36384383147412175,0.4385026863078218
5-15A,5.0,271.0815,0.530565989359373,0.7021603285946751
5-15A,5.0,273.0021,-0.5678592328023699,0.16294516566114312
5-15A,5.0,274.0933,0.49210032866891074,0.13537714112555238
5-15A,5.0,275.0184,1.4402223220126409,0.6680889185646767
5-15A,5.0,275.0991,-0.3449445324424465,0.05497164396577684
5-15A,5.0,277.1207,1.0896367307413617,0.08908352806567257
5-15A,5.0,277.2169,0.1693365182578918,0.20052950458603935
5-15A,5.0,279.2331,-0.36686202653814615,0.011170691020414845
5-15A,5.0,282.0839,0.5362190693150278,0.9614098205080477
5-15A,5.0,283.2063,-0.6849690171696299,0.2335217252177103
5-15A,5.0,285.0972,-0.6447996968739181,0.3823048625849812
5-15A,5.0,287.0157,0.8513847650160628,0.18581113972444877
5-15A,5.0,288.0725,2.0025331437850262,0.17650338264100346
5-15A,5.0,289.0333,0.05930455755111816,0.3461503172176074
5-15A,5.0,289.1044,-0.3719418712206236,0.2394974135600763
5-15A,5.0,290.9677,2.2219365178863546,0.16300911225053102
5-15A,5.0,294.0479,-0.45393725530050805,0.7054061798007372
5-15A,5.0,300.0509,0.7951023441014322,1.327790281357975
5-15A,5.0,301.0333,-0.6879268790164551,0.6697575908191108
5-15A,5.0,303.2326,-0.3903451726422202,0.15157439215509605
5-15A,5.0,305.0207,0.6747482244230346,0.1372270479927188
5-15A,5.0,306.0481,-0.6472185556063637,0.115546503400595
5-15A,5.0,306.0765,-0.20640643450432564,0.03657621924702929
5-15A,5.0,308.0986,2.019102824160149,0.10944808200000751
5-15A,5.0,313.0441,-0.32570279560732285,0.22357213315216762
5-15A,5.0,313.1037,0.0025739357741348112,0.4559239790037326
5-15A,5.0,317.026,0.4463207872223871,0.16941268440309906
5-15A,5.0,323.0256,-0.3483176461593408,0.4715804573133133
5-15A,5.0,325.1163,-0.7472109391402935,0.3578372037747234
5-15A,5.0,328.0457,0.2018546389585152,0.1477451164574454
5-15A,5.0,333.0589,0.4342694611159582,0.2572694427389825
5-15A,5.0,338.9884,-0.47298598728984353,0.2683617900549168
5-15A,5.0,339.0928,1.404395887295871,0.3765890308217254
5-15A,5.0,341.1089,0.5208619375241839,0.24499215643558941
5-15A,5.0,344.0393,-0.41127192462204765,0.18505893992431188
5-15A,5.0,346.0556,-0.7269903830066844,0.104857558716249
5-15A,5.0,348.087,-0.7815095388040062,0.06343245709369563
5-15A,5.0,353.0489,0.3205687822850042,0.8242698370744909
5-15A,5.0,357.089,-0.4522157875552173,0.24673067196881834
5-15A,5.0,375.131,0.31976993477759985,0.8305525701176089
5-15A,5.0,377.1496,-0.09653237535920647,0.7073711588399325
5-15A,5.0,383.1188,1.3367852199567491,0.4480125938794186
5-15A,5.0,388.9416,1.574945517010136,0.32655660640091577
5-15A,5.0,388.9442,1.7786861059991705,0.2885026407837932
5-15A,5.0,401.0756,0.9791203446943229,0.08496266263912881
5-15A,5.0,407.2795,-0.5063322777091663,0.19479525649269036
5-15A,5.0,421.0743,0.20996097723323215,0.4521566174173567
5-15A,5.0,426.0222,0.014225221646625177,0.22980744870087938
5-15A,5.0,442.9997,0.15152830241451098,0.11768444097675362
5-15A,5.0,466.9657,0.51501886466253,0.24022544875236446
5-15A,5.0,490.9787,1.5854117973028188,1.0985032524521452
5-15A,5.0,503.1614,0.9588226945438403,0.6581641844185568
5-15A,5.0,547.0731,0.6112114853332358,0.16814790662802895
5-15A,5.0,565.0471,1.0380533583095057,0.30306178757511926
5-15A,5.0,578.8872,1.3154950469877866,0.12509785689593322
5-15A,5.0,579.0269,0.6746101701908775,0.10444457431510594
5-15A,5.0,612.2549,0.33480183732591484,0.29090039278590957
5-15A,5.0,624.2949,-0.45747692240680815,0.2854894611616824
5-15A,5.0,659.307,0.5506364718736605,0.35494726398555665
5-15A,5.0,664.0939,-0.20749891845001472,0.1989253845870053
5-15A,5.0,665.2144,-0.3526392145074103,0.323425363285028
5-15A,5.0,668.1374,-0.6081310106919666,0.0010467438030470923
5-15A,5.0,787.255,0.6344785596998953,0.5233517668059572
5-15A,5.0,790.2568,0.4737960737200647,0.2731970077046837
5-15A,5.0,835.0407,-0.7099848814032517,0.1279028271945863
5-15A,5.0,863.2971,-0.3632167297316255,0.07033083076703153
5-15A,5.0,864.1473,0.2749982219961886,0.5080678550045912
5-15A,5.0,974.2935,-0.1998633022060794,0.1106922303304061
5-15A,5.0,976.7162,1.217663709339225,0.2084196545676128
5-15A,6.0,57.0342,-0.17507658166181997,0.28373373147326264
5-15A,6.0,58.0295,-0.22366762184998995,0.3238744693136654
5-15A,6.0,59.0135,0.348908370229172,0.27007552275896873
5-15A,6.0,71.0137,0.4304978452695439,0.14157844027633537
5-15A,6.0,73.0293,-0.3371207768750838,0.05950113566533589
5-15A,6.0,74.0247,1.3760246446977369,0.4282758784028527
5-15A,6.0,75.0087,0.22262366652472093,0.21807512809571342
5-15A,6.0,87.0088,-0.6191078328284185,0.022370557723043596
5-15A,6.0,87.0451,0.6060532835752174,0.49352313860299063
5-15A,6.0,88.0403,-0.37999667790957026,0.04665780683476556
5-15A,6.0,88.9883,-0.9390860642621357,0.3362658231162606
5-15A,6.0,89.0244,-0.49333595157460086,0.19148769106077565
5-15A,6.0,93.0338,-0.017015379573927337,0.013784770107031018
5-15A,6.0,94.9761,-0.8904990492761652,0.34360612251442774
5-15A,6.0,94.9806,0.531564448113898,0.24216810692990837
5-15A,6.0,95.0139,0.48395290676213465,0.09427027188989873
5-15A,6.0,101.0242,-0.058573777288243964,0.19429295098880456
5-15A,6.0,102.056,-0.23424162695489426,0.024221458046816576
5-15A,6.0,103.0402,-0.5559546288498145,0.018890263883744252
5-15A,6.0,103.0509,-0.5885190475035134,0.11988132335554702
5-15A,6.0,104.0352,-0.04029450500557631,0.13958451097218547
5-15A,6.0,105.0193,0.1035872415901045,0.44502753011562673
5-15A,6.0,107.0503,-0.5656878810817214,0.3238637595241418
5-15A,6.0,109.0295,0.9268729437479237,0.29061682478781004
5-15A,6.0,111.02,0.3100932230239995,0.14204182550390465
5-15A,6.0,112.0516,0.100872091513143,0.3470691909758035
5-15A,6.0,113.0244,0.43025583894335234,0.16861107361032707
5-15A,6.0,113.0357,1.087356255514918,0.28572776873036326
5-15A,6.0,114.056,0.8489498777004056,0.09788779223603443
5-15A,6.0,115.0037,0.031434809040631735,0.13763935281692244
5-15A,6.0,115.0402,-0.30758422195286816,0.6599743045364906
5-15A,6.0,115.0764,-0.01885822959423225,0.4314474545785164
5-15A,6.0,116.0354,2.445541384251942,0.21481705886921706
5-15A,6.0,116.0717,-0.5586456440866371,0.041542628307005856
5-15A,6.0,117.0194,-0.34061555546335787,0.068773426749352
5-15A,6.0,118.0508,0.21472048303092597,0.3884451877170895
5-15A,6.0,118.9804,0.3630743184712516,0.11791368788486851
5-15A,6.0,119.0503,-0.3433794236320406,0.5691846777217298
5-15A,6.0,120.9273,-0.5239175717452002,0.02951159815753964
5-15A,6.0,121.0295,0.8516216384125486,0.6062792850863405
5-15A,6.0,121.0409,0.7276754487857396,0.925806917833002
5-15A,6.0,122.0248,1.0783843804765405,0.5327291574043918
5-15A,6.0,124.0075,-0.4801053730290348,0.2797694767434018
5-15A,6.0,124.0144,1.0555153489018594,0.254928437759719
5-15A,6.0,125.0439,1.7216943091401258,0.28222351039890625
5-15A,6.0,127.0764,0.04423071045115784,0.5237748186572393
5-15A,6.0,128.0354,1.5290192491603563,0.14702078884406622
5-15A,6.0,129.0193,-0.0007759261465377226,0.16722774342086957
5-15A,6.0,129.0556,-0.4232783720344106,0.31631934795012134
5-15A,6.0,130.0142,-0.07058722202267252,0.46595856485254955
5-15A,6.0,130.0509,-0.08002318780435602,0.08492612007909552
5-15A,6.0,130.0874,-0.7526918636235611,0.04058328050996289
5-15A,6.0,131.0008,-0.8746840152217259,0.1538876623261275
5-15A,6.0,131.0123,-0.6089140403623542,0.030130543060815397
5-15A,6.0,131.035,0.8693488271427082,0.12447890809424945
5-15A,6.0,131.0462,0.6521355332207392,0.25033999107897914
5-15A,6.0,131.0828,-0.7160590008268437,0.1189400762295162
5-15A,6.0,132.0302,0.7308199994470415,0.16427763863452483
5-15A,6.0,133.0142,-0.16139289907573973,0.0977569989243138
5-15A,6.0,133.0257,-0.07400799906324226,0.18144491875056873
5-15A,6.0,133.0505,0.17499517896132225,0.11126982707502067
5-15A,6.0,134.0472,0.08055038035161831,0.251132181934361
5-15A,6.0,134.0604,1.0438160054048153,0.3203311807491451
5-15A,6.0,135.0302,-0.35553933587863196,0.09919511284277435
5-15A,6.0,135.0453,0.5083833010486335,0.3560201970141294
5-15A,6.0,136.0404,5.333205938519704,0.4607639133231879
5-15A,6.0,136.0487,1.2675503449125034,0.22721768709864185
5-15A,6.0,136.0767,0.2923751593151067,0.3243832391361162
5-15A,6.0,137.0239,-0.22367368397188064,0.13196625966251088
5-15A,6.0,138.9789,-0.4140154297203548,0.31330728657995754
5-15A,6.0,139.0014,0.2883574091109899,0.08995985128576955
5-15A,6.0,139.0067,-0.6978211892587862,0.04506671416891706
5-15A,6.0,139.976,-1.0584007430714744,0.5132048018278266
5-15A,6.0,143.0713,-0.44023480195889114,0.32411414203365085
5-15A,6.0,143.1077,-0.14464948073339995,0.3467806154777482
5-15A,6.0,145.0141,-0.2261678183998373,0.10711407859516588
5-15A,6.0,145.0506,-0.8787815751760732,0.1357921551486009
5-15A,6.0,145.0623,-0.8350031042635151,0.3332229116493152
5-15A,6.0,145.0982,-0.9472560362930331,0.12908516076273982
5-15A,6.0,145.1106,-0.5893606852735279,0.5835898082538928
5-15A,6.0,146.0459,0.12424097863913469,0.060277042739229764
5-15A,6.0,147.0298,-0.5179571185975628,0.09737818451583587
5-15A,6.0,147.0662,0.6627428915504014,0.21598000487642005
5-15A,6.0,149.0092,-0.08093678206764861,0.5193270318315378
5-15A,6.0,149.0456,1.2402352238668648,0.11297670485270857
5-15A,6.0,149.0608,-0.2208995814804611,0.7014730749649043
5-15A,6.0,150.0422,-0.6681485083875816,0.6604866131540951
5-15A,6.0,150.9707,-0.5041222588870516,0.2863632707121631
5-15A,6.0,151.0259,-0.6484836457484426,0.06837759398782535
5-15A,6.0,151.04,-0.47334314818642154,0.7760171041769887
5-15A,6.0,151.06,2.057668565874889,1.5674533019206076
5-15A,6.0,152.0353,-0.22924580721415383,0.5851615783585197
5-15A,6.0,152.0716,0.28559026056923015,0.35405982438098976
5-15A,6.0,153.0192,1.163690549340875,0.18688444931460266
5-15A,6.0,154.062,-0.37812176414970944,0.10536929620155903
5-15A,6.0,154.9751,-0.08786948863228958,0.07893379970152378
5-15A,6.0,155.0099,0.46199545277057485,0.16473312980724406
5-15A,6.0,157.0128,-0.3774996944088472,0.15454279179431463
5-15A,6.0,157.0255,0.9103633325083804,0.21997844191109509
5-15A,6.0,157.0379,0.8871207087547783,0.17759359630204255
5-15A,6.0,157.0504,-0.20269934714749366,0.10401521142366311
5-15A,6.0,159.0297,0.3125825476527491,0.27181061996434436
5-15A,6.0,159.0775,0.26127325038057625,0.21388909284879892
5-15A,6.0,160.0616,1.101067440413209,0.15842135307362926
5-15A,6.0,161.0453,0.42090323483478753,0.4043809846333211
5-15A,6.0,162.0424,0.49008756299705264,0.3162631305080594
5-15A,6.0,163.0351,-0.4178937317842171,0.5455675094521847
5-15A,6.0,163.0398,2.508527514860572,0.2357197932857645
5-15A,6.0,163.0611,1.3202537155166707,0.2246900480910909
5-15A,6.0,164.0716,-0.46555695746709047,0.12008330704524499
5-15A,6.0,165.03,-0.4689729959578892,0.524562537204109
5-15A,6.0,165.0405,0.20192995559742558,0.6952420467675067
5-15A,6.0,165.0556,0.853220442859254,0.18081868477211763
5-15A,6.0,166.0508,0.23445128228809792,0.22485510605175243
5-15A,6.0,166.0632,0.3622093799523123,0.8265852871238074
5-15A,6.0,166.9759,-0.4777703842695363,0.29521560200354974
5-15A,6.0,167.0207,-0.43515672348264745,0.4436018558460902
5-15A,6.0,167.0358,-0.3615137574515289,0.48635525914169114
5-15A,6.0,167.0828,-0.12119786846328509,0.7238509002595283
5-15A,6.0,168.0277,-0.10111757297619636,0.03447313344241005
5-15A,6.0,168.0664,0.1593820384401773,0.42160386170746517
5-15A,6.0,170.0455,-0.5636304193379181,0.022919587295691483
5-15A,6.0,171.0065,-0.6104308219427534,0.1554158494510605
5-15A,6.0,171.0092,-0.40527789076288595,0.11524009608636171
5-15A,6.0,171.0284,0.0387499046890927,0.09897404040654156
5-15A,6.0,172.0616,0.4866595607120384,0.4112247693245121
5-15A,6.0,172.962,-0.28338056063063755,0.031785916854938846
5-15A,6.0,173.0089,-0.1833483904366332,0.1705612005688587
5-15A,6.0,173.0453,0.2739211768042261,0.21764981930969568
5-15A,6.0,173.0932,-0.677921247937692,0.08868699104338448
5-15A,6.0,173.1041,-0.5746990688213142,0.5666126019181837
5-15A,6.0,174.0407,-0.01818524702474495,0.09510823293789093
5-15A,6.0,174.088,-0.45708669017181924,0.04548885051114623
5-15A,6.0,175.022,-0.45297088405222713,0.22483664720057495
5-15A,6.0,175.0361,0.7226108358507475,0.17620152552286852
5-15A,6.0,175.0611,-0.09599500068189652,0.10290562248156944
5-15A,6.0,176.0776,-0.07644219766382374,0.13703355005328202
5-15A,6.0,177.0402,0.2939499613214051,0.2799396252341447
5-15A,6.0,177.0553,-0.7632918893422775,0.407208226082235
5-15A,6.0,178.0509,0.20342797752616348,0.1317725386607234
5-15A,6.0,179.0348,1.5483841951367068,0.47277599402135956
5-15A,6.0,179.0561,0.21514267661489256,0.1834186723187288
5-15A,6.0,180.0663,0.24069301774674343,0.26334657858223653
5-15A,6.0,181.0505,1.4671553250029745,0.3735328979185319
5-15A,6.0,182.9725,0.03012737906910442,0.16472652834820947
5-15A,6.0,183.0661,0.04297856022272254,0.28577079850672926
5-15A,6.0,184.0017,0.004973926733325198,0.11582656404910258
5-15A,6.0,184.9856,-0.7741516208698476,0.16284645721978894
5-15A,6.0,186.1136,-0.6572155753736013,0.8261380660216044
5-15A,6.0,187.0234,-0.1789354630564745,0.6796495364916133
5-15A,6.0,188.035,1.8574132154877705,0.6292907587857254
5-15A,6.0,188.0565,1.094629022522422,0.19879516806975078
5-15A,6.0,189.0405,0.44563549976239797,0.1402700246753755
5-15A,6.0,191.0197,0.03274722193302721,0.25970017604315376
5-15A,6.0,191.0561,0.23251640830090448,0.13053647736880525
5-15A,6.0,192.0663,0.3127695908560858,0.6658238684505091
5-15A,6.0,193.0349,0.1511761607857276,0.5963962884134895
5-15A,6.0,194.0682,-0.7697803031452033,0.04443360306052817
5-15A,6.0,194.0822,-0.22849639487577628,0.5306246597013778
5-15A,6.0,195.0509,1.1567473408789921,0.15290002125838276
5-15A,6.0,195.0657,0.08372977080084917,1.0258576409008486
5-15A,6.0,196.0603,0.44283449107310024,0.32784130664979083
5-15A,6.0,198.0182,-0.2799400374612494,0.32553661556646823
5-15A,6.0,199.0019,-0.2264281165485409,0.6408283674781119
5-15A,6.0,200.9937,-0.11958249924031053,0.2547682294187572
5-15A,6.0,201.0051,0.7143539804555432,0.5084290323831835
5-15A,6.0,203.0348,-0.6224308186644538,0.08408785507179478
5-15A,6.0,203.0826,-0.08601138759610343,0.009093939794102557
5-15A,6.0,204.0498,0.022548111028627915,0.41606437794041645
5-15A,6.0,205.0351,-0.21851822903969467,0.19108026414301654
5-15A,6.0,206.0822,1.534670647434071,0.7668325466388979
5-15A,6.0,209.0292,-0.44271251935010536,0.12654846396722202
5-15A,6.0,209.0814,-1.1715395430851228,0.5222769332063399
5-15A,6.0,211.0235,-0.46687258776693913,0.2640267931465776
5-15A,6.0,211.9968,-0.01449912080627598,0.10329033870894264
5-15A,6.0,212.0331,0.2813420120142662,0.5620795259474509
5-15A,6.0,212.9807,-0.5072897256947948,0.16179012390930558
5-15A,6.0,213.014,-0.7632412931721778,0.25877298654613357
5-15A,6.0,213.0384,-0.6273989338927703,0.127563029895753
5-15A,6.0,213.1252,-0.9428778967673306,0.3844736888217307
5-15A,6.0,214.0488,0.34360417427645107,0.7971505180543144
5-15A,6.0,215.0331,0.5960897090379097,0.1941402201860306
5-15A,6.0,216.1351,2.2068659689220125,0.470317608045509
5-15A,6.0,218.0335,0.5918552875455931,0.18978156722134926
5-15A,6.0,218.1034,1.076370599192456,0.13374648881163323
5-15A,6.0,220.0828,0.317709349398036,0.6194265810934557
5-15A,6.0,221.0443,0.2122446623673542,0.13690199216897428
5-15A,6.0,221.0664,-0.08146643167310068,0.5961581253002867
5-15A,6.0,225.0399,0.4144225271227057,0.47212524591846206
5-15A,6.0,225.0861,-0.9728732387776868,0.5919244528663552
5-15A,6.0,225.0901,-0.9401340835367002,0.10174494054008282
5-15A,6.0,226.0135,0.1862386573934586,0.4845835880882683
5-15A,6.0,226.0697,0.20711457800447944,0.27033560034657367
5-15A,6.0,228.0501,-0.25694614333591137,0.3378328921589809
5-15A,6.0,229.0122,0.5660201720557488,0.309714354313039
5-15A,6.0,237.0614,0.3230736375740346,0.2866242122783381
5-15A,6.0,238.0945,-0.7707142634909457,0.09263627234430946
5-15A,6.0,240.0515,0.0082074430656469,0.13702544240459502
5-15A,6.0,241.0844,-0.8270746982435357,0.3644477616208608
5-15A,6.0,242.0804,-0.04338580048004147,0.22813760589107415
5-15A,6.0,243.029,-1.0039073426986183,0.1545730082161992
5-15A,6.0,243.0625,-1.1329110565443976,0.4234000769193039
5-15A,6.0,245.0444,-0.6190954117919054,0.544690763073162
5-15A,6.0,246.0198,-0.47383172492096765,0.4910434033118209
5-15A,6.0,246.064,0.2602485453270398,0.07647501751416726
5-15A,6.0,251.0816,0.5807144874196297,1.973415839512711
5-15A,6.0,253.0119,2.236066492628675,0.18477186682911836
5-15A,6.0,253.0499,0.26402550006018394,0.9187810641463391
5-15A,6.0,257.0072,-0.07417130066720395,0.564416492795854
5-15A,6.0,257.1028,-0.5095360861701843,0.07095699636033323
5-15A,6.0,259.005,-0.9603660510581351,0.6894882350245563
5-15A,6.0,259.0227,0.22608997008536824,0.1973981639938372
5-15A,6.0,261.0385,-0.7141030418977188,0.39414835252606134
5-15A,6.0,266.0703,0.4145429777468621,0.21126122457085506
5-15A,6.0,267.0724,-0.3614874244929095,0.08282369555644234
5-15A,6.0,268.02,-0.45126581300898483,0.6707532304320699
5-15A,6.0,269.0398,-0.7950604588536555,0.2221804229783964
5-15A,6.0,271.0612,-0.49518582432206193,0.47702637863944203
5-15A,6.0,271.0815,-0.13231264588185868,0.444125786688741
5-15A,6.0,273.0021,-0.6567529708385722,0.13982229803278715
5-15A,6.0,274.0933,0.9273233447983871,0.17216002001757805
5-15A,6.0,275.0184,0.21157875346794933,0.8031223222685421
5-15A,6.0,275.0991,-0.32700667256582017,0.13816348080228796
5-15A,6.0,277.1207,0.22745915953454848,0.1525133717179591
5-15A,6.0,277.2169,-0.666905189607271,0.4146120303588686
5-15A,6.0,279.2331,-0.3486100217220267,0.050380911671572104
5-15A,6.0,282.0839,0.9215779867903537,0.37389723082924897
5-15A,6.0,283.2063,-0.6050257304865786,0.12558148943562267
5-15A,6.0,285.0972,-1.0091193457919907,0.3465515322535691
5-15A,6.0,287.0157,-0.35170749685852665,0.37820930100434347
5-15A,6.0,288.0725,2.560925219350408,0.25934224601789946
5-15A,6.0,289.0333,-0.4908340339253875,0.4537635455185779
5-15A,6.0,289.1044,-0.16737572119000288,0.21468641952694786
5-15A,6.0,290.9677,2.644560817767269,0.08152954711207398
5-15A,6.0,294.0479,-0.25784243284840425,0.6692587615731569
5-15A,6.0,300.0509,0.6869874853141125,0.8548800080509277
5-15A,6.0,301.0333,-0.3721884367050263,0.7230575044304411
5-15A,6.0,303.2326,-0.07434080765315532,0.8254749587808444
5-15A,6.0,305.0207,-0.07909652143054025,0.056695141275339506
5-15A,6.0,306.0481,-0.7571991570006191,0.05333010219947119
5-15A,6.0,306.0765,-0.25053007748737943,0.028715008611738004
5-15A,6.0,308.0986,1.7011137453196654,0.081816571511181
5-15A,6.0,313.0441,-0.5173586861704182,0.33967113799483456
5-15A,6.0,313.1037,-1.0113618776679592,0.5654120595829824
5-15A,6.0,317.026,-0.1254995266347522,0.14356405292350372
5-15A,6.0,323.0256,-0.9565859654721706,0.2512367454326614
5-15A,6.0,325.1163,-0.3483009984465559,0.08003105292407003
5-15A,6.0,328.0457,0.32972821066091607,0.11099216992367951
5-15A,6.0,333.0589,0.11838651642652505,0.20169162825298997
5-15A,6.0,338.9884,-0.8009479442893346,0.0986457357981304
5-15A,6.0,339.0928,0.7766600418749233,0.5287268936426767
5-15A,6.0,341.1089,-0.025355639746978256,0.29574101793400226
5-15A,6.0,344.0393,-0.5612457968881787,0.2965015222428716
5-15A,6.0,346.0556,-0.7065408858089259,0.0765430096262387
5-15A,6.0,348.087,-0.5557654708630297,0.05776820283269358
5-15A,6.0,353.0489,-0.8770023500530475,0.7639079627369311
5-15A,6.0,357.089,-0.33107025177834504,0.2355862686112873
5-15A,6.0,375.131,1.2196276317921164,0.5717909637361231
5-15A,6.0,377.1496,-0.5211499669554177,0.1608710925406912
5-15A,6.0,383.1188,0.14348594332018688,0.584070224683758
5-15A,6.0,388.9416,1.7704767782377075,0.686554380548633
5-15A,6.0,388.9442,1.9130205602776549,0.6347549021812724
5-15A,6.0,401.0756,0.22298791072629243,0.09481057458521171
5-15A,6.0,407.2795,-0.38541248431611963,0.15394752174354095
5-15A,6.0,421.0743,-0.9291428677798583,0.35441424432087354
5-15A,6.0,426.0222,-0.399112469792676,0.36304104511939034
5-15A,6.0,442.9997,0.0017861563240263235,0.15636918997272609
5-15A,6.0,466.9657,-0.20013086783098655,0.08557862080491166
5-15A,6.0,490.9787,-0.3658786266421678,0.368284488979037
5-15A,6.0,503.1614,-0.5965746473752247,0.4240573921989518
5-15A,6.0,547.0731,0.7802648679130715,0.238910220892297
5-15A,6.0,565.0471,0.5033323861748737,0.244213978609492
5-15A,6.0,578.8872,0.45433069359360767,0.09333228476072986
5-15A,6.0,579.0269,0.26770088057374386,0.15891383524160219
5-15A,6.0,612.2549,0.12111812737471431,0.529468134366098
5-15A,6.0,624.2949,-0.5370456167333206,0.42346908419812945
5-15A,6.0,659.307,-0.4913276294694091,0.2558812205388171
5-15A,6.0,664.0939,-0.5470151128560927,0.20582156342150207
5-15A,6.0,665.2144,-0.3783307946578555,0.3825267022160322
5-15A,6.0,668.1374,-0.6126350667611814,0.0018756134727367783
5-15A,6.0,787.255,0.06358773108629283,0.25803521905214805
5-15A,6.0,790.2568,0.01072479048008372,0.19996718468158306
5-15A,6.0,835.0407,-0.8046516944513313,0.2603885437580074
5-15A,6.0,863.2971,-0.6113410484083353,0.07804300584838147
5-15A,6.0,864.1473,-0.11366895912291565,0.4360775338778442
5-15A,6.0,974.2935,-0.47772523942905065,0.15379367925186022
5-15A,6.0,976.7162,0.3236296531833375,0.3519687065951006
5-15A,7.0,57.0342,-0.9694922626837432,0.1501071033397029
5-15A,7.0,58.0295,0.7161757579447618,0.2361549250351363
5-15A,7.0,59.0135,-0.6898719845785144,0.10746851635167942
5-15A,7.0,71.0137,-0.2620776405202735,0.11387836575285383
5-15A,7.0,73.0293,-0.15751753705340177,0.05121142620023877
5-15A,7.0,74.0247,1.1729837807814367,0.4195930273896551
5-15A,7.0,75.0087,-0.17373561110641988,0.12827247562535649
5-15A,7.0,87.0088,-0.5895898308908738,0.016029998885428668
5-15A,7.0,87.0451,-0.27396569026559053,0.31587867381806767
5-15A,7.0,88.0403,-0.14777405081143807,0.04077332135003765
5-15A,7.0,88.9883,-1.1779059427903587,0.6087622235336466
5-15A,7.0,89.0244,-0.790284106801368,0.09940718861272267
5-15A,7.0,93.0338,-0.020075902414466926,0.025409604152661035
5-15A,7.0,94.9761,-1.5302465497164777,0.08027628476915995
5-15A,7.0,94.9806,0.5771994539207097,0.07703142680300011
5-15A,7.0,95.0139,-0.36068886746723927,0.21948249511401427
5-15A,7.0,101.0242,-0.9757607004911051,0.12128531136633405
5-15A,7.0,102.056,-0.3578661151198794,0.05405940323508772
5-15A,7.0,103.0402,-0.5095063741575576,0.1099429255121673
5-15A,7.0,103.0509,-0.5404611538695102,0.1130125837712983
5-15A,7.0,104.0352,0.8670812890924493,0.2354869148074921
5-15A,7.0,105.0193,-1.0023396590082152,0.32781289461700935
5-15A,7.0,107.0503,-0.6957206854154362,0.16659416514587125
5-15A,7.0,109.0295,0.9351638243814433,0.20099886805308742
5-15A,7.0,111.02,-0.2068270734858793,0.05125059259089642
5-15A,7.0,112.0516,-0.911261037650389,0.18104827183989308
5-15A,7.0,113.0244,-0.433221770204097,0.008126449947721081
5-15A,7.0,113.0357,0.5258150535488735,0.06894657463851263
5-15A,7.0,114.056,1.4036941359725095,0.05633506803223745
5-15A,7.0,115.0037,0.08561471655180172,0.0572802361198621
5-15A,7.0,115.0402,-1.4800928310109782,0.28190475858321484
5-15A,7.0,115.0764,-1.1820917117624477,0.21583991737425373
5-15A,7.0,116.0354,1.5674194296990116,0.36435479372629437
5-15A,7.0,116.0717,-0.48235190554413776,0.02639053074418985
5-15A,7.0,117.0194,-0.23995824878350297,0.04068580002620197
5-15A,7.0,118.0508,0.4020559445260499,0.32751360273848024
5-15A,7.0,118.9804,-0.24721717351918188,0.020189820703599315
5-15A,7.0,119.0503,-0.9402059051494078,0.15989127482906956
5-15A,7.0,120.9273,-0.6359035532146218,0.07797434637433295
5-15A,7.0,121.0295,-1.0341309694161573,0.3281574303518989
5-15A,7.0,121.0409,-1.1518603699059935,0.2991083777479143
5-15A,7.0,122.0248,-0.20727087729069624,0.17505154880142565
5-15A,7.0,124.0075,5.830016958828724,0.4025029290966764
5-15A,7.0,124.0144,-0.14331698229049092,0.027637192657657184
5-15A,7.0,125.0439,-0.4997804043365714,0.12307139310086225
5-15A,7.0,127.0764,-0.7911754880674067,0.3992891492261371
5-15A,7.0,128.0354,1.2834267949318678,0.023918952515813934
5-15A,7.0,129.0193,-0.18060218806809028,0.06752161427604737
5-15A,7.0,129.0556,-0.9904784461598577,0.2867461494903257
5-15A,7.0,130.0142,0.3164894089453416,0.1229079617440089
5-15A,7.0,130.0509,0.4464852568495108,0.058402887093293734
5-15A,7.0,130.0874,-0.5112774661005159,0.017675834016512255
5-15A,7.0,131.0008,-0.7404221586641244,0.22678801214328967
5-15A,7.0,131.0123,-0.5252926220545169,0.05911172321367081
5-15A,7.0,131.035,-0.7868085440601076,0.12181945073244005
5-15A,7.0,131.0462,-0.7535175318549538,0.1684590046310271
5-15A,7.0,131.0828,0.29808408720052204,0.16130445916495317
5-15A,7.0,132.0302,0.8720336683123393,0.07606619942167088
5-15A,7.0,133.0142,-0.2608307841980718,0.04205803557042007
5-15A,7.0,133.0257,-0.282936837648576,0.08421115221110796
5-15A,7.0,133.0505,0.0035693062468579347,0.01911019845888519
5-15A,7.0,134.0472,-0.5610680188430224,0.18030226342743802
5-15A,7.0,134.0604,0.17953539922556302,0.21393183194856333
5-15A,7.0,135.0302,-0.3818293584189115,0.12347045052758555
5-15A,7.0,135.0453,0.00021721207114037966,0.14172695031140484
5-15A,7.0,136.0404,4.006720070885656,0.10045340965264316
5-15A,7.0,136.0487,0.5509438550585337,0.13474060233446483
5-15A,7.0,136.0767,-1.2177819241643466,0.1346063120513847
5-15A,7.0,137.0239,-0.35512011871627436,0.035888205504973354
5-15A,7.0,138.9789,-1.9418393700817767,0.04584057316772787
5-15A,7.0,139.0014,0.420379369161066,0.024514567038873496
5-15A,7.0,139.0067,-0.7285357035685751,0.04487388489307998
5-15A,7.0,139.976,-1.3329875276121648,0.162856495555906
5-15A,7.0,143.0713,-1.0099186903473012,0.35958079115887076
5-15A,7.0,143.1077,-1.4258467927783833,0.24837400357172365
5-15A,7.0,145.0141,-0.4858769108692298,0.03193447642811638
5-15A,7.0,145.0506,0.34683808011561135,0.16225126474192877
5-15A,7.0,145.0623,0.11569723873251198,0.19737517085227124
5-15A,7.0,145.0982,-0.30377686589561786,0.2291736395295561
5-15A,7.0,145.1106,-0.5344669931431808,0.23401823282814696
5-15A,7.0,146.0459,-0.14205359863848882,0.007101967052400385
5-15A,7.0,147.0298,-0.504858846627943,0.05838304254345496
5-15A,7.0,147.0662,0.3274444682408719,0.04011324625589215
5-15A,7.0,149.0092,-1.4875299342043315,0.09742949731100382
5-15A,7.0,149.0456,0.11363295084016325,0.10526761380738106
5-15A,7.0,149.0608,-1.8193749947000617,0.137207745378549
5-15A,7.0,150.0422,-0.4106247357269836,0.4354084372770247
5-15A,7.0,150.9707,-0.03492098051641801,0.7958518989944785
5-15A,7.0,151.0259,-0.54352697210355,0.061044495304594375
5-15A,7.0,151.04,-1.855709373347176,0.37291083064288066
5-15A,7.0,151.06,0.14746210970294504,0.6959895528070085
5-15A,7.0,152.0353,-1.5209811898559145,0.11900874582700127
5-15A,7.0,152.0716,-1.2151180985621615,0.26552338548008353
5-15A,7.0,153.0192,0.7015120427312409,0.07313807421664002
5-15A,7.0,154.062,0.6091669682333765,0.07014456123264788
5-15A,7.0,154.9751,0.025748728198198522,0.06550489743785226
5-15A,7.0,155.0099,-0.17050208455059757,0.05465550818392885
5-15A,7.0,157.0128,-0.5570412794613573,0.04665779825579874
5-15A,7.0,157.0255,0.5156041746871483,0.030988072945285914
5-15A,7.0,157.0379,0.5835522677044644,0.06528411389378691
5-15A,7.0,157.0504,0.004362680363587701,0.05317278296854421
5-15A,7.0,159.0297,-0.8344299304909106,0.20277829372537187
5-15A,7.0,159.0775,0.07396226913827121,0.04175188106330274
5-15A,7.0,160.0616,-0.05587520189156327,0.31281931030529236
5-15A,7.0,161.0453,-1.466111120891616,0.06660185723351546
5-15A,7.0,162.0424,-0.0007953297528110227,0.06589261919945502
5-15A,7.0,163.0351,-0.7491867031024951,0.3989812898356251
5-15A,7.0,163.0398,1.8257236156893353,0.17668765525769778
5-15A,7.0,163.0611,-1.0070595594325464,0.537205311804316
5-15A,7.0,164.0716,-0.43373755252778123,0.046400541047351196
5-15A,7.0,165.03,-1.7323016677140082,0.5343838275248852
5-15A,7.0,165.0405,-2.2361623023444372,0.4636666230761083
5-15A,7.0,165.0556,0.6650326486162754,0.09564354130965734
5-15A,7.0,166.0508,-0.461502026174609,0.12875199079053903
5-15A,7.0,166.0632,-1.1103320592794788,0.3037157623794002
5-15A,7.0,166.9759,-1.0133126466036853,0.15069843129919566
5-15A,7.0,167.0207,0.9428921039513998,0.25770889627526355
5-15A,7.0,167.0358,-2.0599423089266233,0.11061999104575104
5-15A,7.0,167.0828,-1.2642141206548194,0.21310134531643823
5-15A,7.0,168.0277,-0.3223809022533024,0.04153658474922088
5-15A,7.0,168.0664,-1.1484543436909451,0.6744630713594648
5-15A,7.0,170.0455,-0.3769378193673931,0.032125096163916546
5-15A,7.0,171.0065,-0.7449230534355227,0.1797434522137966
5-15A,7.0,171.0092,-0.7121222238336649,0.14887695743847992
5-15A,7.0,171.0284,0.18957941935124384,0.07084403887411896
5-15A,7.0,172.0616,0.05277110680975359,0.3673838067181465
5-15A,7.0,172.962,-0.3725184449621888,0.13018860666957982
5-15A,7.0,173.0089,-0.1961497408209352,0.08469260018904799
5-15A,7.0,173.0453,0.0037370039972534977,0.09422306633684657
5-15A,7.0,173.0932,-0.3720320468430126,0.019646890262269012
5-15A,7.0,173.1041,0.7164562504590122,0.7320875202700168
5-15A,7.0,174.0407,0.5300384669614273,0.05529929716810393
5-15A,7.0,174.088,0.7735575561217661,0.27560425903285407
5-15A,7.0,175.022,-0.5284655632684359,0.11769045003618499
5-15A,7.0,175.0361,0.660766143941135,0.1083180553720468
5-15A,7.0,175.0611,-0.007201323301194003,0.07664163327186414
5-15A,7.0,176.0776,-0.0542862010930928,0.2336647100442289
5-15A,7.0,177.0402,-1.1840144173220088,0.4592399149435778
5-15A,7.0,177.0553,-1.5500178558725228,0.4186693287031266
5-15A,7.0,178.0509,-0.35508926254081796,0.016840900734300168
5-15A,7.0,179.0348,0.4769952400527945,0.2673434938357101
5-15A,7.0,179.0561,-0.48036289037690527,0.05487283291518003
5-15A,7.0,180.0663,-0.4799001297757015,0.10268482894890338
5-15A,7.0,181.0505,1.439281498861975,0.20111314777883466
5-15A,7.0,182.9725,-0.41101309952386245,0.08475931525783331
5-15A,7.0,183.0661,-1.5384863284962282,0.35004139753991936
5-15A,7.0,184.0017,-0.22617935599071134,0.1274033361395859
5-15A,7.0,184.9856,-1.0982643922247584,0.09693077782118996
5-15A,7.0,186.1136,-2.0534142543295304,0.7475750627482347
5-15A,7.0,187.0234,-0.31132482040046816,0.44761357046447325
5-15A,7.0,188.035,2.3544233680062057,0.7147788968478129
5-15A,7.0,188.0565,1.2848999263045717,0.07371591483131656
5-15A,7.0,189.0405,-0.06523954975026877,0.1583103497649444
5-15A,7.0,191.0197,-0.18322768849516186,0.24437696157178507
5-15A,7.0,191.0561,0.5664733666813317,0.06489390278201056
5-15A,7.0,192.0663,-0.7325931845192899,0.2745939082149056
5-15A,7.0,193.0349,-0.9264541312011207,0.14527071228146973
5-15A,7.0,194.0682,-0.8552400515798206,0.10975062375643954
5-15A,7.0,194.0822,-1.6684126316511578,0.23065626660213084
5-15A,7.0,195.0509,0.09067635629361917,0.06127309467205921
5-15A,7.0,195.0657,-0.9987758778143848,0.6436307024986587
5-15A,7.0,196.0603,0.28091902415442116,0.18705034178442523
5-15A,7.0,198.0182,-0.04240062558987577,0.2186291284408891
5-15A,7.0,199.0019,-0.7316527458946713,0.21414373461651035
5-15A,7.0,200.9937,-0.8627900263958004,0.07033583553464684
5-15A,7.0,201.0051,0.14177967049064452,0.19953638124411202
5-15A,7.0,203.0348,-1.051101684428997,0.0916005281038173
5-15A,7.0,203.0826,-0.059701545344378035,0.011929299331417105
5-15A,7.0,204.0498,-0.042381077825710003,0.38415879952189014
5-15A,7.0,205.0351,-0.21603951951940756,0.21243158570070883
5-15A,7.0,206.0822,-0.446827391594967,0.3035198419667555
5-15A,7.0,209.0292,-1.2150592980588812,0.11649560937699041
5-15A,7.0,209.0814,0.109319502356443,0.4011613993756054
5-15A,7.0,211.0235,-0.664522188460704,0.29629180693966545
5-15A,7.0,211.9968,0.3637312902760573,0.047903685251650605
5-15A,7.0,212.0331,0.08421276190063709,0.39797683562342884
5-15A,7.0,212.9807,-0.7814837212339732,0.0734365178296894
5-15A,7.0,213.014,0.15707785834880988,0.2774957131287505
5-15A,7.0,213.0384,-0.5556097220247234,0.11376251728815114
5-15A,7.0,213.1252,-1.0806050339745679,0.34377849842310443
5-15A,7.0,214.0488,-0.9576057183596459,0.9701231292154795
5-15A,7.0,215.0331,-0.3551840381999728,0.07556571519707417
5-15A,7.0,216.1351,0.24462179961967445,0.1461508658660898
5-15A,7.0,218.0335,-0.36611923013799813,0.06216876124249643
5-15A,7.0,218.1034,0.600452307234722,0.1622877069713831
5-15A,7.0,220.0828,0.30767732749494864,0.7087885570752791
5-15A,7.0,221.0443,-0.4563648617201638,0.03413015126562973
5-15A,7.0,221.0664,-1.418835403020676,0.4912054200540403
5-15A,7.0,225.0399,-1.398149014584194,0.41318626437033656
5-15A,7.0,225.0861,-1.7321096278518509,0.0922396237901304
5-15A,7.0,225.0901,-1.4839891185415421,0.5969758931111869
5-15A,7.0,226.0135,-0.40849036934132377,0.04858457245000004
5-15A,7.0,226.0697,0.20366868381446546,0.13128500738168633
5-15A,7.0,228.0501,-0.17620924243773223,0.42167673234936104
5-15A,7.0,229.0122,0.17603612679694794,0.32921010883217433
5-15A,7.0,237.0614,0.48420538849980743,0.278329516137268
5-15A,7.0,238.0945,-0.8195263736066258,0.22760934113282788
5-15A,7.0,240.0515,-0.25381793331314684,0.038589982006755515
5-15A,7.0,241.0844,-1.6031789809636994,0.7342483502602385
5-15A,7.0,242.0804,-1.1441236384991333,0.38504073525532667
5-15A,7.0,243.029,-1.2657452489977574,0.05916837794277173
5-15A,7.0,243.0625,-0.6415626025977305,0.18289472666917717
5-15A,7.0,245.0444,-0.650389188063584,0.37680431345057463
5-15A,7.0,246.0198,-0.9383802903292493,0.2363039429341858
5-15A,7.0,246.064,0.24369135602132963,0.47692972464714634
5-15A,7.0,251.0816,0.590062221554418,0.7492823701669887
5-15A,7.0,253.0119,1.5814249093550448,0.0347673445902386
5-15A,7.0,253.0499,-0.16410512313432135,0.0931947306372662
5-15A,7.0,257.0072,-0.24438109826666377,0.1170232831059322
5-15A,7.0,257.1028,-0.2660768689196339,0.5316762407285005
5-15A,7.0,259.005,-1.2576716778796029,0.5890203548287527
5-15A,7.0,259.0227,-0.9840195043898663,0.08748054746213987
5-15A,7.0,261.0385,-0.7624522617311111,0.3406860617776731
5-15A,7.0,266.0703,0.39706330343456536,0.20329065182496323
5-15A,7.0,267.0724,-0.3460087918941984,0.03126733902825185
5-15A,7.0,268.02,-0.45364730341402015,0.5199308627341842
5-15A,7.0,269.0398,-0.49051274266023065,0.11942045938927534
5-15A,7.0,271.0612,-0.6335850466447803,0.20680506086016193
5-15A,7.0,271.0815,-0.6582924325406619,0.8143229487156388
5-15A,7.0,273.0021,-0.14518384613991137,0.15804030410775702
5-15A,7.0,274.0933,0.6515118472388794,0.3251313276232011
5-15A,7.0,275.0184,0.1968518613792287,0.6815605414287798
5-15A,7.0,275.0991,-0.4302705686123444,0.09990789469913913
5-15A,7.0,277.1207,-0.7237703230301604,0.0368492041725414
5-15A,7.0,277.2169,-0.4853218463332193,0.19021728317749861
5-15A,7.0,279.2331,1.032375076252353,0.0811624542673834
5-15A,7.0,282.0839,0.5217490704374959,0.4146373342935237
5-15A,7.0,283.2063,1.4459277611990276,0.30340442048940464
5-15A,7.0,285.0972,-0.6982712696114043,0.6643554668343233
5-15A,7.0,287.0157,-0.5616952561414609,0.2013066063698513
5-15A,7.0,288.0725,2.4493055514309736,0.2204611887945763
5-15A,7.0,289.0333,-0.7466955922800733,0.6635396130097201
5-15A,7.0,289.1044,-0.3980416903624614,0.13329456927312688
5-15A,7.0,290.9677,1.6701598772145811,0.22079078366343804
5-15A,7.0,294.0479,-0.7004836582864054,0.46460390030836973
5-15A,7.0,300.0509,-0.6291307289901922,0.6157949476314838
5-15A,7.0,301.0333,-0.9986874630031541,0.6324472591993187
5-15A,7.0,303.2326,0.3288982326167907,1.3871083872723142
5-15A,7.0,305.0207,-0.37554503576427245,0.05193744933897472
5-15A,7.0,306.0481,-0.5305636696947788,0.12063596771777786
5-15A,7.0,306.0765,-0.29534413309178964,0.01758041481068625
5-15A,7.0,308.0986,1.0245300839115394,0.0900400426011639
5-15A,7.0,313.0441,-0.15414565012200532,0.18416841106035772
5-15A,7.0,313.1037,-0.17144480998527215,0.548558678624988
5-15A,7.0,317.026,-0.6481166972065098,0.6700968605784403
5-15A,7.0,323.0256,-1.6532191674522754,0.520113618558583
5-15A,7.0,325.1163,0.0932830289260466,0.6629065370109964
5-15A,7.0,328.0457,0.07318558625018957,0.10337019843685531
5-15A,7.0,333.0589,-0.2250566851821204,0.15871176491364145
5-15A,7.0,338.9884,-0.9742275741351503,0.7800636812224157
5-15A,7.0,339.0928,0.5464902318872424,0.639019213640237
5-15A,7.0,341.1089,-0.5997141057499396,0.10928611913776166
5-15A,7.0,344.0393,-0.7084728949369812,0.15154893729980692
5-15A,7.0,346.0556,-0.6686940551742684,0.10023620543980906
5-15A,7.0,348.087,-0.37030435497512504,0.27410493681783143
5-15A,7.0,353.0489,-1.0453056010062403,0.4723857823549206
5-15A,7.0,357.089,-0.4744550646543533,0.08906677407417835
5-15A,7.0,375.131,0.6613088443622639,0.4062631336009678
5-15A,7.0,377.1496,0.9374019396037652,0.5645077358739884
5-15A,7.0,383.1188,-0.7200460938836708,0.3609625393515636
5-15A,7.0,388.9416,1.4898670293004295,0.13827557930025566
5-15A,7.0,388.9442,1.3861309784964888,0.21580405668850844
5-15A,7.0,401.0756,-0.31006908871826927,0.045386358225766164
5-15A,7.0,407.2795,0.21016873534522562,0.3598063647638392
5-15A,7.0,421.0743,-1.320178516067934,0.4089879092493024
5-15A,7.0,426.0222,-0.38651769249120144,0.1418342948997704
5-15A,7.0,442.9997,-0.39523133445994063,0.20169313302206546
5-15A,7.0,466.9657,-0.46723498478639636,0.16131124979764036
5-15A,7.0,490.9787,-0.23928770136657565,0.36640913045862644
5-15A,7.0,503.1614,-1.4721057870214247,0.30119517998342565
5-15A,7.0,547.0731,0.6098626551530775,0.11874775861743556
5-15A,7.0,565.0471,0.08080082781235781,0.31322114007332347
5-15A,7.0,578.8872,-0.424930992729567,0.0680559807080636
5-15A,7.0,579.0269,-0.33917956386680315,0.07581105828093132
5-15A,7.0,612.2549,-1.2995688572646082,0.15558730888505717
5-15A,7.0,624.2949,-0.8410580809053727,0.5857702386505699
5-15A,7.0,659.307,-0.8673407616932125,0.17477621085658235
5-15A,7.0,664.0939,-0.39433327395158424,0.29522256955237963
5-15A,7.0,665.2144,-1.2133071495473242,0.4120648797084955
5-15A,7.0,668.1374,-0.5630999874398808,0.010442306867998826
5-15A,7.0,787.255,-0.783056498862029,0.3262915623569868
5-15A,7.0,790.2568,-0.45815910300977153,0.34433685947996556
5-15A,7.0,835.0407,-0.44774692801719185,0.19544153094399827
5-15A,7.0,863.2971,-0.8950158756390187,0.03752463877652919
5-15A,7.0,864.1473,-1.3372257470710367,0.24288279553188355
5-15A,7.0,974.2935,-1.1304256810740994,0.3702879595965474
5-15A,7.0,976.7162,-0.6171067831939199,0.07147016709534043
5-15A,8.0,57.0342,-0.6601068509357145,0.14046787216218198
5-15A,8.0,58.0295,1.104490646949695,0.5344268709678248
5-15A,8.0,59.0135,-0.23549461088292312,0.11841068240259635
5-15A,8.0,71.0137,-0.21808723031018556,0.10912994139938537
5-15A,8.0,73.0293,0.534456036280263,0.03184228430186122
5-15A,8.0,74.0247,1.675321918174357,0.3367067675856476
5-15A,8.0,75.0087,0.2344609859915469,0.49986136342522924
5-15A,8.0,87.0088,-0.38426749821664496,0.028303298848750585
5-15A,8.0,87.0451,-0.7730725684910265,0.21420355088899698
5-15A,8.0,88.0403,0.07264752170968888,0.06146470238981102
5-15A,8.0,88.9883,-1.2268690141204126,0.29924272465029894
5-15A,8.0,89.0244,-0.31023457967720114,0.05383481401182321
5-15A,8.0,93.0338,0.02999111225897555,0.023322554627102605
5-15A,8.0,94.9761,-1.2017083533999973,0.29329155281886093
5-15A,8.0,94.9806,0.8092328691070375,0.21773136012579491
5-15A,8.0,95.0139,-0.23525917342128658,0.09951193018800827
5-15A,8.0,101.0242,-0.6803826745108739,0.1395014092850129
5-15A,8.0,102.056,-0.4183405634622689,0.04287221324613999
5-15A,8.0,103.0402,-0.15002917307002323,0.02299796051534536
5-15A,8.0,103.0509,-0.1999946679835445,0.10591691084531238
5-15A,8.0,104.0352,-0.10160368028246994,0.06809801959187514
5-15A,8.0,105.0193,-0.6917202729438343,0.2159620884470127
5-15A,8.0,107.0503,-0.061490661652087636,0.14513656368623476
5-15A,8.0,109.0295,1.9058960894000365,0.1332245989257577
5-15A,8.0,111.02,0.48374229896702137,0.05724146384242158
5-15A,8.0,112.0516,-0.3585358536390985,0.5431097864043014
5-15A,8.0,113.0244,-0.3500940361871637,0.04964688762629994
5-15A,8.0,113.0357,1.0426914763852198,0.07793899150750279
5-15A,8.0,114.056,3.026418721777051,0.07288194287296898
5-15A,8.0,115.0037,0.5395373603828568,0.03475802414194926
5-15A,8.0,115.0402,-0.4815652254229702,0.325528031286398
5-15A,8.0,115.0764,0.07874002591100167,0.4872497312059748
5-15A,8.0,116.0354,1.9079769866289098,0.3308202219924994
5-15A,8.0,116.0717,-0.3079699641315978,0.024582265684302586
5-15A,8.0,117.0194,0.4674988637891859,0.04270015121693114
5-15A,8.0,118.0508,0.7900945235626835,0.1657119703144302
5-15A,8.0,118.9804,-0.30645942683661437,0.08748601643126874
5-15A,8.0,119.0503,-0.20181122689844677,0.21427560408343674
5-15A,8.0,120.9273,-0.4586074920837119,0.0342188063518809
5-15A,8.0,121.0295,-0.28685757575484405,0.4035159366571429
5-15A,8.0,121.0409,-0.2784515823221003,0.246831949595152
5-15A,8.0,122.0248,-0.11957589328009217,0.06793820350954546
5-15A,8.0,124.0075,-0.7528382871063446,0.2298837105115551
5-15A,8.0,124.0144,-0.28716992936142494,0.15775660052059534
5-15A,8.0,125.0439,-0.18184490599800177,0.20858892423288664
5-15A,8.0,127.0764,-0.44841467585651484,0.5082355413582954
5-15A,8.0,128.0354,1.6518391995964286,0.028082728563724672
5-15A,8.0,129.0193,0.45196360593433266,0.17631371116318048
5-15A,8.0,129.0556,-0.5042609999437151,0.4401290608632687
5-15A,8.0,130.0142,0.7757668622700837,0.2263698983329877
5-15A,8.0,130.0509,0.8561410620011165,0.048042904716565006
5-15A,8.0,130.0874,-0.42338727109095114,0.051484463422554055
5-15A,8.0,131.0008,-0.302334980155054,0.23514792960607878
5-15A,8.0,131.0123,-0.076927239524884,0.0670265554457807
5-15A,8.0,131.035,-0.708427234936737,0.0838484794693179
5-15A,8.0,131.0462,-0.7744002371348324,0.16902090979657625
5-15A,8.0,131.0828,-0.7702796890920214,0.04588634888734609
5-15A,8.0,132.0302,1.412760831649368,0.05767899662132728
5-15A,8.0,133.0142,-0.1449820804612909,0.09193089683517265
5-15A,8.0,133.0257,-0.2079714383116104,0.10919695122415574
5-15A,8.0,133.0505,0.6588345046318032,0.04090866279303669
5-15A,8.0,134.0472,0.16324849227606547,0.2237947227103989
5-15A,8.0,134.0604,0.45904742505374674,0.33177567427040416
5-15A,8.0,135.0302,-0.15157402855454238,0.10467840560060061
5-15A,8.0,135.0453,0.6962816169953852,0.10765619835203627
5-15A,8.0,136.0404,5.693155347842695,0.06903453971981803
5-15A,8.0,136.0487,1.7409624900286427,0.2524487797318034
5-15A,8.0,136.0767,-0.38107985500196473,0.5113692031762556
5-15A,8.0,137.0239,-0.029718860078322383,0.06990989546977619
5-15A,8.0,138.9789,-0.5036646030804052,0.1283889858545524
5-15A,8.0,139.0014,1.1564882380958488,0.08239713634837569
5-15A,8.0,139.0067,-0.4843244350193484,0.027380855036639628
5-15A,8.0,139.976,0.0939509981449971,0.27575889822487315
5-15A,8.0,143.0713,-0.6205533497400941,0.21192185840323252
5-15A,8.0,143.1077,-0.7494293936257723,0.35521223545938624
5-15A,8.0,145.0141,-0.4389197731487555,0.12472058388355463
5-15A,8.0,145.0506,-0.7758043337758045,0.06848552146405774
5-15A,8.0,145.0623,-0.8679776669332477,0.18225272951029312
5-15A,8.0,145.0982,-0.9146440057206981,0.08977448749175644
5-15A,8.0,145.1106,-1.467659759359083,0.6158474325449611
5-15A,8.0,146.0459,-0.17702869436373758,0.01262076995283001
5-15A,8.0,147.0298,-0.18650715365805312,0.022977946836550328
5-15A,8.0,147.0662,1.0263274791072123,0.033297514073662854
5-15A,8.0,149.0092,-0.5607402704412481,0.2303639422856132
5-15A,8.0,149.0456,0.6980196523263444,0.14310854803217576
5-15A,8.0,149.0608,-0.4603097143835904,0.20256506696278534
5-15A,8.0,150.0422,-0.45177544166759465,0.7207623671088985
5-15A,8.0,150.9707,1.0934750516214087,0.749828264777271
5-15A,8.0,151.0259,-0.742944652028846,0.01133762409545597
5-15A,8.0,151.04,-0.8779887532497397,0.5624425641022242
5-15A,8.0,151.06,-0.541075584668637,0.4378714023753007
5-15A,8.0,152.0353,-0.5197110152583759,0.23225319777864026
5-15A,8.0,152.0716,-0.9718598167198367,0.22352948146198318
5-15A,8.0,153.0192,1.4390142579877927,0.1570577236846327
5-15A,8.0,154.062,-0.5433088816474991,0.08456517244957683
5-15A,8.0,154.9751,0.5819750823593159,0.06618753697784861
5-15A,8.0,155.0099,0.619085384749068,0.023162963386717573
5-15A,8.0,157.0128,-0.02018507183607364,0.0647517728295935
5-15A,8.0,157.0255,1.1353318073373642,0.038285113484288015
5-15A,8.0,157.0379,1.0696296525550006,0.06372961174433742
5-15A,8.0,157.0504,1.018217761132713,0.08375415202097407
5-15A,8.0,159.0297,-0.7538591358063317,0.09945691983173191
5-15A,8.0,159.0775,0.7281253682275295,0.11336209949653876
5-15A,8.0,160.0616,0.326957399941646,0.5386557891227209
5-15A,8.0,161.0453,-1.0242859393286496,0.047978285756850224
5-15A,8.0,162.0424,1.1422885929314752,0.05163926762796734
5-15A,8.0,163.0351,-0.5843719688197828,0.0928068562590096
5-15A,8.0,163.0398,2.8375171746748986,0.23021928703110525
5-15A,8.0,163.0611,-0.20416239620396345,0.3820449840875911
5-15A,8.0,164.0716,-0.5545950567081622,0.05124512092761037
5-15A,8.0,165.03,-0.7018771644939334,0.5885694288376006
5-15A,8.0,165.0405,-1.1245512555758994,0.18482059002862697
5-15A,8.0,165.0556,2.2305382396893343,0.13907502494263368
5-15A,8.0,166.0508,0.038922637355194786,0.475091505458926
5-15A,8.0,166.0632,-0.14517997127630605,0.8170270754461564
5-15A,8.0,166.9759,-0.0895257740536549,0.5261268341787828
5-15A,8.0,167.0207,-0.5724208686843485,0.46500799358507594
5-15A,8.0,167.0358,-0.8379916490738344,0.21375543242729106
5-15A,8.0,167.0828,-0.04233190777332099,0.5546322440793819
5-15A,8.0,168.0277,-0.4714019246367556,0.07266238940374226
5-15A,8.0,168.0664,-0.7330001210614822,0.3990708353594949
5-15A,8.0,170.0455,-0.04212790427829703,0.02508978577093984
5-15A,8.0,171.0065,-0.19402218212860275,0.18359175998236776
5-15A,8.0,171.0092,-0.1715267721246347,0.26216190107468734
5-15A,8.0,171.0284,0.9394392717832412,0.06637521505506414
5-15A,8.0,172.0616,0.7606943737029551,0.23590733208130524
5-15A,8.0,172.962,-0.06142611581256167,0.04348665075594133
5-15A,8.0,173.0089,0.20004847777701446,0.11725058448110211
5-15A,8.0,173.0453,1.7330259892160853,0.09973391388917974
5-15A,8.0,173.0932,-0.36802167428367366,0.06872761652651428
5-15A,8.0,173.1041,-0.15262679426065356,1.0010262043069356
5-15A,8.0,174.0407,1.002553845959197,0.03381947104316652
5-15A,8.0,174.088,0.7035589081460573,0.13923363597868993
5-15A,8.0,175.022,-0.2615956415883143,0.12143380418500245
5-15A,8.0,175.0361,1.2773231598481067,0.07424987736691499
5-15A,8.0,175.0611,0.7669018578932114,0.025516464865333738
5-15A,8.0,176.0776,0.7062522934368958,0.23281150678734047
5-15A,8.0,177.0402,-0.43219518151400627,0.3813487436793903
5-15A,8.0,177.0553,-0.8207738418731209,0.9453759465077689
5-15A,8.0,178.0509,-0.29714799293161387,0.05253846476545157
5-15A,8.0,179.0348,1.3348340977675779,0.1904313856895823
5-15A,8.0,179.0561,-0.3101088776127613,0.07669335320201169
5-15A,8.0,180.0663,-0.3678252181574781,0.09379583269062361
5-15A,8.0,181.0505,3.0020932743632978,0.26340908611068325
5-15A,8.0,182.9725,-0.3862978530408224,0.12377221959866466
5-15A,8.0,183.0661,-1.3267435696318486,0.17498673003869664
5-15A,8.0,184.0017,-0.5206246089844245,0.011228417003646404
5-15A,8.0,184.9856,-0.9066363334912048,0.1366381881940704
5-15A,8.0,186.1136,-1.137467312449333,0.49897064911334216
5-15A,8.0,187.0234,0.46625317716425396,0.8701680008563815
5-15A,8.0,188.035,2.9270655002557073,0.5844076494206625
5-15A,8.0,188.0565,1.6969756964178389,0.03125444980438555
5-15A,8.0,189.0405,0.16939579809338492,0.1453810446013272
5-15A,8.0,191.0197,-0.25897163730466977,0.27268391723092344
5-15A,8.0,191.0561,1.007870245188734,0.13053192376713976
5-15A,8.0,192.0663,-0.184491285655665,0.2733887787764679
5-15A,8.0,193.0349,-0.6549278053617243,0.3179582666388135
5-15A,8.0,194.0682,-0.6261351940742509,0.2884792140313461
5-15A,8.0,194.0822,-1.2296245976338012,0.34415016598104703
5-15A,8.0,195.0509,-0.13295081822817034,0.0865817348309239
5-15A,8.0,195.0657,-1.0111835448979278,0.5508140877421437
5-15A,8.0,196.0603,0.8044153792763302,0.04688550201122531
5-15A,8.0,198.0182,0.9616666756536609,0.44173344794838637
5-15A,8.0,199.0019,-0.8968742927190949,0.16453420468268876
5-15A,8.0,200.9937,-0.5627796484614742,0.10289391295546492
5-15A,8.0,201.0051,-0.6083880498022527,0.42121571902924504
5-15A,8.0,203.0348,-0.8934854431097579,0.16548149662258027
5-15A,8.0,203.0826,-0.09328280042026149,0.008725696780037847
5-15A,8.0,204.0498,-0.992397630536549,0.3336442262986045
5-15A,8.0,205.0351,0.04263860601775601,0.1038220060484671
5-15A,8.0,206.0822,-0.11562363352366678,0.32046819978122454
5-15A,8.0,209.0292,-0.49149954896605114,0.22728870025708683
5-15A,8.0,209.0814,-0.707739295528733,0.4078523219819159
5-15A,8.0,211.0235,-0.5812509281199895,0.5563105274880374
5-15A,8.0,211.9968,0.7892405027436822,0.19827913806453057
5-15A,8.0,212.0331,1.0481282289916896,0.10324293964095506
5-15A,8.0,212.9807,-0.4175950205719471,0.08628007387228252
5-15A,8.0,213.014,0.09053990491349981,0.32544533279219695
5-15A,8.0,213.0384,-0.40236173097579053,0.1652402204236861
5-15A,8.0,213.1252,-1.1029633354692492,0.913199454774079
5-15A,8.0,214.0488,-1.0528588266855925,0.6499565480688457
5-15A,8.0,215.0331,-0.20834404286019576,0.06679841355272512
5-15A,8.0,216.1351,0.3604253217903699,0.12334020571626259
5-15A,8.0,218.0335,-0.2970577399461271,0.05879504506681615
5-15A,8.0,218.1034,0.8725828161762907,0.15184465681452147
5-15A,8.0,220.0828,0.6462580667241473,0.2707755580378286
5-15A,8.0,221.0443,-0.2519331355757575,0.05277684412369567
5-15A,8.0,221.0664,-0.5986766148409717,0.0733612905109146
5-15A,8.0,225.0399,-0.44746692420090656,0.644274208972718
5-15A,8.0,225.0861,-0.39906928089426985,0.2924792732751899
5-15A,8.0,225.0901,0.8369150162258915,0.2835105586820089
5-15A,8.0,226.0135,0.27635823417416555,0.21400003288609956
5-15A,8.0,226.0697,1.2391598879136723,0.22043074513129995
5-15A,8.0,228.0501,-0.5713605785410156,0.12343576196661456
5-15A,8.0,229.0122,0.7807662884809383,0.37504742474780944
5-15A,8.0,237.0614,0.6985480897313006,0.18327777338927906
5-15A,8.0,238.0945,-0.8448040734879602,0.40596033022145206
5-15A,8.0,240.0515,-0.1382340925012566,0.046603151337513485
5-15A,8.0,241.0844,-0.8837355296428945,0.2939456528452909
5-15A,8.0,242.0804,-1.2751066345079554,0.5189857030121432
5-15A,8.0,243.029,-0.30809975853129284,0.3647636787877654
5-15A,8.0,243.0625,-0.4826566923469887,0.22980286541398562
5-15A,8.0,245.0444,0.3335530195522495,0.2275556479285636
5-15A,8.0,246.0198,0.07903527056150346,0.09345702800074915
5-15A,8.0,246.064,-0.16916562679075406,0.16889653801838508
5-15A,8.0,251.0816,-0.09874893750278854,0.7900813509782489
5-15A,8.0,253.0119,3.001843382222786,0.1022670126463692
5-15A,8.0,253.0499,-0.10548416088153525,0.45667736190913716
5-15A,8.0,257.0072,0.44449949989177995,0.19929879243460213
5-15A,8.0,257.1028,-0.33780306928806203,0.47980651986860945
5-15A,8.0,259.005,0.07627102870560706,0.9025383942325375
5-15A,8.0,259.0227,-0.7979198878008882,0.07059823640190845
5-15A,8.0,261.0385,-0.1721973698129044,0.29727113658647353
5-15A,8.0,266.0703,1.0630745675377902,0.4200130025240817
5-15A,8.0,267.0724,0.2788848630386792,0.07972327563329239
5-15A,8.0,268.02,-0.12381088231662475,0.5800334876535724
5-15A,8.0,269.0398,-0.23731506557046922,0.2339774914329534
5-15A,8.0,271.0612,0.1437174821763497,0.3072316782526273
5-15A,8.0,271.0815,-0.11429963948943389,0.835696239872352
5-15A,8.0,273.0021,0.5544958984031,0.21854059725992347
5-15A,8.0,274.0933,1.0832401757774461,0.35692380871449503
5-15A,8.0,275.0184,1.4318069551048005,0.9907062779221214
5-15A,8.0,275.0991,-0.33718762006336483,0.06344121804628308
5-15A,8.0,277.1207,-0.7414979013266816,0.03437299951804255
5-15A,8.0,277.2169,-0.9808576990063324,0.25532658999736163
5-15A,8.0,279.2331,-0.24181803003939073,0.0255178644552865
5-15A,8.0,282.0839,0.7418453691536404,0.46781694435592935
5-15A,8.0,283.2063,-0.1262902102343169,0.10416034769032698
5-15A,8.0,285.0972,-0.9763234478463325,0.9557204954680745
5-15A,8.0,287.0157,0.355430769444688,0.3373545234078743
5-15A,8.0,288.0725,3.22300609169358,0.5025526267912771
5-15A,8.0,289.0333,-0.11247784848304762,0.28421921309244513
5-15A,8.0,289.1044,-0.2788290029308238,0.3045252377826495
5-15A,8.0,290.9677,2.865024686123639,0.16602907853086388
5-15A,8.0,294.0479,0.005838469186706052,0.8627192139819444
5-15A,8.0,300.0509,-0.022245988330704458,0.48410852927242987
5-15A,8.0,301.0333,-0.7213496420539262,0.36025292142567533
5-15A,8.0,303.2326,0.049015397581649606,0.44830392608639985
5-15A,8.0,305.0207,-0.288182679708569,0.14106396716013864
5-15A,8.0,306.0481,-0.3631261841948173,0.19964275000579407
5-15A,8.0,306.0765,-0.3072694420061286,0.021613576776845937
5-15A,8.0,308.0986,1.0817487629471274,0.06468321718938169
5-15A,8.0,313.0441,0.4782470075037887,0.5754097494061557
5-15A,8.0,313.1037,0.3415584289586444,0.5671722879328137
5-15A,8.0,317.026,0.07463758321524656,0.4909488689756559
5-15A,8.0,323.0256,-1.032327293472692,0.33266797849592844
5-15A,8.0,325.1163,-0.15997839853765186,0.18000420283275695
5-15A,8.0,328.0457,0.37328079573529527,0.1287116680234994
5-15A,8.0,333.0589,0.7187761133127497,0.4044410993148885
5-15A,8.0,338.9884,-0.6996959629654593,0.186614711510234
5-15A,8.0,339.0928,0.1489241964539756,0.5422033713871998
5-15A,8.0,341.1089,-0.4102126083762193,0.14163700532216655
5-15A,8.0,344.0393,-0.5398209579930171,0.16393586776927266
5-15A,8.0,346.0556,-0.7327894941523174,0.14080634114619792
5-15A,8.0,348.087,-0.2809639464613817,0.08674954582076705
5-15A,8.0,353.0489,-0.5905128162082793,0.4660844356353626
5-15A,8.0,357.089,-0.36559965569542463,0.25769600254873504
5-15A,8.0,375.131,3.041463421519638,0.5780069131351326
5-15A,8.0,377.1496,-0.24822685128072292,0.333099366543395
5-15A,8.0,383.1188,-0.3587283846231979,0.35103391754787017
5-15A,8.0,388.9416,2.7354459414714865,0.12812082146258472
5-15A,8.0,388.9442,2.4697622430095953,0.29629463403955164
5-15A,8.0,401.0756,-0.5447101852908882,0.06048832056525422
5-15A,8.0,407.2795,-0.8018684507138669,0.21489374665614724
5-15A,8.0,421.0743,-0.9470889482568472,0.5092141069157825
5-15A,8.0,426.0222,-0.19759603296908318,0.5697583088438071
5-15A,8.0,442.9997,-0.41072190129688735,0.14691348366501816
5-15A,8.0,466.9657,-0.3319971359492253,0.1283518956481286
5-15A,8.0,490.9787,-0.6126669961188274,0.20111470219009592
5-15A,8.0,503.1614,-0.5953839885271112,0.1621327828186258
5-15A,8.0,547.0731,1.271988403590767,0.1384390188205248
5-15A,8.0,565.0471,0.3248492279010523,0.22118026232568636
5-15A,8.0,578.8872,-0.4327547305460325,0.09002407343086195
5-15A,8.0,579.0269,-0.5649473742559487,0.07729828379771478
5-15A,8.0,612.2549,-1.115305368248718,0.7076794750967902
5-15A,8.0,624.2949,0.09875328981909456,0.2870761883958397
5-15A,8.0,659.307,-0.3196300666828772,0.2295886069058205
5-15A,8.0,664.0939,-0.7469077835271267,0.2656379063388463
5-15A,8.0,665.2144,-0.8670547170651879,0.2294044157488412
5-15A,8.0,668.1374,-0.5755757538274693,0.0013292225932789803
5-15A,8.0,787.255,-0.4128841324444466,0.14993564117873104
5-15A,8.0,790.2568,-0.2153211636816922,0.2814938553416998
5-15A,8.0,835.0407,-0.20727146038931127,0.23267950517845806
5-15A,8.0,863.2971,-0.8220917555283032,0.08451257421404453
5-15A,8.0,864.1473,-0.2111743146649906,0.3225871160217983
5-15A,8.0,974.2935,-1.120796802061422,0.32192938778813396
5-15A,8.0,976.7162,-0.5289575335689305,0.18154294287773726
5-15A,9.0,57.0342,-0.8620823818018382,0.23784848477445025
5-15A,9.0,58.0295,1.6086932606420374,0.5244379550379907
5-15A,9.0,59.0135,-0.8942488142517468,0.05658235456327371
5-15A,9.0,71.0137,-0.7491171155505236,0.020024387099885833
5-15A,9.0,73.0293,1.1341846094393555,0.036268173604719234
5-15A,9.0,74.0247,2.9261539069920577,0.6356211455397115
5-15A,9.0,75.0087,0.9828850555069959,0.12290141407867738
5-15A,9.0,87.0088,0.27344691735183874,0.054030151858292894
5-15A,9.0,87.0451,-1.1175739490843406,0.1639089307735888
5-15A,9.0,88.0403,0.5260661655355641,0.10224115318657434
5-15A,9.0,88.9883,-0.8501531387850987,0.40098051715781674
5-15A,9.0,89.0244,0.6438972922794051,0.1044423775635318
5-15A,9.0,93.0338,0.02360848342913231,0.009127352905506314
5-15A,9.0,94.9761,-1.0391146071236634,0.3300737444206916
5-15A,9.0,94.9806,0.6529456662784189,0.23222513423735272
5-15A,9.0,95.0139,-0.914186449734077,0.17198084991645035
5-15A,9.0,101.0242,-0.860750162483078,0.19640796931152962
5-15A,9.0,102.056,-0.3685988854893433,0.07163345526806722
5-15A,9.0,103.0402,0.41321801167077493,0.1467956114881875
5-15A,9.0,103.0509,0.47213897115117504,0.058264727375939795
5-15A,9.0,104.0352,-0.2491011164558662,0.17933392220975164
5-15A,9.0,105.0193,-0.9305410639461233,0.13353644811974003
5-15A,9.0,107.0503,-1.0256398027566667,0.4464587613337415
5-15A,9.0,109.0295,2.8302293899093547,0.07534741674273372
5-15A,9.0,111.02,0.38672574358997147,0.045698113396826875
5-15A,9.0,112.0516,0.08438870459217135,0.7360261909000075
5-15A,9.0,113.0244,-0.8601826065443992,0.025841984541794184
5-15A,9.0,113.0357,1.2404378124645796,0.09268466387251503
5-15A,9.0,114.056,5.16469478576495,0.0964686685237506
5-15A,9.0,115.0037,0.8804846402777584,0.045484559845983874
5-15A,9.0,115.0402,-0.01641660462402678,0.40624126059736804
5-15A,9.0,115.0764,-0.20465246632943332,0.6302773548384594
5-15A,9.0,116.0354,3.0939221297648607,0.11115223539624194
5-15A,9.0,116.0717,0.021818834528649415,0.033852835897543745
5-15A,9.0,117.0194,1.093502969005399,0.008297982963668842
5-15A,9.0,118.0508,0.9640623290114217,0.2410440497435982
5-15A,9.0,118.9804,-0.7624010614146838,0.0682423001538596
5-15A,9.0,119.0503,-0.550172758127709,0.04499594609133452
5-15A,9.0,120.9273,-0.3109813840400154,0.059530878107275115
5-15A,9.0,121.0295,-0.432856993497607,0.5469216287480216
5-15A,9.0,121.0409,-1.097392189037784,0.71253867706304
5-15A,9.0,122.0248,-0.42509650454794645,0.28735168085132795
5-15A,9.0,124.0075,-0.4592204201492407,0.5453882839399361
5-15A,9.0,124.0144,-0.7806028694950987,0.1281714578493087
5-15A,9.0,125.0439,-0.34968443160156326,0.26612432135916414
5-15A,9.0,127.0764,-1.040917972677167,0.749022528842434
5-15A,9.0,128.0354,1.8053290918251819,0.11646826180221553
5-15A,9.0,129.0193,1.8120302826167096,0.1819431968656035
5-15A,9.0,129.0556,-0.9416636942820544,0.8782939662211312
5-15A,9.0,130.0142,2.1919917230213004,0.47017689675421637
5-15A,9.0,130.0509,1.4777463307440408,0.12059482298930167
5-15A,9.0,130.0874,-0.0576256441395716,0.07161586221309732
5-15A,9.0,131.0008,0.29345200831930274,0.18751992523665778
5-15A,9.0,131.0123,0.7828440097729533,0.08635090154884623
5-15A,9.0,131.035,-1.072459484305619,0.12137778844133615
5-15A,9.0,131.0462,-1.0431808631564943,0.1240245315113769
5-15A,9.0,131.0828,-0.7762672497593417,0.10247698839991082
5-15A,9.0,132.0302,2.1258606964310593,0.04091021740266991
5-15A,9.0,133.0142,-0.019624183013529,0.08576719899495894
5-15A,9.0,133.0257,0.1545417472907919,0.04794124292171064
5-15A,9.0,133.0505,1.3544943507319196,0.09373255620265239
5-15A,9.0,134.0472,0.0986759939240999,0.3697291427225758
5-15A,9.0,134.0604,1.3756343752476297,0.5704673816680088
5-15A,9.0,135.0302,0.5098550815813655,0.13993152380909568
5-15A,9.0,135.0453,0.5732227888401333,0.10154724620136998
5-15A,9.0,136.0404,6.635644446038306,0.5045270091816427
5-15A,9.0,136.0487,1.658932191755949,0.24556144578274894
5-15A,9.0,136.0767,-0.29044119171471783,0.6781825305387625
5-15A,9.0,137.0239,0.16970600319973547,0.06100982131470026
5-15A,9.0,138.9789,-0.6524064709932775,0.3660833826942757
5-15A,9.0,139.0014,1.73478400143297,0.11429278675801689
5-15A,9.0,139.0067,-0.6202259400657898,0.10781043555477889
5-15A,9.0,139.976,0.32644968828702225,0.6024802149481135
5-15A,9.0,143.0713,-0.90867254518941,0.19051412235113865
5-15A,9.0,143.1077,-0.43842337396866454,0.5141324263051611
5-15A,9.0,145.0141,-0.4501172444513301,0.07784530475158488
5-15A,9.0,145.0506,-0.6580549701663617,0.12985888649969765
5-15A,9.0,145.0623,-0.7593205236781648,0.14383921794702487
5-15A,9.0,145.0982,-0.9357363638023078,0.12101825477658495
5-15A,9.0,145.1106,-1.180840217978019,0.642299204363624
5-15A,9.0,146.0459,-0.16519440709994593,0.0066888875422947665
5-15A,9.0,147.0298,0.6197147221655475,0.0472601438787154
5-15A,9.0,147.0662,1.6224047021290415,0.07855511933761633
5-15A,9.0,149.0092,-0.2579586382374389,0.37928284411029284
5-15A,9.0,149.0456,0.7894440867123573,0.323469568625738
5-15A,9.0,149.0608,-0.50615734451467,0.289039171238502
5-15A,9.0,150.0422,0.2079632955092981,0.22431284492768927
5-15A,9.0,150.9707,0.7283571554245424,0.4055591546706527
5-15A,9.0,151.0259,-0.6845887414822857,0.09828076930704459
5-15A,9.0,151.04,-0.22692435023119573,0.2655232007398617
5-15A,9.0,151.06,0.982772729520507,0.9242621334731627
5-15A,9.0,152.0353,-0.5135035789774014,0.23997342642329192
5-15A,9.0,152.0716,-1.167363490087692,0.2959934702114117
5-15A,9.0,153.0192,2.349170306561894,0.20885535936046212
5-15A,9.0,154.062,-0.577162043998898,0.08827636248258057
5-15A,9.0,154.9751,1.0608243548177623,0.05397557257005762
5-15A,9.0,155.0099,0.3685361309599583,0.04435565157347114
5-15A,9.0,157.0128,0.8998337607563589,0.07435061648864713
5-15A,9.0,157.0255,1.2321115963060159,0.10493432801719434
5-15A,9.0,157.0379,1.243077868648829,0.02189297770264019
5-15A,9.0,157.0504,2.413496073657954,0.09392637972424747
5-15A,9.0,159.0297,-1.0640151640044941,0.2178745785814586
5-15A,9.0,159.0775,1.0562156165707006,0.10331608753050057
5-15A,9.0,160.0616,1.4688869990372726,0.5824040011059914
5-15A,9.0,161.0453,-1.2278770987705272,0.09389566204188023
5-15A,9.0,162.0424,1.6176978776765207,0.42385594172362306
5-15A,9.0,163.0351,-0.32556932900084995,0.23928370566051238
5-15A,9.0,163.0398,3.244051655122241,0.1230380453262432
5-15A,9.0,163.0611,0.7599361987638638,0.5626246452844607
5-15A,9.0,164.0716,-0.5549230918106294,0.03438429707916101
5-15A,9.0,165.03,-0.6948194624170837,0.8027461902285878
5-15A,9.0,165.0405,-0.7255312506319676,0.40911973372898064
5-15A,9.0,165.0556,3.135089336626776,0.30206348912872855
5-15A,9.0,166.0508,0.6151692196016355,0.11656252535957837
5-15A,9.0,166.0632,2.1616019695539723,1.4340573460036357
5-15A,9.0,166.9759,0.28365965128112564,0.35834879394315533
5-15A,9.0,167.0207,-0.8848007870070076,0.10795642825412559
5-15A,9.0,167.0358,-0.9422112280440644,0.4498721124667363
5-15A,9.0,167.0828,-0.33294757113770923,0.42314051274057096
5-15A,9.0,168.0277,-0.5010775975365555,0.019018632173277074
5-15A,9.0,168.0664,-0.9613310596773497,0.7919835629010668
5-15A,9.0,170.0455,0.720951482740272,0.02005714632498362
5-15A,9.0,171.0065,-0.009580311776139272,0.13728497478381035
5-15A,9.0,171.0092,0.0001686980188866788,0.18351543160972913
5-15A,9.0,171.0284,1.5603995152975696,0.07830649505176639
5-15A,9.0,172.0616,1.2322841580088646,0.22281641843432634
5-15A,9.0,172.962,0.22818854582646692,0.05442933294547195
5-15A,9.0,173.0089,0.8074332197539795,0.0981001336035358
5-15A,9.0,173.0453,1.4436532261771073,0.2113997021818408
5-15A,9.0,173.0932,-0.24220606457892122,0.06461723062538634
5-15A,9.0,173.1041,-0.897370264228196,0.9805356281274477
5-15A,9.0,174.0407,1.5564882342780708,0.01552867504826289
5-15A,9.0,174.088,1.0253543120991642,0.19554926760675478
5-15A,9.0,175.022,0.4645964011433484,0.1926015312883348
5-15A,9.0,175.0361,2.1039241632716372,0.038996633514563075
5-15A,9.0,175.0611,1.8047759367561609,0.0882185060488156
5-15A,9.0,176.0776,1.6969418543852937,0.23546373975610613
5-15A,9.0,177.0402,-0.48399777618436723,0.4365996930275201
5-15A,9.0,177.0553,-0.9755090438210128,0.5411328358082712
5-15A,9.0,178.0509,0.3382696321400184,0.04203012661113473
5-15A,9.0,179.0348,1.4574224891800005,0.25038057172504663
5-15A,9.0,179.0561,-0.7334924577933621,0.03322991424987031
5-15A,9.0,180.0663,-0.8136702622853236,0.05947668433602746
5-15A,9.0,181.0505,3.6926564852088366,0.14202981333714462
5-15A,9.0,182.9725,-0.9069182969425584,0.01729888462424068
5-15A,9.0,183.0661,-1.0039519102500623,0.13355436128468803
5-15A,9.0,184.0017,-0.5784129296654337,0.03301531024471013
5-15A,9.0,184.9856,-0.5113525936495988,0.04385257441117873
5-15A,9.0,186.1136,-0.5892527634914807,0.4954701014744663
5-15A,9.0,187.0234,0.6762886132880581,0.7080721055776966
5-15A,9.0,188.035,3.870304333187433,0.9866480126937022
5-15A,9.0,188.0565,2.2767169265957334,0.058214449593918076
5-15A,9.0,189.0405,0.36889858048451296,0.03874098391539946
5-15A,9.0,191.0197,-0.017343165243065006,0.24365050432082075
5-15A,9.0,191.0561,1.7561727007619332,0.10761416464826205
5-15A,9.0,192.0663,-0.6255594532521865,0.36823320897595796
5-15A,9.0,193.0349,-0.6650326266114498,0.38624481459221904
5-15A,9.0,194.0682,-0.41475868863756454,0.27603171199855586
5-15A,9.0,194.0822,-0.6306763889751149,0.3227035960304022
5-15A,9.0,195.0509,-0.3432148428130108,0.10035302560858998
5-15A,9.0,195.0657,0.0034597613011932288,0.6777971921399051
5-15A,9.0,196.0603,2.223449808451271,0.06087226628873698
5-15A,9.0,198.0182,2.0474407958742304,1.069078684822042
5-15A,9.0,199.0019,0.45233109342449984,0.2629506461014421
5-15A,9.0,200.9937,-0.6977125457142332,0.1659431160631789
5-15A,9.0,201.0051,0.4180360865564199,0.5899430532365318
5-15A,9.0,203.0348,-1.2541903731924937,0.12982907325847245
5-15A,9.0,203.0826,-0.08708248782538813,0.003613185138981163
5-15A,9.0,204.0498,-0.7818049324760976,0.5181093423117769
5-15A,9.0,205.0351,0.4628294438968281,0.24263049168841447
5-15A,9.0,206.0822,-0.29144785077139407,0.499278030496742
5-15A,9.0,209.0292,0.3488742147001702,0.5263543930650056
5-15A,9.0,209.0814,-0.7747502527979725,0.22140281519448615
5-15A,9.0,211.0235,0.25194024574888374,0.44270457970170873
5-15A,9.0,211.9968,1.174353270989697,0.15589772429193097
5-15A,9.0,212.0331,1.652450969497513,0.2195780778455602
5-15A,9.0,212.9807,0.06523429512571001,0.15231906852357652
5-15A,9.0,213.014,1.0731694603421398,0.23448782560737583
5-15A,9.0,213.0384,-0.034625155896611276,0.21186743725017865
5-15A,9.0,213.1252,-0.5878280690317905,0.4602289319549176
5-15A,9.0,214.0488,-1.1542291071058661,0.8237306077855222
5-15A,9.0,215.0331,-0.6438343159244224,0.04343105462350294
5-15A,9.0,216.1351,-0.08899499555352014,0.15301025489601988
5-15A,9.0,218.0335,-0.7323361182564629,0.028076321827848586
5-15A,9.0,218.1034,1.233840226656699,0.11922878718392298
5-15A,9.0,220.0828,0.17976904823058473,0.9290617335750722
5-15A,9.0,221.0443,-0.7997134141180477,0.07178087703942607
5-15A,9.0,221.0664,-0.4691778588125972,0.1811822435161768
5-15A,9.0,225.0399,0.16473495563158952,0.8109721093403378
5-15A,9.0,225.0861,0.4912367396675152,0.6944764249898732
5-15A,9.0,225.0901,-0.356904091884669,0.8121806938911762
5-15A,9.0,226.0135,1.007996801594162,0.27348131108698737
5-15A,9.0,226.0697,8.778130270503677,0.6894240002790307
5-15A,9.0,228.0501,-0.019002024835180053,0.4747209452305792
5-15A,9.0,229.0122,1.3421648895806173,0.42531655291985476
5-15A,9.0,237.0614,1.3200919599690102,0.11399553656319499
5-15A,9.0,238.0945,-0.7367201153746686,0.22293782544778468
5-15A,9.0,240.0515,0.7491870624202827,0.029463766814836725
5-15A,9.0,241.0844,-1.2900533337567168,0.7430484740226049
5-15A,9.0,242.0804,-1.3922703235984155,0.14877015656510048
5-15A,9.0,243.029,0.18073367130225404,0.4062053678979523
5-15A,9.0,243.0625,0.23871924293451185,0.2835840772570856
5-15A,9.0,245.0444,0.9758989535498643,0.3793761650319221
5-15A,9.0,246.0198,0.37874402243781424,0.24788730000764383
5-15A,9.0,246.064,-0.5193046700076476,0.10359010310429402
5-15A,9.0,251.0816,-0.5690568111593206,0.3006655188283994
5-15A,9.0,253.0119,3.3403325444606056,0.1256732153075216
5-15A,9.0,253.0499,0.8331098976602648,0.46157455582925133
5-15A,9.0,257.0072,1.5702965863763962,0.1374176271976453
5-15A,9.0,257.1028,-1.0271943208291832,0.5151447035738378
5-15A,9.0,259.005,-0.07552787599424288,0.4678164753643059
5-15A,9.0,259.0227,-1.062164809814086,0.02920517995788839
5-15A,9.0,261.0385,-0.24869929992903142,0.4097220766125339
5-15A,9.0,266.0703,1.3563050223277475,0.08060685766745433
5-15A,9.0,267.0724,0.8103378751464556,0.11117776543466831
5-15A,9.0,268.02,1.0967029502639902,0.5658011409469215
5-15A,9.0,269.0398,1.2531278933188792,0.22858388670674856
5-15A,9.0,271.0612,0.060797258457134754,0.5365262005457649
5-15A,9.0,271.0815,-0.06890686338052349,0.5577085874890599
5-15A,9.0,273.0021,1.1449223713596821,0.34094024848645343
5-15A,9.0,274.0933,1.578410525197147,0.12569257383344254
5-15A,9.0,275.0184,2.1281785667285895,1.1413760226301286
5-15A,9.0,275.0991,-0.22034912735344772,0.22740619214837657
5-15A,9.0,277.1207,-0.9322857874945489,0.011970989593604911
5-15A,9.0,277.2169,-0.6321657704432413,0.20694966394153866
5-15A,9.0,279.2331,-0.336519733860254,0.020936453275714823
5-15A,9.0,282.0839,-0.24516087007170007,0.36594796741400276
5-15A,9.0,283.2063,-0.6461526236356628,0.18168871250488383
5-15A,9.0,285.0972,-0.6975583153082379,0.6080805042798368
5-15A,9.0,287.0157,-0.4444371341487113,0.20056562198316766
5-15A,9.0,288.0725,3.982019833545735,0.21866638800521204
5-15A,9.0,289.0333,0.2405096272074112,0.4242692434778494
5-15A,9.0,289.1044,-0.0238267159098949,0.25148262194356236
5-15A,9.0,290.9677,3.2337669584771573,0.15115162701893592
5-15A,9.0,294.0479,-0.5386578339327276,0.22605163648595167
5-15A,9.0,300.0509,-0.49362677264341814,0.32884615324060495
5-15A,9.0,301.0333,-0.13822909544272893,0.34393715765714133
5-15A,9.0,303.2326,-0.31757091376446206,0.27488964649950703
5-15A,9.0,305.0207,-0.7026271035201344,0.08679840999799632
5-15A,9.0,306.0481,-0.000393329992127784,0.08459050447919575
5-15A,9.0,306.0765,-0.2918920699850074,0.03829390853361338
5-15A,9.0,308.0986,0.3991166153830198,0.0578432032075914
5-15A,9.0,313.0441,-0.03139974268271952,0.6033325387046174
5-15A,9.0,313.1037,0.6755134786240959,0.6967742961515373
5-15A,9.0,317.026,0.024769532588170454,0.4664459671818595
5-15A,9.0,323.0256,-0.7892069813722528,0.3694764720437043
5-15A,9.0,325.1163,-0.15719530592816067,0.3670403971389631
5-15A,9.0,328.0457,0.677950021004468,0.12676092373744288
5-15A,9.0,333.0589,1.014306868277226,0.42114358454768935
5-15A,9.0,338.9884,0.39931606755578763,0.867606115881778
5-15A,9.0,339.0928,-0.1937149525049584,0.9373710032916013
5-15A,9.0,341.1089,-0.43906433679366563,0.15938830185410702
5-15A,9.0,344.0393,-0.3827054727618322,0.34650895152238687
5-15A,9.0,346.0556,-0.6549593182504008,0.2536098929303827
5-15A,9.0,348.087,0.21998048699067912,0.1403412619628761
5-15A,9.0,353.0489,-0.48130270670087427,0.1812619752291632
5-15A,9.0,357.089,-0.12096760760492889,0.2653273846539852
5-15A,9.0,375.131,4.5916607520697195,0.871716194858503
5-15A,9.0,377.1496,-0.2202998347930797,0.453147161777703
5-15A,9.0,383.1188,-1.2996239026376115,0.308010196551808
5-15A,9.0,388.9416,2.8861990512728966,0.3707942084711163
5-15A,9.0,388.9442,3.2100943465887974,0.604128397329047
5-15A,9.0,401.0756,-0.9394702352326392,0.038796897824282334
5-15A,9.0,407.2795,-0.9707462638594102,0.19787995258638344
5-15A,9.0,421.0743,-0.5154384862576911,0.9334757736758753
5-15A,9.0,426.0222,-0.14034704523510794,0.8634230508096874
5-15A,9.0,442.9997,-0.22999862153250933,0.15964536192144893
5-15A,9.0,466.9657,-0.5747509477123467,0.027173085850322538
5-15A,9.0,490.9787,-0.01935195240292055,0.785882366157898
5-15A,9.0,503.1614,-0.42591354581227553,0.3184804695744807
5-15A,9.0,547.0731,1.721298723603486,0.10439430381107274
5-15A,9.0,565.0471,0.2840530774384646,0.12638489353956103
5-15A,9.0,578.8872,-0.8346103547553929,0.0885349958354716
5-15A,9.0,579.0269,-0.847957398455186,0.04918884100295419
5-15A,9.0,612.2549,-0.2203112787429648,0.4622244461609928
5-15A,9.0,624.2949,0.6827574802533082,0.3555301984247516
5-15A,9.0,659.307,-0.5253047197305962,0.1714449643513637
5-15A,9.0,664.0939,-0.3541538426609242,0.13368846651232688
5-15A,9.0,665.2144,-0.09922681029620092,0.17446614973318764
5-15A,9.0,668.1374,-0.3766239593503368,0.0067328399448626855
5-15A,9.0,787.255,-0.2909523563440605,0.3806326933648639
5-15A,9.0,790.2568,-0.33544844217909314,0.15471338454168382
5-15A,9.0,835.0407,0.13331144172619386,0.348741570878423
5-15A,9.0,863.2971,-0.31526912075883,0.03265679106610581
5-15A,9.0,864.1473,0.16395045596215885,0.48168150937214504
5-15A,9.0,974.2935,-0.29959097769452203,0.3452193316648035
5-15A,9.0,976.7162,-0.8839434006224105,0.04042249837216547
5-15A,10.0,57.0342,-1.6815443130742507,0.1877947242571562
5-15A,10.0,58.0295,0.9788950500371618,0.379154374325664
5-15A,10.0,59.0135,-1.0892278710213215,0.058533345951974396
5-15A,10.0,71.0137,-1.306088059742459,0.04669649857955555
5-15A,10.0,73.0293,1.3906034651067691,0.09573222417033057
5-15A,10.0,74.0247,3.056501128271658,0.8515639528349436
5-15A,10.0,75.0087,0.12105182851905288,0.5524143419508496
5-15A,10.0,87.0088,0.30240937345618,0.04641041954263708
5-15A,10.0,87.0451,-1.176391257966126,0.5157691777799857
5-15A,10.0,88.0403,1.5783514508489045,0.11399087518600846
5-15A,10.0,88.9883,0.24402161848855913,0.3917742397856924
5-15A,10.0,89.0244,-1.3539182784897117,0.04889128096434491
5-15A,10.0,93.0338,0.06488630430410212,0.027462140483915185
5-15A,10.0,94.9761,-1.0683571126987577,0.29944827664461177
5-15A,10.0,94.9806,0.9335586451246061,0.5655367053201357
5-15A,10.0,95.0139,-1.4080937681036385,0.045536568235301694
5-15A,10.0,101.0242,-1.5785043892977888,0.1498350745562282
5-15A,10.0,102.056,0.22529120977053269,0.14339251479068676
5-15A,10.0,103.0402,0.4718061511121445,0.09949312831916737
5-15A,10.0,103.0509,0.365531671892647,0.11843321396012116
5-15A,10.0,104.0352,-0.18850277219667566,0.12916456810007512
5-15A,10.0,105.0193,-0.18284534985123746,0.5538473569362825
5-15A,10.0,107.0503,-0.24340380440341147,0.7373585829384095
5-15A,10.0,109.0295,3.7756395074508733,0.22898384097743887
5-15A,10.0,111.02,0.6163215927712558,0.07554011323208402
5-15A,10.0,112.0516,0.22582679881728274,0.6012058244290392
5-15A,10.0,113.0244,-1.422751422976546,0.01782831006223339
5-15A,10.0,113.0357,0.8899731591614862,0.024077140644481985
5-15A,10.0,114.056,10.977253728384241,0.16617528212872218
5-15A,10.0,115.0037,2.161073211463263,0.12840199664013321
5-15A,10.0,115.0402,-0.09878131896991704,0.5634738345082846
5-15A,10.0,115.0764,0.7967559571855991,0.3187530547416347
5-15A,10.0,116.0354,4.360051459585364,0.41867885137243194
5-15A,10.0,116.0717,1.0067004490412688,0.05115653081434335
5-15A,10.0,117.0194,1.357573942009271,0.03719129748101974
5-15A,10.0,118.0508,1.2182360707384743,0.1468093860655388
5-15A,10.0,118.9804,-1.4272693376814183,0.009773064054675932
5-15A,10.0,119.0503,-0.6991529023342659,0.5146353760888439
5-15A,10.0,120.9273,-0.2069556338866754,0.10784817035196446
5-15A,10.0,121.0295,-0.010495260340444562,0.2169747177822595
5-15A,10.0,121.0409,-1.0762953584198156,0.5034178318639498
5-15A,10.0,122.0248,-0.3240899544271771,0.30635057761027096
5-15A,10.0,124.0075,-0.7731089766661446,0.25189365225100274
5-15A,10.0,124.0144,-1.3652004483749307,0.19681566041965895
5-15A,10.0,125.0439,-0.5392507566360065,0.14867441270567008
5-15A,10.0,127.0764,-0.7186759092018189,0.24193484193886414
5-15A,10.0,128.0354,4.000680980479848,0.254518417513477
5-15A,10.0,129.0193,3.474720131310725,0.12231698389236616
5-15A,10.0,129.0556,0.15518045870206212,0.3729970618430597
5-15A,10.0,130.0142,3.87352595481351,0.3668663384736457
5-15A,10.0,130.0509,1.7112744932051722,0.09038282763209043
5-15A,10.0,130.0874,2.2344780301890443,0.13517454844556778
5-15A,10.0,131.0008,-0.5121191310263064,0.0566675371402379
5-15A,10.0,131.0123,-0.10118320648733434,0.046284587333455605
5-15A,10.0,131.035,-1.4999663539348265,0.018128211898280174
5-15A,10.0,131.0462,-1.4567931548289268,0.09388344500470422
5-15A,10.0,131.0828,-0.6336468810863665,0.154246707926462
5-15A,10.0,132.0302,1.9165482101065345,0.08859968759655862
5-15A,10.0,133.0142,1.058430383674768,0.11503852802079265
5-15A,10.0,133.0257,1.2217838133027916,0.09476684732331137
5-15A,10.0,133.0505,1.5603567373157938,0.08884584167761354
5-15A,10.0,134.0472,0.8290815783526932,0.13871957447465486
5-15A,10.0,134.0604,2.0094401531124144,0.8170000819813759
5-15A,10.0,135.0302,3.9393101742115433,0.2039549347551264
5-15A,10.0,135.0453,0.8876295544517052,0.0889661693689656
5-15A,10.0,136.0404,7.349531424655425,0.47177848612073936
5-15A,10.0,136.0487,1.8243831323398565,0.513616469319986
5-15A,10.0,136.0767,-0.191518349524873,0.5353678765533838
5-15A,10.0,137.0239,0.1480601965876518,0.05749739278681203
5-15A,10.0,138.9789,-0.37916589190715216,0.08665619659879795
5-15A,10.0,139.0014,1.7669468212178594,0.09975819799554363
5-15A,10.0,139.0067,-0.6624660084567086,0.08261655394670916
5-15A,10.0,139.976,0.7412456065774837,0.459289478695734
5-15A,10.0,143.0713,-0.9343327252294265,0.2176317586968179
5-15A,10.0,143.1077,-0.0605205840538339,0.42501444788498033
5-15A,10.0,145.0141,0.01313297959873368,0.11345213649714668
5-15A,10.0,145.0506,0.3374694447145299,0.08953094550735759
5-15A,10.0,145.0623,-0.0904930989252139,0.22942571219771812
5-15A,10.0,145.0982,-0.7715404685823924,0.06438999417859348
5-15A,10.0,145.1106,-0.35606249371955234,0.5644198814940373
5-15A,10.0,146.0459,0.3894684668633499,0.02489379645275741
5-15A,10.0,147.0298,0.9528858792167023,0.08130380471641883
5-15A,10.0,147.0662,0.9460463135949722,0.07206107623890996
5-15A,10.0,149.0092,-1.2443943672052287,0.36379516417646424
5-15A,10.0,149.0456,0.17200723758428418,0.19827878088917225
5-15A,10.0,149.0608,-0.06389724678721434,0.1983811938814976
5-15A,10.0,150.0422,0.4907084685851093,0.529764729482705
5-15A,10.0,150.9707,0.1203780341555523,1.6296196646169212
5-15A,10.0,151.0259,0.9951378635305752,0.26080560540849346
5-15A,10.0,151.04,0.22492990875617627,0.45690233542851405
5-15A,10.0,151.06,0.2877597590263081,1.020547250579272
5-15A,10.0,152.0353,0.5755269016615013,0.23380063586905403
5-15A,10.0,152.0716,-1.2713155107448242,0.09796396434786521
5-15A,10.0,153.0192,3.2148275686162897,0.14905732211097658
5-15A,10.0,154.062,-0.340353055309474,0.020344631630414636
5-15A,10.0,154.9751,1.1140203355813276,0.04453271857606865
5-15A,10.0,155.0099,0.4553633896497449,0.019510224433761436
5-15A,10.0,157.0128,0.025967216649672945,0.045706385152518146
5-15A,10.0,157.0255,1.213378157189418,0.060170846411193135
5-15A,10.0,157.0379,1.2568392746389914,0.07324176393794747
5-15A,10.0,157.0504,2.312750589618023,0.14516136122542528
5-15A,10.0,159.0297,-1.1930114981747528,0.06861900364565916
5-15A,10.0,159.0775,2.086974219272151,0.27944267270470524
5-15A,10.0,160.0616,1.9671323705407877,0.34346555509160853
5-15A,10.0,161.0453,-1.897165975268632,0.06926005950321078
5-15A,10.0,162.0424,2.3249803331206316,0.2291938271221677
5-15A,10.0,163.0351,-0.8827787703316501,0.07585491533162364
5-15A,10.0,163.0398,0.7933282149184326,0.0840188429601859
5-15A,10.0,163.0611,-0.1160458579542158,0.639170275536136
5-15A,10.0,164.0716,5.027578281974584,0.223987001448877
5-15A,10.0,165.03,-0.2087202318740518,0.9920583490499963
5-15A,10.0,165.0405,-0.6347471002727163,0.7652548815354621
5-15A,10.0,165.0556,3.8593550564623023,0.08977588667626946
5-15A,10.0,166.0508,1.094455651246801,0.4854314661077094
5-15A,10.0,166.0632,0.8927007758405809,1.4784737490081745
5-15A,10.0,166.9759,0.861555871093371,0.3711797402982192
5-15A,10.0,167.0207,-0.5678453971776252,0.14269839933562156
5-15A,10.0,167.0358,-0.7191112118998411,0.4629516139081853
5-15A,10.0,167.0828,-0.9919645029305597,0.6331461605918055
5-15A,10.0,168.0277,0.19545013899696212,0.00983709683218332
5-15A,10.0,168.0664,-0.6019462687198305,0.5166162719026615
5-15A,10.0,170.0455,2.0076626136946123,0.10880851889732657
5-15A,10.0,171.0065,1.1255211900774966,0.3286375267800207
5-15A,10.0,171.0092,1.315846557804385,0.3337323138035576
5-15A,10.0,171.0284,1.0872316508229387,0.030622797003875674
5-15A,10.0,172.0616,1.1659298164984855,0.18659786684096313
5-15A,10.0,172.962,2.314415658889625,0.166551908759016
5-15A,10.0,173.0089,3.0086933584624433,0.41688443946994136
5-15A,10.0,173.0453,1.7699695393754062,0.16877736969234614
5-15A,10.0,173.0932,0.5628565680193636,0.046524205413255776
5-15A,10.0,173.1041,-0.5671704663765309,0.16905392638992853
5-15A,10.0,174.0407,1.1039683910701434,0.017318980256484262
5-15A,10.0,174.088,0.5540678684408491,0.10093579533017498
5-15A,10.0,175.022,1.6371870820364736,0.2710271274048391
5-15A,10.0,175.0361,2.105975848056748,0.02925167618132287
5-15A,10.0,175.0611,1.404352600809586,0.06618546157377443
5-15A,10.0,176.0776,1.4184093260675332,0.24994592787943246
5-15A,10.0,177.0402,-0.3422222539286424,0.3068259272513504
5-15A,10.0,177.0553,-0.7555240579191906,0.3957262386269401
5-15A,10.0,178.0509,0.9707295500960871,0.08587998568434904
5-15A,10.0,179.0348,0.4610419562388491,0.21855637843773013
5-15A,10.0,179.0561,-1.4371223641462176,0.0009768131098204377
5-15A,10.0,180.0663,-1.23119440208356,0.02704205389083204
5-15A,10.0,181.0505,3.6610998478419536,0.1916664924242048
5-15A,10.0,182.9725,-1.403890339533184,0.05007694753037904
5-15A,10.0,183.0661,-0.8486262776935611,0.23728683923308483
5-15A,10.0,184.0017,0.07861799980073367,0.08647834399931696
5-15A,10.0,184.9856,0.24566414993632718,0.13493718881763483
5-15A,10.0,186.1136,-0.24379863670476826,0.16673022394164966
5-15A,10.0,187.0234,-0.20910012675510598,0.660276564396434
5-15A,10.0,188.035,5.7945979889164185,2.138146675809406
5-15A,10.0,188.0565,2.0088424185430958,0.027451527697616523
5-15A,10.0,189.0405,0.19950942562412122,0.09830843569298021
5-15A,10.0,191.0197,1.4983611494142377,0.29464721172519454
5-15A,10.0,191.0561,1.1929425256544883,0.12166012031901305
5-15A,10.0,192.0663,0.46217084074975084,0.7700305691854942
5-15A,10.0,193.0349,0.1811646625591063,0.4279409440960986
5-15A,10.0,194.0682,-0.36702850999057085,0.18750668665633494
5-15A,10.0,194.0822,-1.457407957123692,0.6228122640479788
5-15A,10.0,195.0509,-1.030903097260619,0.05229506412322027
5-15A,10.0,195.0657,-0.7288458143234282,0.8413838903088625
5-15A,10.0,196.0603,5.320879046043782,0.3122352577761424
5-15A,10.0,198.0182,4.926553241889675,0.5959318036082788
5-15A,10.0,199.0019,-0.34447319654385233,0.04711416949648173
5-15A,10.0,200.9937,-0.5825171733255746,0.2385479127774201
5-15A,10.0,201.0051,0.5561642945893076,0.32281347845300645
5-15A,10.0,203.0348,-1.3127705368039564,0.10389179564152222
5-15A,10.0,203.0826,0.286565547089024,0.03042998337090868
5-15A,10.0,204.0498,-1.1269548311228412,0.23325112639348378
5-15A,10.0,205.0351,0.2785126039682781,0.1096689856756638
5-15A,10.0,206.0822,0.33252367369379626,0.7561460373938371
5-15A,10.0,209.0292,-0.9044714475460994,0.6180065643146412
5-15A,10.0,209.0814,-1.000054809915809,0.2958287058062738
5-15A,10.0,211.0235,0.11363338230942116,0.27879964179995104
5-15A,10.0,211.9968,1.0143634030107775,0.07390687434651563
5-15A,10.0,212.0331,7.347468439315663,0.6839119964728321
5-15A,10.0,212.9807,1.4453368246159282,0.0796575723919561
5-15A,10.0,213.014,0.1046930055060934,0.32579574874525663
5-15A,10.0,213.0384,-0.09410764573013589,0.08706375251943269
5-15A,10.0,213.1252,-1.0823936980941422,0.6423062303407777
5-15A,10.0,214.0488,-0.09246280787627723,0.5534744485150834
5-15A,10.0,215.0331,-1.559777833933932,0.0004918501512727252
5-15A,10.0,216.1351,-0.19132553176529812,0.16453121436968568
5-15A,10.0,218.0335,-1.5033890214506003,0.0021338740500494576
5-15A,10.0,218.1034,-0.09029630645665067,0.09389685484749073
5-15A,10.0,220.0828,-0.6115066793754312,0.8006065225329385
5-15A,10.0,221.0443,-1.2251396219972635,0.053147600918959384
5-15A,10.0,221.0664,-0.6850091188598879,0.2638288687838937
5-15A,10.0,225.0399,0.3616810347489138,0.6486669158048419
5-15A,10.0,225.0861,2.2617133435582994,0.7291614408054798
5-15A,10.0,225.0901,1.9392289433958005,1.5346855912570543
5-15A,10.0,226.0135,3.9464366248061618,0.36109590421080884
5-15A,10.0,226.0697,6.379572545867056,0.9209435195870639
5-15A,10.0,228.0501,0.21467550947174507,0.26200789541632324
5-15A,10.0,229.0122,1.5228192634872677,0.32283591622739966
5-15A,10.0,237.0614,2.186206348278552,0.2638067169405812
5-15A,10.0,238.0945,-0.7136215275520701,0.18437434377436726
5-15A,10.0,240.0515,1.3372397297286858,0.04716000700777615
5-15A,10.0,241.0844,-0.3201093646703263,0.558197672077619
5-15A,10.0,242.0804,-0.6454269105756365,0.3459212685764115
5-15A,10.0,243.029,-0.5496562778479763,0.15603515218251
5-15A,10.0,243.0625,0.06355697357883482,0.4506078668529785
5-15A,10.0,245.0444,1.2094493469879715,0.42093415143619967
5-15A,10.0,246.0198,0.6440181517581234,0.19089446456618894
5-15A,10.0,246.064,-1.2392985980263427,0.005150220952146231
5-15A,10.0,251.0816,-1.0043106818103968,0.6060870646985277
5-15A,10.0,253.0119,4.161434525813802,0.17306080594149956
5-15A,10.0,253.0499,0.5064132990379961,0.7883174794709357
5-15A,10.0,257.0072,3.8339528709865354,0.9671842904442778
5-15A,10.0,257.1028,-1.000143296690233,0.19791579659806338
5-15A,10.0,259.005,0.4247006389752108,0.2796587309838003
5-15A,10.0,259.0227,-1.4057707389538088,0.06314879691982549
5-15A,10.0,261.0385,0.1739993646059424,0.33302439740107126
5-15A,10.0,266.0703,2.8863116167244973,0.4818220323110712
5-15A,10.0,267.0724,-0.6483361264817893,0.015817072909340972
5-15A,10.0,268.02,2.0862122135561765,0.9789275079465315
5-15A,10.0,269.0398,0.5129122352962602,0.25814762986087236
5-15A,10.0,271.0612,-0.5262063396702574,0.38083653057326156
5-15A,10.0,271.0815,0.007468283723357557,0.9388511643657472
5-15A,10.0,273.0021,0.8544405757768663,0.18464018174999622
5-15A,10.0,274.0933,0.5547358831829119,0.31708383159523773
5-15A,10.0,275.0184,2.7312798617904814,0.8240937988632415
5-15A,10.0,275.0991,-0.14811288082325003,0.1384999004190688
5-15A,10.0,277.1207,-1.0594651655496334,0.020706011579099605
5-15A,10.0,277.2169,-0.843996366610112,0.3201614141800694
5-15A,10.0,279.2331,-0.3553101950228345,0.019293037228835495
5-15A,10.0,282.0839,-0.9366745006400713,0.3167249631696835
5-15A,10.0,283.2063,-0.48179908434700025,0.061417067301399585
5-15A,10.0,285.0972,-0.833732587213036,0.8907307647585878
5-15A,10.0,287.0157,-0.8309103321452228,0.2067865812876404
5-15A,10.0,288.0725,2.7765274200158423,0.3259181141283721
5-15A,10.0,289.0333,-0.00882854863964802,0.43986240805921334
5-15A,10.0,289.1044,-0.14550830515224686,0.4426688476363965
5-15A,10.0,290.9677,3.893924623984571,0.31782603626774997
5-15A,10.0,294.0479,-1.0260391402214515,0.5561330622946881
5-15A,10.0,300.0509,0.29489093077876655,0.7743815178678185
5-15A,10.0,301.0333,-0.6068589005851424,0.5579630475053435
5-15A,10.0,303.2326,-0.6787862133036995,0.15713064131376725
5-15A,10.0,305.0207,-1.3887214507998984,0.03938566375295098
5-15A,10.0,306.0481,0.4122515649488518,0.34214985109919943
5-15A,10.0,306.0765,-0.27011269002039906,0.013823839727132392
5-15A,10.0,308.0986,-0.4043642855776045,0.013774661517227511
5-15A,10.0,313.0441,-0.24171875367517995,0.5748142610322712
5-15A,10.0,313.1037,1.9902100145058585,1.5646589357243208
5-15A,10.0,317.026,0.453634767981025,0.7187944623755447
5-15A,10.0,323.0256,0.03646700164577743,1.2438180593436274
5-15A,10.0,325.1163,-0.4424622984010079,0.4508186085301764
5-15A,10.0,328.0457,1.4571236663077443,0.24252548560113613
5-15A,10.0,333.0589,0.8370732160890608,0.2446788153603318
5-15A,10.0,338.9884,0.7877930571249419,0.6641888352040033
5-15A,10.0,339.0928,-0.4439374353324751,0.5587806060206975
5-15A,10.0,341.1089,-0.43216501043297195,0.09102234378736783
5-15A,10.0,344.0393,0.9505787323293764,0.20154535758261308
5-15A,10.0,346.0556,-0.35981508257528955,0.11048706342713396
5-15A,10.0,348.087,0.26145996237205993,0.28159227428699235
5-15A,10.0,353.0489,0.07671607201504484,0.40150170547994246
5-15A,10.0,357.089,1.18939400884153,0.3129889058514285
5-15A,10.0,375.131,5.52160218723418,1.2440123506549075
5-15A,10.0,377.1496,-0.4627571142994365,0.454118100969233
5-15A,10.0,383.1188,-1.1803371947956371,0.4475041920102259
5-15A,10.0,388.9416,3.621307037185713,0.6158093315680687
5-15A,10.0,388.9442,3.4339851037196043,0.3793456535847368
5-15A,10.0,401.0756,-1.1873681991540481,0.019185040502886178
5-15A,10.0,407.2795,-0.9527107692516337,0.2629932121518917
5-15A,10.0,421.0743,0.24396407708436918,0.4453068395540089
5-15A,10.0,426.0222,0.23177137503573106,0.1832206129408339
5-15A,10.0,442.9997,0.08268133869474792,0.09485504554208159
5-15A,10.0,466.9657,-1.2235929260668625,0.0613752246623247
5-15A,10.0,490.9787,-0.3249603477652087,0.48496763029595363
5-15A,10.0,503.1614,-0.42055558099576434,0.04798878730342861
5-15A,10.0,547.0731,2.47064882369141,0.3092039471933115
5-15A,10.0,565.0471,0.9972572078469181,0.39221757462388523
5-15A,10.0,578.8872,-1.31660002084249,0.01951172362978492
5-15A,10.0,579.0269,-0.9547216590812456,0.08125370477100503
5-15A,10.0,612.2549,1.0617909809642385,0.34251147728401915
5-15A,10.0,624.2949,2.0196616745506537,0.6284813300837291
5-15A,10.0,659.307,-0.9022239076946978,0.15652730269415416
5-15A,10.0,664.0939,0.6754440841622413,0.3162455628039583
5-15A,10.0,665.2144,0.8215827782777096,0.20419683241271983
5-15A,10.0,668.1374,0.16239797711926762,0.031489788866188216
5-15A,10.0,787.255,-0.728030876826983,0.22386093038650423
5-15A,10.0,790.2568,-0.6783924469216732,0.214600600138719
5-15A,10.0,835.0407,0.2029513961523674,0.17454024618144745
5-15A,10.0,863.2971,1.5275233944389521,0.2207113480954
5-15A,10.0,864.1473,0.6101728816720713,0.3361181087868534
5-15A,10.0,974.2935,0.46796823503031926,0.7276663006540661
5-15A,10.0,976.7162,-1.3869196745666246,0.040753378709105045
5-15B,1.0,57.0342,0.9593901123763591,0.7117651815557364
5-15B,1.0,58.0295,-1.0403423727884897,0.01876000781678676
5-15B,1.0,59.0135,1.481508175792954,0.31691818597884247
5-15B,1.0,71.0137,1.3463070823386176,0.17297155868619002
5-15B,1.0,73.0293,-0.9549735520630886,0.012428846272648151
5-15B,1.0,74.0247,-1.1326580294681046,0.12571563702250224
5-15B,1.0,75.0087,-0.8465535756402061,0.5838738237314427
5-15B,1.0,87.0088,-0.6810548968694943,0.012861419886639417
5-15B,1.0,87.0451,-0.154090413116047,0.19350134978045508
5-15B,1.0,88.0403,-0.9512783543232858,0.019361772475437973
5-15B,1.0,88.9883,0.7746214322897575,0.4974691546194032
5-15B,1.0,89.0244,-0.1818593241917429,0.12685358357963533
5-15B,1.0,93.0338,-0.08463462352943874,0.016404218313858947
5-15B,1.0,94.9761,-1.0437740032666087,0.34254116690228203
5-15B,1.0,94.9806,0.9015295273284285,0.2598650413805715
5-15B,1.0,95.0139,1.276146321381546,0.34305433195310914
5-15B,1.0,101.0242,1.3994944357196757,0.3256402827820293
5-15B,1.0,102.056,-0.5443365986210733,0.06979026658664453
5-15B,1.0,103.0402,-0.9962505511699324,0.04550412485388792
5-15B,1.0,103.0509,-1.0460843446385288,0.04508655150913313
5-15B,1.0,104.0352,-0.061264020027818195,0.09692113153477391
5-15B,1.0,105.0193,-2.1153131060715147,0.16532085980389086
5-15B,1.0,107.0503,-0.11450914277721277,0.4232451978641729
5-15B,1.0,109.0295,-1.227007943725159,0.14250524146347637
5-15B,1.0,111.02,-1.2100981121720906,0.0025246394319376926
5-15B,1.0,112.0516,-0.7081431730113193,0.22552333704056352
5-15B,1.0,113.0244,1.295743619311245,0.24116401551445837
5-15B,1.0,113.0357,-1.055381180576009,0.05042033034818418
5-15B,1.0,114.056,-0.2434054280982613,0.002997718504782802
5-15B,1.0,115.0037,-0.9356282728555689,0.027558187371321402
5-15B,1.0,115.0402,-0.9333504604310047,0.42661099060685725
5-15B,1.0,115.0764,-0.1816102730351176,0.47604672265378134
5-15B,1.0,116.0354,-0.8846550432574429,0.16286238685285842
5-15B,1.0,116.0717,-0.6351229701746153,0.015429476931342917
5-15B,1.0,117.0194,-0.9446351915362721,0.002519534578084117
5-15B,1.0,118.0508,-1.3016612324280974,0.07991489026428045
5-15B,1.0,118.9804,1.224855122674299,0.386413747647337
5-15B,1.0,119.0503,-0.04541913521892689,0.3440035263445362
5-15B,1.0,120.9273,-0.02061385535112717,0.23753199035604153
5-15B,1.0,121.0295,0.6361070546606965,0.6225316890863001
5-15B,1.0,121.0409,1.1806819389642982,0.2674028969392035
5-15B,1.0,122.0248,-2.1240557209962545,0.06864676737558023
5-15B,1.0,124.0075,0.22527367276400762,0.8824891581148178
5-15B,1.0,124.0144,-0.3467909098341976,0.13714500013667752
5-15B,1.0,125.0439,-1.9021547792690265,0.06721184467493685
5-15B,1.0,127.0764,0.9333764889913843,0.8566230763118692
5-15B,1.0,128.0354,-0.24714369945482045,0.025704620223100303
5-15B,1.0,129.0193,-1.3671903573828925,0.04118322637915222
5-15B,1.0,129.0556,0.39909337871092093,0.9734043082455991
5-15B,1.0,130.0142,-0.9602044974895,0.10326638984299204
5-15B,1.0,130.0509,-1.0849086564455652,0.007729407163121488
5-15B,1.0,130.0874,-0.8458766486939431,0.07055987922072847
5-15B,1.0,131.0008,-0.9357384370614973,0.1835216784692105
5-15B,1.0,131.0123,-0.7531342642679064,0.0542645295850924
5-15B,1.0,131.035,-0.279375159754653,0.14600276017511113
5-15B,1.0,131.0462,-0.36999429940299156,0.30678068065899045
5-15B,1.0,131.0828,0.08868578497396143,0.10730539304487664
5-15B,1.0,132.0302,-1.241012756111976,0.007187812137086617
5-15B,1.0,133.0142,-0.5668763351336148,0.02329955240227064
5-15B,1.0,133.0257,-0.6809029738399404,0.057414438575979894
5-15B,1.0,133.0505,-1.3582187660222094,0.007108955313977508
5-15B,1.0,134.0472,-1.3316898083855593,0.3129006515819509
5-15B,1.0,134.0604,-1.5020318321822965,0.15626408424249472
5-15B,1.0,135.0302,-0.8979669201451286,0.1251598413883183
5-15B,1.0,135.0453,-1.8357405710278427,0.06505613995652205
5-15B,1.0,136.0404,-0.5163144095628149,0.07482805244096612
5-15B,1.0,136.0487,-1.7614300050070326,0.19198725495328933
5-15B,1.0,136.0767,-0.03631182126149583,0.5888834646905475
5-15B,1.0,137.0239,-0.31346118729824196,0.2647081364062691
5-15B,1.0,138.9789,0.7350091865845161,0.350592623732895
5-15B,1.0,139.0014,-0.3613750432006826,0.1320629709357051
5-15B,1.0,139.0067,-0.6458387657200444,0.032960902124212425
5-15B,1.0,139.976,-0.5956852474234962,0.4938423318111859
5-15B,1.0,143.0713,2.152977414585169,1.0895274146971656
5-15B,1.0,143.1077,0.7714374496575098,0.46962098218637705
5-15B,1.0,145.0141,-0.19275600886796135,0.17795693727280662
5-15B,1.0,145.0506,-0.5419383148010908,0.1463879031022331
5-15B,1.0,145.0623,-0.46831007602058444,0.3346841865195301
5-15B,1.0,145.0982,0.3706918459909316,0.2326498481368687
5-15B,1.0,145.1106,0.21483190443605849,0.5389718975241036
5-15B,1.0,146.0459,-0.4423910133347734,0.007137684619952064
5-15B,1.0,147.0298,-0.9875155385754805,0.0047186004850200075
5-15B,1.0,147.0662,-1.4368083874019746,0.010406196221697127
5-15B,1.0,149.0092,0.7306329726052195,0.8366134413088151
5-15B,1.0,149.0456,0.5723647078826577,0.052448074689267786
5-15B,1.0,149.0608,0.22666763741972404,0.22863959917115007
5-15B,1.0,150.0422,-0.24867679621877253,0.46292724267079854
5-15B,1.0,150.9707,-0.48429685275871504,0.4476922560279325
5-15B,1.0,151.0259,-0.5835504503201357,0.11612954120502195
5-15B,1.0,151.04,-1.3473084849342891,0.6496604399468502
5-15B,1.0,151.06,-0.9716814468226516,0.5049746758554879
5-15B,1.0,152.0353,-0.07743118023894047,0.18527270478725322
5-15B,1.0,152.0716,1.9108299743964756,0.27930801737122096
5-15B,1.0,153.0192,0.04409305942105144,0.40253824264891486
5-15B,1.0,154.062,0.13261233098790115,0.07299551651640045
5-15B,1.0,154.9751,-0.9514680299451603,0.021579764010590006
5-15B,1.0,155.0099,-1.1773289969856728,0.002234916996937174
5-15B,1.0,157.0128,-1.0135306059578133,0.023324545750101632
5-15B,1.0,157.0255,-1.3448134710528525,0.006148288591626765
5-15B,1.0,157.0379,-1.3537403171581426,0.0191682163906014
5-15B,1.0,157.0504,-1.2055418685758343,0.038036024849921315
5-15B,1.0,159.0297,-1.290942391920236,0.1741160893520827
5-15B,1.0,159.0775,-1.2290572962305242,0.01125041684333899
5-15B,1.0,160.0616,-1.636467157254409,0.2567904028530017
5-15B,1.0,161.0453,-0.8933262477236696,0.13531944773940632
5-15B,1.0,162.0424,-1.4911116350526794,0.24470572848471017
5-15B,1.0,163.0351,-0.9747192878643587,0.1698997130092946
5-15B,1.0,163.0398,-0.02780233624008021,0.0706268011185245
5-15B,1.0,163.0611,-0.8826597407270202,1.325202633103624
5-15B,1.0,164.0716,-0.36030455173264475,0.05502891814290649
5-15B,1.0,165.03,1.4807172027718756,0.7278668291006112
5-15B,1.0,165.0405,-1.0433188025530242,0.2683458962134733
5-15B,1.0,165.0556,-1.0176308710016067,0.07108848535822057
5-15B,1.0,166.0508,-2.08455061349074,0.08973949370764958
5-15B,1.0,166.0632,-0.8108611099877142,0.5187073680485514
5-15B,1.0,166.9759,-1.2495536094259552,0.2038275517103627
5-15B,1.0,167.0207,0.6346717051803074,0.12336230876034684
5-15B,1.0,167.0358,-0.5101143039190205,0.5073245238933807
5-15B,1.0,167.0828,-0.4182956655830128,0.3223203787722045
5-15B,1.0,168.0277,-0.4373410567606797,0.03812284869123698
5-15B,1.0,168.0664,-0.9863258665672523,0.22575685650948638
5-15B,1.0,170.0455,-0.8496492812437443,0.009257771720896668
5-15B,1.0,171.0065,-1.0250613192732256,0.054970909443840865
5-15B,1.0,171.0092,-1.041777526509226,0.03826434806104326
5-15B,1.0,171.0284,-0.8726141008427977,0.04178869338025292
5-15B,1.0,172.0616,-1.500523705819578,0.16316409128676568
5-15B,1.0,172.962,-0.6110540942314521,0.052182946210105406
5-15B,1.0,173.0089,-0.8097563681802147,0.17198695522722424
5-15B,1.0,173.0453,-0.7825540784981404,0.09120185443969647
5-15B,1.0,173.0932,-0.8601179777413867,0.049227346155056154
5-15B,1.0,173.1041,-0.2712022827659897,0.190397757189866
5-15B,1.0,174.0407,-1.005174336458675,0.00108384530087016
5-15B,1.0,174.088,-0.6057275438692252,0.1834479396932681
5-15B,1.0,175.022,-0.9638792409733317,0.2555038973703374
5-15B,1.0,175.0361,-1.2488082165378898,0.0037061793122045326
5-15B,1.0,175.0611,-1.2504072398608979,0.005639043507827656
5-15B,1.0,176.0776,-1.5251730754724346,0.12659923505088133
5-15B,1.0,177.0402,-1.5170960128779265,0.586799213645611
5-15B,1.0,177.0553,-1.404293338375412,0.5167769587797045
5-15B,1.0,178.0509,-1.0604917703684813,0.016890096251751797
5-15B,1.0,179.0348,-1.435159760243258,0.4712931290437681
5-15B,1.0,179.0561,1.2681782753152349,0.32531108496735883
5-15B,1.0,180.0663,1.355249841649424,0.2560327136279874
5-15B,1.0,181.0505,-0.9038529846176904,0.9328822907626845
5-15B,1.0,182.9725,1.2230380888152612,0.4349578729106669
5-15B,1.0,183.0661,0.03905078560635125,0.28732167824956034
5-15B,1.0,184.0017,-0.372026070090401,0.08755577929348468
5-15B,1.0,184.9856,-0.8305819694539616,0.22709906883618344
5-15B,1.0,186.1136,1.389282872047764,0.2900239330345405
5-15B,1.0,187.0234,-0.9520446215547327,0.5550291673950246
5-15B,1.0,188.035,0.5122444331280926,0.7931976120588394
5-15B,1.0,188.0565,-1.1132156192671017,0.009317627302900333
5-15B,1.0,189.0405,1.4055073773046178,0.2856523813997843
5-15B,1.0,191.0197,0.8116370015298777,1.0525652738154825
5-15B,1.0,191.0561,-0.9780584256998553,0.03640350202097805
5-15B,1.0,192.0663,-2.3893861497579936,0.5261065485446454
5-15B,1.0,193.0349,-0.03038465973353273,0.34709236690684825
5-15B,1.0,194.0682,-1.0634345451067073,0.1437198927775031
5-15B,1.0,194.0822,-0.6027119140377398,0.8986079850901229
5-15B,1.0,195.0509,-0.3492796570151646,0.047950872573254366
5-15B,1.0,195.0657,-1.256551491917381,0.4586337313211727
5-15B,1.0,196.0603,-1.4636519090852511,0.045863973607243924
5-15B,1.0,198.0182,-0.8316716501412129,0.3374543781769896
5-15B,1.0,199.0019,-0.4361243942162684,0.3776433695311245
5-15B,1.0,200.9937,0.5590294919963053,0.13885319883800204
5-15B,1.0,201.0051,-1.7814911880244204,0.0635163543033512
5-15B,1.0,203.0348,-0.25331105844968466,0.2837061619360752
5-15B,1.0,203.0826,15.881603854449477,1.1752223288156478
5-15B,1.0,204.0498,0.2844006950267144,0.44167881581929913
5-15B,1.0,205.0351,-1.172424800826989,0.09066151289962796
5-15B,1.0,206.0822,-1.4314430081822398,0.11777174738367865
5-15B,1.0,209.0292,-0.8625558305521177,0.2545438731296899
5-15B,1.0,209.0814,0.24545199822623662,0.4913437522912696
5-15B,1.0,211.0235,-0.4821868425422429,0.6218895020604828
5-15B,1.0,211.9968,-1.1040061831091046,0.014204373761050635
5-15B,1.0,212.0331,-0.4135256596461114,0.21305369900871787
5-15B,1.0,212.9807,-0.5076158882588779,0.10740965677809029
5-15B,1.0,213.014,-0.949253472389122,0.21490221386261837
5-15B,1.0,213.0384,-0.38624578545439225,0.28681354304569706
5-15B,1.0,213.1252,0.4388651356039777,1.3444338512298284
5-15B,1.0,214.0488,-0.10294938860940898,0.6910270068535742
5-15B,1.0,215.0331,1.4535287582534462,0.279069369062174
5-15B,1.0,216.1351,1.0064870770584604,0.24218736754550615
5-15B,1.0,218.0335,1.808880025256557,0.3790501835033296
5-15B,1.0,218.1034,-1.2008429125964066,0.027717138356290943
5-15B,1.0,220.0828,1.1052230687903943,1.0392851098981886
5-15B,1.0,221.0443,1.544100532541688,0.28707727302020963
5-15B,1.0,221.0664,1.5152924722040364,0.7997336280703864
5-15B,1.0,225.0399,0.15805881735642602,0.3255738464932066
5-15B,1.0,225.0861,1.8767970795586244,0.9065212716359552
5-15B,1.0,225.0901,1.6802415524910472,0.6014276157239054
5-15B,1.0,226.0135,-1.4136471180423307,0.09510676302092033
5-15B,1.0,226.0697,3.2599614619700072,0.5440204173574789
5-15B,1.0,228.0501,-0.8490167499225587,0.06387072144940883
5-15B,1.0,229.0122,-0.8916407814238378,0.07579787181403311
5-15B,1.0,237.0614,-1.4024100890062954,0.1447065430982069
5-15B,1.0,238.0945,1.1686954687838416,0.3359670706825873
5-15B,1.0,240.0515,-1.4170251880407745,0.009415530449941928
5-15B,1.0,241.0844,-0.7659406433126488,0.5800394837634694
5-15B,1.0,242.0804,0.36097913673985416,0.5801578940561454
5-15B,1.0,243.029,-0.5314550331201315,0.3542591273013711
5-15B,1.0,243.0625,-1.4421882885157902,0.2939881381063192
5-15B,1.0,245.0444,-1.4215337170320026,0.16172778287910886
5-15B,1.0,246.0198,-1.6882898482155078,0.312411286518555
5-15B,1.0,246.064,1.0538450311723295,2.113193913977333
5-15B,1.0,251.0816,0.787533105151819,0.7183770521756437
5-15B,1.0,253.0119,-0.3442173236748661,0.014034351419549448
5-15B,1.0,253.0499,-0.7338481832316245,0.6282801304885174
5-15B,1.0,257.0072,-0.7704231892728683,0.4243178030703657
5-15B,1.0,257.1028,0.7946511685288926,1.196511734999718
5-15B,1.0,259.005,-0.09519094655121825,0.8236357437776961
5-15B,1.0,259.0227,0.6715717018783208,0.2307643967945466
5-15B,1.0,261.0385,2.8538789770027866,0.3772164538395554
5-15B,1.0,266.0703,-0.6959514331547656,0.18149010503570534
5-15B,1.0,267.0724,-0.6398632966453575,0.022612122230146917
5-15B,1.0,268.02,-0.5131845635399038,0.38975523674928636
5-15B,1.0,269.0398,-0.559302417685893,0.20451468834215358
5-15B,1.0,271.0612,-0.6962226257132521,0.3434557852833747
5-15B,1.0,271.0815,0.7661761129722889,0.9555785632691449
5-15B,1.0,273.0021,-0.7978359357218351,0.1735436654287282
5-15B,1.0,274.0933,-1.3966439031567235,0.08412758147596977
5-15B,1.0,275.0184,-0.06542707391512895,0.5180123742410052
5-15B,1.0,275.0991,-0.7798164326947103,0.4038434747335534
5-15B,1.0,277.1207,2.05893253513692,0.4094381285648306
5-15B,1.0,277.2169,0.7837650382423823,0.42869132182854913
5-15B,1.0,279.2331,-0.09035636598591734,0.055444295559763226
5-15B,1.0,282.0839,-0.07075930465302492,0.2227736495966215
5-15B,1.0,283.2063,0.11816064904507151,0.05741703890704303
5-15B,1.0,285.0972,0.49949195970828647,0.6443261157274843
5-15B,1.0,287.0157,1.52920850082109,0.45464745452030453
5-15B,1.0,288.0725,-0.6889695329143908,0.1948344278077768
5-15B,1.0,289.0333,-0.44444553609337645,0.7054831326370955
5-15B,1.0,289.1044,-1.3781957092160735,0.35311120898141213
5-15B,1.0,290.9677,-0.4022416166540205,0.04281396221935905
5-15B,1.0,294.0479,0.8321020900043083,0.6660169923750593
5-15B,1.0,300.0509,-0.1361269729200145,0.5263991798456096
5-15B,1.0,301.0333,0.7478296863591635,0.8992512209908831
5-15B,1.0,303.2326,0.52101519340114,0.9735358317561854
5-15B,1.0,305.0207,1.8292603991628784,0.3404430956608821
5-15B,1.0,306.0481,-1.1637501399909935,0.039469246168299
5-15B,1.0,306.0765,-0.3382124803996499,0.012881315520800365
5-15B,1.0,308.0986,-0.08387516579264803,0.029335917660320496
5-15B,1.0,313.0441,-0.7886917447204183,0.34161431854202945
5-15B,1.0,313.1037,-0.9017200089524945,0.7668265935978281
5-15B,1.0,317.026,6.43048686247152,1.5368450685902666
5-15B,1.0,323.0256,0.735905437996272,0.3625121533213712
5-15B,1.0,325.1163,-0.5111119161017906,0.33814999389916894
5-15B,1.0,328.0457,-1.0758867268080876,0.04648447670464146
5-15B,1.0,333.0589,-1.1430252425681913,0.4175409287315855
5-15B,1.0,338.9884,-0.4785946976255684,0.07419743806742501
5-15B,1.0,339.0928,-0.027190582400234767,0.5562179702882006
5-15B,1.0,341.1089,0.1502635767070431,0.15215543395258693
5-15B,1.0,344.0393,-0.24811353611274026,0.33153780994288795
5-15B,1.0,346.0556,-0.48251206576184047,0.27493631840139976
5-15B,1.0,348.087,-1.025600297779055,0.15840838843641197
5-15B,1.0,353.0489,0.35123737468091926,0.8930932285271127
5-15B,1.0,357.089,-0.14203639643568927,0.22032841823162785
5-15B,1.0,375.131,-0.35711417359615144,0.23002659031474965
5-15B,1.0,377.1496,0.9113790378766431,0.49295765052701407
5-15B,1.0,383.1188,1.7313821919122656,0.6125200287498961
5-15B,1.0,388.9416,-0.06244222013983329,0.35474499583273267
5-15B,1.0,388.9442,-0.5482851631136847,0.35056708760133126
5-15B,1.0,401.0756,1.702083332785545,0.2652373531165972
5-15B,1.0,407.2795,0.801650978959349,0.5141762590031637
5-15B,1.0,421.0743,0.09850637216561633,0.7404902663456977
5-15B,1.0,426.0222,-0.5868891495601147,0.11982966673103079
5-15B,1.0,442.9997,16.811346073201843,1.4399246025564727
5-15B,1.0,466.9657,2.2783555806640923,0.21222186194691603
5-15B,1.0,490.9787,1.0227854627446313,0.9575991953125372
5-15B,1.0,503.1614,1.2721644147390692,0.4987407822482105
5-15B,1.0,547.0731,-0.9910488986747631,0.13841075828494234
5-15B,1.0,565.0471,-0.7263801491974139,0.24810909245088908
5-15B,1.0,578.8872,2.020579782326216,0.2216927805884524
5-15B,1.0,579.0269,1.8382841219881412,0.35679958065104594
5-15B,1.0,612.2549,-0.09953352964011232,0.5633917570037806
5-15B,1.0,624.2949,-0.05663085853550985,0.3987253319214057
5-15B,1.0,659.307,0.3966069960229459,0.4611248126162517
5-15B,1.0,664.0939,-0.2516962928697409,0.11203957146997036
5-15B,1.0,665.2144,-0.3322027302968289,0.47610733830632035
5-15B,1.0,668.1374,-0.6163832807054936,0.00025737797408567685
5-15B,1.0,787.255,0.6376050154973412,0.5443854167220578
5-15B,1.0,790.2568,0.3924195302218254,0.23129178230687095
5-15B,1.0,835.0407,-0.5353409331938632,0.2604997346666106
5-15B,1.0,863.2971,-0.3639459709327326,0.12503363547203206
5-15B,1.0,864.1473,0.008212735304678028,0.2758829228859899
5-15B,1.0,974.2935,-0.07537565211360961,0.2726259015607597
5-15B,1.0,976.7162,1.2378496486164923,0.3081553396519067
5-15B,2.0,57.0342,1.0199185504817079,0.39873996978369436
5-15B,2.0,58.0295,-1.0585446332105957,0.15102026902236423
5-15B,2.0,59.0135,0.6470848658734398,0.2670813228823084
5-15B,2.0,71.0137,0.7006325623189695,0.17431291444586136
5-15B,2.0,73.0293,-0.933438675162406,0.01638698948924255
5-15B,2.0,74.0247,-0.8123046664001645,0.039858534303355175
5-15B,2.0,75.0087,0.3287776927110958,0.33878501670865496
5-15B,2.0,87.0088,-0.6745438997043495,0.02338302122973962
5-15B,2.0,87.0451,0.3433359705699094,0.5431611120873495
5-15B,2.0,88.0403,-0.9110072555792552,0.007832883997091188
5-15B,2.0,88.9883,0.4218874694426332,0.16722580043500943
5-15B,2.0,89.0244,-0.4832902148839706,0.1035968956600855
5-15B,2.0,93.0338,-0.07652554591775264,0.00720304242481336
5-15B,2.0,94.9761,-0.9030895725098864,0.345345440217661
5-15B,2.0,94.9806,0.8702450103686536,0.3027317701574224
5-15B,2.0,95.0139,0.7878186157364491,0.22152344243978314
5-15B,2.0,101.0242,1.0576698463131258,0.16880877711390135
5-15B,2.0,102.056,-0.4758961847353424,0.027416985724299497
5-15B,2.0,103.0402,-0.948467219638259,0.024210102036306674
5-15B,2.0,103.0509,-0.9811046574714261,0.04586232714912069
5-15B,2.0,104.0352,0.37945121094811274,0.4216804933658485
5-15B,2.0,105.0193,0.6246507855950989,0.6207104388954593
5-15B,2.0,107.0503,-0.4084819196060596,0.21982073932001228
5-15B,2.0,109.0295,-0.6845546029983149,0.05224558486911417
5-15B,2.0,111.02,-0.926627787596696,0.009487395358664644
5-15B,2.0,112.0516,-0.1950312898262348,0.5862091509157998
5-15B,2.0,113.0244,0.949745536781961,0.15428330879560573
5-15B,2.0,113.0357,-0.8999968208355572,0.04736499781353955
5-15B,2.0,114.056,-0.23342837996604363,0.0019785076996921423
5-15B,2.0,115.0037,-0.8130899742417759,0.05067793632065067
5-15B,2.0,115.0402,-0.10983181106624552,0.28292602189856597
5-15B,2.0,115.0764,0.25327801879553125,0.38460827227195304
5-15B,2.0,116.0354,-0.45340226393527894,0.25391832272555587
5-15B,2.0,116.0717,-0.6063521791188842,0.016548045973060463
5-15B,2.0,117.0194,-0.9235979453811656,0.0018791030858941397
5-15B,2.0,118.0508,-0.8511147406111812,0.14369063878964705
5-15B,2.0,118.9804,0.9946046680085658,0.10564953666368616
5-15B,2.0,119.0503,0.017417708357415213,0.3212172850466002
5-15B,2.0,120.9273,2.3874465749376252,4.861311445575658
5-15B,2.0,121.0295,0.5881433470267925,0.39286587110521887
5-15B,2.0,121.0409,0.8999023023760637,0.2254825344791089
5-15B,2.0,122.0248,-0.7207746245101028,0.055088269955234144
5-15B,2.0,124.0075,-0.26388468439116747,0.13143236254437088
5-15B,2.0,124.0144,-0.011596211478551305,0.2822942010572384
5-15B,2.0,125.0439,-0.22104367330455094,0.14131620346600518
5-15B,2.0,127.0764,0.8917527415564243,0.491777908480007
5-15B,2.0,128.0354,0.058160355815363635,0.020617916252768587
5-15B,2.0,129.0193,-0.9978956747236183,0.027884945891107692
5-15B,2.0,129.0556,0.2647924962794029,0.3768861947339773
5-15B,2.0,130.0142,-0.6395984648816482,0.2414591445379231
5-15B,2.0,130.0509,-1.0093094118414752,0.015257123594377602
5-15B,2.0,130.0874,-0.6797967040362392,0.03706930752781638
5-15B,2.0,131.0008,-0.17762191943021288,0.9906027085426828
5-15B,2.0,131.0123,-0.6955777324926005,0.048302176047588796
5-15B,2.0,131.035,0.8541391567987067,0.08130398757764627
5-15B,2.0,131.0462,0.9566188489144517,0.10001004709874105
5-15B,2.0,131.0828,0.7123068605883293,0.21008377783591292
5-15B,2.0,132.0302,-1.0931564066323167,0.013142013263986708
5-15B,2.0,133.0142,-0.47411953426933884,0.0453114021861929
5-15B,2.0,133.0257,-0.5150048157404461,0.06549263120691427
5-15B,2.0,133.0505,-1.0906378842751752,0.011501140455920428
5-15B,2.0,134.0472,-0.13865625879058072,0.19184945622418254
5-15B,2.0,134.0604,-0.6406117291913443,0.11081268445745664
5-15B,2.0,135.0302,-0.5160651688729218,0.0807425725671145
5-15B,2.0,135.0453,-0.9488975836537116,0.040123680946561144
5-15B,2.0,136.0404,0.17961314820859076,0.09295947199510807
5-15B,2.0,136.0487,-0.6843768231666927,0.20796179583907112
5-15B,2.0,136.0767,0.23633512556223896,0.4458682797294956
5-15B,2.0,137.0239,-0.2091616972515007,0.13928800691977467
5-15B,2.0,138.9789,0.490809889009393,0.29908292121358787
5-15B,2.0,139.0014,-0.38323010329791973,0.03755982362868626
5-15B,2.0,139.0067,-0.7611464977196365,0.03335779195162714
5-15B,2.0,139.976,-0.7460360906669214,0.5166432920202065
5-15B,2.0,143.0713,1.1102536854590632,0.23117398876748402
5-15B,2.0,143.1077,-0.184230696881389,0.16009701881338192
5-15B,2.0,145.0141,-0.1692774400077242,0.10821061053552053
5-15B,2.0,145.0506,-0.509828385999044,0.12474626470124428
5-15B,2.0,145.0623,0.09563440240936137,0.32089249844425866
5-15B,2.0,145.0982,1.3495395098859406,0.24406672800529028
5-15B,2.0,145.1106,0.5318429764888135,0.5557585341290321
5-15B,2.0,146.0459,-0.3729531787221939,0.01050455311043511
5-15B,2.0,147.0298,-0.9175800606951141,0.012121790240868562
5-15B,2.0,147.0662,-1.081396721922686,0.028043518316986045
5-15B,2.0,149.0092,0.41707193102706597,0.30176933878343176
5-15B,2.0,149.0456,0.7557501050254934,0.25632546568506603
5-15B,2.0,149.0608,0.23212217862502932,0.5733973185567226
5-15B,2.0,150.0422,0.059289777272251855,0.6099780737665209
5-15B,2.0,150.9707,-0.9931489433860219,0.516507073430549
5-15B,2.0,151.0259,-0.5025238982662786,0.14141144607696807
5-15B,2.0,151.04,-0.1409803905233029,0.4535198790891849
5-15B,2.0,151.06,-0.12881633819537003,1.0500872543867532
5-15B,2.0,152.0353,-0.17214809590553462,0.27569870587672474
5-15B,2.0,152.0716,0.9968964729845311,0.45692988507165755
5-15B,2.0,153.0192,-0.011325339194232262,0.08953989953944642
5-15B,2.0,154.062,0.33793379999626494,0.19845518034821064
5-15B,2.0,154.9751,-0.9651393237623227,0.025166300023584217
5-15B,2.0,155.0099,-0.881497870658032,0.007575400484748279
5-15B,2.0,157.0128,-0.8870454468727051,0.04977829163270719
5-15B,2.0,157.0255,-1.112790213281573,0.014729444558591286
5-15B,2.0,157.0379,-1.1271539987260635,0.04168159820417239
5-15B,2.0,157.0504,-1.0524025139781004,0.02859724290232518
5-15B,2.0,159.0297,1.080912290778888,0.23101207317751454
5-15B,2.0,159.0775,-1.0418778843967247,0.032110553734618213
5-15B,2.0,160.0616,-0.5151804925713572,0.4944154697523072
5-15B,2.0,161.0453,0.48244461921156806,0.19791406715142232
5-15B,2.0,162.0424,-1.1818704243295237,0.21330392922972657
5-15B,2.0,163.0351,-1.1579605141786786,0.15165568905651344
5-15B,2.0,163.0398,0.23330361508280362,0.09077930998718538
5-15B,2.0,163.0611,-0.3332272081109468,0.3055793654825551
5-15B,2.0,164.0716,-0.19122588748959912,0.07186068012772415
5-15B,2.0,165.03,0.47631797596018455,0.29627061407412036
5-15B,2.0,165.0405,0.6121366330974736,0.43630052567514815
5-15B,2.0,165.0556,-0.603580968238491,0.1378237904743095
5-15B,2.0,166.0508,-1.240629681835566,0.22758915281043696
5-15B,2.0,166.0632,-0.8656215121439226,0.295642586649375
5-15B,2.0,166.9759,-0.9638996962125732,0.13030622474982656
5-15B,2.0,167.0207,0.39633123487553557,0.24733477006934929
5-15B,2.0,167.0358,0.1632493519505621,0.4184932174370895
5-15B,2.0,167.0828,0.556185108969694,0.9590580840450247
5-15B,2.0,168.0277,-0.33107568539591886,0.03264150538986446
5-15B,2.0,168.0664,0.8328907538248513,0.4538891946594742
5-15B,2.0,170.0455,-0.8257294334435896,0.02040107355693657
5-15B,2.0,171.0065,-0.9713937461294765,0.04980618051517639
5-15B,2.0,171.0092,-1.0797958091838629,0.18154817790370734
5-15B,2.0,171.0284,-0.7651977600780735,0.039590427405091354
5-15B,2.0,172.0616,-1.2310130524770961,0.145253782849333
5-15B,2.0,172.962,-0.5492918897320627,0.129345993185164
5-15B,2.0,173.0089,-0.9441347892534181,0.1171963298553986
5-15B,2.0,173.0453,-0.4786244539038479,0.10043923858958365
5-15B,2.0,173.0932,-0.7770010405801846,0.049208522058205494
5-15B,2.0,173.1041,1.1759362684171895,0.28498137802989276
5-15B,2.0,174.0407,-0.9484600231502276,0.002727654793096669
5-15B,2.0,174.088,-0.506964269296211,0.18254258561428144
5-15B,2.0,175.022,-0.828828844772011,0.10053870053847483
5-15B,2.0,175.0361,-1.1137058764946794,0.021359372131433886
5-15B,2.0,175.0611,-1.1013916031284898,0.017636315087362832
5-15B,2.0,176.0776,-1.052210373166627,0.2000374609473045
5-15B,2.0,177.0402,1.14596632103129,0.5245303248661132
5-15B,2.0,177.0553,-0.21146514504618127,0.714831103847264
5-15B,2.0,178.0509,-0.6825223351616161,0.03977150678458307
5-15B,2.0,179.0348,-0.8688181848481962,0.29329144481494257
5-15B,2.0,179.0561,0.9570390889940148,0.196256995360927
5-15B,2.0,180.0663,0.9542570767356413,0.13491344262853266
5-15B,2.0,181.0505,-0.499971353512483,0.24356296424404233
5-15B,2.0,182.9725,0.9397906956679027,0.16250904525537774
5-15B,2.0,183.0661,1.2027432833112646,0.6964746788220135
5-15B,2.0,184.0017,-0.42837295873628295,0.06931981824723063
5-15B,2.0,184.9856,-0.6282827871099503,0.0918025787426414
5-15B,2.0,186.1136,0.19697262873819626,0.274347780894545
5-15B,2.0,187.0234,-0.9922641731529079,0.2694352352114111
5-15B,2.0,188.035,0.28426803708159304,1.0190909668119383
5-15B,2.0,188.0565,-0.9781891364583044,0.02177066831031132
5-15B,2.0,189.0405,0.5900620423275741,0.26070763673986636
5-15B,2.0,191.0197,-1.1404586461472004,0.12753804296625348
5-15B,2.0,191.0561,-0.9767313768051754,0.05508943749033863
5-15B,2.0,192.0663,0.14597535963151648,0.7752021162586393
5-15B,2.0,193.0349,0.3773937719892584,0.46303044948870814
5-15B,2.0,194.0682,-0.9738836385023477,0.049901005603580004
5-15B,2.0,194.0822,0.6851792680780939,0.6773049755602276
5-15B,2.0,195.0509,1.740922580045772,0.15516788711657792
5-15B,2.0,195.0657,0.602572829049414,0.349490203604992
5-15B,2.0,196.0603,-1.056361738788405,0.12390400447991042
5-15B,2.0,198.0182,-1.0035086714949726,0.3248424048921949
5-15B,2.0,199.0019,-0.9658724732797347,0.0863462406513769
5-15B,2.0,200.9937,0.6189597947654828,0.33454314297066684
5-15B,2.0,201.0051,-1.161229758619596,0.19063390353859552
5-15B,2.0,203.0348,-0.2597840047050949,0.19600142898212988
5-15B,2.0,203.0826,-0.07480254998541996,0.005588031464340617
5-15B,2.0,204.0498,1.1182281729455803,1.1708868119083222
5-15B,2.0,205.0351,-1.0813074388612345,0.10804370004819637
5-15B,2.0,206.0822,0.35215056306098436,1.1309873777852955
5-15B,2.0,209.0292,-0.6461063329602457,0.4933200514302842
5-15B,2.0,209.0814,0.8184748296781585,0.550967094840267
5-15B,2.0,211.0235,-0.6425079472212047,0.4261180211670041
5-15B,2.0,211.9968,-1.0015687801076392,0.017997790768820514
5-15B,2.0,212.0331,-0.32298072849155735,0.1909092371692644
5-15B,2.0,212.9807,-0.6770029798726923,0.06042151106835922
5-15B,2.0,213.014,-0.5774129204564362,0.2656497439245447
5-15B,2.0,213.0384,-0.5224987794080324,0.267142130429684
5-15B,2.0,213.1252,0.8055412801167521,0.8566840676142219
5-15B,2.0,214.0488,-0.8072980611847577,0.6688804003145153
5-15B,2.0,215.0331,0.77370667128284,0.1338321584989594
5-15B,2.0,216.1351,0.5028540304989261,0.3006941609612271
5-15B,2.0,218.0335,0.9143434003303537,0.14720002261341333
5-15B,2.0,218.1034,-1.127780635876686,0.022347094945089734
5-15B,2.0,220.0828,0.5020477518672664,0.5130000391518528
5-15B,2.0,221.0443,0.934906607873712,0.2671119955587297
5-15B,2.0,221.0664,-0.12580994510099858,0.29284612774905544
5-15B,2.0,225.0399,-0.5896686694618898,0.6363598442417839
5-15B,2.0,225.0861,-0.6407073185577401,0.2634511526999921
5-15B,2.0,225.0901,-0.6456537739640581,0.7962724246576344
5-15B,2.0,226.0135,-0.5321603060921437,0.26160090356204796
5-15B,2.0,226.0697,0.2383429941014813,0.4099509948255667
5-15B,2.0,228.0501,0.06042208092644338,0.3143340310677081
5-15B,2.0,229.0122,-0.686771711896543,0.025854926749328242
5-15B,2.0,237.0614,-1.1121231206718023,0.1874254998003187
5-15B,2.0,238.0945,0.8509809306201741,0.34562778140977257
5-15B,2.0,240.0515,-1.2404015219354545,0.008976685292682104
5-15B,2.0,241.0844,-0.7055521256370165,0.35420369597600454
5-15B,2.0,242.0804,1.0567511981078173,0.3121164703667985
5-15B,2.0,243.029,-0.45630989417231504,0.20669843676893143
5-15B,2.0,243.0625,-1.1678622286200082,0.21669933498162203
5-15B,2.0,245.0444,-0.5677077370720962,0.42357074943622397
5-15B,2.0,246.0198,-0.7403812106322398,0.36605112229996406
5-15B,2.0,246.064,0.5430806635619838,0.8042158726645323
5-15B,2.0,251.0816,0.04847787512012581,0.6721037365023336
5-15B,2.0,253.0119,-0.17952867843851902,0.01889709617194737
5-15B,2.0,253.0499,0.2587562000824054,0.5567412698364438
5-15B,2.0,257.0072,-0.8260429262837155,0.32378318353176466
5-15B,2.0,257.1028,0.6122616875920324,0.8193974163869187
5-15B,2.0,259.005,-0.8062075778914479,0.6724598411809525
5-15B,2.0,259.0227,0.6298001913870921,0.20655989877695372
5-15B,2.0,261.0385,-0.4464482890647624,0.3848592307965607
5-15B,2.0,266.0703,-0.7027292660513704,0.08233002022320306
5-15B,2.0,267.0724,-0.667766750382299,0.0182636363267612
5-15B,2.0,268.02,-1.0228235102174679,0.17706905658113115
5-15B,2.0,269.0398,-0.5748043162832253,0.23681266348086805
5-15B,2.0,271.0612,-0.2052633154908499,0.5278734040259532
5-15B,2.0,271.0815,1.6171105349504353,0.5479762211904383
5-15B,2.0,273.0021,-0.8270848430756823,0.0655580506513148
5-15B,2.0,274.0933,-0.8888389139852713,0.17170222627470416
5-15B,2.0,275.0184,0.048180379340715805,0.44862521317719456
5-15B,2.0,275.0991,-0.46372225324713395,0.196750236557826
5-15B,2.0,277.1207,0.674261881313746,0.11952387081499265
5-15B,2.0,277.2169,-0.2751882907576949,0.22554443063812155
5-15B,2.0,279.2331,-0.3356759672142534,0.018311185845641544
5-15B,2.0,282.0839,0.8926379890352897,0.48764584682275264
5-15B,2.0,283.2063,-0.3815234010509184,0.13657905619957642
5-15B,2.0,285.0972,0.9914304288931595,0.9407254848167127
5-15B,2.0,287.0157,1.0691498487168833,0.8687158604566677
5-15B,2.0,288.0725,-0.4319505607314824,0.04381690067572545
5-15B,2.0,289.0333,-0.5256254072993958,0.5908767334937993
5-15B,2.0,289.1044,1.432825352411594,0.607906700901581
5-15B,2.0,290.9677,-0.3251203940480141,0.059899402615656974
5-15B,2.0,294.0479,0.9044477526565406,0.8823098002585772
5-15B,2.0,300.0509,1.1194469204633912,0.694973659655131
5-15B,2.0,301.0333,0.5650711735798004,0.6177747197906309
5-15B,2.0,303.2326,0.0749261028917354,1.1691441505154057
5-15B,2.0,305.0207,1.2409016747061,0.14672482623267744
5-15B,2.0,306.0481,-1.1135479129693413,0.06772954484604148
5-15B,2.0,306.0765,-0.287686829473109,0.02876688824080652
5-15B,2.0,308.0986,0.45532721339261084,0.059804246924997216
5-15B,2.0,313.0441,-0.5101805629283547,0.14525608288268826
5-15B,2.0,313.1037,-0.5355765207650717,0.34943401847751543
5-15B,2.0,317.026,-0.3322857099016944,0.815733644329168
5-15B,2.0,323.0256,0.17111825142448228,0.9709462615937712
5-15B,2.0,325.1163,0.12946323284943212,0.246200159905666
5-15B,2.0,328.0457,-0.6157009648806295,0.12732045638343686
5-15B,2.0,333.0589,-1.0616164836683641,0.22045419435931962
5-15B,2.0,338.9884,-0.9603533959362519,0.13376429241476465
5-15B,2.0,339.0928,1.3119792211644539,0.5768114373181824
5-15B,2.0,341.1089,-0.26628847908223324,0.27308914499076203
5-15B,2.0,344.0393,-0.32831934325872975,0.36974084131893437
5-15B,2.0,346.0556,0.4377153081372912,0.2612188014252051
5-15B,2.0,348.087,-1.0052594011978009,0.03768010791701754
5-15B,2.0,353.0489,-0.9562918816132183,0.31565500707934463
5-15B,2.0,357.089,-0.5774580322714041,0.20035845256493812
5-15B,2.0,375.131,-0.4385172297665895,0.254423146092301
5-15B,2.0,377.1496,0.49056967580147415,0.4711146883885584
5-15B,2.0,383.1188,-0.11367199568696795,0.3542514118839275
5-15B,2.0,388.9416,0.0002471918567926966,0.313875594842881
5-15B,2.0,388.9442,-0.45201213754743774,0.3021041465642437
5-15B,2.0,401.0756,1.0346027895244445,0.07876732703131419
5-15B,2.0,407.2795,0.379456446095491,0.5124716286621475
5-15B,2.0,421.0743,-0.49182522247217925,1.1710415327245367
5-15B,2.0,426.0222,-0.2239305673267118,0.4212379324454296
5-15B,2.0,442.9997,0.2387344564595442,0.1464287353977649
5-15B,2.0,466.9657,1.226422396357233,0.14998455000307098
5-15B,2.0,490.9787,-0.3518129682782131,0.3185776094289798
5-15B,2.0,503.1614,-0.2697387935680418,0.39201334655432235
5-15B,2.0,547.0731,-1.1314771074312402,0.053342219010944394
5-15B,2.0,565.0471,-0.696511539037305,0.17182936999227422
5-15B,2.0,578.8872,0.8802107248353468,0.12805543238035738
5-15B,2.0,579.0269,0.4239871880157711,0.07130325194363459
5-15B,2.0,612.2549,-1.3026657226262197,0.15642746904327517
5-15B,2.0,624.2949,-0.6976843015057135,0.33607439424166907
5-15B,2.0,659.307,0.8908604023556803,0.1560913865207039
5-15B,2.0,664.0939,-0.47971456544423696,0.24577422359073678
5-15B,2.0,665.2144,-0.5155471886431878,0.2793774769315041
5-15B,2.0,668.1374,-0.6157514253013951,0.00011761679146366057
5-15B,2.0,787.255,0.88396973233607,0.28419580649566006
5-15B,2.0,790.2568,0.8012397844629802,0.39922853007697673
5-15B,2.0,835.0407,-0.7926823272843329,0.07438876892584455
5-15B,2.0,863.2971,-0.6224619767252193,0.06908061008215359
5-15B,2.0,864.1473,0.28041518619297057,0.37257548042222516
5-15B,2.0,974.2935,-0.4749741311397143,0.18664458559670954
5-15B,2.0,976.7162,0.848702961247637,0.2194474842254044
5-15B,3.0,57.0342,-0.243953769850665,0.3128489888275204
5-15B,3.0,58.0295,-0.746679237978509,0.3210615179335207
5-15B,3.0,59.0135,-0.2946906877834373,0.1793814830063605
5-15B,3.0,71.0137,0.2310954885090741,0.20769636993480103
5-15B,3.0,73.0293,-0.9374853388437431,0.018489202537552277
5-15B,3.0,74.0247,1.511385220641937,0.2445181186793866
5-15B,3.0,75.0087,-0.6453191447041645,0.36893650325015404
5-15B,3.0,87.0088,-0.7027285916422059,0.013164016417995946
5-15B,3.0,87.0451,0.3259708603286203,0.528815790133501
5-15B,3.0,88.0403,-0.829174317746834,0.012984721654201165
5-15B,3.0,88.9883,1.1713222346985632,0.5714035139339562
5-15B,3.0,89.0244,-0.7979341520793097,0.08261359329735908
5-15B,3.0,93.0338,-0.07189552418462866,0.012347934569174981
5-15B,3.0,94.9761,-0.803504851556431,0.4271270462202508
5-15B,3.0,94.9806,0.2883168930581089,0.3087650297082913
5-15B,3.0,95.0139,0.3370974998542398,0.21888566839243362
5-15B,3.0,101.0242,-0.20306682436640577,0.27632477241583353
5-15B,3.0,102.056,-0.4981218366902377,0.0589217609935979
5-15B,3.0,103.0402,-0.9245289814245357,0.028852602143819146
5-15B,3.0,103.0509,-0.9445535834399308,0.06776468796920326
5-15B,3.0,104.0352,3.7790005531132573,0.16478584961173026
5-15B,3.0,105.0193,-0.23198072790434,0.41495205465287655
5-15B,3.0,107.0503,-0.9202193344729876,0.6505510885058351
5-15B,3.0,109.0295,-0.5624888664421592,0.1453859093139447
5-15B,3.0,111.02,-0.5496170994685856,0.03748560315712479
5-15B,3.0,112.0516,-0.5345358881823763,0.6954917706019556
5-15B,3.0,113.0244,0.3225908807291522,0.10446436558449339
5-15B,3.0,113.0357,-0.6628903763409972,0.06815331557004467
5-15B,3.0,114.056,-0.19901724541727325,0.0027447919315646127
5-15B,3.0,115.0037,-0.7580352241260269,0.09105930360601333
5-15B,3.0,115.0402,-1.5519210296371133,0.6920829922243753
5-15B,3.0,115.0764,-1.0501950191122265,0.7690734915491118
5-15B,3.0,116.0354,0.20428825606161455,0.18617118838743907
5-15B,3.0,116.0717,-0.5623567351845277,0.03468047121358883
5-15B,3.0,117.0194,-0.9113137749034838,0.006390146969102581
5-15B,3.0,118.0508,0.12001722963188342,0.2753588615756962
5-15B,3.0,118.9804,0.4743092950634479,0.2852010057503675
5-15B,3.0,119.0503,-1.2314954408368548,0.17637223028754326
5-15B,3.0,120.9273,-0.43101805399956516,0.025318099580293085
5-15B,3.0,121.0295,-0.2055710968832216,0.8405629629858625
5-15B,3.0,121.0409,-0.2500667556724701,0.3195055092691601
5-15B,3.0,122.0248,-1.1765142424272161,0.310409512091184
5-15B,3.0,124.0075,0.5403907559208994,0.8227138374593067
5-15B,3.0,124.0144,-0.21108385253715983,0.07206610512658913
5-15B,3.0,125.0439,-0.7021112240366577,0.21072109206090384
5-15B,3.0,127.0764,-0.15489886061092806,1.1012393208309477
5-15B,3.0,128.0354,0.61844698742678,0.05931368144324477
5-15B,3.0,129.0193,-0.8732908598555005,0.16071917627839505
5-15B,3.0,129.0556,-0.656575892952874,0.6758209509576352
5-15B,3.0,130.0142,-0.9129301495178328,0.14090837136026388
5-15B,3.0,130.0509,-0.9145815805511488,0.02276918593838742
5-15B,3.0,130.0874,0.023570676293102947,0.13308678320229148
5-15B,3.0,131.0008,0.499763869796824,0.8442676704132054
5-15B,3.0,131.0123,-0.810896355085267,0.04393990771156467
5-15B,3.0,131.035,-0.05171487496415944,0.22215692262183048
5-15B,3.0,131.0462,0.6575246184542562,0.1794478319740543
5-15B,3.0,131.0828,2.5017558944688423,0.8174258599855984
5-15B,3.0,132.0302,-0.7337258190872435,0.017170449288369454
5-15B,3.0,133.0142,-0.2694967342648321,0.10200411431985136
5-15B,3.0,133.0257,-0.35059514029926697,0.0645339158022938
5-15B,3.0,133.0505,-0.963161770031677,0.02254736887350135
5-15B,3.0,134.0472,0.061716734998961686,0.3069184841489927
5-15B,3.0,134.0604,-0.4407851493229499,0.3917264826774727
5-15B,3.0,135.0302,-0.24210920551444554,0.18988371285617298
5-15B,3.0,135.0453,-1.0209712291740152,0.07532387823313234
5-15B,3.0,136.0404,0.9720345434052717,0.10387204437815678
5-15B,3.0,136.0487,-0.8061477885404231,0.25759868707464834
5-15B,3.0,136.0767,-0.8730138904238777,0.7994997993962274
5-15B,3.0,137.0239,-0.09613791088694339,0.1532061069625301
5-15B,3.0,138.9789,-1.5319785014525886,0.12877320024615133
5-15B,3.0,139.0014,-0.36313649580553453,0.05636739766685725
5-15B,3.0,139.0067,-0.8063527653118121,0.010951985299051744
5-15B,3.0,139.976,-1.416656630934813,0.5129388481604947
5-15B,3.0,143.0713,-0.3137468492616359,0.7566498874992745
5-15B,3.0,143.1077,-1.3183905633880253,0.7173243052967264
5-15B,3.0,145.0141,-0.2460342997431149,0.09061727446430089
5-15B,3.0,145.0506,-0.7029155728752745,0.16038048591495754
5-15B,3.0,145.0623,0.8993397069981465,0.1804706972802342
5-15B,3.0,145.0982,3.2874404708609095,0.7568027934516441
5-15B,3.0,145.1106,1.9631959987876166,0.46247392652316355
5-15B,3.0,146.0459,-0.21094825795673405,0.016560396082016215
5-15B,3.0,147.0298,-0.848768521263652,0.022823374221668243
5-15B,3.0,147.0662,-0.8496097066070035,0.030852074778583153
5-15B,3.0,149.0092,-0.22298544337845466,0.822711607536123
5-15B,3.0,149.0456,0.0818704712882151,0.06152449846232067
5-15B,3.0,149.0608,-1.226746463745271,0.5499460071928921
5-15B,3.0,150.0422,-0.14115398392233727,0.4659025608992127
5-15B,3.0,150.9707,-0.43968968896995764,0.5150791604244965
5-15B,3.0,151.0259,-0.28925193741985694,0.08795273692385051
5-15B,3.0,151.04,-1.3372788075438309,0.346860393649284
5-15B,3.0,151.06,-0.592877793649571,0.4870968808048639
5-15B,3.0,152.0353,-1.2221680502614163,0.5673564246013516
5-15B,3.0,152.0716,-0.11280453941114978,0.3036118744514722
5-15B,3.0,153.0192,-0.03821420036447682,0.13831359435434742
5-15B,3.0,154.062,2.170980573968034,0.22719315066579115
5-15B,3.0,154.9751,-0.9491487926011775,0.003873364421954817
5-15B,3.0,155.0099,-0.505621043810985,0.03201922194169602
5-15B,3.0,157.0128,-0.8077328921573323,0.02566320761909434
5-15B,3.0,157.0255,-0.7602182715965862,0.0050897430059867535
5-15B,3.0,157.0379,-0.7453771711574012,0.052241215417035115
5-15B,3.0,157.0504,-1.0196757788077218,0.018133298020205628
5-15B,3.0,159.0297,-0.018089961253754543,0.19020931196195104
5-15B,3.0,159.0775,-0.9701287002917349,0.03408002314112378
5-15B,3.0,160.0616,-0.582270029412226,0.29771515535198084
5-15B,3.0,161.0453,-0.6522846095367283,0.22508937730656944
5-15B,3.0,162.0424,-0.8413355735369225,0.3317389454375729
5-15B,3.0,163.0351,-0.8006273266907329,0.0932322322122931
5-15B,3.0,163.0398,0.5240966924566108,0.10168676082663884
5-15B,3.0,163.0611,-0.31715889819481635,0.44739868783304965
5-15B,3.0,164.0716,0.3911770058620003,0.17087683477389787
5-15B,3.0,165.03,0.17239568027583888,0.3405440290068846
5-15B,3.0,165.0405,-0.1458895095704355,0.6745349416728832
5-15B,3.0,165.0556,-0.7969145224803009,0.22033565686938672
5-15B,3.0,166.0508,-1.1691732675298872,0.4557094703833781
5-15B,3.0,166.0632,-1.4414613660678013,0.2537039339626349
5-15B,3.0,166.9759,-0.9422521179459907,0.2729212196520599
5-15B,3.0,167.0207,-0.030019519160051036,0.40252882317323807
5-15B,3.0,167.0358,-0.9592624435636585,0.3186329830936393
5-15B,3.0,167.0828,-0.04341226339921092,0.8423141903943692
5-15B,3.0,168.0277,-0.2274565523789109,0.047960086967435867
5-15B,3.0,168.0664,-0.8924264568997802,0.19045264493428873
5-15B,3.0,170.0455,-0.8035537412121962,0.01607702234860602
5-15B,3.0,171.0065,-0.6592489155855615,0.10472247759452376
5-15B,3.0,171.0092,-0.7555366498556695,0.172749040782559
5-15B,3.0,171.0284,-0.7252236956354838,0.041358632937521025
5-15B,3.0,172.0616,-1.243723786727461,0.10526168237909411
5-15B,3.0,172.962,-0.5879071779505998,0.08773431137384367
5-15B,3.0,173.0089,-0.9404874771327512,0.09968314213414979
5-15B,3.0,173.0453,-0.2946786578866926,0.2720365757787174
5-15B,3.0,173.0932,-0.680752099156049,0.07329777284070767
5-15B,3.0,173.1041,1.1467629339436545,0.26167471367481254
5-15B,3.0,174.0407,-0.8707006281429037,0.01050656593422
5-15B,3.0,174.088,-0.31765618489226966,0.1343984266847467
5-15B,3.0,175.022,-0.6959323623857034,0.12751780712857275
5-15B,3.0,175.0361,-0.8417951359417866,0.01328607160509395
5-15B,3.0,175.0611,-0.9479073859587068,0.037449443868977805
5-15B,3.0,176.0776,-1.1467124809887244,0.14266399692779938
5-15B,3.0,177.0402,0.17194121861094958,0.5664271592704543
5-15B,3.0,177.0553,-0.7381241155314758,0.20308916646262898
5-15B,3.0,178.0509,-0.657818033282701,0.00855613187600657
5-15B,3.0,179.0348,-0.38392232155590833,0.15203562665570755
5-15B,3.0,179.0561,0.26141909468727254,0.10892550274436058
5-15B,3.0,180.0663,0.29417359611309657,0.10289597886825144
5-15B,3.0,181.0505,-0.9611893005657566,0.3275557361877858
5-15B,3.0,182.9725,0.3155084625603224,0.2701758727626394
5-15B,3.0,183.0661,-0.004154735173732979,0.5793108185142064
5-15B,3.0,184.0017,-0.1822811985572917,0.07042147085146076
5-15B,3.0,184.9856,-0.622042892795361,0.08835032412510385
5-15B,3.0,186.1136,0.958945731250602,0.7828721487563443
5-15B,3.0,187.0234,-0.6537496138682659,0.3223080794051295
5-15B,3.0,188.035,0.7391403723212914,0.9565715186040261
5-15B,3.0,188.0565,-0.6715570268586972,0.04333978480515158
5-15B,3.0,189.0405,1.9553452343680178,0.2366385286260861
5-15B,3.0,191.0197,-0.6704496607182624,0.13840670392873533
5-15B,3.0,191.0561,-0.7208661418424547,0.0819815465920235
5-15B,3.0,192.0663,0.008615404505400562,0.3411443666642743
5-15B,3.0,193.0349,0.7900616333490134,0.8823654414744463
5-15B,3.0,194.0682,-0.9461546775740943,0.16021021377911418
5-15B,3.0,194.0822,-0.11104560013880133,0.22564572900114985
5-15B,3.0,195.0509,2.1582126351922692,0.10436064051582053
5-15B,3.0,195.0657,0.650177755818926,0.7053434249049835
5-15B,3.0,196.0603,-0.8498740365943593,0.12316568603693641
5-15B,3.0,198.0182,-0.7954511015225283,0.42191201884925467
5-15B,3.0,199.0019,-0.40141747809088635,0.6590421993613289
5-15B,3.0,200.9937,-0.40308512910648,0.10755231169287859
5-15B,3.0,201.0051,-0.2262333409112634,0.5023974332672198
5-15B,3.0,203.0348,-0.7229233092796978,0.17596237401244058
5-15B,3.0,203.0826,-0.06294501786967675,0.008777291230997764
5-15B,3.0,204.0498,0.4723536101313768,0.44969791728287933
5-15B,3.0,205.0351,-0.8488044858583028,0.18852724163158627
5-15B,3.0,206.0822,-0.9170549493505167,0.7661572226682324
5-15B,3.0,209.0292,-0.27367576884978606,0.224089538072593
5-15B,3.0,209.0814,0.988904272181815,0.33886170378520036
5-15B,3.0,211.0235,-0.7889505085100474,0.2857168529946271
5-15B,3.0,211.9968,-0.8892566907408916,0.06180700587633457
5-15B,3.0,212.0331,-0.2153616103192874,0.3962015429477694
5-15B,3.0,212.9807,-0.7995313831132371,0.10262670895392657
5-15B,3.0,213.014,-0.5963449900802951,0.16546869967831493
5-15B,3.0,213.0384,-0.6224176416407017,0.13578809942239048
5-15B,3.0,213.1252,0.33065095636972,0.6251630584710852
5-15B,3.0,214.0488,0.1050344625977039,1.035436396338978
5-15B,3.0,215.0331,0.3208937324960941,0.11283749512496401
5-15B,3.0,216.1351,1.0616621624140272,0.33000044014043145
5-15B,3.0,218.0335,0.36962371487228896,0.09487933458187306
5-15B,3.0,218.1034,-0.7654340982898966,0.022598044166117676
5-15B,3.0,220.0828,0.6161620010148852,0.524840221423532
5-15B,3.0,221.0443,0.2756563551991839,0.13532255248222014
5-15B,3.0,221.0664,-0.8154889260702953,0.4325503057464898
5-15B,3.0,225.0399,-0.5249101281928036,0.546717166134192
5-15B,3.0,225.0861,-1.3096461759216274,0.44261470037776496
5-15B,3.0,225.0901,-0.8558384017004637,0.2515341001752535
5-15B,3.0,226.0135,-0.7430912687741991,0.3431370628935313
5-15B,3.0,226.0697,-0.009546019192650794,0.11447716122014376
5-15B,3.0,228.0501,0.5412332996899902,0.12625988230095636
5-15B,3.0,229.0122,-0.45354595933980907,0.13760454612858208
5-15B,3.0,237.0614,-0.8600581025569112,0.20993282427652718
5-15B,3.0,238.0945,0.8056553997984712,0.43340904574696865
5-15B,3.0,240.0515,-0.7941030138603371,0.06191374989239441
5-15B,3.0,241.0844,-0.7405923766339884,0.5163841689093966
5-15B,3.0,242.0804,1.6161327085858601,1.5811903308152622
5-15B,3.0,243.029,-1.157057816194341,0.43808173684089763
5-15B,3.0,243.0625,0.07412360699704272,0.18423913496234248
5-15B,3.0,245.0444,-0.9768326858028847,0.23732168968347847
5-15B,3.0,246.0198,-1.1561473940861857,0.4079304637593635
5-15B,3.0,246.064,0.4532947534918826,0.844247383601354
5-15B,3.0,251.0816,-0.1384768075756385,0.12158419354151671
5-15B,3.0,253.0119,0.3446992401967487,0.039629969049195066
5-15B,3.0,253.0499,0.4616242492268786,0.22559326749190914
5-15B,3.0,257.0072,-1.1155336056654739,0.25757970651672757
5-15B,3.0,257.1028,0.8737549209352162,0.6735727173911044
5-15B,3.0,259.005,-0.7865445073344727,0.3983904376635589
5-15B,3.0,259.0227,0.5424155530253482,0.21082182079427228
5-15B,3.0,261.0385,-0.28943232760864035,0.3171785739414659
5-15B,3.0,266.0703,-0.6649160930492591,0.14080533971604403
5-15B,3.0,267.0724,-0.6356119120631196,0.005672666566071962
5-15B,3.0,268.02,-0.5846292756909642,0.1773357711828602
5-15B,3.0,269.0398,-0.6406873853218876,0.09606305507536751
5-15B,3.0,271.0612,-0.10385009223713379,0.29264432173964766
5-15B,3.0,271.0815,1.8094894432215318,0.540397236813765
5-15B,3.0,273.0021,-0.826511335088352,0.04142776539197329
5-15B,3.0,274.0933,-0.8603437690132364,0.1028221483904489
5-15B,3.0,275.0184,-0.5240645703924282,0.6324254871441769
5-15B,3.0,275.0991,-0.10981312595153447,0.22879125052057894
5-15B,3.0,277.1207,0.9721303624998777,0.21733006225798446
5-15B,3.0,277.2169,-0.41244892682246737,0.7161475649905489
5-15B,3.0,279.2331,-0.36862172408276594,0.025999673540922884
5-15B,3.0,282.0839,1.7159047672780312,0.5606784602644724
5-15B,3.0,283.2063,-0.267692786679483,0.08186190431832126
5-15B,3.0,285.0972,1.107641980309296,0.23982691967322417
5-15B,3.0,287.0157,-0.12855811163763062,0.42763861527550634
5-15B,3.0,288.0725,0.1314350262934529,0.13158267634060508
5-15B,3.0,289.0333,-0.6995822741694371,0.6588042192615001
5-15B,3.0,289.1044,-0.3507798557002145,0.19174009270363176
5-15B,3.0,290.9677,0.42799405177383953,0.1453781209022197
5-15B,3.0,294.0479,-0.10648769124702322,0.3886816698925119
5-15B,3.0,300.0509,0.3049816509322497,0.6106032966935924
5-15B,3.0,301.0333,-1.1167338175610306,0.4952722712075755
5-15B,3.0,303.2326,-0.8606923494442109,0.161684939093607
5-15B,3.0,305.0207,0.2622487881303346,0.1990333603754452
5-15B,3.0,306.0481,-1.0145943903428476,0.0894263543446033
5-15B,3.0,306.0765,-0.282602881988575,0.027135953401461545
5-15B,3.0,308.0986,1.2641307821704992,0.0890109827910812
5-15B,3.0,313.0441,-0.6063674143720055,0.32750995230523844
5-15B,3.0,313.1037,-0.10807382164514129,0.42088800251817493
5-15B,3.0,317.026,-0.5384069858269422,0.7111374930334646
5-15B,3.0,323.0256,-0.6582960440874008,0.5000184726359221
5-15B,3.0,325.1163,-0.07648562025291611,0.22976516700387908
5-15B,3.0,328.0457,-0.4778838806041694,0.12324672637244606
5-15B,3.0,333.0589,-0.9170311358306504,0.1813607209187371
5-15B,3.0,338.9884,-0.8053758735017489,0.07335964041859766
5-15B,3.0,339.0928,1.0975028073122965,0.6742448808172461
5-15B,3.0,341.1089,-0.07151840521489243,0.15957926249845436
5-15B,3.0,344.0393,-0.25470579423432843,0.2878891947503385
5-15B,3.0,346.0556,0.9535309837225424,0.22867551518871118
5-15B,3.0,348.087,-1.0263979799979275,0.06792019351206416
5-15B,3.0,353.0489,0.23828719293010991,0.41241404269760784
5-15B,3.0,357.089,-0.6037940183098546,0.14022104231756702
5-15B,3.0,375.131,-0.3181822771668115,0.5122472335568863
5-15B,3.0,377.1496,0.3845739541324648,0.4821050786691453
5-15B,3.0,383.1188,-0.30772899503858564,0.5956906142609185
5-15B,3.0,388.9416,0.042040133187876694,0.24438758420758644
5-15B,3.0,388.9442,0.07711635180503648,0.2392280859504785
5-15B,3.0,401.0756,0.6364057739737481,0.09874793819369533
5-15B,3.0,407.2795,1.6837506243215066,0.4558564493424589
5-15B,3.0,421.0743,-0.6845094549619557,0.582789893059951
5-15B,3.0,426.0222,0.8763949769202921,0.3895596260432297
5-15B,3.0,442.9997,-0.13131797353418226,0.16822660844360413
5-15B,3.0,466.9657,-0.015443168449475986,0.20772427262924048
5-15B,3.0,490.9787,-0.2009268149194265,0.7012802634540368
5-15B,3.0,503.1614,-0.663053099728234,0.3442124661265988
5-15B,3.0,547.0731,-0.9284032303074127,0.09074568864550131
5-15B,3.0,565.0471,-0.41530950192018234,0.20863982881550047
5-15B,3.0,578.8872,0.7974687703521215,0.1971107239969387
5-15B,3.0,579.0269,0.3908469589678232,0.22299071977141693
5-15B,3.0,612.2549,-0.2675384755075418,0.45556278055062677
5-15B,3.0,624.2949,-0.5377962647930046,0.4484285058796557
5-15B,3.0,659.307,0.0563830655409262,0.18154457184514028
5-15B,3.0,664.0939,-0.4666562502747724,0.1482504409838542
5-15B,3.0,665.2144,-0.949968453005261,0.33332618886244963
5-15B,3.0,668.1374,-0.6135609932338539,0.0002427350148669331
5-15B,3.0,787.255,0.05608423717242291,0.3344125090076657
5-15B,3.0,790.2568,-0.05838068693508778,0.6806443395059573
5-15B,3.0,835.0407,-0.6582989777275761,0.06196499209362317
5-15B,3.0,863.2971,-0.6831713067173899,0.11095275665237431
5-15B,3.0,864.1473,-0.7135977439165156,0.3741702095284101
5-15B,3.0,974.2935,-0.33810649374523094,0.2826763767293099
5-15B,3.0,976.7162,0.45059801680307143,0.2144826510567488
5-15B,4.0,57.0342,0.3455964283531552,0.29917530107307516
5-15B,4.0,58.0295,-0.7412185598518771,0.16049635665115572
5-15B,4.0,59.0135,0.524320274574078,0.10913997303558241
5-15B,4.0,71.0137,0.7140328382533035,0.045324817178266044
5-15B,4.0,73.0293,-0.8451782188319572,0.01042016439859914
5-15B,4.0,74.0247,0.48665552719769634,0.41385528697682294
5-15B,4.0,75.0087,0.48686318494548153,0.5114576422406311
5-15B,4.0,87.0088,-0.6882621781455873,0.0028946791127230933
5-15B,4.0,87.0451,0.9085423006815421,0.8601235302894605
5-15B,4.0,88.0403,-0.7740412658948876,0.02298733942099117
5-15B,4.0,88.9883,-0.17865958911578536,0.8489117770497123
5-15B,4.0,89.0244,-0.7480876034527217,0.026400842275520312
5-15B,4.0,93.0338,-0.04725439157105352,0.0076009899764379555
5-15B,4.0,94.9761,-0.9369237832427981,0.423490905469523
5-15B,4.0,94.9806,0.826200742712339,0.4832282098450993
5-15B,4.0,95.0139,0.6340444890502186,0.15299700989376575
5-15B,4.0,101.0242,0.6083104038690704,0.2458857140400961
5-15B,4.0,102.056,-0.35385272789957,0.08850974526697686
5-15B,4.0,103.0402,-0.820641374338779,0.052412188886580814
5-15B,4.0,103.0509,-0.8697592560236301,0.06775116467003853
5-15B,4.0,104.0352,-0.2437698838230928,0.11463509291647947
5-15B,4.0,105.0193,0.7998622112108134,1.0282382756846162
5-15B,4.0,107.0503,-0.21661002816396988,0.8742117890025818
5-15B,4.0,109.0295,0.3642917422059688,0.2297780269187712
5-15B,4.0,111.02,-0.2928481569966279,0.016239883720515876
5-15B,4.0,112.0516,0.3545035612326096,0.21040369670042092
5-15B,4.0,113.0244,0.8086348009338035,0.08103939245855218
5-15B,4.0,113.0357,0.052102475880371604,0.03145375584392838
5-15B,4.0,114.056,-0.07281319162794006,0.004830403239658094
5-15B,4.0,115.0037,-0.680264733277588,0.05286888082357355
5-15B,4.0,115.0402,0.3438808353539393,0.555674088064023
5-15B,4.0,115.0764,-0.10268413968217402,0.4064108628756553
5-15B,4.0,116.0354,0.9529743137567084,0.15422479990557694
5-15B,4.0,116.0717,-0.6734796537835549,0.012378656960930674
5-15B,4.0,117.0194,-0.8388337423800525,0.003110827818659937
5-15B,4.0,118.0508,-0.4915059652788328,0.2405285154523654
5-15B,4.0,118.9804,0.8289486587620789,0.07136696865894712
5-15B,4.0,119.0503,0.04821846785617268,0.09486077379797793
5-15B,4.0,120.9273,0.3622913623872105,0.3964859048364474
5-15B,4.0,121.0295,0.0350087699789003,0.2884264331318876
5-15B,4.0,121.0409,0.20217257702907135,0.6932408328845152
5-15B,4.0,122.0248,0.7335744801441377,0.3233810491416501
5-15B,4.0,124.0075,-0.17747831071201975,0.44911623502277204
5-15B,4.0,124.0144,1.2598558604640657,0.3222544819539414
5-15B,4.0,125.0439,1.4439533897486871,0.46680953538082487
5-15B,4.0,127.0764,0.10344195680229819,0.631051020274174
5-15B,4.0,128.0354,0.6701142257030797,0.01628001167327384
5-15B,4.0,129.0193,-0.46450350171166743,0.10433581966362511
5-15B,4.0,129.0556,-0.32283417912604767,0.4803421233910984
5-15B,4.0,130.0142,-0.5198367833534246,0.05138278363420382
5-15B,4.0,130.0509,-0.859454056420677,0.025392280308326694
5-15B,4.0,130.0874,-0.9116808394498135,0.05190693890525764
5-15B,4.0,131.0008,-0.4250225387335519,0.9488344476429781
5-15B,4.0,131.0123,-0.7068834798056071,0.04268897306694524
5-15B,4.0,131.035,1.0839203119558938,0.2223454591712886
5-15B,4.0,131.0462,0.9799715515930254,0.17903601038696107
5-15B,4.0,131.0828,-0.29701291467925073,0.1934963836657333
5-15B,4.0,132.0302,-0.4661586439407748,0.028392980322547345
5-15B,4.0,133.0142,-0.40660815081511625,0.04890879147966405
5-15B,4.0,133.0257,-0.49091845999680006,0.04840855810829025
5-15B,4.0,133.0505,-0.6720755730670391,0.015603418155655198
5-15B,4.0,134.0472,-0.48941520268930616,0.17755170899364783
5-15B,4.0,134.0604,-0.07831853103406256,0.30182340849437106
5-15B,4.0,135.0302,-0.8195321177981356,0.10514494366440864
5-15B,4.0,135.0453,-0.1559646808701617,0.07426725806594102
5-15B,4.0,136.0404,2.200656787278355,0.15062055231690585
5-15B,4.0,136.0487,0.21366956371416734,0.24034619596711093
5-15B,4.0,136.0767,-0.20272635627544655,0.4323913697700318
5-15B,4.0,137.0239,-0.08712595158423692,0.09086391188220043
5-15B,4.0,138.9789,-0.8092293911526895,0.155664827698288
5-15B,4.0,139.0014,-0.2597370532678798,0.030755816163383864
5-15B,4.0,139.0067,-0.6980430018090269,0.02520577147370833
5-15B,4.0,139.976,-0.3003079584208143,0.4863709081407551
5-15B,4.0,143.0713,0.06404351882752032,0.2640700464943493
5-15B,4.0,143.1077,-0.4480553048944109,0.3784513217926657
5-15B,4.0,145.0141,-0.2953392943496129,0.06579049963113007
5-15B,4.0,145.0506,-0.5001876325572672,0.10322240562051833
5-15B,4.0,145.0623,-0.5888857359032815,0.3768893822672341
5-15B,4.0,145.0982,0.054955470400066715,0.22974680311174622
5-15B,4.0,145.1106,0.29168307341854455,0.7205707572805291
5-15B,4.0,146.0459,-0.08437685745571276,0.015401465619743235
5-15B,4.0,147.0298,-0.7702529007067345,0.015655681121030843
5-15B,4.0,147.0662,-0.42094853379928915,0.02240162344396978
5-15B,4.0,149.0092,0.6178084878204141,0.2068313068576035
5-15B,4.0,149.0456,0.6052002441762256,0.17591307041539694
5-15B,4.0,149.0608,-0.14969570574634072,0.13484120160366725
5-15B,4.0,150.0422,-0.4623949786845265,0.5380290683865586
5-15B,4.0,150.9707,-0.2513483307507596,0.17437207855087178
5-15B,4.0,151.0259,-0.6998424447186766,0.0758303983986349
5-15B,4.0,151.04,0.30205466937935577,0.37432092839404324
5-15B,4.0,151.06,-0.27774768901555547,0.26615158693225843
5-15B,4.0,152.0353,-0.7499212814717591,0.356415312839448
5-15B,4.0,152.0716,0.3241105524878629,0.4459527741140046
5-15B,4.0,153.0192,0.6736570055325062,0.06524119495920658
5-15B,4.0,154.062,-0.3736352004645843,0.11678754926074374
5-15B,4.0,154.9751,-0.7987401475877187,0.023888959644081952
5-15B,4.0,155.0099,-0.23486059323354722,0.02740428074960925
5-15B,4.0,157.0128,-0.6055062839508112,0.03862584081807953
5-15B,4.0,157.0255,-0.21717362144767974,0.05441634317330444
5-15B,4.0,157.0379,-0.24335835560538974,0.02451997875858518
5-15B,4.0,157.0504,-0.7833332994023192,0.05022795689186227
5-15B,4.0,159.0297,1.5552001646437803,0.17172456912976342
5-15B,4.0,159.0775,-0.6901489989920685,0.02614154619697596
5-15B,4.0,160.0616,-0.40211351090248043,0.3475849949459413
5-15B,4.0,161.0453,0.8948756203517635,0.07812668809204475
5-15B,4.0,162.0424,-0.323778028181738,0.21505007069546175
5-15B,4.0,163.0351,-1.1118942840996597,0.09926459056361785
5-15B,4.0,163.0398,1.5104258631484946,0.10972391778042563
5-15B,4.0,163.0611,0.7106946038595929,0.5882989511936595
5-15B,4.0,164.0716,-0.3212683745390591,0.04695017569191426
5-15B,4.0,165.03,0.6086498899011188,0.3822096208453183
5-15B,4.0,165.0405,-0.14597556089779024,0.27501093704044133
5-15B,4.0,165.0556,-0.5996297596679596,0.10274784584982172
5-15B,4.0,166.0508,0.14415426999828485,0.24560620960693813
5-15B,4.0,166.0632,-0.35224274192946897,0.8372779478432604
5-15B,4.0,166.9759,-0.8740151864535025,0.25599619444981164
5-15B,4.0,167.0207,0.18336383383532062,0.3464997129857564
5-15B,4.0,167.0358,0.0695473451699883,0.18440904534833552
5-15B,4.0,167.0828,0.9148631767651472,0.4447934892564509
5-15B,4.0,168.0277,-0.16568578866136585,0.02762628934199305
5-15B,4.0,168.0664,1.0260938557305854,1.135348535572127
5-15B,4.0,170.0455,-0.7674927585437814,0.014162614631350955
5-15B,4.0,171.0065,-0.8992981508821507,0.07422127393350389
5-15B,4.0,171.0092,-0.6483496206374998,0.15747283985123603
5-15B,4.0,171.0284,-0.4924361829262355,0.06401496806598854
5-15B,4.0,172.0616,-0.3630207084987915,0.18833849576574885
5-15B,4.0,172.962,-0.507338103973018,0.042976219578750044
5-15B,4.0,173.0089,-0.7687777437656613,0.2547028695522168
5-15B,4.0,173.0453,-0.6220977636270607,0.1312220564437424
5-15B,4.0,173.0932,-0.8070395173971943,0.04161403495893364
5-15B,4.0,173.1041,-0.3596633614921928,0.05416001315663267
5-15B,4.0,174.0407,-0.7554672322218662,0.006612706479707617
5-15B,4.0,174.088,-0.7674045830195972,0.09502692572936579
5-15B,4.0,175.022,-0.8472448078903729,0.08050940209709512
5-15B,4.0,175.0361,-0.5113782873231536,0.015601961745847347
5-15B,4.0,175.0611,-0.7342805333503081,0.03011005590255604
5-15B,4.0,176.0776,-0.6009515042362297,0.29848011413550396
5-15B,4.0,177.0402,0.6174889736485721,0.2502443330855205
5-15B,4.0,177.0553,0.2303691062990039,0.27232683156156523
5-15B,4.0,178.0509,-0.20943814595065918,0.061003746132397334
5-15B,4.0,179.0348,1.0640480961887677,0.16676053751537787
5-15B,4.0,179.0561,0.39582843668430434,0.051837864147450785
5-15B,4.0,180.0663,0.3821859665609233,0.11047271335121756
5-15B,4.0,181.0505,-0.44639006077512133,0.1818263315703
5-15B,4.0,182.9725,0.4794470039801997,0.15931144440673994
5-15B,4.0,183.0661,1.137399396511633,0.1522983826386019
5-15B,4.0,184.0017,-0.005902333168089219,0.027243881689590875
5-15B,4.0,184.9856,-0.0921040423099318,0.09378202818858777
5-15B,4.0,186.1136,-0.550054295227519,0.43100953048705476
5-15B,4.0,187.0234,-0.9799748657201321,0.550880245678021
5-15B,4.0,188.035,0.7110484941354668,0.4301647788807682
5-15B,4.0,188.0565,-0.19398861366215073,0.012924235702103664
5-15B,4.0,189.0405,-0.38466853300941684,0.07824649182940956
5-15B,4.0,191.0197,-0.4333307699719845,0.24825072313833435
5-15B,4.0,191.0561,-0.6543605760821465,0.09874850494723336
5-15B,4.0,192.0663,0.8898597919378846,0.5989043995224251
5-15B,4.0,193.0349,-0.6396075924992374,0.6304304332102727
5-15B,4.0,194.0682,-0.900242791446986,0.2028965154839569
5-15B,4.0,194.0822,0.7558531229198235,0.5608173690488644
5-15B,4.0,195.0509,1.1656903719906426,0.11495732968899264
5-15B,4.0,195.0657,0.44152637465893707,0.4293850176941968
5-15B,4.0,196.0603,-0.22870535978484824,0.1004500907109481
5-15B,4.0,198.0182,-0.5629657196909712,0.3815321586125717
5-15B,4.0,199.0019,-0.9914350522223814,0.18260734297359044
5-15B,4.0,200.9937,-0.05642241967518924,0.12386773347180725
5-15B,4.0,201.0051,-0.03120946623625768,0.42940851766317817
5-15B,4.0,203.0348,-0.3156131661580083,0.20335424549061687
5-15B,4.0,203.0826,-0.07751801535543748,0.008184913827662267
5-15B,4.0,204.0498,0.8042613715775646,0.2924568376158474
5-15B,4.0,205.0351,-0.8260995066524729,0.09679852914968834
5-15B,4.0,206.0822,1.5428485180037328,0.7385385363535588
5-15B,4.0,209.0292,-0.6770276897590845,0.1626905193339079
5-15B,4.0,209.0814,-0.8647137820452586,0.466055988415871
5-15B,4.0,211.0235,-1.0162714778309636,0.30492250071877536
5-15B,4.0,211.9968,-0.7795379533488647,0.053445173840335404
5-15B,4.0,212.0331,-0.4595742246332846,0.2325964929712932
5-15B,4.0,212.9807,-0.6842872771372146,0.0965373236760296
5-15B,4.0,213.014,-1.0830646052645523,0.07862815891917802
5-15B,4.0,213.0384,-0.657872721787778,0.20378069413661898
5-15B,4.0,213.1252,-0.2363555695353995,0.9200138693269296
5-15B,4.0,214.0488,-0.1737338085580482,0.46461259816690414
5-15B,4.0,215.0331,0.5539277766020034,0.06112505824094018
5-15B,4.0,216.1351,1.3134786856937941,0.25958197935687
5-15B,4.0,218.0335,0.6970357912125963,0.06596512088577643
5-15B,4.0,218.1034,-0.04331257322860662,0.029591618518176425
5-15B,4.0,220.0828,0.4744596916337761,0.34067279532438616
5-15B,4.0,221.0443,0.5910322537110535,0.07606316371295144
5-15B,4.0,221.0664,-0.011223167039527922,0.25200980313941607
5-15B,4.0,225.0399,-0.12968274230312232,0.7169077346583518
5-15B,4.0,225.0861,-0.31982858980157797,0.32567284178038397
5-15B,4.0,225.0901,-0.9101869334106689,0.24750183661093494
5-15B,4.0,226.0135,-0.4208272730074639,0.0950562940617478
5-15B,4.0,226.0697,0.5355513679901888,0.21618420065068245
5-15B,4.0,228.0501,-0.4397528661013009,0.11697681794996885
5-15B,4.0,229.0122,-0.23529508433794744,0.20153027159097317
5-15B,4.0,237.0614,-0.3709170664132473,0.13281259069464554
5-15B,4.0,238.0945,-0.4743550235028884,0.1819198827759389
5-15B,4.0,240.0515,-0.23696000778514703,0.026580228605605494
5-15B,4.0,241.0844,-0.666784188363771,0.9663850110779505
5-15B,4.0,242.0804,-0.2951375221667224,0.698406943463019
5-15B,4.0,243.029,-0.5857987495218397,0.3325868667435321
5-15B,4.0,243.0625,-1.4425946974934134,0.20866109769527602
5-15B,4.0,245.0444,-0.8638456830535606,0.450616251424525
5-15B,4.0,246.0198,-0.9508150151411388,0.43099152923721795
5-15B,4.0,246.064,0.6304826851194827,0.2796466661128343
5-15B,4.0,251.0816,0.8523830107119121,0.634838059551423
5-15B,4.0,253.0119,0.9398816417437827,0.03735947344610217
5-15B,4.0,253.0499,0.32593977479908154,0.484355996310422
5-15B,4.0,257.0072,-0.7402679101706019,0.38804286638693464
5-15B,4.0,257.1028,-0.18533366050488898,0.6518033175296919
5-15B,4.0,259.005,-0.7016000425283391,0.12002314215267977
5-15B,4.0,259.0227,0.6001856979189217,0.16377096614779338
5-15B,4.0,261.0385,-0.6414092078584834,0.3275925159853113
5-15B,4.0,266.0703,-0.059191868921098574,0.12415707732956928
5-15B,4.0,267.0724,-0.7141128301943005,0.021694171522811407
5-15B,4.0,268.02,-0.7179927383729436,0.6392793725921597
5-15B,4.0,269.0398,-0.7243330465033266,0.08439730331623685
5-15B,4.0,271.0612,-0.27684912014053187,0.3018935578896726
5-15B,4.0,271.0815,-0.029278249317188972,0.6792072004718763
5-15B,4.0,273.0021,-0.73819110503948,0.08842258288197595
5-15B,4.0,274.0933,-0.30200022083477895,0.23909573132247874
5-15B,4.0,275.0184,-0.1565935487500661,0.8048395656325786
5-15B,4.0,275.0991,-0.44675400741789284,0.12038842966028597
5-15B,4.0,277.1207,0.8263200900567296,0.09715774709914723
5-15B,4.0,277.2169,-0.11686438617680102,0.3488600459786864
5-15B,4.0,279.2331,-0.05927022639641942,0.03744676834980164
5-15B,4.0,282.0839,0.04271594970235759,0.14279282596308038
5-15B,4.0,283.2063,-0.17604296861317165,0.09044558114737906
5-15B,4.0,285.0972,-0.05875125967106941,0.7207629502440065
5-15B,4.0,287.0157,0.16398893761979066,0.37688971088586376
5-15B,4.0,288.0725,1.1574547632476233,0.33053063195281296
5-15B,4.0,289.0333,-0.0457943828495318,0.5947673402739513
5-15B,4.0,289.1044,-0.7838957733512528,0.35411029856802345
5-15B,4.0,290.9677,1.107483437081159,0.13202299049517122
5-15B,4.0,294.0479,-0.21405426861152674,0.5155956259115844
5-15B,4.0,300.0509,-0.06837499474662753,0.721923306461539
5-15B,4.0,301.0333,0.1767982242508813,0.598307315579907
5-15B,4.0,303.2326,2.850912897536989,0.1789221262761389
5-15B,4.0,305.0207,0.1943363072632849,0.12397109424393367
5-15B,4.0,306.0481,-0.9397263292354125,0.1730162558072427
5-15B,4.0,306.0765,-0.21211802982645633,0.020648087605180304
5-15B,4.0,308.0986,1.0488046750175464,0.11975725617924983
5-15B,4.0,313.0441,-0.7327023834323231,0.22915308245682645
5-15B,4.0,313.1037,-0.8091782482018272,0.41585276859011683
5-15B,4.0,317.026,-0.7505124278274393,0.5006659565936771
5-15B,4.0,323.0256,-0.16130202146669523,0.2967419756511071
5-15B,4.0,325.1163,-0.784318840600176,0.2084390000324331
5-15B,4.0,328.0457,-0.24043280033563652,0.08544542378156034
5-15B,4.0,333.0589,-0.9492554362284987,0.2820328619928235
5-15B,4.0,338.9884,-0.7516503323911212,0.05536885691880161
5-15B,4.0,339.0928,-0.08909231160146712,0.921211886359151
5-15B,4.0,341.1089,-0.0039050068800942153,0.1418365965181544
5-15B,4.0,344.0393,-0.5755290228182863,0.21869636235218215
5-15B,4.0,346.0556,-0.43489831109243265,0.177323009507479
5-15B,4.0,348.087,-1.00206867232231,0.0967563103530723
5-15B,4.0,353.0489,-0.27410270441627693,0.8290766428044591
5-15B,4.0,357.089,-0.6073054831149813,0.16511872686086598
5-15B,4.0,375.131,-0.043889370505552805,0.25008168004416137
5-15B,4.0,377.1496,0.5140537578479014,0.6314889741709923
5-15B,4.0,383.1188,0.1508333130061056,0.43122980022208196
5-15B,4.0,388.9416,0.8540172790489371,0.36921992737598697
5-15B,4.0,388.9442,0.4972846726871845,0.22255795701058997
5-15B,4.0,401.0756,0.6657018141642843,0.0699481746270183
5-15B,4.0,407.2795,-0.3099913250472363,0.2660939576915424
5-15B,4.0,421.0743,-0.1036231658383649,0.36088937293838547
5-15B,4.0,426.0222,0.27986052473227024,0.3626942135501517
5-15B,4.0,442.9997,0.047110407439537004,0.255636686451801
5-15B,4.0,466.9657,0.15051352693796655,0.1878829568519257
5-15B,4.0,490.9787,0.6110452815452303,0.29103661445484924
5-15B,4.0,503.1614,-0.12983637891469388,0.3503629103386612
5-15B,4.0,547.0731,-0.1700609290184337,0.16006164913721074
5-15B,4.0,565.0471,0.4399526524204963,0.18508508879713761
5-15B,4.0,578.8872,0.8227576198598885,0.10969307969409807
5-15B,4.0,579.0269,1.1287819455525279,0.28080360467882437
5-15B,4.0,612.2549,-0.24044090359344023,0.2883617236722727
5-15B,4.0,624.2949,-1.4085480140265365,0.4096702618988731
5-15B,4.0,659.307,-0.6199875445917707,0.06986770830055809
5-15B,4.0,664.0939,-0.7288270394463296,0.17860932271520014
5-15B,4.0,665.2144,-0.507956494507829,0.3026265610091648
5-15B,4.0,668.1374,-0.6121629634781192,0.00031102200427127067
5-15B,4.0,787.255,-0.29970643257690877,0.21039878354002034
5-15B,4.0,790.2568,-0.5175768966751526,0.0921064265426332
5-15B,4.0,835.0407,-0.8748357110214595,0.08695184322436947
5-15B,4.0,863.2971,-0.6488969702653538,0.08062678612068776
5-15B,4.0,864.1473,-0.9702264227390602,0.3261188939187736
5-15B,4.0,974.2935,-0.8855770433231643,0.3564614382936522
5-15B,4.0,976.7162,0.248380293747371,0.06596893418869033
5-15B,5.0,57.0342,1.2734315578247992,0.8682344812764549
5-15B,5.0,58.0295,-0.31285869791831045,0.20297583551403447
5-15B,5.0,59.0135,1.1906916201911297,0.30688085717529084
5-15B,5.0,71.0137,0.9623286216371526,0.13090902950600472
5-15B,5.0,73.0293,-0.6356391336483374,0.041726996784159615
5-15B,5.0,74.0247,2.0829076524063375,0.7233154879009164
5-15B,5.0,75.0087,0.7698133051041283,0.5281347823722935
5-15B,5.0,87.0088,-0.654336845931295,0.007918062349478538
5-15B,5.0,87.0451,0.6357420204393567,0.7113957551136587
5-15B,5.0,88.0403,-0.6167184570651858,0.06835259518580741
5-15B,5.0,88.9883,-0.5783581305856147,0.18257154263278288
5-15B,5.0,89.0244,-0.34868322222685577,0.1337606125362122
5-15B,5.0,93.0338,-0.02334569177401777,0.020788971377849717
5-15B,5.0,94.9761,-0.721226459133915,0.34191400051468396
5-15B,5.0,94.9806,0.8911953702656251,0.2227873731410843
5-15B,5.0,95.0139,0.9502969382728432,0.1403542532839101
5-15B,5.0,101.0242,0.931733307194336,0.2339697002582115
5-15B,5.0,102.056,-0.28693253644577454,0.027149220505522452
5-15B,5.0,103.0402,-0.7299803424528228,0.03963476755719213
5-15B,5.0,103.0509,-0.7205090370616909,0.12144315883381347
5-15B,5.0,104.0352,0.16549107461947532,0.09693248069928763
5-15B,5.0,105.0193,0.9979273010372732,0.4217135249729809
5-15B,5.0,107.0503,0.3410324759061076,0.5582697370415798
5-15B,5.0,109.0295,0.9202801952923539,0.20841409964547924
5-15B,5.0,111.02,0.29618318717282144,0.07409394126102621
5-15B,5.0,112.0516,0.3218026484700369,0.21625185519369605
5-15B,5.0,113.0244,1.1100197485589658,0.12336867208227452
5-15B,5.0,113.0357,0.656704719318243,0.08167591398619539
5-15B,5.0,114.056,0.28020514064991503,0.012756498997379153
5-15B,5.0,115.0037,-0.4236341802722855,0.06959876151280314
5-15B,5.0,115.0402,0.33925504796477857,0.2568111802515348
5-15B,5.0,115.0764,0.6036782685470223,0.25691308297330845
5-15B,5.0,116.0354,2.108587610993259,0.22345745992230193
5-15B,5.0,116.0717,-0.6545701365992502,0.01394596985723131
5-15B,5.0,117.0194,-0.6593524600442988,0.016997113712793433
5-15B,5.0,118.0508,-0.040018089233297846,0.3076740923994267
5-15B,5.0,118.9804,0.9881268164567673,0.15883310327208267
5-15B,5.0,119.0503,0.3100249235956112,0.23529361237967547
5-15B,5.0,120.9273,0.27527156095459043,0.2525685413616016
5-15B,5.0,121.0295,0.2607720092080823,0.29511402789583435
5-15B,5.0,121.0409,0.793267413070696,0.36119806189409887
5-15B,5.0,122.0248,1.5150844250482054,0.26544965323475367
5-15B,5.0,124.0075,-0.31753034767063837,0.13956680044166342
5-15B,5.0,124.0144,1.4849943884702625,0.24137207205659392
5-15B,5.0,125.0439,1.5645371265900812,0.2764356765190966
5-15B,5.0,127.0764,0.43467318639036057,0.3758603349173011
5-15B,5.0,128.0354,1.2369118308235392,0.05657232498014419
5-15B,5.0,129.0193,-0.12590302461719802,0.054382160926564525
5-15B,5.0,129.0556,0.2758099938201921,0.42928120705909467
5-15B,5.0,130.0142,-0.6722607416620727,0.2615992127387204
5-15B,5.0,130.0509,-0.5673150778090492,0.04420855112516626
5-15B,5.0,130.0874,-0.8172858623655305,0.03306877733218593
5-15B,5.0,131.0008,-0.8793137344133674,0.6804619876370647
5-15B,5.0,131.0123,-0.6470657985676997,0.11192430166779561
5-15B,5.0,131.035,1.2575287005438,0.3302922896070471
5-15B,5.0,131.0462,1.1075132354529287,0.3582280056205832
5-15B,5.0,131.0828,-0.2792997143717617,0.08011585690996163
5-15B,5.0,132.0302,-0.04727444473116524,0.054812599593121444
5-15B,5.0,133.0142,-0.267239435894149,0.027399475554260887
5-15B,5.0,133.0257,-0.2791479727001373,0.16397564390904007
5-15B,5.0,133.0505,-0.19833917000458873,0.0688687458121526
5-15B,5.0,134.0472,0.3957661288855557,0.21486624773846386
5-15B,5.0,134.0604,0.4549609919276037,0.1630734305984773
5-15B,5.0,135.0302,-0.39001234556721043,0.047049337330515334
5-15B,5.0,135.0453,0.37244142039486405,0.12251154511507045
5-15B,5.0,136.0404,3.9578643582460455,0.3720687304681388
5-15B,5.0,136.0487,0.5693659135689267,0.463527115699582
5-15B,5.0,136.0767,0.30650699391365593,0.8827397143883899
5-15B,5.0,137.0239,-0.15631056545222927,0.05208866488960252
5-15B,5.0,138.9789,-0.1922915587059204,0.3620494636121484
5-15B,5.0,139.0014,-0.03798539274693829,0.057947025947844046
5-15B,5.0,139.0067,-0.6342001307309486,0.052233576177780204
5-15B,5.0,139.976,-0.49097209690151544,0.4119999009315571
5-15B,5.0,143.0713,-0.12213224396281687,0.2801734499031744
5-15B,5.0,143.1077,0.11782063699318894,0.33914450096290477
5-15B,5.0,145.0141,-0.2221945221311818,0.07135762464308613
5-15B,5.0,145.0506,-0.7725389172874608,0.06461005951414132
5-15B,5.0,145.0623,-0.9202204981509566,0.12678206972191602
5-15B,5.0,145.0982,-0.43860570870959975,0.28693991990646545
5-15B,5.0,145.1106,-0.16393457126333716,1.0203494998037013
5-15B,5.0,146.0459,0.08089481968985626,0.034724456154308844
5-15B,5.0,147.0298,-0.6734719894610384,0.030599423052021575
5-15B,5.0,147.0662,0.2488751985691937,0.10835766767570548
5-15B,5.0,149.0092,0.6990133717738092,0.31011568645333704
5-15B,5.0,149.0456,1.549812093824197,0.3206890349295188
5-15B,5.0,149.0608,0.13836303790680873,0.5257259351194666
5-15B,5.0,150.0422,-0.21416330091374391,0.5568425903837056
5-15B,5.0,150.9707,0.23437411939348796,0.7463151723636801
5-15B,5.0,151.0259,-0.6967637156250932,0.03869455422201958
5-15B,5.0,151.04,0.5581572937805412,0.47259932576274477
5-15B,5.0,151.06,0.5543252927406981,1.3952028895174513
5-15B,5.0,152.0353,0.10991566820667886,0.5703978992524821
5-15B,5.0,152.0716,0.2890201495756838,0.1689368551108826
5-15B,5.0,153.0192,1.371454854939029,0.21827334268625245
5-15B,5.0,154.062,-0.3399451858835536,0.12701333342518192
5-15B,5.0,154.9751,-0.5939759031387031,0.047433702275641844
5-15B,5.0,155.0099,0.3549480987776059,0.0763750084833849
5-15B,5.0,157.0128,-0.39736184361715665,0.04115749997926124
5-15B,5.0,157.0255,0.3133370524436746,0.03883674773328127
5-15B,5.0,157.0379,0.22814011398824185,0.12869879788033725
5-15B,5.0,157.0504,-0.5215971537522838,0.06801712997321575
5-15B,5.0,159.0297,1.9234170026197992,0.36194659803561996
5-15B,5.0,159.0775,-0.13847846912858097,0.15882060381836552
5-15B,5.0,160.0616,0.8256719290454468,0.4164668089583881
5-15B,5.0,161.0453,1.0523048923109184,0.24718573356076884
5-15B,5.0,162.0424,0.1920473968743996,0.17726497789663295
5-15B,5.0,163.0351,-0.6141230757458159,0.6052697283970991
5-15B,5.0,163.0398,1.7050556852323495,0.24824527874124377
5-15B,5.0,163.0611,0.7298729092433616,1.11221900607318
5-15B,5.0,164.0716,-0.41279016812738173,0.06453890629504386
5-15B,5.0,165.03,-0.4663263576790705,1.228437367511286
5-15B,5.0,165.0405,0.5597313747384367,0.41168898490297806
5-15B,5.0,165.0556,-0.4173228339950742,0.23263734700636762
5-15B,5.0,166.0508,0.21675950125421597,0.28260224489985136
5-15B,5.0,166.0632,0.22359711199440976,0.38905796900663303
5-15B,5.0,166.9759,-0.551183910564903,0.25786907516691926
5-15B,5.0,167.0207,-0.21220647551867244,0.3261794522531915
5-15B,5.0,167.0358,0.12317102762179626,0.31310152546902453
5-15B,5.0,167.0828,0.9245863773981564,0.8245163911092562
5-15B,5.0,168.0277,-0.10036150487683841,0.019211073975638777
5-15B,5.0,168.0664,0.16883953293905937,0.6552691456368873
5-15B,5.0,170.0455,-0.7073307171070289,0.028586472964219903
5-15B,5.0,171.0065,-0.6565008772016948,0.05738163682067248
5-15B,5.0,171.0092,-0.6885754164996962,0.1325218577466106
5-15B,5.0,171.0284,-0.25366372649038715,0.03252048222564715
5-15B,5.0,172.0616,0.04803151098758364,0.3225914102077341
5-15B,5.0,172.962,-0.36433912598794527,0.0818186219603114
5-15B,5.0,173.0089,-0.5337049017924735,0.05606860599035306
5-15B,5.0,173.0453,-0.02945705151903171,0.1224508315965754
5-15B,5.0,173.0932,-0.8266982064135617,0.028885833046799477
5-15B,5.0,173.1041,-0.7128018699178068,0.1759689591989204
5-15B,5.0,174.0407,-0.5410747418434744,0.016632966767071877
5-15B,5.0,174.088,-0.636334240150102,0.1794577143250515
5-15B,5.0,175.022,-0.7870429167607571,0.15325863687021204
5-15B,5.0,175.0361,-0.05908106727646868,0.03144215557956491
5-15B,5.0,175.0611,-0.4593098546193667,0.05172143767269309
5-15B,5.0,176.0776,-0.5566395110947677,0.10088104412294896
5-15B,5.0,177.0402,0.8960415221830572,0.6938698107558414
5-15B,5.0,177.0553,0.6019821615794831,0.31436463993619607
5-15B,5.0,178.0509,-0.11383398717204947,0.05386357130154777
5-15B,5.0,179.0348,2.1091281270882787,0.3957447068966944
5-15B,5.0,179.0561,0.8118509454178178,0.07446630688100361
5-15B,5.0,180.0663,0.7573124294901453,0.1567247543462083
5-15B,5.0,181.0505,-0.18223862029901752,0.1703883569625175
5-15B,5.0,182.9725,0.6835700468760988,0.30419916674912395
5-15B,5.0,183.0661,0.8038956245397431,0.16729946339876262
5-15B,5.0,184.0017,-0.07718769926892588,0.10762218316577599
5-15B,5.0,184.9856,-0.5949129175145369,0.14301805392936512
5-15B,5.0,186.1136,0.37350673761042646,0.9067284390320103
5-15B,5.0,187.0234,-0.9391967092386488,0.4912559701545757
5-15B,5.0,188.035,1.7623330123972876,1.136283653663845
5-15B,5.0,188.0565,0.26551438766963853,0.04638749173993615
5-15B,5.0,189.0405,-0.19282623481470418,0.1468697897583068
5-15B,5.0,191.0197,-0.67280655510382,0.12064754681001205
5-15B,5.0,191.0561,-0.44443164901219434,0.11202059436874441
5-15B,5.0,192.0663,-0.019480949952214055,0.7030424720839322
5-15B,5.0,193.0349,0.3373004489661542,0.5947762888519552
5-15B,5.0,194.0682,-1.0538885093773085,0.1179451576469329
5-15B,5.0,194.0822,0.027759884550350944,0.5994161865672628
5-15B,5.0,195.0509,1.6065201297183807,0.39690074156236027
5-15B,5.0,195.0657,0.31795613921467175,0.4449785469682174
5-15B,5.0,196.0603,0.12923697859998445,0.2897709551205289
5-15B,5.0,198.0182,-0.6834201023065969,0.5387902254738666
5-15B,5.0,199.0019,-0.9752246363075323,0.22259855566650594
5-15B,5.0,200.9937,0.5798436091257202,0.25935919782992306
5-15B,5.0,201.0051,-0.6702168667312596,0.1631347707575537
5-15B,5.0,203.0348,-0.06802297188856643,0.17779660691169513
5-15B,5.0,203.0826,-0.08649413699521766,0.010283035543400031
5-15B,5.0,204.0498,0.7799129257571878,0.5590231191242689
5-15B,5.0,205.0351,-0.837799015588228,0.1171897931236189
5-15B,5.0,206.0822,0.661274070594198,0.36148161407456675
5-15B,5.0,209.0292,-0.7697917601556011,0.32395583128057653
5-15B,5.0,209.0814,-0.445235742446476,0.057078446957569966
5-15B,5.0,211.0235,-0.5587581164187619,0.2782433523042161
5-15B,5.0,211.9968,-0.6351081972182689,0.05902256450209178
5-15B,5.0,212.0331,0.0723125709488957,0.5162340584318297
5-15B,5.0,212.9807,-0.5480600462051801,0.09711192776123144
5-15B,5.0,213.014,-0.5595836898397922,0.3751579694901984
5-15B,5.0,213.0384,-0.31504260796894157,0.28830881527206
5-15B,5.0,213.1252,-0.5627867713577475,0.523850375841073
5-15B,5.0,214.0488,-0.3651139069377025,1.501417567230459
5-15B,5.0,215.0331,1.084399124761426,0.1665838009362515
5-15B,5.0,216.1351,2.8907803990270615,0.5749524998342889
5-15B,5.0,218.0335,1.042618453603002,0.07720313340109297
5-15B,5.0,218.1034,0.7084876654815638,0.17745562729503225
5-15B,5.0,220.0828,0.9246466745348216,0.4133621148464853
5-15B,5.0,221.0443,0.9868032420569758,0.20591424696871963
5-15B,5.0,221.0664,0.8670138511165382,0.6683144548372352
5-15B,5.0,225.0399,0.24351338727851923,0.4543267837436956
5-15B,5.0,225.0861,0.1268217009796125,0.6390656396328854
5-15B,5.0,225.0901,-0.6813315515833425,0.5075888289865101
5-15B,5.0,226.0135,0.011716605530987679,0.4895239415829392
5-15B,5.0,226.0697,0.3242749804649554,0.2956838538461967
5-15B,5.0,228.0501,-0.15684551417353476,0.27428014396899186
5-15B,5.0,229.0122,0.21331401347609802,0.3499805449971652
5-15B,5.0,237.0614,0.014050419131893588,0.18911033772765665
5-15B,5.0,238.0945,-0.5453940766176728,0.2939782890527783
5-15B,5.0,240.0515,-0.034373889171230576,0.04698042636952184
5-15B,5.0,241.0844,-0.0912294273071273,0.2173199537845406
5-15B,5.0,242.0804,0.3093069456538051,0.7012020122198065
5-15B,5.0,243.029,-0.18407127660012162,0.1796658274463085
5-15B,5.0,243.0625,-0.6866739991139257,0.15284580050463512
5-15B,5.0,245.0444,-0.3614982218502978,0.4323663889322553
5-15B,5.0,246.0198,-0.438121745974003,0.1646585038486396
5-15B,5.0,246.064,0.5254723961393535,1.1838221330154206
5-15B,5.0,251.0816,0.3201463984124083,1.2915964767252224
5-15B,5.0,253.0119,1.5356546275718896,0.16638667943412844
5-15B,5.0,253.0499,0.7751475979047009,0.4269249241858258
5-15B,5.0,257.0072,-0.2758766119956977,0.5738858745533012
5-15B,5.0,257.1028,-0.8997266161744336,0.22633141472656396
5-15B,5.0,259.005,-0.8950846568089768,0.13744359732451716
5-15B,5.0,259.0227,1.1405407905598222,0.28621022247728767
5-15B,5.0,261.0385,-0.1251401825770289,0.2447246992761087
5-15B,5.0,266.0703,0.12951726804226826,0.2222125599145735
5-15B,5.0,267.0724,-0.5831881486582007,0.06280817208065168
5-15B,5.0,268.02,-0.7632410560686151,0.4453424201719382
5-15B,5.0,269.0398,-0.7104459290098831,0.1938185823069647
5-15B,5.0,271.0612,0.39844363705480135,0.6340535636740926
5-15B,5.0,271.0815,0.6559365138506494,0.44975010568971163
5-15B,5.0,273.0021,-0.7215593734069002,0.09183353542584434
5-15B,5.0,274.0933,0.019779859651313313,0.2674297365022976
5-15B,5.0,275.0184,0.29432986139504613,0.8448063904412928
5-15B,5.0,275.0991,-0.5189902539480906,0.26608957853743437
5-15B,5.0,277.1207,0.6692936428102625,0.11880737175214649
5-15B,5.0,277.2169,0.1247143332971985,0.3805211722859391
5-15B,5.0,279.2331,-0.3562649835959405,0.02625275921039983
5-15B,5.0,282.0839,1.1980311232400438,0.23635749362995376
5-15B,5.0,283.2063,-0.6004047312563443,0.20031264245464578
5-15B,5.0,285.0972,-0.7745573800502179,1.0451046819651628
5-15B,5.0,287.0157,0.5678115516254336,0.2547611903525758
5-15B,5.0,288.0725,1.4018430887975433,0.11713290314021851
5-15B,5.0,289.0333,-0.24729442030732968,0.3597336421790396
5-15B,5.0,289.1044,-0.5169016775354255,0.07676451786127296
5-15B,5.0,290.9677,1.8976160697538957,0.17532024576950214
5-15B,5.0,294.0479,0.14291446158040969,0.5457884003073654
5-15B,5.0,300.0509,-0.46191308073247106,0.6758553755297239
5-15B,5.0,301.0333,0.17964271472215543,0.4546046585330288
5-15B,5.0,303.2326,-0.15697175852814427,0.5085445503559468
5-15B,5.0,305.0207,0.6745861421297958,0.30230486983726895
5-15B,5.0,306.0481,-0.9185427305499754,0.07176211544482385
5-15B,5.0,306.0765,-0.24067600643710996,0.0174665119946998
5-15B,5.0,308.0986,1.6831295798158794,0.14403974009227602
5-15B,5.0,313.0441,-0.818839862337085,0.5053351179932345
5-15B,5.0,313.1037,-0.5315529659498253,0.3089983569865134
5-15B,5.0,317.026,0.09657952549116004,0.7006954123632488
5-15B,5.0,323.0256,-0.35065534146799887,0.5377885544103296
5-15B,5.0,325.1163,-0.827920624815538,0.14944163064899268
5-15B,5.0,328.0457,0.09028842787757135,0.12566522912410302
5-15B,5.0,333.0589,-0.5680758828381626,0.28261318630910726
5-15B,5.0,338.9884,-0.6332770247792436,0.03579377187733685
5-15B,5.0,339.0928,1.2596679007127083,0.41450066647662037
5-15B,5.0,341.1089,0.34377922759971236,0.11368822954721647
5-15B,5.0,344.0393,-0.5150999900370614,0.2646642035584323
5-15B,5.0,346.0556,-0.5231058437812715,0.09697542915537291
5-15B,5.0,348.087,-0.8078330520268056,0.1685986491913149
5-15B,5.0,353.0489,-0.9054268991029202,0.24545324128859186
5-15B,5.0,357.089,-0.7501050518568018,0.3558340485486434
5-15B,5.0,375.131,0.6621936601902035,0.6017552151378025
5-15B,5.0,377.1496,-0.7610684267810797,0.506977350623166
5-15B,5.0,383.1188,0.7196061663395774,0.5041204539722305
5-15B,5.0,388.9416,1.1047749270354412,0.44102459124359406
5-15B,5.0,388.9442,0.9868591282798828,0.21937570831758407
5-15B,5.0,401.0756,0.9000155806789084,0.14034679958999446
5-15B,5.0,407.2795,-0.11365037238530623,0.2872968968297193
5-15B,5.0,421.0743,-0.06962006598722784,0.6088962920592091
5-15B,5.0,426.0222,-0.10599765259472281,0.2829582979818792
5-15B,5.0,442.9997,-0.18180574692867518,0.3807768936353746
5-15B,5.0,466.9657,0.6285287488665822,0.2982719335787592
5-15B,5.0,490.9787,-0.3479768796334982,0.5515569821068886
5-15B,5.0,503.1614,0.30336499865730393,0.42424345090692617
5-15B,5.0,547.0731,0.2719057600134238,0.09189513426610567
5-15B,5.0,565.0471,0.7750638883631813,0.32471803627130585
5-15B,5.0,578.8872,0.9567885222510537,0.08809930734165063
5-15B,5.0,579.0269,0.7964381712932771,0.16730881120424873
5-15B,5.0,612.2549,-0.22960187482779965,0.34241491945305447
5-15B,5.0,624.2949,-0.5985987576274151,0.2886564709521829
5-15B,5.0,659.307,0.0024727489931760816,0.36398151071858875
5-15B,5.0,664.0939,-0.5219029682994301,0.07250875360413477
5-15B,5.0,665.2144,-0.4717547224776562,0.18162529995309035
5-15B,5.0,668.1374,-0.6106695593217659,0.00021114815961011972
5-15B,5.0,787.255,0.47565460518964886,0.5370077752678426
5-15B,5.0,790.2568,0.35108541288938633,0.244593640212015
5-15B,5.0,835.0407,-0.7839773329810611,0.08850895083623118
5-15B,5.0,863.2971,-0.5938392595817634,0.06779026558502588
5-15B,5.0,864.1473,-0.06762476345026916,0.5457333791538695
5-15B,5.0,974.2935,-0.08156564576461639,0.34251827611555197
5-15B,5.0,976.7162,0.850494612662779,0.2191055144027926
5-15B,6.0,57.0342,0.4452997706964483,0.2433673903372124
5-15B,6.0,58.0295,-0.19272377913240932,0.47628230415950745
5-15B,6.0,59.0135,0.4806552539459247,0.2102075264760725
5-15B,6.0,71.0137,0.5163885351868427,0.08453995110911612
5-15B,6.0,73.0293,-0.4046272914012483,0.020792164425961074
5-15B,6.0,74.0247,1.7154287554911571,0.5932460271685323
5-15B,6.0,75.0087,0.46166114995159396,0.2115580241876044
5-15B,6.0,87.0088,-0.6162782527179689,0.011061312150745484
5-15B,6.0,87.0451,0.9018203225236239,0.46356475631693567
5-15B,6.0,88.0403,-0.5278786430776679,0.020205839913666625
5-15B,6.0,88.9883,-0.24361060210463265,0.35665256738787204
5-15B,6.0,89.0244,-0.6059481454643005,0.12886757702111237
5-15B,6.0,93.0338,-0.016675321480534053,0.02975475068158385
5-15B,6.0,94.9761,-1.1316030564695825,0.2156496730401855
5-15B,6.0,94.9806,0.9866960684497192,0.2141468585289195
5-15B,6.0,95.0139,0.7336963723091474,0.17172840638838627
5-15B,6.0,101.0242,0.2013058037875866,0.1633347333561516
5-15B,6.0,102.056,-0.2997328093226705,0.0452180394160971
5-15B,6.0,103.0402,-0.614822202978504,0.08499663272544826
5-15B,6.0,103.0509,-0.5885190475035134,0.1268845683506502
5-15B,6.0,104.0352,0.24279394779468902,0.22517388762465002
5-15B,6.0,105.0193,0.3900198330314465,0.3445283926487089
5-15B,6.0,107.0503,0.3033314987196366,0.3497053213105403
5-15B,6.0,109.0295,0.9896039442039514,0.2912846834076539
5-15B,6.0,111.02,0.04960714019870947,0.08143763418086691
5-15B,6.0,112.0516,0.041850931892889735,0.41110556989783276
5-15B,6.0,113.0244,0.5150161040798055,0.2078741345249283
5-15B,6.0,113.0357,0.42020138984031846,0.17371221527062056
5-15B,6.0,114.056,0.7303320492733021,0.06027283135841771
5-15B,6.0,115.0037,-0.27343275516197624,0.09451786219748791
5-15B,6.0,115.0402,0.030869222020727685,0.498397761362838
5-15B,6.0,115.0764,-0.07566915444056244,0.4674682369727636
5-15B,6.0,116.0354,2.0674444140802115,0.24211815315533963
5-15B,6.0,116.0717,-0.6226652438742759,0.009611785392287023
5-15B,6.0,117.0194,-0.41496189413314627,0.013307874098281304
5-15B,6.0,118.0508,0.05788587054304835,0.2371984154579453
5-15B,6.0,118.9804,0.4070316739741123,0.13361452641399127
5-15B,6.0,119.0503,0.3897445364159246,0.3849719814927165
5-15B,6.0,120.9273,-0.542099463728523,0.163181156747416
5-15B,6.0,121.0295,-0.160008502818292,0.13758582056173244
5-15B,6.0,121.0409,0.17148627794839003,0.5385184572299714
5-15B,6.0,122.0248,1.1644658413222762,0.4639419340570762
5-15B,6.0,124.0075,-0.20020605355179558,0.24364146578559653
5-15B,6.0,124.0144,0.8475351844619547,0.27116328327898964
5-15B,6.0,125.0439,1.5034305031907262,0.291276861504251
5-15B,6.0,127.0764,-0.09783719746065417,0.25182093055037735
5-15B,6.0,128.0354,1.1849124660416441,0.1150447152600444
5-15B,6.0,129.0193,-0.37069333156268947,0.09459455678339064
5-15B,6.0,129.0556,0.4594885659600647,0.675263745843192
5-15B,6.0,130.0142,-0.6642384280668807,0.11242051088595749
5-15B,6.0,130.0509,-0.40612426361122234,0.030837523314986286
5-15B,6.0,130.0874,-0.782965573221305,0.044961277267645434
5-15B,6.0,131.0008,-0.8035020826502388,0.19212891597924167
5-15B,6.0,131.0123,-0.6245776393669196,0.03741029240612201
5-15B,6.0,131.035,0.839020380898992,0.1963340600475648
5-15B,6.0,131.0462,0.7884344805851076,0.19131270149025767
5-15B,6.0,131.0828,-0.5005899773681389,0.17272251788100407
5-15B,6.0,132.0302,0.18371586272022583,0.0494635570331815
5-15B,6.0,133.0142,-0.2363507725573881,0.05367990059623206
5-15B,6.0,133.0257,-0.28388405388568566,0.06323611027774717
5-15B,6.0,133.0505,-0.16134284004927096,0.03598638043913484
5-15B,6.0,134.0472,0.5317082306791675,0.19567224826860374
5-15B,6.0,134.0604,0.44474490911224607,0.3182491975846432
5-15B,6.0,135.0302,-0.36163304971247157,0.06388664285969482
5-15B,6.0,135.0453,0.9381905117877422,0.18215484412250157
5-15B,6.0,136.0404,3.67934113665574,0.32866216683657395
5-15B,6.0,136.0487,1.3170234202831816,0.48829676648388964
5-15B,6.0,136.0767,0.17469108843408446,0.2597976312747077
5-15B,6.0,137.0239,-0.009331440191647458,0.2109448758788055
5-15B,6.0,138.9789,-0.3349726374338879,0.3721952902527507
5-15B,6.0,139.0014,0.2660761209760355,0.027338584652444306
5-15B,6.0,139.0067,-0.626436691472527,0.041589085437092915
5-15B,6.0,139.976,-0.22500576543043105,0.4215630982722174
5-15B,6.0,143.0713,-0.021165013805360594,0.32433409488935694
5-15B,6.0,143.1077,-0.31403601599789294,0.1381362851694495
5-15B,6.0,145.0141,-0.34338005832517504,0.10809419587723419
5-15B,6.0,145.0506,-0.8353981846880778,0.08512485370890983
5-15B,6.0,145.0623,-0.7182016413128958,0.31555452909026566
5-15B,6.0,145.0982,-0.3462860798754774,0.18920854781323765
5-15B,6.0,145.1106,-0.2778389824338076,0.9584282494245061
5-15B,6.0,146.0459,0.029443406703137234,0.008913698834984827
5-15B,6.0,147.0298,-0.6318363522803419,0.018667983176564464
5-15B,6.0,147.0662,0.22646715695724767,0.06419100611650082
5-15B,6.0,149.0092,-0.058659336027336695,0.39884064057796215
5-15B,6.0,149.0456,1.0423635607121606,0.149629044660619
5-15B,6.0,149.0608,0.0279454335075206,0.562108717950396
5-15B,6.0,150.0422,-0.15973817370196808,0.2722777637316152
5-15B,6.0,150.9707,-0.26126103381492793,0.6663987568713624
5-15B,6.0,151.0259,-0.6728335940340577,0.040587750780712264
5-15B,6.0,151.04,0.2273508653676662,0.45093048299228666
5-15B,6.0,151.06,0.2672547179713551,0.3205310129832479
5-15B,6.0,152.0353,-0.16529851104376964,0.3294031365268066
5-15B,6.0,152.0716,-0.2001347902677761,0.21113181069039033
5-15B,6.0,153.0192,1.0335302315405048,0.035228711261769616
5-15B,6.0,154.062,-0.3418213852427877,0.10872261754072864
5-15B,6.0,154.9751,-0.35184752442688944,0.03187223298117078
5-15B,6.0,155.0099,0.15449481406314558,0.056725482987049304
5-15B,6.0,157.0128,-0.532995835128695,0.050631688176859216
5-15B,6.0,157.0255,0.34036002229192197,0.14876602836268973
5-15B,6.0,157.0379,0.34265953710439484,0.11215107874743804
5-15B,6.0,157.0504,-0.3487647518627941,0.06109506693169475
5-15B,6.0,159.0297,0.29613613801610317,0.14250639943292495
5-15B,6.0,159.0775,-0.047695577259798144,0.1391103707986362
5-15B,6.0,160.0616,1.3595732781706822,0.8344492524876765
5-15B,6.0,161.0453,0.4043772947138399,0.2564597890213192
5-15B,6.0,162.0424,0.054170621070274164,0.21484358446021581
5-15B,6.0,163.0351,-0.6002392258470005,0.23323987064288548
5-15B,6.0,163.0398,2.064436260723807,0.2364425770065187
5-15B,6.0,163.0611,1.0341341324939608,0.7760574300612251
5-15B,6.0,164.0716,-0.3897339866396937,0.11807757309105786
5-15B,6.0,165.03,-0.5007326553037135,0.560479192754133
5-15B,6.0,165.0405,0.6748680507390794,0.16314790054529593
5-15B,6.0,165.0556,0.520032482934918,0.1223749257389302
5-15B,6.0,166.0508,0.2190571351547201,0.28080207262772733
5-15B,6.0,166.0632,0.18766059807939803,0.5476795525523547
5-15B,6.0,166.9759,-0.7271881338627691,0.4608817059545783
5-15B,6.0,167.0207,-0.41727078941091067,0.15956714329569416
5-15B,6.0,167.0358,-0.3374508271388305,0.2642869103243141
5-15B,6.0,167.0828,-0.12659964659273468,0.4806352309978588
5-15B,6.0,168.0277,-0.14814500875626124,0.01932562664572572
5-15B,6.0,168.0664,0.2242334292896544,0.2534317073307325
5-15B,6.0,170.0455,-0.6389915307310189,0.03512865682140957
5-15B,6.0,171.0065,-0.5499739774976865,0.1161468807572508
5-15B,6.0,171.0092,-0.5769733609064074,0.1432394379132928
5-15B,6.0,171.0284,-0.10292353934654347,0.0532382266928226
5-15B,6.0,172.0616,0.2292133330987165,0.22694855452097917
5-15B,6.0,172.962,-0.44730078986955757,0.10788777302712507
5-15B,6.0,173.0089,-0.47620609894901655,0.10326235742911492
5-15B,6.0,173.0453,-0.02173750372454678,0.18414253618833334
5-15B,6.0,173.0932,-0.7313928820622118,0.06591112529821871
5-15B,6.0,173.1041,-0.29555260629833546,0.2513916400770082
5-15B,6.0,174.0407,-0.27206907388105095,0.05160986192087948
5-15B,6.0,174.088,-0.49279450249950874,0.046480578986462774
5-15B,6.0,175.022,-0.6752547897615778,0.11941789778248166
5-15B,6.0,175.0361,0.1769729886448818,0.10721950959094839
5-15B,6.0,175.0611,-0.3313754921227906,0.03650304531999519
5-15B,6.0,176.0776,-0.19264813886133092,0.134040777635614
5-15B,6.0,177.0402,-0.21862308068006175,0.5313490947720523
5-15B,6.0,177.0553,0.16418718257430315,0.3889497910081952
5-15B,6.0,178.0509,-0.2980204101383628,0.09278402830837924
5-15B,6.0,179.0348,1.6739113493569615,0.3312103283426409
5-15B,6.0,179.0561,0.43268031931153217,0.1416317410565241
5-15B,6.0,180.0663,0.4477536019294077,0.16205537929286964
5-15B,6.0,181.0505,1.008898069327372,0.22116827156937846
5-15B,6.0,182.9725,0.3530258511065199,0.29777707702570594
5-15B,6.0,183.0661,-0.3405150705029838,0.24001534173033282
5-15B,6.0,184.0017,-0.16799791748194023,0.054201705437362524
5-15B,6.0,184.9856,-0.8941565448620258,0.06725356569458237
5-15B,6.0,186.1136,-0.17752784503548058,0.24917967243458158
5-15B,6.0,187.0234,-0.5062779246749567,0.3773204046091853
5-15B,6.0,188.035,2.24529722582281,1.1446901989233673
5-15B,6.0,188.0565,0.5968988267029571,0.08555654281961447
5-15B,6.0,189.0405,0.0381769869013388,0.04092413310326715
5-15B,6.0,191.0197,-0.5552851642976053,0.11247935395355703
5-15B,6.0,191.0561,-0.17259078697121083,0.08786241200914147
5-15B,6.0,192.0663,1.0793986910567133,0.7362492098526945
5-15B,6.0,193.0349,-0.08025684203056473,0.39396259385068777
5-15B,6.0,194.0682,-0.8561491978397633,0.15508051750490404
5-15B,6.0,194.0822,0.15792180425886002,0.22322684983132832
5-15B,6.0,195.0509,1.2535273844608192,0.15107456737450986
5-15B,6.0,195.0657,-0.34927248864524446,0.7812412811423091
5-15B,6.0,196.0603,0.3237856892024142,0.1614080445341258
5-15B,6.0,198.0182,-0.2866787441810047,0.22904375765695142
5-15B,6.0,199.0019,-1.2541269203809615,0.23978948044666135
5-15B,6.0,200.9937,0.554723122935047,0.406729661659642
5-15B,6.0,201.0051,-0.32555410002062546,0.09134408104532919
5-15B,6.0,203.0348,-0.2625350068636443,0.0976017129071596
5-15B,6.0,203.0826,-0.08163647116663075,0.00541063157704378
5-15B,6.0,204.0498,0.726090045522671,1.0578447112448626
5-15B,6.0,205.0351,-0.6839207285688038,0.13312831703161268
5-15B,6.0,206.0822,0.5754064296127497,0.36715967444307746
5-15B,6.0,209.0292,-0.8027745407410293,0.4959292605814617
5-15B,6.0,209.0814,-0.46264803842982166,0.2538671905779967
5-15B,6.0,211.0235,-0.2979372147768689,0.2791313243882649
5-15B,6.0,211.9968,-0.33856837333963585,0.05271795648024242
5-15B,6.0,212.0331,-0.061176527553246804,0.5400442509369402
5-15B,6.0,212.9807,-0.6101396542356603,0.019101380629014553
5-15B,6.0,213.014,-0.5753910489432085,0.0788432768077501
5-15B,6.0,213.0384,-0.7246806414037564,0.25843717606576727
5-15B,6.0,213.1252,-0.33652076023157196,0.2994094089048
5-15B,6.0,214.0488,0.2553421197725922,0.5368780662679918
5-15B,6.0,215.0331,0.4923480953732269,0.12511259178808531
5-15B,6.0,216.1351,1.7603327199978904,0.4884110952748654
5-15B,6.0,218.0335,0.4576151093999288,0.13248165283835248
5-15B,6.0,218.1034,0.6786576841790194,0.08436878946801774
5-15B,6.0,220.0828,0.5371598285280722,0.46115258037980295
5-15B,6.0,221.0443,0.6687983347212327,0.1390573007268995
5-15B,6.0,221.0664,0.5411086484451294,0.4809548363670381
5-15B,6.0,225.0399,0.1914395087322437,0.12740525575021325
5-15B,6.0,225.0861,-0.26247122909785625,0.45158548829902107
5-15B,6.0,225.0901,0.5751547410502096,0.7836828547197057
5-15B,6.0,226.0135,-0.13768028886507577,0.16139571350678666
5-15B,6.0,226.0697,0.037188920759414074,0.38825387232753583
5-15B,6.0,228.0501,0.03515077454774501,0.3897787657297339
5-15B,6.0,229.0122,0.2728949092795259,0.2119201062958547
5-15B,6.0,237.0614,-0.03990998117813265,0.1204855543049859
5-15B,6.0,238.0945,-0.5602120386170756,0.12576956885705462
5-15B,6.0,240.0515,-0.08406423562583423,0.08869564269696269
5-15B,6.0,241.0844,-0.595212611859318,0.7643236887248218
5-15B,6.0,242.0804,0.16089960613922233,0.5739828237838535
5-15B,6.0,243.029,-0.45500980526318324,0.1859714360211167
5-15B,6.0,243.0625,-0.8752477647311743,0.23572783414319956
5-15B,6.0,245.0444,-0.6866240869044751,0.22671037270610456
5-15B,6.0,246.0198,-0.47606359860515296,0.23387059725700227
5-15B,6.0,246.064,0.33937739016012136,0.4858740798196128
5-15B,6.0,251.0816,-0.2833666866648558,0.3913850614463027
5-15B,6.0,253.0119,1.6383319232955755,0.15989458460955283
5-15B,6.0,253.0499,-0.10153218589820137,0.9201795614622315
5-15B,6.0,257.0072,-0.6859884077865221,0.4143621337148524
5-15B,6.0,257.1028,-0.15869250036804425,0.3265818041565374
5-15B,6.0,259.005,-0.855758515695026,0.5841153983397958
5-15B,6.0,259.0227,-0.11260452417703919,0.22285578670079972
5-15B,6.0,261.0385,-0.5321304507948247,0.21654412919243002
5-15B,6.0,266.0703,0.3435540963561059,0.0709652748562282
5-15B,6.0,267.0724,-0.36807407666257375,0.032621413360781344
5-15B,6.0,268.02,-0.3929192980856189,0.6314393556853347
5-15B,6.0,269.0398,-0.7043097608151058,0.1031688857999179
5-15B,6.0,271.0612,-0.23449418572280337,0.6958990111908081
5-15B,6.0,271.0815,-0.16401553713252628,0.7514341177283664
5-15B,6.0,273.0021,-0.5687194947833654,0.12152641919952614
5-15B,6.0,274.0933,-0.016779948992052224,0.18635352411323491
5-15B,6.0,275.0184,0.7852262643524,0.5581692654809314
5-15B,6.0,275.0991,-0.5146269907348572,0.08998972598823646
5-15B,6.0,277.1207,-0.09111031541609832,0.1188558737136585
5-15B,6.0,277.2169,-0.4371059283555574,0.39538387696920807
5-15B,6.0,279.2331,-0.30720439400808647,0.034431994501179265
5-15B,6.0,282.0839,0.1310591007441319,0.339876995317001
5-15B,6.0,283.2063,-0.3425529742092768,0.166373656654164
5-15B,6.0,285.0972,-0.8800746169188574,0.2022726455212621
5-15B,6.0,287.0157,0.8154894215488945,0.44263000054352875
5-15B,6.0,288.0725,1.632425823841638,0.27648627786942714
5-15B,6.0,289.0333,-0.6437711127152989,0.5327192366628158
5-15B,6.0,289.1044,-0.39204578596501216,0.2933761656222984
5-15B,6.0,290.9677,1.7402887756376428,0.4053346249338273
5-15B,6.0,294.0479,0.38565319811092647,0.6818239662907765
5-15B,6.0,300.0509,0.6077032555367448,0.5771721034421194
5-15B,6.0,301.0333,-0.5947698160822272,0.42699187686558243
5-15B,6.0,303.2326,-0.4220400445135552,0.21664153699711772
5-15B,6.0,305.0207,0.5009960060710603,0.09419658980411831
5-15B,6.0,306.0481,-0.7200553127302638,0.24029807316585222
5-15B,6.0,306.0765,-0.25197366751385203,0.029166181135471855
5-15B,6.0,308.0986,1.4126009556793329,0.13483521631020595
5-15B,6.0,313.0441,-0.27904499453391013,0.23130158646755442
5-15B,6.0,313.1037,-0.38670499260095476,0.19699245892960632
5-15B,6.0,317.026,0.2495082140808601,0.7409056074038471
5-15B,6.0,323.0256,-0.9252608483361524,0.5908033324152214
5-15B,6.0,325.1163,-0.32047007235164393,0.2515896790960084
5-15B,6.0,328.0457,0.05827031738910084,0.09111296512514004
5-15B,6.0,333.0589,0.19089119232168356,0.1703664202855063
5-15B,6.0,338.9884,-0.7554878710418804,0.16443437055084895
5-15B,6.0,339.0928,1.3241851959365278,0.5390463780578186
5-15B,6.0,341.1089,0.16987438921107548,0.14278192421903496
5-15B,6.0,344.0393,-0.6683699913639864,0.16468066381539828
5-15B,6.0,346.0556,-0.43917134035763594,0.10248167256803473
5-15B,6.0,348.087,-0.8058388464796238,0.15668906701624533
5-15B,6.0,353.0489,-0.7984608329415576,0.6799220923113561
5-15B,6.0,357.089,-0.6909953943038352,0.26960641689824394
5-15B,6.0,375.131,0.8621620373045404,0.4223183093002393
5-15B,6.0,377.1496,-0.5325746555185444,0.20112402547714575
5-15B,6.0,383.1188,-0.19276426936479876,0.37642057993340283
5-15B,6.0,388.9416,1.1055212295592105,0.4440585725414166
5-15B,6.0,388.9442,1.3420991295940967,0.22900464508513074
5-15B,6.0,401.0756,0.4329155879203026,0.12045022995074459
5-15B,6.0,407.2795,0.1302387024243981,0.4619652691325878
5-15B,6.0,421.0743,-1.1426067724008853,0.505626533774488
5-15B,6.0,426.0222,-0.4781160728655618,0.2511797841721201
5-15B,6.0,442.9997,-0.12385955246454126,0.21793358883540095
5-15B,6.0,466.9657,0.5213874060205131,0.264441799749845
5-15B,6.0,490.9787,-0.0014502053942509613,0.3034751397549551
5-15B,6.0,503.1614,-0.1498791361912728,0.5152303854385702
5-15B,6.0,547.0731,0.2987324935965715,0.13757871927696538
5-15B,6.0,565.0471,0.614793297260158,0.3308426329410981
5-15B,6.0,578.8872,0.5002457609811473,0.11031739772845314
5-15B,6.0,579.0269,0.019149162714134138,0.3599204858522213
5-15B,6.0,612.2549,-0.46883472401229587,0.28112476562451766
5-15B,6.0,624.2949,-0.49200673315227583,0.3068975731114579
5-15B,6.0,659.307,-0.04101792654114335,0.23539713499924117
5-15B,6.0,664.0939,-0.5620823995900902,0.039572150533874806
5-15B,6.0,665.2144,-0.9371226629300384,0.47640895798968536
5-15B,6.0,668.1374,-0.5772209622381408,0.001185344675375758
5-15B,6.0,787.255,-0.15088713661848885,0.28705881550564954
5-15B,6.0,790.2568,-0.24890513401429892,0.5377227223035961
5-15B,6.0,835.0407,-0.6289196219540341,0.19062657030490832
5-15B,6.0,863.2971,-0.7065070251528189,0.08903365125862132
5-15B,6.0,864.1473,-0.4204045567656931,0.237813622670019
5-15B,6.0,974.2935,-1.1359278976527722,0.21607149159952346
5-15B,6.0,976.7162,0.3327073536867239,0.099929996044601
5-15B,7.0,57.0342,-0.6971945676527849,0.19636895714941865
5-15B,7.0,58.0295,0.5183778613578741,0.4286609785853647
5-15B,7.0,59.0135,-0.16411110638524423,0.0872121845861785
5-15B,7.0,71.0137,0.08804851960655449,0.03201105148515615
5-15B,7.0,73.0293,-0.01728052550016536,0.08471232019190543
5-15B,7.0,74.0247,1.4447076036027569,0.7000050731707782
5-15B,7.0,75.0087,-0.03817921076050948,0.3461854626817882
5-15B,7.0,87.0088,-0.6275521294931115,0.0043659980663898305
5-15B,7.0,87.0451,-0.4016832752660388,0.608086914064369
5-15B,7.0,88.0403,-0.109715649800596,0.09319531768250522
5-15B,7.0,88.9883,-0.8551493705534715,0.40580516847187365
5-15B,7.0,89.0244,-0.762535239395501,0.050800238851119554
5-15B,7.0,93.0338,-0.02277020884673682,0.008762306664416233
5-15B,7.0,94.9761,-0.868995879667319,0.2564788319980331
5-15B,7.0,94.9806,0.4281100591773187,0.2376158084947695
5-15B,7.0,95.0139,-0.05447972114865005,0.13833905350611503
5-15B,7.0,101.0242,-0.41798170856332884,0.13888032974296638
5-15B,7.0,102.056,-0.29003379020692277,0.07411786223439255
5-15B,7.0,103.0402,-0.5066188823885871,0.10250750048399729
5-15B,7.0,103.0509,-0.49172638849418315,0.17432524752838124
5-15B,7.0,104.0352,0.15767193342474106,0.1916245329644525
5-15B,7.0,105.0193,-0.44832874909939613,0.4700385482726766
5-15B,7.0,107.0503,-0.7406298997495091,0.5586206569054722
5-15B,7.0,109.0295,1.2063155771487795,0.1294400669116191
5-15B,7.0,111.02,0.14725030224592334,0.027459165863143342
5-15B,7.0,112.0516,-0.6321069043113534,0.898724021982302
5-15B,7.0,113.0244,-0.07270917249149522,0.056029423382005644
5-15B,7.0,113.0357,0.9118155177753191,0.12838214264861275
5-15B,7.0,114.056,1.6200748068228654,0.02028469854688526
5-15B,7.0,115.0037,0.27283103393171315,0.05443404837219023
5-15B,7.0,115.0402,-0.9234564151819664,0.49570396392371674
5-15B,7.0,115.0764,-1.2088418442075728,0.4859189411291742
5-15B,7.0,116.0354,1.666223165351513,0.426935996005796
5-15B,7.0,116.0717,-0.5292060698295193,0.02459990159028448
5-15B,7.0,117.0194,-0.08037454948673148,0.022027764071875594
5-15B,7.0,118.0508,0.5747058120547219,0.08828772209766131
5-15B,7.0,118.9804,-0.09556465101527167,0.07540007047383784
5-15B,7.0,119.0503,-0.4880771092986632,0.2917558677453494
5-15B,7.0,120.9273,-0.5915795379318944,0.028067341785296924
5-15B,7.0,121.0295,-0.747285743542089,0.2453395978268834
5-15B,7.0,121.0409,-0.642467805166683,0.3468781377941458
5-15B,7.0,122.0248,-0.16273763794032509,0.08986241280361565
5-15B,7.0,124.0075,0.10385428984520527,0.35260149325670626
5-15B,7.0,124.0144,0.0416120472573243,0.2683284463436758
5-15B,7.0,125.0439,-0.31075724928790016,0.1422761616846605
5-15B,7.0,127.0764,-0.6639592459070358,0.4553050234985757
5-15B,7.0,128.0354,1.540322333678705,0.07070947914883384
5-15B,7.0,129.0193,0.0036032209824723854,0.15356765519179266
5-15B,7.0,129.0556,-0.3170439614403774,0.4763157429162656
5-15B,7.0,130.0142,0.40473485849245366,0.750167721080799
5-15B,7.0,130.0509,0.6039123445002774,0.06516469434891452
5-15B,7.0,130.0874,-0.5637128169528229,0.016104835716274437
5-15B,7.0,131.0008,0.017115644068204816,0.9056266752977745
5-15B,7.0,131.0123,-0.6113396370585993,0.07054297564607047
5-15B,7.0,131.035,-0.5404846000427117,0.16365854716626926
5-15B,7.0,131.0462,-0.18160086144795856,0.37541507214556613
5-15B,7.0,131.0828,-0.3263685940620847,0.08431211352325793
5-15B,7.0,132.0302,1.0966016377258456,0.06347330271892399
5-15B,7.0,133.0142,-0.036242569294247504,0.12239208784602423
5-15B,7.0,133.0257,0.047100362681494604,0.04586441176069388
5-15B,7.0,133.0505,0.26745191841571636,0.00532286114313832
5-15B,7.0,134.0472,0.27115253557474484,0.2491248764852516
5-15B,7.0,134.0604,0.7565397566369598,0.8815388502867098
5-15B,7.0,135.0302,0.10288205053564697,0.17344670346126928
5-15B,7.0,135.0453,0.5366389387208591,0.09992051501956146
5-15B,7.0,136.0404,4.719085064685343,0.15347778715598
5-15B,7.0,136.0487,1.2545738005529814,0.2777494244671978
5-15B,7.0,136.0767,-0.584529542756941,0.36858604971215086
5-15B,7.0,137.0239,-0.04935991113933565,0.1451647015378405
5-15B,7.0,138.9789,-1.147875986859246,0.193772656823558
5-15B,7.0,139.0014,0.6415873714706335,0.05016231569570221
5-15B,7.0,139.0067,-0.6898446359815061,0.062339441863283315
5-15B,7.0,139.976,-0.5160728278983099,0.20814046902030994
5-15B,7.0,143.0713,-0.5844338571837666,0.30652703559961
5-15B,7.0,143.1077,-0.9638151061839867,0.2310952296847806
5-15B,7.0,145.0141,-0.3347110482844722,0.11449709700749085
5-15B,7.0,145.0506,-0.6636528270035225,0.13362800258084237
5-15B,7.0,145.0623,0.0461725584047624,0.21247731285297156
5-15B,7.0,145.0982,-0.2839824990805688,0.20083581628749425
5-15B,7.0,145.1106,-0.1762856519926653,0.5564200750612206
5-15B,7.0,146.0459,-0.0390313511464383,0.022060264279084762
5-15B,7.0,147.0298,-0.50175897963487,0.019247373117540233
5-15B,7.0,147.0662,0.6849055000669265,0.01571682333672956
5-15B,7.0,149.0092,-0.6349984239089544,0.5529719104343724
5-15B,7.0,149.0456,0.4674197585522344,0.25275884386663955
5-15B,7.0,149.0608,-0.8408008184617781,0.3275041009959542
5-15B,7.0,150.0422,-0.32965076597287807,0.4052331002988414
5-15B,7.0,150.9707,0.7167923351830127,1.0319602285573268
5-15B,7.0,151.0259,-0.6335098269751046,0.0766186806128671
5-15B,7.0,151.04,-1.2428614996957232,0.34121315728174045
5-15B,7.0,151.06,0.016877374563507054,0.5251864103196768
5-15B,7.0,152.0353,-0.6325151159505683,0.5387321852070138
5-15B,7.0,152.0716,-0.8006292040130376,0.2706973938939536
5-15B,7.0,153.0192,1.1468827323924238,0.12349035801723794
5-15B,7.0,154.062,-0.2763991293251446,0.0892086055906391
5-15B,7.0,154.9751,0.26226211123510623,0.024512843818656302
5-15B,7.0,155.0099,0.24945887473560613,0.02846875081619992
5-15B,7.0,157.0128,-0.43936484750801663,0.018531577782718238
5-15B,7.0,157.0255,0.8570891101802316,0.09808315941453385
5-15B,7.0,157.0379,0.8660698451361636,0.06242356987678744
5-15B,7.0,157.0504,0.08650341709367504,0.05839508316155417
5-15B,7.0,159.0297,-0.38813417807828954,0.17390433489411578
5-15B,7.0,159.0775,0.38494849437572964,0.06367239968139657
5-15B,7.0,160.0616,0.34666201915364947,0.443035419542723
5-15B,7.0,161.0453,-1.1483669715722915,0.08504523315788984
5-15B,7.0,162.0424,0.45671537856875094,0.27047483942030903
5-15B,7.0,163.0351,-0.15595602908490655,0.3199738832183615
5-15B,7.0,163.0398,2.521195728132302,0.126616648492847
5-15B,7.0,163.0611,0.912844309256073,0.6585775261075881
5-15B,7.0,164.0716,-0.5523456731483878,0.12453967574683009
5-15B,7.0,165.03,-0.5139658466978069,0.4568291412321224
5-15B,7.0,165.0405,0.5885585694022747,0.6240245836886097
5-15B,7.0,165.0556,1.5067319627108473,0.25539955806885034
5-15B,7.0,166.0508,0.09245750723694146,0.09272302704391713
5-15B,7.0,166.0632,0.17739302267510892,1.1146669022003977
5-15B,7.0,166.9759,-0.558242903477919,0.23199029356473444
5-15B,7.0,167.0207,-0.3270092151419133,1.0599505712142403
5-15B,7.0,167.0358,-1.3150272907365004,0.41726707531234014
5-15B,7.0,167.0828,-0.39344748618754466,0.25451491007553156
5-15B,7.0,168.0277,-0.21460339468982564,0.0280322890198373
5-15B,7.0,168.0664,-0.28579573832862937,0.5843672082917011
5-15B,7.0,170.0455,-0.38681381713336604,0.029264247664037922
5-15B,7.0,171.0065,-0.600246914990777,0.15434623484430732
5-15B,7.0,171.0092,-0.3971836757418342,0.17606351825291883
5-15B,7.0,171.0284,0.2663117575773545,0.05324519570919405
5-15B,7.0,172.0616,0.7005876812308909,0.16155295176603648
5-15B,7.0,172.962,-0.42315232432655303,0.04321386956152332
5-15B,7.0,173.0089,0.13861629911715184,0.10186308058106458
5-15B,7.0,173.0453,0.3614829046445267,0.18470897213990617
5-15B,7.0,173.0932,-0.3987678639052725,0.034953569220535094
5-15B,7.0,173.1041,-0.41048142799447973,0.5280854999124368
5-15B,7.0,174.0407,0.80414163735254,0.04107524219417427
5-15B,7.0,174.088,0.6155646563385366,0.08907886003603568
5-15B,7.0,175.022,-0.3892150351278397,0.18865653913940522
5-15B,7.0,175.0361,1.093906952284545,0.05221374627218961
5-15B,7.0,175.0611,0.14554631467561496,0.03257756821266251
5-15B,7.0,176.0776,0.19621220911476314,0.18204159876174714
5-15B,7.0,177.0402,0.24669145390283015,0.17952015626195633
5-15B,7.0,177.0553,-0.159886744396884,0.1846661710651754
5-15B,7.0,178.0509,-0.05940366485829838,0.012469515365843358
5-15B,7.0,179.0348,1.0021941361382076,0.21831794676348384
5-15B,7.0,179.0561,-0.21334360734641905,0.06268284227778292
5-15B,7.0,180.0663,-0.22437974475064626,0.07669213080691605
5-15B,7.0,181.0505,2.2812010298928374,0.17826200902664355
5-15B,7.0,182.9725,-0.16457186480808167,0.14381287920658936
5-15B,7.0,183.0661,-0.395860985551852,0.3391291858398725
5-15B,7.0,184.0017,-0.19931630442697693,0.02693369856843041
5-15B,7.0,184.9856,-0.9458843643974635,0.07413414328668123
5-15B,7.0,186.1136,-0.8698461154529329,0.2904711358794786
5-15B,7.0,187.0234,0.405923849766991,0.20823977899103183
5-15B,7.0,188.035,2.607250271678627,0.263391507476835
5-15B,7.0,188.0565,1.6493274622579444,0.09158471279687568
5-15B,7.0,189.0405,0.13254622756235235,0.12306440289998129
5-15B,7.0,191.0197,-0.012178418340417163,0.35492859415355027
5-15B,7.0,191.0561,0.5301326431039415,0.09480976304151913
5-15B,7.0,192.0663,0.5705424936576929,0.18831296603386594
5-15B,7.0,193.0349,0.7190019226251376,0.43299334231521547
5-15B,7.0,194.0682,-0.49567270577246814,0.14102296483395418
5-15B,7.0,194.0822,-0.6322017239716989,0.33303781358442885
5-15B,7.0,195.0509,1.4138851837042077,0.1449105638144217
5-15B,7.0,195.0657,0.5402812759361163,0.7703601325515648
5-15B,7.0,196.0603,0.9429076817390769,0.10765513799619184
5-15B,7.0,198.0182,0.035094501687309945,0.360831304465094
5-15B,7.0,199.0019,-0.12022910972177303,0.6031693116270779
5-15B,7.0,200.9937,-0.3725816815892339,0.11828732317027663
5-15B,7.0,201.0051,0.6949502559937806,0.5293255358406183
5-15B,7.0,203.0348,-0.7722795244772009,0.1833575571260993
5-15B,7.0,203.0826,-0.07548141632792435,0.04575919909717756
5-15B,7.0,204.0498,0.5641942391029732,0.9554294086512347
5-15B,7.0,205.0351,0.10133444745815494,0.14019370687922167
5-15B,7.0,206.0822,0.02912467555934592,0.7091516904188299
5-15B,7.0,209.0292,0.06783343846183452,0.34341759355987783
5-15B,7.0,209.0814,-0.47320094508639476,0.42579234761962437
5-15B,7.0,211.0235,-0.18690886765591622,0.7908302668709033
5-15B,7.0,211.9968,0.670544777746853,0.09008186605746636
5-15B,7.0,212.0331,0.6574915260106136,0.5884975696192858
5-15B,7.0,212.9807,-0.5534960889398983,0.11596017403863093
5-15B,7.0,213.014,-0.37522576913367073,0.3302645490987535
5-15B,7.0,213.0384,-0.5430099827989029,0.24490768797249884
5-15B,7.0,213.1252,-0.7443361794945601,0.643888236132753
5-15B,7.0,214.0488,-0.5337730803955714,0.5048311700738842
5-15B,7.0,215.0331,0.09829964962896726,0.06970378757004939
5-15B,7.0,216.1351,1.497930279178974,0.24576061428769178
5-15B,7.0,218.0335,0.042579692373507436,0.07767720910515237
5-15B,7.0,218.1034,0.9573834628203393,0.07026144616263766
5-15B,7.0,220.0828,-0.04845945006465284,0.644020043970183
5-15B,7.0,221.0443,-0.011536568720761283,0.06435672554978145
5-15B,7.0,221.0664,-0.08323232380076033,0.19174960948056172
5-15B,7.0,225.0399,-0.2738873290466547,1.1881483105868382
5-15B,7.0,225.0861,-0.7577255484271804,0.2531284702027205
5-15B,7.0,225.0901,0.08472394299859658,0.4716426332920158
5-15B,7.0,226.0135,0.17901705524742534,0.10920155093284856
5-15B,7.0,226.0697,0.3285823482024729,0.24113627287441564
5-15B,7.0,228.0501,-0.27598167281596986,0.2949099993835917
5-15B,7.0,229.0122,0.7581446649405993,0.2733007899537591
5-15B,7.0,237.0614,0.7322733399250669,0.21114514049203612
5-15B,7.0,238.0945,0.006792919065957692,0.3032659116734691
5-15B,7.0,240.0515,0.1586815773408512,0.08966419774179625
5-15B,7.0,241.0844,-0.8941730512164606,0.4824772442469965
5-15B,7.0,242.0804,-0.7097167297175813,0.4122469342703668
5-15B,7.0,243.029,-0.8325556244750504,0.08403403016573795
5-15B,7.0,243.0625,-0.48306310132461205,0.2233938631552227
5-15B,7.0,245.0444,0.11877889187714954,0.3749988563395052
5-15B,7.0,246.0198,-0.2037750091345472,0.4845263397548613
5-15B,7.0,246.064,0.5384700064614735,0.5383128512282701
5-15B,7.0,251.0816,-0.6479283179215962,0.45935991433222023
5-15B,7.0,253.0119,2.09616129490164,0.15727710684163718
5-15B,7.0,253.0499,0.5465917113685573,0.5289974354810535
5-15B,7.0,257.0072,-0.10097599320255196,0.19870155438271545
5-15B,7.0,257.1028,0.27822252587620966,0.14123983289958505
5-15B,7.0,259.005,-0.6732852209262945,0.6880799660787873
5-15B,7.0,259.0227,-0.49204933950073837,0.0639162204215611
5-15B,7.0,261.0385,-0.17845352765351213,0.09703934571743718
5-15B,7.0,266.0703,0.7702008407950223,0.12434211389587532
5-15B,7.0,267.0724,-0.42825212603087026,0.01915089894140335
5-15B,7.0,268.02,-0.010690088077445821,0.3942565577149972
5-15B,7.0,269.0398,-0.642948078867332,0.2649661111857016
5-15B,7.0,271.0612,-0.0221229652620802,0.34711939533138997
5-15B,7.0,271.0815,0.5990154136505871,0.5893855691601386
5-15B,7.0,273.0021,0.14243040950625271,0.21660362358323973
5-15B,7.0,274.0933,0.9679154852774179,0.2907100898497339
5-15B,7.0,275.0184,0.9710656169005412,0.3932850411910352
5-15B,7.0,275.0991,-0.29694863709687885,0.28985608773025856
5-15B,7.0,277.1207,-0.42748264500422806,0.06232474938313712
5-15B,7.0,277.2169,-0.905189653815716,0.19925262229793125
5-15B,7.0,279.2331,-0.18485823033799104,0.012055563609083378
5-15B,7.0,282.0839,1.4821000485726459,0.5927086880326691
5-15B,7.0,283.2063,-0.3334650090564829,0.19196965002705169
5-15B,7.0,285.0972,-0.6847251378512411,0.45570962327042686
5-15B,7.0,287.0157,-0.11360171852631051,0.33550626942489775
5-15B,7.0,288.0725,3.239161569945077,0.3383822630018015
5-15B,7.0,289.0333,0.6137920706993749,0.3461766236238984
5-15B,7.0,289.1044,-0.034760423928772904,0.36022209433304286
5-15B,7.0,290.9677,2.4808581692489193,0.29002655035457414
5-15B,7.0,294.0479,-0.633849495317244,0.25879238148698985
5-15B,7.0,300.0509,0.218489763902394,0.4303230944152694
5-15B,7.0,301.0333,-1.000109708238791,0.9519963094538776
5-15B,7.0,303.2326,-0.722816705698515,0.12039554695147969
5-15B,7.0,305.0207,-0.21945978737532543,0.16173124804254052
5-15B,7.0,306.0481,-0.2844857014036742,0.060188300863184406
5-15B,7.0,306.0765,-0.23540376460129697,0.03150139840250257
5-15B,7.0,308.0986,1.3503821947548,0.07099912113569584
5-15B,7.0,313.0441,0.269363621159741,0.3819541813628072
5-15B,7.0,313.1037,0.16049846227255618,0.6818676591026215
5-15B,7.0,317.026,-0.33295061724338876,0.3973380053523654
5-15B,7.0,323.0256,-1.0935749105595334,0.3429264362633179
5-15B,7.0,325.1163,-0.4475646348517417,0.3367617661003312
5-15B,7.0,328.0457,0.9026734051782053,0.16805591366890857
5-15B,7.0,333.0589,0.767112563909522,0.13098428486861605
5-15B,7.0,338.9884,-0.7348242013839467,0.13337600974846317
5-15B,7.0,339.0928,2.1411136503246224,0.8702246087751945
5-15B,7.0,341.1089,0.17058522889672273,0.07710908385860592
5-15B,7.0,344.0393,-0.4387396667953317,0.23057725775951615
5-15B,7.0,346.0556,-0.004848437187332648,0.11257961645413367
5-15B,7.0,348.087,-0.41298035368481495,0.0906273726482337
5-15B,7.0,353.0489,0.41481860281879207,0.8051780546054513
5-15B,7.0,357.089,-0.1993903215860926,0.31046470444387714
5-15B,7.0,375.131,1.6310669917840044,0.4527084762267473
5-15B,7.0,377.1496,0.12371023194107048,0.40056401332364044
5-15B,7.0,383.1188,-0.8341464231238203,0.2683960206046563
5-15B,7.0,388.9416,2.0839238382208376,0.36834673167470344
5-15B,7.0,388.9442,2.019741821176673,0.3748695232758047
5-15B,7.0,401.0756,-0.10090518165958033,0.07971259208399491
5-15B,7.0,407.2795,0.13064860002912032,0.29653280073049265
5-15B,7.0,421.0743,-0.7921859378238897,0.8650076247409071
5-15B,7.0,426.0222,0.6119046535893266,0.7123467411981786
5-15B,7.0,442.9997,-0.2839287431129904,0.2906837201669783
5-15B,7.0,466.9657,-0.346232698984717,0.3160007902372528
5-15B,7.0,490.9787,-0.11397547230588845,0.8409609540836566
5-15B,7.0,503.1614,-0.49517020214421653,0.3625249155633606
5-15B,7.0,547.0731,1.024702870561752,0.1398893542609647
5-15B,7.0,565.0471,0.7269827110322743,0.2318161484694022
5-15B,7.0,578.8872,-0.03224257646677222,0.02898724607671172
5-15B,7.0,579.0269,-0.08234278874520648,0.10184330799151943
5-15B,7.0,612.2549,-0.08250077015124851,0.9887038728014366
5-15B,7.0,624.2949,-0.6061052382242559,0.3634426233230366
5-15B,7.0,659.307,-0.5533924476798442,0.2274751837284556
5-15B,7.0,664.0939,-0.6102977171388824,0.21849509223143385
5-15B,7.0,665.2144,-0.8366919405237527,0.43933154600940755
5-15B,7.0,668.1374,-0.546470665905351,0.002898771390433863
5-15B,7.0,787.255,-0.3365986109867692,0.46533034899702014
5-15B,7.0,790.2568,-0.8030406445023097,0.5475983492625719
5-15B,7.0,835.0407,-0.48800752666982344,0.19617445516134738
5-15B,7.0,863.2971,-0.815346274418062,0.09296532370128445
5-15B,7.0,864.1473,-0.9580382532963008,0.03535537556165498
5-15B,7.0,974.2935,-0.8167993360897556,0.22384229354373691
5-15B,7.0,976.7162,-0.3672311324954406,0.12752044597277779
5-15B,8.0,57.0342,-0.6939835099283632,0.13633158729487696
5-15B,8.0,58.0295,1.6008056144591247,0.3309296132509046
5-15B,8.0,59.0135,-0.1438119169133433,0.10568205250022522
5-15B,8.0,71.0137,-0.025619418676083985,0.021593161104371743
5-15B,8.0,73.0293,1.0138170715319825,0.07142031143091042
5-15B,8.0,74.0247,2.727625062273898,0.27975462385751626
5-15B,8.0,75.0087,1.6121722323240673,0.3089989928825046
5-15B,8.0,87.0088,-0.3635937859436996,0.020602844804532547
5-15B,8.0,87.0451,-0.9282382309696412,0.15808033262968016
5-15B,8.0,88.0403,0.31770379566031437,0.1201943765495325
5-15B,8.0,88.9883,-0.6223249701472959,0.3014010374212525
5-15B,8.0,89.0244,-0.24122984849576815,0.03684324170626976
5-15B,8.0,93.0338,-0.002471356502645198,0.028412987743213228
5-15B,8.0,94.9761,-0.7245545992360187,0.17568073321943
5-15B,8.0,94.9806,0.7628645442946775,0.08149148402081757
5-15B,8.0,95.0139,-0.1799094151946028,0.18231419654289535
5-15B,8.0,101.0242,-0.3654086222469672,0.051179421786462516
5-15B,8.0,102.056,-0.3197389365269401,0.022717983475583865
5-15B,8.0,103.0402,-0.05694637389396275,0.02457618786881165
5-15B,8.0,103.0509,-0.07578870345059283,0.14258329070875803
5-15B,8.0,104.0352,-0.20627354763925354,0.17376665510418904
5-15B,8.0,105.0193,-0.3173010742911227,0.6079342763984148
5-15B,8.0,107.0503,0.013199953528656647,0.3493844212512993
5-15B,8.0,109.0295,2.4173335453472684,0.1990563812350829
5-15B,8.0,111.02,1.6977990446742264,0.06596553846446929
5-15B,8.0,112.0516,0.6129205303807455,1.0963722386446806
5-15B,8.0,113.0244,-0.18093472688035808,0.08110490187216511
5-15B,8.0,113.0357,1.5668258401603952,0.1884633580715697
5-15B,8.0,114.056,3.4583831225544337,0.08387031663370162
5-15B,8.0,115.0037,0.8326397999031951,0.15774792254089942
5-15B,8.0,115.0402,-0.5582761996265528,0.3371857640873516
5-15B,8.0,115.0764,-0.048919021995437274,0.5312277386586272
5-15B,8.0,116.0354,2.6635702963605006,0.6078710933133707
5-15B,8.0,116.0717,-0.30174110098142803,0.08070684422179465
5-15B,8.0,117.0194,0.8959534195165804,0.06640902393539695
5-15B,8.0,118.0508,0.8181477735755212,0.19213326931439983
5-15B,8.0,118.9804,-0.19189702922874008,0.13886064390460237
5-15B,8.0,119.0503,0.5973614206308111,0.24645334115557951
5-15B,8.0,120.9273,-0.5231034571787827,0.06574156248306764
5-15B,8.0,121.0295,-0.09716960380586334,0.35258700917790736
5-15B,8.0,121.0409,0.1166345183416721,0.6248956012831657
5-15B,8.0,122.0248,-0.08609528760907038,0.40036417137923075
5-15B,8.0,124.0075,-0.5777732409080714,0.29229820465273126
5-15B,8.0,124.0144,-0.04712615623703501,0.24110313132640365
5-15B,8.0,125.0439,-0.19288936237536666,0.21674899915669268
5-15B,8.0,127.0764,-0.6559471630674425,0.783934883198881
5-15B,8.0,128.0354,2.0529423417403123,0.15354300381701
5-15B,8.0,129.0193,0.7728667040349584,0.18932393147049195
5-15B,8.0,129.0556,0.06189361821070824,0.6315608008914698
5-15B,8.0,130.0142,1.4069510354917973,0.2644407318367182
5-15B,8.0,130.0509,1.643217461407152,0.05473007004848295
5-15B,8.0,130.0874,-0.39296228749146966,0.04073600102527162
5-15B,8.0,131.0008,-0.43457133456631236,0.1364371770320646
5-15B,8.0,131.0123,-0.20988282792584062,0.0543679638481038
5-15B,8.0,131.035,-0.6685548720429002,0.1784341397789368
5-15B,8.0,131.0462,-0.5763513548030813,0.18654194505230096
5-15B,8.0,131.0828,-0.7968910698356668,0.11014498824213775
5-15B,8.0,132.0302,2.198534862684178,0.15775626679096053
5-15B,8.0,133.0142,0.13908724380794665,0.07333342717980909
5-15B,8.0,133.0257,0.2443919732109095,0.11809752367001827
5-15B,8.0,133.0505,1.3191307130604233,0.11258741353227315
5-15B,8.0,134.0472,0.5281680717782922,0.35507114444671595
5-15B,8.0,134.0604,1.3135205917302555,0.5258443465909629
5-15B,8.0,135.0302,0.159814748354663,0.1768741273256892
5-15B,8.0,135.0453,0.7765495090788705,0.2446409843657794
5-15B,8.0,136.0404,7.194212874036351,0.522028476951495
5-15B,8.0,136.0487,1.7131556092582378,0.32791823544354753
5-15B,8.0,136.0767,-0.3491614009948966,0.591685568411818
5-15B,8.0,137.0239,0.14070535378477744,0.08878549576168657
5-15B,8.0,138.9789,-0.04405475655845684,0.5871394772661717
5-15B,8.0,139.0014,1.550340342009362,0.12334170276856109
5-15B,8.0,139.0067,-0.5359937114283388,0.029785672818883543
5-15B,8.0,139.976,-0.011522780589007756,0.2543942253079096
5-15B,8.0,143.0713,-0.20999046909982994,0.2939394488100043
5-15B,8.0,143.1077,0.05747056978655926,0.6059336922642712
5-15B,8.0,145.0141,-0.2982289643631806,0.10669969369235147
5-15B,8.0,145.0506,-0.6279276156608093,0.17771041754054395
5-15B,8.0,145.0623,-0.8044122449193052,0.18607407021841582
5-15B,8.0,145.0982,-0.912210272095897,0.10280556535070429
5-15B,8.0,145.1106,-1.1135954451183436,0.3898708308534571
5-15B,8.0,146.0459,-0.02549049185860381,0.018693596006870667
5-15B,8.0,147.0298,-0.03816965390013777,0.10312439467486721
5-15B,8.0,147.0662,1.719939814249385,0.14995173033864614
5-15B,8.0,149.0092,-0.14752957775804335,0.22303424252160708
5-15B,8.0,149.0456,1.569019809499193,0.17195859557657067
5-15B,8.0,149.0608,-0.27205433278427016,0.6366649310220434
5-15B,8.0,150.0422,-0.3854033353117704,0.5047649961752196
5-15B,8.0,150.9707,0.8357447719530325,0.9411457736792925
5-15B,8.0,151.0259,-0.6396672851622716,0.04810343306539024
5-15B,8.0,151.04,-0.48821473879985977,0.5598922945867851
5-15B,8.0,151.06,0.43021583372387684,0.31567908861233757
5-15B,8.0,152.0353,0.10028343949482182,0.6242194251094588
5-15B,8.0,152.0716,-0.552885682700735,0.5850839515912226
5-15B,8.0,153.0192,2.3204037825438295,0.23781620309319376
5-15B,8.0,154.062,-0.606773364320724,0.12335513442353528
5-15B,8.0,154.9751,1.183560836363804,0.06916095529304746
5-15B,8.0,155.0099,1.8557662749768564,0.08209705296904451
5-15B,8.0,157.0128,0.3576379000048688,0.15108053973624727
5-15B,8.0,157.0255,1.5017689377402998,0.18767153935476114
5-15B,8.0,157.0379,1.5946068533480255,0.2008776317263204
5-15B,8.0,157.0504,1.2411896979031867,0.1520252369312138
5-15B,8.0,159.0297,-0.8046934928650558,0.15719835985054198
5-15B,8.0,159.0775,1.174803510103642,0.3127428702530172
5-15B,8.0,160.0616,1.6255856375327284,0.7312605972558699
5-15B,8.0,161.0453,-0.9016009161844178,0.10209728681448124
5-15B,8.0,162.0424,1.410189865850714,0.11788391427736258
5-15B,8.0,163.0351,-0.07777139970079386,0.716545525469386
5-15B,8.0,163.0398,3.436186223076816,0.2692044772227572
5-15B,8.0,163.0611,0.7791145041476324,0.6132041622360217
5-15B,8.0,164.0716,-0.5311171158030165,0.07349673199071868
5-15B,8.0,165.03,-0.05036304152473381,0.589401045142266
5-15B,8.0,165.0405,-0.21490267410893737,0.5605730243268728
5-15B,8.0,165.0556,4.100195002121895,0.4314060554214078
5-15B,8.0,166.0508,0.16460321171277176,0.49380086889401376
5-15B,8.0,166.0632,1.3778437136932395,0.8325948963966975
5-15B,8.0,166.9759,-0.021759442088701064,0.4519986176296352
5-15B,8.0,167.0207,-0.23092431350072257,0.596329473726099
5-15B,8.0,167.0358,-0.6345722414966193,0.25633711579749435
5-15B,8.0,167.0828,0.08947147858524909,0.6838924182102913
5-15B,8.0,168.0277,-0.2956160915360307,0.05346377649376627
5-15B,8.0,168.0664,-0.48845633473324546,0.3783319469363334
5-15B,8.0,170.0455,0.0329387392915064,0.017872836046471774
5-15B,8.0,171.0065,-0.04449656418291588,0.10401456305272863
5-15B,8.0,171.0092,-0.24461998655716238,0.16955231131248538
5-15B,8.0,171.0284,1.106303075981582,0.2213687361131109
5-15B,8.0,172.0616,1.0980674217719613,0.17549481490362928
5-15B,8.0,172.962,0.02331608009065458,0.08634329592187197
5-15B,8.0,173.0089,1.0256283036785905,0.23879044559806312
5-15B,8.0,173.0453,1.7393119067058804,0.17969559210924824
5-15B,8.0,173.0932,-0.20611271154487038,0.06510286649743682
5-15B,8.0,173.1041,0.1085216030427652,1.2011686643321746
5-15B,8.0,174.0407,1.9241747226127188,0.041107806583687616
5-15B,8.0,174.088,0.9699505239240584,0.08187342264174201
5-15B,8.0,175.022,0.19977269758748922,0.204367795231493
5-15B,8.0,175.0361,2.1114543611926173,0.10424868910824091
5-15B,8.0,175.0611,1.2065376482103598,0.06213944102178939
5-15B,8.0,176.0776,1.3560108051132298,0.07486954179770847
5-15B,8.0,177.0402,0.356203956670874,0.5562466434470794
5-15B,8.0,177.0553,-0.12850470544761272,1.0487115119613335
5-15B,8.0,178.0509,0.14914660449161343,0.07351302721077455
5-15B,8.0,179.0348,2.071903798189073,0.19033880934275857
5-15B,8.0,179.0561,-0.16003808278459275,0.06100517356777245
5-15B,8.0,180.0663,-0.23501635491252182,0.05400598456315351
5-15B,8.0,181.0505,4.424380527402484,0.3042836617981107
5-15B,8.0,182.9725,-0.33828982030398197,0.10839606428745525
5-15B,8.0,183.0661,-0.9611034598896481,0.21177697785685323
5-15B,8.0,184.0017,-0.42286930914761545,0.0724801993641836
5-15B,8.0,184.9856,-0.6641847877315742,0.08601051617732855
5-15B,8.0,186.1136,-0.5979948679244507,0.3683047488227934
5-15B,8.0,187.0234,0.1204767543966081,0.48057976405139013
5-15B,8.0,188.035,3.3905814903218134,1.0929914558405331
5-15B,8.0,188.0565,2.670354737028787,0.06789308814728469
5-15B,8.0,189.0405,0.5120703885692417,0.1274628879765359
5-15B,8.0,191.0197,0.43484021102434545,0.4139394955192292
5-15B,8.0,191.0561,1.4358435137230274,0.10884524582508363
5-15B,8.0,192.0663,-1.1147927999189047,0.3489673658193779
5-15B,8.0,193.0349,-0.17902332069723592,0.1750788067181656
5-15B,8.0,194.0682,-0.5470394694592328,0.24557539410256737
5-15B,8.0,194.0822,-0.8737130984308467,0.20927746857862872
5-15B,8.0,195.0509,0.4608870062776343,0.11891609683072259
5-15B,8.0,195.0657,0.2581967630571992,0.5021044910532283
5-15B,8.0,196.0603,1.6544715805993953,0.22525938255615294
5-15B,8.0,198.0182,1.756834068584784,0.5813818978383573
5-15B,8.0,199.0019,0.3178677716692771,0.37644292606380636
5-15B,8.0,200.9937,-0.14793276222692747,0.10480039816210138
5-15B,8.0,201.0051,0.6028647839718553,0.87337435777463
5-15B,8.0,203.0348,-0.6512354295010294,0.16388467930190073
5-15B,8.0,203.0826,-0.08926994604012448,0.006325780744988313
5-15B,8.0,204.0498,-0.2098300385553183,0.2916282379137206
5-15B,8.0,205.0351,0.4137509953951432,0.07551738031441377
5-15B,8.0,206.0822,-0.17859323691006213,0.8658882132913847
5-15B,8.0,209.0292,0.012174996223924525,0.2939045439078425
5-15B,8.0,209.0814,-0.9718257846094761,0.48651768172984156
5-15B,8.0,211.0235,0.07965487952671582,0.08152571074244945
5-15B,8.0,211.9968,1.465905879532329,0.1068925194320994
5-15B,8.0,212.0331,1.3652941878359273,0.4479038275309657
5-15B,8.0,212.9807,-0.12872370964902996,0.17543960846937207
5-15B,8.0,213.014,0.27581685812563395,0.38347426900567205
5-15B,8.0,213.0384,-0.3191448486471157,0.05668298724197411
5-15B,8.0,213.1252,-0.3070078022585926,0.27441619012418045
5-15B,8.0,214.0488,-0.510178273746025,0.4648358095731606
5-15B,8.0,215.0331,0.06167003949913513,0.08138725802635235
5-15B,8.0,216.1351,1.3336881646321703,0.18491007220836816
5-15B,8.0,218.0335,-0.06598624347545747,0.08898813373068122
5-15B,8.0,218.1034,1.1655580077927612,0.07803500892377348
5-15B,8.0,220.0828,-0.22903584432022545,0.3778497047894791
5-15B,8.0,221.0443,-0.000705052366402309,0.08485384904978822
5-15B,8.0,221.0664,0.8236513888706735,0.36297958631153865
5-15B,8.0,225.0399,-0.3827083829318203,0.3496444314303006
5-15B,8.0,225.0861,-0.316142976262383,0.43134170343442463
5-15B,8.0,225.0901,-0.798162408865144,0.2090887945626179
5-15B,8.0,226.0135,0.7286110685694996,0.27595283461921327
5-15B,8.0,226.0697,1.458620274140189,0.6289445619947899
5-15B,8.0,228.0501,0.06337586998369384,0.3292056305044266
5-15B,8.0,229.0122,1.5218634202390844,0.3104450754639718
5-15B,8.0,237.0614,1.7662645291991346,0.35955376900841446
5-15B,8.0,238.0945,-0.5824389816161799,0.24640789175976632
5-15B,8.0,240.0515,0.5072623198091533,0.06312376898480607
5-15B,8.0,241.0844,-0.056934713565410175,0.12304451902848894
5-15B,8.0,242.0804,-0.5156455934292806,0.2545139566191041
5-15B,8.0,243.029,0.1334104350098575,0.4838334048322924
5-15B,8.0,243.0625,-0.048205495267594836,0.4184464804251452
5-15B,8.0,245.0444,0.6804198239109613,0.4506343514195307
5-15B,8.0,246.0198,0.11697712319265344,0.4022657414041867
5-15B,8.0,246.064,0.13518650319886302,0.5416587382874124
5-15B,8.0,251.0816,-0.6257274493514742,0.24356296665999852
5-15B,8.0,253.0119,3.4999168541248222,0.1741023491470589
5-15B,8.0,253.0499,1.4963830323631369,0.7765512591227577
5-15B,8.0,257.0072,0.8030122625520595,0.5870710853996276
5-15B,8.0,257.1028,-0.41280818167333266,0.3631332607054712
5-15B,8.0,259.005,0.3145874438561487,0.24713343098378718
5-15B,8.0,259.0227,-0.5388295410054672,0.19428633671701545
5-15B,8.0,261.0385,0.0033150583024056665,0.1286749156578333
5-15B,8.0,266.0703,1.3263398663638104,0.19282858615635315
5-15B,8.0,267.0724,0.20466526881778022,0.04785593450181866
5-15B,8.0,268.02,-0.015453068887516505,0.5028292022800066
5-15B,8.0,269.0398,-0.35680886725823924,0.20885748007361263
5-15B,8.0,271.0612,0.019038872411486933,0.3191281037387746
5-15B,8.0,271.0815,0.24019632631348561,0.4547761528533443
5-15B,8.0,273.0021,1.0674987930700865,0.20322929414016763
5-15B,8.0,274.0933,1.9504603425678666,0.27761278495942054
5-15B,8.0,275.0184,2.9395601927595303,0.9144622519023375
5-15B,8.0,275.0991,0.07974642031227291,0.26308469055330774
5-15B,8.0,277.1207,-0.6008440582394218,0.03636047272559053
5-15B,8.0,277.2169,-0.7124258078222064,0.49275633971349175
5-15B,8.0,279.2331,-0.398236823138118,0.022331579757820623
5-15B,8.0,282.0839,1.4226968952859353,0.5673873460822002
5-15B,8.0,283.2063,-0.7790833681587328,0.23575249368357726
5-15B,8.0,285.0972,-1.040489335131316,0.2941625608986909
5-15B,8.0,287.0157,0.31295461300853894,0.43798788758529095
5-15B,8.0,288.0725,3.951765028820204,0.14674221125628772
5-15B,8.0,289.0333,0.17672544268839607,0.6328169485401511
5-15B,8.0,289.1044,-0.12716789170122572,0.24414901062989425
5-15B,8.0,290.9677,3.6716098462856563,0.19639949861134587
5-15B,8.0,294.0479,-0.6528878275941472,0.5233184130718156
5-15B,8.0,300.0509,-0.28316318087076925,0.5513884493115543
5-15B,8.0,301.0333,0.06515197325337158,0.4685098305573419
5-15B,8.0,303.2326,-1.020760305710618,0.11030153975135158
5-15B,8.0,305.0207,-0.2368025927518751,0.1016759506711046
5-15B,8.0,306.0481,-0.1483883345068251,0.18340408262613908
5-15B,8.0,306.0765,-0.26653509734609737,0.03171321780217937
5-15B,8.0,308.0986,1.1974764647315794,0.08404308576452496
5-15B,8.0,313.0441,0.20906738592640758,0.1454002647283997
5-15B,8.0,313.1037,0.7670493506709516,0.31231777874335054
5-15B,8.0,317.026,0.5254447608840145,0.09302685010243879
5-15B,8.0,323.0256,-0.2842647947021097,0.5962917139232754
5-15B,8.0,325.1163,-0.7708672263209686,0.42495062160597546
5-15B,8.0,328.0457,0.48643796882808854,0.3285815437333908
5-15B,8.0,333.0589,1.0647633386370148,0.5916028758532084
5-15B,8.0,338.9884,-0.605528668381447,0.19127583629230696
5-15B,8.0,339.0928,1.4218329941131196,0.4139844220738058
5-15B,8.0,341.1089,0.07922142224147588,0.20000332435029156
5-15B,8.0,344.0393,-0.5216922481586497,0.17605315727967966
5-15B,8.0,346.0556,-0.6622845112764635,0.16352687171707808
5-15B,8.0,348.087,-0.10826574607544036,0.18493272067980365
5-15B,8.0,353.0489,0.026599103953427437,0.7265290971841555
5-15B,8.0,357.089,0.23369033771287107,0.39519582486370575
5-15B,8.0,375.131,4.973016373911663,0.5158832922739754
5-15B,8.0,377.1496,-0.026080129219924794,0.35467607769762083
5-15B,8.0,383.1188,0.09075776086829968,0.5193319742529453
5-15B,8.0,388.9416,3.0108315727423793,1.0938431791290308
5-15B,8.0,388.9442,3.5399600620948535,0.7458924422496213
5-15B,8.0,401.0756,-0.4163968025569194,0.025339436609628948
5-15B,8.0,407.2795,-0.9764848303255208,0.1046098519802199
5-15B,8.0,421.0743,-0.4616002448267241,0.4720495586343447
5-15B,8.0,426.0222,-0.4655212955640873,0.644010824422457
5-15B,8.0,442.9997,-0.3246631966471835,0.13787031449141277
5-15B,8.0,466.9657,-0.2623178010912923,0.08302153474499183
5-15B,8.0,490.9787,-0.2584681445901502,1.2138080648924376
5-15B,8.0,503.1614,-0.0195019923228337,0.4318284930194034
5-15B,8.0,547.0731,1.772254530409465,0.22360245367029272
5-15B,8.0,565.0471,0.768507364181694,0.3399943710782497
5-15B,8.0,578.8872,-0.2018359234782348,0.10371988549375026
5-15B,8.0,579.0269,-0.530489067916321,0.06266435694675605
5-15B,8.0,612.2549,0.015050488739516948,0.49570064030390815
5-15B,8.0,624.2949,0.19483624145865672,0.859159471709545
5-15B,8.0,659.307,-0.08314951846501531,0.1320675313331904
5-15B,8.0,664.0939,-0.5168805393880976,0.15799085102808333
5-15B,8.0,665.2144,-0.08754881931872582,0.45827485449782396
5-15B,8.0,668.1374,-0.47372225226014786,0.01790000873402246
5-15B,8.0,787.255,-0.08398098255314879,0.5398638724440672
5-15B,8.0,790.2568,-0.11004833360063657,0.23523560428079585
5-15B,8.0,835.0407,-0.4303369394106485,0.4280087703690306
5-15B,8.0,863.2971,-0.6073302218022458,0.08917856379681671
5-15B,8.0,864.1473,0.17004454068353853,0.27630610802848027
5-15B,8.0,974.2935,-0.7989171322090693,0.21953308342766656
5-15B,8.0,976.7162,-0.3067927580913151,0.1298699624635415
5-15B,9.0,57.0342,-0.943964353774591,0.28716342793216104
5-15B,9.0,58.0295,1.637210135303337,0.129375078604059
5-15B,9.0,59.0135,-0.6810479704416061,0.19832999736442133
5-15B,9.0,71.0137,-0.592943345732738,0.06186820773364011
5-15B,9.0,73.0293,1.2241696307743508,0.05161661676524465
5-15B,9.0,74.0247,1.9480484119285975,0.45768605864742473
5-15B,9.0,75.0087,1.346405317843071,0.49102259668177367
5-15B,9.0,87.0088,0.31931278134111774,0.05668438132718991
5-15B,9.0,87.0451,-1.0486736729656778,0.4769842316804874
5-15B,9.0,88.0403,0.6159385717985699,0.09179436444214534
5-15B,9.0,88.9883,-0.9071101809445493,0.055248474573418874
5-15B,9.0,89.0244,0.5903028828538257,0.16002817306228048
5-15B,9.0,93.0338,-0.0015034988522181492,0.04304416485748279
5-15B,9.0,94.9761,-0.863151891284642,0.36479561050420617
5-15B,9.0,94.9806,0.893722500377053,0.4411927560033086
5-15B,9.0,95.0139,-0.6691298588756143,0.039203202367438426
5-15B,9.0,101.0242,-0.6672670496957277,0.1253691214116983
5-15B,9.0,102.056,-0.3051448011803604,0.062218992922697794
5-15B,9.0,103.0402,0.3734140928770092,0.03571104615414327
5-15B,9.0,103.0509,0.35571703164344914,0.19233045817808825
5-15B,9.0,104.0352,-0.16540076412132443,0.2794503832565529
5-15B,9.0,105.0193,-0.7882770042342335,0.34169419658994504
5-15B,9.0,107.0503,-0.37286753738336825,0.6266412854035546
5-15B,9.0,109.0295,3.020919644480305,0.1853532566939557
5-15B,9.0,111.02,0.6269798771917289,0.03978721341406507
5-15B,9.0,112.0516,0.30239478967598965,0.40035912749230634
5-15B,9.0,113.0244,-0.753805377618441,0.023214492787609894
5-15B,9.0,113.0357,1.0414646856127452,0.08819742452576511
5-15B,9.0,114.056,4.927603841968431,0.16892945452882582
5-15B,9.0,115.0037,0.8786142871231412,0.10546530733894227
5-15B,9.0,115.0402,0.3361711897053381,0.22526734733537535
5-15B,9.0,115.0764,-0.28993506679805026,0.8426300599972428
5-15B,9.0,116.0354,2.776488851391931,0.49699827128476887
5-15B,9.0,116.0717,-0.09906045077295933,0.022111581271331057
5-15B,9.0,117.0194,1.111389461933849,0.045483106679961624
5-15B,9.0,118.0508,1.0026590823847892,0.3162004852678581
5-15B,9.0,118.9804,-0.6449784976571629,0.04810472959057791
5-15B,9.0,119.0503,0.4655934655559129,0.2073727192553506
5-15B,9.0,120.9273,-0.40668507418108824,0.056622891433891626
5-15B,9.0,121.0295,-0.3145582274164272,0.47646861162866055
5-15B,9.0,121.0409,-0.701155352158486,0.37081431765847306
5-15B,9.0,122.0248,-0.1944433681299915,0.12949274008066614
5-15B,9.0,124.0075,-0.65394189258732,0.4141714014635648
5-15B,9.0,124.0144,-0.4889106888681325,0.08123290364357533
5-15B,9.0,125.0439,-0.17188678959218096,0.10039635439910077
5-15B,9.0,127.0764,-0.13281677863839056,0.43328913909939415
5-15B,9.0,128.0354,1.883320590668352,0.038111291353963885
5-15B,9.0,129.0193,1.609846264940165,0.1230620610851416
5-15B,9.0,129.0556,-0.3928797291846418,0.49120049141081457
5-15B,9.0,130.0142,1.9696590319545506,0.29637996851472176
5-15B,9.0,130.0509,1.7536348664995376,0.0468518299971607
5-15B,9.0,130.0874,-0.13795213906225476,0.024616687197661337
5-15B,9.0,131.0008,0.014222069573428905,0.1984805797967416
5-15B,9.0,131.0123,0.503489271620665,0.09884501702720339
5-15B,9.0,131.035,-0.8694618920649607,0.07216448166611104
5-15B,9.0,131.0462,-0.9109237297172639,0.05347681593730531
5-15B,9.0,131.0828,-0.5226275270464704,0.07204316411806534
5-15B,9.0,132.0302,2.0459605898023185,0.12958545380438957
5-15B,9.0,133.0142,-0.009725799928292285,0.09194476062054864
5-15B,9.0,133.0257,0.19134786393276776,0.10511685037840482
5-15B,9.0,133.0505,1.5063722271045976,0.02978986817134145
5-15B,9.0,134.0472,-0.061339188395464,0.1365048792874315
5-15B,9.0,134.0604,1.713582394779659,0.6219433080824655
5-15B,9.0,135.0302,0.4036503547630176,0.16149517967185398
5-15B,9.0,135.0453,0.786719752429087,0.2298218323139138
5-15B,9.0,136.0404,6.216337628835413,0.35706960483987427
5-15B,9.0,136.0487,1.3927971703825341,0.3884095742150562
5-15B,9.0,136.0767,-0.10770195121623605,0.2726755782785461
5-15B,9.0,137.0239,0.21034423082195974,0.20030941145691614
5-15B,9.0,138.9789,-0.8579682375146325,0.29282172346276647
5-15B,9.0,139.0014,1.8227565985646748,0.07110850634789007
5-15B,9.0,139.0067,-0.5529949910144283,0.03919503826262729
5-15B,9.0,139.976,-0.1169965593230126,0.42281462744344367
5-15B,9.0,143.0713,-0.6911188448501395,0.5030534175243706
5-15B,9.0,143.1077,-0.4290924408843477,0.32324695667783643
5-15B,9.0,145.0141,-0.3124967100551708,0.13065055031917694
5-15B,9.0,145.0506,-0.5592761213939634,0.10959521986963308
5-15B,9.0,145.0623,-0.7221744801887672,0.26892380333864324
5-15B,9.0,145.0982,-0.7880898572310401,0.13502488934725806
5-15B,9.0,145.1106,-0.38625402439124334,0.921360002763411
5-15B,9.0,146.0459,-0.18343122868418732,0.007060872497488707
5-15B,9.0,147.0298,0.49111241115975557,0.05667893714760458
5-15B,9.0,147.0662,1.8663406556680684,0.05521827701763525
5-15B,9.0,149.0092,-0.31257431240078426,0.21422554246482667
5-15B,9.0,149.0456,0.6123897243450789,0.19369463852710966
5-15B,9.0,149.0608,0.3208690382356721,0.43157317138777307
5-15B,9.0,150.0422,0.01946651345875733,0.6230122098026186
5-15B,9.0,150.9707,0.8357447719530324,0.27809930314064546
5-15B,9.0,151.0259,-0.6778715143690126,0.020800142591166342
5-15B,9.0,151.04,-0.8053600549050416,0.5458922015369168
5-15B,9.0,151.06,0.18091770300313162,0.8230714454175216
5-15B,9.0,152.0353,-0.2463697693685663,0.20284218700793674
5-15B,9.0,152.0716,-1.0407214344647897,0.15681101637896117
5-15B,9.0,153.0192,3.0630650131977912,0.1389790415747206
5-15B,9.0,154.062,-0.5591342153732133,0.03364758788099514
5-15B,9.0,154.9751,1.1573046283274504,0.1069884391576354
5-15B,9.0,155.0099,0.5448851186373811,0.03677893295148414
5-15B,9.0,157.0128,0.612308744648399,0.08432960675472272
5-15B,9.0,157.0255,1.0147766924455874,0.035584179439259365
5-15B,9.0,157.0379,1.026165409873201,0.06520623451245919
5-15B,9.0,157.0504,2.1591448207423265,0.07576409234536875
5-15B,9.0,159.0297,-0.7114141089157958,0.10929991803357542
5-15B,9.0,159.0775,0.9949481286766477,0.1369360234292787
5-15B,9.0,160.0616,1.0335087459720542,0.35103471897036626
5-15B,9.0,161.0453,-1.0472382006669927,0.10364053690062279
5-15B,9.0,162.0424,1.271042868493954,0.08137877305147526
5-15B,9.0,163.0351,0.32991473649852393,0.1351346513974134
5-15B,9.0,163.0398,3.0920970767365885,0.1844981104223425
5-15B,9.0,163.0611,1.2523521478065711,0.8081221584594468
5-15B,9.0,164.0716,-0.5592812724576923,0.04972776394478835
5-15B,9.0,165.03,-0.24886091243613523,0.5710628794038679
5-15B,9.0,165.0405,-0.306891543051155,0.49249694873599115
5-15B,9.0,165.0556,4.000955345001574,0.3586666139756421
5-15B,9.0,166.0508,0.34588652646254914,0.38179539007246954
5-15B,9.0,166.0632,1.9348596793759216,0.48308222931319006
5-15B,9.0,166.9759,0.17824535711341966,0.5153217393039782
5-15B,9.0,167.0207,-0.6023694094556288,0.2598643541819422
5-15B,9.0,167.0358,-0.5097159110330487,0.47262302308776727
5-15B,9.0,167.0828,-0.8806878734638981,0.9610532992076396
5-15B,9.0,168.0277,-0.4855403980947494,0.03365893127400027
5-15B,9.0,168.0664,-0.38239728928149636,0.3881491771940173
5-15B,9.0,170.0455,0.6135613327208278,0.040578991847493584
5-15B,9.0,171.0065,0.043602313417515845,0.22047394492577616
5-15B,9.0,171.0092,-0.03367983752369325,0.21630625610268026
5-15B,9.0,171.0284,1.5562457856962726,0.1491265131027829
5-15B,9.0,172.0616,0.8957728546347985,0.15655437091670343
5-15B,9.0,172.962,0.23714684756016216,0.02797313212506832
5-15B,9.0,173.0089,0.84390634096065,0.08961127909573573
5-15B,9.0,173.0453,1.9099139129639973,0.090800730642695
5-15B,9.0,173.0932,-0.19376705484259155,0.10054844771921934
5-15B,9.0,173.1041,-0.9207795124549439,1.0073587585069064
5-15B,9.0,174.0407,1.8335724420758568,0.07106164548848179
5-15B,9.0,174.088,0.8448314831091781,0.1006470798657168
5-15B,9.0,175.022,0.201711220021001,0.1646707494031565
5-15B,9.0,175.0361,1.9748077422788934,0.1409194037306428
5-15B,9.0,175.0611,1.9112437374390416,0.05418871218107205
5-15B,9.0,176.0776,1.7181935245653825,0.3505941742071638
5-15B,9.0,177.0402,0.00994450808477676,0.43325125628770444
5-15B,9.0,177.0553,0.2679654103867447,0.5629728665182888
5-15B,9.0,178.0509,0.391061512382558,0.07625971446789573
5-15B,9.0,179.0348,1.3796152453154948,0.06023581948904586
5-15B,9.0,179.0561,-0.621813913293597,0.06663216177815974
5-15B,9.0,180.0663,-0.666821817445584,0.08901999092827807
5-15B,9.0,181.0505,4.44337227941047,0.5435553432344246
5-15B,9.0,182.9725,-0.6681227859589411,0.2412738314642693
5-15B,9.0,183.0661,-0.9957392905976497,0.5228299089865949
5-15B,9.0,184.0017,-0.5385769897855543,0.04364925952077755
5-15B,9.0,184.9856,-0.4442511214550275,0.13279423155403736
5-15B,9.0,186.1136,0.08050523742153322,0.626424555280606
5-15B,9.0,187.0234,0.4506122404316302,0.202012204660968
5-15B,9.0,188.035,2.703410931622411,0.8752818690915967
5-15B,9.0,188.0565,2.513227960082747,0.1877276283842756
5-15B,9.0,189.0405,0.4029084887703226,0.1754541270580958
5-15B,9.0,191.0197,-0.02979131140216522,0.23916928183335381
5-15B,9.0,191.0561,1.8092546565491325,0.21810892087315945
5-15B,9.0,192.0663,-0.18850505057818134,0.8976742647081764
5-15B,9.0,193.0349,-0.30223694754872676,0.2981322194275053
5-15B,9.0,194.0682,-0.5488577619791182,0.23430647040307354
5-15B,9.0,194.0822,-0.43746728940779667,0.7977869828037285
5-15B,9.0,195.0509,-0.15402347774412845,0.0748473112462453
5-15B,9.0,195.0657,1.1204030165156489,0.35457527587520865
5-15B,9.0,196.0603,2.280415854045553,0.34075780587954585
5-15B,9.0,198.0182,1.238795989503597,0.7814914722638945
5-15B,9.0,199.0019,0.2771339060370922,0.42488074889980976
5-15B,9.0,200.9937,-0.6664913700201109,0.12637503030958022
5-15B,9.0,201.0051,0.04640543161079351,0.7262293271539871
5-15B,9.0,203.0348,-0.9187299335058579,0.18624114877508025
5-15B,9.0,203.0826,-0.08454805348003844,0.003001453383159505
5-15B,9.0,204.0498,-0.6626256976710958,0.18147455627437967
5-15B,9.0,205.0351,0.46253199875439366,0.2806286809847964
5-15B,9.0,206.0822,-0.4779032997596816,0.3220222805135339
5-15B,9.0,209.0292,0.34612564965138454,0.3616200174364851
5-15B,9.0,209.0814,-0.7204027835166208,0.397106867200374
5-15B,9.0,211.0235,-0.3788156228089422,0.8007273775039526
5-15B,9.0,211.9968,1.3253661513638144,0.27122521452183496
5-15B,9.0,212.0331,2.3193790624016284,0.7339299589421368
5-15B,9.0,212.9807,0.05131802572483181,0.18479870784686545
5-15B,9.0,213.014,1.6723786542623356,0.2386231282450541
5-15B,9.0,213.0384,0.06119146565788404,0.05812582745110513
5-15B,9.0,213.1252,-1.0609297286592483,0.7174919805327776
5-15B,9.0,214.0488,-0.5363947255788543,0.7328089275683016
5-15B,9.0,215.0331,-0.5015325293053727,0.075864565067129
5-15B,9.0,216.1351,0.47558727320111693,0.26945182672405116
5-15B,9.0,218.0335,-0.640571342903091,0.04551267041910699
5-15B,9.0,218.1034,1.1123723007644923,0.0891535003435145
5-15B,9.0,220.0828,-0.10488957326951928,0.7900903934623004
5-15B,9.0,221.0443,-0.6641617191591281,0.07966672386325775
5-15B,9.0,221.0664,-0.1817298624768875,0.47552492973466015
5-15B,9.0,225.0399,-0.2932481300446289,0.2746222804965116
5-15B,9.0,225.0861,0.1641385380639616,0.6365039754531601
5-15B,9.0,225.0901,-0.4066311498099927,0.6901160751346338
5-15B,9.0,226.0135,1.2864798343505703,0.23872225178271553
5-15B,9.0,226.0697,6.644260293337506,0.6714699898903495
5-15B,9.0,228.0501,-0.09415954640299726,0.1839782777988098
5-15B,9.0,229.0122,1.3361112156754562,0.43636214975933063
5-15B,9.0,237.0614,1.4072779771365989,0.3026466814333077
5-15B,9.0,238.0945,-0.6203555314381813,0.1593106287533925
5-15B,9.0,240.0515,0.7864366339938655,0.08891194712598775
5-15B,9.0,241.0844,-0.9426329728080174,0.35048709973164827
5-15B,9.0,242.0804,-1.0660145124388267,0.3004795933126616
5-15B,9.0,243.029,0.2264968009036925,0.0925088553740822
5-15B,9.0,243.0625,0.602048868929814,0.6111296990034536
5-15B,9.0,245.0444,1.1860613668270326,0.3918537850265623
5-15B,9.0,246.0198,0.4316713126627797,0.17771926568052265
5-15B,9.0,246.064,-0.3263559845546839,0.18792301137691383
5-15B,9.0,251.0816,-0.6753872869425366,0.24855314233013756
5-15B,9.0,253.0119,3.2453539366866213,0.10113539389588405
5-15B,9.0,253.0499,0.7356278480713621,0.5103342361588594
5-15B,9.0,257.0072,1.3639004538542165,0.5419625299313484
5-15B,9.0,257.1028,-0.4275632857491236,0.4659721109714106
5-15B,9.0,259.005,0.06132709508230577,0.3687598363451077
5-15B,9.0,259.0227,-0.8943493468277874,0.12805264974315614
5-15B,9.0,261.0385,0.15448287221187265,0.13259144179402704
5-15B,9.0,266.0703,1.3659366796018704,0.26449181617241496
5-15B,9.0,267.0724,1.0519781917890034,0.180613312740284
5-15B,9.0,268.02,0.3786835931458332,0.30789380019160195
5-15B,9.0,269.0398,1.1878907367217724,0.3525705336162065
5-15B,9.0,271.0612,0.14968296589715652,0.7066453939744992
5-15B,9.0,271.0815,0.2185807186425759,0.2155447715290501
5-15B,9.0,273.0021,1.105637074227554,0.1777794591133329
5-15B,9.0,274.0933,1.548840091735601,0.4758960494971341
5-15B,9.0,275.0184,2.1260747250016294,0.22928157235072452
5-15B,9.0,275.0991,-0.10205621357245284,0.1705721706587602
5-15B,9.0,277.1207,-0.8970188217539113,0.03249813554169325
5-15B,9.0,277.2169,-0.5721703942432934,0.4417232500631046
5-15B,9.0,279.2331,-0.36396990533705176,0.019100408377556003
5-15B,9.0,282.0839,-0.1613871923596727,0.6032589392744326
5-15B,9.0,283.2063,-0.7766188352359413,0.16374873235504533
5-15B,9.0,285.0972,-1.4974930434610312,1.130859325062989
5-15B,9.0,287.0157,0.10416336517451025,0.11390554381077252
5-15B,9.0,288.0725,3.6562666448019114,0.4417447819154825
5-15B,9.0,289.0333,0.02233872334123438,0.5933535403384733
5-15B,9.0,289.1044,-0.04710493298234484,0.17846807347048627
5-15B,9.0,290.9677,3.2086768540560033,0.30837543884857765
5-15B,9.0,294.0479,-0.7128585742663925,0.5432508968951244
5-15B,9.0,300.0509,0.02532454953571618,0.5802386432011384
5-15B,9.0,301.0333,-0.49947938529454383,0.2266715661092766
5-15B,9.0,303.2326,-0.7129009915935163,0.36148092994305747
5-15B,9.0,305.0207,-0.5160703840022964,0.11885584191076735
5-15B,9.0,306.0481,-0.018675065843943333,0.3263560310940879
5-15B,9.0,306.0765,-0.27908805409803306,0.0321667730773611
5-15B,9.0,308.0986,0.5339172101793346,0.05083343374971086
5-15B,9.0,313.0441,0.22701269403156632,0.3030979007375756
5-15B,9.0,313.1037,1.0044390847704894,0.33387576087216575
5-15B,9.0,317.026,-0.046375552973124776,0.6953265147981305
5-15B,9.0,323.0256,-0.7588169423596978,0.6860929304398689
5-15B,9.0,325.1163,-0.9058472178812914,0.1652491210466706
5-15B,9.0,328.0457,0.5805035977786882,0.13313557583296576
5-15B,9.0,333.0589,0.8222330777479465,0.13742503821965832
5-15B,9.0,338.9884,0.22131331321672995,0.9118127331730033
5-15B,9.0,339.0928,0.19513252951968424,0.5791594005719853
5-15B,9.0,341.1089,-0.512782593605199,0.12175454828878576
5-15B,9.0,344.0393,-0.4107225697785819,0.05976280497758861
5-15B,9.0,346.0556,-0.5810969552376015,0.07845109852851398
5-15B,9.0,348.087,0.36834937970100284,0.31001219288746634
5-15B,9.0,353.0489,0.04305542182440628,0.606108219545616
5-15B,9.0,357.089,-0.08234149474853485,0.36915809524208243
5-15B,9.0,375.131,4.339488241106949,1.0237390505684656
5-15B,9.0,377.1496,-0.7756666399450749,0.3970965784900704
5-15B,9.0,383.1188,-0.7792572495878394,0.49167183972224976
5-15B,9.0,388.9416,2.8473913200368903,0.8565831146674168
5-15B,9.0,388.9442,3.49742081824,0.4437340171954822
5-15B,9.0,401.0756,-0.8878611960887894,0.024097489772724596
5-15B,9.0,407.2795,-0.968286878231077,0.2684872073444246
5-15B,9.0,421.0743,-0.4597111837238832,0.4855006477356909
5-15B,9.0,426.0222,-0.6269634409738973,0.284670459585998
5-15B,9.0,442.9997,-0.14680854037112895,0.11648872127200981
5-15B,9.0,466.9657,-0.4402623390349384,0.12369574587858251
5-15B,9.0,490.9787,0.3028794937531323,0.4773009465962719
5-15B,9.0,503.1614,-0.5257304459124656,0.28167042598415004
5-15B,9.0,547.0731,1.5670824730053914,0.20675913195301732
5-15B,9.0,565.0471,0.09537088154899628,0.4432442477995777
5-15B,9.0,578.8872,-0.7613517188375802,0.044610626929869494
5-15B,9.0,579.0269,-0.8696115253899248,0.045736606297869936
5-15B,9.0,612.2549,-0.33489529712259414,0.32655413667649863
5-15B,9.0,624.2949,-0.18273973256243517,0.3275885812365068
5-15B,9.0,659.307,-0.2725151681873645,0.1760367441222334
5-15B,9.0,664.0939,-0.2858488094668019,0.1618884999092596
5-15B,9.0,665.2144,0.16411188624586232,0.67402513827666
5-15B,9.0,668.1374,-0.3484376448208446,0.013386134882517026
5-15B,9.0,787.255,-0.3841207391079453,0.3797311063788076
5-15B,9.0,790.2568,-0.19207072268219527,0.3017886981362117
5-15B,9.0,835.0407,-0.06744748939300965,0.5205454177439546
5-15B,9.0,863.2971,-0.23961034614396265,0.10664321489707723
5-15B,9.0,864.1473,0.08134175196123425,0.47669461264824897
5-15B,9.0,974.2935,-0.25626102213747454,0.2651669773697317
5-15B,9.0,976.7162,-0.713855959611591,0.1176601834844545
5-15B,10.0,57.0342,-1.7870275593215026,0.031650644171214756
5-15B,10.0,58.0295,1.0159063128954444,0.11215978019618063
5-15B,10.0,59.0135,-1.2429358661550431,0.13369713394529956
5-15B,10.0,71.0137,-1.2592261618321565,0.023847941911543147
5-15B,10.0,73.0293,1.4348564539026771,0.03596743282200158
5-15B,10.0,74.0247,2.4844773610407973,1.0263898195560923
5-15B,10.0,75.0087,0.3448153513435698,0.4620065383711035
5-15B,10.0,87.0088,0.43974771070185537,0.06718774971406462
5-15B,10.0,87.0451,-1.095167355224613,0.33203681695064113
5-15B,10.0,88.0403,1.6760789340647295,0.13130024488292757
5-15B,10.0,88.9883,-0.07673646104097888,0.4382592439825148
5-15B,10.0,89.0244,-1.1371376006280407,0.07040678832128822
5-15B,10.0,93.0338,0.06671738634545059,0.007920168714556813
5-15B,10.0,94.9761,-1.2543155306749447,0.15882642629987243
5-15B,10.0,94.9806,0.9703599773722746,0.15179954176029403
5-15B,10.0,95.0139,-1.412334273774231,0.05801223283061259
5-15B,10.0,101.0242,-1.5075517343112983,0.12116105102066374
5-15B,10.0,102.056,0.2441723723751701,0.04058392592216568
5-15B,10.0,103.0402,0.5193410962550893,0.08215772497383798
5-15B,10.0,103.0509,0.4315266666717358,0.0848171879497015
5-15B,10.0,104.0352,0.01141845153232527,0.16633002804692076
5-15B,10.0,105.0193,-0.10495244433294698,0.3566307302981007
5-15B,10.0,107.0503,-0.20750488650384105,0.2540681709913409
5-15B,10.0,109.0295,4.497345683079535,0.15187321654144362
5-15B,10.0,111.02,0.4835027553857143,0.030992710326895122
5-15B,10.0,112.0516,0.08465456567154186,0.2977303434955703
5-15B,10.0,113.0244,-1.4002994289017696,0.021901507140242825
5-15B,10.0,113.0357,0.5073789240630842,0.0557127104574258
5-15B,10.0,114.056,9.945048099282179,0.17366598930649038
5-15B,10.0,115.0037,1.838195956400873,0.08970046066334594
5-15B,10.0,115.0402,0.07725559000647866,0.42768370203719774
5-15B,10.0,115.0764,0.7760974390596609,0.1416184809965928
5-15B,10.0,116.0354,4.027902731221636,0.4155959849911248
5-15B,10.0,116.0717,0.7681677738800339,0.03654274747226243
5-15B,10.0,117.0194,1.3509438349601504,0.03664962178891047
5-15B,10.0,118.0508,1.6565445675833472,0.3889795835521643
5-15B,10.0,118.9804,-1.3890464737162154,0.03610612631222289
5-15B,10.0,119.0503,-0.12027980469585348,0.2166161208288816
5-15B,10.0,120.9273,-0.20026180300724308,0.04413630376572869
5-15B,10.0,121.0295,-0.4089044215534473,0.362749435842794
5-15B,10.0,121.0409,-1.0229779137671318,0.7614762247852505
5-15B,10.0,122.0248,-0.6834215632433964,0.07245617352761285
5-15B,10.0,124.0075,-0.6379710462674776,0.13960724701362984
5-15B,10.0,124.0144,-1.124290091232041,0.20804242881010102
5-15B,10.0,125.0439,-0.780418230318794,0.12676509494538352
5-15B,10.0,127.0764,-0.9858104760731353,0.24250590084934123
5-15B,10.0,128.0354,3.4711980039296,0.13289076170222547
5-15B,10.0,129.0193,3.134211310283889,0.13893055384960595
5-15B,10.0,129.0556,-0.027935175607259215,0.16381970537637722
5-15B,10.0,130.0142,3.5709701277948405,0.4642856015812734
5-15B,10.0,130.0509,1.6416972110763788,0.0858213356404927
5-15B,10.0,130.0874,1.8168294206416569,0.15517746090460266
5-15B,10.0,131.0008,-0.45077535173705735,0.24234960396791225
5-15B,10.0,131.0123,0.026838964904310345,0.07273639436934615
5-15B,10.0,131.035,-1.503117361336771,0.11034298246565585
5-15B,10.0,131.0462,-1.3326196492399718,0.3196659667783071
5-15B,10.0,131.0828,-0.6778051410078532,0.10353424637992414
5-15B,10.0,132.0302,1.6498364826099154,0.03750674262164294
5-15B,10.0,133.0142,0.8440778493138688,0.07817852168835228
5-15B,10.0,133.0257,1.0798366943416418,0.21479451410189834
5-15B,10.0,133.0505,1.4746250539699166,0.1518500393473475
5-15B,10.0,134.0472,1.0022661517835134,0.2858390386953462
5-15B,10.0,134.0604,2.158186318904021,0.28883461280148337
5-15B,10.0,135.0302,3.4055878954219603,0.22555854145714924
5-15B,10.0,135.0453,1.1984638964934975,0.1486157505024348
5-15B,10.0,136.0404,6.482304475681895,0.5526170032643934
5-15B,10.0,136.0487,2.1723167279795446,0.510126295456847
5-15B,10.0,136.0767,-0.33770974192365844,0.2332560499905509
5-15B,10.0,137.0239,0.08582281040494771,0.18838289731951513
5-15B,10.0,138.9789,-0.5662927579910884,0.3346832182204575
5-15B,10.0,139.0014,1.7091972713728616,0.09478591462658631
5-15B,10.0,139.0067,-0.5964876479243529,0.027000339025111425
5-15B,10.0,139.976,0.49074538208422214,0.4249403255751638
5-15B,10.0,143.0713,-1.0025274428357747,0.20702571200796227
5-15B,10.0,143.1077,-0.198001348126792,0.29524714965326465
5-15B,10.0,145.0141,0.00464457393387871,0.03776819964729831
5-15B,10.0,145.0506,0.19958334609363404,0.12328049094354579
5-15B,10.0,145.0623,0.12483476814701619,0.27690249968098846
5-15B,10.0,145.0982,-0.9187002284287,0.11266353592196161
5-15B,10.0,145.1106,-0.28332835164684234,0.23259751387354616
5-15B,10.0,146.0459,0.33077856892589375,0.019807025475068872
5-15B,10.0,147.0298,0.9421800642822693,0.0396346678761493
5-15B,10.0,147.0662,0.8460691421751889,0.06592577023807109
5-15B,10.0,149.0092,-1.168938501584817,0.4849522751376626
5-15B,10.0,149.0456,-0.05033011927935287,0.21541388027764088
5-15B,10.0,149.0608,-0.13996598359633672,0.1669827604846588
5-15B,10.0,150.0422,1.065490909626547,0.7005591808384759
5-15B,10.0,150.9707,1.0868665829119633,1.1585582877591134
5-15B,10.0,151.0259,0.7556967053886936,0.11486756953255242
5-15B,10.0,151.04,-0.3507389883616811,0.4063809305283218
5-15B,10.0,151.06,0.3438788187556534,0.4325637389521126
5-15B,10.0,152.0353,0.5115796054911173,0.3794394546562862
5-15B,10.0,152.0716,-1.207466807701611,0.24129720605403418
5-15B,10.0,153.0192,3.9482827823950153,0.2297625956591802
5-15B,10.0,154.062,-0.34394230625757416,0.025010966473333868
5-15B,10.0,154.9751,1.1467215821314864,0.06122184790785065
5-15B,10.0,155.0099,0.32784500223470536,0.049019253494133094
5-15B,10.0,157.0128,0.14194312212969937,0.07322068903686442
5-15B,10.0,157.0255,0.8453654371594427,0.08233007171210499
5-15B,10.0,157.0379,0.8613691668523953,0.1520694610535218
5-15B,10.0,157.0504,2.0905560099774876,0.10061753496282741
5-15B,10.0,159.0297,-1.3490032016980922,0.1649706697372015
5-15B,10.0,159.0775,1.6626628768419707,0.05444505879634095
5-15B,10.0,160.0616,1.5664717798967183,0.6562808314863544
5-15B,10.0,161.0453,-1.9540903910037888,0.0703222615971263
5-15B,10.0,162.0424,1.8205869020382028,0.2527367112379051
5-15B,10.0,163.0351,-0.7498265118535926,0.15014562966575748
5-15B,10.0,163.0398,0.5814875374300552,0.05247955634956132
5-15B,10.0,163.0611,0.06796220721437482,1.0043569474247986
5-15B,10.0,164.0716,4.277502589104798,0.08503264703532146
5-15B,10.0,165.03,-0.7874518021757377,0.10992786357920284
5-15B,10.0,165.0405,-1.2623194306708387,0.32114801147848365
5-15B,10.0,165.0556,4.272210407797118,0.4134101855023672
5-15B,10.0,166.0508,0.6142501660414339,0.21655789656861177
5-15B,10.0,166.0632,3.542590861430852,1.3924486307345434
5-15B,10.0,166.9759,1.0380306939187716,0.535187885922073
5-15B,10.0,167.0207,-0.8989431534823344,0.2477733310944728
5-15B,10.0,167.0358,-0.7407041063195141,0.25336238612398837
5-15B,10.0,167.0828,-0.5663043863299317,0.5724957266975699
5-15B,10.0,168.0277,0.10370127513987408,0.06341362023962155
5-15B,10.0,168.0664,-1.0950870533043962,0.271592084829276
5-15B,10.0,170.0455,2.072853259498443,0.036237285507199214
5-15B,10.0,171.0065,0.6166491411120671,0.18830630594735756
5-15B,10.0,171.0092,0.5375755195681086,0.14812158757132013
5-15B,10.0,171.0284,1.0789688553794985,0.053417277108383183
5-15B,10.0,172.0616,1.0607969637158066,0.31927078850897306
5-15B,10.0,172.962,1.741473839312857,0.13670797163216886
5-15B,10.0,173.0089,2.725418783757303,0.546968253510337
5-15B,10.0,173.0453,2.033536956929963,0.23236017687219285
5-15B,10.0,173.0932,0.48941170585421423,0.07378777298747889
5-15B,10.0,173.1041,-0.5930500372804733,0.10371671290442222
5-15B,10.0,174.0407,1.2175411130844807,0.059772206329703294
5-15B,10.0,174.088,0.662749979771555,0.13799953754943559
5-15B,10.0,175.022,1.6218942939498806,0.20919825325191793
5-15B,10.0,175.0361,1.8264687262027102,0.07599553708342933
5-15B,10.0,175.0611,1.485096789676302,0.04978977431298564
5-15B,10.0,176.0776,1.5205982082100882,0.400210152485164
5-15B,10.0,177.0402,-0.3247275180092661,0.42938721264378643
5-15B,10.0,177.0553,-0.5927103112912884,0.8222714284923925
5-15B,10.0,178.0509,0.8575280979032973,0.06726208808691372
5-15B,10.0,179.0348,0.1779411390843618,0.15606342605744614
5-15B,10.0,179.0561,-1.4289100037736642,0.017127641564249497
5-15B,10.0,180.0663,-1.217526729934996,0.029647417640813318
5-15B,10.0,181.0505,3.806751421226399,0.18524144365254847
5-15B,10.0,182.9725,-1.3050293536010238,0.08318776740902598
5-15B,10.0,183.0661,-1.0268044171089497,0.7019096277982744
5-15B,10.0,184.0017,0.005498083837007825,0.16985042501919978
5-15B,10.0,184.9856,0.1577630300264574,0.2112850291680035
5-15B,10.0,186.1136,0.01761848617791128,0.2997992920582633
5-15B,10.0,187.0234,0.8293463513144474,0.6245414941572395
5-15B,10.0,188.035,3.5018685462118104,0.8622747461286107
5-15B,10.0,188.0565,2.0545142549701456,0.051988839338221134
5-15B,10.0,189.0405,0.3293414250219887,0.24801550922716795
5-15B,10.0,191.0197,1.2590215025862612,0.24977557975615503
5-15B,10.0,191.0561,1.0833078708170807,0.14848149304478434
5-15B,10.0,192.0663,-0.31516163257758695,0.47923824167608486
5-15B,10.0,193.0349,0.28253883703215826,0.3536407028889184
5-15B,10.0,194.0682,-0.382029423279626,0.2095807267178347
5-15B,10.0,194.0822,-1.0999711229241536,0.6443271463134442
5-15B,10.0,195.0509,-1.0138393827257457,0.05076959051369391
5-15B,10.0,195.0657,-0.06744119346190981,0.367000738999268
5-15B,10.0,196.0603,4.610452194001713,0.29873423413790673
5-15B,10.0,198.0182,4.654477958079555,0.28975255352760393
5-15B,10.0,199.0019,-0.5335947155504253,0.4309758699392313
5-15B,10.0,200.9937,-0.7490301103608944,0.08997951988675322
5-15B,10.0,201.0051,0.1079053718540078,0.32440091325149717
5-15B,10.0,203.0348,-1.1080636114766074,0.14734805913862306
5-15B,10.0,203.0826,0.23071747597899678,0.006973546498665779
5-15B,10.0,204.0498,-1.268773848883632,0.2264746526211604
5-15B,10.0,205.0351,0.4266402849006362,0.298706060846189
5-15B,10.0,206.0822,0.18286864226898653,0.5148864204928826
5-15B,10.0,209.0292,-0.35681986157555284,0.4538856287141135
5-15B,10.0,209.0814,-0.8177533474235081,0.44783600385232025
5-15B,10.0,211.0235,-0.029937756209052105,0.33579371984754197
5-15B,10.0,211.9968,1.0875757241432757,0.1456964807151641
5-15B,10.0,212.0331,6.350956797008972,0.6469898129672053
5-15B,10.0,212.9807,1.0963428810470295,0.2399469919928832
5-15B,10.0,213.014,0.5059425976311815,0.10558639632724459
5-15B,10.0,213.0384,0.004053113354744632,0.2668254187547377
5-15B,10.0,213.1252,-1.3900439266609579,0.5410866637795119
5-15B,10.0,214.0488,-0.8072980611847577,0.35414247948386124
5-15B,10.0,215.0331,-1.542766358256375,0.013018030078223141
5-15B,10.0,216.1351,-0.05050074995661308,0.4035241651466012
5-15B,10.0,218.0335,-1.4891078692393278,0.017140940689792706
5-15B,10.0,218.1034,-0.1428769428702634,0.08544847373882074
5-15B,10.0,220.0828,-0.82092513660238,0.6321931812248507
5-15B,10.0,221.0443,-1.2058952774065093,0.08132941521538731
5-15B,10.0,221.0664,-0.5982841943681584,0.36957766234744066
5-15B,10.0,225.0399,-1.0963875645468022,0.8379238853237176
5-15B,10.0,225.0861,1.951200402881123,0.37988926319585836
5-15B,10.0,225.0901,0.8171351084265992,0.46855755630021073
5-15B,10.0,226.0135,3.479740586118761,0.18594219568341633
5-15B,10.0,226.0697,7.8636760998287105,0.25969471592326754
5-15B,10.0,228.0501,0.3804158954619097,0.3574527252739681
5-15B,10.0,229.0122,1.1353841335569559,0.19658991431764344
5-15B,10.0,237.0614,1.705808895518457,0.21584815497294957
5-15B,10.0,238.0945,-0.8291144666650629,0.19258600666812914
5-15B,10.0,240.0515,1.2832673454704224,0.04293079142407689
5-15B,10.0,241.0844,-0.4520694588504117,0.48947307739065243
5-15B,10.0,242.0804,-1.4283206894724032,0.10256125524119904
5-15B,10.0,243.029,-0.7529901832361858,0.2623332016407414
5-15B,10.0,243.0625,0.20336166188127774,0.4334784395671199
5-15B,10.0,245.0444,1.2960836960348292,0.551026915498282
5-15B,10.0,246.0198,-0.10939863620328341,0.29582512802285843
5-15B,10.0,246.064,-1.1569840112718746,0.1144956301247821
5-15B,10.0,251.0816,-0.5088807726666215,1.2394645823979622
5-15B,10.0,253.0119,3.41944974582863,0.03336718524438045
5-15B,10.0,253.0499,0.3700701621129767,0.4356091867489197
5-15B,10.0,257.0072,3.4050777904209673,0.2736913123306112
5-15B,10.0,257.1028,-0.9976841126776013,0.4134155247016049
5-15B,10.0,259.005,-0.04799957721447734,0.2641046354556048
5-15B,10.0,259.0227,-1.3979902480590516,0.04603339536323544
5-15B,10.0,261.0385,0.18705569401242805,0.0768370339893722
5-15B,10.0,266.0703,2.2227974489516003,0.20890054547796466
5-15B,10.0,267.0724,-0.6013313814528215,0.02840708489315018
5-15B,10.0,268.02,1.0383564353406243,0.479172499393489
5-15B,10.0,269.0398,0.2852280996479416,0.1112300170971641
5-15B,10.0,271.0612,-0.4474619545556072,0.3744466226870406
5-15B,10.0,271.0815,-0.7029646883938754,0.5448969070178195
5-15B,10.0,273.0021,1.0898656045759698,0.19900231325954618
5-15B,10.0,274.0933,0.7119968247738593,0.1927270269891888
5-15B,10.0,275.0184,2.861718048862007,0.3363835152521124
5-15B,10.0,275.0991,-0.1345382841598572,0.21533783325831266
5-15B,10.0,277.1207,-1.0538570781479737,0.03305422903895613
5-15B,10.0,277.2169,-1.0843771750784552,0.17655830803758613
5-15B,10.0,279.2331,-0.3567368267861383,0.010730666027779034
5-15B,10.0,282.0839,-0.6868766252805716,0.1194125583009895
5-15B,10.0,283.2063,-0.5871578667963397,0.0589088968689647
5-15B,10.0,285.0972,-1.1331733945429587,0.5351779972465184
5-15B,10.0,287.0157,-0.9200504350886907,0.4833674251154359
5-15B,10.0,288.0725,2.4642860858096345,0.24269554054054693
5-15B,10.0,289.0333,-0.01752639198315009,0.31678433149315294
5-15B,10.0,289.1044,0.21212975714266588,0.09886182588285902
5-15B,10.0,290.9677,3.218959683736804,0.10552782036226215
5-15B,10.0,294.0479,-1.0031931414891675,0.5405844409151029
5-15B,10.0,300.0509,-0.166399133380464,0.5772513053778248
5-15B,10.0,301.0333,-0.4361894723086943,0.45284219066446746
5-15B,10.0,303.2326,-0.6516360437304889,0.30990356035149086
5-15B,10.0,305.0207,-1.3567912390318584,0.05587867864897145
5-15B,10.0,306.0481,0.19954501924439466,0.10133929356103584
5-15B,10.0,306.0765,-0.27557322620749103,0.020400775508740115
5-15B,10.0,308.0986,-0.3418229387247525,0.03243201226420445
5-15B,10.0,313.0441,-0.1089234736970053,0.3820315159516179
5-15B,10.0,313.1037,0.9350327642074889,0.5250350409894338
5-15B,10.0,317.026,-0.14278711751880527,0.6113179698984057
5-15B,10.0,323.0256,-0.3707595211224583,0.8211563761097469
5-15B,10.0,325.1163,-0.05236548430399243,0.48688980645166086
5-15B,10.0,328.0457,1.0044949739365712,0.26864426768616745
5-15B,10.0,333.0589,1.109707757612961,0.2856419099803812
5-15B,10.0,338.9884,0.6396050261494742,0.3218851989602697
5-15B,10.0,339.0928,-0.9731536272359685,0.2624830032341139
5-15B,10.0,341.1089,-0.6626861390784529,0.06816826365608417
5-15B,10.0,344.0393,0.7429226014993489,0.3578617090859968
5-15B,10.0,346.0556,-0.397967129586033,0.12023239751091992
5-15B,10.0,348.087,0.2359341313681333,0.146571620592335
5-15B,10.0,353.0489,0.09915650547547053,0.22237720190327073
5-15B,10.0,357.089,1.2684019669568816,0.18555438850889056
5-15B,10.0,375.131,5.556994820351762,0.9102480204534041
5-15B,10.0,377.1496,-0.5560587375649717,0.4361001727378257
5-15B,10.0,383.1188,-0.7654269066496393,0.4117736992622683
5-15B,10.0,388.9416,2.183928376405931,1.0201030996486735
5-15B,10.0,388.9442,2.4346860243924358,0.8698839171252487
5-15B,10.0,401.0756,-1.1981155360582116,0.028652046623565765
5-15B,10.0,407.2795,-1.0957650332996787,0.2174826458779998
5-15B,10.0,421.0743,-0.036561496687511304,0.6452132374249671
5-15B,10.0,426.0222,-0.4334618624330612,0.5905195390403496
5-15B,10.0,442.9997,-0.0005087424666324336,0.42443983553999215
5-15B,10.0,466.9657,-1.240825449741405,0.08686663399793408
5-15B,10.0,490.9787,-0.1919759414150917,0.2949846208321851
5-15B,10.0,503.1614,-0.6253489028713034,0.10018319658316951
5-15B,10.0,547.0731,2.0307803149397987,0.271810619139823
5-15B,10.0,565.0471,1.045338385177825,0.7219089156726528
5-15B,10.0,578.8872,-1.3008735175548471,0.022086309088285315
5-15B,10.0,579.0269,-0.9319377516107814,0.06130266874093144
5-15B,10.0,612.2549,1.222053763427639,0.14527993074455664
5-15B,10.0,624.2949,1.1368995563621762,0.8346472844487519
5-15B,10.0,659.307,-0.6924720038156364,0.1901010243657034
5-15B,10.0,664.0939,0.1942953944565864,0.3850186709346084
5-15B,10.0,665.2144,1.115868150910082,0.5551951374448847
5-15B,10.0,668.1374,0.09951763479140535,0.018391845466292783
5-15B,10.0,787.255,-0.8518385264058366,0.1622627546871768
5-15B,10.0,790.2568,-0.8895839526671039,0.2933409499838113
5-15B,10.0,835.0407,0.13331144172619386,0.3885939503784995
5-15B,10.0,863.2971,1.1689190337945083,0.1884778163911652
5-15B,10.0,864.1473,0.9771722060040477,0.10059437669224648
5-15B,10.0,974.2935,0.4487104770049648,0.5767089016220607
5-15B,10.0,976.7162,-1.4542857677759662,0.052180011211720397
5-15C,1.0,57.0342,1.3137303322662914,0.1712786287061474
5-15C,1.0,58.0295,-1.1034435422517912,0.11835461689236833
5-15C,1.0,59.0135,1.6185771666909359,0.18166518064203005
5-15C,1.0,71.0137,1.4974020303737112,0.18065255912506253
5-15C,1.0,73.0293,-0.9432388190047084,0.010764503123602984
5-15C,1.0,74.0247,-1.1707595249190648,0.3627590825461141
5-15C,1.0,75.0087,-0.4467576568735352,0.23160026801946057
5-15C,1.0,87.0088,-0.686291842257159,0.007176296456709925
5-15C,1.0,87.0451,0.7096837801764583,0.2953997331530234
5-15C,1.0,88.0403,-0.964370149244651,0.007523262680277244
5-15C,1.0,88.9883,-1.169911971960962,0.3989617509020715
5-15C,1.0,89.0244,-0.44878784929325405,0.08509445219186394
5-15C,1.0,93.0338,-0.07906290246076408,0.018683770580164946
5-15C,1.0,94.9761,-1.0607870041953285,0.5730285268961401
5-15C,1.0,94.9806,1.1076260133800564,0.36134655491355694
5-15C,1.0,95.0139,1.2976836264979776,0.07437560277473958
5-15C,1.0,101.0242,1.6594182516178169,0.07872895709685163
5-15C,1.0,102.056,-0.44281614461642854,0.09247327157772503
5-15C,1.0,103.0402,-0.9897304084658055,0.036437776686312186
5-15C,1.0,103.0509,-0.9733206324462002,0.024529792060266148
5-15C,1.0,104.0352,0.24101687025043123,0.34427899826480113
5-15C,1.0,105.0193,-0.9507284673322818,0.4443080972254997
5-15C,1.0,107.0503,0.28445729881999454,0.5398299300581225
5-15C,1.0,109.0295,-0.9956624070115283,0.07129844055932141
5-15C,1.0,111.02,-1.2136631669378775,0.0017080911565746898
5-15C,1.0,112.0516,0.38614102967770036,0.4608975881713995
5-15C,1.0,113.0244,1.380574252168367,0.048343422041471754
5-15C,1.0,113.0357,-1.0639755695630644,0.031498152504457325
5-15C,1.0,114.056,-0.22555272848843605,0.0010444479671502362
5-15C,1.0,115.0037,-0.9096243306091165,0.0223140285806322
5-15C,1.0,115.0402,-0.5634159633922871,0.33318855578368284
5-15C,1.0,115.0764,0.6231449490887719,0.6519209195765703
5-15C,1.0,116.0354,-0.9294020238417064,0.26811833647033856
5-15C,1.0,116.0717,-0.6416141012468973,0.009823941047300706
5-15C,1.0,117.0194,-0.946762018044499,0.0010599722291452516
5-15C,1.0,118.0508,-1.193025492445498,0.06478000438643919
5-15C,1.0,118.9804,1.6705667075339543,0.1539679716156606
5-15C,1.0,119.0503,0.23038766574721953,0.08696418573013243
5-15C,1.0,120.9273,0.7493576101316818,0.7669183399210767
5-15C,1.0,121.0295,1.2836463895911936,0.27389743947983203
5-15C,1.0,121.0409,1.0663754748887602,0.4093020600848202
5-15C,1.0,122.0248,-1.2394416458570885,0.3274632012493538
5-15C,1.0,124.0075,0.1181871006450639,0.8762505991250914
5-15C,1.0,124.0144,-0.2090040508927608,0.28471745081899524
5-15C,1.0,125.0439,-0.8128273728031926,0.06851527547166326
5-15C,1.0,127.0764,1.3075993825967762,0.5509145786194286
5-15C,1.0,128.0354,-0.21369812900823476,0.015181420109830873
5-15C,1.0,129.0193,-1.1877859399095474,0.04920862042851685
5-15C,1.0,129.0556,0.6760587913421474,0.6365693282116662
5-15C,1.0,130.0142,-0.7318550712263562,0.2614939131405175
5-15C,1.0,130.0509,-1.0802593471815496,0.005691255102951211
5-15C,1.0,130.0874,-0.9308737284202757,0.049538206965140254
5-15C,1.0,131.0008,-0.8822073089081433,1.1346563695938778
5-15C,1.0,131.0123,-0.6319777648808875,0.057285357688831695
5-15C,1.0,131.035,0.3693687872687763,0.16344820241341826
5-15C,1.0,131.0462,0.09167066893496771,0.21443351179102405
5-15C,1.0,131.0828,0.6695623302688486,0.09530886452261306
5-15C,1.0,132.0302,-1.2346941086983154,0.009980741582299611
5-15C,1.0,133.0142,-0.6103877071754024,0.03563162963412712
5-15C,1.0,133.0257,-0.730699484590849,0.07960757659056104
5-15C,1.0,133.0505,-1.3523288030442484,0.005272731653331905
5-15C,1.0,134.0472,-1.5075649025810445,0.10077041013155981
5-15C,1.0,134.0604,-1.0226932264857183,0.15526635555635682
5-15C,1.0,135.0302,-1.0039104877991694,0.06664503136817225
5-15C,1.0,135.0453,-1.5774208554618108,0.15129350166197877
5-15C,1.0,136.0404,-0.368834080753522,0.005209695708487313
5-15C,1.0,136.0487,-1.518583246278832,0.14268233602587715
5-15C,1.0,136.0767,0.3498771069919623,0.29655717260576786
5-15C,1.0,137.0239,-0.1755451120635518,0.2559578253810691
5-15C,1.0,138.9789,-0.4077021076527456,0.28257075478461463
5-15C,1.0,139.0014,-0.4123005951765133,0.022913019638740345
5-15C,1.0,139.0067,-0.6956422071475991,0.035249031218112396
5-15C,1.0,139.976,-0.6823968635942406,0.3595392166780737
5-15C,1.0,143.0713,2.0504761519253205,0.18903730361592078
5-15C,1.0,143.1077,0.2534201645572122,0.5505659871466436
5-15C,1.0,145.0141,-0.1526618374297102,0.16155859767458156
5-15C,1.0,145.0506,0.03087016086254067,0.2665896785264424
5-15C,1.0,145.0623,-0.4518227946857181,0.1717997507416391
5-15C,1.0,145.0982,0.3703673481742914,0.15061115597141825
5-15C,1.0,145.1106,0.4714599151454316,0.42603364261711446
5-15C,1.0,146.0459,-0.46481144037750355,0.006128865553843284
5-15C,1.0,147.0298,-0.987562010762495,0.003457101086037599
5-15C,1.0,147.0662,-1.4412077756373978,0.00896457820108691
5-15C,1.0,149.0092,1.0626387813350293,0.2582237402701275
5-15C,1.0,149.0456,0.17168532056179825,0.15327331300086658
5-15C,1.0,149.0608,0.2129575743901729,0.3004295844019599
5-15C,1.0,150.0422,-0.8327513321500257,0.26855918190892886
5-15C,1.0,150.9707,0.204636010200983,0.7076740000195166
5-15C,1.0,151.0259,-0.5407281274730196,0.1002555627156931
5-15C,1.0,151.04,-0.8600045041358144,0.5529432337315016
5-15C,1.0,151.06,-1.2630688723404058,1.0855447381780863
5-15C,1.0,152.0353,-0.7523828510314559,0.17469019277739575
5-15C,1.0,152.0716,1.3997765124348889,0.4895114318731264
5-15C,1.0,153.0192,0.19091535627878004,0.13087447701618504
5-15C,1.0,154.062,0.41477639983968123,0.18489719353858675
5-15C,1.0,154.9751,-0.944888719795651,0.009109196557783679
5-15C,1.0,155.0099,-1.1785365254513867,0.002365727758967201
5-15C,1.0,157.0128,-0.9672082648247352,0.02664160071200262
5-15C,1.0,157.0255,-1.3470900372894732,0.004744917230445512
5-15C,1.0,157.0379,-1.3606891459254522,0.017134636191286728
5-15C,1.0,157.0504,-1.1698870882160235,0.03689669263878773
5-15C,1.0,159.0297,1.027087677422592,0.15894697764617968
5-15C,1.0,159.0775,-1.2182247482635729,0.018340378435121263
5-15C,1.0,160.0616,-1.2883522178423483,0.36177456133767916
5-15C,1.0,161.0453,-0.10382461000598599,0.15373341959828743
5-15C,1.0,162.0424,-1.4357992601697849,0.05423754778492302
5-15C,1.0,163.0351,-0.9894348891396009,0.14910204956262652
5-15C,1.0,163.0398,0.07488696831106621,0.05539166202314245
5-15C,1.0,163.0611,-0.33685553615652464,1.3307707861419966
5-15C,1.0,164.0716,-0.24127467169458047,0.05938673663756151
5-15C,1.0,165.03,0.5270452096375426,0.9107918200499414
5-15C,1.0,165.0405,-0.2683405483962312,0.8470974878210493
5-15C,1.0,165.0556,-0.6854536853627555,0.024387891597846708
5-15C,1.0,166.0508,-1.4136415145435284,0.15476453313393376
5-15C,1.0,166.0632,-0.22560931194323713,1.4714684847708377
5-15C,1.0,166.9759,-0.8820153784215874,0.48493304266988757
5-15C,1.0,167.0207,0.3830207723105221,0.9330194560982784
5-15C,1.0,167.0358,0.6174172419584452,0.30398764320164295
5-15C,1.0,167.0828,-0.282170856720883,0.6269551083605368
5-15C,1.0,168.0277,-0.4326156311396925,0.01437755817868941
5-15C,1.0,168.0664,0.17154167422445424,0.7856023674828513
5-15C,1.0,170.0455,-0.8509404093920481,0.011541705242003729
5-15C,1.0,171.0065,-1.2119279293761598,0.14411853268805425
5-15C,1.0,171.0092,-1.2362839662575293,0.264090730756117
5-15C,1.0,171.0284,-0.8101741655458811,0.033070359495635034
5-15C,1.0,172.0616,-1.5065559186841577,0.06759159029487521
5-15C,1.0,172.962,-0.5699905744832094,0.0929285114651861
5-15C,1.0,173.0089,-1.045758917164553,0.10972366997427867
5-15C,1.0,173.0453,-0.9030893033463123,0.21847596884845352
5-15C,1.0,173.0932,-0.7639476710733165,0.04127937742375907
5-15C,1.0,173.1041,-0.2910824985967454,0.12361391843719186
5-15C,1.0,174.0407,-1.0069893252945512,0.00039021307307219574
5-15C,1.0,174.088,-0.47678266601923525,0.12494049417880541
5-15C,1.0,175.022,-0.7619498208158546,0.11947089961894097
5-15C,1.0,175.0361,-1.2451828380466365,0.009366384326678728
5-15C,1.0,175.0611,-1.252450774955251,0.005967147249566806
5-15C,1.0,176.0776,-1.2972828250306305,0.2295889514061042
5-15C,1.0,177.0402,0.8780923775385023,0.553201146056889
5-15C,1.0,177.0553,0.10515166375884241,0.3086750769585902
5-15C,1.0,178.0509,-0.9477158875448374,0.038156488882626335
5-15C,1.0,179.0348,-1.4091307182310313,0.15904062782721273
5-15C,1.0,179.0561,0.5724614578958475,0.10267589990708173
5-15C,1.0,180.0663,0.5700746187909762,0.13459148853470898
5-15C,1.0,181.0505,-0.8496939960017588,0.4007394148623642
5-15C,1.0,182.9725,2.069579732741547,0.2937582713961698
5-15C,1.0,183.0661,1.2273811422685026,0.4830103942592963
5-15C,1.0,184.0017,-0.42915919439180694,0.048034787667821335
5-15C,1.0,184.9856,-0.28201386927569994,0.11075543280522143
5-15C,1.0,186.1136,0.35461251190045934,0.6402340851165961
5-15C,1.0,187.0234,-0.4146667238124463,0.49041521587131087
5-15C,1.0,188.035,1.2707251441453569,1.153832144518616
5-15C,1.0,188.0565,-1.1090228777507791,0.0005903963858357093
5-15C,1.0,189.0405,1.5816985138221713,0.22098116090035785
5-15C,1.0,191.0197,-0.9069048772332282,0.19363865988858908
5-15C,1.0,191.0561,-1.0712580903800726,0.031095872019945382
5-15C,1.0,192.0663,-0.4239792593658086,0.7279253290120736
5-15C,1.0,193.0349,-1.0431485185366598,0.5317028695949819
5-15C,1.0,194.0682,-1.0725260077061347,0.028474087369752734
5-15C,1.0,194.0822,-0.04952375527657633,0.8330203722498225
5-15C,1.0,195.0509,-0.8613452832529465,0.028230033417838543
5-15C,1.0,195.0657,-1.2836457853447096,0.48548823735858837
5-15C,1.0,196.0603,-1.3788282164438643,0.09716234164855737
5-15C,1.0,198.0182,-1.1113279790110573,0.08167352390834337
5-15C,1.0,199.0019,-0.8584265113825938,0.40931914407146786
5-15C,1.0,200.9937,0.2891636974907869,0.5804989088540313
5-15C,1.0,201.0051,-0.8853022192396133,0.2727668152615751
5-15C,1.0,203.0348,0.1625757384604235,0.16246737817166212
5-15C,1.0,203.0826,15.852653976421344,0.4798052930152114
5-15C,1.0,204.0498,1.1797400360707424,1.0077268995926831
5-15C,1.0,205.0351,-1.185314090332482,0.11090356912920644
5-15C,1.0,206.0822,-0.14097503228961816,0.12750049440804817
5-15C,1.0,209.0292,-0.5842636193625678,0.3997837625183871
5-15C,1.0,209.0814,0.3491343061270678,0.21568171265986114
5-15C,1.0,211.0235,-0.45586546714718945,0.17272327771435783
5-15C,1.0,211.9968,-1.0830598786978993,0.00794685286947404
5-15C,1.0,212.0331,-0.2210530059918594,0.2710072759671748
5-15C,1.0,212.9807,-0.6605861308138439,0.10746952457902183
5-15C,1.0,213.014,-0.49469999491530486,0.42336127920464334
5-15C,1.0,213.0384,-0.25790425566580216,0.10913294069280702
5-15C,1.0,213.1252,0.931642100546755,0.5032306184408802
5-15C,1.0,214.0488,-1.4076548081565499,0.8262854038380552
5-15C,1.0,215.0331,1.0445083120588947,0.22076856052556668
5-15C,1.0,216.1351,0.8852302034282029,0.11730515051177333
5-15C,1.0,218.0335,1.5207601833494007,0.16534425416904402
5-15C,1.0,218.1034,-1.2496116041376861,0.002357188207040708
5-15C,1.0,220.0828,1.0563169620128434,1.0536130705216493
5-15C,1.0,221.0443,1.7017884817976228,0.16638407050037166
5-15C,1.0,221.0664,-0.17505871443906215,0.24194716526015203
5-15C,1.0,225.0399,0.28357021692950046,0.6594766525831444
5-15C,1.0,225.0861,1.2011780476549463,0.8367653787587855
5-15C,1.0,225.0901,0.28326245679710105,0.9132233021894087
5-15C,1.0,226.0135,-0.8020676863001375,0.18728172401577978
5-15C,1.0,226.0697,4.4156282259459525,0.7077560851077361
5-15C,1.0,228.0501,-0.44303485394269027,0.08920166833383897
5-15C,1.0,229.0122,-1.1309202078857328,0.2917204548222196
5-15C,1.0,237.0614,-1.4266423058121867,0.06387544013633538
5-15C,1.0,238.0945,1.1926657014299344,0.559311409143287
5-15C,1.0,240.0515,-1.417742325439931,0.0065176129623382055
5-15C,1.0,241.0844,-1.2743970513963676,0.47502425599453846
5-15C,1.0,242.0804,-0.7577838842162316,0.7918440653935842
5-15C,1.0,243.029,-0.02962071419526692,0.24936789790713848
5-15C,1.0,243.0625,-1.1190931513052025,0.2531946413545512
5-15C,1.0,245.0444,-1.296029203774007,0.2873926619839852
5-15C,1.0,246.0198,-0.26594863319399464,0.33943193649832215
5-15C,1.0,246.064,1.446845306260124,0.739931505842162
5-15C,1.0,251.0816,1.4424587279704184,2.100776816141647
5-15C,1.0,253.0119,-0.3566617781689036,0.009368968898685097
5-15C,1.0,253.0499,0.11055713820738433,1.1302194877081533
5-15C,1.0,257.0072,-0.9238800540377357,0.13951106453437062
5-15C,1.0,257.1028,1.6545458449458201,0.9091276018445669
5-15C,1.0,259.005,-0.3822717766830588,0.42359250088931577
5-15C,1.0,259.0227,0.4514810656928713,0.2601298343658906
5-15C,1.0,261.0385,3.63766675168588,0.4002507659147182
5-15C,1.0,266.0703,-0.774431603536506,0.11797221788166179
5-15C,1.0,267.0724,-0.6808801760655397,0.003303471683778566
5-15C,1.0,268.02,-0.30361340789679336,0.35999321385976235
5-15C,1.0,269.0398,-0.6681386640879969,0.10763377118423796
5-15C,1.0,271.0612,0.08048335473579729,0.12938866946467703
5-15C,1.0,271.0815,1.4153648633552778,0.42374657316451375
5-15C,1.0,273.0021,-0.7935346258168576,0.08017770202026113
5-15C,1.0,274.0933,-1.3036314488140435,0.11644725642065805
5-15C,1.0,275.0184,-1.1559183690561081,0.2908849498605205
5-15C,1.0,275.0991,-0.9005333815941683,0.33713614282578885
5-15C,1.0,277.1207,0.02692298721211865,0.10427557373479146
5-15C,1.0,277.2169,0.3158809646164998,0.2916912159987341
5-15C,1.0,279.2331,0.44620705661788274,0.05302445313093359
5-15C,1.0,282.0839,-0.7394255685726614,0.13750946031927191
5-15C,1.0,283.2063,0.5289674806128906,0.14293815122990478
5-15C,1.0,285.0972,1.4092216505487183,0.7583299381568167
5-15C,1.0,287.0157,1.169058554700502,0.7602750716335361
5-15C,1.0,288.0725,-0.7579974854435148,0.08008386753505618
5-15C,1.0,289.0333,0.407943111569826,1.3409639423301511
5-15C,1.0,289.1044,-1.363382298351787,0.28724875684408424
5-15C,1.0,290.9677,-0.43514667163258314,0.10413130755922297
5-15C,1.0,294.0479,-0.16645843791926854,0.16179969119926257
5-15C,1.0,300.0509,-0.08567337215259867,0.3523190551189909
5-15C,1.0,301.0333,1.907670676021191,0.7677617375552039
5-15C,1.0,303.2326,-0.32654227414517517,0.4808113918971985
5-15C,1.0,305.0207,1.4394524839236078,0.23197338003202342
5-15C,1.0,306.0481,-1.1179007072197735,0.01712754734501928
5-15C,1.0,306.0765,-0.3260361123502723,0.012090220056416282
5-15C,1.0,308.0986,-0.0939962992936576,0.04753147826825581
5-15C,1.0,313.0441,-0.6824555207378786,0.14798022128563748
5-15C,1.0,313.1037,-1.2246102828760184,0.8561139184752009
5-15C,1.0,317.026,0.07729721258202396,0.5809732928367211
5-15C,1.0,323.0256,0.09490938436222922,0.2418576749472652
5-15C,1.0,325.1163,-0.4424622984010079,0.208876032690292
5-15C,1.0,328.0457,-1.213902681336029,0.05320847815074291
5-15C,1.0,333.0589,-0.8466464796985084,0.0912160522152169
5-15C,1.0,338.9884,-0.7599158002542947,0.22355327864008837
5-15C,1.0,339.0928,0.05912309634514555,0.8512951987808147
5-15C,1.0,341.1089,-0.4951370437614854,0.33137182536407783
5-15C,1.0,344.0393,-0.7557174114750298,0.15863582248748978
5-15C,1.0,346.0556,-0.6137551074787979,0.1490764601875153
5-15C,1.0,348.087,-1.1504375650326337,0.09494094059668025
5-15C,1.0,353.0489,-0.7311395325602805,0.5906294487739989
5-15C,1.0,357.089,-0.8589604608157304,0.19614324226196225
5-15C,1.0,375.131,0.009199579170819844,0.22379136292772392
5-15C,1.0,377.1496,1.3169554818676432,0.6133578309124914
5-15C,1.0,383.1188,-0.12750233862516785,0.30369104115232587
5-15C,1.0,388.9416,0.27563282312768544,0.12852592015186912
5-15C,1.0,388.9442,-0.16468566589623523,0.2695915646696015
5-15C,1.0,401.0756,1.5193786054147704,0.22045308592571242
5-15C,1.0,407.2795,0.7639403993249072,0.2491674002839347
5-15C,1.0,421.0743,-0.34636751755342643,0.4936947137733795
5-15C,1.0,426.0222,-0.771230890063515,0.26695140161495284
5-15C,1.0,442.9997,13.65872885953436,0.7269234556749193
5-15C,1.0,466.9657,1.5545895863333046,0.3848447240795008
5-15C,1.0,490.9787,1.5278704676320949,1.3600365464309965
5-15C,1.0,503.1614,-1.0488265665170402,0.12412540499430513
5-15C,1.0,547.0731,-1.1992183564791885,0.043376001789641745
5-15C,1.0,565.0471,-0.6418738375249107,0.28380922614794923
5-15C,1.0,578.8872,1.0818892996597886,0.19316025089301597
5-15C,1.0,579.0269,2.4711495187503747,0.22768067919186977
5-15C,1.0,612.2549,-1.0417548159104424,0.1699112379880993
5-15C,1.0,624.2949,-1.448332361189793,0.32665152757365645
5-15C,1.0,659.307,-0.3391102650992911,0.13274335049044916
5-15C,1.0,664.0939,-0.6554995773408749,0.2909658556114681
5-15C,1.0,665.2144,-0.8781488084937893,0.415979699130624
5-15C,1.0,668.1374,-0.6163467205185897,0.00028809856624350486
5-15C,1.0,787.255,-0.496673147815994,0.4425098843483178
5-15C,1.0,790.2568,-0.3980954637610711,0.30286852710617757
5-15C,1.0,835.0407,-0.5924674583090839,0.10799462251936313
5-15C,1.0,863.2971,-0.7356766731971052,0.04835532272730225
5-15C,1.0,864.1473,-1.314880769759311,0.25060168715138975
5-15C,1.0,974.2935,-0.6469183992232361,0.10044999250076438
5-15C,1.0,976.7162,-0.053214361134875675,0.3243958816514271
5-15C,2.0,57.0342,0.584338570163907,0.5477377112790093
5-15C,2.0,58.0295,-1.0567244071683852,0.0858748961027136
5-15C,2.0,59.0135,0.6977339156278906,0.17580773215243792
5-15C,2.0,71.0137,0.9006404709073756,0.10235005354360685
5-15C,2.0,73.0293,-0.962448639141114,0.003996547340543832
5-15C,2.0,74.0247,-0.8579261938480245,0.3103558091975708
5-15C,2.0,75.0087,-0.09469286498922705,0.3510455356075755
5-15C,2.0,87.0088,-0.6791956701477067,0.009715897859914238
5-15C,2.0,87.0451,0.2139378910299815,0.4247230546508912
5-15C,2.0,88.0403,-0.9267174094848935,0.026956285090315696
5-15C,2.0,88.9883,0.5238105975174396,0.9902356587690188
5-15C,2.0,89.0244,-0.7047667418643782,0.045432992558058896
5-15C,2.0,93.0338,-0.07921985235002253,0.017294814076497068
5-15C,2.0,94.9761,-0.28560112434567775,0.1736895934201335
5-15C,2.0,94.9806,0.6743247357478647,0.14196975424582786
5-15C,2.0,95.0139,0.7622639894584035,0.10478465159799107
5-15C,2.0,101.0242,0.8352350423233701,0.20856280549391523
5-15C,2.0,102.056,-0.4798183586097357,0.024135151426148766
5-15C,2.0,103.0402,-0.9498022964776754,0.025061240898524156
5-15C,2.0,103.0509,-0.987873374884666,0.0867054382810192
5-15C,2.0,104.0352,-0.15456059110135195,0.14563436893761778
5-15C,2.0,105.0193,0.7855786710790975,0.2697695200725451
5-15C,2.0,107.0503,0.3477664869255778,0.7655472416811638
5-15C,2.0,109.0295,-0.7736066522125644,0.05615426857293571
5-15C,2.0,111.02,-0.8598295496304547,0.010373458843211749
5-15C,2.0,112.0516,0.6174401687300441,0.4478751379019087
5-15C,2.0,113.0244,0.8890721424304934,0.08410161260647947
5-15C,2.0,113.0357,-0.8818485416986166,0.06038343420484025
5-15C,2.0,114.056,-0.23826709544426317,0.0020694776020948823
5-15C,2.0,115.0037,-0.8431966266338402,0.05081352829816092
5-15C,2.0,115.0402,0.11451887730805148,0.2603614099350552
5-15C,2.0,115.0764,0.7218026157799513,0.2561905073569542
5-15C,2.0,116.0354,-0.21254938857568598,0.2363842673418969
5-15C,2.0,116.0717,-0.6577698052490217,0.014398692048556828
5-15C,2.0,117.0194,-0.9385188633192709,0.0015636224081932886
5-15C,2.0,118.0508,-1.061231700438878,0.10322946629711306
5-15C,2.0,118.9804,1.035319557925936,0.047467818891113685
5-15C,2.0,119.0503,0.09483138196391794,0.2189666315074263
5-15C,2.0,120.9273,0.32167609124038476,0.1765705192040229
5-15C,2.0,121.0295,0.9351335396163913,0.25464756382809733
5-15C,2.0,121.0409,1.5631099412572895,0.36737759725425334
5-15C,2.0,122.0248,0.36682066476952313,0.3331665781222286
5-15C,2.0,124.0075,0.7645968677186878,0.2803973568380298
5-15C,2.0,124.0144,0.5736946346160804,0.3289723994131751
5-15C,2.0,125.0439,0.6255772778521413,0.17133295231591736
5-15C,2.0,127.0764,1.2304098040202072,0.26435840999894417
5-15C,2.0,128.0354,0.004795821695534049,0.017873518403891692
5-15C,2.0,129.0193,-0.9571575537253041,0.02864315954050492
5-15C,2.0,129.0556,1.3417729858140675,0.9941779119423069
5-15C,2.0,130.0142,-0.7719666392023162,0.23732877565114543
5-15C,2.0,130.0509,-1.0123941916388697,0.023424332481661665
5-15C,2.0,130.0874,-0.8532890747790871,0.05360527866915714
5-15C,2.0,131.0008,-0.9001474707757537,1.215127787258248
5-15C,2.0,131.0123,-0.6288532674416566,0.07505950069960533
5-15C,2.0,131.035,1.1459103229595335,0.06662690672142542
5-15C,2.0,131.0462,1.2721048802932615,0.21177268911968358
5-15C,2.0,131.0828,-0.05301981748595094,0.18229650663772043
5-15C,2.0,132.0302,-1.0544798037966998,0.010283052929792761
5-15C,2.0,133.0142,-0.4349151913026477,0.02278557944831515
5-15C,2.0,133.0257,-0.43381485255961694,0.06921264686247526
5-15C,2.0,133.0505,-1.1358726636041805,0.007266461051134435
5-15C,2.0,134.0472,-0.580043270551714,0.17525007573621768
5-15C,2.0,134.0604,-0.5413114042260686,0.38922326304093813
5-15C,2.0,135.0302,-0.6217475773626548,0.05892531617181482
5-15C,2.0,135.0453,-1.028707758967319,0.1027542367262046
5-15C,2.0,136.0404,0.19011484344888097,0.09508450170237456
5-15C,2.0,136.0487,-1.0009118159364656,0.18716683326411543
5-15C,2.0,136.0767,1.6419653634765607,0.12311846031631496
5-15C,2.0,137.0239,-0.2502952827550421,0.0333021299080515
5-15C,2.0,138.9789,-0.4665422693228632,0.17520420070649
5-15C,2.0,139.0014,-0.27609029226601145,0.013625151059184734
5-15C,2.0,139.0067,-0.6711645398386934,0.012101006777303266
5-15C,2.0,139.976,-0.28560247965501556,0.3004942486170051
5-15C,2.0,143.0713,1.6347533437770094,0.23791678422871498
5-15C,2.0,143.1077,0.9044784955693816,0.2175500768362752
5-15C,2.0,145.0141,0.03552792220388297,0.15271553323656467
5-15C,2.0,145.0506,-0.5770026680449725,0.16192742093218995
5-15C,2.0,145.0623,-0.11373420634906162,0.13124501370558345
5-15C,2.0,145.0982,0.6489487237598592,0.44491613094464677
5-15C,2.0,145.1106,0.8447370216317927,0.49898184978855953
5-15C,2.0,146.0459,-0.3958859626028422,0.0026212526942948973
5-15C,2.0,147.0298,-0.9223959562234973,0.007725602636801428
5-15C,2.0,147.0662,-1.11907683789721,0.017216420228815348
5-15C,2.0,149.0092,1.2360675010467048,0.4254421029913073
5-15C,2.0,149.0456,0.3413355914118996,0.17478372778294
5-15C,2.0,149.0608,1.1537922222890469,0.3614311402836356
5-15C,2.0,150.0422,-0.01637442397338775,0.12549068070473873
5-15C,2.0,150.9707,-0.07126755841836849,0.8650465136340917
5-15C,2.0,151.0259,-0.6361687293741085,0.09290787129690797
5-15C,2.0,151.04,0.17149593783114836,0.28320080492094835
5-15C,2.0,151.06,0.7237616846158367,0.9580367829486384
5-15C,2.0,152.0353,0.32203874939446375,0.025020209892972444
5-15C,2.0,152.0716,1.3303872194581736,0.6043321969662265
5-15C,2.0,153.0192,0.040155436361544436,0.11623772440393332
5-15C,2.0,154.062,-0.05810741257250989,0.06576083025152889
5-15C,2.0,154.9751,-0.9788716501411687,0.004183130994248571
5-15C,2.0,155.0099,-0.820604443659305,0.013762472953815103
5-15C,2.0,157.0128,-0.8453145272175755,0.060231344989965456
5-15C,2.0,157.0255,-1.081477781060936,0.01857742753542601
5-15C,2.0,157.0379,-1.0601182388531933,0.037452800318290805
5-15C,2.0,157.0504,-1.0395502094297966,0.056050723400598135
5-15C,2.0,159.0297,0.9970189890970069,0.29352472085426284
5-15C,2.0,159.0775,-1.0735422553770442,0.03792854445499367
5-15C,2.0,160.0616,0.16744381584447546,0.8560419501122928
5-15C,2.0,161.0453,0.5737077392188024,0.1288899717065454
5-15C,2.0,162.0424,-1.2953820412603907,0.08956419967370188
5-15C,2.0,163.0351,-0.5290285118498503,0.25413737298879663
5-15C,2.0,163.0398,0.6882716179882256,0.13265515542440542
5-15C,2.0,163.0611,-0.5301935877280297,0.22153043613150195
5-15C,2.0,164.0716,-0.2212176682865917,0.12135029654632319
5-15C,2.0,165.03,1.6540720100344997,1.026102819940035
5-15C,2.0,165.0405,1.1009942237997543,0.679707155364544
5-15C,2.0,165.0556,-0.52115691968578,0.08799623375166606
5-15C,2.0,166.0508,-0.5134285523260027,0.4051241363931708
5-15C,2.0,166.0632,-0.8870122942361915,0.3555378787329452
5-15C,2.0,166.9759,-0.4245926376581489,0.25036248696561053
5-15C,2.0,167.0207,-0.43432481957233415,0.42935343115126334
5-15C,2.0,167.0358,0.9835403041665546,0.2981753734357786
5-15C,2.0,167.0828,0.7128366747237322,0.5621182824767046
5-15C,2.0,168.0277,-0.36007089700629646,0.037988208842357166
5-15C,2.0,168.0664,1.3334624269442532,0.17819455727849026
5-15C,2.0,170.0455,-0.8125463355082772,0.014137480217477946
5-15C,2.0,171.0065,-0.9400337786900568,0.09049412116707498
5-15C,2.0,171.0092,-0.9816841119589934,0.18312665023712518
5-15C,2.0,171.0284,-0.7577389122994004,0.03204837656144576
5-15C,2.0,172.0616,-1.1946043391158816,0.12256955168914528
5-15C,2.0,172.962,-0.5438390104159003,0.018981842463194395
5-15C,2.0,173.0089,-0.8691145850459725,0.09405555792467735
5-15C,2.0,173.0453,-0.35709671576781365,0.1549941472813081
5-15C,2.0,173.0932,-0.7965024600844213,0.04890354844229831
5-15C,2.0,173.1041,0.5288293614054297,0.20208458948993194
5-15C,2.0,174.0407,-0.9491641488866683,0.00121294490893875
5-15C,2.0,174.088,-0.6119622412597743,0.19730198214361822
5-15C,2.0,175.022,-0.6483308670739142,0.037921527120518606
5-15C,2.0,175.0361,-1.0701572123461984,0.01298866517303734
5-15C,2.0,175.0611,-1.0857081323119382,0.009054722683034398
5-15C,2.0,176.0776,-1.0305065397912174,0.1102842625557575
5-15C,2.0,177.0402,0.7656262180567974,0.2041802146614859
5-15C,2.0,177.0553,0.39100786012844185,0.3571519703707641
5-15C,2.0,178.0509,-0.6215595230314767,0.04079406506860018
5-15C,2.0,179.0348,-0.5743821397206424,0.2334458369068418
5-15C,2.0,179.0561,0.627672008635046,0.13523447023140453
5-15C,2.0,180.0663,0.6182554875487027,0.15849335005219092
5-15C,2.0,181.0505,-0.5747107578024686,0.3118429116412888
5-15C,2.0,182.9725,1.3649284966819228,0.32490231490128096
5-15C,2.0,183.0661,1.304865423336918,0.7325351657782165
5-15C,2.0,184.0017,-0.3380868976269512,0.08550922742486539
5-15C,2.0,184.9856,-0.4261644712678115,0.06376572438896058
5-15C,2.0,186.1136,0.6738403253882622,0.5628134234756893
5-15C,2.0,187.0234,-0.15379824330761496,0.7150953455725402
5-15C,2.0,188.035,0.28210712337499116,0.6709729851216344
5-15C,2.0,188.0565,-0.9145024031245255,0.014684736727210171
5-15C,2.0,189.0405,1.6664921492376656,0.15774928550518016
5-15C,2.0,191.0197,-0.8428518052676052,0.23277606111076687
5-15C,2.0,191.0561,-0.9772928205683092,0.0528166929931954
5-15C,2.0,192.0663,0.731985038318907,0.8234545506183478
5-15C,2.0,193.0349,0.4539948363016931,0.5959227712735028
5-15C,2.0,194.0682,-0.9275171792452681,0.07677622192400457
5-15C,2.0,194.0822,1.6395305309408734,0.482955308347197
5-15C,2.0,195.0509,0.960360433536368,0.16215259311345492
5-15C,2.0,195.0657,0.35214052811831076,0.6628136388785048
5-15C,2.0,196.0603,-1.064889589925274,0.15350400162469255
5-15C,2.0,198.0182,-0.4997903441932654,0.33615949146537033
5-15C,2.0,199.0019,-0.723755363782309,0.2853563888725783
5-15C,2.0,200.9937,0.6659709903508856,0.33968136806470817
5-15C,2.0,201.0051,-1.6042266543822143,0.5972589859969063
5-15C,2.0,203.0348,0.02729116172234941,0.22499471424486853
5-15C,2.0,203.0826,-0.08237568118402441,0.009685410465187439
5-15C,2.0,204.0498,-0.07612716940131983,0.625217502530184
5-15C,2.0,205.0351,-0.8450368473874664,0.0910924905606649
5-15C,2.0,206.0822,1.151128517716936,0.9096413467994048
5-15C,2.0,209.0292,-0.33551848244746385,0.48029224502449336
5-15C,2.0,209.0814,0.8337765443301897,0.13443147758867957
5-15C,2.0,211.0235,-0.008880655893009362,0.22338853750760002
5-15C,2.0,211.9968,-1.0124409095401221,0.021729307329979967
5-15C,2.0,212.0331,-0.28262355917695614,0.29455067768430254
5-15C,2.0,212.9807,-0.49576531509719257,0.12754982831787173
5-15C,2.0,213.014,-0.7566242591288874,0.04216987438670557
5-15C,2.0,213.0384,-0.32529820966437684,0.19109895909959604
5-15C,2.0,213.1252,0.48984206301185124,0.8233897573397057
5-15C,2.0,214.0488,-0.3913303587705319,0.5159534682279279
5-15C,2.0,215.0331,0.734238840132303,0.1345337363779434
5-15C,2.0,216.1351,0.4091846995464522,0.14420840067527005
5-15C,2.0,218.0335,0.7950740608737759,0.13873743060418658
5-15C,2.0,218.1034,-1.146416810808093,0.026123242037958933
5-15C,2.0,220.0828,1.012426866186836,0.3172626926851379
5-15C,2.0,221.0443,0.9754985041143195,0.10044718066889849
5-15C,2.0,221.0664,0.3651080663883842,1.034173858399108
5-15C,2.0,225.0399,0.7756016078090529,1.2949213638543793
5-15C,2.0,225.0861,0.67091039970327,0.40919561318881237
5-15C,2.0,225.0901,1.3097842138949551,0.3019860567641051
5-15C,2.0,226.0135,-0.32107889336537926,0.16383144078921505
5-15C,2.0,226.0697,0.3460271875394188,0.5074956071796288
5-15C,2.0,228.0501,-0.5057208217132277,0.24488380239124255
5-15C,2.0,229.0122,-0.9658779403660769,0.09720124652665318
5-15C,2.0,237.0614,-0.9719759698665952,0.1280455228260176
5-15C,2.0,238.0945,0.9961097937319727,0.33323784533271683
5-15C,2.0,240.0515,-1.1847662103747991,0.03570333301614741
5-15C,2.0,241.0844,-0.4587792941477042,0.850518603354175
5-15C,2.0,242.0804,0.4036387363574063,0.7272546841250676
5-15C,2.0,243.029,-0.6999465557436095,0.21976943288455197
5-15C,2.0,243.0625,-0.8565529517604988,0.3722676656384447
5-15C,2.0,245.0444,-1.097396076491668,0.269138369848709
5-15C,2.0,246.0198,0.34781662995696083,0.435872638332377
5-15C,2.0,246.064,0.7307035253606565,0.9690134861628998
5-15C,2.0,251.0816,0.4515989096828676,0.5106226509428007
5-15C,2.0,253.0119,-0.1862360284878477,0.028962284881373205
5-15C,2.0,253.0499,0.13492765060461004,0.7161583952954901
5-15C,2.0,257.0072,-0.7342368543501485,0.177786640307807
5-15C,2.0,257.1028,1.62052713277108,0.5647469865184996
5-15C,2.0,259.005,-0.2705855359194387,0.32342413949480975
5-15C,2.0,259.0227,0.19963630104319313,0.09868272991561473
5-15C,2.0,261.0385,-0.09997954778328053,0.5432778740490034
5-15C,2.0,266.0703,-0.4701425792836669,0.13642426658030427
5-15C,2.0,267.0724,-0.7024364922571683,0.005290909811821093
5-15C,2.0,268.02,-0.25479285459356876,0.5614945503303288
5-15C,2.0,269.0398,-0.7921538528666556,0.10530205364886364
5-15C,2.0,271.0612,0.0769040645033132,0.22843570866945437
5-15C,2.0,271.0815,2.0775229783408125,1.6834397733249082
5-15C,2.0,273.0021,-0.7812042040892553,0.0250397160174051
5-15C,2.0,274.0933,-1.1294347135133018,0.16034813339470977
5-15C,2.0,275.0184,-0.33471881496602024,0.35986286366179376
5-15C,2.0,275.0991,-0.470994358602523,0.1932866688844224
5-15C,2.0,277.1207,0.9063764786696817,0.17925769861215565
5-15C,2.0,277.2169,0.13000510690551337,0.2884958642718109
5-15C,2.0,279.2331,-0.3684107824212658,0.03569254220890087
5-15C,2.0,282.0839,0.6245622203568022,0.40166602435258786
5-15C,2.0,283.2063,-0.3370077751329958,0.16672000063799824
5-15C,2.0,285.0972,1.6601815652633203,0.7143356210900865
5-15C,2.0,287.0157,1.205552153892123,0.9034717239463824
5-15C,2.0,288.0725,-0.2157608881296303,0.1434538626389229
5-15C,2.0,289.0333,0.23543588525703496,0.2930748751097321
5-15C,2.0,289.1044,0.34227615259318145,0.1488617950278623
5-15C,2.0,290.9677,-0.3022925121566362,0.09457065777862257
5-15C,2.0,294.0479,-0.28544801464991404,1.3554427985121766
5-15C,2.0,300.0509,0.9680861181611435,0.5320012782708121
5-15C,2.0,301.0333,1.3252612520278124,0.5031859625443557
5-15C,2.0,303.2326,0.25706832746331815,0.6955084639564644
5-15C,2.0,305.0207,0.8300230613457877,0.1845599267014905
5-15C,2.0,306.0481,-1.065086803647862,0.09288666056146598
5-15C,2.0,306.0765,-0.30268761279167206,0.018066230010636744
5-15C,2.0,308.0986,0.29004224837014775,0.05076589285827182
5-15C,2.0,313.0441,-0.7843848707751803,0.40420992885101087
5-15C,2.0,313.1037,-0.9359202248820889,0.41753469574603186
5-15C,2.0,317.026,-0.5483805959523576,0.5333318180877521
5-15C,2.0,323.0256,0.3286789152280362,0.9269770476200698
5-15C,2.0,325.1163,-0.41277597723310183,0.43932918864405235
5-15C,2.0,328.0457,-0.63260493625653,0.18091582854309138
5-15C,2.0,333.0589,-1.072216582483446,0.14003924766946776
5-15C,2.0,338.9884,-0.8062614593442319,0.14690367767268142
5-15C,2.0,339.0928,0.5909548542712263,0.814758184500765
5-15C,2.0,341.1089,-0.20222927917567118,0.04092130784120131
5-15C,2.0,344.0393,-0.3750145049533127,0.2742381359426757
5-15C,2.0,346.0556,0.020484522027800992,0.14942962790125647
5-15C,2.0,348.087,-1.034773643296091,0.11740006222025594
5-15C,2.0,353.0489,0.018370945017938012,0.533883227787315
5-15C,2.0,357.089,-0.2292377724296698,0.4365753875792814
5-15C,2.0,375.131,-0.05450716044082733,0.5941501499528418
5-15C,2.0,377.1496,-0.06733594903121587,0.5127331614680651
5-15C,2.0,383.1188,0.6677423803213278,0.28326925289105315
5-15C,2.0,388.9416,-0.35350020440988256,0.11645189411365922
5-15C,2.0,388.9442,-0.5781372640644591,0.1465004083382028
5-15C,2.0,401.0756,1.4018671145946309,0.0887993351978073
5-15C,2.0,407.2795,0.677861902333247,0.24719725720385347
5-15C,2.0,421.0743,0.17029069407357228,0.6858313017192414
5-15C,2.0,426.0222,-0.013254292465682938,0.7106970901493584
5-15C,2.0,442.9997,0.06145352488115431,0.2641998598946011
5-15C,2.0,466.9657,0.9964056673100778,0.5577870326311952
5-15C,2.0,490.9787,-0.27125510673919995,0.7075227715054001
5-15C,2.0,503.1614,0.1608828231663766,0.21596546802970307
5-15C,2.0,547.0731,-1.1569550108342295,0.15749475719038097
5-15C,2.0,565.0471,-0.6243897730409446,0.3771109246070694
5-15C,2.0,578.8872,1.202090362476394,0.20938320070933794
5-15C,2.0,579.0269,1.3496540402868629,0.23648141027998076
5-15C,2.0,612.2549,-0.7072933568563893,0.1823253455082201
5-15C,2.0,624.2949,-0.3035940701715719,0.15527834469160354
5-15C,2.0,659.307,-0.09311613160829683,0.36761111149902354
5-15C,2.0,664.0939,-0.44154410571810987,0.19365832885864373
5-15C,2.0,665.2144,-0.6445889889442875,0.13372532005937707
5-15C,2.0,668.1374,-0.6163435413719025,0.00018566677098092295
5-15C,2.0,787.255,-0.2328002785115687,0.22994963722029532
5-15C,2.0,790.2568,-0.23598822234791172,0.34168263075378713
5-15C,2.0,835.0407,-0.6240230626584438,0.11107043437427566
5-15C,2.0,863.2971,-0.7240088139793908,0.05625909969191536
5-15C,2.0,864.1473,-0.6208322320466249,0.20660499575231656
5-15C,2.0,974.2935,-0.8642559540808077,0.10328799666275458
5-15C,2.0,976.7162,0.6546073912739139,0.2690004153850238
5-15C,3.0,57.0342,0.4078909482069358,0.15525441959971004
5-15C,3.0,58.0295,-0.7448590119362983,0.2274333140508465
5-15C,3.0,59.0135,0.33810587758623056,0.16369776168601172
5-15C,3.0,71.0137,0.5675674316124335,0.09558879463618404
5-15C,3.0,73.0293,-0.9245111671285791,0.012521602033073629
5-15C,3.0,74.0247,-0.3004411551445042,0.2582080449913881
5-15C,3.0,75.0087,-0.5868962454001524,0.33258406214344743
5-15C,3.0,87.0088,-0.6992619856430162,0.006768737575284986
5-15C,3.0,87.0451,0.3629417401971712,0.2877341320440059
5-15C,3.0,88.0403,-0.8490148407544242,0.011138791921431804
5-15C,3.0,88.9883,0.10812411438881718,0.5358072873451526
5-15C,3.0,89.0244,-0.7377626143888333,0.03684445608477752
5-15C,3.0,93.0338,-0.05905179158031294,0.01991170172371275
5-15C,3.0,94.9761,-0.9430949447202582,0.29991476911120807
5-15C,3.0,94.9806,0.7631465900660422,0.32356428255220504
5-15C,3.0,95.0139,0.5493459678928538,0.16412347762154453
5-15C,3.0,101.0242,0.32045229768167166,0.1989034656488229
5-15C,3.0,102.056,-0.4430289757568995,0.056815588960865006
5-15C,3.0,103.0402,-0.8977342997404328,0.03587630118490631
5-15C,3.0,103.0509,-0.874158922342236,0.047246665750245366
5-15C,3.0,104.0352,0.15625027138933484,0.1621724202037214
5-15C,3.0,105.0193,-0.17122807054410855,0.4947600213515418
5-15C,3.0,107.0503,0.028801993144189887,0.5104000857883306
5-15C,3.0,109.0295,-0.2696609558739347,0.09061383642027303
5-15C,3.0,111.02,-0.4083531215127409,0.01606729522338276
5-15C,3.0,112.0516,-0.21789534265209867,0.24901576805042533
5-15C,3.0,113.0244,0.5790202372096039,0.036474937795095225
5-15C,3.0,113.0357,-0.4692287737833957,0.006866300737582216
5-15C,3.0,114.056,-0.19900093972063224,0.0051140470034718565
5-15C,3.0,115.0037,-0.7201153222654808,0.04197790802642955
5-15C,3.0,115.0402,-0.7701629608689444,0.8678693033572175
5-15C,3.0,115.0764,-0.27735455896494676,0.2630087731500995
5-15C,3.0,116.0354,0.22741253461858296,0.4339858207472869
5-15C,3.0,116.0717,-0.6741484369849415,0.014712573966888087
5-15C,3.0,117.0194,-0.902688916999976,0.002289364406878954
5-15C,3.0,118.0508,-0.8300277338901221,0.23351602050386083
5-15C,3.0,118.9804,0.8160283537543932,0.10571335660319241
5-15C,3.0,119.0503,-0.3859569441156171,0.217019352470217
5-15C,3.0,120.9273,0.2976144829440469,0.3658365585965134
5-15C,3.0,121.0295,0.8957787025834445,0.11571439358044741
5-15C,3.0,121.0409,0.5665723786121625,0.2960461764059009
5-15C,3.0,122.0248,-0.7336828098290509,0.08907557622678905
5-15C,3.0,124.0075,0.09013574236534061,0.3928859439136972
5-15C,3.0,124.0144,0.11908465851118878,0.33671031804361035
5-15C,3.0,125.0439,-0.6175577629181429,0.1229638247215412
5-15C,3.0,127.0764,0.8939023247572908,0.3562477057554825
5-15C,3.0,128.0354,0.3855961136856807,0.03173109693890515
5-15C,3.0,129.0193,-0.7663834239812264,0.05464131610658501
5-15C,3.0,129.0556,0.16113151576788987,0.31885471408078087
5-15C,3.0,130.0142,-0.6407445096809613,0.18993214763768715
5-15C,3.0,130.0509,-0.9197769991572871,0.017756800469286464
5-15C,3.0,130.0874,-0.8140334713281714,0.035461642431458676
5-15C,3.0,131.0008,-0.11801428483782944,1.0456595686040115
5-15C,3.0,131.0123,-0.7296594216652639,0.03602397824392865
5-15C,3.0,131.035,0.34667547434515644,0.10204554214609866
5-15C,3.0,131.0462,0.5605210842509497,0.2427971077519749
5-15C,3.0,131.0828,0.17592121747422437,0.01674042343690904
5-15C,3.0,132.0302,-0.7380808253046589,0.031200558616767807
5-15C,3.0,133.0142,-0.30207188489003445,0.04708874002709338
5-15C,3.0,133.0257,-0.3522189395628836,0.07225416796178584
5-15C,3.0,133.0505,-0.859944259094978,0.00742686564221261
5-15C,3.0,134.0472,-0.5294898014472146,0.2645411273762997
5-15C,3.0,134.0604,-0.7325564745295627,0.19927720641416033
5-15C,3.0,135.0302,-0.6463835918623209,0.06821870113806314
5-15C,3.0,135.0453,-0.8428524227495351,0.07439890680664848
5-15C,3.0,136.0404,1.2416541538135921,0.088306471978871
5-15C,3.0,136.0487,-0.7046526737284462,0.10148858964922765
5-15C,3.0,136.0767,0.7833345854543611,0.5568934838729468
5-15C,3.0,137.0239,-0.3165843854199095,0.10799714189917815
5-15C,3.0,138.9789,-0.820593370874386,0.2404807496894755
5-15C,3.0,139.0014,-0.3303430324954514,0.06938042688320634
5-15C,3.0,139.0067,-0.7351509366845745,0.008224568753453005
5-15C,3.0,139.976,-0.5911214781513517,0.2120103993956228
5-15C,3.0,143.0713,0.2099160640550055,0.3155622485321803
5-15C,3.0,143.1077,-0.2694883354663159,0.17085056477081714
5-15C,3.0,145.0141,-0.2030504582912961,0.07676741197161953
5-15C,3.0,145.0506,-0.7954357067116806,0.19188281068768173
5-15C,3.0,145.0623,-0.35111132918237803,0.17225834154179556
5-15C,3.0,145.0982,0.2188268678033419,0.18509035644478186
5-15C,3.0,145.1106,0.49616207660408784,0.47288826280541446
5-15C,3.0,146.0459,-0.23463994632662938,0.006876069176854186
5-15C,3.0,147.0298,-0.8401677242817611,0.016415458906831156
5-15C,3.0,147.0662,-0.7146828623992563,0.03124497036054328
5-15C,3.0,149.0092,0.33347162276826103,0.21579799554013326
5-15C,3.0,149.0456,0.5986545980523446,0.35602528525955024
5-15C,3.0,149.0608,-0.22517476242515982,0.31376999004633244
5-15C,3.0,150.0422,-0.25133168047300547,0.34239687917939404
5-15C,3.0,150.9707,-0.12909165962601704,0.7694137506626295
5-15C,3.0,151.0259,-0.6011831714924777,0.03858008766258999
5-15C,3.0,151.04,-0.5852259287317065,0.29012785512630757
5-15C,3.0,151.06,-0.3554510024869566,1.2770079496001212
5-15C,3.0,152.0353,-0.7346167402962529,0.22586577519302006
5-15C,3.0,152.0716,0.1665994958068783,0.6796192732656946
5-15C,3.0,153.0192,0.24009918504984434,0.048573336997770195
5-15C,3.0,154.062,-0.11439339334953452,0.14320814616560318
5-15C,3.0,154.9751,-0.9450107849190186,0.012680093053774395
5-15C,3.0,155.0099,-0.3764733383261428,0.014134387651850015
5-15C,3.0,157.0128,-0.6963484081552542,0.05038073837846958
5-15C,3.0,157.0255,-0.6469494548576094,0.007431045480925062
5-15C,3.0,157.0379,-0.6135538018952025,0.03031760157502812
5-15C,3.0,157.0504,-0.9433652205521676,0.03844971258002348
5-15C,3.0,159.0297,0.4467287676688264,0.2560634025370595
5-15C,3.0,159.0775,-0.9135977111038793,0.017213575821392796
5-15C,3.0,160.0616,-0.6873613318762442,0.3002188325393433
5-15C,3.0,161.0453,-0.27366198518950496,0.20116895692419798
5-15C,3.0,162.0424,-0.8509199725249814,0.16451587727371844
5-15C,3.0,163.0351,-0.7468833915985442,0.048562945321806
5-15C,3.0,163.0398,0.6413096556576701,0.09367982930060544
5-15C,3.0,163.0611,-0.5079052868766231,0.890651840502835
5-15C,3.0,164.0716,-0.37117657227155454,0.11721189899779945
5-15C,3.0,165.03,-0.21666014671050787,0.7213100051536304
5-15C,3.0,165.0405,0.041186076098770355,0.3503020348027222
5-15C,3.0,165.0556,-0.7723802739144439,0.07590513271033647
5-15C,3.0,166.0508,-1.1206931922292496,0.2995114510478732
5-15C,3.0,166.0632,-0.9640191097683595,1.577410052110331
5-15C,3.0,166.9759,-0.7017757593759115,0.20446976331960248
5-15C,3.0,167.0207,-0.5383128083615016,0.30964589638849355
5-15C,3.0,167.0358,-0.2179329613472823,0.48514289613414247
5-15C,3.0,167.0828,-0.349152905526058,0.6011578021573099
5-15C,3.0,168.0277,-0.3292233185524919,0.047528262302467546
5-15C,3.0,168.0664,-0.11150762542065955,0.3325489154581807
5-15C,3.0,170.0455,-0.8137468581724895,0.026015412713676498
5-15C,3.0,171.0065,-0.9343760526056253,0.07245418593188038
5-15C,3.0,171.0092,-0.9659862404030144,0.12723098769290223
5-15C,3.0,171.0284,-0.6679200926412464,0.08448573195785974
5-15C,3.0,172.0616,-1.0069594317926989,0.10575202719897991
5-15C,3.0,172.962,-0.6565689440337048,0.03660672095987472
5-15C,3.0,173.0089,-0.9261127764218868,0.139600988644751
5-15C,3.0,173.0453,-0.1787751617152117,0.1870265383154333
5-15C,3.0,173.0932,-0.8473005125027151,0.011969714964176884
5-15C,3.0,173.1041,-0.0488732418184845,0.1725967986237889
5-15C,3.0,174.0407,-0.8402515333428247,0.008496994593962911
5-15C,3.0,174.088,-0.6567387043373532,0.131458250246834
5-15C,3.0,175.022,-0.7448262059865006,0.07985115612959504
5-15C,3.0,175.0361,-0.780016627412339,0.019876741903190564
5-15C,3.0,175.0611,-0.8993951471106887,0.017652180343236804
5-15C,3.0,176.0776,-1.0526625363619482,0.0903723305286145
5-15C,3.0,177.0402,0.39051181542185875,0.44257675829473886
5-15C,3.0,177.0553,-0.4789892592572955,0.4647759017066205
5-15C,3.0,178.0509,-0.5944507542168875,0.0342802642848207
5-15C,3.0,179.0348,-0.06009864835003407,0.1958528704012558
5-15C,3.0,179.0561,0.42856219341655244,0.10288857296522287
5-15C,3.0,180.0663,0.4751075416988464,0.032355879580313905
5-15C,3.0,181.0505,-0.9388035852711716,0.06387093248247729
5-15C,3.0,182.9725,0.633072708738089,0.23096050430469134
5-15C,3.0,183.0661,-0.009867861888454864,0.3798139552029318
5-15C,3.0,184.0017,-0.24216614765303132,0.0988668251987553
5-15C,3.0,184.9856,-0.5735706702936221,0.18410711492190085
5-15C,3.0,186.1136,0.6146196179391115,0.5682850462237224
5-15C,3.0,187.0234,-0.9157353041397132,0.26029848750462514
5-15C,3.0,188.035,0.6797152453897393,0.48826768485636857
5-15C,3.0,188.0565,-0.5448655121245172,0.032899449817941386
5-15C,3.0,189.0405,1.9400903046320526,0.19515744949573333
5-15C,3.0,191.0197,-0.6615836536794502,0.14584968865204256
5-15C,3.0,191.0561,-0.8099315388123226,0.012577345594089932
5-15C,3.0,192.0663,-0.7896778411950782,0.5254661892363023
5-15C,3.0,193.0349,-0.09590301686884928,0.37339837119820957
5-15C,3.0,194.0682,-1.0197955246294559,0.1802944617912636
5-15C,3.0,194.0822,-0.15477187004087856,0.43205291412017527
5-15C,3.0,195.0509,1.1808010107655003,0.13817921549015272
5-15C,3.0,195.0657,0.06676418519682097,0.4540210464223124
5-15C,3.0,196.0603,-0.7599336332708515,0.05999973868032886
5-15C,3.0,198.0182,-0.6135060200891358,0.25358488118077904
5-15C,3.0,199.0019,0.00862291421677111,0.5976690229616032
5-15C,3.0,200.9937,-0.1500859467575566,0.15396956269519074
5-15C,3.0,201.0051,0.6459476298106847,0.2435209905130376
5-15C,3.0,203.0348,-0.5233947409566772,0.09271671764574257
5-15C,3.0,203.0826,-0.09471596269888184,0.00489664537019885
5-15C,3.0,204.0498,0.09473911705746416,0.4972656020859713
5-15C,3.0,205.0351,-0.8708154263984524,0.11165374112170046
5-15C,3.0,206.0822,-0.44028509513923764,0.37266063572319325
5-15C,3.0,209.0292,-0.7148204591798876,0.4241393008377208
5-15C,3.0,209.0814,-0.038157368169166754,0.3568184413926505
5-15C,3.0,211.0235,-0.5712009484236964,0.548152136151953
5-15C,3.0,211.9968,-0.9175840738493786,0.031327705658597486
5-15C,3.0,212.0331,-0.567710742412152,0.40619911444453927
5-15C,3.0,212.9807,-0.7096192362810005,0.057429967014520376
5-15C,3.0,213.014,-0.7551538071192672,0.18339050522530576
5-15C,3.0,213.0384,-0.8374922600535444,0.24777007673444623
5-15C,3.0,213.1252,0.39683152879397676,0.8347857243151151
5-15C,3.0,214.0488,-0.6386388877268887,0.5849106987992104
5-15C,3.0,215.0331,0.595269657872637,0.07976835620631957
5-15C,3.0,216.1351,1.2884574260558046,0.44024175409193406
5-15C,3.0,218.0335,0.6789447843714762,0.08360700590865232
5-15C,3.0,218.1034,-0.6141664446258785,0.06433576739919247
5-15C,3.0,220.0828,0.23494516869756527,0.8049522270802792
5-15C,3.0,221.0443,0.3229785140289076,0.09094177905998206
5-15C,3.0,221.0664,-0.458778716283046,0.342510675600786
5-15C,3.0,225.0399,0.030544576300802498,0.5798496731261215
5-15C,3.0,225.0861,-0.47047804321617237,0.45626558394711403
5-15C,3.0,225.0901,-0.09366494509782503,0.6581201950571819
5-15C,3.0,226.0135,-0.7865713316951077,0.1309550468421888
5-15C,3.0,226.0697,0.22606699604955643,0.23827051231943233
5-15C,3.0,228.0501,-0.6484872928136666,0.2141314516490302
5-15C,3.0,229.0122,-0.38472524547060893,0.2005975716228708
5-15C,3.0,237.0614,-0.9769723032286346,0.22127773731260275
5-15C,3.0,238.0945,0.9355304784991199,0.29084346686377904
5-15C,3.0,240.0515,-0.688600669819199,0.046793377584726834
5-15C,3.0,241.0844,-1.156602165066122,0.12050059407473433
5-15C,3.0,242.0804,0.02571073411176834,0.32491731350296693
5-15C,3.0,243.029,-0.5686375759213003,0.3023396008447391
5-15C,3.0,243.0625,-0.9557167423006037,0.20416082174505648
5-15C,3.0,245.0444,-0.9251156029117947,0.3617169217407562
5-15C,3.0,246.0198,-0.895655851231988,0.29709845034844956
5-15C,3.0,246.064,0.6573718639559486,0.1411327040281406
5-15C,3.0,251.0816,-0.5900892129625941,0.17656998202898042
5-15C,3.0,253.0119,0.2740189571297662,0.04882736631216157
5-15C,3.0,253.0499,0.07828267584349086,0.47927341750363284
5-15C,3.0,257.0072,-0.829393512850634,0.19228825297668461
5-15C,3.0,257.1028,1.0733586899604992,0.5588719233248749
5-15C,3.0,259.005,-0.7338474782417787,0.44490665326918866
5-15C,3.0,259.0227,0.7792828727026184,0.23327516308658003
5-15C,3.0,261.0385,-0.32064511509602023,0.3387986857047037
5-15C,3.0,266.0703,-0.5079557522857782,0.157505835375451
5-15C,3.0,267.0724,-0.67570067231394,0.022341961519437764
5-15C,3.0,268.02,-0.46198251983164385,0.3072053392343308
5-15C,3.0,269.0398,-0.8150837445418764,0.10404521397765004
5-15C,3.0,271.0612,-0.10206044712089173,0.4036470109836939
5-15C,3.0,271.0815,0.42753159279470326,0.8886633289478937
5-15C,3.0,273.0021,-0.8916044916503452,0.0815215597687818
5-15C,3.0,274.0933,-0.6444796047439532,0.14341301206994667
5-15C,3.0,275.0184,-0.6425809876778464,0.2493046692849844
5-15C,3.0,275.0991,-0.7056409580697424,0.20194584052540968
5-15C,3.0,277.1207,1.0200437535221099,0.1289656830725646
5-15C,3.0,277.2169,-0.2078057966895339,0.20724491913781715
5-15C,3.0,279.2331,-0.1889993482190206,0.026125472321026934
5-15C,3.0,282.0839,0.3641022405612262,0.37180236607117334
5-15C,3.0,283.2063,-0.0736108190096472,0.10278700828753977
5-15C,3.0,285.0972,0.2635040853601808,0.7320995831990592
5-15C,3.0,287.0157,-0.3337598251249425,0.18147933982760528
5-15C,3.0,288.0725,0.15464016778196693,0.0649149844097817
5-15C,3.0,289.0333,-0.35674228237973066,0.5512223669546088
5-15C,3.0,289.1044,-0.7606175562788029,0.14790832037068086
5-15C,3.0,290.9677,0.1542651256709211,0.12108982691503122
5-15C,3.0,294.0479,-0.2283330178192042,0.7355418877468858
5-15C,3.0,300.0509,0.3741751605561343,1.2030732231876227
5-15C,3.0,301.0333,-0.7391277074993895,0.9128824086358444
5-15C,3.0,303.2326,-0.001448504559861518,0.07728170669762735
5-15C,3.0,305.0207,0.24620264109969514,0.15939613105453163
5-15C,3.0,306.0481,-1.1376333744884,0.052749023561961046
5-15C,3.0,306.0765,-0.2462620721917213,0.03534001047407411
5-15C,3.0,308.0986,0.7767437677214845,0.07882228281489392
5-15C,3.0,313.0441,-0.9947038817676407,0.3449571829567539
5-15C,3.0,313.1037,-1.1310626334215395,0.2143613101148846
5-15C,3.0,317.026,0.6152072520127515,0.7287716102205051
5-15C,3.0,323.0256,-0.12109366215777644,0.6937088147312536
5-15C,3.0,325.1163,-0.48513638507987283,0.2529643390297653
5-15C,3.0,328.0457,-0.5725461203092126,0.05715793044998399
5-15C,3.0,333.0589,-0.838166400646443,0.3023454424664649
5-15C,3.0,338.9884,-0.6905449092598029,0.02372116493104294
5-15C,3.0,339.0928,0.6912182184704054,0.460230349882256
5-15C,3.0,341.1089,-0.6452914738296736,0.054482321753547516
5-15C,3.0,344.0393,-0.4195122472740328,0.20336124019217022
5-15C,3.0,346.0556,-0.23192942099527758,0.12033372554014518
5-15C,3.0,348.087,-0.962583402488111,0.05600605952260352
5-15C,3.0,353.0489,-0.13422400251295677,0.5597181079395862
5-15C,3.0,357.089,-0.868909611096923,0.4585599736715874
5-15C,3.0,375.131,0.18085384979109143,0.2864854568895259
5-15C,3.0,377.1496,0.5419807743355446,0.5110583426154821
5-15C,3.0,383.1188,-0.41880393676100375,0.6255734393827717
5-15C,3.0,388.9416,0.21443601617859817,0.4488970907314597
5-15C,3.0,388.9442,-0.004976925809592801,0.4435078173788002
5-15C,3.0,401.0756,0.693743089132507,0.1177396877501559
5-15C,3.0,407.2795,1.5829158135598473,0.2220947880616213
5-15C,3.0,421.0743,-1.1114372642040096,0.3913503651585675
5-15C,3.0,426.0222,-0.49300080967639537,0.11187258855538425
5-15C,3.0,442.9997,-0.017146758698908512,0.22996056777746388
5-15C,3.0,466.9657,0.3089778207277819,0.273462736688376
5-15C,3.0,490.9787,0.5739630913129862,0.7172957704666076
5-15C,3.0,503.1614,-0.7160374184692893,0.16873175830833842
5-15C,3.0,547.0731,-0.8230446062350506,0.049790766499222504
5-15C,3.0,565.0471,-0.2929210505324192,0.3273853033614569
5-15C,3.0,578.8872,0.8621924195610626,0.11582721672307356
5-15C,3.0,579.0269,0.6874143495957665,0.13165377390671212
5-15C,3.0,612.2549,-0.07553282308762244,0.3544727341457221
5-15C,3.0,624.2949,-1.0730083313477532,0.3135286605683546
5-15C,3.0,659.307,0.0989676853349473,0.39238830551814385
5-15C,3.0,664.0939,-0.5851855725822198,0.23274320689841108
5-15C,3.0,665.2144,-0.9861702250354338,0.2653284353029191
5-15C,3.0,668.1374,-0.6143216040787876,0.00017709540229092708
5-15C,3.0,787.255,-0.17214703604112025,0.40026368181348804
5-15C,3.0,790.2568,-0.1591325979329079,0.2129384654611027
5-15C,3.0,835.0407,-0.6800614634857552,0.10757949029926339
5-15C,3.0,863.2971,-0.602043223094219,0.05883879592062412
5-15C,3.0,864.1473,-0.4915022118484561,0.2048902261372636
5-15C,3.0,974.2935,-0.34154537910690136,0.2149594031830152
5-15C,3.0,976.7162,0.5969162157063397,0.16679736180126836
5-15C,4.0,57.0342,0.7538824180133716,0.45393927793252686
5-15C,4.0,58.0295,-0.47667904171726655,0.28913957366238896
5-15C,4.0,59.0135,0.8524707195847493,0.2659552835933771
5-15C,4.0,71.0137,1.1028361796483261,0.22606534996051184
5-15C,4.0,73.0293,-0.81663859076358,0.025421260468877976
5-15C,4.0,74.0247,0.5648638599654563,0.5922990167607968
5-15C,4.0,75.0087,0.34901569050921766,0.7474150936954479
5-15C,4.0,87.0088,-0.6893658625342183,0.016131172993497932
5-15C,4.0,87.0451,1.4434997290825424,0.3458988066627265
5-15C,4.0,88.0403,-0.7585523817625681,0.021261395518722616
5-15C,4.0,88.9883,-0.3655186572529306,0.5698902659291878
5-15C,4.0,89.0244,-0.6442130693473378,0.09222829776317627
5-15C,4.0,93.0338,-0.050445705985975135,0.01534892854674015
5-15C,4.0,94.9761,-0.9093397068033284,0.3206314072633488
5-15C,4.0,94.9806,0.6135269492724856,0.3586352511478753
5-15C,4.0,95.0139,1.0753918555553281,0.039357751286662586
5-15C,4.0,101.0242,0.7517860500340843,0.3250490585837873
5-15C,4.0,102.056,-0.36987587233216895,0.04005469647071025
5-15C,4.0,103.0402,-0.8420957486652159,0.018889277250673315
5-15C,4.0,103.0509,-0.8609599233864182,0.1338318822207899
5-15C,4.0,104.0352,0.08605570839115229,0.20163441030487844
5-15C,4.0,105.0193,1.3662521892337862,1.0319169641097081
5-15C,4.0,107.0503,-0.2603336771777135,0.6917242291333175
5-15C,4.0,109.0295,0.49684594221416745,0.25702917741249626
5-15C,4.0,111.02,-0.1548436576837883,0.0791307307753442
5-15C,4.0,112.0516,-0.48774433821316643,0.1175526942371224
5-15C,4.0,113.0244,0.8619782243822542,0.208296167120674
5-15C,4.0,113.0357,0.19067500453210906,0.16197297913186054
5-15C,4.0,114.056,-0.07401981317937475,0.008954978503773907
5-15C,4.0,115.0037,-0.5797483347100942,0.10261705446297675
5-15C,4.0,115.0402,0.2738515540458111,0.5463546469997551
5-15C,4.0,115.0764,-0.8301023452320382,0.5861611601832458
5-15C,4.0,116.0354,0.6460520710914914,0.4760447577070789
5-15C,4.0,116.0717,-0.6750794881084405,0.0185347668023166
5-15C,4.0,117.0194,-0.8279474860392334,0.01727118942626363
5-15C,4.0,118.0508,-0.5270902891206202,0.04673654307406407
5-15C,4.0,118.9804,0.8697980614439127,0.31609282150333706
5-15C,4.0,119.0503,0.08148987651258449,0.33617296848462996
5-15C,4.0,120.9273,-0.2544456502610263,0.38827429157941745
5-15C,4.0,121.0295,-0.34993072974961165,0.6120086037555627
5-15C,4.0,121.0409,0.4906237883874761,0.5146799137465325
5-15C,4.0,122.0248,1.8586035068487132,1.0115789430283355
5-15C,4.0,124.0075,0.10794937864516488,0.7196571076974646
5-15C,4.0,124.0144,2.301836484307988,0.16017707957217256
5-15C,4.0,125.0439,1.8007255420699582,0.9105104413681014
5-15C,4.0,127.0764,0.3899227724814129,0.7953895398028172
5-15C,4.0,128.0354,0.7825023845315859,0.1185649120638333
5-15C,4.0,129.0193,-0.49116005327220136,0.13211136762606482
5-15C,4.0,129.0556,-0.2387956029937504,0.40025399237077497
5-15C,4.0,130.0142,-0.9662212326858939,0.7410832477654734
5-15C,4.0,130.0509,-0.7537892785759519,0.06015153965083018
5-15C,4.0,130.0874,-0.9180532567730113,0.04927569564984215
5-15C,4.0,131.0008,-0.9235854241834385,0.7335494418272023
5-15C,4.0,131.0123,-0.7059379082121556,0.10629134807437687
5-15C,4.0,131.035,1.4951570760577528,0.3712154175821988
5-15C,4.0,131.0462,1.5909590899430193,0.08464639958018298
5-15C,4.0,131.0828,-0.11505759884457453,0.2567304919042705
5-15C,4.0,132.0302,-0.3357806453069032,0.046566441526274226
5-15C,4.0,133.0142,-0.32586432863619974,0.07025975912174828
5-15C,4.0,133.0257,-0.33584563032141634,0.07171814122805734
5-15C,4.0,133.0505,-0.5985328408838868,0.08599674147525553
5-15C,4.0,134.0472,-0.7797082325610813,0.1228060253049571
5-15C,4.0,134.0604,-0.1281730151730076,0.3979511728112877
5-15C,4.0,135.0302,-0.6282765564703402,0.12374363358123222
5-15C,4.0,135.0453,0.31576268769557947,0.25445838374983093
5-15C,4.0,136.0404,2.793545972909522,0.49550550119041253
5-15C,4.0,136.0487,0.8292443867690001,0.3265093762189958
5-15C,4.0,136.0767,-0.556022221239178,1.1682514251109006
5-15C,4.0,137.0239,-0.22934697558122558,0.1715712340791004
5-15C,4.0,138.9789,-1.6122839581525774,0.6500409621140777
5-15C,4.0,139.0014,-0.18474266495809682,0.06915984329113828
5-15C,4.0,139.0067,-0.6911537649544948,0.05398608656840635
5-15C,4.0,139.976,-0.9605332464577101,0.35977905017089745
5-15C,4.0,143.0713,0.05609444131512391,0.1983214939645499
5-15C,4.0,143.1077,-0.628353011910726,0.8366382413832725
5-15C,4.0,145.0141,-0.26373352857621674,0.08773085671831787
5-15C,4.0,145.0506,-0.48440478619693916,0.2908059345824807
5-15C,4.0,145.0623,-0.2076918457634203,0.22282547339324807
5-15C,4.0,145.0982,-0.16927252089827616,0.3751210082277352
5-15C,4.0,145.1106,-0.1200196175590594,1.0057746223084922
5-15C,4.0,146.0459,-0.12397086933632809,0.012588686375771433
5-15C,4.0,147.0298,-0.7638001514801768,0.0325053021109928
5-15C,4.0,147.0662,-0.36569540819261503,0.08648047209980673
5-15C,4.0,149.0092,0.4472542772752305,0.7696058038532644
5-15C,4.0,149.0456,0.7962043441845625,0.30437407846042774
5-15C,4.0,149.0608,0.0413606564719201,0.34667820735735216
5-15C,4.0,150.0422,-0.42788148337949794,0.4608448799045085
5-15C,4.0,150.9707,-0.38847405647175465,0.6690639428652694
5-15C,4.0,151.0259,-0.6241336974628275,0.05959124077633346
5-15C,4.0,151.04,-0.17003186986118216,0.7969241573897853
5-15C,4.0,151.06,0.8198116137679852,0.6181656414549417
5-15C,4.0,152.0353,-0.8442636104662254,0.7100837735020817
5-15C,4.0,152.0716,0.523571790093934,0.5577335620872017
5-15C,4.0,153.0192,0.8542772336510033,0.12082179693636186
5-15C,4.0,154.062,-0.17745000659683896,0.04209655101216137
5-15C,4.0,154.9751,-0.7889383181813069,0.007732598355799292
5-15C,4.0,155.0099,-0.11514976275157646,0.09030390838340117
5-15C,4.0,157.0128,-0.558333679581076,0.06275738980108822
5-15C,4.0,157.0255,-0.04851479059567217,0.11280042252034195
5-15C,4.0,157.0379,-0.055739978888027876,0.0904219356535595
5-15C,4.0,157.0504,-0.7970666086978859,0.05847223935657709
5-15C,4.0,159.0297,1.395055327373813,0.30143548494431116
5-15C,4.0,159.0775,-0.5688858608195155,0.03915109716145925
5-15C,4.0,160.0616,0.49585413604453243,0.6032780568216316
5-15C,4.0,161.0453,0.9351883076972937,0.4672924373922652
5-15C,4.0,162.0424,-0.3132698317008541,0.15030493232235442
5-15C,4.0,163.0351,-1.0236646573233164,0.30223697683759
5-15C,4.0,163.0398,1.3381893473530513,0.17578788226108572
5-15C,4.0,163.0611,0.08817717775402284,1.4825179216026696
5-15C,4.0,164.0716,-0.34582414506659676,0.06989871086725673
5-15C,4.0,165.03,-0.2400387848400729,0.4816393544235871
5-15C,4.0,165.0405,-0.4131649323342595,0.5888598987623901
5-15C,4.0,165.0556,-0.6796647053640701,0.10066877033206682
5-15C,4.0,166.0508,0.2215845324452747,0.08931463815916808
5-15C,4.0,166.0632,-0.815139266406168,0.37286254205193053
5-15C,4.0,166.9759,-0.9563701037720228,0.09948367158252122
5-15C,4.0,167.0207,-0.4734243033570611,0.35264116306930365
5-15C,4.0,167.0358,-0.49186790974151073,0.45568880709995824
5-15C,4.0,167.0828,0.4675959476467207,0.25968342577194736
5-15C,4.0,168.0277,-0.20443427875346112,0.022924318500690977
5-15C,4.0,168.0664,1.7023047124006543,1.0978734838714486
5-15C,4.0,170.0455,-0.7260407495719226,0.0223291052851724
5-15C,4.0,171.0065,-0.896711761814982,0.03559467544979012
5-15C,4.0,171.0092,-0.6915187674164424,0.32187391130792525
5-15C,4.0,171.0284,-0.45706248567648017,0.03837719914673136
5-15C,4.0,172.0616,-0.20726035488838832,0.22883699603500726
5-15C,4.0,172.962,-0.5598081569846615,0.12596078991048124
5-15C,4.0,173.0089,-0.7380974123976973,0.090003711326981
5-15C,4.0,173.0453,-0.40628126314410334,0.17450934989696684
5-15C,4.0,173.0932,-0.7592295857093883,0.052293866762465134
5-15C,4.0,173.1041,-0.2686143256755954,0.18249202726848737
5-15C,4.0,174.0407,-0.6715209327030578,0.02514169518304072
5-15C,4.0,174.088,-0.5307694775146706,0.25626830580223015
5-15C,4.0,175.022,-0.7567804276598232,0.11827600481043367
5-15C,4.0,175.0361,-0.3641938035454018,0.06253898016168562
5-15C,4.0,175.0611,-0.7147819600470713,0.038020098824934706
5-15C,4.0,176.0776,-0.5905517507438458,0.1287352900887372
5-15C,4.0,177.0402,0.8094766600365328,0.3953047734803465
5-15C,4.0,177.0553,0.8288028391336217,0.3314028911901635
5-15C,4.0,178.0509,0.09861024190554665,0.04827356243644143
5-15C,4.0,179.0348,1.3386125070919335,0.15605355431473772
5-15C,4.0,179.0561,0.42445538450876497,0.07796910331781395
5-15C,4.0,180.0663,0.42244516411417593,0.09130425886519193
5-15C,4.0,181.0505,-0.6342134332951721,0.08329857208960363
5-15C,4.0,182.9725,0.813547350322878,0.254485478948973
5-15C,4.0,183.0661,0.09046892603884818,0.6430909962727717
5-15C,4.0,184.0017,-0.10680257562699405,0.09241936085155364
5-15C,4.0,184.9856,-0.49227117770208606,0.057112971483870095
5-15C,4.0,186.1136,-0.1842959258868121,0.3835106193898113
5-15C,4.0,187.0234,-1.091137237498422,0.182483770163447
5-15C,4.0,188.035,1.7191147382652496,0.5719863475456729
5-15C,4.0,188.0565,0.014177214001411618,0.038434792741413655
5-15C,4.0,189.0405,-0.3698758738715112,0.09962005992396954
5-15C,4.0,191.0197,-0.528159607253715,0.14933280673112828
5-15C,4.0,191.0561,-0.6188875383205086,0.05247207824947521
5-15C,4.0,192.0663,2.1863058619106734,0.7019853653415626
5-15C,4.0,193.0349,-0.48607950189857024,0.3187692585600671
5-15C,4.0,194.0682,-0.9356994955847528,0.14181418895752804
5-15C,4.0,194.0822,0.7990709478230394,0.2848518958111255
5-15C,4.0,195.0509,1.4603992248308955,0.20212132679416403
5-15C,4.0,195.0657,0.836039544376489,0.2000197549504331
5-15C,4.0,196.0603,-0.15945920855347495,0.26942737241526915
5-15C,4.0,198.0182,-0.34985411967871044,0.4180838960183775
5-15C,4.0,199.0019,-0.7994039713849381,0.1645522292601223
5-15C,4.0,200.9937,0.3350983008108752,0.2995446951348813
5-15C,4.0,201.0051,0.1144829055698596,0.525891097122577
5-15C,4.0,203.0348,-0.1414909118874727,0.20086401139256602
5-15C,4.0,203.0826,-0.05642790098163468,0.04721074090109999
5-15C,4.0,204.0498,-0.09663112377637391,0.6285272858433224
5-15C,4.0,205.0351,-0.8270909904605876,0.18132183306853925
5-15C,4.0,206.0822,1.9615554911704136,1.0015639220508041
5-15C,4.0,209.0292,-0.8872929159911889,0.29912672698339626
5-15C,4.0,209.0814,0.5367122219476554,0.14734907275310163
5-15C,4.0,211.0235,-0.9119431171742063,0.19164083103423246
5-15C,4.0,211.9968,-0.740537929421335,0.037208548228011555
5-15C,4.0,212.0331,0.11991333475586126,0.5351178594006526
5-15C,4.0,212.9807,-0.761261642260822,0.07184455277342797
5-15C,4.0,213.014,-0.9187415931895047,0.22500145642024486
5-15C,4.0,213.0384,-0.7402105525425584,0.10443915363167443
5-15C,4.0,213.1252,-0.26586852750837886,0.1397792658605468
5-15C,4.0,214.0488,0.4580826806131392,1.0048996469064426
5-15C,4.0,215.0331,0.7587647780375324,0.10214756630702011
5-15C,4.0,216.1351,1.6114883036898497,0.28173814929284524
5-15C,4.0,218.0335,0.9041075245754897,0.0889533561883946
5-15C,4.0,218.1034,0.15348664418828106,0.09814840350225473
5-15C,4.0,220.0828,0.48323771079897754,0.5748983723569964
5-15C,4.0,221.0443,0.7376783659067194,0.12084289701017863
5-15C,4.0,221.0664,0.6258714705727926,0.2637554840927407
5-15C,4.0,225.0399,0.07794515805446359,0.2819038419493633
5-15C,4.0,225.0861,-0.6261952152471599,0.5614716232200834
5-15C,4.0,225.0901,0.11855313110392837,0.784933920785551
5-15C,4.0,226.0135,-0.6932923039755112,0.17870096331304605
5-15C,4.0,226.0697,0.32599792755996243,0.31665537582184705
5-15C,4.0,228.0501,-0.4650241724799992,0.4413974312721579
5-15C,4.0,229.0122,-0.3522265750323755,0.08980933550144099
5-15C,4.0,237.0614,-0.2794841658879251,0.2193470012674254
5-15C,4.0,238.0945,-0.6369167830845728,0.20148574918729836
5-15C,4.0,240.0515,-0.10755308377212253,0.0444413448772766
5-15C,4.0,241.0844,-0.900882886513753,0.2630891010560444
5-15C,4.0,242.0804,-0.12810416028391264,0.9575787209353337
5-15C,4.0,243.029,-0.701766680216394,0.15557054599976033
5-15C,4.0,243.0625,-0.927268113866967,0.11314044435585846
5-15C,4.0,245.0444,-0.828599008726512,0.29701896568045155
5-15C,4.0,246.0198,-1.0455102271701433,0.19156357849562616
5-15C,4.0,246.064,0.542853110567599,0.2981448513127666
5-15C,4.0,251.0816,0.04906210850355003,1.4461675955368645
5-15C,4.0,253.0119,0.9424127172340955,0.04354808606002762
5-15C,4.0,253.0499,0.4109072369407603,0.6006524088313033
5-15C,4.0,257.0072,-0.4005184322850659,0.6138264836332017
5-15C,4.0,257.1028,-0.1316414762290942,0.27366753749889206
5-15C,4.0,259.005,-0.8762081090742804,0.3034130085891222
5-15C,4.0,259.0227,0.6991438164866173,0.12348599776987053
5-15C,4.0,261.0385,-0.588503873075953,0.25476615357006377
5-15C,4.0,266.0703,0.0788618853413267,0.1961570733020234
5-15C,4.0,267.0724,-0.6569586529584408,0.011802122102307997
5-15C,4.0,268.02,-0.7060852863477668,0.47411999085730516
5-15C,4.0,269.0398,-0.843503891970319,0.14835131480701447
5-15C,4.0,271.0612,0.008301001714034643,0.17058745488687108
5-15C,4.0,271.0815,0.369889972338944,1.0044658809833404
5-15C,4.0,273.0021,-0.8001299676711564,0.11401263300994234
5-15C,4.0,274.0933,-0.19554666037321458,0.12344683396762952
5-15C,4.0,275.0184,0.2480453434019242,0.5627613859000198
5-15C,4.0,275.0991,-0.6615235189137156,0.11295067290650707
5-15C,4.0,277.1207,0.5674071153183673,0.09250420739115643
5-15C,4.0,277.2169,-0.397974168837455,0.34842383687826467
5-15C,4.0,279.2331,-0.30833126656820575,0.039850559471537234
5-15C,4.0,282.0839,0.5369806482033189,0.4321714711884205
5-15C,4.0,283.2063,-0.05065985616615074,0.12586459858610813
5-15C,4.0,285.0972,-0.6362442452359203,0.7741466931457002
5-15C,4.0,287.0157,0.04015000265806019,0.3007703508450167
5-15C,4.0,288.0725,1.1336621498226913,0.2963875975027337
5-15C,4.0,289.0333,0.25428121250128943,0.21417222988842272
5-15C,4.0,289.1044,-0.375116173548685,0.365188772794236
5-15C,4.0,290.9677,1.1778179920978369,0.17757808760086816
5-15C,4.0,294.0479,0.5779403541076495,0.6087294005701492
5-15C,4.0,300.0509,1.2318863736022037,1.0691755616445857
5-15C,4.0,301.0333,-0.22996391314131973,0.34593904447666124
5-15C,4.0,303.2326,0.05019583973700659,0.9598402559623331
5-15C,4.0,305.0207,0.1546261454197833,0.24602348083374992
5-15C,4.0,306.0481,-0.9417576332189476,0.19604762809352902
5-15C,4.0,306.0765,-0.21770409558106774,0.03662630338295482
5-15C,4.0,308.0986,1.2501386175296612,0.12147456284445121
5-15C,4.0,313.0441,-0.7520833161858945,0.19257849180551695
5-15C,4.0,313.1037,-0.7971075837560879,0.751664538166962
5-15C,4.0,317.026,0.28275358116557747,0.8257999283887778
5-15C,4.0,323.0256,-0.8294153406811715,0.34375992994456267
5-15C,4.0,325.1163,-0.154876062086918,0.24889437967501554
5-15C,4.0,328.0457,-0.23208024977342684,0.14409642198747197
5-15C,4.0,333.0589,-0.5969081516151846,0.267212659888924
5-15C,4.0,338.9884,-0.7073710402669775,0.11603978427668053
5-15C,4.0,339.0928,1.3067480891192793,0.671137607455327
5-15C,4.0,341.1089,0.2968638083469952,0.2465513259327368
5-15C,4.0,344.0393,-0.7353912822667996,0.17449433156295732
5-15C,4.0,346.0556,-0.47915468562489505,0.19477006248820197
5-15C,4.0,348.087,-0.9490228047672749,0.12385327651689886
5-15C,4.0,353.0489,-0.8799944078477709,0.5032056521789035
5-15C,4.0,357.089,-0.5587302199773949,0.14020801425451573
5-15C,4.0,375.131,-0.31818227716681147,0.471903341759851
5-15C,4.0,377.1496,-0.4291177535302299,0.23554309209059937
5-15C,4.0,383.1188,0.03932617306686871,0.5589497743980771
5-15C,4.0,388.9416,1.411505264304647,0.46474677652776336
5-15C,4.0,388.9442,1.1614939188419124,0.6400873060071349
5-15C,4.0,401.0756,0.8546803676466261,0.12420573927718444
5-15C,4.0,407.2795,0.5204612221199251,0.3355316737450438
5-15C,4.0,421.0743,-0.12912549072671764,0.4483204751996587
5-15C,4.0,426.0222,-0.4552164777719717,0.22172437608091874
5-15C,4.0,442.9997,-0.14623481567346425,0.09871177543690346
5-15C,4.0,466.9657,0.22768526339352677,0.3524750277057955
5-15C,4.0,490.9787,0.4217982417392946,0.762758816096753
5-15C,4.0,503.1614,-0.37312767021257265,0.37241828443834574
5-15C,4.0,547.0731,-0.2533886601482108,0.2554543760058214
5-15C,4.0,565.0471,0.3459758058191781,0.18370742450978333
5-15C,4.0,578.8872,1.058892252138663,0.17581681219215511
5-15C,4.0,579.0269,1.4933244650799555,0.13598741655415122
5-15C,4.0,612.2549,-0.7072933568563893,0.3947025470127662
5-15C,4.0,624.2949,-0.9221280713512532,0.2288426254207347
5-15C,4.0,659.307,-0.6217996560723674,0.0859985643041299
5-15C,4.0,664.0939,-0.609293231356616,0.11987237772703453
5-15C,4.0,665.2144,-0.9400421606744073,0.3569180422167309
5-15C,4.0,668.1374,-0.6160574181700466,0.0002674812399484249
5-15C,4.0,787.255,-0.7843070811810073,0.306916274287611
5-15C,4.0,790.2568,-0.0499846943519361,0.5015500022413784
5-15C,4.0,835.0407,-0.5614559161036784,0.21570857615167893
5-15C,4.0,863.2971,-0.6423337994553893,0.12527782296235637
5-15C,4.0,864.1473,-0.9634552174930827,0.24544537156585972
5-15C,4.0,974.2935,-0.764528278592365,0.34109929294481156
5-15C,4.0,976.7162,0.3898013121159175,0.03393279658640497
5-15C,5.0,57.0342,0.4937867423352157,0.11431677430302244
5-15C,5.0,58.0295,-0.7333309136689644,0.211044782275653
5-15C,5.0,59.0135,0.7385103576372354,0.1964467228719417
5-15C,5.0,71.0137,0.7999430621005358,0.1756654489737501
5-15C,5.0,73.0293,-0.6366419253062126,0.05269330780077414
5-15C,5.0,74.0247,1.9821392236478772,0.4290958148360235
5-15C,5.0,75.0087,0.7614126267728325,0.2874786348648249
5-15C,5.0,87.0088,-0.6564997710419005,0.010290153033190752
5-15C,5.0,87.0451,0.4783356985747691,0.5835541317442958
5-15C,5.0,88.0403,-0.6809604479187583,0.067002521509354
5-15C,5.0,88.9883,-0.3155563395692019,0.4805893664578043
5-15C,5.0,89.0244,-0.46612354267525624,0.11959164630179327
5-15C,5.0,93.0338,-0.04055786296269339,0.006377677556094677
5-15C,5.0,94.9761,-0.714637869914835,0.3872207920374292
5-15C,5.0,94.9806,0.7881584090706657,0.2779278915011556
5-15C,5.0,95.0139,0.5599472320693356,0.3055676050489171
5-15C,5.0,101.0242,0.361037747151812,0.22094137439043315
5-15C,5.0,102.056,-0.286993345343052,0.0924983133325402
5-15C,5.0,103.0402,-0.7103888660418509,0.01450407568884056
5-15C,5.0,103.0509,-0.6545140422826021,0.1180030325046385
5-15C,5.0,104.0352,0.6472567968677612,0.33551504840273866
5-15C,5.0,105.0193,-0.07219552563087861,0.38498462574496795
5-15C,5.0,107.0503,0.10036271587926489,0.5544141210937192
5-15C,5.0,109.0295,0.818042649166965,0.2937640618213439
5-15C,5.0,111.02,0.26017086548453283,0.08308687681656887
5-15C,5.0,112.0516,0.07721045544916758,0.6958625497617692
5-15C,5.0,113.0244,0.8171469495440589,0.13994754372200796
5-15C,5.0,113.0357,0.5130605416629799,0.20612700633268483
5-15C,5.0,114.056,0.18341044896472256,0.02600560394822058
5-15C,5.0,115.0037,-0.43440379440451693,0.05207569850202505
5-15C,5.0,115.0402,-0.215839438734513,0.42534741218732486
5-15C,5.0,115.0764,-0.03925189492368412,0.4847088568577627
5-15C,5.0,116.0354,1.6683253724930556,0.49229108091546725
5-15C,5.0,116.0717,-0.6177739471268795,0.013095558497301797
5-15C,5.0,117.0194,-0.6486856489908736,0.03526822417799302
5-15C,5.0,118.0508,-0.004057211700062992,0.26704664181636034
5-15C,5.0,118.9804,0.7993770894376387,0.24105326631201263
5-15C,5.0,119.0503,0.3321784110425784,0.2670602478467936
5-15C,5.0,120.9273,-0.307091725556021,0.2315478915140025
5-15C,5.0,121.0295,0.43804446709309763,0.6034384132895736
5-15C,5.0,121.0409,0.46454043416889695,0.33930359948320477
5-15C,5.0,122.0248,0.14609069581550962,0.36554825785650674
5-15C,5.0,124.0075,-0.4547158224692852,0.19955660166377223
5-15C,5.0,124.0144,0.9520452170930069,0.3870561600770918
5-15C,5.0,125.0439,0.6755489165431694,0.28727393458566525
5-15C,5.0,127.0764,0.7248669185073355,0.6411303570713196
5-15C,5.0,128.0354,1.193355811946879,0.12397378657135348
5-15C,5.0,129.0193,-0.32163884858542946,0.12276946164963645
5-15C,5.0,129.0556,0.19691827785293511,0.8844799484780829
5-15C,5.0,130.0142,-0.4413327146004744,0.21675470160246374
5-15C,5.0,130.0509,-0.5426811185657406,0.06606340667561973
5-15C,5.0,130.0874,-0.7667603457851611,0.04098544397811729
5-15C,5.0,131.0008,-0.9681464714029873,0.9717927098941013
5-15C,5.0,131.0123,-0.6393778903948555,0.03457046802540749
5-15C,5.0,131.035,0.5987257683526246,0.18625645195066895
5-15C,5.0,131.0462,0.4269166795033399,0.34468902666642
5-15C,5.0,131.0828,-0.2855367567335536,0.11632915642591833
5-15C,5.0,132.0302,-0.01822810862036831,0.08869786887096644
5-15C,5.0,133.0142,-0.31481135040733776,0.07698740920672625
5-15C,5.0,133.0257,-0.32258460300188097,0.137713130362431
5-15C,5.0,133.0505,-0.22473493001693262,0.09637033221299303
5-15C,5.0,134.0472,0.06978829729295738,0.0729375379507851
5-15C,5.0,134.0604,-0.07668395778360534,0.3010954437084546
5-15C,5.0,135.0302,-0.4896010402231039,0.06840906142635766
5-15C,5.0,135.0453,0.43012489722314906,0.1942571112006353
5-15C,5.0,136.0404,3.6785801442470234,0.35405125539869
5-15C,5.0,136.0487,0.8256526646694895,0.14659792982649986
5-15C,5.0,136.0767,0.13205193231777201,0.24361865370968436
5-15C,5.0,137.0239,-0.12047153380572533,0.17252442523637967
5-15C,5.0,138.9789,-0.1453204425229081,0.34919323172677913
5-15C,5.0,139.0014,0.03144628474406533,0.08081317044409936
5-15C,5.0,139.0067,-0.6681070060579258,0.059263659054039165
5-15C,5.0,139.976,-0.40654236536684324,0.547177731696291
5-15C,5.0,143.0713,0.05748901631729872,0.19157549095477588
5-15C,5.0,143.1077,0.06108254388371416,0.49861674901968145
5-15C,5.0,145.0141,-0.2799879224025348,0.08238648244842105
5-15C,5.0,145.0506,-0.8392855852694394,0.12446964352928568
5-15C,5.0,145.0623,-0.8655939636077249,0.3281004329370404
5-15C,5.0,145.0982,-0.20237129819557134,0.24247421266260935
5-15C,5.0,145.1106,-0.2174559210904257,0.7228289017977343
5-15C,5.0,146.0459,0.02055613433413747,0.03051875806948062
5-15C,5.0,147.0298,-0.6597885121734594,0.05013770426301196
5-15C,5.0,147.0662,0.10349290449650776,0.11632619375708292
5-15C,5.0,149.0092,0.4058134367916395,0.9751245900718959
5-15C,5.0,149.0456,1.1375436936938432,0.27615182828412566
5-15C,5.0,149.0608,0.5536452696728895,0.40381145599420065
5-15C,5.0,150.0422,-0.40664240934563417,0.5065613774709232
5-15C,5.0,150.9707,-0.18526364365630413,0.3717324838084597
5-15C,5.0,151.0259,-0.7334285802850424,0.09124219186496478
5-15C,5.0,151.04,-0.12714635274336042,0.4598895525282007
5-15C,5.0,151.06,-0.14176689044060356,0.5631808443741976
5-15C,5.0,152.0353,0.21961605075838397,0.5763413019053029
5-15C,5.0,152.0716,0.23387808785654512,0.5052180112997119
5-15C,5.0,153.0192,1.1387887294367705,0.2302884615322006
5-15C,5.0,154.062,-0.2870853082842609,0.1039815459533452
5-15C,5.0,154.9751,-0.6010068542446723,0.012678116837333164
5-15C,5.0,155.0099,0.3016940467812035,0.12050248249662251
5-15C,5.0,157.0128,-0.47374949279842926,0.05314125004140107
5-15C,5.0,157.0255,0.2752335073815933,0.09366852584921083
5-15C,5.0,157.0379,0.23474831389440892,0.165063235224762
5-15C,5.0,157.0504,-0.5522509365761619,0.08637502345047739
5-15C,5.0,159.0297,0.4071909344009299,0.21823629935372174
5-15C,5.0,159.0775,-0.18189637393539015,0.10287414085850032
5-15C,5.0,160.0616,0.33399476394593297,0.48891204431742674
5-15C,5.0,161.0453,0.3147831464790846,0.3090051679976429
5-15C,5.0,162.0424,0.019759164462544367,0.25414457875523183
5-15C,5.0,163.0351,-1.0510484718702888,0.10655457231221444
5-15C,5.0,163.0398,1.716636223627214,0.12264377223381254
5-15C,5.0,163.0611,0.9937041914146647,0.7561068290395
5-15C,5.0,164.0716,-0.4148989652146703,0.09896559852740743
5-15C,5.0,165.03,0.9946179722288437,0.8684679655868148
5-15C,5.0,165.0405,0.5530193712047669,0.6478987760188718
5-15C,5.0,165.0556,-0.5161030482583564,0.1068762711674308
5-15C,5.0,166.0508,-0.3165213270527972,0.3501144509367474
5-15C,5.0,166.0632,0.11664320153306529,0.7008694458524147
5-15C,5.0,166.9759,-0.8024840582682734,0.315724588214363
5-15C,5.0,167.0207,-0.2841661637607763,0.2936556976279295
5-15C,5.0,167.0358,0.29806550456342845,0.38564623149906796
5-15C,5.0,167.0828,-0.07474257655001859,1.1213168511631404
5-15C,5.0,168.0277,-0.193017650453156,0.03629825122644112
5-15C,5.0,168.0664,0.0026578438872741778,0.23490115848952764
5-15C,5.0,170.0455,-0.6995159941041373,0.012254594090699362
5-15C,5.0,171.0065,-0.49856949478770984,0.24044209720836277
5-15C,5.0,171.0092,-0.61450108509492,0.22544009169436496
5-15C,5.0,171.0284,-0.2344136462951289,0.03062708526406834
5-15C,5.0,172.0616,0.13011269318061766,0.18517934917156745
5-15C,5.0,172.962,-0.400116691297051,0.05231980809708517
5-15C,5.0,173.0089,-0.610799067794024,0.1547673111998769
5-15C,5.0,173.0453,-0.42591097039293646,0.2554434066959446
5-15C,5.0,173.0932,-0.7442103473008834,0.02268332181210512
5-15C,5.0,173.1041,-0.5443493902157817,0.19162703680273385
5-15C,5.0,174.0407,-0.4846016094839386,0.03350974012518675
5-15C,5.0,174.088,-0.7729307920703111,0.049399405593157544
5-15C,5.0,175.022,-0.6761163552875831,0.19090036599035226
5-15C,5.0,175.0361,-0.07063374396969116,0.08206506434428862
5-15C,5.0,175.0611,-0.45886035244519285,0.0664389212058897
5-15C,5.0,176.0776,-0.41556459415460345,0.22730455652811604
5-15C,5.0,177.0402,0.3537047086823917,0.24443933868919265
5-15C,5.0,177.0553,0.15300150532505796,0.42149071211356254
5-15C,5.0,178.0509,-0.19513901514735943,0.04272756027602478
5-15C,5.0,179.0348,1.704558447210067,0.16457632985934942
5-15C,5.0,179.0561,0.6994531435098302,0.13345961515624935
5-15C,5.0,180.0663,0.6775564487483898,0.1610664743828254
5-15C,5.0,181.0505,-0.4485564203197586,0.21469442834398367
5-15C,5.0,182.9725,0.6739684403287308,0.1781572285266326
5-15C,5.0,183.0661,0.2111587278873479,0.885095945015651
5-15C,5.0,184.0017,-0.15463191133803333,0.057137281741847804
5-15C,5.0,184.9856,-0.6370548124507502,0.15835321026500326
5-15C,5.0,186.1136,-0.5810746657961219,0.49835370650588484
5-15C,5.0,187.0234,-0.9894711487363679,0.2818269129231998
5-15C,5.0,188.035,0.8709561084240067,1.0429634577266693
5-15C,5.0,188.0565,0.3201526291466551,0.08794556448151065
5-15C,5.0,189.0405,-0.25701580928811574,0.18903662903319338
5-15C,5.0,191.0197,-0.4420776559949202,0.21447073163599983
5-15C,5.0,191.0561,-0.35046637920043117,0.09649399970687217
5-15C,5.0,192.0663,-0.147921427472738,0.5078854769995271
5-15C,5.0,193.0349,0.1515021227615252,0.4489374153632575
5-15C,5.0,194.0682,-1.000248880040687,0.09264783270927675
5-15C,5.0,194.0822,0.17927649421103728,0.3008035555541708
5-15C,5.0,195.0509,1.6217849586848185,0.2667162685448754
5-15C,5.0,195.0657,0.7793187805660066,0.7345738276814745
5-15C,5.0,196.0603,-0.24223621692201314,0.20723597705978533
5-15C,5.0,198.0182,-0.667415673847178,0.32896053346197923
5-15C,5.0,199.0019,-0.9592220462377453,0.23957539885043067
5-15C,5.0,200.9937,-0.13967888819284913,0.19820953001698335
5-15C,5.0,201.0051,-0.48834805948795745,0.4382267955002109
5-15C,5.0,203.0348,-0.36691126523213446,0.0814654746173965
5-15C,5.0,203.0826,-0.08005244970078719,0.008072380991103497
5-15C,5.0,204.0498,0.950352046499825,0.5614496049480235
5-15C,5.0,205.0351,-0.7712704520637219,0.1270583953366853
5-15C,5.0,206.0822,0.916423632367644,0.3807888537733025
5-15C,5.0,209.0292,-0.3870540771121953,0.10569176756710054
5-15C,5.0,209.0814,-0.32203055723098445,0.7484698642563616
5-15C,5.0,211.0235,-0.8813146076235987,0.03577347546473759
5-15C,5.0,211.9968,-0.5451388325568067,0.17085997883401832
5-15C,5.0,212.0331,-0.12688627759112317,0.4226757904250508
5-15C,5.0,212.9807,-0.5606716653497261,0.07871537542630964
5-15C,5.0,213.014,-1.05512601708177,0.11371285917850887
5-15C,5.0,213.0384,-0.7194063319603897,0.19738450862410312
5-15C,5.0,213.1252,0.3539035899241886,0.6816701588477393
5-15C,5.0,214.0488,-0.4157990471478393,0.8203577616180245
5-15C,5.0,215.0331,0.8431217114787539,0.1545583687900143
5-15C,5.0,216.1351,2.5741652289925008,0.21606453170049952
5-15C,5.0,218.0335,0.8437168523619047,0.12386674718397339
5-15C,5.0,218.1034,0.6050205903753754,0.10982698935834768
5-15C,5.0,220.0828,0.6475120694620331,0.6969277457960157
5-15C,5.0,221.0443,0.7504027686142672,0.19277343879746087
5-15C,5.0,221.0664,0.3341068490361371,0.4386022112108979
5-15C,5.0,225.0399,0.0619224261940711,0.2410085917334036
5-15C,5.0,225.0861,-0.14568335007461564,0.2719928520038397
5-15C,5.0,225.0901,-0.6798526799721805,0.2835734506785779
5-15C,5.0,226.0135,0.004043653250827325,0.22837363652362827
5-15C,5.0,226.0697,0.2814166714766563,0.35942540522102806
5-15C,5.0,228.0501,-0.2825456484987487,0.33220505089794555
5-15C,5.0,229.0122,-0.026284027401858083,0.1411538577855376
5-15C,5.0,237.0614,-0.18979998203931664,0.24180980268406638
5-15C,5.0,238.0945,-0.7445649187861172,0.14487670466955505
5-15C,5.0,240.0515,-0.09955024612936059,0.07113175788059768
5-15C,5.0,241.0844,-0.5057481412287516,0.822670098853313
5-15C,5.0,242.0804,-0.09145295497869177,0.7085214983086094
5-15C,5.0,243.029,-0.0043989893581105124,0.25391460875584254
5-15C,5.0,243.0625,-1.029683176228059,0.2259062482988747
5-15C,5.0,245.0444,-0.6573067596604815,0.1659566736134647
5-15C,5.0,246.0198,-0.38997704221514884,0.2256867368625077
5-15C,5.0,246.064,0.4891993652487352,0.9245262975501211
5-15C,5.0,251.0816,1.120546133703649,0.5229120511541523
5-15C,5.0,253.0119,1.399588227671829,0.13626619081134678
5-15C,5.0,253.0499,0.4570136117463224,0.6265746627270722
5-15C,5.0,257.0072,-0.6390801958496631,0.23044339634738387
5-15C,5.0,257.1028,-0.02671629169013641,0.516988432511492
5-15C,5.0,259.005,-0.6024981669211831,0.6040486740777989
5-15C,5.0,259.0227,0.6274660441186648,0.22794300973637305
5-15C,5.0,261.0385,-0.08658320979850093,0.1511914938638319
5-15C,5.0,266.0703,-0.050987123835734796,0.18922688495777581
5-15C,5.0,267.0724,-0.5749847727741644,0.053946124878173386
5-15C,5.0,268.02,-0.4417398513888434,0.5016769366283278
5-15C,5.0,269.0398,-0.5964423830753349,0.14320756722759354
5-15C,5.0,271.0612,-0.46834114757843115,0.45001578475578846
5-15C,5.0,271.0815,-0.21373143477561862,0.277532830034505
5-15C,5.0,273.0021,-0.6005491880801992,0.11857003132364126
5-15C,5.0,274.0933,0.08698539024573525,0.1690065392109205
5-15C,5.0,275.0184,0.7256174154218642,0.687384116437388
5-15C,5.0,275.0991,-0.6266174132078483,0.22494680201410977
5-15C,5.0,277.1207,0.6757674081329834,0.14927383191702653
5-15C,5.0,277.2169,-0.2738905538349007,0.30876909239975253
5-15C,5.0,279.2331,-0.34939272630811935,0.020102792999720197
5-15C,5.0,282.0839,1.0419074511403565,0.4852277631963604
5-15C,5.0,283.2063,-0.18004783461270796,0.2805625403931053
5-15C,5.0,285.0972,-0.775983288656551,0.49277934658091715
5-15C,5.0,287.0157,0.22800230013624073,0.8363597910358455
5-15C,5.0,288.0725,1.2341198509501823,0.13950159945477184
5-15C,5.0,289.0333,-0.6916092511045602,0.5574120854238767
5-15C,5.0,289.1044,-0.4368387188165447,0.156974466309405
5-15C,5.0,290.9677,1.6845558387677022,0.14408217386439034
5-15C,5.0,294.0479,-0.13409327304853297,0.3172168386530721
5-15C,5.0,300.0509,0.43904407582852606,0.3601973378237609
5-15C,5.0,301.0333,-0.05289438130450491,0.6172593478410464
5-15C,5.0,303.2326,0.4273471083735632,1.0848870625894802
5-15C,5.0,305.0207,0.5666393348327671,0.1276381336369573
5-15C,5.0,306.0481,-0.8248125610240005,0.15120264825146304
5-15C,5.0,306.0765,-0.2603841485376489,0.03506739486019175
5-15C,5.0,308.0986,1.702646028479181,0.050314400211533376
5-15C,5.0,313.0441,-0.8145329883918468,0.34417185977724396
5-15C,5.0,313.1037,-0.6170535057738114,0.33471163893608796
5-15C,5.0,317.026,0.14910720548501355,0.8969370021612866
5-15C,5.0,323.0256,-0.17860096675076492,0.1977456263538726
5-15C,5.0,325.1163,-0.1488460280996871,0.15130549638226523
5-15C,5.0,328.0457,0.21100267052664962,0.06417020499981564
5-15C,5.0,333.0589,-0.30222540455591484,0.35461967974474823
5-15C,5.0,338.9884,-0.5467848074967496,0.28509079329866993
5-15C,5.0,339.0928,0.6188542251788239,0.8226968854901165
5-15C,5.0,341.1089,0.18011884350422674,0.30993932987587625
5-15C,5.0,344.0393,-0.45412160241237076,0.1533280762308519
5-15C,5.0,346.0556,-0.3762967668839307,0.1578259882002946
5-15C,5.0,348.087,-0.7974631831814604,0.11216160863194567
5-15C,5.0,353.0489,-0.6488579432053863,0.18982871674839616
5-15C,5.0,357.089,-0.6032087741756668,0.10944482587726778
5-15C,5.0,375.131,0.7586385854356138,0.8620134763859987
5-15C,5.0,377.1496,0.4074233312587183,0.3473276367624355
5-15C,5.0,383.1188,0.6621238035026841,0.38370464219739825
5-15C,5.0,388.9416,1.3189637513572467,0.5171942899091767
5-15C,5.0,388.9442,1.0435781200863539,0.41011321242355003
5-15C,5.0,401.0756,0.7547355899388748,0.10792839704104472
5-15C,5.0,407.2795,-0.1517708496244701,0.11011836403469098
5-15C,5.0,421.0743,-0.41815183946138235,0.39526995472508974
5-15C,5.0,426.0222,-0.40941728758479157,0.4782284061750125
5-15C,5.0,442.9997,-0.027473803256872986,0.25716245614066824
5-15C,5.0,466.9657,0.6165409063103786,0.17633904767847408
5-15C,5.0,490.9787,0.34635516505990127,0.7553116138037059
5-15C,5.0,503.1614,0.3335283561428484,0.34782880743627687
5-15C,5.0,547.0731,0.007984654762457017,0.11563062087870203
5-15C,5.0,565.0471,0.23232938667339798,0.44719444656860197
5-15C,5.0,578.8872,1.0348678451062845,0.07996911430307443
5-15C,5.0,579.0269,0.5701054706362689,0.39005712764104705
5-15C,5.0,612.2549,-0.1630192695531502,0.4835591061709635
5-15C,5.0,624.2949,-0.5100222865846937,0.5352038195396426
5-15C,5.0,659.307,0.39252974519160344,0.3558999365385594
5-15C,5.0,664.0939,-0.48071905122650355,0.18139707979612552
5-15C,5.0,665.2144,-0.4168681648835233,0.4904056407982229
5-15C,5.0,668.1374,-0.6115636943275655,0.0008315381883121128
5-15C,5.0,787.255,0.8383234776933612,0.364667709897253
5-15C,5.0,790.2568,0.3730441627222446,0.3265865568353653
5-15C,5.0,835.0407,-0.6441533619847595,0.3253744839472192
5-15C,5.0,863.2971,-0.552819442019486,0.08826881618355822
5-15C,5.0,864.1473,-0.022257688302220392,0.34567826236121774
5-15C,5.0,974.2935,-0.09050674770495952,0.46521853294312204
5-15C,5.0,976.7162,0.8877609620977339,0.19129771405606066
5-15C,6.0,57.0342,0.4223407079668333,0.3344455999287153
5-15C,6.0,58.0295,-0.08290347458570174,0.3055769881799021
5-15C,6.0,59.0135,0.6266471829061167,0.20767459092519044
5-15C,6.0,71.0137,0.6225945122349101,0.0810190767123119
5-15C,6.0,73.0293,-0.3127993815622524,0.057285637112561905
5-15C,6.0,74.0247,2.0367847894920175,0.8888738142503471
5-15C,6.0,75.0087,0.09966828367575434,0.24490417780893894
5-15C,6.0,87.0088,-0.6090635641640998,0.02093112820048827
5-15C,6.0,87.0451,0.0929422841874516,0.11138269126974129
5-15C,6.0,88.0403,-0.43203195293505303,0.07806217947851632
5-15C,6.0,88.9883,-0.5204018420724894,0.2652473675600387
5-15C,6.0,89.0244,-0.4189960303146034,0.09368893268704678
5-15C,6.0,93.0338,-0.024967507296354982,0.008880314486366959
5-15C,6.0,94.9761,-0.8333904214902368,0.20900568774802475
5-15C,6.0,94.9806,0.6138089950438503,0.10960991414658086
5-15C,6.0,95.0139,0.4822790229447954,0.11165969163040168
5-15C,6.0,101.0242,0.16795274776525876,0.16825651632633495
5-15C,6.0,102.056,-0.2919492704711613,0.03059412801706498
5-15C,6.0,103.0402,-0.5392506442078131,0.025939455239791683
5-15C,6.0,103.0509,-0.5678744593931317,0.06965423520905258
5-15C,6.0,104.0352,-0.0992934794749348,0.18704830865478705
5-15C,6.0,105.0193,0.13901042111675982,0.4763478567703224
5-15C,6.0,107.0503,-0.05119995467162954,0.3130492691328152
5-15C,6.0,109.0295,1.1563705130914324,0.12317828605621903
5-15C,6.0,111.02,0.06063984317882097,0.032438238734999195
5-15C,6.0,112.0516,-0.20167781681049754,0.6903723060096884
5-15C,6.0,113.0244,0.613242405361609,0.035136905199796446
5-15C,6.0,113.0357,1.1017487729573558,0.05527879762093765
5-15C,6.0,114.056,0.765737831317174,0.02139663859291168
5-15C,6.0,115.0037,0.05976160923717329,0.019243479379991067
5-15C,6.0,115.0402,0.1147758654963382,0.25681820934070704
5-15C,6.0,115.0764,0.07331054358303071,0.24066260007333162
5-15C,6.0,116.0354,1.719078659196012,0.3503540278460438
5-15C,6.0,116.0717,-0.5634451470612942,0.02587014825149576
5-15C,6.0,117.0194,-0.3397845227410865,0.0356230103656913
5-15C,6.0,118.0508,0.29360848138917417,0.1524343418900808
5-15C,6.0,118.9804,0.4604474007045172,0.0460615067673068
5-15C,6.0,119.0503,0.41947468127969856,0.14357949497050923
5-15C,6.0,120.9273,-0.541375806336152,0.012176041889553567
5-15C,6.0,121.0295,0.5537664283685486,0.23758175984825974
5-15C,6.0,121.0409,0.3253013520903053,0.4646054883116904
5-15C,6.0,122.0248,0.6843620236156479,0.2721239704905418
5-15C,6.0,124.0075,-0.3893991561099295,0.12899334714170216
5-15C,6.0,124.0144,1.383604058305809,0.4163689031232138
5-15C,6.0,125.0439,0.7773932888754276,0.4381693542325651
5-15C,6.0,127.0764,0.03309196113757698,0.5041407698560512
5-15C,6.0,128.0354,1.4853489270057962,0.03230728991137503
5-15C,6.0,129.0193,-0.17708681766636197,0.05576718082978792
5-15C,6.0,129.0556,-0.41636227868763775,0.2723649365231916
5-15C,6.0,130.0142,-0.33732914906280664,0.5004229036138556
5-15C,6.0,130.0509,-0.12166033521320774,0.06253728968301824
5-15C,6.0,130.0874,-0.7388881109650021,0.05234256251259266
5-15C,6.0,131.0008,-0.9175089177444091,0.10605230139758395
5-15C,6.0,131.0123,-0.6036106170773439,0.04409023110061598
5-15C,6.0,131.035,0.44626548713546155,0.058604490080251134
5-15C,6.0,131.0462,0.2845550112512649,0.1137611317717026
5-15C,6.0,131.0828,-0.39372865156943737,0.12367825106391854
5-15C,6.0,132.0302,0.6059440845610651,0.07490745709561536
5-15C,6.0,133.0142,-0.06530204257200667,0.04645451385776154
5-15C,6.0,133.0257,-0.16209910911444192,0.08076380023205436
5-15C,6.0,133.0505,0.14716101363838832,0.08017828379856276
5-15C,6.0,134.0472,-0.1005641490171624,0.05608207653665589
5-15C,6.0,134.0604,0.47089808111956155,0.29963365107567536
5-15C,6.0,135.0302,-0.4349317218280855,0.13113579823588503
5-15C,6.0,135.0453,0.8355838085694787,0.08271087289315213
5-15C,6.0,136.0404,5.072185542329883,0.3710839219328681
5-15C,6.0,136.0487,1.4989267653229121,0.22209578500222857
5-15C,6.0,136.0767,-0.2933650195626935,0.392508159013408
5-15C,6.0,137.0239,-0.07719991260367394,0.06996436792041628
5-15C,6.0,138.9789,-0.3046686915093638,0.44878731174271813
5-15C,6.0,139.0014,0.3019097210041224,0.05462842280328492
5-15C,6.0,139.0067,-0.7129131412065302,0.020847410900030765
5-15C,6.0,139.976,-1.129139166789713,0.36839692845492217
5-15C,6.0,143.0713,-0.31137607175793863,0.4077806859637769
5-15C,6.0,143.1077,-0.14352073882803906,0.3140474120528096
5-15C,6.0,145.0141,-0.30834280941066733,0.09950082801863526
5-15C,6.0,145.0506,-0.7720724292176974,0.12805939324740528
5-15C,6.0,145.0623,-0.7209826285260057,0.1090095516053574
5-15C,6.0,145.0982,-0.7619677829915081,0.23531477007826793
5-15C,6.0,145.1106,-0.8501057228926772,0.612099538934357
5-15C,6.0,146.0459,0.0303294373251008,0.01907227527004145
5-15C,6.0,147.0298,-0.5028433306652065,0.08839198051688275
5-15C,6.0,147.0662,0.6042255057746269,0.09794250759285661
5-15C,6.0,149.0092,-0.050514893388943105,0.8110279401892225
5-15C,6.0,149.0456,1.6468164232666336,0.26431676896061895
5-15C,6.0,149.0608,0.08706086657042386,0.2523772402332906
5-15C,6.0,150.0422,-0.6137233811758057,0.41420377866576313
5-15C,6.0,150.9707,-0.0035307541465516706,0.6246634437979294
5-15C,6.0,151.0259,-0.6878074128073957,0.05941790705050852
5-15C,6.0,151.04,-0.08339620826429225,0.37306556265074975
5-15C,6.0,151.06,0.6395830950218188,1.354684779418526
5-15C,6.0,152.0353,-0.258945179075713,0.19274418804199162
5-15C,6.0,152.0716,0.026501721774042683,0.2470568447517073
5-15C,6.0,153.0192,1.1845271380307663,0.09597144577750193
5-15C,6.0,154.062,-0.39476283672726453,0.05161506606756336
5-15C,6.0,154.9751,-0.21467073878646986,0.06321306204074076
5-15C,6.0,155.0099,0.16401266555119026,0.028602370411131863
5-15C,6.0,157.0128,-0.5182692758697942,0.051046088586417314
5-15C,6.0,157.0255,0.8448509589138786,0.05394191649326546
5-15C,6.0,157.0379,0.775530693844452,0.04834906421392981
5-15C,6.0,157.0504,-0.15924508358397427,0.04094300364311984
5-15C,6.0,159.0297,0.8835553751391361,0.12324101386809576
5-15C,6.0,159.0775,0.2320648416923592,0.09532871256123653
5-15C,6.0,160.0616,0.746853452197433,0.5390087265109635
5-15C,6.0,161.0453,0.3688765493478401,0.07177273502770629
5-15C,6.0,162.0424,0.47819367027693127,0.1484942061789533
5-15C,6.0,163.0351,-0.9725439381106273,0.06961929706786958
5-15C,6.0,163.0398,2.488821405326769,0.14390159830361438
5-15C,6.0,163.0611,0.9470542594000926,1.0836605465298816
5-15C,6.0,164.0716,-0.46344816037980197,0.03222190515999282
5-15C,6.0,165.03,0.43176623160007005,0.6054431054284649
5-15C,6.0,165.0405,0.592430879133238,0.34895211327355835
5-15C,6.0,165.0556,0.5104760715085167,0.05522829303273123
5-15C,6.0,166.0508,-0.133170141792566,0.16687060852062677
5-15C,6.0,166.0632,-0.3684997363195933,0.1198891795644774
5-15C,6.0,166.9759,-0.4476520145073346,0.23142063719814507
5-15C,6.0,167.0207,-0.24381882411057934,0.3618750136009618
5-15C,6.0,167.0358,-0.3414347559985488,0.18311038515336103
5-15C,6.0,167.0828,0.7636133891405585,0.7496233140133061
5-15C,6.0,168.0277,-0.20787438860553983,0.04115946588827125
5-15C,6.0,168.0664,-0.6032973393625278,0.31461385026335054
5-15C,6.0,170.0455,-0.5617050528009739,0.03270515729673446
5-15C,6.0,171.0065,-0.5481958350140081,0.1400233963244533
5-15C,6.0,171.0092,-0.3733915891648034,0.11509530831230311
5-15C,6.0,171.0284,0.057865993606889765,0.050616074172356265
5-15C,6.0,172.0616,0.6512527974455764,0.2719442893444691
5-15C,6.0,172.962,-0.3595539461798845,0.03490174656429277
5-15C,6.0,173.0089,-0.27767789410643384,0.1328980628067051
5-15C,6.0,173.0453,-0.1312448031520259,0.10721932273369819
5-15C,6.0,173.0932,-0.6732031625737638,0.10798736721884984
5-15C,6.0,173.1041,-0.11557195410273605,0.2625276394780538
5-15C,6.0,174.0407,0.03855768097255624,0.03983632400270121
5-15C,6.0,174.088,-0.3564813459152337,0.13735786816820472
5-15C,6.0,175.022,-0.5182344726471237,0.09067923867456476
5-15C,6.0,175.0361,0.5765220547001696,0.08357117205826238
5-15C,6.0,175.0611,-0.14397841344265136,0.08703632051408113
5-15C,6.0,176.0776,-0.10538064216437026,0.16528219338921615
5-15C,6.0,177.0402,0.5329689507653516,0.4298268400921772
5-15C,6.0,177.0553,-0.27764706877088197,0.859521663350938
5-15C,6.0,178.0509,0.16836106150854746,0.041616753329538014
5-15C,6.0,179.0348,2.009070250535902,0.3643940036460184
5-15C,6.0,179.0561,0.42380277158067503,0.07519220072753069
5-15C,6.0,180.0663,0.3438978890726336,0.046426242359773856
5-15C,6.0,181.0505,1.1543330067573536,0.07577276435003741
5-15C,6.0,182.9725,0.38378655356382874,0.07886340195696799
5-15C,6.0,183.0661,-0.3783645349880162,0.3855121607647017
5-15C,6.0,184.0017,-0.12632742773917174,0.09647513988933594
5-15C,6.0,184.9856,-0.7552510714242068,0.05280173899436348
5-15C,6.0,186.1136,-0.9490890620872727,0.5871388698020797
5-15C,6.0,187.0234,-0.542587242089976,0.16351863957392432
5-15C,6.0,188.035,2.956237835294833,1.2074938813667464
5-15C,6.0,188.0565,1.1070115016090314,0.05604382610324399
5-15C,6.0,189.0405,0.23563257092963166,0.11955504395976972
5-15C,6.0,191.0197,-0.12654310222590306,0.2534520941644215
5-15C,6.0,191.0561,0.20868056853876793,0.14813743350494224
5-15C,6.0,192.0663,-0.08816092751527202,0.1958556635646037
5-15C,6.0,193.0349,-0.09329532106246852,0.3699025061146347
5-15C,6.0,194.0682,-0.8134193236224547,0.10323381469369919
5-15C,6.0,194.0822,-0.2091754849190445,0.5934093362161103
5-15C,6.0,195.0509,1.286010118153711,0.0676566590961954
5-15C,6.0,195.0657,-0.16720896552141912,0.7758051342547235
5-15C,6.0,196.0603,0.00654962691090108,0.12768792764634254
5-15C,6.0,198.0182,-0.29341745090076,0.2602171144889002
5-15C,6.0,199.0019,-0.48080695090463454,0.1929795492666584
5-15C,6.0,200.9937,0.1883228886396558,0.2650068950400294
5-15C,6.0,201.0051,0.8015063021905795,0.5773224843139367
5-15C,6.0,203.0348,-0.3970104653197921,0.17097410238867586
5-15C,6.0,203.0826,-0.08587561432760256,0.012103041255771179
5-15C,6.0,204.0498,1.1079761957580532,0.16740391338726524
5-15C,6.0,205.0351,-0.42028518399106607,0.06334528932303257
5-15C,6.0,206.0822,1.213280334046365,0.930961161368693
5-15C,6.0,209.0292,-0.7890317154971009,0.33241921882934006
5-15C,6.0,209.0814,-0.8298891900785672,0.11426202018219281
5-15C,6.0,211.0235,-0.5348295933323498,0.445921194521906
5-15C,6.0,211.9968,-0.0409313620870825,0.13328630084581042
5-15C,6.0,212.0331,0.5089978389171449,0.45358252921770853
5-15C,6.0,212.9807,-0.570021658853441,0.048513506471793366
5-15C,6.0,213.014,-0.7807029107864166,0.09943931715056004
5-15C,6.0,213.0384,-0.7501731370466955,0.15129933522096808
5-15C,6.0,213.1252,-0.5583151110588112,0.5605997420226997
5-15C,6.0,214.0488,-0.4385199720696247,0.9350071672181482
5-15C,6.0,215.0331,0.7348301258957679,0.07674061359489544
5-15C,6.0,216.1351,2.7515595441182477,0.5533318755954242
5-15C,6.0,218.0335,0.8026340857267367,0.05937890387484727
5-15C,6.0,218.1034,1.0203713138060364,0.022200540261625445
5-15C,6.0,220.0828,0.6713381214818657,0.3916264804985831
5-15C,6.0,221.0443,0.5022243356406053,0.07886376787570562
5-15C,6.0,221.0664,0.35117713960351365,0.46039104523755026
5-15C,6.0,225.0399,0.8790817510740877,0.9511185490019607
5-15C,6.0,225.0861,-0.5990138153955971,0.32761667490211815
5-15C,6.0,225.0901,-1.1427394942659004,0.4864047449667057
5-15C,6.0,226.0135,-0.026648155869814113,0.23337892858881232
5-15C,6.0,226.0697,0.20388405220134131,0.1365059588827887
5-15C,6.0,228.0501,0.09816494110242145,0.31761978888097203
5-15C,6.0,229.0122,0.3515926700466206,0.36413167438322885
5-15C,6.0,237.0614,0.1929191534929065,0.3054457025296444
5-15C,6.0,238.0945,-0.7489231429035885,0.25532139369235124
5-15C,6.0,240.0515,0.07000597894079297,0.07485435442310563
5-15C,6.0,241.0844,-0.7622129570363751,0.554245820546742
5-15C,6.0,242.0804,-0.5516959593032684,0.36488502607755097
5-15C,6.0,243.029,-0.43160820489881135,0.17747846979520318
5-15C,6.0,243.0625,-0.8155056450205374,0.30265183151799857
5-15C,6.0,245.0444,-0.16121805371155434,0.2550140542563144
5-15C,6.0,246.0198,-0.34757144221562825,0.16365900424514215
5-15C,6.0,246.064,0.3577170779218455,0.48102826300290286
5-15C,6.0,251.0816,0.4089498726928963,0.663065511172476
5-15C,6.0,253.0119,1.8393836864094153,0.08734793441218046
5-15C,6.0,253.0499,0.4524029742657662,0.16366139511551964
5-15C,6.0,257.0072,-0.5794397549585139,0.3001995925370141
5-15C,6.0,257.1028,-0.44764662185228343,0.29026976445351865
5-15C,6.0,259.005,-0.7369935695308947,0.3903887627016324
5-15C,6.0,259.0227,0.5233533503331926,0.11410634635683678
5-15C,6.0,261.0385,-0.9106960018672505,0.0361277101109974
5-15C,6.0,266.0703,0.30253037092928703,0.1759903759997999
5-15C,6.0,267.0724,-0.34693691106356017,0.06215040104425511
5-15C,6.0,268.02,-0.6120164153488707,0.5330864892021095
5-15C,6.0,269.0398,-0.5967653392961128,0.20749847125647733
5-15C,6.0,271.0612,0.0906246770611689,0.20988218758172783
5-15C,6.0,271.0815,0.6761110810101651,0.2608681372739686
5-15C,6.0,273.0021,-0.4356656417227272,0.1863233217095916
5-15C,6.0,274.0933,0.7047386274696616,0.06247015859958056
5-15C,6.0,275.0184,1.196877962260924,0.4764751256810585
5-15C,6.0,275.0991,-0.5786215178622807,0.21800221718740345
5-15C,6.0,277.1207,0.3240763431591126,0.0671139838527343
5-15C,6.0,277.2169,-0.434610280427107,0.19683304154657788
5-15C,6.0,279.2331,-0.36390884327714385,0.0178460035401067
5-15C,6.0,282.0839,1.2719042754042862,0.3627938330939367
5-15C,6.0,283.2063,-0.7622937376222153,0.16135987039751723
5-15C,6.0,285.0972,-1.2422554029274306,0.32189130136910066
5-15C,6.0,287.0157,-0.2703447183329452,0.2264609311950309
5-15C,6.0,288.0725,2.2721827626009232,0.13583385728293224
5-15C,6.0,289.0333,-0.2871595356317141,0.7091141928696788
5-15C,6.0,289.1044,-0.38675528208490995,0.14715112427135177
5-15C,6.0,290.9677,2.327644007004987,0.5492393580088996
5-15C,6.0,294.0479,-0.354937927460611,0.7718128321125938
5-15C,6.0,300.0509,-0.1072963439100626,0.529471316234015
5-15C,6.0,301.0333,-0.22711942267004556,0.12369650374698872
5-15C,6.0,303.2326,-0.08337119014163627,0.20962236488535338
5-15C,6.0,305.0207,0.0750437394395414,0.11615847423928559
5-15C,6.0,306.0481,-0.6457676241895529,0.154193169739418
5-15C,6.0,306.0765,-0.24833331005579068,0.029169602657730786
5-15C,6.0,308.0986,1.6848634791805943,0.10013624794315751
5-15C,6.0,313.0441,-0.4857749439053388,0.2207981841598428
5-15C,6.0,313.1037,-0.6049828413280722,0.4002779874009338
5-15C,6.0,317.026,-0.1893306314374096,0.27088507892407343
5-15C,6.0,323.0256,-0.7443232314460178,0.7685547260479904
5-15C,6.0,325.1163,-0.20126093891177124,0.5262356268981927
5-15C,6.0,328.0457,0.3018863754535504,0.1791553504757598
5-15C,6.0,333.0589,0.21717943738308604,0.19371536784237858
5-15C,6.0,338.9884,-0.617336479614552,0.08615387764708879
5-15C,6.0,339.0928,0.6763966776757442,0.9658048126749403
5-15C,6.0,341.1089,0.04744270688312917,0.10999327340049667
5-15C,6.0,344.0393,-0.6425503137210995,0.1938164061239186
5-15C,6.0,346.0556,-0.513949352498693,0.08804350679905668
5-15C,6.0,348.087,-0.759972118894443,0.12794285686679077
5-15C,6.0,353.0489,-0.6413777987185776,0.3624784167982977
5-15C,6.0,357.089,-0.5979415769679768,0.15494423650817454
5-15C,6.0,375.131,1.0603607827629984,0.47248916667546065
5-15C,6.0,377.1496,0.2182812650469531,0.46599676188315037
5-15C,6.0,383.1188,0.08643577870011221,0.3608841307672684
5-15C,6.0,388.9416,1.6734574501476913,0.31818375655455716
5-15C,6.0,388.9442,1.4122515668284161,0.2688581816013823
5-15C,6.0,401.0756,0.31464032696484157,0.04417814021335771
5-15C,6.0,407.2795,-0.15013125920558135,0.15935407501849586
5-15C,6.0,421.0743,-0.4228744922184848,0.23647431072241437
5-15C,6.0,426.0222,-0.6487180563128081,0.35492340921236487
5-15C,6.0,442.9997,-0.10951643502292396,0.26179538463848395
5-15C,6.0,466.9657,-0.009074627091492864,0.14616185409334562
5-15C,6.0,490.9787,-0.1561724473977525,0.9792564735648918
5-15C,6.0,503.1614,-0.41480072989654865,0.6359822913731344
5-15C,6.0,547.0731,0.4854705385384821,0.2896525357312922
5-15C,6.0,565.0471,0.8719547457118271,0.25507860391119125
5-15C,6.0,578.8872,0.5258507211077613,0.09288224177747968
5-15C,6.0,579.0269,0.3755949217355289,0.11385353655994379
5-15C,6.0,612.2549,-0.3697350324407246,0.42629146628525394
5-15C,6.0,624.2949,-0.6699103232974026,0.7955588742879591
5-15C,6.0,659.307,-0.1646945350918642,0.3076683005788165
5-15C,6.0,664.0939,-0.47569662231517096,0.18525706346735002
5-15C,6.0,665.2144,-0.7374290172152145,0.42249749098384454
5-15C,6.0,668.1374,-0.6119070421697925,0.0012808703359267661
5-15C,6.0,787.255,0.08672350398739173,0.38312935253993313
5-15C,6.0,790.2568,0.16443603931009138,0.224616576527778
5-15C,6.0,835.0407,-0.6213027519386713,0.15724682329111683
5-15C,6.0,863.2971,-0.6778843080093631,0.08599244019892556
5-15C,6.0,864.1473,-0.496919176045238,0.40027694073694137
5-15C,6.0,974.2935,-0.835369317042776,0.37562515217875514
5-15C,6.0,976.7162,0.4037761931540256,0.06192175083098557
5-15C,7.0,57.0342,-0.7362089190045084,0.13413342491104505
5-15C,7.0,58.0295,0.44192836758502796,0.5812043794811169
5-15C,7.0,59.0135,-0.4274070259681463,0.11919254994015956
5-15C,7.0,71.0137,0.014718146636452269,0.06322882880653656
5-15C,7.0,73.0293,-0.16607528415143402,0.05581592159654865
5-15C,7.0,74.0247,1.3539658841734967,0.27692768599177886
5-15C,7.0,75.0087,-0.05574426545321899,0.2576507660060732
5-15C,7.0,87.0088,-0.6423074268229958,0.016822954140412655
5-15C,7.0,87.0451,-0.48570800224001787,0.191776098281721
5-15C,7.0,88.0403,-0.13896013817423725,0.08946449266117697
5-15C,7.0,88.9883,-0.9250966153106917,0.5849689204758054
5-15C,7.0,89.0244,-0.7897770432815046,0.09398692429631081
5-15C,7.0,93.0338,-0.0030991560596789593,0.018011685661536915
5-15C,7.0,94.9761,-1.5437170557568565,0.0912907449105172
5-15C,7.0,94.9806,0.8569211681293843,0.12514564172040624
5-15C,7.0,95.0139,-0.11619023788122289,0.14121813523364624
5-15C,7.0,101.0242,-0.7165667591610916,0.11493115447464534
5-15C,7.0,102.056,-0.26872027171118873,0.055156661587445595
5-15C,7.0,103.0402,-0.49870156624786144,0.04530361006553458
5-15C,7.0,103.0509,-0.6216857628283887,0.02054819550498011
5-15C,7.0,104.0352,1.4035809997038748,0.10239359816995203
5-15C,7.0,105.0193,-0.7486639862689415,0.12430951473029192
5-15C,7.0,107.0503,0.047344234754139736,0.17418498049127876
5-15C,7.0,109.0295,1.0882454457172113,0.14249522843163215
5-15C,7.0,111.02,0.28610409243794255,0.08377439393952689
5-15C,7.0,112.0516,-0.21656603725524612,0.11850715986646784
5-15C,7.0,113.0244,-0.2297793073873733,0.03681750353550858
5-15C,7.0,113.0357,0.7747302159259669,0.11254384818560122
5-15C,7.0,114.056,1.3692381607579764,0.054531631912796155
5-15C,7.0,115.0037,0.19264718417409077,0.0607686891258566
5-15C,7.0,115.0402,-1.1181249678091485,0.48498200896737675
5-15C,7.0,115.0764,-0.45573291739852895,0.2234991856946023
5-15C,7.0,116.0354,1.4022460114349515,0.5019280195038516
5-15C,7.0,116.0717,-0.5049856272224384,0.023110234184104798
5-15C,7.0,117.0194,-0.2176576604206181,0.0478560771811616
5-15C,7.0,118.0508,0.4540203539458029,0.15790056674114794
5-15C,7.0,118.9804,-0.10517877386482632,0.02305280117378037
5-15C,7.0,119.0503,-0.27098940331276833,0.38224178149474963
5-15C,7.0,120.9273,-0.5579294691866401,0.07903914389009455
5-15C,7.0,121.0295,-0.5474076798613632,0.3733035779463814
5-15C,7.0,121.0409,-0.6152337147325782,0.22780863670954796
5-15C,7.0,122.0248,-0.4054115219365505,0.2196330582827649
5-15C,7.0,124.0075,-0.2184291987116158,0.2982957383532281
5-15C,7.0,124.0144,-0.2310152849626507,0.12582195155517484
5-15C,7.0,125.0439,-0.4115152816486143,0.07441940900277762
5-15C,7.0,127.0764,-0.8838029823592896,0.3024575752188047
5-15C,7.0,128.0354,1.4727863497649296,0.036312679951022754
5-15C,7.0,129.0193,-0.2630828216080696,0.06312065178377621
5-15C,7.0,129.0556,-0.8096949828628203,0.4090968209678958
5-15C,7.0,130.0142,0.1738068314308553,0.4785436679499137
5-15C,7.0,130.0509,0.5110147174916589,0.08792508078382588
5-15C,7.0,130.0874,-0.45263988117696596,0.03502144247605024
5-15C,7.0,131.0008,-0.6281514682668197,0.07327088286892296
5-15C,7.0,131.0123,-0.487346422891226,0.0435527562442614
5-15C,7.0,131.035,-0.7850815496186572,0.15819391203498182
5-15C,7.0,131.0462,-0.7157939352203346,0.18500727339191012
5-15C,7.0,131.0828,0.28852062224577446,0.1071469904318642
5-15C,7.0,132.0302,0.8877752012023717,0.0975087047775661
5-15C,7.0,133.0142,-0.1404545107407829,0.03918229729938586
5-15C,7.0,133.0257,-0.16697050690529167,0.12386183618133671
5-15C,7.0,133.0505,0.028731173552013232,0.09175179986309424
5-15C,7.0,134.0472,-0.42597555518562064,0.1941062292093019
5-15C,7.0,134.0604,0.2195824438617648,0.5285809804842355
5-15C,7.0,135.0302,-0.5189379196803033,0.0852830302920698
5-15C,7.0,135.0453,-0.0918954969108956,0.1915091751599431
5-15C,7.0,136.0404,4.203284410057176,0.09280921483509098
5-15C,7.0,136.0487,0.5415590327985221,0.17648683838242307
5-15C,7.0,136.0767,-0.9275920102527575,0.42274513207062175
5-15C,7.0,137.0239,-0.47286313296808824,0.05924887565405711
5-15C,7.0,138.9789,-1.6208700761645258,0.2181795932616332
5-15C,7.0,139.0014,0.3836411218692527,0.03652341072010854
5-15C,7.0,139.0067,-0.6579427721380764,0.014825923759078954
5-15C,7.0,139.976,-1.214075983799068,0.21790259001216536
5-15C,7.0,143.0713,-0.8714373926313426,0.21760661623728145
5-15C,7.0,143.1077,-1.3074041421758458,0.23031125990963994
5-15C,7.0,145.0141,-0.483890262734902,0.08848527037687488
5-15C,7.0,145.0506,-0.3226111740006694,0.08015305935456289
5-15C,7.0,145.0623,-0.6462932576596234,0.200691780957856
5-15C,7.0,145.0982,-0.22200341610230034,0.13042309642531993
5-15C,7.0,145.1106,-0.7746268962134497,0.529600271943616
5-15C,7.0,146.0459,-0.12164407587691073,0.021672446772244346
5-15C,7.0,147.0298,-0.5385580669818437,0.058853752081312584
5-15C,7.0,147.0662,0.3304510236597803,0.06965082287804067
5-15C,7.0,149.0092,-1.1483378525582921,0.3759866007068073
5-15C,7.0,149.0456,0.31483108989388886,0.08824317851662423
5-15C,7.0,149.0608,-1.1574590484346365,0.3465087926353963
5-15C,7.0,150.0422,-0.6402722237181354,0.3761911032727209
5-15C,7.0,150.9707,-0.17700305776949724,0.7431240694169567
5-15C,7.0,151.0259,-0.48139262130577365,0.03143398673575048
5-15C,7.0,151.04,-1.8337478383715173,0.43043391739620523
5-15C,7.0,151.06,-0.4903525883748058,0.4462789136903569
5-15C,7.0,152.0353,-1.3847921783466028,0.22640641821535645
5-15C,7.0,152.0716,-0.9212029944706758,0.2624137557658446
5-15C,7.0,153.0192,0.8157395709297172,0.11314336860903651
5-15C,7.0,154.062,0.652401127380946,0.06817031208056178
5-15C,7.0,154.9751,0.052651881388400046,0.07401737868904074
5-15C,7.0,155.0099,0.3561867720453095,0.07816263409420349
5-15C,7.0,157.0128,-0.3998786227976616,0.061713118651601555
5-15C,7.0,157.0255,0.6705778842071544,0.046070867838954706
5-15C,7.0,157.0379,0.7828201514729043,0.1456038589940813
5-15C,7.0,157.0504,0.00472544702422531,0.0722974187212544
5-15C,7.0,159.0297,-1.0826212031893867,0.118674520825659
5-15C,7.0,159.0775,0.12294994557181248,0.08386083290954702
5-15C,7.0,160.0616,-0.5405150029867902,0.2128211127751992
5-15C,7.0,161.0453,-1.4967297338764394,0.09462751450543028
5-15C,7.0,162.0424,0.07830483057032626,0.18333495518295764
5-15C,7.0,163.0351,-0.4837940331472581,0.18471160447985696
5-15C,7.0,163.0398,2.311978266523424,0.12103316445438642
5-15C,7.0,163.0611,-0.8510414534726991,0.24321160253577356
5-15C,7.0,164.0716,-0.3775966878484107,0.04548114224631554
5-15C,7.0,165.03,-1.479547712086824,0.2875368552483769
5-15C,7.0,165.0405,-1.5289924941431794,0.1259780852347741
5-15C,7.0,165.0556,0.8567122085727468,0.13558809741621905
5-15C,7.0,166.0508,-0.41003502680331605,0.18794940232366858
5-15C,7.0,166.0632,-0.9246600707185848,1.103857985025762
5-15C,7.0,166.9759,-0.721070340004822,0.29573164774455213
5-15C,7.0,167.0207,0.7594572917273084,0.5737624644194755
5-15C,7.0,167.0358,-1.848873757938749,0.201694961985062
5-15C,7.0,167.0828,-1.2112766949862133,0.6526754914393949
5-15C,7.0,168.0277,-0.33856075957956266,0.02922288786152991
5-15C,7.0,168.0664,-1.1457522024055502,0.3332318350141692
5-15C,7.0,170.0455,-0.45648943439972556,0.06022320287902312
5-15C,7.0,171.0065,-0.6350015180808555,0.06937568592694882
5-15C,7.0,171.0092,-0.7418010122441878,0.13807013839985174
5-15C,7.0,171.0284,0.14000264669060192,0.0421208297417401
5-15C,7.0,172.0616,0.3227126324997054,0.14627777755893961
5-15C,7.0,172.962,-0.4189235607752435,0.11606928027237638
5-15C,7.0,173.0089,-0.03888622408864436,0.0906357337784889
5-15C,7.0,173.0453,-0.0541596044613835,0.1918858178148598
5-15C,7.0,173.0932,-0.34726209868238955,0.0542684653065041
5-15C,7.0,173.1041,-0.7391519784745482,0.14059254769604848
5-15C,7.0,174.0407,0.6899690288254438,0.07135744261892579
5-15C,7.0,174.088,0.7164533959310563,0.0773501426259299
5-15C,7.0,175.022,-0.48215641624565453,0.10465457699198065
5-15C,7.0,175.0361,0.7818008388448581,0.09278012156925398
5-15C,7.0,175.0611,0.0143181211212275,0.06559467968138255
5-15C,7.0,176.0776,-0.07282489210125542,0.09373347764941842
5-15C,7.0,177.0402,-1.1719725861047756,0.08773815482126714
5-15C,7.0,177.0553,-1.1538584532950888,0.4887588007677449
5-15C,7.0,178.0509,-0.23122729765092542,0.049425546345891205
5-15C,7.0,179.0348,0.7295889004402634,0.30777695393702476
5-15C,7.0,179.0561,-0.31533984058165154,0.05665078328517303
5-15C,7.0,180.0663,-0.3121503740584303,0.10517435627414203
5-15C,7.0,181.0505,1.4763262470752723,0.22056815154841736
5-15C,7.0,182.9725,-0.3546481129402387,0.199567123088452
5-15C,7.0,183.0661,-1.3117466120057035,0.3179985575437008
5-15C,7.0,184.0017,-0.2723051811147821,0.08565305530757843
5-15C,7.0,184.9856,-1.0215769954309626,0.03404564688536808
5-15C,7.0,186.1136,-0.956985156413826,0.6520484430354885
5-15C,7.0,187.0234,-0.5146569979245765,0.31176542086677084
5-15C,7.0,188.035,1.7029078854657351,0.6851845862244669
5-15C,7.0,188.0565,1.4499954378795255,0.08332982534894873
5-15C,7.0,189.0405,0.03461089943059371,0.08730029860420184
5-15C,7.0,191.0197,-0.2403121810320062,0.22660961284442085
5-15C,7.0,191.0561,0.5574392261290873,0.15920543075152707
5-15C,7.0,192.0663,-0.3209592930212217,0.7661834724389195
5-15C,7.0,193.0349,-0.7448933106818605,0.37297913319783715
5-15C,7.0,194.0682,-0.6925028710500707,0.13238696148086915
5-15C,7.0,194.0822,-0.9103211383488647,0.3983821497646069
5-15C,7.0,195.0509,0.3755684336032673,0.0682742839585071
5-15C,7.0,195.0657,-1.1294362087349605,0.44347684823463773
5-15C,7.0,196.0603,0.4929782557578878,0.21426170244645149
5-15C,7.0,198.0182,-0.1780170983249508,0.5213813496914608
5-15C,7.0,199.0019,-0.5248660300578141,0.18941483603763
5-15C,7.0,200.9937,-0.6729509236119983,0.26399350732726173
5-15C,7.0,201.0051,0.49104671080237483,0.22387364975057206
5-15C,7.0,203.0348,-1.0847610049571306,0.0764860614637698
5-15C,7.0,203.0826,-0.06045584128049401,0.03522821304712214
5-15C,7.0,204.0498,-0.6459662347413644,0.2067486479015545
5-15C,7.0,205.0351,-0.22367394484189188,0.14213616923928382
5-15C,7.0,206.0822,-1.25398321682058,0.34276205795131187
5-15C,7.0,209.0292,-0.9140914252168493,0.3965900546720732
5-15C,7.0,209.0814,-1.0053312632440958,0.19641941538180913
5-15C,7.0,211.0235,-0.9626715861174001,0.40797666387918496
5-15C,7.0,211.9968,0.6026189048705162,0.07843368258661737
5-15C,7.0,212.0331,0.1193959351492638,0.12637973036600647
5-15C,7.0,212.9807,-0.6799384429494401,0.16594943656358796
5-15C,7.0,213.014,0.011870722398823811,0.24049278487018713
5-15C,7.0,213.0384,-0.7844561484285791,0.22030807570638267
5-15C,7.0,213.1252,-1.1396309499205266,0.6341873790736764
5-15C,7.0,214.0488,-1.1629679243834758,0.6163181635477408
5-15C,7.0,215.0331,-0.18482957542624673,0.078685755800165
5-15C,7.0,216.1351,0.9750501098209863,0.19502731034527387
5-15C,7.0,218.0335,-0.1734447019994711,0.078752507337863
5-15C,7.0,218.1034,0.5817556252418493,0.12023827875020011
5-15C,7.0,220.0828,0.4004735300985068,0.19351636550975684
5-15C,7.0,221.0443,-0.2829554396974653,0.12139097633493348
5-15C,7.0,221.0664,-0.7521130197109547,0.6916405638167028
5-15C,7.0,225.0399,-1.8694843768107394,0.07385712130937692
5-15C,7.0,225.0861,-1.7194403313108682,0.1109110819264313
5-15C,7.0,225.0901,-0.691868511812872,0.05627935572113961
5-15C,7.0,226.0135,-0.020329253992035,0.3006231338775823
5-15C,7.0,226.0697,0.025559027868116826,0.2688379544092014
5-15C,7.0,228.0501,-0.5611864162327086,0.28306392008812975
5-15C,7.0,229.0122,0.2257399757024814,0.2534629913835194
5-15C,7.0,237.0614,0.3398113543368668,0.13523244882393937
5-15C,7.0,238.0945,-0.7266961999044843,0.3668519456322486
5-15C,7.0,240.0515,-0.12046155695694112,0.028396544899776097
5-15C,7.0,241.0844,-1.196861176849877,0.6967159002475893
5-15C,7.0,242.0804,-1.021552394527575,0.22696227366884092
5-15C,7.0,243.029,-1.205421123614043,0.19582751479465207
5-15C,7.0,243.0625,-0.843954273454174,0.14025035835112773
5-15C,7.0,245.0444,-0.3163693023848244,0.21511429725302536
5-15C,7.0,246.0198,-0.6090195023630482,0.18976641337729877
5-15C,7.0,246.064,0.2378291574517032,0.5571149628611309
5-15C,7.0,251.0816,-0.6496810180718688,0.7008680000054704
5-15C,7.0,253.0119,1.7984646326493596,0.10190696363057318
5-15C,7.0,253.0499,-0.2003315604815487,0.5113329791229467
5-15C,7.0,257.0072,0.05516134081585018,0.09862873338349931
5-15C,7.0,257.1028,0.1007514129646131,0.2571921923413065
5-15C,7.0,259.005,-1.0917153623787306,0.3774413678542827
5-15C,7.0,259.0227,-0.9422479938986377,0.06902104633333246
5-15C,7.0,261.0385,-0.36743029546926054,0.08708747447171394
5-15C,7.0,266.0703,0.23831932243513576,0.2053054881964089
5-15C,7.0,267.0724,-0.5381593992801321,0.03462762111046615
5-15C,7.0,268.02,-0.672744420677272,0.567418097267761
5-15C,7.0,269.0398,-0.6532826779322202,0.18691428995059722
5-15C,7.0,271.0612,-0.28937663595422625,0.23900282015770766
5-15C,7.0,271.0815,-0.664777114841935,0.27069930983706825
5-15C,7.0,273.0021,-0.3330077119905968,0.18132106020505476
5-15C,7.0,274.0933,0.39693729734720923,0.2794572435503928
5-15C,7.0,275.0184,0.19825442253053543,0.5655799220353783
5-15C,7.0,275.0991,-0.44239074420465946,0.2787022013036678
5-15C,7.0,277.1207,-0.622034348220189,0.03175920482079387
5-15C,7.0,277.2169,-0.6247786525750281,0.3714100129228794
5-15C,7.0,279.2331,0.9497803135823282,0.0562470512303331
5-15C,7.0,282.0839,0.6900580047498417,0.8151113294906692
5-15C,7.0,283.2063,1.7054738846305142,0.2513154630287628
5-15C,7.0,285.0972,-0.2790541393495125,0.23852734812926485
5-15C,7.0,287.0157,-0.11360171852631051,0.5419360385548739
5-15C,7.0,288.0725,2.4642860858096345,0.2701725356269919
5-15C,7.0,289.0333,-0.8155535187494647,0.29834756676235913
5-15C,7.0,289.1044,-0.25413998482367994,0.21348623555286633
5-15C,7.0,290.9677,2.19581813049712,0.2132643340768996
5-15C,7.0,294.0479,-0.2045351024730751,0.5661644933090496
5-15C,7.0,300.0509,-0.5887678483762595,0.6348867389960828
5-15C,7.0,301.0333,-0.7270386229964745,0.3734693855673784
5-15C,7.0,303.2326,-0.7055232281225352,0.3503619465372464
5-15C,7.0,305.0207,-0.365495933583468,0.11200093657254313
5-15C,7.0,306.0481,-0.5105408161427902,0.050700728697790555
5-15C,7.0,306.0765,-0.27657746274764594,0.0269426927169315
5-15C,7.0,308.0986,1.2705421774958399,0.04337618226503797
5-15C,7.0,313.0441,-0.009865372956529034,0.5752483953287852
5-15C,7.0,313.1037,-0.40179332315812877,0.36512282028711907
5-15C,7.0,317.026,-0.5251088389930554,0.42646416030605017
5-15C,7.0,323.0256,-2.020237330911592,0.18850349336325414
5-15C,7.0,325.1163,0.5589871922475728,0.24473462800410017
5-15C,7.0,328.0457,0.2998976729387386,0.18772407222814194
5-15C,7.0,333.0589,-0.2360807879498053,0.11373637647642558
5-15C,7.0,338.9884,-1.0244107718758464,0.09305146497561116
5-15C,7.0,339.0928,-0.12483838057682664,0.5773841835845627
5-15C,7.0,341.1089,-0.5360312327357789,0.22373867999062705
5-15C,7.0,344.0393,-0.7513225727273043,0.11336914752359613
5-15C,7.0,346.0556,-0.7028782892958945,0.10041000281280456
5-15C,7.0,348.087,-0.5015230799796856,0.12120636293703514
5-15C,7.0,353.0489,-0.6294095675396839,0.5651855146058996
5-15C,7.0,357.089,-0.3135129277527114,0.2210333136954636
5-15C,7.0,375.131,2.1274486712580885,0.5242360174561843
5-15C,7.0,377.1496,0.07928088752891087,0.22687305192725446
5-15C,7.0,383.1188,-1.4452747017055294,0.15927017406932117
5-15C,7.0,388.9416,1.7891343413319416,0.4380405906020595
5-15C,7.0,388.9442,1.7115188788599285,0.3887701333537314
5-15C,7.0,401.0756,-0.26162424013503616,0.09429439544380766
5-15C,7.0,407.2795,0.3032154916171632,0.29524808094093463
5-15C,7.0,421.0743,-1.6365962507937926,0.1280515457644085
5-15C,7.0,426.0222,-0.6086437648990254,0.40134003965173404
5-15C,7.0,442.9997,-0.48473238729563267,0.1468298144126316
5-15C,7.0,466.9657,-0.3574713013811578,0.21404109856949216
5-15C,7.0,490.9787,-0.8747997201743465,0.5422933411166652
5-15C,7.0,503.1614,-1.54612507874582,0.2925600913935305
5-15C,7.0,547.0731,0.7844612284735637,0.2616979462672867
5-15C,7.0,565.0471,0.9914291863522626,0.23435906148000163
5-15C,7.0,578.8872,-0.1670637554050552,0.1442647257341155
5-15C,7.0,579.0269,-0.22620151029425328,0.11133137587948194
5-15C,7.0,612.2549,-0.8923310622126825,0.14430085551269928
5-15C,7.0,624.2949,-0.9949409331406089,0.33924088291136967
5-15C,7.0,659.307,-1.0562533835454126,0.20939413400267604
5-15C,7.0,664.0939,-0.609293231356616,0.07864980420229045
5-15C,7.0,665.2144,-1.0322982893964603,0.4051599547634832
5-15C,7.0,668.1374,-0.5500432319951905,0.017564451561762274
5-15C,7.0,787.255,-1.1150861045507727,0.3704544497412592
5-15C,7.0,790.2568,-0.5408273376746496,0.36368141515080277
5-15C,7.0,835.0407,-0.5135784474356841,0.20220846230393244
5-15C,7.0,863.2971,-0.9110591820633762,0.028568475850480616
5-15C,7.0,864.1473,-1.0643461756581465,0.4113721277767319
5-15C,7.0,974.2935,-1.0630235279853588,0.19454043281843397
5-15C,7.0,976.7162,-0.5320630626885101,0.12753731978800562
5-15C,8.0,57.0342,-0.43693833908840785,0.42508925839336503
5-15C,8.0,58.0295,1.4187830102380623,0.5313180380598032
5-15C,8.0,59.0135,0.06444273063171435,0.17734190946260778
5-15C,8.0,71.0137,-0.10561086175348638,0.05868026690762452
5-15C,8.0,73.0293,0.8153264431099077,0.06266694062539416
5-15C,8.0,74.0247,1.7886237335943171,0.8922133832428969
5-15C,8.0,75.0087,1.2349054054458715,0.657049136231212
5-15C,8.0,87.0088,-0.4542292368114028,0.0180409310258426
5-15C,8.0,87.0451,-0.6095044333150138,0.6266042465517496
5-15C,8.0,88.0403,0.3577905029265792,0.12539186484819853
5-15C,8.0,88.9883,-0.329545788520646,0.3062430606722684
5-15C,8.0,89.0244,-0.15146490798658777,0.07927344725896077
5-15C,8.0,93.0338,0.030409645296998057,0.019174139968571525
5-15C,8.0,94.9761,-1.1133603359777124,0.24808067992876534
5-15C,8.0,94.9806,1.0807978196078445,0.2335340530202964
5-15C,8.0,95.0139,-0.12935812391095813,0.04974311582279026
5-15C,8.0,101.0242,-0.46551202513626155,0.12770698348409387
5-15C,8.0,102.056,-0.35865663078448584,0.04805075301597898
5-15C,8.0,103.0402,-0.05405888212499223,0.03660471946718497
5-15C,8.0,103.0509,0.026757365359991278,0.11153177951755233
5-15C,8.0,104.0352,-0.06517359062518532,0.18532283367606728
5-15C,8.0,105.0193,-0.9034975612967414,0.2294591896126862
5-15C,8.0,107.0503,0.27321813958327307,0.39844290392441595
5-15C,8.0,109.0295,2.1747503692207344,0.1491647474386247
5-15C,8.0,111.02,0.9909652952770371,0.08466519856459467
5-15C,8.0,112.0516,-0.0060040623938021065,0.6101327384358411
5-15C,8.0,113.0244,-0.21390669519514452,0.03356414530660733
5-15C,8.0,113.0357,1.4529056378136334,0.07772545667971528
5-15C,8.0,114.056,3.1102972635104837,0.018827748154377013
5-15C,8.0,115.0037,0.6618644900920965,0.05763703078032203
5-15C,8.0,115.0402,-0.5028952450507671,0.7075588596688068
5-15C,8.0,115.0764,0.5353462470535343,0.5092059513965355
5-15C,8.0,116.0354,2.3665584587911273,0.2720904735051361
5-15C,8.0,116.0717,-0.30717004696915495,0.025053995793345465
5-15C,8.0,117.0194,0.6619380543234847,0.03554176639811122
5-15C,8.0,118.0508,0.7658068104643208,0.2128838393516809
5-15C,8.0,118.9804,-0.18234662295182608,0.059336882875202966
5-15C,8.0,119.0503,0.6337623182202519,0.16746417287626292
5-15C,8.0,120.9273,-0.4833023005983743,0.0441100630526126
5-15C,8.0,121.0295,-0.3365781957562904,0.4902078606943855
5-15C,8.0,121.0409,-0.42612939664787935,0.08729991421799235
5-15C,8.0,122.0248,-0.13934155204973153,0.08834767470581807
5-15C,8.0,124.0075,-0.3531576202302869,0.13857504586078254
5-15C,8.0,124.0144,-0.40034580217747306,0.2641864349147421
5-15C,8.0,125.0439,-0.22620378816938536,0.20198245490700778
5-15C,8.0,127.0764,0.05458779314624179,0.46107338374592566
5-15C,8.0,128.0354,1.8722202327183532,0.13274546731960685
5-15C,8.0,129.0193,0.5373770627808967,0.09891578291043532
5-15C,8.0,129.0556,-0.02833727405765296,0.6340580905573422
5-15C,8.0,130.0142,0.613601523167274,0.2706803093081946
5-15C,8.0,130.0509,1.4183384901482847,0.1521013297628671
5-15C,8.0,130.0874,-0.35930382210484635,0.01874483171436648
5-15C,8.0,131.0008,-0.45540507092869875,0.3016951650491792
5-15C,8.0,131.0123,-0.1490373514776601,0.1351031754184635
5-15C,8.0,131.035,-0.5481500315109038,0.10780484719553488
5-15C,8.0,131.0462,-0.6055422331512986,0.3222726915116421
5-15C,8.0,131.0828,-0.6870359637033053,0.11757585416892809
5-15C,8.0,132.0302,1.9059069597955287,0.16321796812309866
5-15C,8.0,133.0142,-0.004367959542705441,0.06867931384251516
5-15C,8.0,133.0257,0.05562530881548167,0.15335638494998263
5-15C,8.0,133.0505,0.9278572002328173,0.06989673867386827
5-15C,8.0,134.0472,0.3572492000440323,0.42424174004877524
5-15C,8.0,134.0604,1.3421256236132568,0.9497341814462684
5-15C,8.0,135.0302,-0.13181298512194817,0.21247247450495174
5-15C,8.0,135.0453,0.9202055918786329,0.1314064799701171
5-15C,8.0,136.0404,6.622022681922277,0.5268994111489729
5-15C,8.0,136.0487,2.0199581937583693,0.3759234959452537
5-15C,8.0,136.0767,0.22878190362163503,0.23945304995353484
5-15C,8.0,137.0239,-0.10229878570233814,0.13670522492778234
5-15C,8.0,138.9789,0.053422936165428925,0.398651104701005
5-15C,8.0,139.0014,1.3463858766959615,0.09430598878065478
5-15C,8.0,139.0067,-0.5766332500449725,0.0544576007960901
5-15C,8.0,139.976,0.3345630558819457,0.1983645851521788
5-15C,8.0,143.0713,-0.3568392168288375,0.49428299879206133
5-15C,8.0,143.1077,0.12715157007750574,0.27974094929076687
5-15C,8.0,145.0141,-0.37155434095745965,0.12034360418581257
5-15C,8.0,145.0506,-0.7096019018752165,0.13739909615460583
5-15C,8.0,145.0623,-0.6613900453879347,0.36032327220431704
5-15C,8.0,145.0982,-0.881707477331723,0.16877058341339435
5-15C,8.0,145.1106,-0.9818505840055104,0.4893190996120041
5-15C,8.0,146.0459,-0.13393678767989217,0.023030478723765336
5-15C,8.0,147.0298,-0.16128136206978155,0.0383183810742748
5-15C,8.0,147.0662,1.3793400360787595,0.09632592940956604
5-15C,8.0,149.0092,-0.09818383706659976,0.59607777434667
5-15C,8.0,149.0456,1.204502434370923,0.21171261760124888
5-15C,8.0,149.0608,0.3717289494743295,0.5101459665829502
5-15C,8.0,150.0422,0.04203302961973754,0.7548322756811756
5-15C,8.0,150.9707,0.8720913498549829,0.9076901773909518
5-15C,8.0,151.0259,-0.6475040501277569,0.03129902203573618
5-15C,8.0,151.04,-0.5639560956450449,0.14880033414374613
5-15C,8.0,151.06,0.39783945311079305,1.0736647639079315
5-15C,8.0,152.0353,0.05832973221651118,0.12523200764309378
5-15C,8.0,152.0716,-0.9549742093034497,0.3987857343345989
5-15C,8.0,153.0192,1.8496208403597172,0.0851084231256433
5-15C,8.0,154.062,-0.6011447662430216,0.09151053310853031
5-15C,8.0,154.9751,0.7597263150070994,0.06374417105448983
5-15C,8.0,155.0099,1.0858222772178217,0.06026549106580929
5-15C,8.0,157.0128,0.022838247938774873,0.05918953651635241
5-15C,8.0,157.0255,1.4241920492873232,0.14998431874170062
5-15C,8.0,157.0379,1.5608164703226763,0.1062984669534791
5-15C,8.0,157.0504,1.105126288259752,0.11148181000663152
5-15C,8.0,159.0297,-0.6396479577740678,0.14684393274153068
5-15C,8.0,159.0775,0.8144349002071258,0.04581909767263953
5-15C,8.0,160.0616,0.6910236977634234,0.33289026753250045
5-15C,8.0,161.0453,-0.9627445549518692,0.08494078345617218
5-15C,8.0,162.0424,1.1272768836730696,0.25379210059237484
5-15C,8.0,163.0351,-0.29325898707042697,0.3212246795065564
5-15C,8.0,163.0398,3.1473765528314113,0.14880517000458246
5-15C,8.0,163.0611,0.6946262939434625,0.6118733313278714
5-15C,8.0,164.0716,-0.5704344659415739,0.06673883665220155
5-15C,8.0,165.03,-0.1835771682252743,0.6230859874368753
5-15C,8.0,165.0405,0.1173415008077157,0.5329809687301152
5-15C,8.0,165.0556,3.1089010937755805,0.1884540214668123
5-15C,8.0,166.0508,0.004917655627733379,0.17313994015798392
5-15C,8.0,166.0632,1.6790259255523856,1.7943458454123327
5-15C,8.0,166.9759,0.3024836323825017,0.5093971249108356
5-15C,8.0,167.0207,-0.6768248094286726,0.21133907170710875
5-15C,8.0,167.0358,-0.224625961831609,0.3154810855719048
5-15C,8.0,167.0828,-0.6592149701564647,1.3027701750658618
5-15C,8.0,168.0277,-0.4335607162638899,0.0159062515258326
5-15C,8.0,168.0664,-0.5337172012636097,0.19810699584185867
5-15C,8.0,170.0455,-0.07202771402849031,0.04229277876471531
5-15C,8.0,171.0065,-0.14035460898485352,0.12651745154918262
5-15C,8.0,171.0092,-0.12369731972751088,0.23488903892894983
5-15C,8.0,171.0284,1.072179963988131,0.2348214881886784
5-15C,8.0,172.0616,1.2228049663645246,0.43454503388300825
5-15C,8.0,172.962,-0.17643735608304623,0.08077908948306242
5-15C,8.0,173.0089,0.4821787976992006,0.14981029928985928
5-15C,8.0,173.0453,1.442550433635038,0.2535323252105759
5-15C,8.0,173.0932,-0.20949400605568558,0.04642452862173945
5-15C,8.0,173.1041,-0.8732552095222497,1.058615979626181
5-15C,8.0,174.0407,1.581696753205191,0.06845814533646359
5-15C,8.0,174.088,0.9747682446349373,0.11770974616555904
5-15C,8.0,175.022,-0.2953043927932691,0.06099478657449005
5-15C,8.0,175.0361,1.7816184555776535,0.08160147201975734
5-15C,8.0,175.0611,0.9108823148090339,0.03745647220398517
5-15C,8.0,176.0776,1.0498963218808859,0.2526567474408369
5-15C,8.0,177.0402,-0.17954393031470167,0.4038399947550227
5-15C,8.0,177.0553,0.2872296323160003,0.5837691332473696
5-15C,8.0,178.0509,-0.13175045761308873,0.026164153408609253
5-15C,8.0,179.0348,1.603800865227254,0.2198649196265701
5-15C,8.0,179.0561,-0.13708220298650112,0.019398192132336473
5-15C,8.0,180.0663,-0.1847713887282776,0.07464569640535272
5-15C,8.0,181.0505,3.8127450159665623,0.22853643966857484
5-15C,8.0,182.9725,-0.26041012275310754,0.16279739871842067
5-15C,8.0,183.0661,-0.9443211501651526,0.4132576063977067
5-15C,8.0,184.0017,-0.5400184218206816,0.06840915408416477
5-15C,8.0,184.9856,-0.8294967704427285,0.12565509576277473
5-15C,8.0,186.1136,-0.36957213919201215,0.7027224249650535
5-15C,8.0,187.0234,0.16851677436109525,0.44035877955111274
5-15C,8.0,188.035,3.887591642840248,0.8940498101568017
5-15C,8.0,188.0565,2.23345717941452,0.05165356236358037
5-15C,8.0,189.0405,0.42186158329076406,0.09792784673045674
5-15C,8.0,191.0197,-0.03551762880823113,0.3030044425749799
5-15C,8.0,191.0561,1.2843047380189945,0.13506147669176743
5-15C,8.0,192.0663,-0.3503935691196751,0.6663275134492412
5-15C,8.0,193.0349,-0.07732318424838637,0.27071902526423725
5-15C,8.0,194.0682,-0.6356812298036496,0.1623507154115229
5-15C,8.0,194.0822,-0.615423039009274,0.6688886568774393
5-15C,8.0,195.0509,0.033112018103684845,0.09685002573985914
5-15C,8.0,195.0657,-0.22671512398330917,0.3681825929122473
5-15C,8.0,196.0603,1.0360318161536823,0.13457516324433927
5-15C,8.0,198.0182,0.3088544621773682,0.43764509693536596
5-15C,8.0,199.0019,-0.22289507718248402,0.3153291582055356
5-15C,8.0,200.9937,-0.38047669153487407,0.1703878982506917
5-15C,8.0,201.0051,1.2954790842510495,0.33407844564090416
5-15C,8.0,203.0348,-0.6614303198533005,0.11796311889596475
5-15C,8.0,203.0826,-0.09509311066693983,0.005904661478261983
5-15C,8.0,204.0498,-0.21751902144596355,0.6613439526633924
5-15C,8.0,205.0351,-0.00207731372822359,0.15844709549688352
5-15C,8.0,206.0822,-0.19658455216331794,0.41456131044133115
5-15C,8.0,209.0292,-0.5952578795577105,0.6383760520861855
5-15C,8.0,209.0814,-0.5053873103889429,0.35420958001409825
5-15C,8.0,211.0235,-0.008880655893009366,0.3071796133515895
5-15C,8.0,211.9968,1.1678698910528955,0.12401256893832066
5-15C,8.0,212.0331,1.2028307113643275,0.6079587018599236
5-15C,8.0,212.9807,-0.21570039340451874,0.15618949384895858
5-15C,8.0,213.014,-0.1524522896762237,0.1792992928504293
5-15C,8.0,213.0384,-0.4258031062796426,0.28073779173604674
5-15C,8.0,213.1252,-0.5762017522545562,0.6333207708621764
5-15C,8.0,214.0488,-0.8282712226510212,0.6904808606747798
5-15C,8.0,215.0331,0.03759809521223662,0.0463754803132218
5-15C,8.0,216.1351,0.6311681824886164,0.5693940494542504
5-15C,8.0,218.0335,-0.0861562571511417,0.0461624454666531
5-15C,8.0,218.1034,0.9363270054303079,0.05168829375333189
5-15C,8.0,220.0828,0.7904683815810281,0.40288696552535397
5-15C,8.0,221.0443,-0.12516233008857555,0.10286185979928966
5-15C,8.0,221.0664,0.3590255490597788,0.4998457216596784
5-15C,8.0,225.0399,-0.3286316629029956,0.8147743794869957
5-15C,8.0,225.0861,-0.15305457715300558,0.3687971961201682
5-15C,8.0,225.0901,-0.6399231464708053,0.8142214869053405
5-15C,8.0,226.0135,0.7681794303279736,0.1180235292258819
5-15C,8.0,226.0697,1.148705165425805,0.2604744194163555
5-15C,8.0,228.0501,-0.2503821676531326,0.2745523580422875
5-15C,8.0,229.0122,0.9266916910369274,0.4970290939260664
5-15C,8.0,237.0614,1.144720658961425,0.36048074886226117
5-15C,8.0,238.0945,-0.82955028907681,0.13642378570122438
5-15C,8.0,240.0515,-0.004545130684572449,0.06811566122984403
5-15C,8.0,241.0844,-1.039552815991131,0.16515907978406735
5-15C,8.0,242.0804,-1.072022906751158,0.28934271092040936
5-15C,8.0,243.029,-0.24933573983853669,0.4110019522472741
5-15C,8.0,243.0625,-0.17094100650985578,0.11166612070427354
5-15C,8.0,245.0444,0.4327048791077787,0.442289528415796
5-15C,8.0,246.0198,0.1121945367265421,0.3183478665330513
5-15C,8.0,246.064,-0.014191201757856736,0.3051259834072959
5-15C,8.0,251.0816,-0.9663355118878196,0.22645431581196326
5-15C,8.0,253.0119,2.595036274042275,0.13161433455066235
5-15C,8.0,253.0499,-0.5869664463510481,0.45353285470230115
5-15C,8.0,257.0072,0.7976513240449901,0.3645937043159453
5-15C,8.0,257.1028,-0.46363131793439033,0.7015170127224518
5-15C,8.0,259.005,-0.08260658139475403,0.33754446527308285
5-15C,8.0,259.0227,-0.6418237892248181,0.08443005290006736
5-15C,8.0,261.0385,-0.32513322832949965,0.24861581934631666
5-15C,8.0,266.0703,1.2200349083012711,0.30695109751276767
5-15C,8.0,267.0724,-0.05206446915890747,0.044789461566234125
5-15C,8.0,268.02,-0.18453888764502607,0.1837403833102206
5-15C,8.0,269.0398,-0.3258050700635746,0.15494843538348835
5-15C,8.0,271.0612,-0.2852007973496614,0.3576644556909692
5-15C,8.0,271.0815,0.009629844490448534,0.9377807561483228
5-15C,8.0,273.0021,0.48710870989178534,0.12884926235129868
5-15C,8.0,274.0933,1.4364724445817276,0.22487287882945828
5-15C,8.0,275.0184,1.4423261637396008,0.21669872387766267
5-15C,8.0,275.0991,0.08410968352550634,0.2615329073679102
5-15C,8.0,277.1207,-0.6503382524218533,0.03684171964144457
5-15C,8.0,277.2169,-0.40625971995991034,0.23188111604829653
5-15C,8.0,279.2331,-0.33177354647650037,0.010215531162583499
5-15C,8.0,282.0839,0.875121674604593,0.6842285142673029
5-15C,8.0,283.2063,-0.5979401983335528,0.19039530397244758
5-15C,8.0,285.0972,-1.1089329482352983,0.4123654388351879
5-15C,8.0,287.0157,0.09279650640990696,0.2016879084715536
5-15C,8.0,288.0725,3.2550233122283654,0.4376773365333319
5-15C,8.0,289.0333,-0.16901383021581107,0.5363452937843665
5-15C,8.0,289.1044,-0.012187607373669931,0.2526334449066016
5-15C,8.0,290.9677,2.8465155926981973,0.2206620179413536
5-15C,8.0,294.0479,0.15624129417424198,0.5031870598692918
5-15C,8.0,300.0509,1.145394486572348,1.2645145326158276
5-15C,8.0,301.0333,-0.3800107855010302,1.3934319013636918
5-15C,8.0,303.2326,-0.6314504828738844,0.1469374388884867
5-15C,8.0,305.0207,-0.18266710681012194,0.19925065341296164
5-15C,8.0,306.0481,-0.2815838385700527,0.21842527997480585
5-15C,8.0,306.0765,-0.2847996494201637,0.027708122605030333
5-15C,8.0,308.0986,1.1886859981848859,0.17850747976618153
5-15C,8.0,313.0441,0.684259144551011,0.613379066356181
5-15C,8.0,313.1037,0.2530402230232235,0.7782138205172539
5-15C,8.0,317.026,-0.11818554587611438,0.3554454765825207
5-15C,8.0,323.0256,-1.0510288559419565,0.4448030769387737
5-15C,8.0,325.1163,0.700461066563375,0.736324770950055
5-15C,8.0,328.0457,0.6085443032375351,0.2568905655626723
5-15C,8.0,333.0589,0.7200481251705595,0.36599933427518727
5-15C,8.0,338.9884,-0.6261923380393808,0.19335809169054116
5-15C,8.0,339.0928,1.067859725722974,0.5739122023745786
5-15C,8.0,341.1089,-0.14414949544837696,0.08753345314037701
5-15C,8.0,344.0393,-0.30469708498970544,0.1724271334298969
5-15C,8.0,346.0556,-0.6580114820112603,0.11768891750656488
5-15C,8.0,348.087,-0.07635845732053202,0.41493604989129673
5-15C,8.0,353.0489,-0.3773286983342352,0.5522569280052495
5-15C,8.0,357.089,-0.15666749979038402,0.16365920833920397
5-15C,8.0,375.131,4.452744667083211,0.6917147359689583
5-15C,8.0,377.1496,-0.2126833757509952,0.7349560500435915
5-15C,8.0,383.1188,0.09853732877103713,0.36295825093220546
5-15C,8.0,388.9416,1.9577987117038163,0.3567555047279869
5-15C,8.0,388.9442,1.8383903079007191,0.4336319513338783
5-15C,8.0,401.0756,-0.451693893810694,0.049128313377285404
5-15C,8.0,407.2795,-0.6698814219933211,0.23770998423248307
5-15C,8.0,421.0743,-0.3369222120392217,0.45211452323635476
5-15C,8.0,426.0222,-0.2754546562872895,0.28151526365249846
5-15C,8.0,442.9997,-0.24376801427646194,0.280139651468931
5-15C,8.0,466.9657,-0.29191278740191984,0.22666991524475005
5-15C,8.0,490.9787,0.674980092290479,1.532420010127292
5-15C,8.0,503.1614,0.3767889609576426,0.40561577448156794
5-15C,8.0,547.0731,1.5474495003830877,0.07708507332979345
5-15C,8.0,565.0471,0.08007232512552587,0.48926951300261484
5-15C,8.0,578.8872,-0.3044138192941148,0.06531216924644342
5-15C,8.0,579.0269,-0.4939594972611965,0.13979636098941242
5-15C,8.0,612.2549,-0.5973546365191774,0.37671386715865746
5-15C,8.0,624.2949,0.33370613250021136,0.19219326870781026
5-15C,8.0,659.307,-0.13434166779187046,0.18444763290577915
5-15C,8.0,664.0939,-0.2667635796037384,0.1281693943669576
5-15C,8.0,665.2144,-0.16112016247681887,0.29882786293458397
5-15C,8.0,668.1374,-0.5353937240601689,0.017740041696171403
5-15C,8.0,787.255,0.09422699790126163,0.18296864141182367
5-15C,8.0,790.2568,0.057871518062396994,0.26531495875050654
5-15C,8.0,835.0407,-0.20291896323767541,0.3174054382342205
5-15C,8.0,863.2971,-0.7176279534697032,0.15829668584541398
5-15C,8.0,864.1473,-0.3594637095518962,0.4870869211682281
5-15C,8.0,974.2935,-1.2817366369875987,0.17101693653335073
5-15C,8.0,976.7162,-0.13539143937605813,0.08585470835799715
5-15C,9.0,57.0342,-0.9889191619164944,0.12233708524137415
5-15C,9.0,58.0295,1.8890080711424733,0.3356043964907748
5-15C,9.0,59.0135,-0.6697508581721565,0.03438820273524095
5-15C,9.0,71.0137,-0.5833131182755562,0.04687820320453015
5-15C,9.0,73.0293,1.1815110511335891,0.03885540607223698
5-15C,9.0,74.0247,2.281937832590957,0.4158655507832931
5-15C,9.0,75.0087,1.5839154052097084,0.5987166478405758
5-15C,9.0,87.0088,0.09146491694993197,0.028767906289727602
5-15C,9.0,87.0451,-1.4435898897433797,0.29395705558132784
5-15C,9.0,88.0403,0.7501018110208988,0.10272706342920081
5-15C,9.0,88.9883,-0.936088325201112,0.5298616269159394
5-15C,9.0,89.0244,0.1878928642421016,0.06896150677842763
5-15C,9.0,93.0338,0.04087297124756075,0.010950923721457015
5-15C,9.0,94.9761,-1.0415402007574,0.41778945008844787
5-15C,9.0,94.9806,0.7327194922512162,0.4042085689357349
5-15C,9.0,95.0139,-0.8548193703457792,0.13953255310569504
5-15C,9.0,101.0242,-0.8622099116193337,0.1512416024555867
5-15C,9.0,102.056,-0.3076379659687345,0.07982285800884946
5-15C,9.0,103.0402,0.35183552535620805,0.16049108207966883
5-15C,9.0,103.0509,0.23726447691175137,0.13320035040794695
5-15C,9.0,104.0352,-0.23577303487393278,0.19798682963741376
5-15C,9.0,105.0193,-0.8553144192524199,0.23235901072143308
5-15C,9.0,107.0503,-0.048307175290026094,0.5493664880202088
5-15C,9.0,109.0295,2.9523450715295674,0.167656335659024
5-15C,9.0,111.02,0.6796095689316571,0.07108482582353602
5-15C,9.0,112.0516,0.12878750484704657,1.1833604963410946
5-15C,9.0,113.0244,-0.7628687400406033,0.018289612906495938
5-15C,9.0,113.0357,1.5248202499676804,0.10325711282225049
5-15C,9.0,114.056,4.8341742384275275,0.1388782856814928
5-15C,9.0,115.0037,1.0661322743667005,0.13790085436187227
5-15C,9.0,115.0402,-0.14131286413136737,0.28185852474113204
5-15C,9.0,115.0764,-0.16426241486525917,1.0011426715265492
5-15C,9.0,116.0354,2.612817009657544,0.20769338450360839
5-15C,9.0,116.0717,0.033148808763905434,0.017699296022736198
5-15C,9.0,117.0194,1.11375025751271,0.052137611825629517
5-15C,9.0,118.0508,1.122591433110813,0.37905328981868475
5-15C,9.0,118.9804,-0.6245891944121575,0.0632586909322538
5-15C,9.0,119.0503,0.3023659112068827,0.29514203131847344
5-15C,9.0,120.9273,-0.39944850025737766,0.05507395979244836
5-15C,9.0,121.0295,-0.05681918309797582,0.7367662623974538
5-15C,9.0,121.0409,-0.9174937606772895,0.5523665244193957
5-15C,9.0,122.0248,-0.8296067619804843,0.19549023437408616
5-15C,9.0,124.0075,-0.7229441388666394,0.2060057610996714
5-15C,9.0,124.0144,-0.9683049679021126,0.036816530766768205
5-15C,9.0,125.0439,-1.1878862479787888,0.04725414118719334
5-15C,9.0,127.0764,-0.8257642359358945,0.36853522532986954
5-15C,9.0,128.0354,2.056235570143197,0.023288458427573586
5-15C,9.0,129.0193,1.5273254557384517,0.06921584841590404
5-15C,9.0,129.0556,-0.4192573875304729,0.8484563963534775
5-15C,9.0,130.0142,1.6739794737317597,0.47744539029413424
5-15C,9.0,130.0509,2.1483095640226484,0.09490584726135771
5-15C,9.0,130.0874,0.07649766765105731,0.03256938537832015
5-15C,9.0,131.0008,0.1377777005003596,0.48680997721382296
5-15C,9.0,131.0123,0.47865773934046163,0.07091561726098204
5-15C,9.0,131.035,-1.2271921266299537,0.02922059127687026
5-15C,9.0,131.0462,-1.2122634123580913,0.16882993349809614
5-15C,9.0,131.0828,-0.6748113606741932,0.11861029009168339
5-15C,9.0,132.0302,2.614911044920365,0.06120175349053489
5-15C,9.0,133.0142,0.1299802124503632,0.06570666616321502
5-15C,9.0,133.0257,0.3046078625700245,0.11411825177657366
5-15C,9.0,133.0505,1.4815239457913245,0.06370019576236041
5-15C,9.0,134.0472,0.010030415046182198,0.2638169991554701
5-15C,9.0,134.0604,1.117780444988004,0.3014835103033536
5-15C,9.0,135.0302,0.34680470999877067,0.16689130157649015
5-15C,9.0,135.0453,1.0078192799274777,0.05923334346450594
5-15C,9.0,136.0404,7.114993564288944,0.17764752897459132
5-15C,9.0,136.0487,2.4140048666756453,0.23438930021775242
5-15C,9.0,136.0767,0.023139344980676893,0.4566545244892521
5-15C,9.0,137.0239,0.05872695643048044,0.19167193901243174
5-15C,9.0,138.9789,-0.48068411075430784,0.2652877264345464
5-15C,9.0,139.0014,1.8039373259197502,0.0978804802487134
5-15C,9.0,139.0067,-0.5171222475951226,0.13253405112465325
5-15C,9.0,139.976,0.2739663416573612,0.476916045597587
5-15C,9.0,143.0713,-0.6218084672420514,0.17806773323869127
5-15C,9.0,143.1077,-0.04057947705912458,0.3346222568311489
5-15C,9.0,145.0141,-0.33922615768067155,0.14070873670416326
5-15C,9.0,145.0506,-0.37248652345953875,0.30150109109102385
5-15C,9.0,145.0623,-0.4633440274257452,0.23983761549726573
5-15C,9.0,145.0982,-0.9477427830179933,0.08077171531956402
5-15C,9.0,145.1106,-0.8624568036220053,0.9224818543239258
5-15C,9.0,146.0459,-0.15659220545279534,0.009759288026948996
5-15C,9.0,147.0298,0.5305655767428861,0.07188941032709388
5-15C,9.0,147.0662,1.831255994677623,0.0701934379981231
5-15C,9.0,149.0092,-0.14800866261912532,0.2851606837278976
5-15C,9.0,149.0456,0.7295675205299685,0.2852601953996954
5-15C,9.0,149.0608,0.14882986021969183,0.3616110530130557
5-15C,9.0,150.0422,-0.15310096306638563,0.9417282740704696
5-15C,9.0,150.9707,1.1562555043611413,0.1885634418747779
5-15C,9.0,151.0259,-0.6412066497090634,0.0780486317513789
5-15C,9.0,151.04,-0.2130903124512532,0.6032418784773
5-15C,9.0,151.06,0.19602668062257073,1.2018004458449638
5-15C,9.0,152.0353,0.34419287543173493,0.4296047594381417
5-15C,9.0,152.0716,-0.7375720138174675,0.13381423214949414
5-15C,9.0,153.0192,2.462176442422468,0.0776654629366632
5-15C,9.0,154.062,-0.6593069463792803,0.11244005575251372
5-15C,9.0,154.9751,1.2512703602957678,0.11174044788635185
5-15C,9.0,155.0099,0.7102657969055257,0.07485261399328495
5-15C,9.0,157.0128,0.5359551059965927,0.04658482116257186
5-15C,9.0,157.0255,1.5391329203243829,0.0355276306863849
5-15C,9.0,157.0379,1.517829108046476,0.0573624935494508
5-15C,9.0,157.0504,2.3176220276322996,0.13273456647521398
5-15C,9.0,159.0297,-1.327573031565493,0.16059665024265635
5-15C,9.0,159.0775,1.2544907151884626,0.13312147606284142
5-15C,9.0,160.0616,1.47920846624356,0.26423348675888436
5-15C,9.0,161.0453,-1.3804320372820214,0.06577190527299283
5-15C,9.0,162.0424,1.2221970760608343,0.17875222884649733
5-15C,9.0,163.0351,-0.5650497445366388,0.24651294540513016
5-15C,9.0,163.0398,3.3368239240313766,0.2819225018021656
5-15C,9.0,163.0611,0.9211376305031079,0.661477060221936
5-15C,9.0,164.0716,-0.5406769959320579,0.0610095139060631
5-15C,9.0,165.03,-0.5867483993653206,0.5313774658920066
5-15C,9.0,165.0405,-0.48983666500733325,0.17386323764648848
5-15C,9.0,165.0556,3.4700231794078586,0.14971641365630808
5-15C,9.0,166.0508,0.7256854102158852,0.22946308451631822
5-15C,9.0,166.0632,1.1476788983804262,0.46374899843863193
5-15C,9.0,166.9759,0.5495483843380626,0.4835549262253183
5-15C,9.0,167.0207,-0.5250023457964882,0.3534951321078428
5-15C,9.0,167.0358,-0.47162955113414196,0.24434439182665427
5-15C,9.0,167.0828,-0.7143131070768506,0.6996020792232898
5-15C,9.0,168.0277,-0.4920803871541958,0.019230343526067024
5-15C,9.0,168.0664,-1.4882486103293515,0.4352789534015222
5-15C,9.0,170.0455,0.670393622617218,0.07044298156775806
5-15C,9.0,171.0065,-0.054842120451590426,0.10075767586225208
5-15C,9.0,171.0092,0.010715705470560142,0.15792301096266845
5-15C,9.0,171.0284,1.5101527862496218,0.12555201168887706
5-15C,9.0,172.0616,0.7768520867330799,0.2173759533551061
5-15C,9.0,172.962,0.27270184636656736,0.0711795954057863
5-15C,9.0,173.0089,1.2927402795745004,0.25243416257084683
5-15C,9.0,173.0453,2.1559469290996525,0.18503329692235332
5-15C,9.0,173.0932,-0.028712701861169414,0.05602518972405156
5-15C,9.0,173.1041,0.2915607499815578,1.395219974332556
5-15C,9.0,174.0407,2.3345849853125995,0.037291893362857424
5-15C,9.0,174.088,1.9126651089086555,0.3156649636379231
5-15C,9.0,175.022,0.4319646068459001,0.1678783304884682
5-15C,9.0,175.0361,2.4260607356607546,0.08806042886527633
5-15C,9.0,175.0611,1.8916507309059365,0.0767359115505131
5-15C,9.0,176.0776,1.794156941379317,0.38307617090340157
5-15C,9.0,177.0402,0.26691264217327804,0.6701157499743026
5-15C,9.0,177.0553,0.2897153383713881,0.7927857528468325
5-15C,9.0,178.0509,0.5116040361931131,0.062169304119863274
5-15C,9.0,179.0348,1.9742249201001791,0.30739354191250795
5-15C,9.0,179.0561,-0.641950605837782,0.03273062504277285
5-15C,9.0,180.0663,-0.7330588898172634,0.0729730838363177
5-15C,9.0,181.0505,4.238506878472606,0.35921371170797295
5-15C,9.0,182.9725,-0.768584039648996,0.12635682403234072
5-15C,9.0,183.0661,-1.3956581606281813,0.6093979047157418
5-15C,9.0,184.0017,-0.5527292315849852,0.04200839331953217
5-15C,9.0,184.9856,-0.46306123764973217,0.19095576426219876
5-15C,9.0,186.1136,-0.6228111643793328,0.42274186218724435
5-15C,9.0,187.0234,0.7058946721033816,0.784760936745324
5-15C,9.0,188.035,4.114487582033447,0.27594552157920665
5-15C,9.0,188.0565,2.8459257880247932,0.09911819491052438
5-15C,9.0,189.0405,0.4280031783792695,0.18540741517777404
5-15C,9.0,191.0197,0.39296066529974444,0.29311748909536606
5-15C,9.0,191.0561,2.195425884901007,0.15883029242260158
5-15C,9.0,192.0663,-0.6376007480197357,0.1485372007814011
5-15C,9.0,193.0349,-0.1695704233991057,0.41185958868908196
5-15C,9.0,194.0682,-0.5020367295920672,0.1462706334033871
5-15C,9.0,194.0822,-1.3470753923707761,0.6247260894016261
5-15C,9.0,195.0509,-0.2739320500629827,0.06225632172970825
5-15C,9.0,195.0657,-0.14771120296156576,0.3727312585041191
5-15C,9.0,196.0603,2.15033769803785,0.20741873090110075
5-15C,9.0,198.0182,1.7265098883458854,0.3230569783832417
5-15C,9.0,199.0019,0.01755942555444434,0.16050700059079953
5-15C,9.0,200.9937,-0.657160903720718,0.38603991516523795
5-15C,9.0,201.0051,0.5578086780182705,0.37155492798145695
5-15C,9.0,203.0348,-0.7740595846974387,0.3367720973627187
5-15C,9.0,203.0826,-0.10215332062898541,0.0038571599577050504
5-15C,9.0,204.0498,-0.7527576637781044,0.6498231459160688
5-15C,9.0,205.0351,0.5371907295054417,0.243160583597949
5-15C,9.0,206.0822,-0.9023347823251255,1.0031180852111172
5-15C,9.0,209.0292,0.38941554916975896,0.2680308977594178
5-15C,9.0,209.0814,-0.5264931237020892,0.43607356987840074
5-15C,9.0,211.0235,0.17297611956372344,0.3739233263212834
5-15C,9.0,211.9968,1.8389495866652208,0.29185620481748153
5-15C,9.0,212.0331,1.4998180855512648,0.5833211138243514
5-15C,9.0,212.9807,-0.10600105101790852,0.16632822142840972
5-15C,9.0,213.014,0.6798235477687598,0.3164338045312498
5-15C,9.0,213.0384,-0.006788522723286946,0.2573099729511302
5-15C,9.0,213.1252,-0.9017386220171169,0.6875771602855885
5-15C,9.0,214.0488,-1.2599687961649444,0.5134211951092883
5-15C,9.0,215.0331,-0.5092427706255667,0.05437822043199071
5-15C,9.0,216.1351,-0.1159409674713551,0.18964566511474412
5-15C,9.0,218.0335,-0.5963020921084075,0.04352608938229942
5-15C,9.0,218.1034,0.867772504789775,0.1713451333756168
5-15C,9.0,220.0828,-1.2936841687853722,1.3419774616554196
5-15C,9.0,221.0443,-0.6735735707485955,0.06676373300134214
5-15C,9.0,221.0664,0.1116044409510211,0.40007562303445054
5-15C,9.0,225.0399,0.479181068391792,0.8035004456872435
5-15C,9.0,225.0861,0.01579259311136401,0.40335520666990016
5-15C,9.0,225.0901,-0.04597133563784911,1.2224410905901828
5-15C,9.0,226.0135,1.1309144881214368,0.09661325855117986
5-15C,9.0,226.0697,5.281624509573845,0.882681879539069
5-15C,9.0,228.0501,-0.20016775367987483,0.25694834912813136
5-15C,9.0,229.0122,0.9018397665841607,0.24395706148469884
5-15C,9.0,237.0614,1.6376089451266185,0.1937317120553182
5-15C,9.0,238.0945,-0.6879080052589885,0.214432303530721
5-15C,9.0,240.0515,0.8554689036344172,0.07608748434654028
5-15C,9.0,241.0844,-1.095468110135235,0.4128185489646797
5-15C,9.0,242.0804,-0.7607880813723972,0.5142215627036076
5-15C,9.0,243.029,-0.11152631547056867,0.41496956229190923
5-15C,9.0,243.0625,0.5516541557045149,0.4272909980416319
5-15C,9.0,245.0444,0.9156172582054727,0.4274063088638566
5-15C,9.0,246.0198,0.28564300589751346,0.21085809299410158
5-15C,9.0,246.064,-0.46884750246704576,0.2508830870526529
5-15C,9.0,251.0816,-1.1573798282675538,0.39271305841160215
5-15C,9.0,253.0119,2.984653161184412,0.13621402419651116
5-15C,9.0,253.0499,-0.19637958549821483,0.5244082846590264
5-15C,9.0,257.0072,0.9122413846336026,0.33171709515115805
5-15C,9.0,257.1028,-0.4394493418101774,0.40324917906654495
5-15C,9.0,259.005,0.6079604565662213,1.0360345801672686
5-15C,9.0,259.0227,-1.004151524580051,0.13032890773432426
5-15C,9.0,261.0385,-0.14336464237358187,0.3136234874844094
5-15C,9.0,266.0703,1.7240916389803587,0.22154879622646093
5-15C,9.0,267.0724,0.8416843516084489,0.10555446565429888
5-15C,9.0,268.02,0.07980654731389733,0.5645572358736801
5-15C,9.0,269.0398,0.7832265920872428,0.05765017311315608
5-15C,9.0,271.0612,-0.1951219931654783,0.18725760140734238
5-15C,9.0,271.0815,-0.39530253921126035,0.49206909117324155
5-15C,9.0,273.0021,1.3278714193180599,0.15307498312802492
5-15C,9.0,274.0933,1.5133555715817464,0.1711235287119909
5-15C,9.0,275.0184,1.6562167393138765,0.5506207798350206
5-15C,9.0,275.0991,-0.22034912735344772,0.317509246059516
5-15C,9.0,277.1207,-0.8791406907754664,0.014431346935278677
5-15C,9.0,277.2169,-0.5022922522466821,0.23278827401887328
5-15C,9.0,279.2331,-0.3216816533026241,0.015967346317888337
5-15C,9.0,282.0839,-0.17814192790207817,0.5421343416586819
5-15C,9.0,283.2063,-0.812662629231768,0.286500682463076
5-15C,9.0,285.0972,-1.2486719916559288,0.19688385082748389
5-15C,9.0,287.0157,-0.014291268267144996,0.3790210099560818
5-15C,9.0,288.0725,4.234339030237299,0.2926266848484342
5-15C,9.0,289.0333,0.19267148881814983,0.44885672315567454
5-15C,9.0,289.1044,0.3055953256911391,0.2848307364288901
5-15C,9.0,290.9677,3.358189197614847,0.2513931260604515
5-15C,9.0,294.0479,-0.44917767223128224,0.39563407400604395
5-15C,9.0,300.0509,-0.23415111155385102,0.48322347499902396
5-15C,9.0,301.0333,-0.12756225617545092,0.37341702538432314
5-15C,9.0,303.2326,-0.601821384774424,0.06698601004634581
5-15C,9.0,305.0207,-0.6747489490830639,0.13057070953019678
5-15C,9.0,306.0481,0.3109765520554609,0.23617877548867153
5-15C,9.0,306.0765,-0.23000599319796466,0.045895250507056104
5-15C,9.0,308.0986,0.5800469979289558,0.07185221014327928
5-15C,9.0,313.0441,0.2621854979176775,0.6193928745256649
5-15C,9.0,313.1037,0.9330209867998658,0.5577895486058337
5-15C,9.0,317.026,0.052695640939333085,0.5060458887750254
5-15C,9.0,323.0256,-0.9444299498671487,0.47390744243217825
5-15C,9.0,325.1163,-0.3515479398242956,0.09147547748135883
5-15C,9.0,328.0457,0.7457647767595517,0.18642916682608887
5-15C,9.0,333.0589,0.5924229354369764,0.5094612900980576
5-15C,9.0,338.9884,-0.5479655886200602,0.2541055311852966
5-15C,9.0,339.0928,0.5203345716613696,0.5571846884192335
5-15C,9.0,341.1089,-0.2430398399516533,0.0867924093657447
5-15C,9.0,344.0393,-0.2832722460945439,0.07135905845912957
5-15C,9.0,346.0556,-0.5713300312028512,0.17699909669869177
5-15C,9.0,348.087,0.3176965588025859,0.28113621107829107
5-15C,9.0,353.0489,-0.18957707171534016,0.5857183997278111
5-15C,9.0,357.089,-0.1157004103972388,0.6314777879942168
5-15C,9.0,375.131,4.883649975289769,0.5860536296492375
5-15C,9.0,377.1496,0.07229913340700006,0.5049968847674342
5-15C,9.0,383.1188,-0.6910888133568148,0.5455500636922305
5-15C,9.0,388.9416,3.0220261105989197,0.47534315490699314
5-15C,9.0,388.9442,2.6167838401921584,0.4537953030302863
5-15C,9.0,401.0756,-0.8920073768233905,0.05361351304206727
5-15C,9.0,407.2795,-0.8030981435280335,0.30592058128898464
5-15C,9.0,421.0743,0.1627344496622085,0.37216381552359257
5-15C,9.0,426.0222,-0.3475883808320983,0.23571014977078794
5-15C,9.0,442.9997,-0.39178898627395253,0.22282859648363124
5-15C,9.0,466.9657,-0.4151627936828873,0.23488808462245972
5-15C,9.0,490.9787,-0.10118851015683872,0.6500356313152833
5-15C,9.0,503.1614,-0.3314546105285967,0.27544308334361783
5-15C,9.0,547.0731,1.7593657086879526,0.0721664219550459
5-15C,9.0,565.0471,0.19881826307912948,0.14759447654952498
5-15C,9.0,578.8872,-0.6950475165344036,0.06624188025761209
5-15C,9.0,579.0269,-0.7634121550317279,0.041142877083073334
5-15C,9.0,612.2549,0.5391949511922807,0.27229347555915356
5-15C,9.0,624.2949,0.5206174993615471,0.19599965632799202
5-15C,9.0,659.307,-0.3286906240858604,0.30129623163077635
5-15C,9.0,664.0939,-0.2888622668136015,0.2547224896797766
5-15C,9.0,665.2144,0.0006200125612110807,0.5044039383678497
5-15C,9.0,668.1374,-0.2974457215300944,0.017199354795627137
5-15C,9.0,787.255,-0.46353271636306853,0.41737907768437527
5-15C,9.0,790.2568,-0.3044478541797639,0.5198842996611992
5-15C,9.0,835.0407,-0.10226746660609642,0.3580458047100099
5-15C,9.0,863.2971,-0.43158309233542136,0.12680656682819594
5-15C,9.0,864.1473,0.027172109993414822,0.4149865040752087
5-15C,9.0,974.2935,-0.9708614002925913,0.36353925212625016
5-15C,9.0,976.7162,-0.6140012540743403,0.04832462227129347
5-15C,10.0,57.0342,-1.7948946507463357,0.06214668820235913
5-15C,10.0,58.0295,0.8205353843648375,0.3824809450820466
5-15C,10.0,59.0135,-1.0242744216682507,0.16545717855651995
5-15C,10.0,71.0137,-1.293644946374863,0.08349599837401801
5-15C,10.0,73.0293,1.2013893990419113,0.016519624893922794
5-15C,10.0,74.0247,2.0297660929615775,0.4080845034768865
5-15C,10.0,75.0087,0.09088575632939958,0.300750321900482
5-15C,10.0,87.0088,0.12472359416438009,0.0515657055829988
5-15C,10.0,87.0451,-1.4984860446997128,0.20074961823672322
5-15C,10.0,88.0403,1.3631665962963235,0.09457895038902941
5-15C,10.0,88.9883,-0.1966460234819277,0.3128582726958622
5-15C,10.0,89.0244,-1.0831390101359033,0.05115037668083547
5-15C,10.0,93.0338,-0.002314406613386758,0.01899222765778642
5-15C,10.0,94.9761,-0.7202449398495657,0.28848523019063893
5-15C,10.0,94.9806,0.4788444525304046,0.29659322972968777
5-15C,10.0,95.0139,-1.436438200743916,0.05270227031164478
5-15C,10.0,101.0242,-1.6145336520699192,0.14919626058775082
5-15C,10.0,102.056,-0.005204915359509777,0.057009206028667096
5-15C,10.0,103.0402,0.3455637690408097,0.0948294401635234
5-15C,10.0,103.0509,0.3486098783595473,0.030232762553807736
5-15C,10.0,104.0352,-0.018791866720057098,0.2491572567257668
5-15C,10.0,105.0193,-0.4763244877575592,0.38514922586915384
5-15C,10.0,107.0503,-1.0660912914863014,0.422167129058079
5-15C,10.0,109.0295,3.336122943746221,0.23133894484888576
5-15C,10.0,111.02,0.7352662204717382,0.055859733882569707
5-15C,10.0,112.0516,-0.6919256471697182,0.7206813894771086
5-15C,10.0,113.0244,-1.3886840638100129,0.03390510462521754
5-15C,10.0,113.0357,0.48093781344740577,0.151454828761944
5-15C,10.0,114.056,9.02274694196468,0.4316626064578981
5-15C,10.0,115.0037,1.5823195780546904,0.2257525397112133
5-15C,10.0,115.0402,-0.7912359923084546,0.1659327312785125
5-15C,10.0,115.0764,0.11913007737517581,0.6491064042967829
5-15C,10.0,116.0354,2.8942124513183156,0.15310966537288398
5-15C,10.0,116.0717,0.7175631783084448,0.07206392827244323
5-15C,10.0,117.0194,1.1806586036906452,0.05352978716220092
5-15C,10.0,118.0508,1.2114581042924195,0.3579586513164444
5-15C,10.0,118.9804,-1.3916234550985704,0.03517527652795151
5-15C,10.0,119.0503,-0.437511156538671,0.22525241072810562
5-15C,10.0,120.9273,-0.2876434331360487,0.03839989610184309
5-15C,10.0,121.0295,-0.6452676987334677,0.5132846067421312
5-15C,10.0,121.0409,-1.210164338159288,0.6825860622145281
5-15C,10.0,122.0248,-1.144647159921063,0.3511111030426731
5-15C,10.0,124.0075,-0.78068489094607,0.16264614091221305
5-15C,10.0,124.0144,-1.1906704270491106,0.14688197769763958
5-15C,10.0,125.0439,-1.1122045632945508,0.10513967009453097
5-15C,10.0,127.0764,-0.6938579940645423,0.2662117126518204
5-15C,10.0,128.0354,3.1534478313620693,0.08572614491042574
5-15C,10.0,129.0193,2.3089228669432873,0.23818129792758985
5-15C,10.0,129.0556,0.025785177365348015,0.47478321853771666
5-15C,10.0,130.0142,2.632359437157376,0.2500774510761985
5-15C,10.0,130.0509,1.452462944174965,0.043599756064457464
5-15C,10.0,130.0874,1.8778495710925747,0.1185274978144846
5-15C,10.0,131.0008,-0.5662289740786155,0.19956037412798333
5-15C,10.0,131.0123,-0.007941625011338788,0.09014189712367608
5-15C,10.0,131.035,-1.5894367852611944,0.054309639632312494
5-15C,10.0,131.0462,-1.526626717646585,0.13231157476739497
5-15C,10.0,131.0828,-0.5559749135408512,0.1609089310718169
5-15C,10.0,132.0302,1.3747971018552922,0.07646267355580345
5-15C,10.0,133.0142,0.7181102218464397,0.07887917683497163
5-15C,10.0,133.0257,0.8860633155500628,0.06395285713418825
5-15C,10.0,133.0505,1.2086530047029735,0.027678270343273217
5-15C,10.0,134.0472,0.746383466428246,0.229747995779342
5-15C,10.0,134.0604,1.2297487126443234,0.4742744167372163
5-15C,10.0,135.0302,2.92305281283663,0.17271176150591402
5-15C,10.0,135.0453,1.1522345027358183,0.06314284286061697
5-15C,10.0,136.0404,6.290534388685291,0.22856467065184477
5-15C,10.0,136.0487,1.797271423588712,0.10732040793466752
5-15C,10.0,136.0767,-0.14912284572922524,1.1543506321585923
5-15C,10.0,137.0239,0.1502215563119637,0.06919944015607472
5-15C,10.0,138.9789,0.20822559326320605,0.46404651681748454
5-15C,10.0,139.0014,1.6507909824085236,0.07436920439900012
5-15C,10.0,139.0067,-0.5881762011888664,0.07743966248133236
5-15C,10.0,139.976,0.5330870192202289,0.36269962823353624
5-15C,10.0,143.0713,-1.07309293794582,0.5723110794492278
5-15C,10.0,143.1077,-0.41569803694073165,0.6640164118499517
5-15C,10.0,145.0141,-0.12755782918684125,0.10017162728559237
5-15C,10.0,145.0506,0.257388992738481,0.27438806262922033
5-15C,10.0,145.0623,-0.08215013728588395,0.21237440600088187
5-15C,10.0,145.0982,-0.7699179794991917,0.22346120269790284
5-15C,10.0,145.1106,0.011725243553773856,0.7862040341983053
5-15C,10.0,146.0459,0.15068321424416908,0.03781320810409677
5-15C,10.0,147.0298,0.6509973887946985,0.041073285037569504
5-15C,10.0,147.0662,0.6602762889414195,0.028638584818599277
5-15C,10.0,149.0092,-1.4113554412922973,0.24592080495045682
5-15C,10.0,149.0456,-0.6246300873943073,0.26902867914859063
5-15C,10.0,149.0608,-0.8207516940314667,0.32435260512249026
5-15C,10.0,150.0422,0.8119494633472986,0.673533548467953
5-15C,10.0,150.9707,0.4689747585788048,0.7279921444721643
5-15C,10.0,151.0259,1.6181606782866576,0.12723663333578347
5-15C,10.0,151.04,-0.4531108679332556,0.555385819030276
5-15C,10.0,151.06,-0.5712935399075152,0.42267081641453286
5-15C,10.0,152.0353,0.03077085562425358,0.3631382174470237
5-15C,10.0,152.0716,-0.9156624045371737,0.4395065628497471
5-15C,10.0,153.0192,2.725103930326493,0.08782539854913295
5-15C,10.0,154.062,-0.2790910675362197,0.055935739089156555
5-15C,10.0,154.9751,0.8175119444092835,0.11485736144802734
5-15C,10.0,155.0099,0.615044569153779,0.039408377834344074
5-15C,10.0,157.0128,0.2817944192950568,0.132469906233078
5-15C,10.0,157.0255,0.9435600413033953,0.03552703796390547
5-15C,10.0,157.0379,0.9289499329030936,0.06088259150020449
5-15C,10.0,157.0504,1.7280225564788587,0.23686525909484857
5-15C,10.0,159.0297,-1.176565088538107,0.18220141865412162
5-15C,10.0,159.0775,1.532672301238554,0.20894062083767848
5-15C,10.0,160.0616,1.2188259980849436,0.4087734211177409
5-15C,10.0,161.0453,-2.0135494601317285,0.04616633903302797
5-15C,10.0,162.0424,1.391252017247802,0.2570422169918041
5-15C,10.0,163.0351,-0.8491888108990321,0.1219769892588283
5-15C,10.0,163.0398,0.5695231137845322,0.10642204582218914
5-15C,10.0,163.0611,-0.6758450421290831,0.6415493842389308
5-15C,10.0,164.0716,4.189354870856137,0.13357248369079897
5-15C,10.0,165.03,-0.7354012493589702,0.5523593667346764
5-15C,10.0,165.0405,-1.4232354128242035,0.21539912357086569
5-15C,10.0,165.0556,3.5260752079665583,0.25054288631889865
5-15C,10.0,166.0508,0.31808515626644895,0.18217609670509655
5-15C,10.0,166.0632,0.7352646196414818,0.7573118329138852
5-15C,10.0,166.9759,0.9735585586465585,0.40572193623986064
5-15C,10.0,167.0207,-0.857763909921824,0.2236428135555397
5-15C,10.0,167.0358,-0.7050877823136328,0.5507108200939727
5-15C,10.0,167.0828,-1.0697501079946339,0.4421299576928293
5-15C,10.0,168.0277,-0.015757484558683067,0.06804958366569364
5-15C,10.0,168.0664,-1.1572363028684785,0.46353604115578134
5-15C,10.0,170.0455,1.272806834970544,0.12551401367296633
5-15C,10.0,171.0065,0.7398259204359736,0.20625202819875238
5-15C,10.0,171.0092,0.7781944570121007,0.3470193070508266
5-15C,10.0,171.0284,0.983209755753898,0.13991519068933328
5-15C,10.0,172.0616,1.1407237841714908,0.24103293347418106
5-15C,10.0,172.962,1.5881811605778862,0.17548167891526942
5-15C,10.0,173.0089,2.262853787748,0.43001102569641475
5-15C,10.0,173.0453,1.6949796465146953,0.14101474254499413
5-15C,10.0,173.0932,0.5045095790187846,0.07666852423333113
5-15C,10.0,173.1041,-0.5567010036017542,1.822794517608101
5-15C,10.0,174.0407,1.0051025971735417,0.03717856352123442
5-15C,10.0,174.088,0.6337019578383155,0.07157999970983225
5-15C,10.0,175.022,1.0520763941881681,0.19204944081162897
5-15C,10.0,175.0361,1.671746690795071,0.08505002828222527
5-15C,10.0,175.0611,1.0920316910010768,0.037901214681874185
5-15C,10.0,176.0776,1.1159121483977577,0.25976267259756286
5-15C,10.0,177.0402,-0.533301122866246,0.3522023067086164
5-15C,10.0,177.0553,-0.8568165796762442,0.44380944977852627
5-15C,10.0,178.0509,0.8175032987351325,0.030564562745960405
5-15C,10.0,179.0348,0.13875763497993449,0.17268367125125872
5-15C,10.0,179.0561,-1.3959008670197366,0.018248457974063437
5-15C,10.0,180.0663,-1.2320497938098645,0.026486487602834313
5-15C,10.0,181.0505,3.041593230060517,0.24395077832032722
5-15C,10.0,182.9725,-1.2961389771682756,0.10151896414718364
5-15C,10.0,183.0661,-1.0739377125054053,0.5131105243768422
5-15C,10.0,184.0017,-0.2214619420575677,0.08795312858329968
5-15C,10.0,184.9856,0.13352691877558795,0.17785146750341013
5-15C,10.0,186.1136,-0.25479676808818197,0.5601391252097043
5-15C,10.0,187.0234,0.11544931044683619,0.4706282884777562
5-15C,10.0,188.035,3.4446043329868603,0.7081304654962871
5-15C,10.0,188.0565,1.4851917348855221,0.08222910479659824
5-15C,10.0,189.0405,0.09979105375699004,0.09896368857771609
5-15C,10.0,191.0197,0.9166421770250626,0.20280540486176343
5-15C,10.0,191.0561,0.8877212798780929,0.07979655964377869
5-15C,10.0,192.0663,-1.121928382003378,0.34288895450002266
5-15C,10.0,193.0349,-0.06591451509547055,0.4555073016029555
5-15C,10.0,194.0682,-0.295660528585066,0.30545634441744673
5-15C,10.0,194.0822,-1.0582786330175216,0.32331611961046886
5-15C,10.0,195.0509,-0.9604895764390029,0.06785982821610526
5-15C,10.0,195.0657,-0.06313649263700713,0.4397071390549007
5-15C,10.0,196.0603,4.517214354905283,0.5622920931924247
5-15C,10.0,198.0182,3.6874735437946717,0.8226410377866411
5-15C,10.0,199.0019,-0.4862104228762509,0.36164181310413385
5-15C,10.0,200.9937,-0.45260837331095005,0.3065354081232207
5-15C,10.0,201.0051,0.6291749188352626,0.6235532028637403
5-15C,10.0,203.0348,-1.2176182268494258,0.09016830978300655
5-15C,10.0,203.0826,0.18766226394549662,0.01976901676633345
5-15C,10.0,204.0498,-1.269628180315926,0.2002795360559678
5-15C,10.0,205.0351,-0.0907159661736909,0.1495236807195317
5-15C,10.0,206.0822,0.3431549054343565,0.4651617541476723
5-15C,10.0,209.0292,-0.4901252664416583,0.23801254810525782
5-15C,10.0,209.0814,-0.9997909872493949,0.34817565980110804
5-15C,10.0,211.0235,-0.3046372012410643,0.21307155140198114
5-15C,10.0,211.9968,0.9660871585582858,0.26974762357392146
5-15C,10.0,212.0331,6.546533848302808,0.4518219035572408
5-15C,10.0,212.9807,1.1468980784799072,0.16236505082742425
5-15C,10.0,213.014,0.066645059757173,0.6134272136412282
5-15C,10.0,213.0384,-0.3071311438038915,0.22299718435455262
5-15C,10.0,213.1252,-0.6468539849777493,1.1308642943667215
5-15C,10.0,214.0488,-0.14052630290313106,0.6100011619679444
5-15C,10.0,215.0331,-1.512294165106597,0.01597053355383761
5-15C,10.0,216.1351,-0.49799635502065775,0.2906456576130958
5-15C,10.0,218.0335,-1.4549451779849178,0.011659715186418918
5-15C,10.0,218.1034,-0.44262892537088183,0.02473303389099788
5-15C,10.0,220.0828,-1.0529156431112754,0.5275979634735181
5-15C,10.0,221.0443,-1.2238776977618042,0.10222463958187078
5-15C,10.0,221.0664,-1.138450975195605,0.18881596945045545
5-15C,10.0,225.0399,0.05658151557394028,0.7087501924925964
5-15C,10.0,225.0861,1.6188041318149766,0.31359868659064155
5-15C,10.0,225.0901,0.7448552584310542,0.6592270994593833
5-15C,10.0,226.0135,2.810839687342429,0.33097997702028287
5-15C,10.0,226.0697,7.259567774641882,0.5137514347437669
5-15C,10.0,228.0501,-0.027535193222792485,0.10477220375600792
5-15C,10.0,229.0122,1.1133997388487389,0.15708380058506252
5-15C,10.0,237.0614,1.5541701779805592,0.14710525438312994
5-15C,10.0,238.0945,-0.5048625923251884,0.137784229039215
5-15C,10.0,240.0515,0.8926872953210802,0.05480003447076558
5-15C,10.0,241.0844,-0.6705118746400447,0.3690703098319558
5-15C,10.0,242.0804,-0.7325486281044402,0.6202924398929646
5-15C,10.0,243.029,-1.0262688719356847,0.3965628077373429
5-15C,10.0,243.0625,-0.2347472159967265,0.2614937815004872
5-15C,10.0,245.0444,0.5196686363259173,0.6092426762178289
5-15C,10.0,246.0198,0.24546927958217818,0.3261038222322853
5-15C,10.0,246.064,-1.123105704750734,0.08169787715465034
5-15C,10.0,251.0816,-0.6356594168696866,0.570178558966524
5-15C,10.0,253.0119,3.0405266526330648,0.1030718031812931
5-15C,10.0,253.0499,-0.17596104808432303,0.5166583503730356
5-15C,10.0,257.0072,3.255641629536402,0.46882229717669005
5-15C,10.0,257.1028,-1.6329733159408222,0.2792362267130448
5-15C,10.0,259.005,0.3413292198136352,0.44159993763196154
5-15C,10.0,259.0227,-1.439080965596989,0.13498540626214026
5-15C,10.0,261.0385,0.11633390972729732,0.2023873446821593
5-15C,10.0,266.0703,2.05192471434772,0.33890616397658013
5-15C,10.0,267.0724,-0.5208844069987854,0.015667205834888825
5-15C,10.0,268.02,1.450354275411739,0.582547067108385
5-15C,10.0,269.0398,0.5142040601793713,0.15739116048410798
5-15C,10.0,271.0612,-0.5441027908326779,0.26646665705493444
5-15C,10.0,271.0815,-0.9256054474042457,0.16438550283474043
5-15C,10.0,273.0021,0.4957113297017404,0.14077129048243026
5-15C,10.0,274.0933,0.1582232526758225,0.11737608335367686
5-15C,10.0,275.0184,1.987922451597917,0.4145264282300543
5-15C,10.0,275.0991,-0.3207041812578163,0.11269895161992044
5-15C,10.0,277.1207,-1.0823868113725237,0.029565583501679333
5-15C,10.0,277.2169,-0.9429238504938862,0.26249154203694264
5-15C,10.0,279.2331,-0.3696042681376483,0.016194587021103914
5-15C,10.0,282.0839,-0.9008802928903868,0.38311278773509605
5-15C,10.0,283.2063,-0.4744054855786256,0.10822539944018168
5-15C,10.0,285.0972,-1.1766636070361143,0.7555136080462118
5-15C,10.0,287.0157,-0.45221445856659775,0.7156565598886582
5-15C,10.0,288.0725,2.229884783178822,0.24582360542455295
5-15C,10.0,289.0333,-0.29078363702484,0.6100689327722985
5-15C,10.0,289.1044,0.11866418859419262,0.20868651691352055
5-15C,10.0,290.9677,2.7858468975814725,0.4129661383756492
5-15C,10.0,294.0479,-0.6881087423064183,0.7061953221659658
5-15C,10.0,300.0509,0.1752438203874661,0.5535305581024771
5-15C,10.0,301.0333,-0.33592118319628117,1.0640133998925887
5-15C,10.0,303.2326,-0.5766779668653202,0.11104006354048233
5-15C,10.0,305.0207,-1.287906264405376,0.05598889558271778
5-15C,10.0,306.0481,0.09885037891772806,0.23175597518182495
5-15C,10.0,306.0765,-0.26603297907601997,0.02538926661666061
5-15C,10.0,308.0986,-0.33145986577750364,0.010129724649191115
5-15C,10.0,313.0441,-0.23884750437835456,0.14691790611023037
5-15C,10.0,313.1037,1.330347024805448,0.7505203837851151
5-15C,10.0,317.026,-0.2677896977573426,0.3840970458115899
5-15C,10.0,323.0256,-0.21553655262756244,0.24497500219047064
5-15C,10.0,325.1163,0.0928191801577981,0.17422363913299954
5-15C,10.0,328.0457,0.9128157880037455,0.32650068252746084
5-15C,10.0,333.0589,0.8073929394068322,0.10876121523025208
5-15C,10.0,338.9884,0.6410810025536123,0.2345604067440869
5-15C,10.0,339.0928,-0.594768409301675,0.49234513303248273
5-15C,10.0,341.1089,-0.7234838392508689,0.13047922198707224
5-15C,10.0,344.0393,0.7605019564902507,0.2564061380306517
5-15C,10.0,346.0556,-0.17729568967589296,0.16122928073308676
5-15C,10.0,348.087,0.19325813265844338,0.23895742196213549
5-15C,10.0,353.0489,-0.14170414699976533,0.4061442935224784
5-15C,10.0,357.089,0.8288836221818523,0.40606707823420857
5-15C,10.0,375.131,6.500208492935316,0.38308438222641744
5-15C,10.0,377.1496,-0.35358786802955855,0.5875969124420951
5-15C,10.0,383.1188,-1.2849291632657742,0.5296265414701757
5-15C,10.0,388.9416,2.1772116536920074,0.5429669290591707
5-15C,10.0,388.9442,2.0361604766995987,0.6067165653614508
5-15C,10.0,401.0756,-1.1856769938544085,0.013587008853296216
5-15C,10.0,407.2795,-0.7649776662888697,0.34557998455322164
5-15C,10.0,421.0743,0.6028856866241489,1.2368166236551803
5-15C,10.0,426.0222,0.15505773147220425,0.3207108527173274
5-15C,10.0,442.9997,0.005802229207679168,0.119167283256123
5-15C,10.0,466.9657,-1.2280883670254388,0.07644330568932015
5-15C,10.0,490.9787,-0.13315591552946304,1.2913937074210946
5-15C,10.0,503.1614,-0.8476052211858418,0.4551885269683352
5-15C,10.0,547.0731,1.6594024053362237,0.2513207778532674
5-15C,10.0,565.0471,1.0985190813165555,0.3964346694510501
5-15C,10.0,578.8872,-1.2681560685041737,0.022890707257868355
5-15C,10.0,579.0269,-0.944365337503762,0.04449013121794062
5-15C,10.0,612.2549,0.9270773377341337,0.3624909237365684
5-15C,10.0,624.2949,1.2239747312855294,0.7397602669313464
5-15C,10.0,659.307,-0.6639312479962394,0.21634946623802553
5-15C,10.0,664.0939,0.26862734234430763,0.28589284165488005
5-15C,10.0,665.2144,0.3457046459455999,0.2027566836654482
5-15C,10.0,668.1374,0.28682500973967506,0.04327043925095899
5-15C,10.0,787.255,-0.7824312077025398,0.33590650399612787
5-15C,10.0,790.2568,-0.9302722244162236,0.20659791625773097
5-15C,10.0,835.0407,0.9053356239976025,0.39324717424681466
5-15C,10.0,863.2971,1.3131264813134482,0.18875963949266125
5-15C,10.0,864.1473,0.7720046870509318,0.3486278716874461
5-15C,10.0,974.2935,0.536745942263728,0.2453234390772578
5-15C,10.0,976.7162,-1.4022084333091702,0.07751191334618915
5-16A,1.0,57.0342,1.8491742078136062,0.49424200049244477
5-16A,1.0,58.0295,-1.0779603776608424,0.024033418038223012
5-16A,1.0,59.0135,1.652567427424587,0.319542791152442
5-16A,1.0,71.0137,1.6634990365976798,0.19350122704775125
5-16A,1.0,73.0293,-0.9427980639692412,0.01150481962839792
5-16A,1.0,74.0247,-0.8253393885281246,0.5014647107948346
5-16A,1.0,75.0087,-0.5456565517737909,0.4129242932069579
5-16A,1.0,87.0088,-0.6667514434839488,0.009409131344631748
5-16A,1.0,87.0451,0.8239574088610699,0.532430817744851
5-16A,1.0,88.0403,-0.9538598350120057,0.019082335412741337
5-16A,1.0,88.9883,-1.1169519152162097,0.47446141806737185
5-16A,1.0,89.0244,-0.2791273350455711,0.008678314955628926
5-16A,1.0,93.0338,-0.0732557565582018,0.005440321614877545
5-16A,1.0,94.9761,-0.6578676970545443,0.5754723066981812
5-16A,1.0,94.9806,0.9728532619911389,0.4350699112473802
5-16A,1.0,95.0139,1.3962195872120136,0.23849385656545508
5-16A,1.0,101.0242,1.8965168992035961,0.38274674367845357
5-16A,1.0,102.056,-0.5255162449137132,0.06624086725136813
5-16A,1.0,103.0402,-1.0138238881724841,0.06205329040320569
5-16A,1.0,103.0509,-1.0031029890644556,0.12044688086963522
5-16A,1.0,104.0352,0.23817354617961878,0.12488139808669217
5-16A,1.0,105.0193,-0.5376484867230593,0.4022269548538623
5-16A,1.0,107.0503,0.2443851909928651,1.1196915431858507
5-16A,1.0,109.0295,-1.0160899382109831,0.09156096369702209
5-16A,1.0,111.02,-1.1988897907306102,0.002595396922476962
5-16A,1.0,112.0516,0.9885822355312763,0.5696441176162143
5-16A,1.0,113.0244,1.593682894214317,0.16828881126450979
5-16A,1.0,113.0357,-1.00685783605579,0.029832692360531855
5-16A,1.0,114.056,-0.24431447068599757,0.003163016870045171
5-16A,1.0,115.0037,-0.9058534573135173,0.03675869260745786
5-16A,1.0,115.0402,-0.15711763771099999,0.4655720740262028
5-16A,1.0,115.0764,0.8726362833789492,1.188052898125679
5-16A,1.0,116.0354,-0.9339067534307263,0.2101869617245665
5-16A,1.0,116.0717,-0.7856385306749261,0.022006257047557695
5-16A,1.0,117.0194,-0.9463514942338521,0.001458225066563904
5-16A,1.0,118.0508,-1.3199240864633004,0.019785797442700977
5-16A,1.0,118.9804,1.6965276710754247,0.26854699587188074
5-16A,1.0,119.0503,0.17413921992462233,0.3674206779983189
5-16A,1.0,120.9273,1.196487421442951,0.9607865665888258
5-16A,1.0,121.0295,1.9753427886925863,0.37594822270458733
5-16A,1.0,121.0409,1.7173085941377133,0.44893610491375746
5-16A,1.0,122.0248,-0.9615122807084859,0.5198464209887886
5-16A,1.0,124.0075,0.4290043405619981,0.1397769648164357
5-16A,1.0,124.0144,0.24751241005282987,0.2580881390653072
5-16A,1.0,125.0439,-0.2854998449495001,0.18207393770246613
5-16A,1.0,127.0764,1.459047289930551,0.24542762940034127
5-16A,1.0,128.0354,-0.29291245725836973,0.008011948535606583
5-16A,1.0,129.0193,-1.0614736594177328,0.06667902323854943
5-16A,1.0,129.0556,1.3309967473435145,0.6144015199845644
5-16A,1.0,130.0142,-0.6023520089039709,0.3317172427555499
5-16A,1.0,130.0509,-1.0722448235931035,0.00955695242838896
5-16A,1.0,130.0874,-0.9141012234776156,0.03221592254229012
5-16A,1.0,131.0008,-0.866871364085831,1.0555990838487337
5-16A,1.0,131.0123,-0.6508480849415057,0.037173100744593
5-16A,1.0,131.035,0.9748772769597549,0.12994748562852884
5-16A,1.0,131.0462,0.8351398859422552,0.10757528405273135
5-16A,1.0,131.0828,0.5117235782331011,0.10793694584717575
5-16A,1.0,132.0302,-1.232049997780599,0.008865746547152225
5-16A,1.0,133.0142,-0.584337965058554,0.03182598691421758
5-16A,1.0,133.0257,-0.6385488763806078,0.13273952041559048
5-16A,1.0,133.0505,-1.2959958064373258,0.006779153225218715
5-16A,1.0,134.0472,-1.4778275678136918,0.24018434806195493
5-16A,1.0,134.0604,-1.2891286663102441,0.365164283031
5-16A,1.0,135.0302,-1.0098300955234705,0.07321769147553539
5-16A,1.0,135.0453,-1.8719895064374503,0.07761596859180817
5-16A,1.0,136.0404,-0.3753025162276138,0.05762427946185203
5-16A,1.0,136.0487,-1.793292055889788,0.09787011386580884
5-16A,1.0,136.0767,1.4185361854270835,0.4793324861190589
5-16A,1.0,137.0239,-0.07533843321110109,0.363782854319613
5-16A,1.0,138.9789,0.45116222642480736,0.3193066352871357
5-16A,1.0,139.0014,-0.3712348285221625,0.06211968330636006
5-16A,1.0,139.0067,-0.6750397355693678,0.007674252300825607
5-16A,1.0,139.976,-0.4988319217590975,0.5536121007024414
5-16A,1.0,143.0713,1.2273979856417472,0.3827239191957946
5-16A,1.0,143.1077,0.6364399177763456,0.2710309375396961
5-16A,1.0,145.0141,-0.0629014626332651,0.18725979900230383
5-16A,1.0,145.0506,-0.6334088504805292,0.10148775282691161
5-16A,1.0,145.0623,-0.547568211594219,0.22219348255375462
5-16A,1.0,145.0982,0.2783722171568092,0.34328357006151916
5-16A,1.0,145.1106,-0.1351153828949049,0.4132634404196638
5-16A,1.0,146.0459,-0.49432781701004636,0.003180886113630686
5-16A,1.0,147.0298,-0.9482327710114029,0.012156390621977129
5-16A,1.0,147.0662,-1.3746463201591965,0.012597527061104829
5-16A,1.0,149.0092,1.6904794917829595,0.3472552080074809
5-16A,1.0,149.0456,0.5994057377714783,0.19094597730545407
5-16A,1.0,149.0608,0.6586083328668724,0.3851776268580496
5-16A,1.0,150.0422,-0.5354042956759331,0.43192486459928164
5-16A,1.0,150.9707,-0.441341806147319,0.3998078056085602
5-16A,1.0,151.0259,-0.5680168626206916,0.044784720983133894
5-16A,1.0,151.04,0.1728793416091426,0.3981334267251677
5-16A,1.0,151.06,-0.24860894646378007,0.24911118397000462
5-16A,1.0,152.0353,0.288807560338557,0.4197167501355211
5-16A,1.0,152.0716,1.4103300170701307,0.3743501551990437
5-16A,1.0,153.0192,0.15130213911068416,0.12161726131744569
5-16A,1.0,154.062,0.5066285945569706,0.1269625830357482
5-16A,1.0,154.9751,-0.9675806262296731,0.008019876780572654
5-16A,1.0,155.0099,-1.162091180149353,0.0036507033925625852
5-16A,1.0,157.0128,-0.9288443875867676,0.03352885689966977
5-16A,1.0,157.0255,-1.3289353861991349,0.008565440750783752
5-16A,1.0,157.0379,-1.340592043118037,0.021662531600621236
5-16A,1.0,157.0504,-1.1469032290741978,0.02675654759512636
5-16A,1.0,159.0297,1.3490386054611774,0.09250227596358004
5-16A,1.0,159.0775,-1.1884462054718319,0.019819679436164035
5-16A,1.0,160.0616,-1.628960635649836,0.3777496646145181
5-16A,1.0,161.0453,0.4561934089958485,0.2537482570721793
5-16A,1.0,162.0424,-1.5342991678422462,0.0979024466646154
5-16A,1.0,163.0351,-1.043626690357558,0.22784339441591608
5-16A,1.0,163.0398,0.17085828097568903,0.02684920915323665
5-16A,1.0,163.0611,0.7697845177447178,1.3805899543715927
5-16A,1.0,164.0716,-0.40416753114824633,0.04997374703949574
5-16A,1.0,165.03,1.238990906639769,0.632823948031142
5-16A,1.0,165.0405,0.8481754240315268,0.2985793203500625
5-16A,1.0,165.0556,-0.5458749453944526,0.12780660906602623
5-16A,1.0,166.0508,-1.1540088837865596,0.22276209420541115
5-16A,1.0,166.0632,-0.425827032326874,0.8206938859401745
5-16A,1.0,166.9759,-0.7483651126018173,0.29942065211478247
5-16A,1.0,167.0207,0.3755336371177021,0.47201292446515664
5-16A,1.0,167.0358,1.3135689709056164,0.25171027518320604
5-16A,1.0,167.0828,1.223844885769664,0.8671400250237256
5-16A,1.0,168.0277,-0.42894870085780634,0.03549900759701861
5-16A,1.0,168.0664,2.3541962975021695,0.7758173430299256
5-16A,1.0,170.0455,-0.8575999124727729,0.006165779195823301
5-16A,1.0,171.0065,-1.188650427771642,0.10606954682723686
5-16A,1.0,171.0092,-1.0621357036833863,0.1541074083372609
5-16A,1.0,171.0284,-0.8671651222260424,0.08276021024269217
5-16A,1.0,172.0616,-1.5048324292942779,0.10495044200863433
5-16A,1.0,172.962,-0.4130811900793553,0.1037394452480298
5-16A,1.0,173.0089,-0.9311188910973123,0.06031393433952028
5-16A,1.0,173.0453,-0.5306762618895177,0.06500887985535017
5-16A,1.0,173.0932,-0.8530408496954944,0.03911900634315639
5-16A,1.0,173.1041,-0.09380958766078448,0.14666998730726913
5-16A,1.0,174.0407,-1.0041738443019614,0.0017346420150928155
5-16A,1.0,174.088,-0.6463947745757606,0.07641324015121251
5-16A,1.0,175.022,-0.6233454668197624,0.284480098621177
5-16A,1.0,175.0361,-1.2434841312890716,0.0018811893187431546
5-16A,1.0,175.0611,-1.2151760904615778,0.0030692405514415834
5-16A,1.0,176.0776,-1.2240323873886223,0.21282289393998968
5-16A,1.0,177.0402,1.4245188695657751,0.4155334245446191
5-16A,1.0,177.0553,-0.1623724504522718,0.6350175282005486
5-16A,1.0,178.0509,-1.0651091980237135,0.026551731884400496
5-16A,1.0,179.0348,-1.2665307515081334,0.06429152008011306
5-16A,1.0,179.0561,1.082876441914382,0.09758919365331141
5-16A,1.0,180.0663,1.089278801185603,0.07684755191865934
5-16A,1.0,181.0505,-0.5344164702722155,0.4703007058529752
5-16A,1.0,182.9725,1.834162564802374,0.3521590514145599
5-16A,1.0,183.0661,0.712842667523863,0.47855625060605333
5-16A,1.0,184.0017,-0.40714459603713676,0.045369814371516104
5-16A,1.0,184.9856,-0.36466986063127704,0.06325244036944691
5-16A,1.0,186.1136,0.7578773292922951,0.29909143995486587
5-16A,1.0,187.0234,-1.0883442130818821,0.15236266062907436
5-16A,1.0,188.035,-0.877223080216924,0.5165996296851844
5-16A,1.0,188.0565,-1.1205087163323917,0.0041479386004489305
5-16A,1.0,189.0405,1.9385714155241427,0.1358457120768368
5-16A,1.0,191.0197,-0.7942759567219435,0.07853302882310143
5-16A,1.0,191.0561,-1.0698289608011864,0.037950716791686816
5-16A,1.0,192.0663,0.0349278634418968,0.6572006843614776
5-16A,1.0,193.0349,-0.8241020708006761,0.44175196288855134
5-16A,1.0,194.0682,-0.9234260210755258,0.10520037495464982
5-16A,1.0,194.0822,0.6114547432431963,0.6515424589364707
5-16A,1.0,195.0509,-0.6768310206619963,0.09904989656884577
5-16A,1.0,195.0657,-0.2955903371817521,0.41752240057593965
5-16A,1.0,196.0603,-1.3048064685758445,0.10922509061538639
5-16A,1.0,198.0182,-0.7676539363035378,0.2528787988117286
5-16A,1.0,199.0019,-0.96254725975874,0.2047008615799091
5-16A,1.0,200.9937,1.2444599009132467,0.4293272538049971
5-16A,1.0,201.0051,-1.1326174869556407,0.1839918344923904
5-16A,1.0,203.0348,0.15901561801994787,0.22999802593040974
5-16A,1.0,203.0826,-0.08073131604329156,0.00934169251664032
5-16A,1.0,204.0498,0.4005897698186875,0.8451880033188489
5-16A,1.0,205.0351,-1.081208290480423,0.07408500767801687
5-16A,1.0,206.0822,-0.4394673080822714,0.3971538590365642
5-16A,1.0,209.0292,-0.3712498280816777,0.43637077041140093
5-16A,1.0,209.0814,0.17738575029133982,0.5335247543715002
5-16A,1.0,211.0235,-0.4257155280583101,0.22910999600587065
5-16A,1.0,211.9968,-1.0720880049586967,0.017120803478007714
5-16A,1.0,212.0331,-0.529940571130538,0.26795905337822973
5-16A,1.0,212.9807,-0.5097903053527651,0.031655510272844516
5-16A,1.0,213.014,-0.7415521260302811,0.19265806240666108
5-16A,1.0,213.0384,-0.5242568825558213,0.2085319173745801
5-16A,1.0,213.1252,0.05966834225418178,0.8730378991851017
5-16A,1.0,214.0488,-0.9995520412921729,0.4660128117482021
5-16A,1.0,215.0331,1.2402674976308794,0.06036334475358441
5-16A,1.0,216.1351,0.8281304057927908,0.07665092649966714
5-16A,1.0,218.0335,1.5649664339369762,0.1092129051924524
5-16A,1.0,218.1034,-1.2480384205395803,0.017811597607698227
5-16A,1.0,220.0828,0.12710093323937605,0.34787144974794104
5-16A,1.0,221.0443,1.7047855518568387,0.20522497320607397
5-16A,1.0,221.0664,0.5723060760337833,0.3754029833256157
5-16A,1.0,225.0399,0.447135604671007,0.1857214794729297
5-16A,1.0,225.0861,0.40577657572743187,0.21470128212786105
5-16A,1.0,225.0901,0.6836669455192246,0.6406081076893793
5-16A,1.0,226.0135,-0.5390810081487589,0.34363083337567707
5-16A,1.0,226.0697,0.61954503887178,0.3966204589061066
5-16A,1.0,228.0501,-0.5693913858361821,0.3767312247628397
5-16A,1.0,229.0122,-0.8489464496716488,0.1332264251947282
5-16A,1.0,237.0614,-1.3334606886101508,0.09628404538967976
5-16A,1.0,238.0945,0.8915124149126584,0.41955764404939605
5-16A,1.0,240.0515,-1.4056445293150284,0.009358538008726606
5-16A,1.0,241.0844,-0.7778692393967244,0.8251634722001007
5-16A,1.0,242.0804,0.19334493542581127,0.8369095148015849
5-16A,1.0,243.029,0.06320563391674172,0.22017309232851023
5-16A,1.0,243.0625,-1.521031630174726,0.4501829625408115
5-16A,1.0,245.0444,-0.9758444612890422,0.20341347995501224
5-16A,1.0,246.0198,0.09593374274176353,0.8732584781543095
5-16A,1.0,246.064,1.4836167865670138,0.7249908475730337
5-16A,1.0,251.0816,-0.5474401759726228,0.3494300143024916
5-16A,1.0,253.0119,-0.34750772181227263,0.013511252274751301
5-16A,1.0,253.0499,0.6427564359630155,1.0123777570793249
5-16A,1.0,257.0072,-0.8166612838963436,0.2497332824861337
5-16A,1.0,257.1028,1.367231179470002,0.28669969857387106
5-16A,1.0,259.005,-0.011033004567363627,0.3698731764113547
5-16A,1.0,259.0227,0.6500294677134613,0.19404723737495522
5-16A,1.0,261.0385,-0.8535745607138756,0.17669607809281554
5-16A,1.0,266.0703,-0.5999915884607283,0.0851676539547291
5-16A,1.0,267.0724,-0.7118973199190497,0.03302069011426638
5-16A,1.0,268.02,-0.0809440550259885,0.8577686333360525
5-16A,1.0,269.0398,-0.6607106710101085,0.14571053144385213
5-16A,1.0,271.0612,0.5601082458886665,0.5102441815997615
5-16A,1.0,271.0815,1.0147556011877508,0.8452472429613904
5-16A,1.0,273.0021,-0.7476539868304306,0.12801652375315076
5-16A,1.0,274.0933,-1.3767510661007747,0.09961470864442108
5-16A,1.0,275.0184,-0.7218256927266764,0.5159981302184031
5-16A,1.0,275.0991,-0.7032169229512794,0.15919987897327093
5-16A,1.0,277.1207,0.9181195878597339,0.10915603282765887
5-16A,1.0,277.2169,1.4496039055529513,0.3704812765147638
5-16A,1.0,279.2331,0.859525037942034,0.07006843941404689
5-16A,1.0,282.0839,-0.5528387409413278,0.439199756242418
5-16A,1.0,283.2063,0.7296728805127287,0.2576149701060077
5-16A,1.0,285.0972,1.4484341372228748,1.3695213793197776
5-16A,1.0,287.0157,1.1158137952242022,0.3055478492270301
5-16A,1.0,288.0725,-0.7932458016285994,0.059005846234945244
5-16A,1.0,289.0333,0.6674287713176377,0.41608808782069695
5-16A,1.0,289.1044,-1.3908929185283188,0.2869124290883489
5-16A,1.0,290.9677,-0.42630343810709437,0.11855545213495927
5-16A,1.0,294.0479,1.353752394391458,0.920821764528529
5-16A,1.0,300.0509,-0.3754211937026154,0.676412680730053
5-16A,1.0,301.0333,0.9440995288770786,0.8916009705688178
5-16A,1.0,303.2326,-0.38851548730141683,0.24317980106879575
5-16A,1.0,305.0207,1.5154690794525965,0.2744516551216716
5-16A,1.0,306.0481,-1.1701342382249609,0.04683070798971844
5-16A,1.0,306.0765,-0.31699798348887864,0.009606293173402026
5-16A,1.0,308.0986,-0.2067804044821985,0.055907442992775086
5-16A,1.0,313.0441,-0.9588132655573232,0.252367950200064
5-16A,1.0,313.1037,-0.4148698763076796,0.6335459395911965
5-16A,1.0,317.026,0.822658342621388,0.5639511875117562
5-16A,1.0,323.0256,1.0262471953316041,0.6018012354271864
5-16A,1.0,325.1163,-0.4702932244959198,0.43933792219720164
5-16A,1.0,328.0457,-1.0995522867343483,0.10022087320603372
5-16A,1.0,333.0589,-1.2066258354586812,0.28303483946186714
5-16A,1.0,338.9884,-0.5376337537910933,0.20800161363568692
5-16A,1.0,339.0928,-0.8911992251949004,0.7782777744918198
5-16A,1.0,341.1089,0.05388207815310995,0.16824116056076993
5-16A,1.0,344.0393,-0.6661725719901238,0.06691914713953738
5-16A,1.0,346.0556,-0.6036829670679615,0.12235218122787676
5-16A,1.0,348.087,-1.0610971565188905,0.11765992994159612
5-16A,1.0,353.0489,-0.5987409751437689,0.6214139505457864
5-16A,1.0,357.089,-0.7126494272687833,0.24427686347620764
5-16A,1.0,375.131,-0.427899439831315,0.46587717014186836
5-16A,1.0,377.1496,0.8256938736531925,0.43330656121050143
5-16A,1.0,383.1188,0.4235503878187354,0.4479599865994872
5-16A,1.0,388.9416,-0.14304289270692389,0.30646783877955647
5-16A,1.0,388.9442,-0.46320667540397803,0.3007836817705711
5-16A,1.0,401.0756,1.6441459125204623,0.06254820879208553
5-16A,1.0,407.2795,0.9430656525885053,0.36387858081737995
5-16A,1.0,421.0743,0.024832989154819435,0.393140726511697
5-16A,1.0,426.0222,3.8476174403136065,1.1253799761391967
5-16A,1.0,442.9997,0.16816631864678705,0.21143889277860572
5-16A,1.0,466.9657,1.1009246695969772,0.1836778462456366
5-16A,1.0,490.9787,0.4972413184186879,0.6267798772585946
5-16A,1.0,503.1614,0.214065585048784,0.09278789059692644
5-16A,1.0,547.0731,-1.2883910183896514,0.04901643293401533
5-16A,1.0,565.0471,-0.8698951785033029,0.09189823898862565
5-16A,1.0,578.8872,1.5425414989747073,0.2604117794334777
5-16A,1.0,579.0269,2.2715549574388696,0.14990325910400826
5-16A,1.0,612.2549,-0.8466522981289113,0.3893364036642909
5-16A,1.0,624.2949,-1.2629222904478252,0.42470320150676694
5-16A,1.0,659.307,0.1306796362453886,0.1761309592843433
5-16A,1.0,664.0939,-0.5761452005418213,0.11037770738356766
5-16A,1.0,665.2144,-0.7391807158618358,0.08020989089719223
5-16A,1.0,668.1374,-0.6166638404006467,0.0002192204528326737
5-16A,1.0,787.255,0.023569096878986624,0.6738611128483541
5-16A,1.0,790.2568,-0.16107013468286602,0.2775150199268885
5-16A,1.0,835.0407,-0.7633029715107909,0.12311041591585914
5-16A,1.0,863.2971,-0.6126172205102727,0.04197349065065241
5-16A,1.0,864.1473,-0.9133482986728497,0.24822016900406094
5-16A,1.0,974.2935,-0.1400266969130138,0.324404111435408
5-16A,1.0,976.7162,0.7169568605208576,0.2420833845113989
5-16A,2.0,57.0342,0.8047776829454553,0.17881207250129877
5-16A,2.0,58.0295,-0.9584322008890115,0.1292170572411191
5-16A,2.0,59.0135,0.9837823380301747,0.08140676873714994
5-16A,2.0,71.0137,1.1583125406592718,0.18370206332989159
5-16A,2.0,73.0293,-0.9294777960181733,0.006584098297845075
5-16A,2.0,74.0247,-1.1863009243793248,0.22251765878016894
5-16A,2.0,75.0087,0.03399025308562309,0.8300424465236586
5-16A,2.0,87.0088,-0.672543934704817,0.018537555338162082
5-16A,2.0,87.0451,0.15624091184118252,0.14338761233400638
5-16A,2.0,88.0403,-0.8829059943677613,0.03287575429414031
5-16A,2.0,88.9883,-0.6652925633553026,0.05486460055476567
5-16A,2.0,89.0244,-0.5150368004754285,0.052560234099757956
5-16A,2.0,93.0338,-0.06802409358292046,0.013898412661667737
5-16A,2.0,94.9761,-0.5129187342347874,0.306916814526538
5-16A,2.0,94.9806,0.8294611918293151,0.215640481226782
5-16A,2.0,95.0139,0.9318842162821118,0.2019737189306125
5-16A,2.0,101.0242,0.9541603621059013,0.1293418608733734
5-16A,2.0,102.056,-0.548836457019602,0.039174001420608916
5-16A,2.0,103.0402,-0.8791053205857843,0.007469573665905995
5-16A,2.0,103.0509,-0.9266164822948451,0.03782970299203816
5-16A,2.0,104.0352,-0.5883452196546775,0.12588479998712257
5-16A,2.0,105.0193,0.28032224481986867,0.5681347004213536
5-16A,2.0,107.0503,0.34330876132113974,0.6115480457974047
5-16A,2.0,109.0295,-0.6050420610190188,0.07006289123615488
5-16A,2.0,111.02,-0.6457646946987827,0.012522718047476185
5-16A,2.0,112.0516,0.4589869654252201,0.24825864069495163
5-16A,2.0,113.0244,0.9478057332821866,0.1008115757387979
5-16A,2.0,113.0357,-0.32133537669274626,0.07164669218799263
5-16A,2.0,114.056,-0.24656465682245687,0.0006458045304821604
5-16A,2.0,115.0037,-0.7756225771767017,0.06258956882044069
5-16A,2.0,115.0402,0.13070913317011418,0.1771915698803338
5-16A,2.0,115.0764,0.864293420289628,0.1700971422026918
5-16A,2.0,116.0354,-0.8399080626731794,0.1807921421833007
5-16A,2.0,116.0717,-0.7990404214948701,0.011820507676332243
5-16A,2.0,117.0194,-0.9102362917343564,0.0005365643275172366
5-16A,2.0,118.0508,-1.2946949891363189,0.10120138787700428
5-16A,2.0,118.9804,1.2017330864249283,0.0646729377393065
5-16A,2.0,119.0503,0.3618262009344305,0.1998368749395348
5-16A,2.0,120.9273,-0.021789798613730142,1.0010749415753604
5-16A,2.0,121.0295,1.0113249726221412,0.6291962028895857
5-16A,2.0,121.0409,1.2474246394647799,0.3624721660773936
5-16A,2.0,122.0248,-0.42921098861836116,0.09546962413475478
5-16A,2.0,124.0075,0.1765421160444883,0.21621525947470588
5-16A,2.0,124.0144,0.4190960457157512,0.2938815927960133
5-16A,2.0,125.0439,-0.7540744860088499,0.16031844942503978
5-16A,2.0,127.0764,1.3302677145331865,0.2943111278413265
5-16A,2.0,128.0354,-0.3678716842387657,0.006434520097405276
5-16A,2.0,129.0193,-0.6222733253412334,0.13716789350069117
5-16A,2.0,129.0556,0.5588068832073251,0.6115570574389864
5-16A,2.0,130.0142,-0.6370198640831936,0.05959869135401708
5-16A,2.0,130.0509,-0.9670818759546531,0.015181507568413329
5-16A,2.0,130.0874,-0.9467007708520756,0.035578895369694254
5-16A,2.0,131.0008,0.8400482303824692,0.8872486935472644
5-16A,2.0,131.0123,-0.7373062180296973,0.040184298948516044
5-16A,2.0,131.035,0.7332192477490846,0.059177412853584806
5-16A,2.0,131.0462,0.7168045560229437,0.13653949541555616
5-16A,2.0,131.0828,-0.23065078394978472,0.15588353417322048
5-16A,2.0,132.0302,-0.8853474343590428,0.028075812997155926
5-16A,2.0,133.0142,-0.32151838062367777,0.05250759420246879
5-16A,2.0,133.0257,-0.348836024430349,0.1252298707491319
5-16A,2.0,133.0505,-0.6623237304281813,0.01740998759076109
5-16A,2.0,134.0472,-0.5130634641471532,0.2338333884469668
5-16A,2.0,134.0604,-0.4465061556995501,0.15619567659335715
5-16A,2.0,135.0302,-0.7557222286523577,0.06819440571247508
5-16A,2.0,135.0453,-0.9912642944265665,0.13766382445223463
5-16A,2.0,136.0404,-0.351635652316525,0.05181987664826884
5-16A,2.0,136.0487,-1.0113393962253674,0.26591669225903003
5-16A,2.0,136.0767,1.3381309196077518,0.4636479380602893
5-16A,2.0,137.0239,-0.06362866159063836,0.19011249873329383
5-16A,2.0,138.9789,-0.30365855997854635,0.20657189805217244
5-16A,2.0,139.0014,-0.2566969165498761,0.02419927782626988
5-16A,2.0,139.0067,-0.708964007959109,0.005147489618703414
5-16A,2.0,139.976,0.337605568730042,0.5344556415589755
5-16A,2.0,143.0713,1.6803559463481257,0.30948426337092827
5-16A,2.0,143.1077,0.9443607095588002,0.22049471414998195
5-16A,2.0,145.0141,-0.23682347657486802,0.11527648758332627
5-16A,2.0,145.0506,-0.757533551043405,0.14327185936083733
5-16A,2.0,145.0623,-0.4271911936553154,0.2512793370445789
5-16A,2.0,145.0982,0.5993005578139164,0.3180258920514981
5-16A,2.0,145.1106,0.6059494608647822,0.641313242186024
5-16A,2.0,146.0459,-0.4081285944141475,0.008040530504801757
5-16A,2.0,147.0298,-0.7991809765271547,0.011341048585263844
5-16A,2.0,147.0662,-0.5605508784748083,0.02470345650886729
5-16A,2.0,149.0092,1.6504759058826144,0.2974293968728266
5-16A,2.0,149.0456,0.7215195949678196,0.2892111214678925
5-16A,2.0,149.0608,0.8677973590919589,0.23647527293922901
5-16A,2.0,150.0422,-0.17035771071889994,0.331616192477755
5-16A,2.0,150.9707,-0.14230859704490811,0.648221812203653
5-16A,2.0,151.0259,-0.5680168626206916,0.04578906108845026
5-16A,2.0,151.04,0.8576642117162965,0.7881829713481998
5-16A,2.0,151.06,0.0568082439863104,1.5243817126594656
5-16A,2.0,152.0353,0.7483718946576026,0.5135805945564353
5-16A,2.0,152.0716,1.9910366096243137,0.3779403321308884
5-16A,2.0,153.0192,0.28399639026879275,0.08186273156448172
5-16A,2.0,154.062,-0.17630797220426164,0.09339877377678006
5-16A,2.0,154.9751,-0.9194259350611863,0.012556318967052746
5-16A,2.0,155.0099,-0.5944308916102858,0.004994872434421885
5-16A,2.0,157.0128,-0.7221964105496295,0.016622336757650073
5-16A,2.0,157.0255,-0.6249876647500975,0.05202342746841371
5-16A,2.0,157.0379,-0.6003374020828685,0.057544518859785385
5-16A,2.0,157.0504,-0.827331712956795,0.026469641259145093
5-16A,2.0,159.0297,1.0083155128878345,0.18555308591312536
5-16A,2.0,159.0775,-0.9215795885532119,0.05813700122835923
5-16A,2.0,160.0616,-1.0650332001063099,0.651745018384494
5-16A,2.0,161.0453,0.3297570988302972,0.15191026902652888
5-16A,2.0,162.0424,-0.6100397762708728,0.2538453624710762
5-16A,2.0,163.0351,-0.9748472496145781,0.0655007001746073
5-16A,2.0,163.0398,0.3679833571888243,0.11171065069324755
5-16A,2.0,163.0611,0.7003279523007991,0.5571348696262639
5-16A,2.0,164.0716,-0.4616673983949805,0.04012375033362304
5-16A,2.0,165.03,1.1384186520446589,0.39033594687726186
5-16A,2.0,165.0405,1.06932733533321,0.22151438588501615
5-16A,2.0,165.0556,-0.586489693956658,0.10734064066898868
5-16A,2.0,166.0508,-0.40498023222220686,0.4328039750223522
5-16A,2.0,166.0632,0.15343534673176779,0.9351601098436195
5-16A,2.0,166.9759,-0.6881283730774138,0.19817549012531196
5-16A,2.0,167.0207,0.06356967075019967,0.34540838362241844
5-16A,2.0,167.0358,1.0798717039945425,0.37847377565911344
5-16A,2.0,167.0828,0.4621941695172711,0.9630964934707248
5-16A,2.0,168.0277,-0.4053593761578381,0.011907372481253651
5-16A,2.0,168.0664,1.0551418745485803,0.715632671765534
5-16A,2.0,170.0455,-0.8194776550412766,0.024246477293139862
5-16A,2.0,171.0065,-0.8200899857001112,0.09338700818001697
5-16A,2.0,171.0092,-0.8048377777111664,0.04826187253339869
5-16A,2.0,171.0284,-0.7617139868640824,0.058733975437440314
5-16A,2.0,172.0616,-0.6435186067017582,0.045921607210502736
5-16A,2.0,172.962,-0.571604181627788,0.03522290703772873
5-16A,2.0,173.0089,-0.8195540497592614,0.15806043894314198
5-16A,2.0,173.0453,-0.3018468094101429,0.19121683866283623
5-16A,2.0,173.0932,-0.7594654899775847,0.07310608045233553
5-16A,2.0,173.1041,0.2597994584176285,0.19442738562630743
5-16A,2.0,174.0407,-0.8763152388773099,0.006935618961584677
5-16A,2.0,174.088,-0.6417187515328489,0.17027595195727205
5-16A,2.0,175.022,-0.6183914650452323,0.24306170630844873
5-16A,2.0,175.0361,-0.9156410807879611,0.031093787179931227
5-16A,2.0,175.0611,-0.8489262517397964,0.02580004759641822
5-16A,2.0,176.0776,-0.7795559663880403,0.11766672987018287
5-16A,2.0,177.0402,1.5706112747106968,0.5998249534771234
5-16A,2.0,177.0553,0.228504826757463,0.5837209786222894
5-16A,2.0,178.0509,-0.7941066237516516,0.008788557020642813
5-16A,2.0,179.0348,-0.2879227365000614,0.3032246927967325
5-16A,2.0,179.0561,0.8977657398527767,0.14057429450084805
5-16A,2.0,180.0663,0.8315455549555423,0.12247774213843877
5-16A,2.0,181.0505,-0.41331697172699244,0.3195488277314203
5-16A,2.0,182.9725,1.6428416639696324,0.24143431882234148
5-16A,2.0,183.0661,0.9267278489062636,0.4613598548697408
5-16A,2.0,184.0017,-0.3272106377255368,0.027314905778840274
5-16A,2.0,184.9856,-0.38239477781474873,0.09898433299033935
5-16A,2.0,186.1136,1.4631677546747994,0.31519416155152563
5-16A,2.0,187.0234,-0.711844521732297,0.31571192953526017
5-16A,2.0,188.035,-0.9582573442144949,0.8455903193858334
5-16A,2.0,188.0565,-0.877039247377023,0.005493501685543108
5-16A,2.0,189.0405,1.6354539805108104,0.14528169810667607
5-16A,2.0,191.0197,-1.1108825996338496,0.10632520780647825
5-16A,2.0,191.0561,-1.0130721003825656,0.03254341178160954
5-16A,2.0,192.0663,-0.16040869612056674,0.5476445455098695
5-16A,2.0,193.0349,-0.028102925902949556,0.2863128350818787
5-16A,2.0,194.0682,-0.7602342674158045,0.13072830908161434
5-16A,2.0,194.0822,0.8733039176567985,0.4545838567454167
5-16A,2.0,195.0509,0.09591882280734533,0.21611852567707077
5-16A,2.0,195.0657,0.0027001082144457005,0.2337784519968157
5-16A,2.0,196.0603,-0.7959780174093496,0.11026438848203692
5-16A,2.0,198.0182,-0.9201171758380011,0.22103050064357327
5-16A,2.0,199.0019,-0.8571795563122209,0.1916584020521924
5-16A,2.0,200.9937,0.7050871759906483,0.369334672223732
5-16A,2.0,201.0051,-0.7915723637887252,0.07382750539980233
5-16A,2.0,203.0348,-0.12191024946485671,0.09806549181646765
5-16A,2.0,203.0826,-0.07810636618560796,0.06996224073493412
5-16A,2.0,204.0498,0.939245737880004,1.4327326398986955
5-16A,2.0,205.0351,-0.46182835555107815,0.13315499577219775
5-16A,2.0,206.0822,-0.14342839346051667,0.40802766560754133
5-16A,2.0,209.0292,-0.18572168728864435,0.34347991647568876
5-16A,2.0,209.0814,0.7894543363725824,0.2562015134542127
5-16A,2.0,211.0235,-0.1998302701225788,0.3006442210106011
5-16A,2.0,211.9968,-0.9101032508453768,0.0483576474114052
5-16A,2.0,212.0331,-0.3845512816766541,0.1043455322351731
5-16A,2.0,212.9807,-0.4336857070667125,0.07587279928904161
5-16A,2.0,213.014,-0.5514962037868817,0.2657002712180103
5-16A,2.0,213.0384,-0.5852044583458367,0.21273148989243124
5-16A,2.0,213.1252,1.030018627123353,0.31462020550580366
5-16A,2.0,214.0488,-0.3747266059430733,0.8807472099307609
5-16A,2.0,215.0331,1.017256849501345,0.09066726433838528
5-16A,2.0,216.1351,0.7761631742369663,0.20000653312935723
5-16A,2.0,218.0335,1.175737891222219,0.12305699374211068
5-16A,2.0,218.1034,-0.7657366335972247,0.023939159626086948
5-16A,2.0,220.0828,0.5597318778100188,0.9573159073609617
5-16A,2.0,221.0443,0.9966883152347402,0.16840640354477454
5-16A,2.0,221.0664,-0.44013874382441637,0.12683257943654289
5-16A,2.0,225.0399,0.6447492976158476,0.6091315537907511
5-16A,2.0,225.0861,0.45299849919836743,0.31411981862814986
5-16A,2.0,225.0901,-0.030628042672042888,1.1272329819272142
5-16A,2.0,226.0135,-0.44881098132334285,0.32712932756192703
5-16A,2.0,226.0697,0.23037436378707393,0.39448912451790813
5-16A,2.0,228.0501,0.013489654794574986,0.40473155937658867
5-16A,2.0,229.0122,-0.6940998434659484,0.0427545248814222
5-16A,2.0,237.0614,-0.8680522359361742,0.0973302324832431
5-16A,2.0,238.0945,1.0697637813172398,0.33051280621207524
5-16A,2.0,240.0515,-0.7259229944622614,0.03599243098359728
5-16A,2.0,241.0844,0.2554453963863174,0.8766177193321845
5-16A,2.0,242.0804,-0.15033521923953838,0.3702788062671574
5-16A,2.0,243.029,0.05202486929820846,0.23139006607590923
5-16A,2.0,243.0625,-0.5131373656687421,0.5290639500818601
5-16A,2.0,245.0444,-0.37467454870153094,0.34683176582245795
5-16A,2.0,246.0198,-0.10206533695524601,0.3425542433313912
5-16A,2.0,246.064,0.7384457450981761,0.515784253160767
5-16A,2.0,251.0816,-0.3400373248570094,0.4155593095918298
5-16A,2.0,253.0119,-0.31700826215400446,0.011202504622063392
5-16A,2.0,253.0499,0.3298917497824155,0.694391065420931
5-16A,2.0,257.0072,-0.6203169110749196,0.35574983376222025
5-16A,2.0,257.1028,1.5819999165731813,0.3552959871325423
5-16A,2.0,259.005,-0.22496721222725577,0.3564953193647332
5-16A,2.0,259.0227,0.5106127964930274,0.10016319313575778
5-16A,2.0,261.0385,-0.5770115831296192,0.09882733265772871
5-16A,2.0,266.0703,-0.38773840038283935,0.2027549458770701
5-16A,2.0,267.0724,-0.6888440373252247,0.006229299125190563
5-16A,2.0,268.02,-0.7465706232333678,0.682213872404231
5-16A,2.0,269.0398,-0.5476759937378937,0.18813126199761382
5-16A,2.0,271.0612,0.24334106031382377,0.6143054197514922
5-16A,2.0,271.0815,1.4225700659122475,0.4976486542424449
5-16A,2.0,273.0021,-0.8523191945182171,0.09816470592139573
5-16A,2.0,274.0933,-0.4372177483907559,0.13314874873490837
5-16A,2.0,275.0184,-0.12363336169435805,0.3078251628942282
5-16A,2.0,275.0991,-0.6115883954733776,0.43005817141898156
5-16A,2.0,277.1207,0.1687436135842875,0.12412573886224142
5-16A,2.0,277.2169,0.127709110811339,0.25464960775528445
5-16A,2.0,279.2331,-0.3244294459984815,0.02954174640056838
5-16A,2.0,282.0839,0.4737696004751529,0.6445212030138966
5-16A,2.0,283.2063,-0.5443366072628363,0.13807594730237702
5-16A,2.0,285.0972,0.7361927883595587,0.41826544428914886
5-16A,2.0,287.0157,1.8750003095548107,0.7046396011999436
5-16A,2.0,288.0725,-0.49892236148314306,0.11774672923965969
5-16A,2.0,289.0333,-0.1987314616394431,0.6405261312796309
5-16A,2.0,289.1044,0.2791428062906278,0.37773786053392683
5-16A,2.0,290.9677,-0.41252444633482127,0.09853583802672249
5-16A,2.0,294.0479,0.2828462038156488,0.8484140727055419
5-16A,2.0,300.0509,0.6019371297347544,0.5583839882318288
5-16A,2.0,301.0333,0.7080068197613256,1.3001864726111079
5-16A,2.0,303.2326,-0.48407227977756484,0.12632872500726344
5-16A,2.0,305.0207,1.29811672421939,0.2663410594938351
5-16A,2.0,306.0481,-0.9730977518220599,0.10846706272102183
5-16A,2.0,306.0765,-0.26797868737256997,0.023126189724043015
5-16A,2.0,308.0986,-0.3116611544269232,0.03305997587815767
5-16A,2.0,313.0441,-0.1426606529347037,0.41272211202717524
5-16A,2.0,313.1037,-0.5647472931756081,0.34253969009610485
5-16A,2.0,317.026,0.7348905735177341,0.5707517267690052
5-16A,2.0,323.0256,-0.7686352626560617,0.459617611158757
5-16A,2.0,325.1163,-0.4188060112203328,0.2072464669137893
5-16A,2.0,328.0457,-0.5886546106791886,0.20328350051077282
5-16A,2.0,333.0589,-0.7444615271211212,0.22781549950196847
5-16A,2.0,338.9884,-0.5922448807442038,0.2398475129701991
5-16A,2.0,339.0928,0.16984872463467385,0.5899697633228642
5-16A,2.0,341.1089,-0.5192219648751797,0.05903617735799209
5-16A,2.0,344.0393,-0.4585164411600962,0.05022918096254146
5-16A,2.0,346.0556,-0.1516575140846734,0.18184297159594148
5-16A,2.0,348.087,-0.9522135336427657,0.14644567163822098
5-16A,2.0,353.0489,-0.7326355614576422,0.42153517865949114
5-16A,2.0,357.089,-0.6301300043483051,0.212836644402196
5-16A,2.0,375.131,-0.28102001239335067,0.24517755377727282
5-16A,2.0,377.1496,0.793958627644507,0.47756965729442397
5-16A,2.0,383.1188,-0.13398531187744908,0.5663370700775344
5-16A,2.0,388.9416,-0.09751843875699308,0.4158530437524969
5-16A,2.0,388.9442,-0.23036028798793864,0.3246910616333322
5-16A,2.0,401.0756,1.3195981600185998,0.12882960790841058
5-16A,2.0,407.2795,0.283540406590498,0.23075985276213887
5-16A,2.0,421.0743,-0.018615416210522318,0.7252836426644653
5-16A,2.0,426.0222,-0.5456698783916526,0.12292589955612333
5-16A,2.0,442.9997,0.1934102053440335,0.20933850745229649
5-16A,2.0,466.9657,2.142368491667159,0.292260650232576
5-16A,2.0,490.9787,0.3949456212262902,0.6931095742293548
5-16A,2.0,503.1614,-0.9337295445327256,0.2778691539296898
5-16A,2.0,547.0731,-0.9630232049314748,0.12429409068417081
5-16A,2.0,565.0471,-0.35848629234729235,0.2715178803446073
5-16A,2.0,578.8872,1.1225885418363513,0.19061978703470814
5-16A,2.0,579.0269,1.1398914541538288,0.16448171620126564
5-16A,2.0,612.2549,-0.803296183066349,0.22297923444206932
5-16A,2.0,624.2949,-0.712697262699395,0.1983264640695714
5-16A,2.0,659.307,0.22083218240507152,0.29322757481482503
5-16A,2.0,664.0939,-0.3471224421850586,0.25023593683020534
5-16A,2.0,665.2144,-0.6580186785683839,0.5159399323420877
5-16A,2.0,668.1374,-0.6163888442121963,0.0002562826564767395
5-16A,2.0,787.255,-0.042086474867375115,0.5166750493034031
5-16A,2.0,790.2568,-0.003483812352942192,0.5773193643877509
5-16A,2.0,835.0407,-0.8367513609446458,0.11523291008915645
5-16A,2.0,863.2971,-0.6733265505024434,0.04079665691941028
5-16A,2.0,864.1473,-0.6208322320466249,0.29350187292854835
5-16A,2.0,974.2935,-0.15309446128736148,0.16645152474865174
5-16A,2.0,976.7162,0.6240298737888228,0.07782898063357425
5-16A,3.0,57.0342,0.5779164547150637,0.6836153361827191
5-16A,3.0,58.0295,-0.4232857444790883,0.49673066142322025
5-16A,3.0,59.0135,0.6303073681422781,0.16502318790319742
5-16A,3.0,71.0137,0.5554954629135727,0.09666050430168253
5-16A,3.0,73.0293,-0.6289538559291694,0.02487048030911901
5-16A,3.0,74.0247,-0.11244035522200407,0.2683364228454091
5-16A,3.0,75.0087,1.6431020025438383,0.4445656283306778
5-16A,3.0,87.0088,-0.6247299566604377,0.01215305031536416
5-16A,3.0,87.0451,0.6486258119087001,0.28261264902234207
5-16A,3.0,88.0403,-0.5479404358585768,0.04167817394713651
5-16A,3.0,88.9883,-0.6083355211958519,0.38851198536177023
5-16A,3.0,89.0244,-0.6060730741576001,0.03611921769351536
5-16A,3.0,93.0338,-0.036921857194872856,0.01266941284966863
5-16A,3.0,94.9761,-0.8256849310165526,0.4000152197039936
5-16A,3.0,94.9806,0.7228591720843056,0.3074851045607671
5-16A,3.0,95.0139,0.6657366893251747,0.08393518076164061
5-16A,3.0,101.0242,0.9400494537887626,0.008436219640988287
5-16A,3.0,102.056,-0.3848652655110518,0.03463504898474877
5-16A,3.0,103.0402,-0.5877480866070813,0.04492251419379155
5-16A,3.0,103.0509,-0.5380921027748763,0.029129087112092895
5-16A,3.0,104.0352,-0.37900548494111036,0.03397705344723815
5-16A,3.0,105.0193,0.8748984087027607,1.5296215139702007
5-16A,3.0,107.0503,-0.4247004531881641,0.520162747862361
5-16A,3.0,109.0295,-0.13835538246716977,0.2257721601941319
5-16A,3.0,111.02,0.2088937871340672,0.006910499197003652
5-16A,3.0,112.0516,1.1850535731860832,0.9194306422493446
5-16A,3.0,113.0244,0.8043189140661071,0.07314997350736921
5-16A,3.0,113.0357,0.7911445393900804,0.10640632289408614
5-16A,3.0,114.056,-0.23187526236098746,0.0015333930641156816
5-16A,3.0,115.0037,-0.48933787657480676,0.1143856756040529
5-16A,3.0,115.0402,0.5417617403347053,0.5854900668421259
5-16A,3.0,115.0764,0.09396906170896896,0.4283600233622308
5-16A,3.0,116.0354,0.08836654797083789,0.30689344395601303
5-16A,3.0,116.0717,-0.7754100817125421,0.005692200854077975
5-16A,3.0,117.0194,-0.6450456258163153,0.009392671353615887
5-16A,3.0,118.0508,-0.45309748875118927,0.03890427171518045
5-16A,3.0,118.9804,0.5198312464055955,0.11071335136245851
5-16A,3.0,119.0503,0.04344187948470762,0.3698759373315042
5-16A,3.0,120.9273,0.5152544436996436,0.37134909088395324
5-16A,3.0,121.0295,0.4243991143718527,0.2512154060344014
5-16A,3.0,121.0409,0.5366532370084981,0.8616877021566163
5-16A,3.0,122.0248,0.21910261902581016,0.12009364504057682
5-16A,3.0,124.0075,0.6132833365601804,0.7473973856633815
5-16A,3.0,124.0144,0.7168543144722147,0.4294143148301714
5-16A,3.0,125.0439,0.9411590395856988,0.16436218993737334
5-16A,3.0,127.0764,0.8759239925318619,0.3305738273708166
5-16A,3.0,128.0354,-0.3573708793313356,0.008965006584062508
5-16A,3.0,129.0193,-0.12463749127257583,0.0998878480693982
5-16A,3.0,129.0556,0.44702351399785795,0.8782581444681524
5-16A,3.0,130.0142,-0.3780137394384232,0.314066636993191
5-16A,3.0,130.0509,-0.24108116459463957,0.05001609137176176
5-16A,3.0,130.0874,-0.8360627478312141,0.021877057290765094
5-16A,3.0,131.0008,1.4089249760554101,0.29601309509305507
5-16A,3.0,131.0123,-0.6448868727219204,0.09811548194838574
5-16A,3.0,131.035,1.191721122880112,0.11699114281548635
5-16A,3.0,131.0462,0.8297508007087382,0.2250279205422762
5-16A,3.0,131.0828,-0.552232688123776,0.14555924445067853
5-16A,3.0,132.0302,-0.004003051109614347,0.024759347251169267
5-16A,3.0,133.0142,-0.1196588251763865,0.1097239728420784
5-16A,3.0,133.0257,-0.12191007733993148,0.07790899820965334
5-16A,3.0,133.0505,0.2321155490913402,0.08895185687293741
5-16A,3.0,134.0472,-0.5161788039799234,0.1793401498711812
5-16A,3.0,134.0604,0.5162574888197492,0.6297352995696023
5-16A,3.0,135.0302,-0.7860166917120176,0.05465739581674765
5-16A,3.0,135.0453,-0.7027575996958968,0.019246393128933805
5-16A,3.0,136.0404,-0.18619590266151834,0.03326027284650547
5-16A,3.0,136.0487,-0.6901699233271937,0.07285389495192349
5-16A,3.0,136.0767,0.9343990242664393,0.40034985276499113
5-16A,3.0,137.0239,0.13906933997495657,0.10101065090980431
5-16A,3.0,138.9789,-0.18446303934208502,0.30178810048540344
5-16A,3.0,139.0014,0.042310750440164496,0.06491257639847005
5-16A,3.0,139.0067,-0.7283530344095533,0.0755516632100222
5-16A,3.0,139.976,-0.8129713733250399,0.221603507989224
5-16A,3.0,143.0713,1.09658685043775,0.23706632004807426
5-16A,3.0,143.1077,0.1029964933027824,0.102191131382205
5-16A,3.0,145.0141,-0.31773423695476216,0.172475697531308
5-16A,3.0,145.0506,-0.5546501147021432,0.21034725623385883
5-16A,3.0,145.0623,-0.7013170760904422,0.2292787007829461
5-16A,3.0,145.0982,-0.7199453157366088,0.2439691323653045
5-16A,3.0,145.1106,-1.1575103988226214,0.5208830021324835
5-16A,3.0,146.0459,-0.24412817859574357,0.011063998436829155
5-16A,3.0,147.0298,-0.6530483238642569,0.032523078296320354
5-16A,3.0,147.0662,0.6405189247600214,0.03747617100888114
5-16A,3.0,149.0092,0.5279800763675435,0.3756111879215854
5-16A,3.0,149.0456,0.47836493731675706,0.24660089097533078
5-16A,3.0,149.0608,0.1954145905136505,0.7379991324129136
5-16A,3.0,150.0422,-0.27788052301533517,0.2155912049921879
5-16A,3.0,150.9707,0.1517682605254186,0.9786466860848697
5-16A,3.0,151.0259,-0.7636561022947714,0.06944820355373924
5-16A,3.0,151.04,0.6705588507425742,0.6728766332557661
5-16A,3.0,151.06,1.3475466177612512,0.7133174069233021
5-16A,3.0,152.0353,0.10788219770084237,0.3387741098309555
5-16A,3.0,152.0716,0.9285625304713401,0.2502555070919491
5-16A,3.0,153.0192,0.2983249630686654,0.05600904080842063
5-16A,3.0,154.062,-0.3315430757095919,0.16759495828600873
5-16A,3.0,154.9751,-0.5944031310704895,0.05093515549674282
5-16A,3.0,155.0099,0.34251153441738597,0.036006730813354176
5-16A,3.0,157.0128,-0.37566312581766786,0.02726077776079961
5-16A,3.0,157.0255,0.6371882460700529,0.06334815201143745
5-16A,3.0,157.0379,0.6911228620533076,0.02970439916825326
5-16A,3.0,157.0504,-0.3709453419703508,0.04396999996810397
5-16A,3.0,159.0297,1.4946474746179472,0.5133463177663824
5-16A,3.0,159.0775,-0.2580750614600644,0.06797022735573999
5-16A,3.0,160.0616,-0.27872506202731623,0.4279008813419764
5-16A,3.0,161.0453,0.8540560023276766,0.16940287901652218
5-16A,3.0,162.0424,0.3187231280780224,0.06816737212480291
5-16A,3.0,163.0351,-0.7848880314137348,0.17650913828375667
5-16A,3.0,163.0398,1.0773393195306065,0.06043430846592593
5-16A,3.0,163.0611,0.3343851522753766,0.24828148518537058
5-16A,3.0,164.0716,-0.5018751295259487,0.022787604487364055
5-16A,3.0,165.03,0.7872979737213801,0.3989175813217773
5-16A,3.0,165.0405,0.4077647306299649,0.7800690483466707
5-16A,3.0,165.0556,-0.4898229168357529,0.02057182434610067
5-16A,3.0,166.0508,0.22273334939552675,0.31445770448414034
5-16A,3.0,166.0632,1.0005103175856163,0.48013343700046607
5-16A,3.0,166.9759,-0.2354116275893194,0.2846723927210111
5-16A,3.0,167.0207,0.3530722315392419,0.39829030537577315
5-16A,3.0,167.0358,0.6114413486688678,0.504687135407283
5-16A,3.0,167.0828,0.7495687660039896,0.4843866144102707
5-16A,3.0,168.0277,-0.2989805945781736,0.0747612712186636
5-16A,3.0,168.0664,1.2260523108498065,0.8355804863933902
5-16A,3.0,170.0455,-0.7412624708992936,0.03484355200546069
5-16A,3.0,171.0065,-0.29408310916468944,0.08347138302642768
5-16A,3.0,171.0092,-0.33709026119160174,0.10144167511422816
5-16A,3.0,171.0284,-0.5656847479383551,0.04637675649679999
5-16A,3.0,172.0616,0.5724031578585674,0.2685418026763949
5-16A,3.0,172.962,-0.509563769000023,0.08423784405953183
5-16A,3.0,173.0089,0.03699217120601712,0.11619231579647882
5-16A,3.0,173.0453,-0.14855864606251354,0.06682097782695763
5-16A,3.0,173.0932,-0.4412306321806265,0.10978628577551205
5-16A,3.0,173.1041,0.05029256850889479,0.809992131345438
5-16A,3.0,174.0407,-0.11162344761766413,0.008155929147892838
5-16A,3.0,174.088,-0.22342723569420012,0.13947897742470997
5-16A,3.0,175.022,-0.5510816583260733,0.131924598350467
5-16A,3.0,175.0361,0.05107013844458767,0.026038439661551945
5-16A,3.0,175.0611,-0.3241419067148676,0.04506059069014009
5-16A,3.0,176.0776,-0.24690772229985566,0.18586345841875943
5-16A,3.0,177.0402,2.045922801247518,0.5835450844341243
5-16A,3.0,177.0553,0.7716315998597019,0.43756384935813497
5-16A,3.0,178.0509,-0.287955694558064,0.03912842093321707
5-16A,3.0,179.0348,1.56951529913588,0.38255115327042943
5-16A,3.0,179.0561,0.4229263337947817,0.0633347639430719
5-16A,3.0,180.0663,0.34585041366528557,0.02293165819364724
5-16A,3.0,181.0505,-0.380099458709221,0.10694972827107348
5-16A,3.0,182.9725,0.5642611951486177,0.20463208179214062
5-16A,3.0,183.0661,1.1452549457443755,0.34538905692764155
5-16A,3.0,184.0017,-0.22866910223320377,0.10714878949582142
5-16A,3.0,184.9856,-0.3432371801594261,0.09873014017598016
5-16A,3.0,186.1136,1.6938465103576816,1.221135979189412
5-16A,3.0,187.0234,-0.9570720655045045,0.4905687464389956
5-16A,3.0,188.035,0.8947261591966276,0.45917424791827594
5-16A,3.0,188.0565,-0.040372626299055976,0.045963246012723266
5-16A,3.0,189.0405,2.580863392199453,0.21427043899498263
5-16A,3.0,191.0197,0.344350782178118,0.1900479773664401
5-16A,3.0,191.0561,-0.45188353895924344,0.022390834384311643
5-16A,3.0,192.0663,0.616923777206771,0.7293364355783917
5-16A,3.0,193.0349,0.001885575870429168,0.2748030229480065
5-16A,3.0,194.0682,0.43165647936912355,0.3496023010036248
5-16A,3.0,194.0822,0.9861787074040212,0.3995437453135062
5-16A,3.0,195.0509,0.205393858829274,0.04479354071404262
5-16A,3.0,195.0657,-0.281663363924714,0.37828927085950353
5-16A,3.0,196.0603,0.32048825342949167,0.07156075612818015
5-16A,3.0,198.0182,-0.4374573070355291,0.315328694714345
5-16A,3.0,199.0019,-0.19650119485958872,0.45663892696058583
5-16A,3.0,200.9937,0.5766138323297765,0.39563839419842667
5-16A,3.0,201.0051,0.15131709437862964,0.8933001144437835
5-16A,3.0,203.0348,-0.11948289461907788,0.41985215478441323
5-16A,3.0,203.0826,-0.08325066446991894,0.004454545938431457
5-16A,3.0,204.0498,0.6547533709261286,0.8911841263721065
5-16A,3.0,205.0351,0.022114891189778677,0.1282182935194123
5-16A,3.0,206.0822,0.4322936946436694,0.2267281739029975
5-16A,3.0,209.0292,-0.9353928043449383,0.5707840550149857
5-16A,3.0,209.0814,0.4860582699961044,0.3199046829930735
5-16A,3.0,211.0235,0.008826451190935673,0.3261351482501905
5-16A,3.0,211.9968,-0.15154779823958978,0.06310286599570974
5-16A,3.0,212.0331,-0.5987547188079991,0.19132688434457074
5-16A,3.0,212.9807,-0.47075951851748954,0.059517229120500476
5-16A,3.0,213.014,-0.9722292850394363,0.44758786487869434
5-16A,3.0,213.0384,-0.661681945274654,0.29156157793784704
5-16A,3.0,213.1252,0.2322744297931219,0.47477606230853214
5-16A,3.0,214.0488,-0.7496218671525331,0.3933684547900072
5-16A,3.0,215.0331,0.748933623968394,0.048884499886669285
5-16A,3.0,216.1351,1.551822223014644,0.1643360677660473
5-16A,3.0,218.0335,0.8819347674738457,0.011599248553171536
5-16A,3.0,218.1034,0.304179480768376,0.04516198590546209
5-16A,3.0,220.0828,0.34153540141786853,0.422376219584001
5-16A,3.0,221.0443,0.7502976082613123,0.06344412206135748
5-16A,3.0,221.0664,0.27700967024180834,0.610305435186582
5-16A,3.0,225.0399,0.6674481677514037,0.8852119636509324
5-16A,3.0,225.0861,0.5854502357631867,0.5711222709889003
5-16A,3.0,225.0901,-0.6500903887975443,0.4960970008185417
5-16A,3.0,226.0135,-0.3344689473444826,0.2217894940847186
5-16A,3.0,226.0697,0.6152376711342625,0.5222407614112534
5-16A,3.0,228.0501,-0.21395210261371028,0.1808598652591163
5-16A,3.0,229.0122,0.09638252278166998,0.04147865350364009
5-16A,3.0,237.0614,-0.19979264876339559,0.18249707485574057
5-16A,3.0,238.0945,1.22230162542874,0.2818181971227918
5-16A,3.0,240.0515,0.37033064975280455,0.017548726008777226
5-16A,3.0,241.0844,-0.27910481563131667,0.5213482553966471
5-16A,3.0,242.0804,-0.3365954429218083,0.30763057113337655
5-16A,3.0,243.029,-0.596979514140373,0.22092087625333592
5-16A,3.0,243.0625,-0.45136320106998834,0.23966830225481542
5-16A,3.0,245.0444,-0.26827570937782347,0.35383835306527167
5-16A,3.0,246.0198,-0.3007020948477371,0.21271164278086793
5-16A,3.0,246.064,0.6188178851930449,0.46393721313536673
5-16A,3.0,251.0816,-0.9476400436182433,0.4599921886075525
5-16A,3.0,253.0119,-0.24691856336809498,0.014494403012222816
5-16A,3.0,253.0499,1.1011855340297472,1.4096395150230547
5-16A,3.0,257.0072,-0.7751140104665543,0.17937627344715334
5-16A,3.0,257.1028,0.9319556092341693,0.18810748452072318
5-16A,3.0,259.005,-0.6607008557698302,0.7161942823353166
5-16A,3.0,259.0227,0.6248401284416842,0.21996924383968403
5-16A,3.0,261.0385,-0.5305664113346727,0.3845511711091184
5-16A,3.0,266.0703,-0.11484144428269637,0.10007816592741212
5-16A,3.0,267.0724,-0.5076512240033689,0.007549698906072521
5-16A,3.0,268.02,-0.7120390123603553,1.0751270897961662
5-16A,3.0,269.0398,-0.7417726824253256,0.04405009199659536
5-16A,3.0,271.0612,-0.013771288052950635,0.6626847839047707
5-16A,3.0,271.0815,1.1091437546840566,0.48802647671064603
5-16A,3.0,273.0021,-0.8009902296521519,0.06662655662098203
5-16A,3.0,274.0933,0.27542969803249434,0.14848717892792454
5-16A,3.0,275.0184,0.04747909876506245,0.42317464914864616
5-16A,3.0,275.0991,-0.3769417960061582,0.1251528494384886
5-16A,3.0,277.1207,0.6840478056387895,0.07380047064447783
5-16A,3.0,277.2169,0.20976601469878842,0.486761913300756
5-16A,3.0,279.2331,-0.32783226806426047,0.024878996596641997
5-16A,3.0,282.0839,-0.37996033329923495,0.8328377315924052
5-16A,3.0,283.2063,-0.6658688870179953,0.4093733957431895
5-16A,3.0,285.0972,-0.0010019611145843123,1.2855141419035263
5-16A,3.0,287.0157,0.1125389453168495,0.15304748767525955
5-16A,3.0,288.0725,0.0515388429405945,0.1965831853357252
5-16A,3.0,289.0333,-0.1211756918265497,0.22253910602383914
5-16A,3.0,289.1044,0.20613385274521664,0.12136647718100796
5-16A,3.0,290.9677,-0.3654290863967534,0.06896623673888723
5-16A,3.0,294.0479,0.4846525259508235,0.48809472161026646
5-16A,3.0,300.0509,-0.5094836185988918,0.5467491445064488
5-16A,3.0,301.0333,0.6525392555714801,0.5424151960744864
5-16A,3.0,303.2326,-0.588128255772283,0.13953007702374862
5-16A,3.0,305.0207,0.29904146869553805,0.18224345463564734
5-16A,3.0,306.0481,-0.04914462559696925,0.12855350609774366
5-16A,3.0,306.0765,0.1674206175683179,0.0236533593456771
5-16A,3.0,308.0986,-0.36057324580829614,0.02383195652603096
5-16A,3.0,313.0441,-0.317806860041053,0.04399199955822819
5-16A,3.0,313.1037,-0.1342269279442429,0.42247485224659154
5-16A,3.0,317.026,0.3552284814102614,0.403948584856334
5-16A,3.0,323.0256,-0.17626327144210688,0.47376850705619394
5-16A,3.0,325.1163,-0.2791875319775246,0.3486394642047019
5-16A,3.0,328.0457,-0.1561118137076148,0.1699601219269014
5-16A,3.0,333.0589,-0.048247036946558484,0.21840827319760822
5-16A,3.0,338.9884,-0.8647101249481015,0.08159573489518229
5-16A,3.0,339.0928,0.702552337901617,0.25723722092496615
5-16A,3.0,341.1089,-0.544352238467767,0.16454562260053518
5-16A,3.0,344.0393,-0.4656580541251501,0.2824837946022635
5-16A,3.0,346.0556,-0.7746041376760922,0.06713187762973985
5-16A,3.0,348.087,-0.09709819501122245,0.3040857665894298
5-16A,3.0,353.0489,-0.6555900732435139,0.020747571106234222
5-16A,3.0,357.089,-0.2982965802638289,0.16192130435316338
5-16A,3.0,375.131,-0.49514544275472033,0.3230777504851085
5-16A,3.0,377.1496,-0.07495240807330038,0.13896607796705954
5-16A,3.0,383.1188,-0.21696736950664863,0.3152014217123795
5-16A,3.0,388.9416,0.1009980325656559,0.10729120840477047
5-16A,3.0,388.9442,-0.3855912129319649,0.16611113882665637
5-16A,3.0,401.0756,0.36433994077038817,0.06949548816174195
5-16A,3.0,407.2795,-0.14685207836780378,0.4267137096133064
5-16A,3.0,421.0743,-0.12912549072671764,0.43171142848420907
5-16A,3.0,426.0222,-0.902903561851658,0.5400826336323313
5-16A,3.0,442.9997,-0.3631027513907179,0.3311904188941408
5-16A,3.0,466.9657,0.036629022654033075,0.02639764940616694
5-16A,3.0,490.9787,-0.15872983982756245,0.9404947569659358
5-16A,3.0,503.1614,0.39623638881016465,0.07443319807241179
5-16A,3.0,547.0731,0.044702809666765285,0.05203058877333399
5-16A,3.0,565.0471,0.08808585468067705,0.127230305531165
5-16A,3.0,578.8872,0.7198636134251615,0.07824142257308671
5-16A,3.0,579.0269,0.5192653465286216,0.06417614591332677
5-16A,3.0,612.2549,-0.16921300027637337,0.7811659996844642
5-16A,3.0,624.2949,-0.6879258767298205,0.15415175208523957
5-16A,3.0,659.307,-0.07997832337397118,0.07418783811394425
5-16A,3.0,664.0939,-0.477705593879704,0.24905846353509575
5-16A,3.0,665.2144,-0.45598943465806485,0.39272095720816397
5-16A,3.0,668.1374,-0.6094853271807512,0.00064373664588279
5-16A,3.0,787.255,-0.3703643335991838,0.4105651150732628
5-16A,3.0,790.2568,-0.2928226336800154,0.29764256932214234
5-16A,3.0,835.0407,-0.7050883221076614,0.1455905959899187
5-16A,3.0,863.2971,-0.6323067329401659,0.08119040025299719
5-16A,3.0,864.1473,-0.80230053263882,0.5572867835551624
5-16A,3.0,974.2935,-0.1943610856274067,0.21759133282774518
5-16A,3.0,976.7162,0.5600081965544131,0.05737728755763306
5-16A,4.0,57.0342,0.20703928754435977,0.22305790700733222
5-16A,4.0,58.0295,0.26840015156094854,0.32195616464542093
5-16A,4.0,59.0135,0.6394083692700309,0.36223837418529314
5-16A,4.0,71.0137,0.33855163707288133,0.047847464546551484
5-16A,4.0,73.0293,-0.04558350656963393,0.018551228963939674
5-16A,4.0,74.0247,-0.00415189446664401,0.5237094675759383
5-16A,4.0,75.0087,1.3124207555028287,0.5363206825106082
5-16A,4.0,87.0088,-0.5293538480160649,0.01792109586238527
5-16A,4.0,87.0451,-0.1064764011641255,0.36107712125796804
5-16A,4.0,88.0403,-0.2540941768911451,0.07222394891254773
5-16A,4.0,88.9883,-0.7242480982221023,0.19270002399431863
5-16A,4.0,89.0244,-0.2779368380858914,0.12376928720207053
5-16A,4.0,93.0338,-0.024784399092220136,0.01729350181033139
5-16A,4.0,94.9761,-0.594881235393375,0.3308002270817862
5-16A,4.0,94.9806,0.25200067953718763,0.17920294278212118
5-16A,4.0,95.0139,0.356179775371907,0.110876063408416
5-16A,4.0,101.0242,0.17668912517163773,0.23175960377899338
5-16A,4.0,102.056,-0.3252725461791849,0.026757780464547465
5-16A,4.0,103.0402,-0.2453474497446415,0.06616840436732309
5-16A,4.0,103.0509,-0.22537735828319405,0.12968645887635344
5-16A,4.0,104.0352,-0.37047551272867296,0.1979521872656012
5-16A,4.0,105.0193,0.6025589101913784,0.1644962647344909
5-16A,4.0,107.0503,-0.2958057915619654,0.3781442669663219
5-16A,4.0,109.0295,0.4765682462068846,0.11403276657248998
5-16A,4.0,111.02,-0.07581535006782301,0.04875011608189782
5-16A,4.0,112.0516,0.7325580160974751,0.6910418365926202
5-16A,4.0,113.0244,0.32300839587178803,0.13676954131419933
5-16A,4.0,113.0357,1.4639193404469653,0.32011472973617056
5-16A,4.0,114.056,-0.24838885663416982,0.003073403047646328
5-16A,4.0,115.0037,0.11418285263926163,0.05400224239675578
5-16A,4.0,115.0402,0.8378121332409941,0.4354842352512187
5-16A,4.0,115.0764,-0.47705356751568323,0.18661487444159056
5-16A,4.0,116.0354,0.26375068663667617,0.091175252073717
5-16A,4.0,116.0717,-0.44193641874661566,0.05101355817662245
5-16A,4.0,117.0194,-0.059040927379881106,0.051344310472498454
5-16A,4.0,118.0508,0.22997090753454913,0.22062779612970523
5-16A,4.0,118.9804,0.2532977434306078,0.13603205863229628
5-16A,4.0,119.0503,0.1089964371344695,0.43276647842361493
5-16A,4.0,120.9273,-0.14399744075039309,0.20275699292607674
5-16A,4.0,121.0295,0.0315535089894005,0.2410791933877852
5-16A,4.0,121.0409,0.5934228903077586,0.5508929656658995
5-16A,4.0,122.0248,0.139717279314279,0.4157987522132991
5-16A,4.0,124.0075,-0.1496317068722944,0.1503607832261412
5-16A,4.0,124.0144,0.8253506335883649,0.33101991059373315
5-16A,4.0,125.0439,0.9505739860057475,0.12223993297827421
5-16A,4.0,127.0764,-0.09177928116730319,0.014546841671749062
5-16A,4.0,128.0354,-0.30954034919434964,0.01930424847534104
5-16A,4.0,129.0193,0.36695190570510894,0.15066770379992803
5-16A,4.0,129.0556,-0.7645795367286397,0.41659066816366924
5-16A,4.0,130.0142,0.6860888567238304,0.2871164362507447
5-16A,4.0,130.0509,0.3170130636306355,0.057232925628013485
5-16A,4.0,130.0874,-0.3542928707972872,0.0662263638675655
5-16A,4.0,131.0008,-0.32953458040594735,1.0148132221993322
5-16A,4.0,131.0123,-0.6178353027875266,0.013996462694312078
5-16A,4.0,131.035,0.6752588904421624,0.3384179307297712
5-16A,4.0,131.0462,0.7754108579374415,0.23995553817512447
5-16A,4.0,131.0828,-0.5492389077901159,0.1759830294286044
5-16A,4.0,132.0302,0.6780868363650345,0.14797514834502376
5-16A,4.0,133.0142,0.12804723855822656,0.07442532141622375
5-16A,4.0,133.0257,0.16306669342477895,0.01624475705746993
5-16A,4.0,133.0505,1.0627980245004673,0.12373323295936595
5-16A,4.0,134.0472,0.6857759460452608,0.16770625140566786
5-16A,4.0,134.0604,0.9289872345601958,0.0872712624177955
5-16A,4.0,135.0302,-0.5685581608987118,0.0412513922870475
5-16A,4.0,135.0453,-0.22056972836489472,0.15244205575630673
5-16A,4.0,136.0404,-0.25270663918335634,0.07649034984906344
5-16A,4.0,136.0487,-0.29901980049016835,0.2970229359634736
5-16A,4.0,136.0767,-1.1605236288081557,1.4044781717555117
5-16A,4.0,137.0239,-0.09247381750025019,0.2238195154938225
5-16A,4.0,138.9789,-0.5657876922256796,0.1636423472191001
5-16A,4.0,139.0014,0.7091053720576004,0.10203990948173954
5-16A,4.0,139.0067,-0.6640882845594488,0.0423898206567007
5-16A,4.0,139.976,-0.6770724661100721,0.37173976972452016
5-16A,4.0,143.0713,-0.4154113669201795,0.3080406681294696
5-16A,4.0,143.1077,-0.2907086832871009,0.3863022448282161
5-16A,4.0,145.0141,-0.31412214943780264,0.14917105131744246
5-16A,4.0,145.0506,-0.6422721238060336,0.17069834609161588
5-16A,4.0,145.0623,-0.890026922694334,0.4293860234627107
5-16A,4.0,145.0982,-0.665754180357704,0.04231473095760889
5-16A,4.0,145.1106,-0.42467960888248635,0.37669567178962815
5-16A,4.0,146.0459,-0.14563239188981125,0.0245512691578366
5-16A,4.0,147.0298,-0.34842141679262556,0.04745574404605994
5-16A,4.0,147.0662,1.529416238101374,0.19921086001304492
5-16A,4.0,149.0092,0.2582552995783908,0.6427566355303123
5-16A,4.0,149.0456,0.8335467187929341,0.1266360326249706
5-16A,4.0,149.0608,-0.4715136368593526,0.5888673102948484
5-16A,4.0,150.0422,-0.8725745959635202,0.07988216875616269
5-16A,4.0,150.9707,0.07577087036679486,0.6879820082936209
5-16A,4.0,151.0259,-0.6024426515762163,0.1253977143450417
5-16A,4.0,151.04,-0.18058032366838833,0.5232045083102852
5-16A,4.0,151.06,1.0065154086367685,0.4464985180737098
5-16A,4.0,152.0353,-0.3683779997187554,0.6123502158802818
5-16A,4.0,152.0716,0.3444260489107035,0.24097046948099354
5-16A,4.0,153.0192,0.6279550564112838,0.12659963804255633
5-16A,4.0,154.062,-0.4560248245005189,0.04356137123917117
5-16A,4.0,154.9751,0.27264985323368224,0.10554141348227435
5-16A,4.0,155.0099,-0.05724534689237285,0.07563615384607227
5-16A,4.0,157.0128,-0.4238900566008577,0.06391668335622559
5-16A,4.0,157.0255,1.146701776564328,0.1997068620802234
5-16A,4.0,157.0379,1.0053189235712716,0.10569206575966467
5-16A,4.0,157.0504,0.13910458288612845,0.08343616027340144
5-16A,4.0,159.0297,1.3650697017231606,0.5011468582787473
5-16A,4.0,159.0775,0.4831869860598232,0.25060051790142945
5-16A,4.0,160.0616,0.5216578040602512,0.4585014924051778
5-16A,4.0,161.0453,0.7622313591072719,0.34477252950601844
5-16A,4.0,162.0424,1.3462168894725852,0.3800600872096922
5-16A,4.0,163.0351,-0.7885989221701002,0.33897998309831506
5-16A,4.0,163.0398,1.4358881436456374,0.1051268147496283
5-16A,4.0,163.0611,-0.24407400470531973,1.1914219045933887
5-16A,4.0,164.0716,-0.5807910027480354,0.04907691882270146
5-16A,4.0,165.03,1.902414901863653,0.7319304092605541
5-16A,4.0,165.0405,-0.58543968969845,0.8146544984325061
5-16A,4.0,165.0556,0.041293025900778275,0.3246549150620805
5-16A,4.0,166.0508,0.6698529064336343,0.5470465756971966
5-16A,4.0,166.0632,-0.5139570545470219,0.672559571561282
5-16A,4.0,166.9759,-0.6081264533965656,0.6222194273446521
5-16A,4.0,167.0207,-0.09615588002996155,0.5042465536862537
5-16A,4.0,167.0358,-0.17163970799735598,0.6607744550847702
5-16A,4.0,167.0828,0.44274776825125256,0.3014353535347695
5-16A,4.0,168.0277,-0.1564617578491988,0.04547894690735336
5-16A,4.0,168.0664,0.9774553125934775,0.6347693567144068
5-16A,4.0,170.0455,-0.4970806912727152,0.0294018984082082
5-16A,4.0,171.0065,-0.10333691546100239,0.08430121646103624
5-16A,4.0,171.0092,0.10195958388968865,0.13014169315110413
5-16A,4.0,171.0284,-0.28421373775153946,0.06558375861800957
5-16A,4.0,172.0616,1.346249893914678,0.3095395260977215
5-16A,4.0,172.962,-0.27876230569960214,0.18054742993814096
5-16A,4.0,173.0089,0.5544813967971297,0.2701017873859591
5-16A,4.0,173.0453,-0.5782066204527035,0.2847871867466991
5-16A,4.0,173.0932,-0.2427565078713795,0.08913399040647738
5-16A,4.0,173.1041,-0.8411410147187212,1.0847636178872884
5-16A,4.0,174.0407,0.4412021215081207,0.08862423049190081
5-16A,4.0,174.088,-0.020232779829490677,0.08451281000446648
5-16A,4.0,175.022,-0.46578667125155504,0.10841620579798131
5-16A,4.0,175.0361,0.5964653132565154,0.09804234803337111
5-16A,4.0,175.0611,0.3946762843853548,0.08129916986785117
5-16A,4.0,176.0776,0.4693187790886711,0.4153723799400875
5-16A,4.0,177.0402,1.342498094671037,0.6272213910474371
5-16A,4.0,177.0553,0.340361599249915,0.8653641072247836
5-16A,4.0,178.0509,-0.04435978765899344,0.05621206489467173
5-16A,4.0,179.0348,1.3041869999144724,0.3967817538780049
5-16A,4.0,179.0561,0.26301730476743107,0.16218749135112187
5-16A,4.0,180.0663,0.28846478611362847,0.1754417814231276
5-16A,4.0,181.0505,0.45871495697432785,0.2282603059366259
5-16A,4.0,182.9725,0.21611405404219727,0.11405564143123291
5-16A,4.0,183.0661,0.4396837964762232,0.44975132576893573
5-16A,4.0,184.0017,-0.05962843629555803,0.05388694479585843
5-16A,4.0,184.9856,-0.31954366841417314,0.14286396811156105
5-16A,4.0,186.1136,-0.4279468365347464,0.7689545356168239
5-16A,4.0,187.0234,-0.13257125774191134,0.8719722626101292
5-16A,4.0,188.035,-0.20085709005053173,1.2115058195884167
5-16A,4.0,188.0565,0.5382257029534555,0.051331601326537794
5-16A,4.0,189.0405,-0.24585527627782094,0.13305085572175468
5-16A,4.0,191.0197,0.8400813983924013,0.2984000688940066
5-16A,4.0,191.0561,0.42192711784542003,0.22306487274555858
5-16A,4.0,192.0663,1.1297937395283077,1.0407124515942483
5-16A,4.0,193.0349,-0.30256290952452436,0.47869200308616433
5-16A,4.0,194.0682,-0.7684165837552892,0.1498584511647828
5-16A,4.0,194.0822,-0.20154880993612403,0.7309574311774992
5-16A,4.0,195.0509,0.012964499737207834,0.09277712079226268
5-16A,4.0,195.0657,-0.745051746840709,0.7082761030414432
5-16A,4.0,196.0603,0.5035527911676049,0.13255781342699632
5-16A,4.0,198.0182,0.2987464020977353,0.7041149128585711
5-16A,4.0,199.0019,-0.4251096244279735,0.4584468562089679
5-16A,4.0,200.9937,0.008890844420561192,0.3671264399392002
5-16A,4.0,201.0051,0.14210854717643712,0.8758183943962239
5-16A,4.0,203.0348,-0.3243516436028121,0.2676205818789865
5-16A,4.0,203.0826,-0.08382392938136708,0.004133872065301215
5-16A,4.0,204.0498,1.429631980016714,0.9766379739270488
5-16A,4.0,205.0351,0.5013981640324957,0.11778365829128654
5-16A,4.0,206.0822,0.8444583713546208,0.7833307270413273
5-16A,4.0,209.0292,-0.5588393926613002,0.25491736912751056
5-16A,4.0,209.0814,-0.9491370352978438,0.8167685584393187
5-16A,4.0,211.0235,-0.24194447075466433,0.3911089100025495
5-16A,4.0,211.9968,0.28094351569843684,0.16708780109307775
5-16A,4.0,212.0331,-0.33798531708288343,0.3734292008635562
5-16A,4.0,212.9807,-0.49228624774697305,0.10457687907322019
5-16A,4.0,213.014,0.03907408457679589,0.40131875567440095
5-16A,4.0,213.0384,-0.5116571433300008,0.404039293172883
5-16A,4.0,213.1252,-0.5672584316566837,0.5498515648568348
5-16A,4.0,214.0488,-0.38259154149292207,0.17738148809618423
5-16A,4.0,215.0331,0.7416776230468997,0.17617450404552942
5-16A,4.0,216.1351,0.7832204525963993,0.32698023721988373
5-16A,4.0,218.0335,0.601305318611794,0.16025276710002162
5-16A,4.0,218.1034,1.3316498915158532,0.08321545497746084
5-16A,4.0,220.0828,0.7879603761052563,0.44347276859892165
5-16A,4.0,221.0443,0.0821087255856141,0.11795491985834751
5-16A,4.0,221.0664,0.8424875715657097,0.6909436240675998
5-16A,4.0,225.0399,0.3750333112992409,0.41127612785589523
5-16A,4.0,225.0861,-0.45204997552019754,0.27053442656391463
5-16A,4.0,225.0901,0.7322848497361768,0.9062637521447389
5-16A,4.0,226.0135,-0.618819531844543,0.3423319216064468
5-16A,4.0,226.0697,0.7104304981333993,0.4445493575167185
5-16A,4.0,228.0501,0.8887958120931274,0.5309964226473222
5-16A,4.0,229.0122,0.5564617395739154,0.36216299570221955
5-16A,4.0,237.0614,0.778489423523932,0.27423923663976946
5-16A,4.0,238.0945,-0.588976317792387,0.21098906715543778
5-16A,4.0,240.0515,1.212083663632401,0.20815138412631107
5-16A,4.0,241.0844,0.037002980596684526,0.2425659433579327
5-16A,4.0,242.0804,-0.573326178827661,0.21536999804680348
5-16A,4.0,243.029,-0.18355124103646894,0.3046207173996989
5-16A,4.0,243.0625,0.3094344050409801,0.6537911719875377
5-16A,4.0,245.0444,0.8049361126551144,0.49226073489577143
5-16A,4.0,246.0198,-0.5187880377024143,0.732365842503737
5-16A,4.0,246.064,0.4095341455003181,0.29573243380888936
5-16A,4.0,251.0816,0.42647687419562424,1.3430126453916937
5-16A,4.0,253.0119,-0.20237163473859124,0.03341948963827219
5-16A,4.0,253.0499,0.7652676604463662,0.7036542148493341
5-16A,4.0,257.0072,0.05583145812923388,0.40837002593117205
5-16A,4.0,257.1028,-0.5083064941638684,0.18141008557256932
5-16A,4.0,259.005,0.7220062657966786,0.3767337586550235
5-16A,4.0,259.0227,1.1212354475272055,0.31657146217667786
5-16A,4.0,261.0385,-0.11779599728588075,0.3135716241996576
5-16A,4.0,266.0703,0.02071521364940081,0.24084401046918538
5-16A,4.0,267.0724,-0.1449662040792179,0.062338665882782536
5-16A,4.0,268.02,-1.1049849291911873,0.4050424430610821
5-16A,4.0,269.0398,-0.43044288559556787,0.1935802209496046
5-16A,4.0,271.0612,-0.13546715595741,0.9400067948855736
5-16A,4.0,271.0815,0.22146279966536386,0.4223560021952772
5-16A,4.0,273.0021,0.058698243356023486,0.3779610541453184
5-16A,4.0,274.0933,1.1722202982844607,0.21622212957458142
5-16A,4.0,275.0184,0.0039997030745539605,0.34716245446288196
5-16A,4.0,275.0991,-0.5039612362136199,0.06763941233123673
5-16A,4.0,277.1207,-0.029270801315919588,0.13604057301365838
5-16A,4.0,277.2169,-0.004460403479394621,0.436743076419587
5-16A,4.0,279.2331,-0.3819221509499868,0.038145477081756946
5-16A,4.0,282.0839,-0.1651950868011285,0.23797035102026973
5-16A,4.0,283.2063,-0.5786860348742437,0.05123917458860987
5-16A,4.0,285.0972,0.04034938846907168,0.9957103904666597
5-16A,4.0,287.0157,-0.6125469927199493,0.3428800447016413
5-16A,4.0,288.0725,0.23013031161168973,0.1619168292214936
5-16A,4.0,289.0333,0.33546108370730876,0.851344332477061
5-16A,4.0,289.1044,0.029783723408474665,0.6898068101953209
5-16A,4.0,290.9677,-0.18979835544867504,0.11437268086761845
5-16A,4.0,294.0479,-0.6766857429402764,0.42243366643900154
5-16A,4.0,300.0509,0.13632247122403104,1.2476713555228125
5-16A,4.0,301.0333,0.2927112109553022,0.8087228748637292
5-16A,4.0,303.2326,-0.6017033405588883,1.8134427266066089
5-16A,4.0,305.0207,-0.16905219417806422,0.19800070948345416
5-16A,4.0,306.0481,1.2973197292034142,0.3244362244919601
5-16A,4.0,306.0765,0.5525453307177035,0.03510910380391866
5-16A,4.0,308.0986,-0.2765396114811888,0.036882726133892776
5-16A,4.0,313.0441,-0.3264206079315292,0.22794054723480428
5-16A,4.0,313.1037,0.24398722468891906,1.1869577632421047
5-16A,4.0,317.026,0.8299723233800259,1.1102136902468729
5-16A,4.0,323.0256,-0.6325813956921621,0.13150181991895063
5-16A,4.0,325.1163,-0.5547137003171526,0.22550684214930464
5-16A,4.0,328.0457,0.18236535431335923,0.2146350894514905
5-16A,4.0,333.0589,0.5445104887928074,0.27933848934674926
5-16A,4.0,338.9884,-0.5665628913122005,0.17065895927466013
5-16A,4.0,339.0928,0.9362095692527476,0.34820553247850944
5-16A,4.0,341.1089,0.028584548163899735,0.14534240030308093
5-16A,4.0,344.0393,-0.06902385714292814,0.2198362230732701
5-16A,4.0,346.0556,-0.6580114820112603,0.13963351769683766
5-16A,4.0,348.087,1.077887713388277,0.06919634629335784
5-16A,4.0,353.0489,-0.08859512114342451,0.2957865164809399
5-16A,4.0,357.089,0.48358958301105687,0.4320137790646462
5-16A,4.0,375.131,-0.7924435609424072,0.09134339678110742
5-16A,4.0,377.1496,0.081185002289432,0.6219836195359846
5-16A,4.0,383.1188,-0.09768066166467429,1.0667801889244692
5-16A,4.0,388.9416,0.18309131018028518,0.19496263682492346
5-16A,4.0,388.9442,-0.3781281876942713,0.3077916644313318
5-16A,4.0,401.0756,0.15004786280311375,0.0293198200454541
5-16A,4.0,407.2795,-0.748581762099982,0.25273680472224536
5-16A,4.0,421.0743,-0.0611192910244436,1.217430632778229
5-16A,4.0,426.0222,-0.5823092305413967,0.22280180238151287
5-16A,4.0,442.9997,-0.22540882395119177,0.07083583470011476
5-16A,4.0,466.9657,-0.06676611939322233,0.19889374684372205
5-16A,4.0,490.9787,0.759374042474207,0.18776091217612864
5-16A,4.0,503.1614,-0.018906662898776894,0.5183625063292391
5-16A,4.0,547.0731,0.45474718443487727,0.25491464500039435
5-16A,4.0,565.0471,0.10848392991197091,0.16415090957783782
5-16A,4.0,578.8872,0.3481175256609862,0.029743388860042467
5-16A,4.0,579.0269,-0.21057287955005058,0.091945391410844
5-16A,4.0,612.2549,0.033631680909186557,0.3403535811076771
5-16A,4.0,624.2949,-1.157831562092054,0.5499725349629502
5-16A,4.0,659.307,-0.12799927760978222,0.44801440651126156
5-16A,4.0,664.0939,-0.5419926839447602,0.19177349744384448
5-16A,4.0,665.2144,-0.9488006539075136,0.2010288501161136
5-16A,4.0,668.1374,-0.6122305203452241,0.00041715121297110727
5-16A,4.0,787.255,0.29619604241626013,0.22965926514605775
5-16A,4.0,790.2568,-0.02285917985252299,0.3030449893642573
5-16A,4.0,835.0407,-0.6147740062112176,0.2325439815600071
5-16A,4.0,863.2971,-0.4747906335010203,0.09182142930692375
5-16A,4.0,864.1473,-0.3147737549284452,0.4428823762532717
5-16A,4.0,974.2935,-0.6001495583045181,0.09257523678314958
5-16A,4.0,976.7162,0.3380823079321501,0.29109422791959866
5-16A,5.0,57.0342,0.21025034526878145,0.11025514785800482
5-16A,5.0,58.0295,0.6476139103548283,0.4973710683503506
5-16A,5.0,59.0135,-0.018574227481439925,0.13533921158716908
5-16A,5.0,71.0137,-0.0381797356232805,0.09080153693584843
5-16A,5.0,73.0293,0.7114295363265732,0.058771763876143635
5-16A,5.0,74.0247,-0.1746059530630441,0.6715695000292863
5-16A,5.0,75.0087,1.7683484794831585,0.8810554339530945
5-16A,5.0,87.0088,-0.03254032029886002,0.05912872309613507
5-16A,5.0,87.0451,0.746654660045009,0.774727964220489
5-16A,5.0,88.0403,0.15259966646889972,0.11460727663908096
5-16A,5.0,88.9883,-0.2865781953126393,0.42340187744269986
5-16A,5.0,89.0244,0.13636345262929994,0.08099752436734976
5-16A,5.0,93.0338,-0.016335263387140763,0.026605166710357595
5-16A,5.0,94.9761,-0.9528198829169138,0.29370997859761483
5-16A,5.0,94.9806,0.6937633303103212,0.3076065436591914
5-16A,5.0,95.0139,-0.00794575102661954,0.22779406112491357
5-16A,5.0,101.0242,0.1197367914465089,0.08204819376805164
5-16A,5.0,102.056,-0.34126528616314505,0.016674606481334005
5-16A,5.0,103.0402,0.49627221040191627,0.04010531295469352
5-16A,5.0,103.0509,0.5476101703087997,0.18074830870423356
5-16A,5.0,104.0352,-0.3278256516664861,0.18172298577174092
5-16A,5.0,105.0193,0.9933565681951242,0.21236323325491765
5-16A,5.0,107.0503,0.23096459156673776,0.25006747140903174
5-16A,5.0,109.0295,0.7710443438890016,0.055029239486111006
5-16A,5.0,111.02,0.763345153786152,0.05408729976998275
5-16A,5.0,112.0516,0.20987513405505215,0.6216703585005515
5-16A,5.0,113.0244,-0.1403560079612569,0.03939819623646574
5-16A,5.0,113.0357,1.3604714079345104,0.14184832546267068
5-16A,5.0,114.056,-0.22299884875203793,0.00238529687789529
5-16A,5.0,115.0037,0.7634367331823577,0.10399207948778671
5-16A,5.0,115.0402,1.093258392397983,0.47680312476652614
5-16A,5.0,115.0764,-0.4340149880866452,0.30579297982915676
5-16A,5.0,116.0354,0.28447244274616734,0.2884897044532844
5-16A,5.0,116.0717,0.14119007927811184,0.03671349680175514
5-16A,5.0,117.0194,0.6615245803693672,0.010908947322487365
5-16A,5.0,118.0508,0.7420839279031292,0.2417747421196379
5-16A,5.0,118.9804,-0.227443797143036,0.04034704786032369
5-16A,5.0,119.0503,-0.6166332204686108,0.1959392611887336
5-16A,5.0,120.9273,-0.2664764544091952,0.06353923792435438
5-16A,5.0,121.0295,-0.09371434281636355,0.13316829154144946
5-16A,5.0,121.0409,0.5347353433159555,0.43826311889396635
5-16A,5.0,122.0248,1.1146079755278386,0.28413965408581776
5-16A,5.0,124.0075,-0.06568238647312247,0.3023749162878045
5-16A,5.0,124.0144,0.5367781554279973,0.24956502376067397
5-16A,5.0,125.0439,0.7833681587189201,0.08394562172995583
5-16A,5.0,127.0764,-0.10643553026412009,0.5419556944000686
5-16A,5.0,128.0354,-0.29973399061680095,0.010118851624843524
5-16A,5.0,129.0193,0.8435557808559977,0.06927302673139424
5-16A,5.0,129.0556,-0.06870795847718715,0.5729240560190949
5-16A,5.0,130.0142,1.1969383260176638,0.3249673635236113
5-16A,5.0,130.0509,0.7559226178656668,0.03058132888798357
5-16A,5.0,130.0874,0.33468457011676256,0.08467295086901491
5-16A,5.0,131.0008,-0.15244782132566262,0.2306958105797602
5-16A,5.0,131.0123,-0.17769228194008024,0.03295451032915161
5-16A,5.0,131.035,0.37133816689499166,0.08942820436863498
5-16A,5.0,131.0462,0.3101531661104708,0.22063400717917414
5-16A,5.0,131.0828,-0.3398406055635552,0.054103388317227705
5-16A,5.0,132.0302,1.171174638535069,0.03658779118051874
5-16A,5.0,133.0142,0.5253187788193062,0.10784144378443777
5-16A,5.0,133.0257,0.6780816932018388,0.057392109869572924
5-16A,5.0,133.0505,1.429328920859891,0.06598165062686379
5-16A,5.0,134.0472,0.045148791342865244,0.18063458342984337
5-16A,5.0,134.0604,1.069151890786902,0.5873781510067202
5-16A,5.0,135.0302,-0.4252688327487112,0.10630404216778276
5-16A,5.0,135.0453,-0.3311697293205401,0.08839906864312422
5-16A,5.0,136.0404,-0.11626070030045524,0.06846195787071356
5-16A,5.0,136.0487,-0.39877698525399496,0.20073265096044152
5-16A,5.0,136.0767,-0.124757613662761,0.30537646281126585
5-16A,5.0,137.0239,-0.2616740753426965,0.20127629510407125
5-16A,5.0,138.9789,-0.681700285386984,0.17877639707400392
5-16A,5.0,139.0014,1.2400463305511957,0.03271405931816869
5-16A,5.0,139.0067,-0.5291566657620987,0.06341115121208087
5-16A,5.0,139.976,-0.7414723213947769,0.41192635271289474
5-16A,5.0,143.0713,-0.3705060518501506,0.2080659167632739
5-16A,5.0,143.1077,-0.6561200627826043,0.3575154683111318
5-16A,5.0,145.0141,-0.2590378148041693,0.06482489597489047
5-16A,5.0,145.0506,-0.2617733549023604,0.13025508589747062
5-16A,5.0,145.0623,-0.5986191911491665,0.08683145080304563
5-16A,5.0,145.0982,-0.32697845978538853,0.13680280438323508
5-16A,5.0,145.1106,-0.5427010469627328,0.3889777508319603
5-16A,5.0,146.0459,-0.29508264397275263,0.004999047394122515
5-16A,5.0,147.0298,0.5591786744068754,0.031017383703651244
5-16A,5.0,147.0662,1.926054527784021,0.07114413472897535
5-16A,5.0,149.0092,-0.30155536059589877,0.20675643427044027
5-16A,5.0,149.0456,0.7235584027768973,0.1641060235119645
5-16A,5.0,149.0608,0.05064811852419668,0.2349999861531525
5-16A,5.0,150.0422,0.04070558749262108,0.4574028625138032
5-16A,5.0,150.9707,-0.21995810438089328,0.7360875782771127
5-16A,5.0,151.0259,-0.6081802830688039,0.04299120104003224
5-16A,5.0,151.04,-0.2343601455379148,0.31432282757693786
5-16A,5.0,151.06,0.3438788187556534,0.28948929006178215
5-16A,5.0,152.0353,-0.07368531351766272,0.10820386634873425
5-16A,5.0,152.0716,0.2808411834833714,0.7330149570230151
5-16A,5.0,153.0192,0.3257971758032814,0.07117768453908001
5-16A,5.0,154.062,-0.3693933584350114,0.11509242664797756
5-16A,5.0,154.9751,0.973645443708679,0.04282328629406089
5-16A,5.0,155.0099,0.7331919305758681,0.045872651230319944
5-16A,5.0,157.0128,0.25482406942829405,0.047691446092721
5-16A,5.0,157.0255,1.1978730690637338,0.10047117696673759
5-16A,5.0,157.0379,1.1701832923643058,0.030381650341731632
5-16A,5.0,157.0504,0.9502249241674925,0.034604191346995765
5-16A,5.0,159.0297,0.9244222112059534,0.09779620295260631
5-16A,5.0,159.0775,0.7888227220180587,0.17922477355737332
5-16A,5.0,160.0616,1.2329007260935174,0.6929813506407057
5-16A,5.0,161.0453,0.9809446506371708,0.1297850827152964
5-16A,5.0,162.0424,1.658344967360819,0.40617444745046766
5-16A,5.0,163.0351,-0.7649259983794932,0.20197384113156053
5-16A,5.0,163.0398,1.547726713337478,0.09977890124249461
5-16A,5.0,163.0611,0.025458935823320115,0.7695437496822327
5-16A,5.0,164.0716,-0.4708523812640595,0.039227815386500234
5-16A,5.0,165.03,-0.26165299745042553,0.5538279293648206
5-16A,5.0,165.0405,-0.44784361725821986,0.5356339782814331
5-16A,5.0,165.0556,0.11434444016990325,0.08960065544927126
5-16A,5.0,166.0508,1.4685104502488766,0.3938907628473269
5-16A,5.0,166.0632,0.06273843066054766,0.5582763002503162
5-16A,5.0,166.9759,0.1363619991628579,0.5385294886352704
5-16A,5.0,167.0207,-0.5670134932673119,0.3488756781894224
5-16A,5.0,167.0358,-0.5001544817697248,0.47573546746845585
5-16A,5.0,167.0828,-0.4453045562302608,0.4943135654310726
5-16A,5.0,168.0277,-0.3913721163197159,0.014688410720086685
5-16A,5.0,168.0664,0.3221860508852189,0.5276807281765009
5-16A,5.0,170.0455,0.15869915121050115,0.03428263365586711
5-16A,5.0,171.0065,0.29060246933212075,0.07327904254647316
5-16A,5.0,171.0092,0.40978503393271626,0.18131517687922255
5-16A,5.0,171.0284,0.342061493102083,0.04061416039991878
5-16A,5.0,172.0616,1.1491257949471554,0.26922187270726533
5-16A,5.0,172.962,0.07689896561580051,0.09957131230709293
5-16A,5.0,173.0089,1.1418416800723934,0.21674641182513005
5-16A,5.0,173.0453,0.34516157502190137,0.14480809700025007
5-16A,5.0,173.0932,0.05542648712888379,0.07944923068365678
5-16A,5.0,173.1041,-0.6197530490768139,1.098983399327506
5-16A,5.0,174.0407,0.9360093650762586,0.042649215404652725
5-16A,5.0,174.088,0.3436468315098216,0.16063314542938198
5-16A,5.0,175.022,0.11587775449272943,0.155047225995928
5-16A,5.0,175.0361,1.149236258102372,0.03874897545722496
5-16A,5.0,175.0611,1.3995818340366322,0.037692302475048546
5-16A,5.0,176.0776,1.484425152584405,0.20085192285836714
5-16A,5.0,177.0402,1.1984505287894192,0.3996376839248336
5-16A,5.0,177.0553,0.07314819829572422,0.44564337047181485
5-16A,5.0,178.0509,0.3097990413441626,0.05230496280239639
5-16A,5.0,179.0348,1.131779581854992,0.14827740399730338
5-16A,5.0,179.0561,-0.16618194938699613,0.052348352782686576
5-16A,5.0,180.0663,-0.2257744051739691,0.03724239834200462
5-16A,5.0,181.0505,0.7787584737020731,0.1544071404024603
5-16A,5.0,182.9725,-0.29205986285369123,0.14517198006654355
5-16A,5.0,183.0661,0.6160765837932612,0.4009390452702703
5-16A,5.0,184.0017,-0.40452381051872366,0.06746694697673859
5-16A,5.0,184.9856,-0.20360824071411848,0.09426303306790583
5-16A,5.0,186.1136,-0.627605221649026,0.36704476328228525
5-16A,5.0,187.0234,0.3070507854214768,0.42724705005121905
5-16A,5.0,188.035,-0.4979827247082919,0.612136419512868
5-16A,5.0,188.0565,0.9719597613212201,0.040850370255460094
5-16A,5.0,189.0405,-0.13722168573382704,0.07462188029667575
5-16A,5.0,191.0197,1.1982953104211906,0.3375715856600396
5-16A,5.0,191.0561,1.6715988538971362,0.1554992390930813
5-16A,5.0,192.0663,1.6979644630045145,0.22659277037995182
5-16A,5.0,193.0349,0.955324355078394,0.6888049611735384
5-16A,5.0,194.0682,-0.2833870540758391,0.14566497874862408
5-16A,5.0,194.0822,0.01809942957198503,0.3361241915312677
5-16A,5.0,195.0509,0.0009376647939536992,0.08552779909119791
5-16A,5.0,195.0657,1.0320300407573524,0.2147777208865841
5-16A,5.0,196.0603,1.3715743322190068,0.35811501491625647
5-16A,5.0,198.0182,-0.3380613829191387,0.36437470477567824
5-16A,5.0,199.0019,0.011532476047641467,0.4198752820883813
5-16A,5.0,200.9937,-0.028072156688572294,0.1890601921159231
5-16A,5.0,201.0051,1.2106288993165613,0.14004329790951595
5-16A,5.0,203.0348,-0.2971652693300891,0.12497435392469543
5-16A,5.0,203.0826,-0.08377867162520013,0.010904270692892022
5-16A,5.0,204.0498,-0.7322537094030503,0.2438058693743538
5-16A,5.0,205.0351,1.2334106595636871,0.14574666965628913
5-16A,5.0,206.0822,1.3899223383510584,0.6375863909814141
5-16A,5.0,209.0292,-0.6083135635394425,0.18774052389635526
5-16A,5.0,209.0814,-0.5259654783692606,0.39293744747346604
5-16A,5.0,211.0235,0.14043332816620285,0.21872904013847477
5-16A,5.0,211.9968,0.7164271588380642,0.0947187958309761
5-16A,5.0,212.0331,0.09663035245897594,0.519481143556196
5-16A,5.0,212.9807,-0.17275565580024616,0.07725813378854479
5-16A,5.0,213.014,0.3237903549394901,0.3025031942366829
5-16A,5.0,213.0384,-0.3135775220124508,0.29970335385653696
5-16A,5.0,213.1252,-0.6146580308254082,0.793347817330553
5-16A,5.0,214.0488,0.13998973170814305,0.6493819372171592
5-16A,5.0,215.0331,0.22188684698576652,0.045649306791260516
5-16A,5.0,216.1351,0.12432728212933988,0.20746788766545346
5-16A,5.0,218.0335,0.0583662179546241,0.03059333644597441
5-16A,5.0,218.1034,1.5439389166679363,0.13509318062523915
5-16A,5.0,220.0828,-0.007077359714417461,0.7882518639230738
5-16A,5.0,221.0443,-0.35551608323637485,0.09677934858953484
5-16A,5.0,221.0664,0.6299918855373318,0.40355308733527506
5-16A,5.0,225.0399,0.008513319992762836,0.5573292054309313
5-16A,5.0,225.0861,-0.5024968108379287,0.14773105744908116
5-16A,5.0,225.0901,0.3568363194524128,0.3116860616473283
5-16A,5.0,226.0135,-0.5017693970609203,0.20045673608774464
5-16A,5.0,226.0697,0.14401164064984806,0.22035301546095162
5-16A,5.0,228.0501,-0.0531346983856298,0.4561005949429069
5-16A,5.0,229.0122,0.19260407643212576,0.11967509781524738
5-16A,5.0,237.0614,0.9800914746822245,0.09201486408593562
5-16A,5.0,238.0945,-0.49788943373723415,0.24144443608045316
5-16A,5.0,240.0515,1.3651976950001528,0.12392150707306451
5-16A,5.0,241.0844,0.9197190908182729,0.7901057132933017
5-16A,5.0,242.0804,0.004080514587375704,0.15020304814037225
5-16A,5.0,243.029,-0.04054146103197383,0.10693951110106766
5-16A,5.0,243.0625,2.0122880212829446,0.593552299993692
5-16A,5.0,245.0444,0.8912410535306914,0.3316032804332233
5-16A,5.0,246.0198,-0.04148590838450236,0.46684562523066603
5-16A,5.0,246.064,0.013911593048661179,0.15006485230738076
5-16A,5.0,251.0816,-0.2453915167422787,0.35744437359457515
5-16A,5.0,253.0119,-0.12331771025782423,0.022127426750039023
5-16A,5.0,253.0499,0.6572470109019064,1.2278696222939098
5-16A,5.0,257.0072,-0.20618441140379287,0.4917674977712136
5-16A,5.0,257.1028,-0.11319759613435551,0.48105458153451036
5-16A,5.0,259.005,0.059754049437747744,0.3714883647719115
5-16A,5.0,259.0227,0.14838231727397888,0.02869501053379457
5-16A,5.0,261.0385,-0.06529867279730292,0.13026913862313208
5-16A,5.0,266.0703,0.012153740516847304,0.19614161106081485
5-16A,5.0,267.0724,1.0556906684664504,0.135056575390472
5-16A,5.0,268.02,-0.6810796370948957,0.5910843673286421
5-16A,5.0,269.0398,0.09823644781762028,0.2637509196919568
5-16A,5.0,271.0612,-0.27744566851261254,0.4082332383209124
5-16A,5.0,271.0815,-0.36864328975047167,0.8218660337700994
5-16A,5.0,273.0021,0.6055381092754999,0.18107661380489165
5-16A,5.0,274.0933,1.9469656549769567,0.26548245474403875
5-16A,5.0,275.0184,-0.16851531853617327,0.6231676686646119
5-16A,5.0,275.0991,-0.02545670382902173,0.21294823147086617
5-16A,5.0,277.1207,-0.5285034945750617,0.040260059823444244
5-16A,5.0,277.2169,-0.40336476836290786,0.31564836609448327
5-16A,5.0,279.2331,-0.3848031699583707,0.017900270598688414
5-16A,5.0,282.0839,1.4569679452590376,0.930092904431264
5-16A,5.0,283.2063,-0.9731653358285687,0.043854160068234165
5-16A,5.0,285.0972,-0.562096997706606,0.6817881266348298
5-16A,5.0,287.0157,-0.22188600465226807,0.3245486301387486
5-16A,5.0,288.0725,0.35937413762366655,0.13734075349983704
5-16A,5.0,289.0333,-0.07841129538766455,0.3414162550084213
5-16A,5.0,289.1044,1.0191079489875972,0.43520463210478966
5-16A,5.0,290.9677,-0.10959228393842849,0.055032003429117696
5-16A,5.0,294.0479,-0.11124727431624906,0.6882438309218476
5-16A,5.0,300.0509,-0.35235669049465385,0.9453673451136496
5-16A,5.0,301.0333,-0.2015190084285784,0.36539133539221474
5-16A,5.0,303.2326,-0.6874034410378054,0.06329581030933935
5-16A,5.0,305.0207,-0.38186624520058493,0.11053374666676194
5-16A,5.0,306.0481,1.6023055130170354,0.21799074828544504
5-16A,5.0,306.0765,0.30192554916530834,0.01638962253765775
5-16A,5.0,308.0986,-0.3089594972772513,0.019451244922777493
5-16A,5.0,313.0441,0.7718322481041857,0.37761294919829613
5-16A,5.0,313.1037,0.46930629434271764,0.2414991932908178
5-16A,5.0,317.026,0.6218563254296949,0.859737534389804
5-16A,5.0,323.0256,-1.2548758868569403,0.23118502593580165
5-16A,5.0,325.1163,-0.6818082628172504,0.3568377047739743
5-16A,5.0,328.0457,0.22611680963921954,0.2161439391944006
5-16A,5.0,333.0589,0.8260491133213761,0.213455566631723
5-16A,5.0,338.9884,-0.4558646610018412,0.9691463678895629
5-16A,5.0,339.0928,0.9013353556182505,1.0509528137797524
5-16A,5.0,341.1089,-0.02694457551489559,0.11727866189811269
5-16A,5.0,344.0393,-0.3898470857268861,0.2228151461026439
5-16A,5.0,346.0556,-0.5185275981399822,0.07040978623108567
5-16A,5.0,348.087,1.4049374231260874,0.23280343372313755
5-16A,5.0,353.0489,-0.10280739566836078,0.44471309574064927
5-16A,5.0,357.089,0.7422674903220594,0.303714829081484
5-16A,5.0,375.131,0.10741413607210926,0.9046774902594273
5-16A,5.0,377.1496,-0.4075377862443238,0.21972985660222893
5-16A,5.0,383.1188,-0.09508747236376179,0.25284088212679884
5-16A,5.0,388.9416,0.16741895718112867,0.16888382546804137
5-16A,5.0,388.9442,-0.2154342375125515,0.1281208214625848
5-16A,5.0,401.0756,-0.450875568665707,0.04090693334201134
5-16A,5.0,407.2795,-0.44689712502444845,0.26764890730881585
5-16A,5.0,421.0743,-0.04978492440739792,0.42580732091676227
5-16A,5.0,426.0222,0.3668789860879126,0.09072594931469567
5-16A,5.0,442.9997,-0.13017052413885288,0.2222816112718927
5-16A,5.0,466.9657,-0.4357668980763621,0.10976368340523854
5-16A,5.0,490.9787,0.09828809936833682,0.26238210712921706
5-16A,5.0,503.1614,-0.039544749599412614,0.11220282430872679
5-16A,5.0,547.0731,0.9734473237157382,0.14027641731278725
5-16A,5.0,565.0471,0.529558482900823,0.4369923230332882
5-16A,5.0,578.8872,-0.24395766343960928,0.04811140185154933
5-16A,5.0,579.0269,-0.5971461195241253,0.12227348194637813
5-16A,5.0,612.2549,0.5469371145963097,0.6952714194519314
5-16A,5.0,624.2949,0.2458803095171741,0.4679283760437717
5-16A,5.0,659.307,-0.22268210247095682,0.21867876314524393
5-16A,5.0,664.0939,-0.4405396199358434,0.15007344792160696
5-16A,5.0,665.2144,0.33285885587037733,0.33805313057385794
5-16A,5.0,668.1374,-0.31520284535193954,0.007714327601062862
5-16A,5.0,787.255,0.2980719158947276,0.3702531595832986
5-16A,5.0,790.2568,0.15216497322702352,0.5283516891332436
5-16A,5.0,835.0407,-0.3351260642186143,0.08004434362699116
5-16A,5.0,863.2971,-0.5227382424738158,0.09708013504036674
5-16A,5.0,864.1473,0.21473449530698954,0.23200906769585594
5-16A,5.0,974.2935,0.8716933764904284,0.4494609573517156
5-16A,5.0,976.7162,-0.11484716981576251,0.08513884180041348
5-16A,6.0,57.0342,-0.22099470712105,0.30698372411605857
5-16A,6.0,58.0295,0.7222431780854639,0.2972053362385068
5-16A,6.0,59.0135,-0.40598010374780646,0.07358062021087586
5-16A,6.0,71.0137,-0.5982175068147645,0.1619641689520412
5-16A,6.0,73.0293,1.5468673946610905,0.14349394206026564
5-16A,6.0,74.0247,0.6300374706052564,0.3890389061678128
5-16A,6.0,75.0087,1.3128026045178878,0.08378983278360869
5-16A,6.0,87.0088,0.929953946642827,0.11006632703636683
5-16A,6.0,87.0451,0.05933239339785995,0.5308077473770317
5-16A,6.0,88.0403,0.39861477610390683,0.044622854451214104
5-16A,6.0,88.9883,0.47984375795575845,0.5447114810082284
5-16A,6.0,89.0244,1.7302625117204313,0.11436335072627572
5-16A,6.0,93.0338,-0.016335263387140763,0.01362935229305599
5-16A,6.0,94.9761,-0.6687772274909316,0.42125433203321544
5-16A,6.0,94.9806,0.35429303989574423,0.37933063043508297
5-16A,6.0,95.0139,-0.4543147689837468,0.07690153064393679
5-16A,6.0,101.0242,-0.21228978481820332,0.29674120839207774
5-16A,6.0,102.056,-0.25388290077549935,0.07874891305353496
5-16A,6.0,103.0402,1.137636914397874,0.06465725000441674
5-16A,6.0,103.0509,1.227189398598083,0.07129010565682067
5-16A,6.0,104.0352,-0.6373925598761925,0.1856624248786913
5-16A,6.0,105.0193,0.49152819156750716,0.8493979572696355
5-16A,6.0,107.0503,-1.0017388058988286,0.6611069570038973
5-16A,6.0,109.0295,-0.1493432965597861,0.17654749355343252
5-16A,6.0,111.02,0.049119974586872395,0.04383822914363614
5-16A,6.0,112.0516,-0.4388258996089926,1.0389972527948477
5-16A,6.0,113.0244,-0.6392983313645288,0.0659712351877659
5-16A,6.0,113.0357,0.7930566881360044,0.06607134148754167
5-16A,6.0,114.056,-0.23982836589763984,0.0034152504459685584
5-16A,6.0,115.0037,0.677883159851802,0.09019220626888154
5-16A,6.0,115.0402,0.3900102151514036,0.2051595365318525
5-16A,6.0,115.0764,-0.5794191733576721,0.5030666287689768
5-16A,6.0,116.0354,0.3949884753301202,0.34634966388676386
5-16A,6.0,116.0717,0.7656893420160716,0.04622329768739039
5-16A,6.0,117.0194,1.5452293910998622,0.06613489864432595
5-16A,6.0,118.0508,1.1374653039229887,0.3693757399196314
5-16A,6.0,118.9804,-0.6556687226224261,0.08520049908887554
5-16A,6.0,119.0503,-0.8254854292623246,0.48191237957364286
5-16A,6.0,120.9273,-0.24684724764113014,0.05430532739762491
5-16A,6.0,121.0295,-0.5173059146308054,0.1666914462352194
5-16A,6.0,121.0409,-0.9780992013616352,0.4047191965838999
5-16A,6.0,122.0248,0.16916407707312947,0.4602907042244379
5-16A,6.0,124.0075,-0.2845648828309635,0.21631593535028107
5-16A,6.0,124.0144,0.05079783785342008,0.23864416930175048
5-16A,6.0,125.0439,0.17927260620944535,0.3688918888673946
5-16A,6.0,127.0764,-0.54807716971487,0.6872973487378442
5-16A,6.0,128.0354,-0.3002408070376771,0.02096101398543684
5-16A,6.0,129.0193,1.1807501097897757,0.20222062550690525
5-16A,6.0,129.0556,-0.8845657143261396,0.2733939367230107
5-16A,6.0,130.0142,1.6072223641717693,0.20076913291367837
5-16A,6.0,130.0509,0.4864693165200459,0.04247333504162591
5-16A,6.0,130.0874,0.6621360561280865,0.12199789225966194
5-16A,6.0,131.0008,0.9601315719156689,0.3110174892157553
5-16A,6.0,131.0123,0.9393566643933744,0.10501631971511922
5-16A,6.0,131.035,-0.1038882859848182,0.2512498472787935
5-16A,6.0,131.0462,-0.24312625119727807,0.3968762885916627
5-16A,6.0,131.0828,-0.42200324360956076,0.053214509760320605
5-16A,6.0,132.0302,0.8200587429199717,0.052818333577286776
5-16A,6.0,133.0142,0.4016343956808438,0.1688044848524148
5-16A,6.0,133.0257,0.5082593535486044,0.1510735208607031
5-16A,6.0,133.0505,1.7477005076616692,0.09276924576109218
5-16A,6.0,134.0472,-0.32472701062058684,0.2264647664086226
5-16A,6.0,134.0604,1.7491343629771032,0.9145147313034359
5-16A,6.0,135.0302,-0.11849386774227008,0.05374746592315488
5-16A,6.0,135.0453,-0.08259603180581307,0.07718942164358247
5-16A,6.0,136.0404,-0.017027290203799905,0.11259008060986192
5-16A,6.0,136.0487,0.011258644106263507,0.29885823855848687
5-16A,6.0,136.0767,-0.8854401587777744,0.5157394682140409
5-16A,6.0,137.0239,0.10556382157654066,0.11272252486471238
5-16A,6.0,138.9789,-0.025114790355629288,0.23535572422480766
5-16A,6.0,139.0014,2.039406570430082,0.07687568350876038
5-16A,6.0,139.0067,-0.5522904099724876,0.09321753452982942
5-16A,6.0,139.976,-1.219653924020578,0.2588287239346312
5-16A,6.0,143.0713,-0.8792470126435215,0.32618637284395346
5-16A,6.0,143.1077,-0.8841259276655069,0.32204908547670336
5-16A,6.0,145.0141,-0.1824615594446266,0.061133180657576856
5-16A,6.0,145.0506,0.3684520273479819,0.10388077790821504
5-16A,6.0,145.0623,-0.06645742372619191,0.36699834271849624
5-16A,6.0,145.0982,-0.5661333506491782,0.29614315041613365
5-16A,6.0,145.1106,-0.7869779769427779,1.0198870313557327
5-16A,6.0,146.0459,-0.35586434463945316,0.006043045692247634
5-16A,6.0,147.0298,1.752131763411805,0.18950575309521445
5-16A,6.0,147.0662,1.9858604373107562,0.11358873697568089
5-16A,6.0,149.0092,-0.7260245475145299,0.4319098156447547
5-16A,6.0,149.0456,0.3814679135484828,0.13833706124890668
5-16A,6.0,149.0608,-0.7535281591768934,0.6174035621091807
5-16A,6.0,150.0422,0.5000005634749246,0.9947998674999633
5-16A,6.0,150.9707,-0.03326886333905661,0.44272938676670304
5-16A,6.0,151.0259,-0.5510838526059822,0.12798587378600304
5-16A,6.0,151.04,-0.8645005664142957,0.5157422220916317
5-16A,6.0,151.06,0.04817454248948806,0.6658555703034053
5-16A,6.0,152.0353,-0.3798296494095188,0.2511720236783786
5-16A,6.0,152.0716,-0.7256993211028204,0.24797891522786492
5-16A,6.0,153.0192,-0.5357583955641274,0.0874113933479189
5-16A,6.0,154.062,-0.5366198230624035,0.0779389986686046
5-16A,6.0,154.9751,1.1170109311038319,0.099538881346471
5-16A,6.0,155.0099,0.097549658105224,0.025559368163717355
5-16A,6.0,157.0128,1.9603841011034744,0.1892801102064834
5-16A,6.0,157.0255,0.86896069569662,0.11479338505081936
5-16A,6.0,157.0379,0.9924431526200802,0.09994725674218943
5-16A,6.0,157.0504,1.1770059108746609,0.10387116010435106
5-16A,6.0,159.0297,0.2916507535697451,0.1892689266059457
5-16A,6.0,159.0775,0.9727128986392211,0.14240742435659684
5-16A,6.0,160.0616,0.5925006017034063,0.37482609435942055
5-16A,6.0,161.0453,1.2413042471438795,0.06651693281438274
5-16A,6.0,162.0424,1.7604245903179772,0.37047136822635934
5-16A,6.0,163.0351,-0.9355629922971926,0.26520842704761405
5-16A,6.0,163.0398,1.5689683638739145,0.05831222947955129
5-16A,6.0,163.0611,0.21724198966100616,0.4613346306668497
5-16A,6.0,164.0716,-0.549112184281212,0.05602642210311033
5-16A,6.0,165.03,-0.10682465813953243,1.25896232572703
5-16A,6.0,165.0405,-0.8355908983186806,0.3160119996305517
5-16A,6.0,165.0556,0.0943127316030237,0.11781126636550024
5-16A,6.0,166.0508,0.5825428182144766,0.45143448728507535
5-16A,6.0,166.0632,0.2963257711081241,0.9588267691976835
5-16A,6.0,166.9759,0.8243785084181532,0.3863920175035148
5-16A,6.0,167.0207,-0.4721764474915911,0.28072864214548765
5-16A,6.0,167.0358,-0.8114586828681107,0.45378406615201305
5-16A,6.0,167.0828,-0.7434827089758784,0.7579085497046838
5-16A,6.0,168.0277,-0.395757311295992,0.023037497549777634
5-16A,6.0,168.0664,-0.31551929246797306,0.6336650946568745
5-16A,6.0,170.0455,0.996596016717622,0.06620300466984935
5-16A,6.0,171.0065,0.4098996650552742,0.09547090389963231
5-16A,6.0,171.0092,0.1625435569260455,0.285399096846196
5-16A,6.0,171.0284,1.8278907688692674,0.13022610349316802
5-16A,6.0,172.0616,1.120041911492931,0.23954603815939807
5-16A,6.0,172.962,0.3548288858630527,0.09667233541612377
5-16A,6.0,173.0089,1.1335458328959742,0.2648647317107374
5-16A,6.0,173.0453,1.028120996325404,0.1312570843872418
5-16A,6.0,173.0932,0.1493163858710553,0.15997595159419795
5-16A,6.0,173.1041,-0.6522201471199416,0.14835423651765328
5-16A,6.0,174.0407,0.5409457731806333,0.03166545865809577
5-16A,6.0,174.088,-0.08456352108651863,0.05364456130657445
5-16A,6.0,175.022,0.38845554778263575,0.22238361317432595
5-16A,6.0,175.0361,0.8554188187149091,0.07102204638818087
5-16A,6.0,175.0611,1.620181636338517,0.08658435792934978
5-16A,6.0,176.0776,1.7389930315501503,0.09954849663215894
5-16A,6.0,177.0402,0.4620811896374891,0.511015881153972
5-16A,6.0,177.0553,-0.2210972560108091,0.3815299015049973
5-16A,6.0,178.0509,0.3054369553104179,0.06115183926311783
5-16A,6.0,179.0348,0.771291344094261,0.22880905364962492
5-16A,6.0,179.0561,-0.4278935654242886,0.05032318519556784
5-16A,6.0,180.0663,-0.4939025204258628,0.054185894915473605
5-16A,6.0,181.0505,0.5484744541071318,0.18754850580508495
5-16A,6.0,182.9725,-0.7774744160817442,0.06298871961176428
5-16A,6.0,183.0661,-0.5490441955903325,0.645372359954992
5-16A,6.0,184.0017,-0.483540493898879,0.044073374301862984
5-16A,6.0,184.9856,0.16110906031109234,0.13171610501310396
5-16A,6.0,186.1136,-0.9699573113788782,1.1932713886833242
5-16A,6.0,187.0234,1.0835115732195828,0.24945299408282887
5-16A,6.0,188.035,-0.355362420072567,0.7118133609648318
5-16A,6.0,188.0565,0.7500917512925676,0.04246059992846386
5-16A,6.0,189.0405,-0.24572319896408965,0.03585866636150763
5-16A,6.0,191.0197,0.37220808260524996,0.0731320062938325
5-16A,6.0,191.0561,1.6382695105038274,0.17568823216454746
5-16A,6.0,192.0663,0.0349278634418968,0.4465767268318229
5-16A,6.0,193.0349,0.549827657186186,0.5031083097321588
5-16A,6.0,194.0682,-0.6006790987958542,0.19379730831048125
5-16A,6.0,194.0822,-0.671351988884024,0.5300406818235647
5-16A,6.0,195.0509,-0.7489406335909943,0.0885660321788131
5-16A,6.0,195.0657,-0.841780906553228,1.0853115931316095
5-16A,6.0,196.0603,0.7340321812267079,0.15691371056631087
5-16A,6.0,198.0182,0.18334604952192612,0.4499261754366818
5-16A,6.0,199.0019,1.4449073294414143,0.601377028543827
5-16A,6.0,200.9937,-0.13286047051252353,0.2642574529547422
5-16A,6.0,201.0051,1.0698696777973327,0.8955375964597374
5-16A,6.0,203.0348,-0.6696833263289486,0.06887955707214755
5-16A,6.0,203.0826,-0.09433881473082387,0.010078567991046235
5-16A,6.0,204.0498,-0.436655033829354,0.41785628957889764
5-16A,6.0,205.0351,0.40700890549996227,0.2395316263408764
5-16A,6.0,206.0822,-0.3634131117844173,0.7429148699243467
5-16A,6.0,209.0292,1.7114753376356706,0.7318673811122084
5-16A,6.0,209.0814,-0.5729259129910111,0.2161059802293432
5-16A,6.0,211.0235,0.5950752668080348,0.12086628386366437
5-16A,6.0,211.9968,0.22508670393522306,0.18949090766721807
5-16A,6.0,212.0331,0.4091397148438367,0.21459446261709458
5-16A,6.0,212.9807,0.19580804161363752,0.060972758091726684
5-16A,6.0,213.014,1.607494959337848,0.6065560604303166
5-16A,6.0,213.0384,1.2338462652330835,0.15159489184405495
5-16A,6.0,213.1252,-0.5252248248466826,0.5129639535710406
5-16A,6.0,214.0488,0.1295031509750113,0.32361914296845856
5-16A,6.0,215.0331,-0.17081993615385888,0.07277818032184769
5-16A,6.0,216.1351,-0.5355282444776421,0.246033533664005
5-16A,6.0,218.0335,-0.31004573001149865,0.060447851181815795
5-16A,6.0,218.1034,1.6155490239124823,0.262606629432851
5-16A,6.0,220.0828,-0.49990043570358433,0.7627976098154249
5-16A,6.0,221.0443,-0.6727848681014333,0.07614385991861143
5-16A,6.0,221.0664,-0.5111668494036157,0.44310654849899705
5-16A,6.0,225.0399,0.0706014059517837,0.26745579835952266
5-16A,6.0,225.0861,-1.2831558286086635,0.6540184789450753
5-16A,6.0,225.0901,-0.5961115749901297,0.49648745030247665
5-16A,6.0,226.0135,0.06918852260983586,0.1606848503406612
5-16A,6.0,226.0697,-0.1516891545307283,0.3493667355311242
5-16A,6.0,228.0501,0.4775627355670358,0.38072077494443113
5-16A,6.0,229.0122,0.6705257005237935,0.31692894834660384
5-16A,6.0,237.0614,0.5711415889992941,0.29702799130405905
5-16A,6.0,238.0945,-0.5619553282640641,0.10766842511634261
5-16A,6.0,240.0515,0.9344683437936814,0.052549326373961466
5-16A,6.0,241.0844,0.9323932241576032,0.5187889439633238
5-16A,6.0,242.0804,0.13746686832113028,0.6304200182899107
5-16A,6.0,243.029,0.7176703907736766,0.0998200780171776
5-16A,6.0,243.0625,0.5459644300177875,0.46492879153506184
5-16A,6.0,245.0444,1.3010248186040414,0.5253652772470112
5-16A,6.0,246.0198,0.29361398334103234,0.21837537850890731
5-16A,6.0,246.064,-0.5429972710658513,0.3638715596831022
5-16A,6.0,251.0816,-0.4487047341739223,0.15144759761096002
5-16A,6.0,253.0119,-0.0659044812192309,0.013907630298833495
5-16A,6.0,253.0499,-0.6778618709677277,0.3305768389652132
5-16A,6.0,257.0072,0.1436168261824986,0.3462805956388849
5-16A,6.0,257.1028,-0.6267571907723013,0.34083800178193213
5-16A,6.0,259.005,0.2485195267847114,0.27496482399456795
5-16A,6.0,259.0227,-0.1608921957926272,0.09272549755991946
5-16A,6.0,261.0385,-0.05781848407483717,0.4531248778161709
5-16A,6.0,266.0703,-0.011390310597674836,0.15421699091677257
5-16A,6.0,267.0724,2.5459806005090844,0.21255229022701252
5-16A,6.0,268.02,0.3655853959181389,0.5625377427001862
5-16A,6.0,269.0398,1.5121387823826402,0.15375825492063452
5-16A,6.0,271.0612,0.28271325287114885,0.31055122617601033
5-16A,6.0,271.0815,-0.3297351959428342,0.587966161518245
5-16A,6.0,273.0021,1.3582673426465675,0.07407860836873001
5-16A,6.0,274.0933,1.3249112637949874,0.29325179287564246
5-16A,6.0,275.0184,0.05589446567290279,0.2841732767957038
5-16A,6.0,275.0991,-0.5136573766874719,0.0948786048774449
5-16A,6.0,277.1207,-0.8300981546388062,0.0054095623377801326
5-16A,6.0,277.2169,-0.90499000198144,0.22200591972001074
5-16A,6.0,279.2331,-0.41581714529525016,0.009771990002259355
5-16A,6.0,282.0839,0.6999585302976268,0.7240842531275514
5-16A,6.0,283.2063,-0.6698737530175316,0.17104708161694196
5-16A,6.0,285.0972,-0.708252629855735,0.4218256057561773
5-16A,6.0,287.0157,-0.47195689747354025,0.6053002888997662
5-16A,6.0,288.0725,-0.2119423205429128,0.291879368333839
5-16A,6.0,289.0333,-0.07551201427316387,0.538411543001174
5-16A,6.0,289.1044,0.5570706101253332,0.22407359530091703
5-16A,6.0,290.9677,0.09647562286482037,0.16315762970642148
5-16A,6.0,294.0479,-1.0460293891122,0.82608575703769
5-16A,6.0,300.0509,0.0527136470951705,0.5211941966606808
5-16A,6.0,301.0333,-0.2704979023569761,0.22878668793596554
5-16A,6.0,303.2326,-0.7448909740036906,0.20706057974083253
5-16A,6.0,305.0207,-0.6697243979926617,0.045211760659390005
5-16A,6.0,306.0481,1.006262886991176,0.15334947157839013
5-16A,6.0,306.0765,-0.21494244509564187,0.030511411143181337
5-16A,6.0,308.0986,-0.32383877322096655,0.015506090745226072
5-16A,6.0,313.0441,0.7675253741589476,0.4754777493285481
5-16A,6.0,313.1037,0.19469867820215062,0.7021055115730818
5-16A,6.0,317.026,-0.11020665777578219,0.6772203407665678
5-16A,6.0,323.0256,-0.7765834267054992,0.11553671312857174
5-16A,6.0,325.1163,-0.33948787184983376,0.30092025732937344
5-16A,6.0,328.0457,0.031223963187659895,0.1156301259426115
5-16A,6.0,333.0589,1.003282765509541,0.2858993182459206
5-16A,6.0,338.9884,0.9799651849437255,0.1562357568351935
5-16A,6.0,339.0928,0.7330672748318019,1.0703452150706698
5-16A,6.0,341.1089,-0.36037020218260185,0.09403168154531925
5-16A,6.0,344.0393,-0.462361925064356,0.0612352022507242
5-16A,6.0,346.0556,-0.62413246426572,0.15184650190977456
5-16A,6.0,348.087,1.0898529466713676,0.12422070535177183
5-16A,6.0,353.0489,-0.47157851886802316,0.6331001513189038
5-16A,6.0,357.089,0.16989872708640208,0.2822509352589753
5-16A,6.0,375.131,-0.07308829282755777,0.22715941159641745
5-16A,6.0,377.1496,-0.8638906238492206,0.4794528086128576
5-16A,6.0,383.1188,-1.0891433710468814,0.31926198804131123
5-16A,6.0,388.9416,0.7055030768188351,0.17579134429063809
5-16A,6.0,388.9442,0.4316100505954811,0.44299703106632526
5-16A,6.0,401.0756,-0.8834967953155253,0.054403427110890155
5-16A,6.0,407.2795,-1.0105063315174627,0.18654199358775464
5-16A,6.0,421.0743,-0.40398388119007533,0.6747113467768145
5-16A,6.0,426.0222,-0.3475883808320983,0.45318447188272165
5-16A,6.0,442.9997,-0.12672817595286473,0.24150720636735873
5-16A,6.0,466.9657,-0.26119394085164827,0.12864404815514013
5-16A,6.0,490.9787,-0.3057799045416342,0.6438909462945615
5-16A,6.0,503.1614,-1.088118308504789,0.15119179650597694
5-16A,6.0,547.0731,0.5502143871860787,0.25386866630818794
5-16A,6.0,565.0471,-0.27907949948261257,0.23469812023494205
5-16A,6.0,578.8872,-0.7502088195232204,0.06957395024422466
5-16A,6.0,579.0269,-0.8485222887230488,0.05762208908921162
5-16A,6.0,612.2549,0.2117014392018537,0.12598254848536702
5-16A,6.0,624.2949,0.0026703381795324032,0.34524234829604106
5-16A,6.0,659.307,-0.12210991529784312,0.47295263463256854
5-16A,6.0,664.0939,0.07877952949593858,0.23751787972907315
5-16A,6.0,665.2144,0.15360169436613472,0.6152568876776572
5-16A,6.0,668.1374,-0.3827350740699755,0.010414560689998121
5-16A,6.0,787.255,0.19677474805748377,0.26114322892842995
5-16A,6.0,790.2568,0.2348332078919016,0.5373590502316492
5-16A,6.0,835.0407,-0.12729432522800255,0.3770528605429282
5-16A,6.0,863.2971,0.32154075810799354,0.0982989007723708
5-16A,6.0,864.1473,0.6460602694757516,0.37164048524838167
5-16A,6.0,974.2935,0.5965825475567936,0.2688343361895679
5-16A,6.0,976.7162,-0.2752596931848149,0.2122680544448638
5-16A,7.0,57.0342,-1.0905491388944406,0.3146289741546566
5-16A,7.0,58.0295,0.32482715886947783,0.4255949606691972
5-16A,7.0,59.0135,-1.533673282616626,0.12090305161960227
5-16A,7.0,71.0137,-1.112467746242285,0.08178125288246231
5-16A,7.0,73.0293,1.1131762721112444,0.15969975787020677
5-16A,7.0,74.0247,0.038461620182456024,0.48873351629358436
5-16A,7.0,75.0087,0.11456039526305152,0.37110034067700826
5-16A,7.0,87.0088,1.3180360438854475,0.09992215834294163
5-16A,7.0,87.0451,-0.673363225815238,0.4798599117593422
5-16A,7.0,88.0403,0.6153853973652728,0.12826385708567792
5-16A,7.0,88.9883,0.26600503826939975,0.9526062389221308
5-16A,7.0,89.0244,1.044580355424927,0.1659362416273541
5-16A,7.0,93.0338,-0.019317311283051128,0.019750041652158094
5-16A,7.0,94.9761,-0.9905463252946587,0.13799538697748492
5-16A,7.0,94.9806,0.5951714104720697,0.2433146929426933
5-16A,7.0,95.0139,-1.1627024004817077,0.1047843346851632
5-16A,7.0,101.0242,-0.8285472118408304,0.12745970131689924
5-16A,7.0,102.056,-0.06136193199520275,0.045501568664480144
5-16A,7.0,103.0402,1.2726038683733025,0.06051190464768309
5-16A,7.0,103.0509,1.3737321305947263,0.17918093966704632
5-16A,7.0,104.0352,-0.013816049596135298,0.19467914912841924
5-16A,7.0,105.0193,-0.2005569396145651,0.2366497879266055
5-16A,7.0,107.0503,-0.5194982562016929,0.5356793775017018
5-16A,7.0,109.0295,0.17150379494461004,0.0880693745704217
5-16A,7.0,111.02,0.19799279799998232,0.054290143067940284
5-16A,7.0,112.0516,-0.6892670363760132,0.7311357404632336
5-16A,7.0,113.0244,-1.1383907725718947,0.03164371885823132
5-16A,7.0,113.0357,0.20357344159242707,0.0298609315493196
5-16A,7.0,114.056,-0.24422071293031178,0.002408893062226661
5-16A,7.0,115.0037,0.5892827208984021,0.09017566205644384
5-16A,7.0,115.0402,0.45001695711635015,0.5828509626229281
5-16A,7.0,115.0764,-1.0448979631824988,0.7264960445173074
5-16A,7.0,116.0354,0.22140622849988986,0.28817643977559515
5-16A,7.0,116.0717,0.8283976021931483,0.06739134506096925
5-16A,7.0,117.0194,1.0390006569238948,0.10452103873133906
5-16A,7.0,118.0508,1.3001364986283024,0.2840101144515178
5-16A,7.0,118.9804,-1.1378191074133464,0.021732544446702126
5-16A,7.0,119.0503,-0.8715218585666171,0.21948418401219225
5-16A,7.0,120.9273,-0.4514613753340476,0.05250818844113787
5-16A,7.0,121.0295,-1.1871580366290893,0.38521821440779064
5-16A,7.0,121.0409,-0.891793985197219,0.3649713567276171
5-16A,7.0,122.0248,0.15940226192567492,0.205235426665765
5-16A,7.0,124.0075,-0.4471399081893599,0.2719287745273383
5-16A,7.0,124.0144,-0.8159594974498825,0.24008625388160312
5-16A,7.0,125.0439,-0.1452714602893508,0.12633335893746309
5-16A,7.0,127.0764,-1.1403850498808978,0.2345263381755159
5-16A,7.0,128.0354,-0.3247966017955327,0.0050092199395239765
5-16A,7.0,129.0193,1.1566246249184862,0.12656507838985465
5-16A,7.0,129.0556,-0.7134326138385525,0.2998960083955683
5-16A,7.0,130.0142,1.3891873411024438,0.15929988356554753
5-16A,7.0,130.0509,0.36117412178281005,0.02055821602595846
5-16A,7.0,130.0874,0.3947592580568201,0.06654376236002944
5-16A,7.0,131.0008,1.2868161323758673,0.04168990528476546
5-16A,7.0,131.0123,1.3398267901242706,0.033870208980531905
5-16A,7.0,131.035,-0.7319385978589386,0.09676025607575785
5-16A,7.0,131.0462,-0.6964830464668985,0.1913825735339513
5-16A,7.0,131.0828,-0.021252481723224106,0.08821945889936189
5-16A,7.0,132.0302,0.41475801548372904,0.05657807234360358
5-16A,7.0,133.0142,0.25724513783197805,0.07429999965344725
5-16A,7.0,133.0257,0.35562222276864547,0.11296862037795427
5-16A,7.0,133.0505,0.936133143583795,0.10269725338602918
5-16A,7.0,134.0472,-0.5024429874445273,0.19411807461550298
5-16A,7.0,134.0604,1.0810025468527167,0.6486120313421129
5-16A,7.0,135.0302,0.2233634783361335,0.049783870435661695
5-16A,7.0,135.0453,-0.13340259326227238,0.13814068461871531
5-16A,7.0,136.0404,0.21606468458611983,0.19803886469193407
5-16A,7.0,136.0487,0.2771619414732579,0.1621041927859162
5-16A,7.0,136.0767,-0.6266813942319243,0.29459043433421567
5-16A,7.0,137.0239,0.11414706307164982,0.025683646463739614
5-16A,7.0,138.9789,-1.0357513869385069,0.2331903370386222
5-16A,7.0,139.0014,1.6873465605413154,0.06053492189624483
5-16A,7.0,139.0067,-0.5922514631413263,0.008877285978146066
5-16A,7.0,139.976,-0.12587055512996012,0.29699177793216314
5-16A,7.0,143.0713,-1.165274345589575,0.15333942459012356
5-16A,7.0,143.1077,-1.162699429908578,0.3502448092444259
5-16A,7.0,145.0141,-0.22074968712439794,0.08561149079316904
5-16A,7.0,145.0506,0.8661559237797073,0.13121366754174768
5-16A,7.0,145.0623,0.48060248948130047,0.22738857772565235
5-16A,7.0,145.0982,-0.33606439865131266,0.15416899464685374
5-16A,7.0,145.1106,0.7774922487721172,1.203218674522187
5-16A,7.0,146.0459,-0.2824085537716216,0.010810248796025823
5-16A,7.0,147.0298,1.8979821405683932,0.10083695365873954
5-16A,7.0,147.0662,0.8928486901624497,0.10608223780526796
5-16A,7.0,149.0092,-1.1466610555445054,0.325657207499121
5-16A,7.0,149.0456,-0.8387049073474713,0.022714358044006382
5-16A,7.0,149.0608,-1.1987366575558656,0.18751602144590798
5-16A,7.0,150.0422,0.8172592318557643,0.3487814719159181
5-16A,7.0,150.9707,0.17655001818583943,0.5345469317240905
5-16A,7.0,151.0259,-0.10298882725805424,0.0924610513225537
5-16A,7.0,151.04,-1.0223815225778896,0.5023434966046569
5-16A,7.0,151.06,-0.06298436428209964,0.4449022942692337
5-16A,7.0,152.0353,-0.6625355621025227,0.2776092860887254
5-16A,7.0,152.0716,-1.1713210543259076,0.3324775515171803
5-16A,7.0,153.0192,-0.995694644598209,0.013904350268213442
5-16A,7.0,154.062,0.06547702348139205,0.08807727218120964
5-16A,7.0,154.9751,1.1501516120981137,0.13810431946432702
5-16A,7.0,155.0099,0.12379226826172407,0.04940554933269395
5-16A,7.0,157.0128,1.2528630566163808,0.05056505674707393
5-16A,7.0,157.0255,0.44613674957987365,0.07777065031323747
5-16A,7.0,157.0379,0.565907692697276,0.07814605151916337
5-16A,7.0,157.0504,1.0185287039846882,0.09155788216094711
5-16A,7.0,159.0297,-1.0236467039872723,0.18760711132779992
5-16A,7.0,159.0775,0.5993627737701641,0.1141288678423684
5-16A,7.0,160.0616,0.3180434055362159,0.3775868663455675
5-16A,7.0,161.0453,0.21697672125171116,0.18956960145705426
5-16A,7.0,162.0424,0.5793494957412645,0.1498827032474807
5-16A,7.0,163.0351,-0.5916018077071845,0.15837172544937353
5-16A,7.0,163.0398,1.3286561969616988,0.2176333707602941
5-16A,7.0,163.0611,-0.022227661347131555,0.531386627796622
5-16A,7.0,164.0716,-0.32333030946885233,0.06737378429511257
5-16A,7.0,165.03,-1.0238848217502068,0.8572298081419962
5-16A,7.0,165.0405,-1.2999238607248604,0.1855773902677155
5-16A,7.0,165.0556,-0.09396695121136253,0.17245409035486364
5-16A,7.0,166.0508,1.074006709532314,0.2653647794792797
5-16A,7.0,166.0632,-0.04849363621925063,0.26474795274222523
5-16A,7.0,166.9759,0.3914269430865036,0.6358914188788477
5-16A,7.0,167.0207,-0.3744277380297737,0.2438041512579794
5-16A,7.0,167.0358,-1.2049114970538874,0.45964263683269296
5-16A,7.0,167.0828,-0.7910183565150348,0.5707887978276266
5-16A,7.0,168.0277,-0.2817800453177801,0.034973761758585915
5-16A,7.0,168.0664,-1.0140228147425496,0.22645787242768925
5-16A,7.0,170.0455,1.8341757630304227,0.09350755561274827
5-16A,7.0,171.0065,-0.025906892762641295,0.1161913803950235
5-16A,7.0,171.0092,-0.18379073427774337,0.11884650470278674
5-16A,7.0,171.0284,1.2341754184387153,0.09057430075099342
5-16A,7.0,172.0616,0.05427916002589857,0.16328280781353638
5-16A,7.0,172.962,0.4207642122880766,0.093373832162811
5-16A,7.0,173.0089,1.4105270062948656,0.25708218691280865
5-16A,7.0,173.0453,0.9619534438012476,0.17368347690917246
5-16A,7.0,173.0932,0.18792605109920119,0.14618663619703967
5-16A,7.0,173.1041,-0.4854145492027129,0.09454899653462652
5-16A,7.0,174.0407,0.2524800728912052,0.042234248804896034
5-16A,7.0,174.088,0.08519028513797364,0.15483129395267772
5-16A,7.0,175.022,1.3764558147291392,0.22694609958598666
5-16A,7.0,175.0361,0.49644751840959056,0.0660872298935465
5-16A,7.0,175.0611,1.2899788501221188,0.06128557922019492
5-16A,7.0,176.0776,1.071600155256296,0.4187757060905079
5-16A,7.0,177.0402,-0.5869213524373214,0.15208437305697955
5-16A,7.0,177.0553,-0.34538255878020013,0.17893873686147652
5-16A,7.0,178.0509,1.3837446228521106,0.08324134322160671
5-16A,7.0,179.0348,-0.12335201926146672,0.2831517830349449
5-16A,7.0,179.0561,-1.0802185390623142,0.015285243776302066
5-16A,7.0,180.0663,-1.1834412291889858,0.02988607129814759
5-16A,7.0,181.0505,0.4362570296949215,0.1386099659235605
5-16A,7.0,182.9725,-1.2568435133355285,0.047060920243274386
5-16A,7.0,183.0661,-0.5365467309018783,0.7069817274863628
5-16A,7.0,184.0017,-0.42182099494025016,0.05989450626717151
5-16A,7.0,184.9856,0.24665891569662407,0.07755685161137477
5-16A,7.0,186.1136,-1.171025713337185,0.5764077805238181
5-16A,7.0,187.0234,0.6131662614742552,0.13172024755350276
5-16A,7.0,188.035,-0.34996013580606233,0.8829518702179139
5-16A,7.0,188.0565,0.6384789515297402,0.04761970970714364
5-16A,7.0,189.0405,-0.6313889550594844,0.03549144177387833
5-16A,7.0,191.0197,0.818597072314665,0.3427643135683801
5-16A,7.0,191.0561,1.3222787525436832,0.03127318302182725
5-16A,7.0,192.0663,0.054996688054478673,0.21670644407188097
5-16A,7.0,193.0349,-0.36612549480505535,0.3230818182753098
5-16A,7.0,194.0682,1.2598887221769568,0.22379345091865455
5-16A,7.0,194.0822,-1.0730235379845012,0.6594197759657866
5-16A,7.0,195.0509,-0.9415241828746406,0.06443646321160822
5-16A,7.0,195.0657,-0.385229401417961,0.1466463524043449
5-16A,7.0,196.0603,0.8360252808236567,0.10171231761560592
5-16A,7.0,198.0182,0.7401316922417062,0.3390468496983965
5-16A,7.0,199.0019,1.0527399598091032,0.31921057562041344
5-16A,7.0,200.9937,-0.8918580175592936,0.19245155358219573
5-16A,7.0,201.0051,0.6742310247888473,0.26772447609050354
5-16A,7.0,203.0348,1.8516910638097266,0.3441500191260074
5-16A,7.0,203.0826,-0.08257179812741455,0.009395265850440355
5-16A,7.0,204.0498,-0.9526712189348816,0.20967528277370917
5-16A,7.0,205.0351,0.6436760904969763,0.2651350739452198
5-16A,7.0,206.0822,-0.385493362322504,0.32871649021583976
5-16A,7.0,209.0292,1.1404609487504458,0.13771654937480585
5-16A,7.0,209.0814,-0.3916797411643672,0.1039317331556265
5-16A,7.0,211.0235,1.2253525649041326,0.8425687048895714
5-16A,7.0,211.9968,0.269173687505474,0.0932989854276939
5-16A,7.0,212.0331,0.027298805174917413,0.040089845257086976
5-16A,7.0,212.9807,0.6779850321831284,0.17301141236374168
5-16A,7.0,213.014,1.7021553074571427,0.46550824479031094
5-16A,7.0,213.0384,1.526277422148638,0.17220330570371706
5-16A,7.0,213.1252,-0.37050537850348764,0.5277809553655962
5-16A,7.0,214.0488,0.21252191511230425,0.996947010403087
5-16A,7.0,215.0331,-1.0913742163125013,0.017971555150893256
5-16A,7.0,216.1351,-0.8720321080706048,0.09503678569948837
5-16A,7.0,218.0335,-1.109995833465966,0.014722546473580454
5-16A,7.0,218.1034,1.1255930936947276,0.10938044969960835
5-16A,7.0,220.0828,-0.9049433200407367,0.4361400369883327
5-16A,7.0,221.0443,-1.128812738690537,0.050649058717493256
5-16A,7.0,221.0664,-0.665388095219225,0.3720869554415843
5-16A,7.0,225.0399,-0.251856072738615,0.7699023275051982
5-16A,7.0,225.0861,-1.3916510771687154,0.2598775124592672
5-16A,7.0,225.0901,-0.6707945913538129,0.1025256920583002
5-16A,7.0,226.0135,0.25078172657363107,0.19453037576438698
5-16A,7.0,226.0697,-0.5593815108867597,0.2529866355205723
5-16A,7.0,228.0501,0.4007642200785239,0.24660464405901328
5-16A,7.0,229.0122,0.4430350074561597,0.3881940653823768
5-16A,7.0,237.0614,0.5741393890165178,0.2448772591314448
5-16A,7.0,238.0945,-0.8212696632536144,0.19131677275621004
5-16A,7.0,240.0515,0.945506023763309,0.08388178743613768
5-16A,7.0,241.0844,0.17641844732931714,0.743967987357517
5-16A,7.0,242.0804,-0.9921112623971517,0.6539403253141656
5-16A,7.0,243.029,1.1336988416958442,0.4456273925079419
5-16A,7.0,243.0625,0.9040107393039858,0.6154004917301147
5-16A,7.0,245.0444,1.5984803972706292,0.3999047760156196
5-16A,7.0,246.0198,-0.3421511775540354,0.33360276648172654
5-16A,7.0,246.064,-0.8454585440306998,0.12870068943511503
5-16A,7.0,251.0816,0.01692927241521558,0.502178415599452
5-16A,7.0,253.0119,-0.13198664381214525,0.00678121955514699
5-16A,7.0,253.0499,-0.2971549475732292,0.6852305210006931
5-16A,7.0,257.0072,0.5765126106283689,0.3435970571900868
5-16A,7.0,257.1028,-0.8964477041575912,0.465940685289391
5-16A,7.0,259.005,0.5316677428051569,0.878885908317701
5-16A,7.0,259.0227,-1.2691744956827247,0.07605757346187102
5-16A,7.0,261.0385,-0.15451692374162174,0.07517972313363173
5-16A,7.0,266.0703,-0.0267296166268332,0.36180566612909026
5-16A,7.0,267.0724,1.1872440758914728,0.09398631600513799
5-16A,7.0,268.02,1.1026566762765784,0.47738983463467366
5-16A,7.0,269.0398,1.606764955070523,0.3105733031195911
5-16A,7.0,271.0612,0.009494098458196001,0.48409682921408664
5-16A,7.0,271.0815,-0.5948866500393268,0.3266903252210129
5-16A,7.0,273.0021,1.0305075278872797,0.24426834485196827
5-16A,7.0,274.0933,0.33215116585418647,0.1373008386959525
5-16A,7.0,275.0184,-0.10890646960563743,0.26656135001533676
5-16A,7.0,275.0991,0.8151986752539502,0.4886909307243642
5-16A,7.0,277.1207,-1.0681219447602488,0.010434103737852298
5-16A,7.0,277.2169,-0.7573474705343137,0.13923946608760643
5-16A,7.0,279.2331,0.16063090462114682,0.03969206297749363
5-16A,7.0,282.0839,-1.0425339661125421,0.3726549548566857
5-16A,7.0,283.2063,0.23414772972394957,0.10580563489116594
5-16A,7.0,285.0972,-0.6276887935979225,0.48228956566127945
5-16A,7.0,287.0157,-1.2688335224446754,0.2331598872576087
5-16A,7.0,288.0725,0.16785828635137365,0.2629623850632488
5-16A,7.0,289.0333,0.5094179505773501,0.3270623841399032
5-16A,7.0,289.1044,0.2660928967197089,0.13038211201824115
5-16A,7.0,290.9677,0.11724693882003806,0.09265478140660618
5-16A,7.0,294.0479,-0.8470788168185607,0.6241251520379374
5-16A,7.0,300.0509,-0.16495760192996642,0.5233976846339993
5-16A,7.0,301.0333,-1.15584556154105,0.21188550459107033
5-16A,7.0,303.2326,0.043054164697096775,1.0251695931764169
5-16A,7.0,305.0207,-1.0107455429670589,0.1692964876530604
5-16A,7.0,306.0481,1.2442156393481405,0.2870098825564534
5-16A,7.0,306.0765,-0.2202774517152145,0.02464504344683903
5-16A,7.0,308.0986,-0.360613569049336,0.026401953205146447
5-16A,7.0,313.0441,0.5119841867414872,0.5559890874969373
5-16A,7.0,313.1037,0.0760038111523817,0.17668934488301313
5-16A,7.0,317.026,-0.29505089876681095,0.4672570605538628
5-16A,7.0,323.0256,-1.4736841677473356,0.21808563216301635
5-16A,7.0,325.1163,-0.4290106841218005,0.2949653913279677
5-16A,7.0,328.0457,0.11554494981568163,0.1721836277838147
5-16A,7.0,333.0589,0.8726895481077352,0.3334604417831572
5-16A,7.0,338.9884,-0.12081801726248716,0.3980304915262178
5-16A,7.0,339.0928,-0.7708831881558853,0.6421834561271947
5-16A,7.0,341.1089,-0.6138472712645726,0.1022804290970881
5-16A,7.0,344.0393,-0.12505805117642763,0.30196648751543215
5-16A,7.0,346.0556,-0.5524066158855224,0.11743957797834728
5-16A,7.0,348.087,0.8517448043378641,0.14463146725660866
5-16A,7.0,353.0489,-0.15142833483261647,0.4402129112255116
5-16A,7.0,357.089,-0.0015778042306199974,0.3427384392518065
5-16A,7.0,375.131,-0.34738119948881646,0.44626862643903686
5-16A,7.0,377.1496,-0.7864566235880279,0.21320386064698235
5-16A,7.0,383.1188,-1.0826603977946,0.46633019296389916
5-16A,7.0,388.9416,0.533853496351883,0.31623830104921197
5-16A,7.0,388.9442,0.10846105780334947,0.151847654232401
5-16A,7.0,401.0756,-1.0977888732827996,0.048988039432799266
5-16A,7.0,407.2795,-0.11528996280419498,0.27534330680627345
5-16A,7.0,421.0743,-0.5239392612204753,0.6019053825100928
5-16A,7.0,426.0222,-0.5536847366744091,0.3812003137813163
5-16A,7.0,442.9997,-0.35162825743742404,0.16997750051135532
5-16A,7.0,466.9657,-0.8377342437890616,0.1013024694443925
5-16A,7.0,490.9787,-0.2546320559454353,0.7517410713070081
5-16A,7.0,503.1614,-0.725562689254198,0.21541734993706674
5-16A,7.0,547.0731,0.5568086680668525,0.1845456041492127
5-16A,7.0,565.0471,0.13033901051692864,0.2300050391091185
5-16A,7.0,578.8872,-1.1244837922381725,0.07245222743043768
5-16A,7.0,579.0269,-0.9581110006884221,0.0727039272303263
5-16A,7.0,612.2549,-0.13359904861783994,0.37861844113807114
5-16A,7.0,624.2949,0.28341271250137806,0.17630697323461028
5-16A,7.0,659.307,-0.7857957450663635,0.16388926310103485
5-16A,7.0,664.0939,-0.27881740899093643,0.14963804166361896
5-16A,7.0,665.2144,-0.06711233510814443,0.41844418812965745
5-16A,7.0,668.1374,1.91970071562437,0.12036314081700893
5-16A,7.0,787.255,-0.7011433569689491,0.2530246168993442
5-16A,7.0,790.2568,-0.7481437699201641,0.3618616571417668
5-16A,7.0,835.0407,-0.1370874438191832,0.4226261053285251
5-16A,7.0,863.2971,-0.009352436894378258,0.19047776915715708
5-16A,7.0,864.1473,-0.7000553334245608,0.3239005634243466
5-16A,7.0,974.2935,-0.4694719145610416,0.5699757890108783
5-16A,7.0,976.7162,-1.2597124240915383,0.06463861461608411
5-16A,8.0,57.0342,-0.9478176230438969,0.08919359497555678
5-16A,8.0,58.0295,-0.23216201004697284,0.30046147975752135
5-16A,8.0,59.0135,-1.403924662190967,0.07469831474591757
5-16A,8.0,71.0137,-1.2981963520493525,0.03865582616849477
5-16A,8.0,73.0293,1.7992040895973305,0.08735491587563059
5-16A,8.0,74.0247,1.334915136448017,0.3194105004991319
5-16A,8.0,75.0087,0.0675929664108065,0.638954549215473
5-16A,8.0,87.0088,2.589939710810367,0.1948570164215438
5-16A,8.0,87.0451,-0.2941316247393455,0.22915877631780554
5-16A,8.0,88.0403,1.1494937518614217,0.06514477580426409
5-16A,8.0,88.9883,0.8655528504741438,0.528048518695104
5-16A,8.0,89.0244,2.4817747406382225,0.21141818964852568
5-16A,8.0,93.0338,-0.03723575697338974,0.03659667915596801
5-16A,8.0,94.9761,-0.30809709506972777,0.2978987687127889
5-16A,8.0,94.9806,0.557659322880562,0.25809258831304305
5-16A,8.0,95.0139,-1.3027506798657562,0.05210306774027228
5-16A,8.0,101.0242,-0.7378658261037321,0.13116157163839742
5-16A,8.0,102.056,0.15940476957045327,0.050218835544909635
5-16A,8.0,103.0402,1.7793121013797424,0.17055364459557204
5-16A,8.0,103.0509,1.823174966833854,0.16399153318615897
5-16A,8.0,104.0352,-0.7138068942792772,0.1712425153928472
5-16A,8.0,105.0193,-0.1756083561845014,0.28968916284318297
5-16A,8.0,107.0503,-0.5613724233157229,0.5315591080492169
5-16A,8.0,109.0295,-0.029774813206497747,0.17409942864534034
5-16A,8.0,111.02,0.4008675958101564,0.046845506580177956
5-16A,8.0,112.0516,-0.4864150328163139,1.1694327936942943
5-16A,8.0,113.0244,-1.2346561600377228,0.021168260682696744
5-16A,8.0,113.0357,0.01714236565471689,0.11180984424224069
5-16A,8.0,114.056,-0.24229052609043228,0.0027835348803400568
5-16A,8.0,115.0037,0.49585556412663506,0.2137206260291162
5-16A,8.0,115.0402,0.8847124776033186,0.5792412052850034
5-16A,8.0,115.0764,-0.6176904024499551,0.5904968333831692
5-16A,8.0,116.0354,0.4541505905992471,0.140882132034336
5-16A,8.0,116.0717,1.3387054116433657,0.07607571489349063
5-16A,8.0,117.0194,1.8646868114899813,0.0957959356079801
5-16A,8.0,118.0508,1.3460760489848957,0.20318258790407198
5-16A,8.0,118.9804,-1.2616841246267545,0.01231247616599168
5-16A,8.0,119.0503,-0.4881594642705851,0.20493537929709818
5-16A,8.0,120.9273,-0.31984618709656093,0.04459186990655109
5-16A,8.0,121.0295,-0.590627724102903,0.6188159249833954
5-16A,8.0,121.0409,-1.298387448016247,0.5105938755111851
5-16A,8.0,122.0248,0.4916266815721032,0.6230820126060189
5-16A,8.0,124.0075,-0.47191519542911553,0.1864136719154365
5-16A,8.0,124.0144,-0.7374469853738186,0.048443932722435724
5-16A,8.0,125.0439,-0.33456620033090806,0.43952354950223865
5-16A,8.0,127.0764,-1.166570881600544,0.5306032399776542
5-16A,8.0,128.0354,-0.3799748917024127,0.010320764507687505
5-16A,8.0,129.0193,0.966613832747355,0.20646419539193214
5-16A,8.0,129.0556,-0.5474463735160057,0.6793217002624168
5-16A,8.0,130.0142,-0.5175446937547984,0.6138086159596265
5-16A,8.0,130.0509,0.11799310770686504,0.045396254513261985
5-16A,8.0,130.0874,0.8318276675772764,0.05988765728884754
5-16A,8.0,131.0008,0.8455460219225435,0.11925026319010248
5-16A,8.0,131.0123,2.6688071088160834,0.17973003090749376
5-16A,8.0,131.035,-0.9121822808797858,0.11214179599664471
5-16A,8.0,131.0462,-0.8776910374439089,0.12324314524560281
5-16A,8.0,131.0828,-0.5059122535168681,0.10283601059223021
5-16A,8.0,132.0302,0.27499601535756957,0.05637654583982169
5-16A,8.0,133.0142,-0.08870529694391627,0.09536003524642331
5-16A,8.0,133.0257,0.07064545200393507,0.08948139005486672
5-16A,8.0,133.0505,1.264836025400735,0.05428198639518868
5-16A,8.0,134.0472,-0.1444621193880162,0.3554031422626963
5-16A,8.0,134.0604,0.3928472084102295,0.29802174963704814
5-16A,8.0,135.0302,0.9858611850590102,0.10273539128612924
5-16A,8.0,135.0453,0.0590617265596038,0.024910721060244972
5-16A,8.0,136.0404,0.3328770193241305,0.07953516325142386
5-16A,8.0,136.0487,0.3830598124072156,0.267072439438816
5-16A,8.0,136.0767,-1.2913649250050687,0.873704414967872
5-16A,8.0,137.0239,0.45261644016605296,0.0670805793687587
5-16A,8.0,138.9789,0.6910684649939562,0.18770017922301174
5-16A,8.0,139.0014,2.6115176779546116,0.059679002191738384
5-16A,8.0,139.0067,-0.4789530918909728,0.14032806054843774
5-16A,8.0,139.976,0.7275542987610504,0.14383063318105788
5-16A,8.0,143.0713,-0.644261124777066,0.31145523645905354
5-16A,8.0,143.1077,-0.4774025944337944,0.3658272953485953
5-16A,8.0,145.0141,0.0319158346869234,0.23362740340466226
5-16A,8.0,145.0506,1.1011881629288296,0.24187141403606036
5-16A,8.0,145.0623,0.4363053360153343,0.17603890691287902
5-16A,8.0,145.0982,-0.5179454248781161,0.19599721849795437
5-16A,8.0,145.1106,-0.42467960888248635,0.41761618728780664
5-16A,8.0,146.0459,-0.14875661290899583,0.014566311957543633
5-16A,8.0,147.0298,1.471582612789978,0.07293534950118821
5-16A,8.0,147.0662,0.9058995950114664,0.059304925582998255
5-16A,8.0,149.0092,-0.6996748801550212,0.5822362159418877
5-16A,8.0,149.0456,-1.1025695601117973,0.1006339402119181
5-16A,8.0,149.0608,-0.03913068131447682,0.2021568744091882
5-16A,8.0,150.0422,0.05398000876378591,0.5514170735692029
5-16A,8.0,150.9707,0.08072722189887904,1.3310320429489237
5-16A,8.0,151.0259,0.92530668999884,0.25563033347329217
5-16A,8.0,151.04,-0.035322926978992045,0.4412880402087096
5-16A,8.0,151.06,-0.5551053496009734,1.0462768949124088
5-16A,8.0,152.0353,0.790593163844576,0.19281490614208005
5-16A,8.0,152.0716,-0.967902252481621,0.15901705639939623
5-16A,8.0,153.0192,-1.0511859621590391,0.049344547095535846
5-16A,8.0,154.062,-0.532622702688383,0.05405733407824785
5-16A,8.0,154.9751,1.4045963617577102,0.08173938209799479
5-16A,8.0,155.0099,0.3050452274752925,0.06878253885752758
5-16A,8.0,157.0128,2.582572727159663,0.18894630276090757
5-16A,8.0,157.0255,0.5184530979719588,0.10227066052291327
5-16A,8.0,157.0379,0.6026274839284518,0.10961284324916559
5-16A,8.0,157.0504,0.9796608474878012,0.10135979526287958
5-16A,8.0,159.0297,-0.46945253683726146,0.11297838873299795
5-16A,8.0,159.0775,1.031436711302168,0.17477972563203975
5-16A,8.0,160.0616,0.15806066383875955,0.49051962150382183
5-16A,8.0,161.0453,-0.17640928424178576,0.18316248299860344
5-16A,8.0,162.0424,0.7111061131554246,0.17460611414993324
5-16A,8.0,163.0351,-0.676952295103589,0.15865435101597752
5-16A,8.0,163.0398,1.1012681668216526,0.12467250457028517
5-16A,8.0,163.0611,-0.8608897724535532,0.6551794864134096
5-16A,8.0,164.0716,0.4214030974464694,0.05774315417829157
5-16A,8.0,165.03,-0.10109027520209193,0.27589091296023804
5-16A,8.0,165.0405,0.20812565116696694,0.5356414434180848
5-16A,8.0,165.0556,-0.006397142659820283,0.3076720785685478
5-16A,8.0,166.0508,0.5990857822981065,0.16363713582316053
5-16A,8.0,166.0632,-0.22646494322692787,0.6307529045159413
5-16A,8.0,166.9759,1.422981107441912,0.46703836035499663
5-16A,8.0,167.0207,-0.21844575484602247,0.22774056456646644
5-16A,8.0,167.0358,0.07010509521034886,0.6048862918516005
5-16A,8.0,167.0828,-0.7758933777525759,0.4961812800685155
5-16A,8.0,168.0277,-0.1322675786697442,0.021238326141729998
5-16A,8.0,168.0664,-0.46008385123659923,0.2439184587594171
5-16A,8.0,170.0455,1.3280761802663559,0.20397185517559782
5-16A,8.0,171.0065,0.8457062228731898,0.21316423524062436
5-16A,8.0,171.0092,0.6653660052035009,0.37978025014658556
5-16A,8.0,171.0284,2.1943569127256337,0.18987033482486276
5-16A,8.0,172.0616,0.6622400423060613,0.2177383399003573
5-16A,8.0,172.962,0.6355965290197364,0.13349721689873162
5-16A,8.0,173.0089,1.1669437693734548,0.2693081020058774
5-16A,8.0,173.0453,0.46426316956538316,0.13890085407761882
5-16A,8.0,173.0932,0.6929970893077169,0.16192388190478144
5-16A,8.0,173.1041,-0.6141065972432265,0.10113118827408842
5-16A,8.0,174.0407,-0.04649437187982095,0.04626784667817322
5-16A,8.0,174.088,-0.41996190116445953,0.18623630918828185
5-16A,8.0,175.022,1.621140424114626,0.20656346987736218
5-16A,8.0,175.0361,0.47972518435460143,0.07418010925417359
5-16A,8.0,175.0611,0.6783121562890249,0.10389260604228927
5-16A,8.0,176.0776,0.5787422723563627,0.4325840823299602
5-16A,8.0,177.0402,-0.20135554912327475,0.42235808060401714
5-16A,8.0,177.0553,-0.13782610315531707,0.720071364227788
5-16A,8.0,178.0509,1.1352121112709486,0.16661159468276232
5-16A,8.0,179.0348,0.2929727118480734,0.2697106229761912
5-16A,8.0,179.0561,-1.2174043152505263,0.010486854944404732
5-16A,8.0,180.0663,-1.2991794488524706,0.04269491825777403
5-16A,8.0,181.0505,0.6363564396345835,0.10338661597751622
5-16A,8.0,182.9725,-1.2515092874758795,0.08090457483123421
5-16A,8.0,183.0661,-0.13162887499596496,0.9045827815623319
5-16A,8.0,184.0017,-0.22172402060940904,0.1166792972154785
5-16A,8.0,184.9856,1.8003021667784793,0.23372212002304674
5-16A,8.0,186.1136,-0.6242211812233601,0.5830779332493866
5-16A,8.0,187.0234,1.9158328493484877,0.3530304786593536
5-16A,8.0,188.035,-0.5023045521214957,0.5141718475047792
5-16A,8.0,188.0565,0.2630959840540488,0.06207517065479552
5-16A,8.0,189.0405,-0.6874557747384211,0.13666041204827298
5-16A,8.0,191.0197,0.5313622684603213,0.1927196020735446
5-16A,8.0,191.0561,0.3785938673999084,0.21973921649091646
5-16A,8.0,192.0663,-0.1532731140360932,0.3858843387104019
5-16A,8.0,193.0349,0.11564630542378976,0.03527826293748382
5-16A,8.0,194.0682,1.256252137137186,0.5869178151549416
5-16A,8.0,194.0822,-0.14409452506478992,1.6533656501955303
5-16A,8.0,195.0509,-0.8363150754864304,0.13864683498357047
5-16A,8.0,195.0657,1.0051889650256063,0.6702442330663728
5-16A,8.0,196.0603,0.3691538572505553,0.22745628094206186
5-16A,8.0,198.0182,1.4148447025572035,0.4745635330528331
5-16A,8.0,199.0019,2.6920702256594846,0.6023454152469836
5-16A,8.0,200.9937,0.0620027295094132,0.9254889621907741
5-16A,8.0,201.0051,0.8495222983162978,0.6980122610754467
5-16A,8.0,203.0348,2.0593108149520103,0.1851408792663862
5-16A,8.0,203.0826,-0.0778348196486062,0.012158876144012173
5-16A,8.0,204.0498,-0.9022656644295404,0.46977923891344725
5-16A,8.0,205.0351,-0.08218920542390322,0.26424294127608267
5-16A,8.0,206.0822,-0.35359966710082325,0.5364041042572625
5-16A,8.0,209.0292,2.294858269240431,0.26691878283442544
5-16A,8.0,209.0814,-0.02523005751486465,0.5707552028296738
5-16A,8.0,211.0235,2.4524072287753507,0.5686832210188872
5-16A,8.0,211.9968,0.21152147822129974,0.14211222148370148
5-16A,8.0,212.0331,-0.09687710040847097,0.32519419363818447
5-16A,8.0,212.9807,1.8105301755342866,0.2269493263653496
5-16A,8.0,213.014,2.6283562670166107,0.1310808860577414
5-16A,8.0,213.0384,2.5360146633620655,0.569781227247558
5-16A,8.0,213.1252,0.3422772731469542,0.7124072026133993
5-16A,8.0,214.0488,-0.019056742744355037,0.829135250013454
5-16A,8.0,215.0331,-1.3408960681535336,0.015296099073068732
5-16A,8.0,216.1351,-1.0006670454402693,0.15140107094942726
5-16A,8.0,218.0335,-1.3006775655796559,0.01203658660926051
5-16A,8.0,218.1034,0.6181506227134121,0.13209722564593832
5-16A,8.0,220.0828,-0.5814106136661692,0.46601459341449464
5-16A,8.0,221.0443,-1.1418000422804724,0.07478345493012549
5-16A,8.0,221.0664,0.11709832757040667,0.15055702106243044
5-16A,8.0,225.0399,1.6007722986192658,1.0041109495919784
5-16A,8.0,225.0861,0.42950271288599945,0.389064056710702
5-16A,8.0,225.0901,-0.2398883756514722,0.7115285476192232
5-16A,8.0,226.0135,1.0158202039190316,0.23028922337238425
5-16A,8.0,226.0697,-0.14393589260319678,0.344037521798449
5-16A,8.0,228.0501,0.427348321593778,0.23836263771038457
5-16A,8.0,229.0122,0.4892340977850209,0.39379757957667993
5-16A,8.0,237.0614,0.7582542734076722,0.2859592013037618
5-16A,8.0,238.0945,-0.47784160279686555,0.20624348799795744
5-16A,8.0,240.0515,0.35640363359527083,0.03904238475249594
5-16A,8.0,241.0844,0.31583391406194977,0.7189407140258003
5-16A,8.0,242.0804,0.44209245995632657,0.7902120566814986
5-16A,8.0,243.029,3.26246442150821,0.5770374189674522
5-16A,8.0,243.0625,0.833701986175141,0.7848386273926414
5-16A,8.0,245.0444,1.7681256054802557,0.5439465242961551
5-16A,8.0,246.0198,0.9450022600253971,0.33248604708943164
5-16A,8.0,246.064,-1.0637360449300624,0.022640463488278785
5-16A,8.0,251.0816,0.3055405638268017,0.6972764445780523
5-16A,8.0,253.0119,-0.057636301284209365,0.02259843371259802
5-16A,8.0,253.0499,-0.8748019576372001,0.605511601735624
5-16A,8.0,257.0072,1.5964311615983604,0.4681102402172096
5-16A,8.0,257.1028,-1.1858116896439357,0.32633231828473647
5-16A,8.0,259.005,1.8907791797032953,0.4136741190412144
5-16A,8.0,259.0227,-1.0612408765203334,0.17982184427071615
5-16A,8.0,261.0385,0.3629761324216908,0.16065522977717875
5-16A,8.0,266.0703,0.2022897896689731,0.4037936169390932
5-16A,8.0,267.0724,0.702017386283522,0.1493084135216671
5-16A,8.0,268.02,1.220540451325828,1.0011762248151124
5-16A,8.0,269.0398,2.6705827463124545,0.3177600376690636
5-16A,8.0,271.0612,-0.5393304038560325,0.6273019338506952
5-16A,8.0,271.0815,-0.9176797245915788,0.2796831576120962
5-16A,8.0,273.0021,1.5154085311750798,0.29486356972698563
5-16A,8.0,274.0933,0.10311471758839652,0.2586589922003951
5-16A,8.0,275.0184,-0.023350239375927187,0.6380820895130515
5-16A,8.0,275.0991,2.622074452556278,0.5809298485794548
5-16A,8.0,277.1207,-1.069326366215639,0.016159301711682388
5-16A,8.0,277.2169,-0.6142969312755364,0.19630185568974534
5-16A,8.0,279.2331,-0.3375133801078469,0.014305811827694869
5-16A,8.0,282.0839,-0.9747534450546291,0.2711916014818969
5-16A,8.0,283.2063,-0.5860796336426184,0.3104989544566035
5-16A,8.0,285.0972,-0.4950792932089568,0.5259707322886188
5-16A,8.0,287.0157,-0.7339929047838685,0.34761077301583204
5-16A,8.0,288.0725,-0.036581947522116964,0.1480533210479255
5-16A,8.0,289.0333,0.18542328603189812,0.3083455095394349
5-16A,8.0,289.1044,0.3278154419875686,0.3334917876195195
5-16A,8.0,290.9677,0.14994633720498474,0.30871082428360347
5-16A,8.0,294.0479,-0.7480794889786636,0.7071783761894787
5-16A,8.0,300.0509,-0.7502193708319902,0.5912106948138097
5-16A,8.0,301.0333,0.2813332490702057,0.18462319102650748
5-16A,8.0,303.2326,-0.5358346682899686,0.20308885205645477
5-16A,8.0,305.0207,-1.1232306544747734,0.09399915981945953
5-16A,8.0,306.0481,0.3228741896733091,0.28515509172052717
5-16A,8.0,306.0765,0.5625249313354923,0.08738066218237114
5-16A,8.0,308.0986,-0.3731540970127383,0.03371987483783815
5-16A,8.0,313.0441,0.7036400773045824,0.4766077439267972
5-16A,8.0,313.1037,-0.2871220109236063,0.3191838764282562
5-16A,8.0,317.026,-0.28042293724953526,0.8256214551545709
5-16A,8.0,323.0256,0.5049411415008547,0.7695056194199728
5-16A,8.0,325.1163,-0.4280829865853034,0.530964560127565
5-16A,8.0,328.0457,0.2994999324357762,0.120932518637593
5-16A,8.0,333.0589,1.21994878528981,0.29503475496846604
5-16A,8.0,338.9884,0.7072047454590003,0.8955191479919752
5-16A,8.0,339.0928,-0.6758509560018808,0.41282143243115915
5-16A,8.0,341.1089,-0.26394688952951295,0.11460154298966287
5-16A,8.0,344.0393,0.20894969365070662,0.24575653610535833
5-16A,8.0,346.0556,-0.29663529272549843,0.05482578805381197
5-16A,8.0,348.087,0.5581977477927074,0.2191303133230434
5-16A,8.0,353.0489,0.14777744463972622,0.8400362117777294
5-16A,8.0,357.089,0.45140115563072847,0.3203469081383466
5-16A,8.0,375.131,-0.47125541540035265,0.8014814935513189
5-16A,8.0,377.1496,-0.875950017332521,0.3440879322340171
5-16A,8.0,383.1188,-0.831121035606089,0.20088292298514682
5-16A,8.0,388.9416,0.6450525723935172,0.47527538580042467
5-16A,8.0,388.9442,0.2913051761268419,0.37528530647620684
5-16A,8.0,401.0756,-1.2012797266188282,0.033149984008397
5-16A,8.0,407.2795,-0.9576295405083,0.20439428052325562
5-16A,8.0,421.0743,0.35636321270340543,0.6527088832168567
5-16A,8.0,426.0222,0.04399469526829229,0.4251150141589697
5-16A,8.0,442.9997,-0.05960238632609574,0.1647655692428272
5-16A,8.0,466.9657,-1.0407783270847588,0.1523373105146351
5-16A,8.0,490.9787,0.0011071870355590097,0.6923290832808071
5-16A,8.0,503.1614,0.11504245751400301,0.3553251760893935
5-16A,8.0,547.0731,0.7528386542498533,0.22103140289527504
5-16A,8.0,565.0471,0.21921633831042336,0.21459732213322794
5-16A,8.0,578.8872,-1.199797147178491,0.04259896034316118
5-16A,8.0,579.0269,-0.8995507095866504,0.041103360346145826
5-16A,8.0,612.2549,0.4555795864287674,0.49080349673863577
5-16A,8.0,624.2949,0.3442152053357885,0.5727151184149545
5-16A,8.0,659.307,-0.6208936003320691,0.1060546533048634
5-16A,8.0,664.0939,0.6573633400814443,0.18879612458309425
5-16A,8.0,665.2144,0.3381139518102411,0.09616691441108471
5-16A,8.0,668.1374,1.3985853228709133,0.10125240980966922
5-16A,8.0,787.255,-0.5973450244937486,0.18231750348679146
5-16A,8.0,790.2568,-0.5543900949243561,0.39446734036897785
5-16A,8.0,835.0407,1.3982559264203622,0.7750569600595367
5-16A,8.0,863.2971,1.4030054593499055,0.1778801453434183
5-16A,8.0,864.1473,0.8471650652812812,0.2233509190125575
5-16A,8.0,974.2935,0.4521493623666353,0.4507370013988244
5-16A,8.0,976.7162,-1.1692937493407025,0.07943873987649779
5-16A,9.0,57.0342,-1.2478909673911027,0.33646139487011617
5-16A,9.0,58.0295,-0.5482745993775511,0.37574986405642774
5-16A,9.0,59.0135,-1.4362925705496705,0.03739796110833953
5-16A,9.0,71.0137,-1.5022868519938457,0.0632108917916317
5-16A,9.0,73.0293,1.4270885161635025,0.1709808812349214
5-16A,9.0,74.0247,1.0135591024471566,0.42512104558640434
5-16A,9.0,75.0087,-0.10729388248617083,0.5027795990613266
5-16A,9.0,87.0088,3.320712107083996,0.20389403337916762
5-16A,9.0,87.0451,-0.6587989398064148,0.604102921713105
5-16A,9.0,88.0403,1.413542348021915,0.08482990272621738
5-16A,9.0,88.9883,0.8285807353881846,0.20353579619157472
5-16A,9.0,89.0244,2.0269975532939224,0.27517238256758947
5-16A,9.0,93.0338,0.004565230199108212,0.026027843158850924
5-16A,9.0,94.9761,-1.1878091377871438,0.6434208644452386
5-16A,9.0,94.9806,1.34087786629868,0.5762063744562275
5-16A,9.0,95.0139,-1.3536367479128688,0.14426474713363466
5-16A,9.0,101.0242,-1.115498504170858,0.1990152677179193
5-16A,9.0,102.056,0.6631152701679224,0.12316588582889719
5-16A,9.0,103.0402,1.5350861846623003,0.14152690925499362
5-16A,9.0,103.0509,1.556149064881541,0.2263266531802207
5-16A,9.0,104.0352,-0.6590729059161374,0.08029008622870287
5-16A,9.0,105.0193,-0.402240526274393,0.4252731643835251
5-16A,9.0,107.0503,0.7360154180270085,1.3593839568043948
5-16A,9.0,109.0295,-0.14834439527863916,0.14764365805671822
5-16A,9.0,111.02,-0.2515279429319284,0.039961833647680224
5-16A,9.0,112.0516,-0.2612306985894918,0.2401848495620678
5-16A,9.0,113.0244,-1.4113964184512646,0.01809385920841996
5-16A,9.0,113.0357,-0.1551977503488733,0.05904236280936464
5-16A,9.0,114.056,-0.23776569527255215,0.002033193258131421
5-16A,9.0,115.0037,0.5262035524096178,0.10078179893888264
5-16A,9.0,115.0402,-0.1446537105790946,0.5318948422653597
5-16A,9.0,115.0764,-0.4471252015127214,0.7932804328332795
5-16A,9.0,116.0354,0.46676383344850264,0.5572267214952963
5-16A,9.0,116.0717,1.5402583097867513,0.08459328268326659
5-16A,9.0,117.0194,1.6493880642111547,0.06991913027629874
5-16A,9.0,118.0508,1.399923226861886,0.14802072880544437
5-16A,9.0,118.9804,-1.4069012732939599,0.018274203617595353
5-16A,9.0,119.0503,-0.45645280008068767,0.18984000638465862
5-16A,9.0,120.9273,-0.21925780955698343,0.10982996028409026
5-16A,9.0,121.0295,0.23476970616845672,0.7096201990606722
5-16A,9.0,121.0409,-1.5592209902020384,0.6559411767410531
5-16A,9.0,122.0248,0.08776183340551263,0.37795068707577756
5-16A,9.0,124.0075,-0.5357985807084854,0.2127969069156489
5-16A,9.0,124.0144,-1.0963860858363539,0.27555634932040046
5-16A,9.0,125.0439,-0.420387058082891,0.13262315003844363
5-16A,9.0,127.0764,-0.7143767428000859,0.48965642824996364
5-16A,9.0,128.0354,-0.3184732581954947,0.010095696465833344
5-16A,9.0,129.0193,0.6953477647191327,0.23040019741933965
5-16A,9.0,129.0556,-0.5395652438882879,0.8752042222032455
5-16A,9.0,130.0142,0.06779768749438952,0.5358991140154593
5-16A,9.0,130.0509,0.038585857419866726,0.0357127124120742
5-16A,9.0,130.0874,1.0396970552150013,0.12588395789207796
5-16A,9.0,131.0008,0.6681699053927811,0.0854834584869851
5-16A,9.0,131.0123,2.0359319301381844,0.07145459382999261
5-16A,9.0,131.035,-1.3359321801451363,0.024162046509649714
5-16A,9.0,131.0462,-1.443095896527071,0.1447095938981001
5-16A,9.0,131.0828,-0.36428981162177954,0.11297164035921242
5-16A,9.0,132.0302,0.13626444080963793,0.006946562460394893
5-16A,9.0,133.0142,-0.1558534369821669,0.07165112027784891
5-16A,9.0,133.0257,-0.19362787814966392,0.16607098489191816
5-16A,9.0,133.0505,1.0003330583348922,0.03291874456334234
5-16A,9.0,134.0472,0.4192727839873677,0.4480414661989008
5-16A,9.0,134.0604,0.7246655782530441,0.4708665752149788
5-16A,9.0,135.0302,1.0878873652484395,0.2788537680441153
5-16A,9.0,135.0453,0.6898624183934374,0.08528778518508884
5-16A,9.0,136.0404,0.21515149369565978,0.07198891654006001
5-16A,9.0,136.0487,1.061431841201879,0.16823210742887526
5-16A,9.0,136.0767,0.5547887086709266,0.5924595105120969
5-16A,9.0,137.0239,0.32312922358902113,0.13896184689178126
5-16A,9.0,138.9789,0.6019243573993146,0.5089314760275977
5-16A,9.0,139.0014,2.6447112737082663,0.1300958941154547
5-16A,9.0,139.0067,-0.44779930174639376,0.10005081348517776
5-16A,9.0,139.976,1.4009638091396968,0.5090388088717525
5-16A,9.0,143.0713,-0.8245796725582689,0.1468500058872
5-16A,9.0,143.1077,0.500012646148391,0.3940814837617093
5-16A,9.0,145.0141,0.2984878934385391,0.08471789169034494
5-16A,9.0,145.0506,1.36393756822306,0.21480544965805085
5-16A,9.0,145.0623,0.42855830020738506,0.16437297777526308
5-16A,9.0,145.0982,-0.585278721830947,0.1314121341853053
5-16A,9.0,145.1106,0.31638523487720077,0.30119500742816435
5-16A,9.0,146.0459,0.1784467911680448,0.0016825543659458795
5-16A,9.0,147.0298,0.9869826949483931,0.15269404561111102
5-16A,9.0,147.0662,0.4622854108652218,0.05567168475640198
5-16A,9.0,149.0092,0.03356449973094378,0.7239811367061719
5-16A,9.0,149.0456,-1.7611044824439115,0.17307062483368452
5-16A,9.0,149.0608,-0.32173488376232096,0.38593216814680986
5-16A,9.0,150.0422,0.6672582714916017,0.6837087291838365
5-16A,9.0,150.9707,0.08237933907624041,0.8567147570827082
5-16A,9.0,151.0259,1.3002119282583964,0.14113015049571961
5-16A,9.0,151.04,0.7130985169158973,0.2852004686050203
5-16A,9.0,151.06,-0.07701412921443596,0.10805788251662968
5-16A,9.0,152.0353,1.1993207355177093,0.20291834001254952
5-16A,9.0,152.0716,-0.6660720199137039,0.5547714831073343
5-16A,9.0,153.0192,-1.0747752410433078,0.1015483981508398
5-16A,9.0,154.062,-0.4336735799600772,0.12715129886893756
5-16A,9.0,154.9751,1.356368431515203,0.047486679987640494
5-16A,9.0,155.0099,-0.278127842009089,0.033756820577263674
5-16A,9.0,157.0128,1.9360325620056156,0.21092611253717913
5-16A,9.0,157.0255,0.2600756920716649,0.03812460915007402
5-16A,9.0,157.0379,0.3299200176976604,0.11613430850601762
5-16A,9.0,157.0504,0.526280257403783,0.0861638005508011
5-16A,9.0,159.0297,-1.1075400056691533,0.18545939225270733
5-16A,9.0,159.0775,1.3105831396813,0.032283962301317574
5-16A,9.0,160.0616,0.20356895106648173,0.330740247410598
5-16A,9.0,161.0453,-1.2238138544085573,0.05042627659820927
5-16A,9.0,162.0424,0.973002702371301,0.10498886704467864
5-16A,9.0,163.0351,-0.9676174107271767,0.20666342952450173
5-16A,9.0,163.0398,0.7269800474296234,0.09873012651521161
5-16A,9.0,163.0611,-0.36018050216381076,0.43561692852043726
5-16A,9.0,164.0716,1.3920121034891413,0.11211772241719062
5-16A,9.0,165.03,-0.18754712564350234,0.8146681144452245
5-16A,9.0,165.0405,-0.14451268833275965,0.6635110455265685
5-16A,9.0,165.0556,0.04588745447116349,0.12471961474146111
5-16A,9.0,166.0508,0.4249251326398919,0.5353146441045491
5-16A,9.0,166.0632,0.3160052906330114,1.3048804417369975
5-16A,9.0,166.9759,1.1453273861966151,0.3188970743943306
5-16A,9.0,167.0207,-0.47300835140190445,0.09569908638537533
5-16A,9.0,167.0358,0.5336750573271671,0.7090547712323787
5-16A,9.0,167.0828,-0.5533401188192526,0.2801935171943837
5-16A,9.0,168.0277,0.32961442322803153,0.08123104082606321
5-16A,9.0,168.0664,-1.0180760266706421,0.5481107823449578
5-16A,9.0,170.0455,1.4843253375821384,0.07878953514034334
5-16A,9.0,171.0065,1.058275074331112,0.29997670977905777
5-16A,9.0,171.0092,1.4701272016904918,0.35303889346816175
5-16A,9.0,171.0284,1.832937773653639,0.24203292321717026
5-16A,9.0,172.0616,0.35955221820838995,0.31571811708509523
5-16A,9.0,172.962,1.2733052008823507,0.19235767366655107
5-16A,9.0,173.0089,0.6239948748616075,0.28299258650212916
5-16A,9.0,173.0453,0.10067246844514287,0.08302653508928132
5-16A,9.0,173.0932,1.483590926789955,0.16636158504520196
5-16A,9.0,173.1041,-0.41083433123407886,0.10712390179747684
5-16A,9.0,174.0407,-0.22594321740172327,0.019425720581269734
5-16A,9.0,174.088,-0.6666575410950447,0.10241869800918872
5-16A,9.0,175.022,1.358793721446032,0.3937418080980811
5-16A,9.0,175.0361,0.3838990035847847,0.046913426930788316
5-16A,9.0,175.0611,0.22451515882080436,0.07922200327644777
5-16A,9.0,176.0776,0.2558977508971404,0.3001142164659194
5-16A,9.0,177.0402,-0.8318476553085896,0.2154247242820124
5-16A,9.0,177.0553,-0.20214374733847695,0.18456402333641034
5-16A,9.0,178.0509,1.0377780042050118,0.05759839432834534
5-16A,9.0,179.0348,-0.1475618271545593,0.10218817130501275
5-16A,9.0,179.0561,-1.423286718582107,0.005031376955451979
5-16A,9.0,180.0663,-1.405545550471226,0.022085607951101448
5-16A,9.0,181.0505,0.3567516344067339,0.1028437939711593
5-16A,9.0,182.9725,-1.3674397961589164,0.062040305702373864
5-16A,9.0,183.0661,-1.0650109520136524,0.27554733527737024
5-16A,9.0,184.0017,0.09368751653160906,0.023326954166490336
5-16A,9.0,184.9856,2.421488167458413,0.04385928762457228
5-16A,9.0,186.1136,-0.6778018212964013,0.09746932876880061
5-16A,9.0,187.0234,2.085090128990809,0.3859637717280026
5-16A,9.0,188.035,0.6073246362185759,0.849033784240795
5-16A,9.0,188.0565,0.07990348876557034,0.06876880269581806
5-16A,9.0,189.0405,-0.7976742930471906,0.037051002019643904
5-16A,9.0,191.0197,0.14642270565522733,0.08946079577296662
5-16A,9.0,191.0561,-0.07908488023837534,0.14325053133094115
5-16A,9.0,192.0663,-0.7709469382233353,0.6374527518671217
5-16A,9.0,193.0349,-0.19173583775334213,0.4750912663748769
5-16A,9.0,194.0682,0.7471302315692532,0.43352297254763567
5-16A,9.0,194.0822,-0.946929178266883,0.6984864836985707
5-16A,9.0,195.0509,-1.087028326995805,0.0764718641042801
5-16A,9.0,195.0657,0.17817997125312574,0.3996902628794177
5-16A,9.0,196.0603,0.10399453923485331,0.2647447747729078
5-16A,9.0,198.0182,2.249601997466889,0.39227049253331775
5-16A,9.0,199.0019,2.0106092797006356,0.6320588170311129
5-16A,9.0,200.9937,-0.42461697441277135,0.10655060959520497
5-16A,9.0,201.0051,0.24734908663006583,0.5008212092043584
5-16A,9.0,203.0348,1.4851604820971216,0.4681488738039593
5-16A,9.0,203.0826,-0.054104669498397456,0.01887100702555792
5-16A,9.0,204.0498,-1.2606577002768398,0.3065407372374335
5-16A,9.0,205.0351,-0.2138582551415549,0.1869604082419005
5-16A,9.0,206.0822,-1.3831935718212356,1.0343778978509364
5-16A,9.0,209.0292,2.1402514852462367,0.8897850549176478
5-16A,9.0,209.0814,-0.45051219577476254,0.4153329662106594
5-16A,9.0,211.0235,3.0372203330072653,0.7823565926587779
5-16A,9.0,211.9968,0.28692817410163834,0.09188026278896977
5-16A,9.0,212.0331,0.0066028209110193465,0.9917784360785656
5-16A,9.0,212.9807,2.1611549319236008,0.33397052815051487
5-16A,9.0,213.014,1.9767622202536987,0.48029512183009454
5-16A,9.0,213.0384,2.840459525120844,0.9221124534859602
5-16A,9.0,213.1252,0.06235133843354355,0.6987910348763309
5-16A,9.0,214.0488,0.17319723736306022,0.19565585443020175
5-16A,9.0,215.0331,-1.5455045509676233,0.0036859590004844917
5-16A,9.0,216.1351,-1.125452558250243,0.170287592797521
5-16A,9.0,218.0335,-1.4980737934509092,0.00527955392604165
5-16A,9.0,218.1034,0.31488923064778845,0.08465100085819599
5-16A,9.0,220.0828,-0.5713785917630818,0.08938966864024313
5-16A,9.0,221.0443,-1.3234645520101338,0.058582937725886915
5-16A,9.0,221.0664,0.1847908591306933,0.4122612556042349
5-16A,9.0,225.0399,1.043982366470627,0.7392640780991124
5-16A,9.0,225.0861,0.10355626551344425,0.3936227099795265
5-16A,9.0,225.0901,0.5599963070357986,0.6076097862912946
5-16A,9.0,226.0135,1.594601525914657,0.4511712971772967
5-16A,9.0,226.0697,-0.12261442230248516,0.13051703325442277
5-16A,9.0,228.0501,0.47592174164634116,0.3522576575020422
5-16A,9.0,229.0122,1.0114431257091832,0.0627737784859116
5-16A,9.0,237.0614,0.6535810894729454,0.1392188044252829
5-16A,9.0,238.0945,-0.5628269730875585,0.1721058970046464
5-16A,9.0,240.0515,0.18765808558503339,0.01859956264535714
5-16A,9.0,241.0844,1.4893095538328789,0.4653498387029325
5-16A,9.0,242.0804,-0.23565441847464266,0.2565586716561231
5-16A,9.0,243.029,1.4067175126135167,0.432548417873102
5-16A,9.0,243.0625,0.6768281208125161,0.673988498186586
5-16A,9.0,245.0444,1.8122663004318869,0.04321319639273825
5-16A,9.0,246.0198,1.1474650870907772,0.2911176149815047
5-16A,9.0,246.064,-1.2105348159504215,0.011780247705246253
5-16A,9.0,251.0816,-1.0212534499297004,0.9583296377731796
5-16A,9.0,253.0119,-0.0694479869056687,0.030352695474512484
5-16A,9.0,253.0499,-0.9920438821427723,0.6864615811137272
5-16A,9.0,257.0072,1.2767852031143356,0.43940350717203197
5-16A,9.0,257.1028,-0.8804630080754844,0.41786594837162877
5-16A,9.0,259.005,0.7644784981997454,1.0836187655007565
5-16A,9.0,259.0227,-1.124603249244514,0.07910464016103443
5-16A,9.0,261.0385,0.48061910051137946,0.17504240424033837
5-16A,9.0,266.0703,0.18909085192295308,0.1358248773690609
5-16A,9.0,267.0724,-0.5812420923353454,0.026888739257834988
5-16A,9.0,268.02,0.9526227807593517,1.0078244924135273
5-16A,9.0,269.0398,2.547859382416907,0.2289860574356034
5-16A,9.0,271.0612,0.032759484969342646,0.5094271618980549
5-16A,9.0,271.0815,-0.5509349144418104,0.4431904415699343
5-16A,9.0,273.0021,1.8509107037633272,0.336344384636351
5-16A,9.0,274.0933,-0.11920117761795125,0.08789346109211978
5-16A,9.0,275.0184,-0.24986386531196333,0.5102727449924074
5-16A,9.0,275.0991,1.947223075576176,0.12171778489182729
5-16A,9.0,277.1207,-1.1167128228511378,0.002064731829796822
5-16A,9.0,277.2169,-0.5187635285744547,0.1939344309619362
5-16A,9.0,279.2331,-0.2694014278287149,0.03675313166842364
5-16A,9.0,282.0839,-1.3288876281100175,0.23774438833756772
5-16A,9.0,283.2063,-0.41664299520069825,0.1893575834651849
5-16A,9.0,285.0972,-0.2975909512318411,0.4828176513561322
5-16A,9.0,287.0157,-1.2239643431107152,0.11762383071515856
5-16A,9.0,288.0725,-0.20048661778276028,0.20502377807070596
5-16A,9.0,289.0333,0.5601553700811122,0.6571995202404536
5-16A,9.0,289.1044,0.5165100803778826,0.5108192479859113
5-16A,9.0,290.9677,0.15734997457516134,0.168017283525612
5-16A,9.0,294.0479,-0.8385115672939542,0.23107077293533645
5-16A,9.0,300.0509,-0.437407046074012,1.2218518989099065
5-16A,9.0,301.0333,0.022484616184259582,0.6118085077334783
5-16A,9.0,303.2326,-0.41094388825319955,0.06045619641797099
5-16A,9.0,305.0207,-1.3717028100098263,0.07809160099068742
5-16A,9.0,306.0481,0.18648663649309785,0.22622423368165803
5-16A,9.0,306.0765,1.922951619326518,0.18071135565062055
5-16A,9.0,308.0986,-0.4175903086386847,0.008015032407686227
5-16A,9.0,313.0441,0.3511942261192648,0.14172991819667974
5-16A,9.0,313.1037,0.7952142343776765,0.5502582046021698
5-16A,9.0,317.026,-0.3389347833186379,0.6708081420561206
5-16A,9.0,323.0256,0.20992399354820626,0.305942548557065
5-16A,9.0,325.1163,0.1855889338075045,0.21427001704012283
5-16A,9.0,328.0457,0.4357260547003868,0.2049333898753609
5-16A,9.0,333.0589,1.5612719671354391,0.4368568781163936
5-16A,9.0,338.9884,1.0121414705539367,0.0992716756448657
5-16A,9.0,339.0928,-0.6331300442996218,0.7867910375081218
5-16A,9.0,341.1089,-0.154728462534774,0.10231705291315332
5-16A,9.0,344.0393,1.218663895940629,0.29562097165721357
5-16A,9.0,346.0556,-0.04757872983936529,0.10028947545875773
5-16A,9.0,348.087,0.30413596108174984,0.3319077017119458
5-16A,9.0,353.0489,0.11486480889776854,0.6582884145606795
5-16A,9.0,357.089,0.8148377629613452,0.06092163743999954
5-16A,9.0,375.131,-1.0791238891948196,0.7039138588044395
5-16A,9.0,377.1496,-0.7947077875502863,0.39440327452428686
5-16A,9.0,383.1188,-0.5558107714925468,0.18720187350596676
5-16A,9.0,388.9416,0.7204291272942223,0.42679718309185993
5-16A,9.0,388.9442,0.29951450388830486,0.50295770210459
5-16A,9.0,401.0756,-1.1646187601234084,0.03387797283512709
5-16A,9.0,407.2795,-0.7748152088022022,0.38173858776724484
5-16A,9.0,421.0743,0.18256959124203842,0.35654912793496296
5-16A,9.0,426.0222,0.4642022652356705,0.12988330578576518
5-16A,9.0,442.9997,-0.14508736627813487,0.09961905151927869
5-16A,9.0,466.9657,-1.155412071528455,0.04811693183886046
5-16A,9.0,490.9787,-0.4553873616855158,0.3673606173989285
5-16A,9.0,503.1614,0.3247968579233487,0.33484503254033593
5-16A,9.0,547.0731,1.0548267445852868,0.2338887365078653
5-16A,9.0,565.0471,0.7757923910500132,0.17538213610326017
5-16A,9.0,578.8872,-1.2575663627727962,0.07139535205052441
5-16A,9.0,579.0269,-0.9524620980097946,0.08691916403305505
5-16A,9.0,612.2549,1.018434865901676,0.4698576877137635
5-16A,9.0,624.2949,1.7787036473920639,0.4796971970309011
5-16A,9.0,659.307,-0.9044890470454438,0.08363733744912714
5-16A,9.0,664.0939,0.8904040415672729,0.4104550644398079
5-16A,9.0,665.2144,0.9990882411353311,1.0045694919798112
5-16A,9.0,668.1374,0.7469278088440511,0.05736915891568745
5-16A,9.0,787.255,-0.7267802945080046,0.038348925500734654
5-16A,9.0,790.2568,-0.9089593201666847,0.22678040985982204
5-16A,9.0,835.0407,2.0293680134075602,0.44634499294220736
5-16A,9.0,863.2971,2.0549470931397025,0.15558280273954475
5-16A,9.0,864.1473,0.7848699770182889,0.6140931930878788
5-16A,9.0,974.2935,1.0835287147693273,0.6273175427873556
5-16A,9.0,976.7162,-1.2161155729897484,0.3795952221431239
5-16A,10.0,57.0342,-1.018942551639837,0.16385004796405192
5-16A,10.0,58.0295,0.42129913910664085,0.44805929310279813
5-16A,10.0,59.0135,-0.48872007487011604,0.08319470829149621
5-16A,10.0,71.0137,-1.1033063331035056,0.08509640775216158
5-16A,10.0,73.0293,1.2331622167328775,0.05128305644618502
5-16A,10.0,74.0247,1.0621886426937768,0.7445565919942372
5-16A,10.0,75.0087,-0.6957232146919397,0.5239615530441354
5-16A,10.0,87.0088,-0.3364535201722658,0.023650457395757017
5-16A,10.0,87.0451,-1.3158723047429315,0.23611662595347804
5-16A,10.0,88.0403,2.6129351542967365,0.15345680347894217
5-16A,10.0,88.9883,0.3889123397713723,0.6146992358451224
5-16A,10.0,89.0244,-1.6731698798438108,0.04214086259844617
5-16A,10.0,93.0338,-0.009115568481252506,0.01394820447826642
5-16A,10.0,94.9761,-0.6928639363654787,0.24229500784788238
5-16A,10.0,94.9806,0.5681965528987478,0.27973309166624344
5-16A,10.0,95.0139,-1.3723842466670682,0.09406926998312973
5-16A,10.0,101.0242,-1.1643337480019589,0.2039068545549801
5-16A,10.0,102.056,4.0920073698468125,0.1819640013674739
5-16A,10.0,103.0402,1.1854823425267296,0.08197635774391629
5-16A,10.0,103.0509,1.4190825372634335,0.24312827173678966
5-16A,10.0,104.0352,-0.2100054104821949,0.1742528214571959
5-16A,10.0,105.0193,-0.1954148651671474,0.3632183814594948
5-16A,10.0,107.0503,-0.5469559490205189,0.33181620823670516
5-16A,10.0,109.0295,0.18399006095894677,0.24182598186605225
5-16A,10.0,111.02,0.16282941595395062,0.0358992415278006
5-16A,10.0,112.0516,-0.3455086607499435,0.5732307463355013
5-16A,10.0,113.0244,-1.3685940795590243,0.04904546327298643
5-16A,10.0,113.0357,0.2552837006891855,0.06268276531636945
5-16A,10.0,114.056,-0.22959857946748652,0.0034375456355600943
5-16A,10.0,115.0037,3.350949654649832,0.1500660579977936
5-16A,10.0,115.0402,-0.52101291232498,0.2694827512769528
5-16A,10.0,115.0764,-0.8240107309128513,0.3678158567549169
5-16A,10.0,116.0354,2.193877157878701,0.5975318734303751
5-16A,10.0,116.0717,2.2209878150256115,0.0563296442773942
5-16A,10.0,117.0194,1.384465861348943,0.04379300798823843
5-16A,10.0,118.0508,1.7821252236810836,0.305296173912223
5-16A,10.0,118.9804,-1.359666054109697,0.05024082732915581
5-16A,10.0,119.0503,-0.451923276624988,0.22307290542522462
5-16A,10.0,120.9273,-0.227670326743297,0.1299436117487548
5-16A,10.0,121.0295,0.17298495457655344,0.6097490286198916
5-16A,10.0,121.0409,-1.2738384087517018,0.40827021300434885
5-16A,10.0,122.0248,-0.6209782167629847,0.17892312589078085
5-16A,10.0,124.0075,-0.4639297722691943,0.7536674677645709
5-16A,10.0,124.0144,-1.065362377974068,0.234291050182528
5-16A,10.0,125.0439,-0.656303888569882,0.20726335667036147
5-16A,10.0,127.0764,-1.105991718667034,0.31685640014283883
5-16A,10.0,128.0354,0.19191891427987828,0.013127403961436081
5-16A,10.0,129.0193,2.1842577885825687,0.2893580964622252
5-16A,10.0,129.0556,-0.10811360661577626,0.7791295802704477
5-16A,10.0,130.0142,-0.4774331257788384,0.5950022771118688
5-16A,10.0,130.0509,0.6976955542258512,0.07305245883829606
5-16A,10.0,130.0874,1.543401662500885,0.12286779100659694
5-16A,10.0,131.0008,-0.8882838153471726,2.164371098193152
5-16A,10.0,131.0123,-0.4200052807141181,0.06058917302898916
5-16A,10.0,131.035,-1.417343304078069,0.0861065835174166
5-16A,10.0,131.0462,-1.5293212602633435,0.2232846757432708
5-16A,10.0,131.0828,-0.23181503185731922,0.16863898401934985
5-16A,10.0,132.0302,0.6680871717914157,0.01171156402834203
5-16A,10.0,133.0142,1.72485232219195,0.12409886209022508
5-16A,10.0,133.0257,1.8510060279542175,0.08595388453303618
5-16A,10.0,133.0505,1.0637183312157739,0.029448897711716108
5-16A,10.0,134.0472,0.4535415221478407,0.3302546013935639
5-16A,10.0,134.0604,0.63026897303914,0.34835653999009253
5-16A,10.0,135.0302,2.500236125822929,0.09694500632979466
5-16A,10.0,135.0453,1.1596807731140777,0.08573149692043659
5-16A,10.0,136.0404,-0.0941158212067998,0.10491892428271923
5-16A,10.0,136.0487,1.0390704745823451,0.07850175855487271
5-16A,10.0,136.0767,-0.9853376102502778,0.9450698969908904
5-16A,10.0,137.0239,0.0727558026163919,0.06497073974653254
5-16A,10.0,138.9789,-0.04077182908330006,0.16399063601893463
5-16A,10.0,139.0014,1.9807306269929028,0.052743560814962516
5-16A,10.0,139.0067,-0.5662428543091914,0.18664282999654724
5-16A,10.0,139.976,0.6071214985239054,0.613833809193412
5-16A,10.0,143.0713,-0.8265320775613136,0.23367389041157813
5-16A,10.0,143.1077,-0.8062427361956045,0.3920663941603147
5-16A,10.0,145.0141,0.06225736982938372,0.04943976752475255
5-16A,10.0,145.0506,3.2223094161429717,0.037040543168738956
5-16A,10.0,145.0623,1.781905863272979,0.1959385378232141
5-16A,10.0,145.0982,0.043760295725981585,0.2515889282107262
5-16A,10.0,145.1106,0.23130001207516263,0.46618719185991486
5-16A,10.0,146.0459,3.993159178662926,0.16588579723070124
5-16A,10.0,147.0298,1.5829110397632988,0.14886335688470637
5-16A,10.0,147.0662,0.25245238593495617,0.02719164324956494
5-16A,10.0,149.0092,-1.1766038593621289,0.20540359521705
5-16A,10.0,149.0456,-1.2793020054565898,0.10681558089662244
5-16A,10.0,149.0608,-0.255101029038051,0.3875129816608696
5-16A,10.0,150.0422,1.0840750994061779,0.6564815349298934
5-16A,10.0,150.9707,0.5565369689789582,0.9184364919784195
5-16A,10.0,151.0259,3.1475893266400323,0.1296602095001944
5-16A,10.0,151.04,0.6714234781038205,0.43875799778350355
5-16A,10.0,151.06,-0.4903525883748058,0.7561813626711952
5-16A,10.0,152.0353,0.5582424023618913,0.37144558131701205
5-16A,10.0,152.0716,-1.0320147931407153,0.21683423473548202
5-16A,10.0,153.0192,-1.14282684697451,0.05271105395711644
5-16A,10.0,154.062,-0.4007993042308875,0.05956232546074196
5-16A,10.0,154.9751,1.1684247610662315,0.06829662662144026
5-16A,10.0,155.0099,0.06735610735346229,0.02596002765142356
5-16A,10.0,157.0128,-0.37467682046314565,0.06632488101344713
5-16A,10.0,157.0255,0.6968677225554731,0.034951638494482
5-16A,10.0,157.0379,0.5958830324778277,0.06454636800010931
5-16A,10.0,157.0504,0.918223722318389,0.14481101285436515
5-16A,10.0,159.0297,-1.0372689826762111,0.11217848222958107
5-16A,10.0,159.0775,2.8562166943342047,0.11346186551334578
5-16A,10.0,160.0616,1.1226486900263555,0.3664454239311719
5-16A,10.0,161.0453,-0.7316231601976062,0.18960238048631606
5-16A,10.0,162.0424,1.9749765580265743,0.16203808899813807
5-16A,10.0,163.0351,-1.1991002168742468,0.09812607710320187
5-16A,10.0,163.0398,0.19350751076454,0.08190761563146182
5-16A,10.0,163.0611,-0.03725930610738262,1.1501475990723766
5-16A,10.0,164.0716,2.8815726416347753,0.08032582073827128
5-16A,10.0,165.03,-0.6013049098988235,0.8109765285223962
5-16A,10.0,165.0405,-0.3424307412486628,0.16556862018489113
5-16A,10.0,165.0556,0.14264612016347616,0.10712713935744897
5-16A,10.0,166.0508,0.5255614974819737,0.36783561604318743
5-16A,10.0,166.0632,0.23386468739869887,0.4742315323860842
5-16A,10.0,166.9759,1.8460500826953392,0.4974818728613572
5-16A,10.0,167.0207,-0.36236513133023024,0.2974418112580065
5-16A,10.0,167.0358,-0.3849392591466723,0.25816899647960756
5-16A,10.0,167.0828,-0.43234028871958174,1.4607221768764063
5-16A,10.0,168.0277,4.266234196155104,0.2313771105178539
5-16A,10.0,168.0664,-0.4141474493848862,0.4517243962283107
5-16A,10.0,170.0455,3.26447393489876,0.13956143514117675
5-16A,10.0,171.0065,1.8050949174760564,0.23643298257864442
5-16A,10.0,171.0092,2.355830548388,0.15872631141256127
5-16A,10.0,171.0284,-0.10185160912685391,0.120033340995601
5-16A,10.0,172.0616,0.8313574386880342,0.38680409604642413
5-16A,10.0,172.962,4.2454026363191835,0.19961463002786708
5-16A,10.0,173.0089,4.273667021018497,0.7166257050488162
5-16A,10.0,173.0453,1.5723491158365919,0.45626803018597545
5-16A,10.0,173.0932,2.136023497865162,0.23265122173471528
5-16A,10.0,173.1041,0.08064224711442725,0.1437285707604856
5-16A,10.0,174.0407,0.09541915553796648,0.02282303611365893
5-16A,10.0,174.088,-0.017540524138117262,0.12176601485565708
5-16A,10.0,175.022,1.8102540570727752,0.32158653986467683
5-16A,10.0,175.0361,0.6736792567821908,0.03489774159956781
5-16A,10.0,175.0611,0.6492871587566593,0.05118655929964254
5-16A,10.0,176.0776,0.4331457234629879,0.30343564461631317
5-16A,10.0,177.0402,-1.1303941877509334,0.17181798204307844
5-16A,10.0,177.0553,-0.166411722792277,0.2584742764270253
5-16A,10.0,178.0509,1.2189003277134751,0.13476836719232818
5-16A,10.0,179.0348,-0.06765546699874506,0.2782477861875083
5-16A,10.0,179.0561,-1.379580514045403,0.02099854347548528
5-16A,10.0,180.0663,-1.2981566978753671,0.031088493228044037
5-16A,10.0,181.0505,0.42737495556190874,0.20006529027740516
5-16A,10.0,182.9725,-1.2125694387004424,0.10290924663535547
5-16A,10.0,183.0661,-0.32587518329650894,0.4120575624870422
5-16A,10.0,184.0017,4.011106670179609,0.2632666889622796
5-16A,10.0,184.9856,0.5033084818532193,0.06956104264607303
5-16A,10.0,186.1136,-0.11943515106155178,0.6534677084673087
5-16A,10.0,187.0234,0.23443215059143807,0.8772273296477643
5-16A,10.0,188.035,1.9049533170330122,0.9443635866529091
5-16A,10.0,188.0565,0.758736123485106,0.049722133654815176
5-16A,10.0,189.0405,-0.6642101675217124,0.14248554535576013
5-16A,10.0,191.0197,3.7399719175352963,0.47328502201267153
5-16A,10.0,191.0561,0.3967642291886035,0.17796809008858627
5-16A,10.0,192.0663,-0.9020632590255367,0.23631229696213377
5-16A,10.0,193.0349,0.644030668191691,0.5534711168087935
5-16A,10.0,194.0682,0.5398448843023091,0.24410873354378654
5-16A,10.0,194.0822,-0.788802783620999,0.2719497979733973
5-16A,10.0,195.0509,-0.8476223562023102,0.09457450455256795
5-16A,10.0,195.0657,-0.4594221862236367,0.7609881714616371
5-16A,10.0,196.0603,0.5340256458966821,0.13877531035131338
5-16A,10.0,198.0182,1.0635896147899597,0.43303373443843524
5-16A,10.0,199.0019,-0.6412485032926283,0.3520203381570184
5-16A,10.0,200.9937,-0.6625438650472908,0.2774099872199627
5-16A,10.0,201.0051,-0.27984024069545554,0.4514074620753199
5-16A,10.0,203.0348,-1.0229443682179626,0.23851970737852374
5-16A,10.0,203.0826,-0.032109400001255464,0.007772528270728549
5-16A,10.0,204.0498,-0.970185013296907,0.2563805783277431
5-16A,10.0,205.0351,0.3104383825895762,0.13620139295550285
5-16A,10.0,206.0822,0.20331331869314084,1.1209720937967622
5-16A,10.0,209.0292,-0.9058457300704923,0.32987552054615554
5-16A,10.0,209.0814,-0.8536332300558568,0.6495228141663342
5-16A,10.0,211.0235,-0.08688764115471319,0.21478147773921083
5-16A,10.0,211.9968,0.4137031879427896,0.13272879363125456
5-16A,10.0,212.0331,1.6633163612360595,0.2698796554635199
5-16A,10.0,212.9807,2.495254118399372,0.3509830262873055
5-16A,10.0,213.014,-0.40445100282487045,0.15577092202330386
5-16A,10.0,213.0384,-0.37599018375895693,0.3189308733894356
5-16A,10.0,213.1252,-0.17196366123071716,1.2049839353285383
5-16A,10.0,214.0488,1.1335932561723756,0.30079943362041367
5-16A,10.0,215.0331,-1.4982943147888352,0.021212917213735354
5-16A,10.0,216.1351,-0.995855264740656,0.13909070599439488
5-16A,10.0,218.0335,-1.4503726892690263,0.024093869787988588
5-16A,10.0,218.1034,0.05824852944141519,0.06536839670622663
5-16A,10.0,220.0828,-1.3990203987677896,0.6055725376981833
5-16A,10.0,221.0443,-1.1991124346409157,0.047694364849251075
5-16A,10.0,221.0664,-1.3503580305147629,0.243082522416776
5-16A,10.0,225.0399,-0.1944412835722086,0.4004516325493194
5-16A,10.0,225.0861,-0.45849979921378875,0.4723728518644801
5-16A,10.0,225.0901,-0.47318037231228466,1.0875607808204657
5-16A,10.0,226.0135,1.7452020206683927,0.2815303069552751
5-16A,10.0,226.0697,-1.1947182521705908,0.1318881841005414
5-16A,10.0,228.0501,1.8599360143602501,0.3186810193989105
5-16A,10.0,229.0122,0.48827825453683754,0.20703138820640615
5-16A,10.0,237.0614,0.853434423954524,0.21395568921322006
5-16A,10.0,238.0945,-0.534062693912247,0.1677825722281361
5-16A,10.0,240.0515,0.7868211859325437,0.10907404219921618
5-16A,10.0,241.0844,1.0039648006620563,0.386983869906432
5-16A,10.0,242.0804,0.07257620974795237,0.9491754457075751
5-16A,10.0,243.029,-0.6978664134889986,0.2845552999116321
5-16A,10.0,243.0625,0.8723108390493621,0.1914762878585926
5-16A,10.0,245.0444,0.6725140278002215,0.22207583914699125
5-16A,10.0,246.0198,0.9067415682965063,0.3731539570252997
5-16A,10.0,246.064,-1.0922722740115987,0.06443769920754085
5-16A,10.0,251.0816,-0.48960107101362077,0.27440980342235965
5-16A,10.0,253.0119,-0.09305026585283473,0.03896689422336967
5-16A,10.0,253.0499,-0.4249354720343584,0.595167568557281
5-16A,10.0,257.0072,1.286836962815091,0.6048473574598329
5-16A,10.0,257.1028,-0.5078966301617631,0.5806247892110723
5-16A,10.0,259.005,0.45852112033320847,0.48999025167941485
5-16A,10.0,259.0227,-1.2865347159916518,0.1409499911494167
5-16A,10.0,261.0385,0.18630767514018148,0.22498016241371177
5-16A,10.0,266.0703,0.8401195380442092,0.5554491293691975
5-16A,10.0,267.0724,-0.6913888802089587,0.018748705888033037
5-16A,10.0,268.02,0.6215956144594386,0.5322062734883446
5-16A,10.0,269.0398,-0.24958740196002396,0.1683573804238562
5-16A,10.0,271.0612,0.16698286868749634,0.30650803971764956
5-16A,10.0,271.0815,-0.5444502321405374,0.5409957299798306
5-16A,10.0,273.0021,1.245286269142491,0.18193917591003883
5-16A,10.0,274.0933,0.653662424217901,0.2888640996701982
5-16A,10.0,275.0184,0.043972695886795636,0.45859388776277193
5-16A,10.0,275.0991,0.06277817448303184,0.34554227375310137
5-16A,10.0,277.1207,-1.079262843222606,0.00731459860390712
5-16A,10.0,277.2169,-0.8175424985685377,0.2236151867490621
5-16A,10.0,279.2331,-0.3473166162712493,0.03414970758063213
5-16A,10.0,282.0839,-0.8216760885081065,0.32110824843324925
5-16A,10.0,283.2063,-0.3122084125974056,0.18244157795582092
5-16A,10.0,285.0972,-0.1934996229695346,1.1256573115771298
5-16A,10.0,287.0157,-1.2407155033953936,0.28497137622379765
5-16A,10.0,288.0725,0.16022115117793861,0.16437696786663458
5-16A,10.0,289.0333,-0.13059835544867693,0.767226858520852
5-16A,10.0,289.1044,1.0653116828738236,0.2531680393033428
5-16A,10.0,290.9677,-0.043165204200455054,0.09765743616469605
5-16A,10.0,294.0479,-0.8689728989369995,0.4460607173276351
5-16A,10.0,300.0509,1.1641343954288166,0.43423049401048364
5-16A,10.0,301.0333,-0.15600716088819228,0.5865911061430886
5-16A,10.0,303.2326,-0.30458605005553524,0.18059952279546088
5-16A,10.0,305.0207,-1.3499837827158294,0.1410822477816531
5-16A,10.0,306.0481,1.0936089582831838,0.21933086079912992
5-16A,10.0,306.0765,-0.2399228290319938,0.027963595453821627
5-16A,10.0,308.0986,-0.40428363909552467,0.012825136285069953
5-16A,10.0,313.0441,-0.08954254094343383,0.41821875817120796
5-16A,10.0,313.1037,3.2173942331560115,0.9693051700224697
5-16A,10.0,317.026,-0.5005072673503645,0.3383291787581239
5-16A,10.0,323.0256,-0.2108611620102463,0.46307267842841865
5-16A,10.0,325.1163,0.3317012958057921,0.13209921048454343
5-16A,10.0,328.0457,1.7297747810884467,0.1581982538466185
5-16A,10.0,333.0589,1.0520432200589167,0.7437569184871463
5-16A,10.0,338.9884,0.7101566982672766,0.6389110714045619
5-16A,10.0,339.0928,-1.098700796320158,0.49109943091045116
5-16A,10.0,341.1089,-0.5510006802335264,0.1458698418439438
5-16A,10.0,344.0393,1.3285348646337654,0.4081199984369362
5-16A,10.0,346.0556,0.2909062312399504,0.17898305723214633
5-16A,10.0,348.087,1.3120074446274168,0.1862223550969076
5-16A,10.0,353.0489,0.08344820205317255,0.31164715367795637
5-16A,10.0,357.089,1.7682004575532533,0.42951284576788973
5-16A,10.0,375.131,-0.5685851564737026,0.4171012803317361
5-16A,10.0,377.1496,-0.9007035092192957,0.3563056520130168
5-16A,10.0,383.1188,0.08686797691693096,0.11913288598933222
5-16A,10.0,388.9416,0.21443601617859817,0.5319601601802938
5-16A,10.0,388.9442,-0.3445445741246503,0.3925265134669866
5-16A,10.0,401.0756,-1.150598122639297,0.013259748198833248
5-16A,10.0,407.2795,-0.6928356878577638,0.34709873263294244
5-16A,10.0,421.0743,0.06544780286589978,0.6327619233714582
5-16A,10.0,426.0222,-0.32239882622914917,0.42336803778270116
5-16A,10.0,442.9997,-0.16631518009172847,0.09970052149822026
5-16A,10.0,466.9657,-1.3951689226525255,0.2899371456809204
5-16A,10.0,490.9787,-0.7904057699906184,0.5688478600845934
5-16A,10.0,503.1614,0.021178851654380944,0.2074551023179813
5-16A,10.0,547.0731,1.6366221622935508,0.2196581747303222
5-16A,10.0,565.0471,0.5667121199292511,0.22373257279523442
5-16A,10.0,578.8872,-1.2448429103642011,0.039300270731851855
5-16A,10.0,579.0269,-0.9631950130991869,0.006445325802074815
5-16A,10.0,612.2549,1.0439840051349716,0.5856986272493115
5-16A,10.0,624.2949,1.6953817127671311,0.3727114391720846
5-16A,10.0,659.307,-0.8283803648603847,0.1813128620227707
5-16A,10.0,664.0939,0.1963043660211194,0.2979470320791294
5-16A,10.0,665.2144,0.7766225130144306,0.32250060626784843
5-16A,10.0,668.1374,1.0727863703576754,0.026375521357688628
5-16A,10.0,787.255,-0.5041766417298639,0.30189758271721673
5-16A,10.0,790.2568,-0.8598750558344133,0.21306607955993956
5-16A,10.0,835.0407,1.5865014282286127,0.3206786767756333
5-16A,10.0,863.2971,1.3535993679748954,0.12636278367325737
5-16A,10.0,864.1473,0.4524037994407972,0.4423241994619683
5-16A,10.0,974.2935,0.5305559486127212,0.39914779600261024
5-16A,10.0,976.7162,-1.4658717802605516,0.04714188627699601
5-16B,1.0,57.0342,2.177665413021944,0.2614238822516515
5-16B,1.0,58.0295,-0.9681400731141347,0.1661317545097409
5-16B,1.0,59.0135,1.8399689115160545,0.2052490880874714
5-16B,1.0,71.0137,1.6878187793648023,0.05831808135771356
5-16B,1.0,73.0293,-0.9331635730261748,0.013605784624927703
5-16B,1.0,74.0247,-1.0800178054898049,0.2306731594883146
5-16B,1.0,75.0087,-0.20695647541654438,0.37698709993422364
5-16B,1.0,87.0088,-0.6756549913707565,0.018213118870120837
5-16B,1.0,87.0451,1.0054508191248648,0.25922885409077673
5-16B,1.0,88.0403,-0.9409524315684061,0.004397185855164436
5-16B,1.0,88.9883,-1.0869745246059725,0.1885162397662708
5-16B,1.0,89.0244,-0.16835967656870857,0.08779236059891074
5-16B,1.0,93.0338,-0.0868842386088097,0.00667633445842211
5-16B,1.0,94.9761,-0.8740727035518838,0.5589504785794458
5-16B,1.0,94.9806,1.1589019346141627,0.4721580244374943
5-16B,1.0,95.0139,1.9031831993568207,0.1811814148678498
5-16B,1.0,101.0242,2.1792437660029442,0.4546929094224666
5-16B,1.0,102.056,-0.5293776098908292,0.07833779994826649
5-16B,1.0,103.0402,-0.983800183434909,0.01654669449472127
5-16B,1.0,103.0509,-0.9465841986639028,0.07574186720213136
5-16B,1.0,104.0352,-0.2510559017545497,0.1931266904963226
5-16B,1.0,105.0193,-0.5136521393017767,0.5114107991242085
5-16B,1.0,107.0503,0.3599066758057496,1.0913150941082563
5-16B,1.0,109.0295,-0.942620748982626,0.15016839644002314
5-16B,1.0,111.02,-1.187950516771947,0.003696520813228972
5-16B,1.0,112.0516,0.37444314218539787,0.4654607976427482
5-16B,1.0,113.0244,1.7435614480578274,0.09818480686701131
5-16B,1.0,113.0357,-0.9410086419667703,0.022737036290174654
5-16B,1.0,114.056,-0.2438640258162897,0.002570392316977754
5-16B,1.0,115.0037,-0.8427441218383682,0.044066357568895105
5-16B,1.0,115.0402,0.2849020461421396,0.4661143529466423
5-16B,1.0,115.0764,0.9712939500701288,0.5739574797311414
5-16B,1.0,116.0354,-1.18707255633364,0.13810063915779686
5-16B,1.0,116.0717,-0.8011254514756638,0.009556763224466856
5-16B,1.0,117.0194,-0.9435134562150849,0.0024460296530540763
5-16B,1.0,118.0508,-1.4217818599998453,0.10363872229780581
5-16B,1.0,118.9804,1.8261201002073082,0.18206000757550542
5-16B,1.0,119.0503,0.7895779250963191,0.2732435002026945
5-16B,1.0,120.9273,0.8338446106910031,0.3922175327392308
5-16B,1.0,121.0295,1.3268664338327336,0.33990429553451146
5-16B,1.0,121.0409,0.6310136066815933,0.6064975048942707
5-16B,1.0,122.0248,-0.6565564025483356,0.2615524658529131
5-16B,1.0,124.0075,0.0743696504854961,0.11423774835110373
5-16B,1.0,124.0144,0.48772949998091975,0.2393485188030613
5-16B,1.0,125.0439,-0.5229556570628453,0.25697557594507264
5-16B,1.0,127.0764,1.8393280998292942,0.33531038053235535
5-16B,1.0,128.0354,-0.3373613357020202,0.0137694818062355
5-16B,1.0,129.0193,-1.014709189159313,0.05670899136082958
5-16B,1.0,129.0556,1.2478427878020835,0.42910261637665603
5-16B,1.0,130.0142,-0.6330087072855975,0.13250526075204386
5-16B,1.0,130.0509,-1.0767612954495758,0.006770676337062185
5-16B,1.0,130.0874,-0.9846705452882214,0.04786444837718371
5-16B,1.0,131.0008,-0.8512460618140412,0.1092438384160567
5-16B,1.0,131.0123,-0.6320188766892985,0.060281632184362326
5-16B,1.0,131.035,0.9635457695719928,0.33696987551168095
5-16B,1.0,131.0462,0.8030299197592162,0.4518100515194414
5-16B,1.0,131.0828,-0.09559802667578376,0.10238021392581452
5-16B,1.0,132.0302,-1.232075920436655,0.007063510546534835
5-16B,1.0,133.0142,-0.5155552296484294,0.037313722054728715
5-16B,1.0,133.0257,-0.6717014446794465,0.053887279047136465
5-16B,1.0,133.0505,-1.2821332604700992,0.005308610914153424
5-16B,1.0,134.0472,-1.1570891713943892,0.11499133657141154
5-16B,1.0,134.0604,-1.5048923353705965,0.3256036818463566
5-16B,1.0,135.0302,-0.8029920373919994,0.07847796273246305
5-16B,1.0,135.0453,-1.8467481011522262,0.06331254268704045
5-16B,1.0,136.0404,-0.41525461768523964,0.07395263252207426
5-16B,1.0,136.0487,-1.6995596952928822,0.13744613287604604
5-16B,1.0,136.0767,1.0018907170905451,0.49272531935072245
5-16B,1.0,137.0239,-0.20174576771438324,0.21227589511789213
5-16B,1.0,138.9789,0.3885340715141242,0.31090654338348594
5-16B,1.0,139.0014,-0.3483576909875422,0.0633695401702091
5-16B,1.0,139.0067,-0.6476567587788793,0.04122143216196563
5-16B,1.0,139.976,-0.013044037013055898,0.6474956668213386
5-16B,1.0,143.0713,1.7019718588818353,0.23583659744741653
5-16B,1.0,143.1077,0.8864938745439646,0.4628610781263756
5-16B,1.0,145.0141,-0.1593441993360854,0.12779283682155665
5-16B,1.0,145.0506,-0.46963266398776504,0.13115878905878603
5-16B,1.0,145.0623,-0.5018805645216978,0.2949378027164869
5-16B,1.0,145.0982,0.01325750096180759,0.26498319973312406
5-16B,1.0,145.1106,-0.2627432170979621,0.2938607568451616
5-16B,1.0,146.0459,-0.48928899938601006,0.0038363872431178957
5-16B,1.0,147.0298,-0.9364770288888664,0.004489568866877775
5-16B,1.0,147.0662,-1.367657612767081,0.012415690171948083
5-16B,1.0,149.0092,1.3620668195112646,0.5025747097781383
5-16B,1.0,149.0456,0.6926543686182451,0.22418022445324426
5-16B,1.0,149.0608,0.9796891638170052,0.29960832261851267
5-16B,1.0,150.0422,-0.6190331496842716,0.20739132668457924
5-16B,1.0,150.9707,-0.23647927615450712,0.8446806212549999
5-16B,1.0,151.0259,-0.674792785275429,0.10216894710720446
5-16B,1.0,151.04,-0.08374205920879083,0.7239352322725915
5-16B,1.0,151.06,-0.6824524466791029,0.5565976004123391
5-16B,1.0,152.0353,-0.1736464425940457,0.3985520607213721
5-16B,1.0,152.0716,2.2472229346448094,0.19609129176877976
5-16B,1.0,153.0192,0.18028741996538844,0.014768243126031816
5-16B,1.0,154.062,0.011638259259890218,0.2685191382550525
5-16B,1.0,154.9751,-0.9828631796752867,0.013680881286511196
5-16B,1.0,155.0099,-1.1505133224725625,0.004791885942057091
5-16B,1.0,157.0128,-0.9171787759798322,0.061867449717729804
5-16B,1.0,157.0255,-1.321649088046335,0.0026836911462468456
5-16B,1.0,157.0379,-1.3312588123227287,0.043450715083749376
5-16B,1.0,157.0504,-1.0713700279485812,0.05856142928581964
5-16B,1.0,159.0297,1.809787263312063,0.35954920477538554
5-16B,1.0,159.0775,-1.2001997392983217,0.011449254742318275
5-16B,1.0,160.0616,-1.1161713785374614,0.32999226280412514
5-16B,1.0,161.0453,0.7751463930101928,0.16543084311970546
5-16B,1.0,162.0424,-1.519518407957047,0.08310741888292554
5-16B,1.0,163.0351,-1.1688372629473358,0.14235522813971108
5-16B,1.0,163.0398,0.13752424504351002,0.11775203949242838
5-16B,1.0,163.0611,-0.033630978061804775,0.31218025561288393
5-16B,1.0,164.0716,-0.4617142605524759,0.03504824696102447
5-16B,1.0,165.03,0.9831492063539629,0.6956882061414974
5-16B,1.0,165.0405,0.784755595771083,0.6685228175253612
5-16B,1.0,165.0556,-0.6991450825025034,0.09778573214522499
5-16B,1.0,166.0508,-1.1882436289040714,0.058889242867224856
5-16B,1.0,166.0632,0.5444588433784432,0.09987090202265667
5-16B,1.0,166.9759,-0.7163643447294779,0.27101739218794085
5-16B,1.0,167.0207,0.45997188401450606,1.1040453562470103
5-16B,1.0,167.0358,1.3918930122876776,0.8459942440236683
5-16B,1.0,167.0828,0.021409074154184193,0.7180031352044542
5-16B,1.0,168.0277,-0.44781259993678735,0.04933935262699705
5-16B,1.0,168.0664,0.947056223132785,1.061571893161493
5-16B,1.0,170.0455,-0.8502608682613619,0.012200288616706948
5-16B,1.0,171.0065,-1.0008139217685197,0.21469128891802522
5-16B,1.0,171.0092,-0.849478599948482,0.2131399941666006
5-16B,1.0,171.0284,-0.8859239010706096,0.03579157773228089
5-16B,1.0,172.0616,-1.487382099221743,0.10772691938850333
5-16B,1.0,172.962,-0.42098230092522315,0.07906519032834754
5-16B,1.0,173.0089,-0.8321408523717595,0.06721252814157172
5-16B,1.0,173.0453,-0.4693609965504659,0.1705086437345813
5-16B,1.0,173.0932,-0.8610615948141723,0.0712702790498329
5-16B,1.0,173.1041,-0.39812981460850716,0.1288605398974851
5-16B,1.0,174.0407,-0.999609801429763,0.0025275800030960076
5-16B,1.0,174.088,-0.6638235877357042,0.09404128814774167
5-16B,1.0,175.022,-0.6487616498369169,0.24880904924288244
5-16B,1.0,175.0361,-1.2266956138539178,0.010381099185701306
5-16B,1.0,175.0611,-1.209019043874155,0.005005314671540972
5-16B,1.0,176.0776,-1.256588137451737,0.07721759518024325
5-16B,1.0,177.0402,1.9968466589282288,0.8440045650410527
5-16B,1.0,177.0553,1.096326953344736,0.7184217967528387
5-16B,1.0,178.0509,-1.0396814282172504,0.028666290790812385
5-16B,1.0,179.0348,-1.0825082233034122,0.27496467257422724
5-16B,1.0,179.0561,1.116604836076532,0.21015628593534794
5-16B,1.0,180.0663,1.03579822281925,0.2928856230574961
5-16B,1.0,181.0505,-0.7295332532592118,0.5478700334439897
5-16B,1.0,182.9725,2.03099549902342,0.36283616208851666
5-16B,1.0,183.0661,0.9649343838109662,1.0125535614251733
5-16B,1.0,184.0017,-0.41015849938331184,0.025764245616425988
5-16B,1.0,184.9856,-0.1573968494857816,0.14918248725505737
5-16B,1.0,186.1136,1.0091423308979772,1.0124150179814175
5-16B,1.0,187.0234,-0.3822676405805828,0.5638124102717623
5-16B,1.0,188.035,-0.35860379063246983,0.7065678412527405
5-16B,1.0,188.0565,-1.1105888414496465,0.0075712391658193995
5-16B,1.0,189.0405,1.8379285024608925,0.2145019883775697
5-16B,1.0,191.0197,-0.5258452560881134,0.168878487063096
5-16B,1.0,191.0561,-1.044768152828576,0.022208962153786982
5-16B,1.0,192.0663,-0.3173915019789849,0.16346326815414047
5-16B,1.0,193.0349,-0.22726569311528,0.20961990962442062
5-16B,1.0,194.0682,-1.0611616794568506,0.057052097057947435
5-16B,1.0,194.0822,1.4275089664156848,1.0087885343249
5-16B,1.0,195.0509,-0.1536123038999146,0.16583726766737375
5-16B,1.0,195.0657,-0.6997257793314395,0.8412434420951788
5-16B,1.0,196.0603,-1.1781394530228892,0.09406064743039567
5-16B,1.0,198.0182,-0.8097708533020083,0.5291286251085936
5-16B,1.0,199.0019,-0.4323835290051494,0.24145711361588454
5-16B,1.0,200.9937,0.9200467649651236,0.5939946895062534
5-16B,1.0,201.0051,-0.23675739485662628,0.4514424831071114
5-16B,1.0,203.0348,0.4134024058575705,0.16147965822225316
5-16B,1.0,203.0826,-0.084291592861759,0.012063991409937172
5-16B,1.0,204.0498,0.5987946621108768,1.0021690066916233
5-16B,1.0,205.0351,-0.8825149353342077,0.2180736949858285
5-16B,1.0,206.0822,-0.3086213789676837,0.45965234537975347
5-16B,1.0,209.0292,-0.5457837086795683,0.5909866273476573
5-16B,1.0,209.0814,0.5029429206466214,0.29480063067673357
5-16B,1.0,211.0235,-0.4884082585447101,0.6854683966743577
5-16B,1.0,211.9968,-1.049246558719811,0.03546126373634727
5-16B,1.0,212.0331,-0.2691711694054224,0.2873868002926685
5-16B,1.0,212.9807,-0.5577362022729784,0.06313290627932697
5-16B,1.0,213.014,-0.6775874636118063,0.34081419758937564
5-16B,1.0,213.0384,-0.5435960171814992,0.027364312662685734
5-16B,1.0,213.1252,0.2948776739782297,0.7474661641702975
5-16B,1.0,214.0488,-0.40968187505351245,0.5471783764087685
5-16B,1.0,215.0331,1.5155431019716703,0.25227482397172046
5-16B,1.0,216.1351,1.1425000781675319,0.18728473217080097
5-16B,1.0,218.0335,1.8684616421788602,0.24827643398675564
5-16B,1.0,218.1034,-1.2229279900313532,0.021504820268341454
5-16B,1.0,220.0828,0.571017902450992,0.8432205712109186
5-16B,1.0,221.0443,1.7003688170327311,0.0830880815163012
5-16B,1.0,221.0664,1.3077020420858243,0.43317917695294295
5-16B,1.0,225.0399,0.018527527405508115,1.2707420822461315
5-16B,1.0,225.0861,0.5437567326010436,1.1513825690471577
5-16B,1.0,225.0901,0.7023376996101455,1.4225190671777144
5-16B,1.0,226.0135,-0.5875259225450655,0.24828085199674532
5-16B,1.0,226.0697,1.0298218158703218,0.4277567324481521
5-16B,1.0,228.0501,-0.4433630527268292,0.2895456775373474
5-16B,1.0,229.0122,-0.8355646441970821,0.2786001450571887
5-16B,1.0,237.0614,-1.3694342888168347,0.203365447359164
5-16B,1.0,238.0945,1.0832742760814014,0.6201191908977689
5-16B,1.0,240.0515,-1.393806565581125,0.011841479351691296
5-16B,1.0,241.0844,-1.4734554985493777,0.8982717445703512
5-16B,1.0,242.0804,-0.03737740616771018,0.8964563913471187
5-16B,1.0,243.029,0.08140687864458655,0.14825688585134153
5-16B,1.0,243.0625,-1.3763500341408026,0.21598741394349588
5-16B,1.0,245.0444,-0.8546222542576976,0.33289087539319445
5-16B,1.0,246.0198,-0.44003478056044754,0.2517827087670981
5-16B,1.0,246.064,2.1037582934783012,0.217472443569012
5-16B,1.0,251.0816,0.06834181015655075,0.6336318326203597
5-16B,1.0,253.0119,-0.3380794656108578,0.004702399500626827
5-16B,1.0,253.0499,0.9575971096352824,0.8184800555744914
5-16B,1.0,257.0072,-0.7523300218115085,0.6102690345434115
5-16B,1.0,257.1028,1.3069811711605224,0.5939127860556129
5-16B,1.0,259.005,0.19582249769201737,0.49080872740148157
5-16B,1.0,259.0227,1.3660777703716018,0.24709628728430677
5-16B,1.0,261.0385,-0.7209712151792556,0.17963295589829223
5-16B,1.0,266.0703,-0.654570979680757,0.1932952575128657
5-16B,1.0,267.0724,-0.7169570663584737,0.018574676975782047
5-16B,1.0,268.02,0.2655627989066543,0.23140522880740771
5-16B,1.0,269.0398,-0.6545745028153311,0.26276228326959233
5-16B,1.0,271.0612,0.25885131798792155,0.3760772660437868
5-16B,1.0,271.0815,1.9723270210090518,0.6084513777202928
5-16B,1.0,273.0021,-0.7754691242159519,0.1269483820499213
5-16B,1.0,274.0933,-1.3039002709364211,0.1290741892640633
5-16B,1.0,275.0184,-0.25898051279545703,0.3749438423148509
5-16B,1.0,275.0991,-0.735214186514991,0.21595110177962587
5-16B,1.0,277.1207,1.6073121275361626,0.16981065622529404
5-16B,1.0,277.2169,0.8714121934895607,0.1749721004172783
5-16B,1.0,279.2331,-0.0433940908203544,0.037658428607351656
5-16B,1.0,282.0839,-0.01821036136093503,0.4631819033031442
5-16B,1.0,283.2063,0.01788496574898968,0.18547264791557233
5-16B,1.0,285.0972,1.2502328409425927,0.5924971980859589
5-16B,1.0,287.0157,0.8687341810251941,0.3449454867047815
5-16B,1.0,288.0725,-0.6910256846918541,0.11528329105914116
5-16B,1.0,289.0333,0.8218154906647992,0.24446688385622165
5-16B,1.0,289.1044,-1.1570526470277989,0.21123683433998222
5-16B,1.0,290.9677,-0.4312391963538788,0.08005819641720982
5-16B,1.0,294.0479,0.24857720571722286,0.32473009067167746
5-16B,1.0,300.0509,-0.14045156727150732,1.237315241434263
5-16B,1.0,301.0333,1.2612602164241444,1.3054312603291105
5-16B,1.0,303.2326,0.07451294813736042,0.735024546640357
5-16B,1.0,305.0207,1.4272963119306992,0.23595426393433006
5-16B,1.0,306.0481,-1.1692636793748745,0.06771151460984645
5-16B,1.0,306.0765,-0.3124789190581818,0.013601048024279024
5-16B,1.0,308.0986,-0.26000708265483846,0.04479322254323494
5-16B,1.0,313.0441,-0.7255242601902596,0.2242191863359272
5-16B,1.0,313.1037,-0.06884416219648884,0.27608789562706576
5-16B,1.0,317.026,0.3186585776170723,1.3060077327725972
5-16B,1.0,323.0256,0.28005485280794834,0.8188946332558742
5-16B,1.0,325.1163,-0.25228430341910973,0.3140440005123601
5-16B,1.0,328.0457,-1.1204336631398728,0.04182568098056096
5-16B,1.0,333.0589,-1.1459932702364142,0.17007351218542677
5-16B,1.0,338.9884,-0.5577070328873718,0.22240798168304504
5-16B,1.0,339.0928,0.05912309634514555,0.9195770647580197
5-16B,1.0,341.1089,0.2577258115372419,0.20619311293755171
5-16B,1.0,344.0393,-0.6167306360782125,0.39683603226509334
5-16B,1.0,346.0556,-0.5038772120878567,0.1673227055094566
5-16B,1.0,348.087,-0.9242946559822209,0.14428055312889113
5-16B,1.0,353.0489,-0.13197995916691418,0.16466458275979515
5-16B,1.0,357.089,-0.5464400931594513,0.19017462889543238
5-16B,1.0,375.131,0.18350829727491005,0.46031375938893726
5-16B,1.0,377.1496,0.44867915107000944,0.7434714097078421
5-16B,1.0,383.1188,1.1301944723173878,0.2204152996103499
5-16B,1.0,388.9416,0.10249063761319462,0.3628869961899586
5-16B,1.0,388.9442,-0.2325991955592467,0.3637324663936737
5-16B,1.0,401.0756,1.8320879208191538,0.05271576181732324
5-16B,1.0,407.2795,0.44258067722270855,0.1854566601993523
5-16B,1.0,421.0743,0.7473988609914813,0.8603416968071612
5-16B,1.0,426.0222,-0.5536847366744091,0.4740985894904296
5-16B,1.0,442.9997,0.369543687527094,0.45860321636960505
5-16B,1.0,466.9657,1.2009482309253006,0.2069281191594854
5-16B,1.0,490.9787,0.897473233683944,0.6299509588452386
5-16B,1.0,503.1614,1.0953515757941996,0.46908201980248077
5-16B,1.0,547.0731,-1.2871920582295107,0.04144694173793748
5-16B,1.0,565.0471,-0.9747995654071,0.2133837305112048
5-16B,1.0,578.8872,1.6664568615627657,0.21020886240533235
5-16B,1.0,579.0269,2.0341127481805605,0.15948160917584014
5-16B,1.0,612.2549,-0.5323204639253337,0.30877419772329834
5-16B,1.0,624.2949,-0.8718346513524199,0.19251159418415692
5-16B,1.0,659.307,0.1406462493886701,0.23954324326527013
5-16B,1.0,664.0939,-0.4033736459919828,0.21830413498095425
5-16B,1.0,665.2144,0.3112545725620484,0.0966872537950585
5-16B,1.0,668.1374,-0.6164015607989455,0.00022148704891445097
5-16B,1.0,787.255,-0.13525485763125986,0.6222803246804124
5-16B,1.0,790.2568,0.594569197800785,0.2980820511316185
5-16B,1.0,835.0407,-0.560911853959724,0.1266609700814064
5-16B,1.0,863.2971,-0.48044225280960073,0.16167881417784713
5-16B,1.0,864.1473,-0.0730417276470511,0.47449290212491974
5-16B,1.0,974.2935,-0.16134778615537052,0.21189897043144298
5-16B,1.0,976.7162,1.176455726790958,0.17891731079637446
5-16B,2.0,57.0342,0.5504619111712583,0.39952032167754026
5-16B,2.0,58.0295,-0.939623198452835,0.15309909751251602
5-16B,2.0,59.0135,0.8147411344746955,0.46656611443169693
5-16B,2.0,71.0137,0.9618207394588834,0.43255486010488947
5-16B,2.0,73.0293,-0.9229315484108642,0.014984919013756811
5-16B,2.0,74.0247,-0.7065228829771044,0.2548060215826073
5-16B,2.0,75.0087,0.24209796629272498,0.42925326796316565
5-16B,2.0,87.0088,-0.6698106492054559,0.015835468698071387
5-16B,2.0,87.0451,0.7584181218213661,0.48949134716663795
5-16B,2.0,88.0403,-0.8746452561638576,0.03529658766404474
5-16B,2.0,88.9883,-0.5084108858283946,1.112899084358235
5-16B,2.0,89.0244,-0.5385086973224463,0.16941522831509126
5-16B,2.0,93.0338,-0.054892619514964276,0.016453801853877265
5-16B,2.0,94.9761,-0.5876834273081474,0.29989399532086464
5-16B,2.0,94.9806,0.8617949190585668,0.35505688168369376
5-16B,2.0,95.0139,1.047605384187497,0.3269065398777125
5-16B,2.0,101.0242,0.9881548230517355,0.4091753556286909
5-16B,2.0,102.056,-0.53594497079679,0.07708872524693969
5-16B,2.0,103.0402,-0.8565021592114774,0.043520131855313386
5-16B,2.0,103.0509,-0.822378234130951,0.16746284295210734
5-16B,2.0,104.0352,-0.43782675165604307,0.1678904453390233
5-16B,2.0,105.0193,-0.017918073130358373,0.12987489173223268
5-16B,2.0,107.0503,0.6569144998546393,0.5994022932014622
5-16B,2.0,109.0295,-0.7369969202585291,0.1726603392775992
5-16B,2.0,111.02,-0.6578858809024581,0.06415672019696123
5-16B,2.0,112.0516,0.31249751069206905,0.7884510778614453
5-16B,2.0,113.0244,0.894729707172278,0.2829029127518562
5-16B,2.0,113.0357,-0.4809621022888497,0.1491548328766867
5-16B,2.0,114.056,-0.16421681236119878,0.0422143984369669
5-16B,2.0,115.0037,-0.7595737404306313,0.03482346643318613
5-16B,2.0,115.0402,-0.42142998936388026,0.650537820692329
5-16B,2.0,115.0764,1.228201162661925,0.5723251179138613
5-16B,2.0,116.0354,-0.485536001670287,0.3487167657293797
5-16B,2.0,116.0717,-0.8039448316383722,0.018996073323367446
5-16B,2.0,117.0194,-0.9106157255715048,0.0017075186610962345
5-16B,2.0,118.0508,-1.2011213968116188,0.11021429152576095
5-16B,2.0,118.9804,0.948813691137491,0.3041652500264838
5-16B,2.0,119.0503,-0.05966654536140026,0.47583208780376823
5-16B,2.0,120.9273,-0.5357674615452763,0.09047699707165925
5-16B,2.0,121.0295,1.1184966270422199,0.7327374423829399
5-16B,2.0,121.0409,1.3904995089284569,0.8158361488891269
5-16B,2.0,122.0248,-0.325219420642585,0.4932886723852194
5-16B,2.0,124.0075,0.16548537628459736,0.29981802354915615
5-16B,2.0,124.0144,-0.16567484996778065,0.289195208916625
5-16B,2.0,125.0439,-0.4020098068976035,0.2853760624230696
5-16B,2.0,127.0764,1.4524031236733275,0.7450415627178625
5-16B,2.0,128.0354,-0.3566936863264202,0.018460471297850962
5-16B,2.0,129.0193,-0.6137761728844843,0.12522677662235324
5-16B,2.0,129.0556,1.0886922211362307,0.8318660477194847
5-16B,2.0,130.0142,-0.7817080199964779,0.12032651761514372
5-16B,2.0,130.0509,-0.952897792771418,0.00807527567623625
5-16B,2.0,130.0874,-0.9498586156383486,0.09521803219322546
5-16B,2.0,131.0008,0.22255943319729327,1.163767123792339
5-16B,2.0,131.0123,-0.6600571300255547,0.1280378195030401
5-16B,2.0,131.035,0.7786058735963244,0.43195158504886455
5-16B,2.0,131.0462,0.6745900550270603,0.2432325377261893
5-16B,2.0,131.0828,-0.427242359193466,0.24465947468764124
5-16B,2.0,132.0302,-0.9160204171373566,0.042708892124731015
5-16B,2.0,133.0142,-0.35974975015472965,0.07708762493424348
5-16B,2.0,133.0257,-0.37874099420195445,0.06956484411722348
5-16B,2.0,133.0505,-0.7138063697910999,0.06476239150490216
5-16B,2.0,134.0472,-0.6730786464667171,0.38098956097467535
5-16B,2.0,134.0604,-0.7513540669098207,0.4947910086072533
5-16B,2.0,135.0302,-0.7202045823065495,0.24042979985882257
5-16B,2.0,135.0453,-1.1042645174681578,0.19987128425703238
5-16B,2.0,136.0404,-0.4078729913206878,0.09570695083485631
5-16B,2.0,136.0487,-1.188376537130277,0.17411562564277439
5-16B,2.0,136.0767,1.1295645331188178,0.9770398816324761
5-16B,2.0,137.0239,-0.11936086591039545,0.21136859595595733
5-16B,2.0,138.9789,0.14408224105629674,0.6004775292726418
5-16B,2.0,139.0014,-0.23813859984641128,0.019278212123765633
5-16B,2.0,139.0067,-0.6868958338430132,0.04726536089806241
5-16B,2.0,139.976,-0.10710839256669966,0.9100762130760683
5-16B,2.0,143.0713,1.4740983035264712,0.4217050304486523
5-16B,2.0,143.1077,1.0228458967115617,0.6827667953643259
5-16B,2.0,145.0141,0.028484351545811817,0.09662109053064101
5-16B,2.0,145.0506,-0.7953579587000534,0.13179868637583295
5-16B,2.0,145.0623,-0.6268263471678535,0.38048119068689207
5-16B,2.0,145.0982,-0.012215577644444087,0.5113471543530035
5-16B,2.0,145.1106,0.46185351902262084,0.5651757035641145
5-16B,2.0,146.0459,-0.3935784306786849,0.01250871723306159
5-16B,2.0,147.0298,-0.8203619666530602,0.009275975271321256
5-16B,2.0,147.0662,-0.6883478912605727,0.05167079334634014
5-16B,2.0,149.0092,1.375241653191019,0.5683761918258674
5-16B,2.0,149.0456,0.6415768677171393,0.3509076461518699
5-16B,2.0,149.0608,1.0687308634927994,0.645702541861568
5-16B,2.0,150.0422,-0.3933679880744693,0.5309171125904075
5-16B,2.0,150.9707,-0.9336727250010121,0.7769302432852833
5-16B,2.0,151.0259,-0.6768919187483269,0.0823188295202268
5-16B,2.0,151.04,1.0155451678798904,0.433382410903622
5-16B,2.0,151.06,0.30178952395864445,0.9445676106493203
5-16B,2.0,152.0353,0.6712070401992812,0.6358054008159452
5-16B,2.0,152.0716,1.0858097495364438,0.8130973084221838
5-16B,2.0,153.0192,0.1165562615578122,0.17328382943708615
5-16B,2.0,154.062,-0.31098645664320035,0.15998924537215564
5-16B,2.0,154.9751,-0.9320230557927145,0.009304691096513664
5-16B,2.0,155.0099,-0.6033810178506329,0.05659326845243022
5-16B,2.0,157.0128,-0.7349843696289521,0.02114542502911092
5-16B,2.0,157.0255,-0.7015355967119463,0.07597892070139901
5-16B,2.0,157.0379,-0.6493879580874073,0.10580312602718919
5-16B,2.0,157.0504,-0.9194744447587478,0.05177805395318912
5-16B,2.0,159.0297,0.8973437791779402,0.32931098122215424
5-16B,2.0,159.0775,-1.0146868733055916,0.05140334328808794
5-16B,2.0,160.0616,-0.8449982855722715,0.48223156119209815
5-16B,2.0,161.0453,0.3065786684199827,0.4471561476142738
5-16B,2.0,162.0424,-0.7827899074291406,0.10541219840325887
5-16B,2.0,163.0351,-0.7285208804420462,0.11037144177362479
5-16B,2.0,163.0398,0.4988882276633698,0.17112916716360105
5-16B,2.0,163.0611,0.3551184553929642,0.9434436555447562
5-16B,2.0,164.0716,-0.4742264566037212,0.07378983035798264
5-16B,2.0,165.03,1.0907791630259227,0.528453236562442
5-16B,2.0,165.0405,1.0519449672075523,0.24160814115495494
5-16B,2.0,165.0556,-0.5831817053859805,0.1473769321910287
5-16B,2.0,166.0508,-0.8801309228464651,0.1046090619768125
5-16B,2.0,166.0632,-0.11437724506343884,0.7302915343830235
5-16B,2.0,166.9759,-0.4885941734028275,0.20200563517958328
5-16B,2.0,167.0207,-0.12028109342904839,0.2610573809539984
5-16B,2.0,167.0358,1.4053586918335252,0.7692494676587506
5-16B,2.0,167.0828,0.6318100027819884,0.573733939830566
5-16B,2.0,168.0277,-0.34294595455583876,0.04701683909808893
5-16B,2.0,168.0664,0.9430030112046928,0.6713402818633287
5-16B,2.0,170.0455,-0.8152418486599992,0.004625374465972977
5-16B,2.0,171.0065,-0.758178297404762,0.07210477653720354
5-16B,2.0,171.0092,-0.7911021400996847,0.15142472546585029
5-16B,2.0,171.0284,-0.8346945693212796,0.07636182377737184
5-16B,2.0,172.0616,-0.743480991314797,0.12263371853539029
5-16B,2.0,172.962,-0.5564696594441538,0.07250756435784039
5-16B,2.0,173.0089,-0.8518077314537876,0.15369135896356975
5-16B,2.0,173.0453,-0.47774221987019244,0.21110075474274348
5-16B,2.0,173.0932,-0.8530408496954943,0.04541840768477911
5-16B,2.0,173.1041,-0.033345499276119045,0.7029188263285562
5-16B,2.0,174.0407,-0.883728487196819,0.006775609037404557
5-16B,2.0,174.088,-0.6992480047274596,0.1064931586507556
5-16B,2.0,175.022,-0.5756362758172225,0.15999022826481105
5-16B,2.0,175.0361,-0.9093242448366702,0.02891234455212052
5-16B,2.0,175.0611,-0.8979257660539357,0.03027815624453794
5-16B,2.0,176.0776,-0.9658472028603086,0.35567322878529517
5-16B,2.0,177.0402,1.2048122509419195,0.3214963139694566
5-16B,2.0,177.0553,0.25056546799902996,0.7073301590715795
5-16B,2.0,178.0509,-0.8583250415557566,0.04620088658176473
5-16B,2.0,179.0348,-0.48775860743264066,0.17268450289933537
5-16B,2.0,179.0561,0.8588579378856124,0.28998929016044217
5-16B,2.0,180.0663,0.7991150512452085,0.2816081977101491
5-16B,2.0,181.0505,-0.3839989058895681,0.3012443607861322
5-16B,2.0,182.9725,1.5507373641263607,0.33702171380240353
5-16B,2.0,183.0661,1.3944900986741176,0.3505339898716809
5-16B,2.0,184.0017,-0.4143517562127728,0.10872575442271748
5-16B,2.0,184.9856,-0.42743053678091664,0.17150445300093584
5-16B,2.0,186.1136,1.5237984789679775,0.8768930009024792
5-16B,2.0,187.0234,-0.4101978847459824,0.3491639498957955
5-16B,2.0,188.035,-0.016098968136069938,0.29855559978071033
5-16B,2.0,188.0565,-0.8779864028400477,0.01876681787147759
5-16B,2.0,189.0405,1.5400281213399465,0.24866984926173244
5-16B,2.0,191.0197,-0.919565739492108,0.16987019925143912
5-16B,2.0,191.0561,-0.9930132459360567,0.04161295855399195
5-16B,2.0,192.0663,0.0951343372796424,0.44095030772347943
5-16B,2.0,193.0349,0.1945291035668077,0.870173102916741
5-16B,2.0,194.0682,-0.6711379339414163,0.111113146717362
5-16B,2.0,194.0822,1.1097308421273326,0.5453302731640355
5-16B,2.0,195.0509,0.07397241887243289,0.36641836559387614
5-16B,2.0,195.0657,0.6286542516944127,0.49607072137580055
5-16B,2.0,196.0603,-0.7719863295442926,0.16183341480125218
5-16B,2.0,198.0182,-0.6421455236480957,0.31366520328217234
5-16B,2.0,199.0019,-0.5055382264670325,0.44257847873476736
5-16B,2.0,200.9937,0.790137964950499,0.6376984222480336
5-16B,2.0,201.0051,-0.6685724833022966,0.49080993618559127
5-16B,2.0,203.0348,-0.015915754532513968,0.28758892706635075
5-16B,2.0,203.0826,-0.08151578381685218,0.012059337191576815
5-16B,2.0,204.0498,0.07765248841158576,0.2582258269053101
5-16B,2.0,205.0351,-0.5151701844276568,0.07730596560270726
5-16B,2.0,206.0822,-0.4787210868166477,0.17012788247349117
5-16B,2.0,209.0292,-0.11082328970923461,0.5543738282876911
5-16B,2.0,209.0814,0.5351292859491695,0.34651009075139694
5-16B,2.0,211.0235,-0.37642277050030093,0.31053974716197436
5-16B,2.0,211.9968,-0.9367349807396234,0.06520285152273077
5-16B,2.0,212.0331,-0.3824816832502643,0.16550102983523513
5-16B,2.0,212.9807,-0.46260545441541245,0.13229399725876873
5-16B,2.0,213.014,-0.40794332634771824,0.1814440797255578
5-16B,2.0,213.0384,-0.39093406051516266,0.136734937316683
5-16B,2.0,213.1252,1.4145814128318723,0.8428947212746003
5-16B,2.0,214.0488,-0.3913303587705319,0.5803160301468403
5-16B,2.0,215.0331,1.0174263053545363,0.33097652718563775
5-16B,2.0,216.1351,0.5387819930560394,0.15103189811270945
5-16B,2.0,218.0335,1.0953562585531513,0.3218751255688173
5-16B,2.0,218.1034,-0.7602304910038544,0.031559189222676726
5-16B,2.0,220.0828,0.20484910298830317,0.38546665306054606
5-16B,2.0,221.0443,1.0646219032436324,0.2466592513893883
5-16B,2.0,221.0664,-0.22587716566837873,0.5039278875848243
5-16B,2.0,225.0399,0.5886697361044739,1.2027436309660955
5-16B,2.0,225.0861,0.4785674431265325,0.45381969688125073
5-16B,2.0,225.0901,0.6228483505101856,0.3745183959092533
5-16B,2.0,226.0135,-0.41601287157677513,0.27385273767739304
5-16B,2.0,226.0697,0.604038515016717,0.4073267601777526
5-16B,2.0,228.0501,-0.7551518976588221,0.20694635860759925
5-16B,2.0,229.0122,-0.6396167783194984,0.1570606416455406
5-16B,2.0,237.0614,-0.9399994363495426,0.19008334515439163
5-16B,2.0,238.0945,0.7189267398607897,0.2770811605121859
5-16B,2.0,240.0515,-0.7761122191075827,0.06849767758534885
5-16B,2.0,241.0844,-0.40062738823783606,0.4428005959171227
5-16B,2.0,242.0804,0.192143256563345,0.6583499578450951
5-16B,2.0,243.029,-0.22229389052859577,0.38301610718762497
5-16B,2.0,243.0625,-0.5627192609387945,0.4147257093101598
5-16B,2.0,245.0444,-0.5555196347347056,0.3140375560072183
5-16B,2.0,246.0198,0.061817959283502616,0.6886380052237893
5-16B,2.0,246.064,1.1002008268855679,0.6131670480373772
5-16B,2.0,251.0816,0.11566471421391611,0.9545838935970867
5-16B,2.0,253.0119,-0.3106805734282227,0.020975751709541808
5-16B,2.0,253.0499,-0.09692154841764514,0.831838320954292
5-16B,2.0,257.0072,-0.8166612838963436,0.5294921961913334
5-16B,2.0,257.1028,0.9094130891183776,0.5740134740713766
5-16B,2.0,259.005,0.38380145221670203,0.29441739078627893
5-16B,2.0,259.0227,0.48065790654821144,0.3287840983964412
5-16B,2.0,261.0385,0.19378786386264724,0.3795057173534663
5-16B,2.0,266.0703,-0.7337646061568769,0.23661872925954372
5-16B,2.0,267.0724,-0.7029454608339152,0.01737685064846735
5-16B,2.0,268.02,0.011934070770389967,0.43441805634335634
5-16B,2.0,269.0398,-0.69074559954244,0.196868065493854
5-16B,2.0,271.0612,0.40798841100809236,0.32931397337163526
5-16B,2.0,271.0815,1.4492293153730365,0.7958383512842979
5-16B,2.0,273.0021,-0.7978359357218352,0.11335200751608675
5-16B,2.0,274.0933,-0.6020057094082785,0.23181316845904362
5-16B,2.0,275.0184,-0.3480431459034341,0.6546345556343973
5-16B,2.0,275.0991,-0.3653064274375357,0.33432661675017955
5-16B,2.0,277.1207,0.10946349507681245,0.15403320448359503
5-16B,2.0,277.2169,0.11083853081501424,0.4746241995546688
5-16B,2.0,279.2331,-0.3395228769884538,0.020405277249300344
5-16B,2.0,282.0839,0.19731646402546263,0.9529523960939345
5-16B,2.0,283.2063,-0.21054642953225355,0.1354018194684955
5-16B,2.0,285.0972,0.45243697569929864,0.8092836384387911
5-16B,2.0,287.0157,2.4050548814199955,0.7915285736921668
5-16B,2.0,288.0725,-0.5065594966565781,0.05098131649807087
5-16B,2.0,289.0333,-0.11247784848304763,0.39374400905672946
5-16B,2.0,289.1044,-0.373705372513991,0.7107820639900583
5-16B,2.0,290.9677,-0.2922153390694514,0.1333720667850767
5-16B,2.0,294.0479,-0.07507444299013283,0.850070063929367
5-16B,2.0,300.0509,0.6682475764576438,0.2386101074977806
5-16B,2.0,301.0333,0.8914764551585072,0.8921127952455921
5-16B,2.0,303.2326,0.533941035002299,0.7820681926901062
5-16B,2.0,305.0207,1.6624777194201719,0.4529508028122656
5-16B,2.0,306.0481,-0.9432085646357583,0.05870925840425769
5-16B,2.0,306.0765,-0.2785859358279556,0.036812691618384484
5-16B,2.0,308.0986,-0.29061242260410647,0.06470068109083751
5-16B,2.0,313.0441,-0.7097323890577198,0.17493573810274532
5-16B,2.0,313.1037,-0.7619014791226819,0.38098623910541546
5-16B,2.0,317.026,0.21559793965444835,0.30208070660075653
5-16B,2.0,323.0256,-0.3787076851718957,1.1358047203239443
5-16B,2.0,325.1163,-0.6790251702077592,0.17783020502107874
5-16B,2.0,328.0457,-0.7443700175889552,0.09140390606521441
5-16B,2.0,333.0589,-1.1129209619333595,0.19342559660699085
5-16B,2.0,338.9884,-0.46442532414584237,0.3798060996093397
5-16B,2.0,339.0928,-0.24515441761584164,0.20575293464818262
5-16B,2.0,341.1089,-0.40749469193109755,0.3310422230158302
5-16B,2.0,344.0393,-0.3651261177709304,0.2685066047840761
5-16B,2.0,346.0556,-0.29175183070812327,0.2774392794886227
5-16B,2.0,348.087,-1.1356804439834887,0.22591687992049128
5-16B,2.0,353.0489,-0.22622977970070213,0.2974512162408698
5-16B,2.0,357.089,-0.7951688501892615,0.21870493163352303
5-16B,2.0,375.131,-0.719003847223425,0.4717484740921076
5-16B,2.0,377.1496,-0.17269696578005153,0.4649650014805898
5-16B,2.0,383.1188,-0.1759085389088676,0.12503482709993669
5-16B,2.0,388.9416,-0.5438073479710686,0.2795953124369204
5-16B,2.0,388.9442,-0.7162032309617901,0.2776843837145776
5-16B,2.0,401.0756,1.2092879304743458,0.26240991406826036
5-16B,2.0,407.2795,0.02079604196357282,0.3750163617092341
5-16B,2.0,421.0743,-0.2424691568971744,0.4796045513203605
5-16B,2.0,426.0222,-0.6704726716517186,0.6532618750732008
5-16B,2.0,442.9997,0.2553724726918203,0.4762245619677449
5-16B,2.0,466.9657,1.4837863912357274,0.5770272575612959
5-16B,2.0,490.9787,0.28497774674446263,0.4385232072812454
5-16B,2.0,503.1614,-0.5298977518808632,0.46041346286955187
5-16B,2.0,547.0731,-0.8817936540819438,0.07187888654929198
5-16B,2.0,565.0471,-0.46120517119059357,0.23729775265402542
5-16B,2.0,578.8872,1.143135732061412,0.31070838462255534
5-16B,2.0,579.0269,1.009025208765625,0.4788137829243851
5-16B,2.0,612.2549,-1.1075632048446888,0.6352808738258872
5-16B,2.0,624.2949,-0.8598242823974747,0.3201913620566549
5-16B,2.0,659.307,0.2226442938856682,0.5032318601793513
5-16B,2.0,664.0939,-0.5851855725822198,0.05125831008103491
5-16B,2.0,665.2144,-1.104701833456806,0.45370259920298456
5-16B,2.0,668.1374,-0.6162592939846894,0.00032485262529053716
5-16B,2.0,787.255,0.45564528808599575,0.40757521512954287
5-16B,2.0,790.2568,0.29618853830724073,0.5742014006891093
5-16B,2.0,835.0407,-0.8285904287853285,0.22935946180961894
5-16B,2.0,863.2971,-0.7050485427506047,0.09621977718927452
5-16B,2.0,864.1473,-0.21997688148476124,0.22099835021270664
5-16B,2.0,974.2935,-0.20674107292942026,0.035896428910774596
5-16B,2.0,976.7162,0.6847071350483005,0.35112551298342964
5-16B,3.0,57.0342,0.35314241400554613,0.38922850036874146
5-16B,3.0,58.0295,-0.45847678129516034,0.11793083728462939
5-16B,3.0,59.0135,0.2835790099599548,0.10917970017474103
5-16B,3.0,71.0137,0.36679769975662346,0.2130538028623476
5-16B,3.0,73.0293,-0.6990191161310331,0.00686532701520993
5-16B,3.0,74.0247,-0.47440456200612435,0.19131318742811046
5-16B,3.0,75.0087,1.0508541801874804,0.6126124552402654
5-16B,3.0,87.0088,-0.6376778782129668,0.014912138623045825
5-16B,3.0,87.0451,0.3069252555478517,0.5604112648255394
5-16B,3.0,88.0403,-0.5881746563070542,0.06385159963722556
5-16B,3.0,88.9883,-0.45145384366894387,0.8346221743400042
5-16B,3.0,89.0244,-0.7249537489522797,0.07958285992297405
5-16B,3.0,93.0338,-0.05209367982318876,0.01751737539991975
5-16B,3.0,94.9761,-0.7884210437038458,0.2622694909993247
5-16B,3.0,94.9806,0.41117603106458095,0.16567445192047847
5-16B,3.0,95.0139,0.5033699590432696,0.13017000911024088
5-16B,3.0,101.0242,0.3125342644880421,0.18311778347795274
5-16B,3.0,102.056,-0.4064220195958955,0.02131138588491583
5-16B,3.0,103.0402,-0.6631644038848168,0.0450368030523913
5-16B,3.0,103.0509,-0.6562062216359121,0.14273958307753074
5-16B,3.0,104.0352,0.6744460832949053,0.06747186901763552
5-16B,3.0,105.0193,0.35954828075045264,0.10158122399558593
5-16B,3.0,107.0503,-0.717867045599187,0.45520227612719133
5-16B,3.0,109.0295,-0.363457786173632,0.0744197320502552
5-16B,3.0,111.02,-0.014657625843825276,0.028623859557755715
5-16B,3.0,112.0516,0.02324065633695402,0.44186516633043
5-16B,3.0,113.0244,0.3576480791664288,0.043289360472748464
5-16B,3.0,113.0357,0.3100849242462008,0.11971870876592856
5-16B,3.0,114.056,-0.190823632855166,0.023626174998429932
5-16B,3.0,115.0037,-0.457240203082666,0.05568868988576415
5-16B,3.0,115.0402,-0.35178619033818215,0.6068872601696823
5-16B,3.0,115.0764,-0.4403714552023185,0.530669155973619
5-16B,3.0,116.0354,0.14242330303907572,0.24831475624014013
5-16B,3.0,116.0717,-0.7451443635007704,0.017959755467534318
5-16B,3.0,117.0194,-0.6879116643131153,0.0044767256758305
5-16B,3.0,118.0508,-0.25634818496987816,0.28499501233600666
5-16B,3.0,118.9804,0.23157039216014885,0.0651863911224715
5-16B,3.0,119.0503,-0.909569855594494,0.3035681867483148
5-16B,3.0,120.9273,0.9102809227601965,0.5901727181274665
5-16B,3.0,121.0295,0.20396517599088218,0.7001127137325897
5-16B,3.0,121.0409,0.759128905343438,0.6133896187448648
5-16B,3.0,122.0248,0.03790396761107537,0.27174061492625934
5-16B,3.0,124.0075,0.5328148416409741,0.8975325727989749
5-16B,3.0,124.0144,0.4724776212553268,0.3150120835887399
5-16B,3.0,125.0439,0.24119398458745833,0.48368295754344154
5-16B,3.0,127.0764,0.38386485618806193,0.192928764449515
5-16B,3.0,128.0354,-0.24346011457458006,0.02443707054676854
5-16B,3.0,129.0193,-0.3540405197739308,0.04754736524549
5-16B,3.0,129.0556,-0.19834449888413752,0.4851991470709064
5-16B,3.0,130.0142,-0.6903109472512547,0.6401521133366733
5-16B,3.0,130.0509,-0.34788244025945736,0.0327945521326952
5-16B,3.0,130.0874,-0.5957829053212012,0.0720122799350578
5-16B,3.0,131.0008,-0.045964279917909745,1.0345820122313079
5-16B,3.0,131.0123,-0.72464378103913,0.08651251793806226
5-16B,3.0,131.035,0.6160866072114153,0.21527486372057586
5-16B,3.0,131.0462,0.7751863127193782,0.21225003361936928
5-16B,3.0,131.0828,0.35047524303957417,0.1675774867558778
5-16B,3.0,132.0302,-0.18259070934371316,0.04071188879227616
5-16B,3.0,133.0142,-0.24449780345847416,0.05248708963652494
5-16B,3.0,133.0257,-0.1920040788860473,0.07563133057478826
5-16B,3.0,133.0505,0.0231138940452541,0.054083105806452855
5-16B,3.0,134.0472,-0.4668997920797392,0.33924832265362137
5-16B,3.0,134.0604,0.15746866034439064,0.5392622061456268
5-16B,3.0,135.0302,-0.6435978941097085,0.11455329746797087
5-16B,3.0,135.0453,-0.9093106649710914,0.030295589086683266
5-16B,3.0,136.0404,-0.3296429717046129,0.034530612291014055
5-16B,3.0,136.0487,-0.9348704741067546,0.07555043687442997
5-16B,3.0,136.0767,0.16104655847686447,1.2560313445670477
5-16B,3.0,137.0239,-0.16433958366756884,0.24479621040664848
5-16B,3.0,138.9789,-0.8599885005762673,0.21639184992989655
5-16B,3.0,139.0014,-0.046066328400802284,0.049882323391070016
5-16B,3.0,139.0067,-0.7319107337447852,0.023232902892368377
5-16B,3.0,139.976,-1.3540315748114975,0.3915471309454686
5-16B,3.0,143.0713,-0.235232276639194,0.5663778696093198
5-16B,3.0,143.1077,-0.6461118845550708,0.28012078322524187
5-16B,3.0,145.0141,-0.23881012470919574,0.24343665540080142
5-16B,3.0,145.0506,-0.5641353721206656,0.1334864964240065
5-16B,3.0,145.0623,-0.6095444980578129,0.10414699427125682
5-16B,3.0,145.0982,0.4106050774376699,0.13804626832855135
5-16B,3.0,145.1106,-0.18451970581221738,0.35116592226213283
5-16B,3.0,146.0459,-0.25112782050925575,0.005432932641189343
5-16B,3.0,147.0298,-0.7042555103778123,0.0035521279865548777
5-16B,3.0,147.0662,0.30005413479187765,0.05610764053513561
5-16B,3.0,149.0092,-0.09051847928928813,0.5761032639078525
5-16B,3.0,149.0456,0.44885587692221063,0.16168667390557698
5-16B,3.0,149.0608,-0.38571517790022625,0.42421829116216087
5-16B,3.0,150.0422,-0.25265912260012197,0.33966180766319437
5-16B,3.0,150.9707,-0.3075203147810467,0.9800197930733354
5-16B,3.0,151.0259,-0.5906875041279884,0.06434725807048762
5-16B,3.0,151.04,-0.721318275391891,0.5954958991594682
5-16B,3.0,151.06,0.02011501262481543,0.5972068270572243
5-16B,3.0,152.0353,-1.3966719270912265,0.450714004483881
5-16B,3.0,152.0716,0.23123971169773466,0.2067807011074617
5-16B,3.0,153.0192,0.033610960998752715,0.02218319237445938
5-16B,3.0,154.062,0.13367279149529437,0.1722522357092902
5-16B,3.0,154.9751,-0.6532385205336343,0.04556642933123151
5-16B,3.0,155.0099,0.12648050959917573,0.02582137005548862
5-16B,3.0,157.0128,-0.5410903411416703,0.048760152517534336
5-16B,3.0,157.0255,0.20240911172201373,0.057198355867694034
5-16B,3.0,157.0379,0.3638466522674666,0.027677151770538932
5-16B,3.0,157.0504,-0.49423418277847553,0.03918861219662362
5-16B,3.0,159.0297,1.0806631027540905,0.1491401373326432
5-16B,3.0,159.0775,-0.40771333540029964,0.09347329947760265
5-16B,3.0,160.0616,0.19887737506362377,0.5880963659306645
5-16B,3.0,161.0453,0.19665270050834657,0.13686792947967474
5-16B,3.0,162.0424,-0.1320900484205586,0.37366385779659045
5-16B,3.0,163.0351,-0.7124616807894995,0.1091284184159635
5-16B,3.0,163.0398,0.9531524409425846,0.12941661035614882
5-16B,3.0,163.0611,0.008872293329249936,1.6297330235812286
5-16B,3.0,164.0716,-0.2844347187477526,0.09479282036879086
5-16B,3.0,165.03,-0.4777951235539515,0.6257270857364736
5-16B,3.0,165.0405,-1.1336726962755017,0.4375329785470501
5-16B,3.0,165.0556,-0.7058529482152658,0.052248114275382646
5-16B,3.0,166.0508,-0.3266309162150154,0.45389283268589975
5-16B,3.0,166.0632,-0.8639102495765412,0.2580812412451275
5-16B,3.0,166.9759,-0.8424850181086976,0.1318717508222941
5-16B,3.0,167.0207,-0.3216018397248766,0.12299617961369845
5-16B,3.0,167.0358,-0.7941684316169333,0.33768570333794595
5-16B,3.0,167.0828,0.43950670137358283,0.6567007233243931
5-16B,3.0,168.0277,-0.2450729390939513,0.03402902148620617
5-16B,3.0,168.0664,0.6883261950562253,0.5716865085357772
5-16B,3.0,170.0455,-0.7476501575277441,0.011818973728714294
5-16B,3.0,171.0065,-0.5748679722691847,0.03804910393207453
5-16B,3.0,171.0092,-0.740574616028877,0.09356259166518546
5-16B,3.0,171.0284,-0.6157528219496881,0.021022717925421402
5-16B,3.0,172.0616,0.06548184106011842,0.02867891652978404
5-16B,3.0,172.962,-0.5827325067628132,0.036619165373343136
5-16B,3.0,173.0089,-0.1967218682124124,0.06291953213082001
5-16B,3.0,173.0453,-0.4693609965504659,0.19504592808796986
5-16B,3.0,173.0932,-0.4716622827779635,0.06751180406585487
5-16B,3.0,173.1041,-0.11121948081434574,0.2175533585527919
5-16B,3.0,174.0407,-0.2546222893055534,0.0325512110031721
5-16B,3.0,174.088,-0.07847052136393669,0.20187329805665882
5-16B,3.0,175.022,-0.6699777009147958,0.09482235060010237
5-16B,3.0,175.0361,-0.1897491208486331,0.04923202959889892
5-16B,3.0,175.0611,-0.47107623506097507,0.028170901005911405
5-16B,3.0,176.0776,-0.43274679557680296,0.202036851334855
5-16B,3.0,177.0402,0.3796060060175722,0.4668749835016374
5-16B,3.0,177.0553,-0.10830834374758672,0.16354264695447404
5-16B,3.0,178.0509,-0.4542682040202526,0.013652797755724647
5-16B,3.0,179.0348,0.44536855459707814,0.11153866418362997
5-16B,3.0,179.0561,0.14405062051581793,0.1438373390001869
5-16B,3.0,180.0663,0.16850539423555322,0.1358749547036918
5-16B,3.0,181.0505,-0.5765882694078209,0.19494593298908885
5-16B,3.0,182.9725,0.19193223014512212,0.16677764859558214
5-16B,3.0,183.0661,0.2432950656576585,0.4734084098229641
5-16B,3.0,184.0017,-0.25264928972668377,0.03653552672789688
5-16B,3.0,184.9856,-0.6615622234544278,0.06873165049261339
5-16B,3.0,186.1136,0.4141152227184155,0.33346108384737194
5-16B,3.0,187.0234,-0.710727311965681,0.2007053171964123
5-16B,3.0,188.035,0.39879646353149334,0.7735678715017741
5-16B,3.0,188.0565,-0.17203355002923884,0.07184970774182381
5-16B,3.0,189.0405,1.965845380809656,0.293991738871937
5-16B,3.0,191.0197,-0.11475863029811512,0.1901632119960346
5-16B,3.0,191.0561,-0.45035232869615116,0.011254675129784312
5-16B,3.0,192.0663,-0.29286293856360707,0.5700569720956223
5-16B,3.0,193.0349,-0.2259618452120896,0.3154828670289081
5-16B,3.0,194.0682,-0.19247242808156534,0.2852600023699358
5-16B,3.0,194.0822,0.8463563327171463,0.7256638933986713
5-16B,3.0,195.0509,0.41020982997828137,0.10392574389416563
5-16B,3.0,195.0657,-0.5369068010718849,0.28334275655346536
5-16B,3.0,196.0603,-0.20209846423781808,0.09535306526324164
5-16B,3.0,198.0182,-0.9268558825577563,0.23299500765518133
5-16B,3.0,199.0019,-0.46438870914472324,0.34723720646450174
5-16B,3.0,200.9937,0.18006901460557745,0.14634073894176944
5-16B,3.0,201.0051,0.25622875714646576,0.20435454460628583
5-16B,3.0,203.0348,-0.48390976879867464,0.11594568051030128
5-16B,3.0,203.0826,-0.06715398919320392,0.042565630121497076
5-16B,3.0,204.0498,-0.29569034750085726,0.24116206628886927
5-16B,3.0,205.0351,-0.2186173774205062,0.15992794666156285
5-16B,3.0,206.0822,0.1714196234714601,0.551427653505226
5-16B,3.0,209.0292,-0.8364444625886538,0.6336563973321248
5-16B,3.0,209.0814,0.004318081123540166,0.2724716000001618
5-16B,3.0,211.0235,-1.0201000415247894,0.24153984259482567
5-16B,3.0,211.9968,-0.32620007930635286,0.030597233344387218
5-16B,3.0,212.0331,-0.4031776675141624,0.13876441381803128
5-16B,3.0,212.9807,-0.6727628665396123,0.09714938924956293
5-16B,3.0,213.014,-0.7336484464785731,0.18197016903814173
5-16B,3.0,213.0384,-0.6350173808665223,0.2710092753673012
5-16B,3.0,213.1252,0.16251652912971606,0.6977509723723135
5-16B,3.0,214.0488,-0.4341505634308198,0.7475939432242781
5-16B,3.0,215.0331,0.3770996889357638,0.13616252732808629
5-16B,3.0,216.1351,1.1963920220032018,0.16764067174681216
5-16B,3.0,218.0335,0.5197764190132861,0.12293821323655604
5-16B,3.0,218.1034,0.19520626306881728,0.10389752987650905
5-16B,3.0,220.0828,-0.11366759243472074,0.8220215118112145
5-16B,3.0,221.0443,0.3435899432080761,0.16845674052398046
5-16B,3.0,221.0664,-0.5315727139899049,0.22119116827632335
5-16B,3.0,225.0399,-0.6904783574168591,1.0427642864601931
5-16B,3.0,225.0861,-0.7998797532817229,0.4317209970322704
5-16B,3.0,225.0901,-0.11769660877920826,0.31889740824554336
5-16B,3.0,226.0135,-0.77694252883373,0.19376928077092084
5-16B,3.0,226.0697,0.13561227356168892,0.19392421421005812
5-16B,3.0,228.0501,-0.6816353700116995,0.10118321142703539
5-16B,3.0,229.0122,-0.5609190175524037,0.1373426482862136
5-16B,3.0,237.0614,-0.34743429961166183,0.1568450827992669
5-16B,3.0,238.0945,0.8226524738566098,0.0945252495022857
5-16B,3.0,240.0515,0.056224468922218516,0.09008917193887002
5-16B,3.0,241.0844,-0.1859126587244767,0.5384334542285273
5-16B,3.0,242.0804,-0.0031295585874218435,0.279256999187694
5-16B,3.0,243.029,-0.8710382561853509,0.27853410957361724
5-16B,3.0,243.0625,-0.41234793921814383,0.6354030747592402
5-16B,3.0,245.0444,-0.5578254919336714,0.4095674124818063
5-16B,3.0,246.0198,-0.5551356948448605,0.24221952550950393
5-16B,3.0,246.064,0.26591028054447013,0.30161240868030353
5-16B,3.0,251.0816,-0.34821659222494905,0.3785086932901152
5-16B,3.0,253.0119,-0.271912933834933,0.029617719281226543
5-16B,3.0,253.0499,-0.4486473219343618,0.9329987016349393
5-16B,3.0,257.0072,-1.1476992367078915,0.3593145455621399
5-16B,3.0,257.1028,0.2089555095204133,0.5457256716964187
5-16B,3.0,259.005,-0.5576663660512793,0.3527070372187971
5-16B,3.0,259.0227,0.2598864774094707,0.16816727546832075
5-16B,3.0,261.0385,-0.12507218086137017,0.16671419105888
5-16B,3.0,266.0703,-0.35456269199419455,0.2712505744789764
5-16B,3.0,267.0724,-0.49651379397102746,0.021206930103604416
5-16B,3.0,268.02,0.12862710061712193,0.5729695499152595
5-16B,3.0,269.0398,-0.7634107492174353,0.11476963214658784
5-16B,3.0,271.0612,-0.1808048322355419,0.3537077447921113
5-16B,3.0,271.0815,0.4945399765745234,0.7674514885908628
5-16B,3.0,273.0021,-0.7766161401906126,0.029453883567352124
5-16B,3.0,274.0933,0.14101863684365049,0.2715997588119027
5-16B,3.0,275.0184,-0.7330461819371302,0.4145738815420351
5-16B,3.0,275.0991,-0.49523470978715306,0.19532770097194213
5-16B,3.0,277.1207,0.3221944346350657,0.11698676426831628
5-16B,3.0,277.2169,-0.41873795960216237,0.29502319904211743
5-16B,3.0,279.2331,-0.08398925846642553,0.012168291482788621
5-16B,3.0,282.0839,0.2780438261843253,0.35796800264780043
5-16B,3.0,283.2063,-0.19822376491829574,0.35229195504811384
5-16B,3.0,285.0972,-0.4772554356297947,0.47348396916757834
5-16B,3.0,287.0157,-0.4157208593749767,0.32956651198676723
5-16B,3.0,288.0725,-0.06624928031122983,0.11971605692522834
5-16B,3.0,289.0333,-0.26541492727295896,0.42997505402039016
5-16B,3.0,289.1044,-0.012540307632343414,0.1852097311130536
5-16B,3.0,290.9677,-0.32326948470547,0.0789681151160505
5-16B,3.0,294.0479,-0.3701685932821336,0.7985008835647142
5-16B,3.0,300.0509,-0.08711490360309626,0.22474795984793475
5-16B,3.0,301.0333,-0.23778626193732358,0.5981014715142877
5-16B,3.0,303.2326,-0.4717366592540843,0.046114903610998285
5-16B,3.0,305.0207,0.14960159432938108,0.16209482711816783
5-16B,3.0,306.0481,-0.15100001105708447,0.1699064024429006
5-16B,3.0,306.0765,0.15606019170781615,0.02732943304152796
5-16B,3.0,308.0986,-0.1597635054296999,0.023870314264489833
5-16B,3.0,313.0441,-0.04790942613946556,0.06497424211638121
5-16B,3.0,313.1037,-0.24487468536351903,0.6777112467994043
5-16B,3.0,317.026,-0.5357473564601649,0.6464987690282091
5-16B,3.0,323.0256,-0.7242190517915584,0.7650517831564472
5-16B,3.0,325.1163,-0.38540889990643845,0.2569180683058032
5-16B,3.0,328.0457,-0.3066565940788706,0.0671152970764108
5-16B,3.0,333.0589,-0.28441723854657763,0.419941757195954
5-16B,3.0,338.9884,-0.7631629483433986,0.11835858373951277
5-16B,3.0,339.0928,1.0260106693615776,0.6652730440912934
5-16B,3.0,341.1089,-0.48781957640923446,0.186221483606735
5-16B,3.0,344.0393,-0.41896289243056717,0.1686256899361988
5-16B,3.0,346.0556,-0.5795708733571717,0.13054605477565312
5-16B,3.0,348.087,-0.5800947785386473,0.23202305161950085
5-16B,3.0,353.0489,-1.067746034466666,0.5671329265443562
5-16B,3.0,357.089,-0.4826484825329823,0.08790034393654211
5-16B,3.0,375.131,-0.3358785937256024,0.14533621830798324
5-16B,3.0,377.1496,0.5140537578479014,0.7949796732635946
5-16B,3.0,383.1188,-0.9400349862444135,0.21223470321590523
5-16B,3.0,388.9416,-0.24379373341578706,0.3019492421559237
5-16B,3.0,388.9442,-0.41768222145404726,0.3000408416042666
5-16B,3.0,401.0756,0.3221143632890566,0.1956290692395988
5-16B,3.0,407.2795,0.2737028640771654,0.22507459683945896
5-16B,3.0,421.0743,-0.4748236725466108,0.4750137330601675
5-16B,3.0,426.0222,-0.8880188250408245,0.31725858055816814
5-16B,3.0,442.9997,-0.21221315590490386,0.1987230855349367
5-16B,3.0,466.9657,-0.04503815476010344,0.18430800307888237
5-16B,3.0,490.9787,-0.849225795876247,0.8708299879592182
5-16B,3.0,503.1614,-0.7348895168977545,0.43376910926778567
5-16B,3.0,547.0731,-0.1709601491385392,0.13358108056421045
5-16B,3.0,565.0471,0.22140184637091911,0.4373201082948042
5-16B,3.0,578.8872,0.3823365001511834,0.072076499399336
5-16B,3.0,579.0269,0.1498271113463835,0.1633111923313765
5-16B,3.0,612.2549,-0.2009558702328923,0.23747458775355854
5-16B,3.0,624.2949,-1.1428186008983725,0.2445081704863317
5-16B,3.0,659.307,-0.05007848394412656,0.14557052753374336
5-16B,3.0,664.0939,-0.7157687242768651,0.16965504173917603
5-16B,3.0,665.2144,-1.0054389101482677,0.4847256093152938
5-16B,3.0,668.1374,-0.609495659407485,0.0005614253260409245
5-16B,3.0,787.255,-0.029580651677591926,0.6391820516684691
5-16B,3.0,790.2568,-0.009942268186135793,0.2525674646790819
5-16B,3.0,835.0407,-0.7888738922766514,0.12702773376476167
5-16B,3.0,863.2971,-0.7320304671915694,0.03528665979957683
5-16B,3.0,864.1473,-0.7772470732287035,0.18568870439909596
5-16B,3.0,974.2935,-0.6255973099808794,0.13853544450948502
5-16B,3.0,976.7162,0.19952793182783085,0.12113100684531188
5-16B,4.0,57.0342,-0.2189075196001759,0.51836355243452
5-16B,4.0,58.0295,0.4382879155006067,0.5530656755800768
5-16B,4.0,59.0135,0.2485797251882269,0.15565933937619125
5-16B,4.0,71.0137,0.16329321771013303,0.09974508114676629
5-16B,4.0,73.0293,-0.09791207420329812,0.05013079686590897
5-16B,4.0,74.0247,0.021416214322816006,0.5802224743243286
5-16B,4.0,75.0087,1.4372853834270898,0.48952999052409024
5-16B,4.0,87.0088,-0.52825757090521,0.012940444314584843
5-16B,4.0,87.0451,0.3209293767101816,0.6196691800127584
5-16B,4.0,88.0403,-0.3211389182067564,0.05535119716005829
5-16B,4.0,88.9883,0.6756960432759749,1.1592371751345214
5-16B,4.0,89.0244,-0.34284831737509247,0.0424785398054732
5-16B,4.0,93.0338,-0.046208058975997245,0.01075802374219678
5-16B,4.0,94.9761,-0.8249177665184406,0.36698539221404713
5-16B,4.0,94.9806,0.5981723774793903,0.3151649924714756
5-16B,4.0,95.0139,0.27985067330123825,0.2272815001301521
5-16B,4.0,101.0242,0.09116109623374523,0.2474430932809302
5-16B,4.0,102.056,-0.31754981622495315,0.10779558277005807
5-16B,4.0,103.0402,-0.27804130816104966,0.07204594282912073
5-16B,4.0,103.0509,-0.19762561688891056,0.11682722593709818
5-16B,4.0,104.0352,0.0759263663888829,0.17051748153959023
5-16B,4.0,105.0193,0.9708837983878913,0.7785229025114115
5-16B,4.0,107.0503,-0.44205712947778464,0.5987486540230922
5-16B,4.0,109.0295,0.15796868258506908,0.12141738552047582
5-16B,4.0,111.02,0.06684865826205394,0.03886124122157897
5-16B,4.0,112.0516,-0.38751471129048415,0.88489995520436
5-16B,4.0,113.0244,0.0949489587743726,0.07425873216005427
5-16B,4.0,113.0357,0.8518398415187607,0.10433396466050615
5-16B,4.0,114.056,-0.24599599565210167,0.0027362615719936363
5-16B,4.0,115.0037,0.033244828222519375,0.08334866283005002
5-16B,4.0,115.0402,-0.16341384832402436,0.5512445759816457
5-16B,4.0,115.0764,-0.7362120288776137,0.3385367535365101
5-16B,4.0,116.0354,-0.02635389889620015,0.19648946029014522
5-16B,4.0,116.0717,-0.44812594170846853,0.010454296774835115
5-16B,4.0,117.0194,-0.13257325338588263,0.028726656844906388
5-16B,4.0,118.0508,-0.03775876708461293,0.04784887280762788
5-16B,4.0,118.9804,0.012095117889866398,0.12446848899857414
5-16B,4.0,119.0503,-0.47292379446504995,0.13516705721574457
5-16B,4.0,120.9273,-0.3147805853499635,0.20989461446529661
5-16B,4.0,121.0295,-0.6038631306050548,0.7397914330477314
5-16B,4.0,121.0409,0.07290654215170116,0.7244954887335732
5-16B,4.0,122.0248,0.535514511656527,0.7249385823767852
5-16B,4.0,124.0075,0.045704028885778854,0.24954507050976552
5-16B,4.0,124.0144,0.5736946346160803,0.14933174682604064
5-16B,4.0,125.0439,0.6441355856993528,0.4978683127164591
5-16B,4.0,127.0764,-0.4286775937394682,0.8243398972013914
5-16B,4.0,128.0354,-0.30296683238230465,0.02365848135810991
5-16B,4.0,129.0193,0.0012529447710311788,0.12173764262816487
5-16B,4.0,129.0556,-1.0220029646707292,0.7083068830687919
5-16B,4.0,130.0142,0.5691922871938897,0.6977088948015329
5-16B,4.0,130.0509,0.11760935519618437,0.031361452019115436
5-16B,4.0,130.0874,-0.26273428124558484,0.07398892329794976
5-16B,4.0,131.0008,-0.7954000740648663,0.9643839428052029
5-16B,4.0,131.0123,-0.6103118418483259,0.03064875436582259
5-16B,4.0,131.035,0.5575202869425806,0.1996671468396476
5-16B,4.0,131.0462,0.5070793223519058,0.14321989702953422
5-16B,4.0,131.0828,-0.1731868336564752,0.2150456526541979
5-16B,4.0,132.0302,0.3681490798949625,0.06244761779764806
5-16B,4.0,133.0142,-0.041094463493301946,0.0932363895375263
5-16B,4.0,133.0257,-0.05316924184682943,0.13160512091629498
5-16B,4.0,133.0505,0.6952241138636965,0.03289481018204236
5-16B,4.0,134.0472,0.906823467815915,0.4793565908693631
5-16B,4.0,134.0604,1.5484904964834802,0.8101013301105557
5-16B,4.0,135.0302,-0.456782038575139,0.14944900207052628
5-16B,4.0,135.0453,-0.4045941975031666,0.10619467452064235
5-16B,4.0,136.0404,-0.254152524759918,0.021994084935996496
5-16B,4.0,136.0487,-0.5498610374398603,0.1757715182325906
5-16B,4.0,136.0767,-0.23756863813049042,1.0481996746001152
5-16B,4.0,137.0239,-0.0969298170963136,0.17858559368033436
5-16B,4.0,138.9789,-0.7726121231605563,0.3622269732933315
5-16B,4.0,139.0014,0.5854600977283757,0.055585995608202314
5-16B,4.0,139.0067,-0.6855214658846596,0.0760799288797472
5-16B,4.0,139.976,-0.9022184168691978,0.7873883497424791
5-16B,4.0,143.0713,-0.5236303870889448,0.24735136416858516
5-16B,4.0,143.1077,-0.4086998371274941,0.6923305924713379
5-16B,4.0,145.0141,-0.40623038112027143,0.08742265455176747
5-16B,4.0,145.0506,-0.6305710480561353,0.08623139829576044
5-16B,4.0,145.0623,-0.7285310223901614,0.3783788385580241
5-16B,4.0,145.0982,0.011959509695246992,0.17822669016073428
5-16B,4.0,145.1106,0.2861937042055098,0.6622941586091983
5-16B,4.0,146.0459,-0.14731585007154202,0.011107621091048169
5-16B,4.0,147.0298,-0.36623403395604137,0.05181887349359918
5-16B,4.0,147.0662,1.0913365702568751,0.019200380756997957
5-16B,4.0,149.0092,-0.6199072507848722,0.8232574304879159
5-16B,4.0,149.0456,0.6227983747387915,0.0749920554838274
5-16B,4.0,149.0608,-0.6274840313245686,0.31168313870747955
5-16B,4.0,150.0422,-0.054870245659765796,0.3391677412775793
5-16B,4.0,150.9707,0.5714060235752106,1.3748589860827292
5-16B,4.0,151.0259,-0.5618594044335246,0.07816593153978084
5-16B,4.0,151.04,-0.09809487340548116,0.764773701049405
5-16B,4.0,151.06,0.2737299940939718,0.5992096214735493
5-16B,4.0,152.0353,-0.7014925760038111,0.2400662065468913
5-16B,4.0,152.0716,0.5438872865167745,0.9396901310816113
5-16B,4.0,153.0192,0.47633833888387767,0.07931367595127367
5-16B,4.0,154.062,-0.19547783522252365,0.14541134802438094
5-16B,4.0,154.9751,0.08321698827962717,0.04602820292390977
5-16B,4.0,155.0099,0.09969420018508446,0.029316057357219028
5-16B,4.0,157.0128,-0.4095376131660861,0.03391480248689144
5-16B,4.0,157.0255,0.5918755745920065,0.06685902989948972
5-16B,4.0,157.0379,0.5996980757226251,0.08581183133616267
5-16B,4.0,157.0504,0.01716316110322907,0.038340265056415836
5-16B,4.0,159.0297,0.7619516190378748,0.43719835442646665
5-16B,4.0,159.0775,0.27039539603695634,0.08005580572884378
5-16B,4.0,160.0616,0.47333457123081424,0.292674509740476
5-16B,4.0,161.0453,0.4040575384396734,0.27481546867332973
5-16B,4.0,162.0424,0.9768133670292041,0.641519521825713
5-16B,4.0,163.0351,-0.9223829320245844,0.26458687069274744
5-16B,4.0,163.0398,1.1635215583034377,0.08028634532206932
5-16B,4.0,163.0611,0.8102144588240139,1.8606599406072388
5-16B,4.0,164.0716,-0.46452599000219386,0.013754289375397799
5-16B,4.0,165.03,-0.6793807391239747,0.45614210489546897
5-16B,4.0,165.0405,-0.9204375070904547,0.4239827753675715
5-16B,4.0,165.0556,-0.21700574832627867,0.11632197930114328
5-16B,4.0,166.0508,0.41136909262691745,0.3768968271502217
5-16B,4.0,166.0632,-0.34539769165994294,0.4708727423524032
5-16B,4.0,166.9759,-0.5304775313533893,0.358263086006173
5-16B,4.0,167.0207,-0.29581281850516306,0.31287431237332675
5-16B,4.0,167.0358,-1.1150340619786432,0.2091225900046129
5-16B,4.0,167.0828,-0.23571556480761646,0.2729232919752474
5-16B,4.0,168.0277,-0.1476157610867107,0.020974497396900375
5-16B,4.0,168.0664,0.32623926281331117,0.8813379451174822
5-16B,4.0,170.0455,-0.5675038037828295,0.02917052202472858
5-16B,4.0,171.0065,-0.05565036703508063,0.10897194365869815
5-16B,4.0,171.0092,-0.10922584438684266,0.1700415637565828
5-16B,4.0,171.0284,-0.317220255766147,0.03919306155984322
5-16B,4.0,172.0616,0.7329031072911405,0.2341956694101304
5-16B,4.0,172.962,-0.296845834044018,0.06753178974002355
5-16B,4.0,173.0089,0.03878006930438331,0.23408002759816124
5-16B,4.0,173.0453,-0.6227594391523023,0.11422182294489168
5-16B,4.0,173.0932,-0.22938859934024958,0.04064131455794058
5-16B,4.0,173.1041,-0.21991367861090383,0.544006937341033
5-16B,4.0,174.0407,0.18655796149083942,0.00941018640266471
5-16B,4.0,174.088,-0.21775932897551925,0.16792140199676753
5-16B,4.0,175.022,-0.4712791514798384,0.09041673798404484
5-16B,4.0,175.0361,0.3100971809920534,0.02659982382388315
5-16B,4.0,175.0611,0.2526864799551592,0.08364621242170926
5-16B,4.0,176.0776,0.2988532544526391,0.2784747785462783
5-16B,4.0,177.0402,0.5800002538213371,0.6445753596484041
5-16B,4.0,177.0553,0.21296916391128917,0.4742477488138086
5-16B,4.0,178.0509,-0.2939987795999347,0.08482637275441501
5-16B,4.0,179.0348,0.742743362532464,0.26392165376727
5-16B,4.0,179.0561,0.1644073655887422,0.07072745052025292
5-16B,4.0,180.0663,0.14018448990594412,0.1136525248381204
5-16B,4.0,181.0505,0.2594820908525207,0.19148405415926817
5-16B,4.0,182.9725,-0.03939536463498669,0.11845464962482183
5-16B,4.0,183.0661,-0.11163293149443837,0.33010222066065875
5-16B,4.0,184.0017,-0.1069336149029147,0.06039209617621302
5-16B,4.0,184.9856,-0.3581586665638793,0.0792248270037443
5-16B,4.0,186.1136,-0.627041214911415,0.28414126364763437
5-16B,4.0,187.0234,-0.4582379047104695,0.6837962668993796
5-16B,4.0,188.035,0.2626589000155741,0.4602847645291714
5-16B,4.0,188.0565,0.2165148783824955,0.037473487766335536
5-16B,4.0,189.0405,-0.27141223648482743,0.14668133670260983
5-16B,4.0,191.0197,0.40706799703712526,0.10306517750421593
5-16B,4.0,191.0561,0.16738893177737935,0.058258736705727905
5-16B,4.0,192.0663,0.8367889001846125,0.16721958993046546
5-16B,4.0,193.0349,0.025354838127855994,0.1715930014227181
5-16B,4.0,194.0682,-0.6311354985039359,0.18214566263435664
5-16B,4.0,194.0822,-0.27781555976532857,0.4726700258333948
5-16B,4.0,195.0509,0.283362699038319,0.08698247895061054
5-16B,4.0,195.0657,0.21514975480817233,1.1244134267166968
5-16B,4.0,196.0603,0.23293564842430703,0.24759608944232994
5-16B,4.0,198.0182,-0.3624891947782516,0.42131514999814845
5-16B,4.0,199.0019,-0.44381395048356864,0.7634907963413319
5-16B,4.0,200.9937,0.0752807007816262,0.6090482187645804
5-16B,4.0,201.0051,-0.0016105645149245978,0.2760383839685048
5-16B,4.0,203.0348,-0.5055941387542989,0.36463165913842177
5-16B,4.0,203.0826,-0.09715988153189761,0.010119623334063552
5-16B,4.0,204.0498,0.09815644278663982,0.5214569674500947
5-16B,4.0,205.0351,0.2552127344775792,0.18551288230263363
5-16B,4.0,206.0822,0.6833543211322846,0.6483401140063082
5-16B,4.0,209.0292,-0.6151849761614068,0.46118510182167755
5-16B,4.0,209.0814,-0.8045622141027917,0.253760836597961
5-16B,4.0,211.0235,-0.41614411882374525,0.3330633812195901
5-16B,4.0,211.9968,0.0681889094646244,0.14815011501779676
5-16B,4.0,212.0331,-0.4694048171586362,0.09583445669185223
5-16B,4.0,212.9807,-0.5487123713333464,0.020618397247680647
5-16B,4.0,213.014,-0.38110757717215116,0.2095524171582622
5-16B,4.0,213.0384,-0.5526795501117419,0.13287643100986993
5-16B,4.0,213.1252,0.15983353295035432,0.8154377955492773
5-16B,4.0,214.0488,-0.4350244451585808,0.26173110311819925
5-16B,4.0,215.0331,0.4426437322678596,0.0839047384734264
5-16B,4.0,216.1351,0.6202614795694927,0.2574745839624473
5-16B,4.0,218.0335,0.37456425742970634,0.09242784312102263
5-16B,4.0,218.1034,0.9467644735331253,0.1438550975027575
5-16B,4.0,220.0828,-0.2014477840867352,0.2523787604230222
5-16B,4.0,221.0443,-0.11564531814615336,0.055842317588204814
5-16B,4.0,221.0664,0.5546471547571867,0.615440964866315
5-16B,4.0,225.0399,-0.4374527167881612,0.3274267532984753
5-16B,4.0,225.0861,-0.17954492446596942,0.48650787656393185
5-16B,4.0,225.0901,-0.3652227446974554,0.7808195274320772
5-16B,4.0,226.0135,-0.5962520251381891,0.177796734035113
5-16B,4.0,226.0697,0.43605117325353454,0.20476701764765232
5-16B,4.0,228.0501,0.2757204833215879,0.5765541317120124
5-16B,4.0,229.0122,-0.16870467138117506,0.2694676910992173
5-16B,4.0,237.0614,0.0992379029546665,0.20316203900443938
5-16B,4.0,238.0945,-0.30961415186246827,0.3081359997624401
5-16B,4.0,240.0515,0.5232056353208374,0.05737178272131058
5-16B,4.0,241.0844,-0.5937215373488085,0.660751153313438
5-16B,4.0,242.0804,-0.6021664715268512,0.35091560484367446
5-16B,4.0,243.029,-0.354382923696384,0.20572232686430697
5-16B,4.0,243.0625,0.4699659512022154,0.13665075060953702
5-16B,4.0,245.0444,0.10164966697054648,0.5792666497604533
5-16B,4.0,246.0198,-0.5490777519877861,0.5550641944080884
5-16B,4.0,246.064,0.07840119524298983,0.5969734575940497
5-16B,4.0,251.0816,-0.4171561314690121,0.5328168952598066
5-16B,4.0,253.0119,-0.1983640985455961,0.03903226639600785
5-16B,4.0,253.0499,0.2890546749546319,0.7342807805021592
5-16B,4.0,257.0072,-0.21891664035808317,0.1708663368330514
5-16B,4.0,257.1028,-0.1468064443069904,0.17276565843575015
5-16B,4.0,259.005,-1.0830636113336614,0.2730442798434386
5-16B,4.0,259.0227,0.571300625472135,0.14783007348200708
5-16B,4.0,261.0385,-0.4519564280331235,0.3197183399784137
5-16B,4.0,266.0703,-0.24576063760132705,0.15764352856397226
5-16B,4.0,267.0724,-0.0876922695311825,0.030739822654441043
5-16B,4.0,268.02,-0.7942004313340746,0.7067611952285462
5-16B,4.0,269.0398,-0.5111819407900071,0.17311859280546896
5-16B,4.0,271.0612,-0.08416399595847124,0.5122664995605307
5-16B,4.0,271.0815,-0.13231264588185868,0.828365084170494
5-16B,4.0,273.0021,-0.3284196480919541,0.1220436136554289
5-16B,4.0,274.0933,0.9695284180116841,0.1135175485282683
5-16B,4.0,275.0184,-0.03737585088899444,0.30443089776571125
5-16B,4.0,275.0991,-0.3328243568501314,0.17740912284641713
5-16B,4.0,277.1207,-0.028555676076781795,0.05717875687616442
5-16B,4.0,277.2169,-0.48013089864204245,0.14673603946219305
5-16B,4.0,279.2331,-0.3106016649775102,0.016868233083752154
5-16B,4.0,282.0839,0.740322211377058,0.3253534773890708
5-16B,4.0,283.2063,-0.5303195762644592,0.2229357254858573
5-16B,4.0,285.0972,-1.0305079748869852,0.3791764197575271
5-16B,4.0,287.0157,-0.3235894778092448,0.3586067775068797
5-16B,4.0,288.0725,0.13789721759405174,0.16027642386857976
5-16B,4.0,289.0333,-0.7481452328373236,0.8064626983971294
5-16B,4.0,289.1044,0.5038128710656371,0.5415388684716428
5-16B,4.0,290.9677,-0.336225850103279,0.1571971255072691
5-16B,4.0,294.0479,-0.37302434312366906,0.9267273692196835
5-16B,4.0,300.0509,-0.23415111155385102,0.518187281971413
5-16B,4.0,301.0333,-0.6253480886484242,1.1100010565371408
5-16B,4.0,303.2326,-0.3512135151921361,0.2014049382208159
5-16B,4.0,305.0207,-0.16175849098231904,0.15895108956223472
5-16B,4.0,306.0481,0.5323886862607825,0.2508205126590231
5-16B,4.0,306.0765,0.4772903549898493,0.025570956277780735
5-16B,4.0,308.0986,-0.26770882169345533,0.025487775973834007
5-16B,4.0,313.0441,-0.13763596666525926,0.3830515866641801
5-16B,4.0,313.1037,-0.2579512385130699,0.5713837429146708
5-16B,4.0,317.026,-0.6700586394824233,0.39045160985765476
5-16B,4.0,323.0256,-0.7854666688783999,0.32714774243999173
5-16B,4.0,325.1163,0.149408729884119,0.2018253910103761
5-16B,4.0,328.0457,0.17102974997893178,0.20610363167854248
5-16B,4.0,333.0589,0.314276342529234,0.11391327362864967
5-16B,4.0,338.9884,0.2071439397370039,1.0294265335509953
5-16B,4.0,339.0928,0.600545263020713,0.5237337911544717
5-16B,4.0,341.1089,-0.1066422485056967,0.09167363061627881
5-16B,4.0,344.0393,-0.29590740749425454,0.2946679842410199
5-16B,4.0,346.0556,-0.5496596685007489,0.0641758106802324
5-16B,4.0,348.087,0.5490244022756713,0.1369351894233195
5-16B,4.0,353.0489,-0.2254817652520213,0.42138294812796584
5-16B,4.0,357.089,-0.05249404390495761,0.44073973779364706
5-16B,4.0,375.131,0.007429947514940763,0.4397169685438445
5-16B,4.0,377.1496,0.011367461070324027,0.27702040228213776
5-16B,4.0,383.1188,-0.16078160132021144,0.16383657145699188
5-16B,4.0,388.9416,-0.30722944793618245,0.15300961211154337
5-16B,4.0,388.9442,-0.6206765079193124,0.3732885562915278
5-16B,4.0,401.0756,-0.13385640749772537,0.07074038245009738
5-16B,4.0,407.2795,0.08514996590495699,0.17093909637670165
5-16B,4.0,421.0743,-1.1076591419983277,0.7251919978600243
5-16B,4.0,426.0222,-0.5697144532399222,0.44244394141886917
5-16B,4.0,442.9997,-0.07910902604669527,0.33252729103739775
5-16B,4.0,466.9657,-0.020313229487933668,0.12266657890169849
5-16B,4.0,490.9787,0.44992955846720395,0.5018894860329962
5-16B,4.0,503.1614,-0.0663345736819686,0.3705291982777273
5-16B,4.0,547.0731,0.5238372636629838,0.14299715318805828
5-16B,4.0,565.0471,0.3117361795380777,0.21915341831417187
5-16B,4.0,578.8872,0.20815954916643803,0.07289651835029864
5-16B,4.0,579.0269,-0.29775427755686823,0.023207400114555365
5-16B,4.0,612.2549,0.26976766473207126,0.49301230905358917
5-16B,4.0,624.2949,-0.5190300633009027,0.29954619991994474
5-16B,4.0,659.307,0.05275884257973292,0.25835288800726525
5-16B,4.0,664.0939,-0.31799235449933005,0.1208323054410717
5-16B,4.0,665.2144,-0.11557599766466604,0.474273104974397
5-16B,4.0,668.1374,-0.6117472900487564,0.0002944231416385846
5-16B,4.0,787.255,-0.07210045052285477,0.36363714060288915
5-16B,4.0,790.2568,0.004266334646890121,0.12050400973547436
5-16B,4.0,835.0407,-0.31064326774066264,0.13240733437817886
5-16B,4.0,863.2971,-0.6623879324858362,0.06439752769297574
5-16B,4.0,864.1473,-0.25992699243602807,0.2288931127771934
5-16B,4.0,974.2935,-0.6049639978108567,0.07430539267064301
5-16B,4.0,976.7162,0.3714070242537924,0.16781746329881053
5-16B,5.0,57.0342,-0.07055665273189433,0.31714729216950094
5-16B,5.0,58.0295,0.9740411139246001,0.446173396459051
5-16B,5.0,59.0135,0.026495512885997025,0.1357622782109465
5-16B,5.0,71.0137,-0.07484492210833162,0.1729780868379651
5-16B,5.0,73.0293,0.7915375035446207,0.15374861172945942
5-16B,5.0,74.0247,0.6119893938126963,0.4733941385482565
5-16B,5.0,75.0087,1.2467427249126977,0.7393544590075576
5-16B,5.0,87.0088,0.02496978435436386,0.032245205432799774
5-16B,5.0,87.0451,0.0027557439020473445,0.39271604273058425
5-16B,5.0,88.0403,-0.04919836679789075,0.06753766910609535
5-16B,5.0,88.9883,0.039176115985271626,0.537368824662605
5-16B,5.0,89.0244,0.23511591030939538,0.052324236866910394
5-16B,5.0,93.0338,-0.01889877824502862,0.011507944255652087
5-16B,5.0,94.9761,-0.9110319814315169,0.40632366954989046
5-16B,5.0,94.9806,0.6728016885824952,0.3853778106103232
5-16B,5.0,95.0139,-0.11217291671960875,0.23082432768800634
5-16B,5.0,101.0242,-0.0028157837655061867,0.16592655939186313
5-16B,5.0,102.056,-0.3501737896142864,0.049750260232465
5-16B,5.0,103.0402,0.3776056131868052,0.07725814962533105
5-16B,5.0,103.0509,0.34014898159299745,0.1711752962945737
5-16B,5.0,104.0352,-0.13554586137779365,0.1698656546633532
5-16B,5.0,105.0193,0.5633267866295988,0.17469379695304776
5-16B,5.0,107.0503,-0.14405343055981829,0.6281356220489549
5-16B,5.0,109.0295,0.5907426626419795,0.2357956848899787
5-16B,5.0,111.02,0.043373036057039405,0.05155818295875851
5-16B,5.0,112.0516,-0.357738270400987,0.8271068787105188
5-16B,5.0,113.0244,-0.23418198111056132,0.04587773111935701
5-16B,5.0,113.0357,1.0401762126226601,0.04520036515756334
5-16B,5.0,114.056,-0.24128772574701018,0.0015420166647728657
5-16B,5.0,115.0037,0.6870237567203346,0.04025275392793784
5-16B,5.0,115.0402,0.8303594757806796,0.4001625182196105
5-16B,5.0,115.0764,-0.17763748108782176,0.3912554688256405
5-16B,5.0,116.0354,0.3000888386547694,0.48506450618160324
5-16B,5.0,116.0717,0.17688474347761052,0.017617918025579833
5-16B,5.0,117.0194,0.7860247196449186,0.09322614125712776
5-16B,5.0,118.0508,0.8725597819896829,0.23059835189701516
5-16B,5.0,118.9804,-0.20251645800218038,0.0956907518092457
5-16B,5.0,119.0503,-0.4518409216530662,0.23477342326629308
5-16B,5.0,120.9273,-0.2763362863802509,0.04344767082503559
5-16B,5.0,121.0295,1.0351604170751314,0.23023742279404433
5-16B,5.0,121.0409,0.8868606252667741,0.317004950284092
5-16B,5.0,122.0248,0.19820749404076282,0.5397919826137753
5-16B,5.0,124.0075,-0.33902956387042626,0.10950840962907919
5-16B,5.0,124.0144,0.1031395125707961,0.26029720208093127
5-16B,5.0,125.0439,0.3012142680152692,0.2532222035958869
5-16B,5.0,127.0764,-0.37474259706318186,0.7060020874743869
5-16B,5.0,128.0354,-0.28290552877809133,0.012050757140431786
5-16B,5.0,129.0193,0.7376326486942074,0.17657111157901012
5-16B,5.0,129.0556,-0.1950472915909086,0.2658512739345334
5-16B,5.0,130.0142,0.8680234686147918,0.7314727631780124
5-16B,5.0,130.0509,0.6270112937008633,0.04010285443074403
5-16B,5.0,130.0874,0.47090680868150114,0.06951923372714551
5-16B,5.0,131.0008,-0.43746490906108826,0.21171106934127984
5-16B,5.0,131.0123,-0.06027695711845622,0.05823906673326077
5-16B,5.0,131.035,0.06953831371451438,0.16544874454735245
5-16B,5.0,131.0462,0.1859796605215158,0.2890791567596681
5-16B,5.0,131.0828,-0.2576779675175497,0.03175946138252815
5-16B,5.0,132.0302,0.8827397252634852,0.08189542437273899
5-16B,5.0,133.0142,0.2901186669774431,0.15889552701855653
5-16B,5.0,133.0257,0.3489917091088778,0.1645325838471451
5-16B,5.0,133.0505,1.437911633115971,0.13758503215024354
5-16B,5.0,134.0472,0.4940409399738542,0.20810090304092152
5-16B,5.0,134.0604,1.1684522157521777,0.954123593035168
5-16B,5.0,135.0302,-0.1446097841730114,0.017988624364193698
5-16B,5.0,135.0453,-0.3156631782629655,0.07121236499372323
5-16B,5.0,136.0404,-0.1252404107233121,0.08498213854583118
5-16B,5.0,136.0487,-0.6488071881812167,0.24608910378718882
5-16B,5.0,136.0767,-0.378886984115983,0.30609494537290416
5-16B,5.0,137.0239,0.09551560912749141,0.10891078189823601
5-16B,5.0,138.9789,-0.2301714911115755,0.09304491730098836
5-16B,5.0,139.0014,1.3204686024433374,0.04362251450241972
5-16B,5.0,139.0067,-0.6037683186910743,0.10454686339807036
5-16B,5.0,139.976,-0.7204282741954442,0.2069378379607576
5-16B,5.0,143.0713,-0.14458490149783132,0.6748915243007731
5-16B,5.0,143.1077,-0.6708689570126534,0.19007484906982278
5-16B,5.0,145.0141,-0.35782840839301333,0.13371132917804185
5-16B,5.0,145.0506,-0.08796767490968337,0.19998818339369284
5-16B,5.0,145.0623,0.2702406710039096,0.25504973232958317
5-16B,5.0,145.0982,-0.14590867810018543,0.07844993382849415
5-16B,5.0,145.1106,0.0693636202906384,0.32821271643319955
5-16B,5.0,146.0459,-0.3213207073040302,0.012216627992133
5-16B,5.0,147.0298,0.6228094255822855,0.15931737120926445
5-16B,5.0,147.0662,1.8105353055966968,0.07755928979252968
5-16B,5.0,149.0092,-0.16573480247915845,0.4722169789660097
5-16B,5.0,149.0456,0.6783827139547008,0.31103779503510937
5-16B,5.0,149.0608,-0.4440935108002504,0.8117942896842537
5-16B,5.0,150.0422,0.5849568596103796,0.5719673789341561
5-16B,5.0,150.9707,0.45740993833727506,0.8270773168112092
5-16B,5.0,151.0259,-0.5730547829556465,0.09609823970290511
5-16B,5.0,151.04,-0.7266789650316186,0.1403037047005049
5-16B,5.0,151.06,-0.5399963719815343,0.826270117538498
5-16B,5.0,152.0353,-0.17873011885863693,0.27163873811023004
5-16B,5.0,152.0716,-0.15633774603152242,0.11621560322236181
5-16B,5.0,153.0192,0.5684896563181734,0.1615074055160162
5-16B,5.0,154.062,-0.4026755035901216,0.05847059191690512
5-16B,5.0,154.9751,0.8246893736632938,0.058573948418049165
5-16B,5.0,155.0099,0.07576698359364535,0.04108207570091863
5-16B,5.0,157.0128,0.14769090160950127,0.06547017793885977
5-16B,5.0,157.0255,0.9551358018285847,0.06348558394500586
5-16B,5.0,157.0379,0.9814749032912874,0.08802204806199439
5-16B,5.0,157.0504,0.9808268831827079,0.1274429706934509
5-16B,5.0,159.0297,0.36715472508343816,0.15616969872633396
5-16B,5.0,159.0775,0.7351424033478218,0.1230853205494873
5-16B,5.0,160.0616,0.4512841640173818,0.45885971827635613
5-16B,5.0,161.0453,0.5879329939524542,0.1060632226369902
5-16B,5.0,162.0424,1.19205818285742,0.37552923792274984
5-16B,5.0,163.0351,-0.8523878546545195,0.24980840883575073
5-16B,5.0,163.0398,1.4479165481662701,0.12449309942257929
5-16B,5.0,163.0611,0.1498587545288462,0.3824946747299887
5-16B,5.0,164.0716,-0.3319529464479877,0.07707278824011429
5-16B,5.0,165.03,-0.5832195483268958,0.25510279410571934
5-16B,5.0,165.0405,0.49321369869322224,0.7280925274413511
5-16B,5.0,165.0556,0.24565320871151278,0.2333515954751975
5-16B,5.0,166.0508,0.7132781871531626,0.34130210231707836
5-16B,5.0,166.0632,-0.013412753587929635,0.31170355250375825
5-16B,5.0,166.9759,-0.3158841467977021,0.49177470493224623
5-16B,5.0,167.0207,-0.31827422408362327,0.11412228935178781
5-16B,5.0,167.0358,-0.9523304073477488,0.33531457615739657
5-16B,5.0,167.0828,-0.49175984814352725,0.6251625734959064
5-16B,5.0,168.0277,-0.40932873367946737,0.027027531096802646
5-16B,5.0,168.0664,-0.6505848118569384,0.3969916341006717
5-16B,5.0,170.0455,0.07405097769802216,0.044578573412024015
5-16B,5.0,171.0065,0.28041856238014423,0.32981843195012334
5-16B,5.0,171.0092,0.3791251285499446,0.31270333155094177
5-16B,5.0,171.0284,0.4694425342085251,0.056895645633049156
5-16B,5.0,172.0616,1.028266101481822,0.18665887896495845
5-16B,5.0,172.962,0.064268316587547,0.10840546230447524
5-16B,5.0,173.0089,0.8489839715600099,0.1986544468155005
5-16B,5.0,173.0453,0.30954137591306374,0.13732018314445701
5-16B,5.0,173.0932,0.047169837742009404,0.07354692942817757
5-16B,5.0,173.1041,-0.02228786443534367,0.9782761910983185
5-16B,5.0,174.0407,0.7580781200167869,0.03578316612431702
5-16B,5.0,174.088,0.5220441954803022,0.18087173097347609
5-16B,5.0,175.022,-0.14474581712385423,0.15363152978844313
5-16B,5.0,175.0361,0.8747075971785135,0.03267763405264944
5-16B,5.0,175.0611,1.339510967852716,0.11932833069478367
5-16B,5.0,176.0776,1.2058926242666446,0.18883520989353517
5-16B,5.0,177.0402,0.8546903281918041,0.5211002102350729
5-16B,5.0,177.0553,-0.15429390577226137,0.5176803634801221
5-16B,5.0,178.0509,0.07803396290734599,0.05119466260714714
5-16B,5.0,179.0348,0.962870690947693,0.4038227023688875
5-16B,5.0,179.0561,-0.14556617105167008,0.04259898206664732
5-16B,5.0,180.0663,-0.12643739208876095,0.09090412314533004
5-16B,5.0,181.0505,0.9824684828827972,0.38449256682183114
5-16B,5.0,182.9725,-0.3528700376536891,0.15698931372005465
5-16B,5.0,183.0661,0.22615568551349285,0.7429189394792945
5-16B,5.0,184.0017,-0.45169794985015965,0.05095496125783019
5-16B,5.0,184.9856,-0.27043841315588163,0.10071027303696889
5-16B,5.0,186.1136,-0.24943870408087787,0.3211381592329717
5-16B,5.0,187.0234,1.0276510848887839,0.40814411421564695
5-16B,5.0,188.035,0.46470433158285107,0.8336339053513345
5-16B,5.0,188.0565,0.8432918488541953,0.04941131686237591
5-16B,5.0,189.0405,-0.03136171877819043,0.14528449978419414
5-16B,5.0,191.0197,0.80503429379272,0.14905448469398008
5-16B,5.0,191.0561,1.4593731114325457,0.1549348619810057
5-16B,5.0,192.0663,0.8238556576565041,0.6169936481043692
5-16B,5.0,193.0349,0.5462420754524124,0.6907733402041875
5-16B,5.0,194.0682,-0.4315778944465052,0.4332902276750167
5-16B,5.0,194.0822,-0.5361056191869012,0.7923537433630115
5-16B,5.0,195.0509,0.3340398753376719,0.19424385980755138
5-16B,5.0,195.0657,1.0072147065902664,0.832112698499385
5-16B,5.0,196.0603,0.4999142413492077,0.1976035474538581
5-16B,5.0,198.0182,0.2987464020977353,0.46987356108680256
5-16B,5.0,199.0019,0.1775853262523137,0.4863310689178369
5-16B,5.0,200.9937,-0.2929138539559559,0.2957953802513821
5-16B,5.0,201.0051,1.2514096083548423,0.5562385996631288
5-16B,5.0,203.0348,-0.2690079531190545,0.17177459801588224
5-16B,5.0,203.0826,-0.0875199794683354,0.007869679551924814
5-16B,5.0,204.0498,-0.10560160381546006,0.6778352301387276
5-16B,5.0,205.0351,0.7073293509779495,0.3435471031248738
5-16B,5.0,206.0822,0.529610354422644,0.89632184871786
5-16B,5.0,209.0292,-0.05310342368473536,0.5479205137602751
5-16B,5.0,209.0814,-0.21676531333166732,0.48111311763630493
5-16B,5.0,211.0235,-0.13091612363371166,0.41236549922016424
5-16B,5.0,211.9968,0.435646935421195,0.11849993055938761
5-16B,5.0,212.0331,0.061447179210349215,0.23302730921286885
5-16B,5.0,212.9807,-0.3168107882702744,0.04912851503384245
5-16B,5.0,213.014,0.32231990292987,0.290607999055008
5-16B,5.0,213.0384,0.23670876324547635,0.2596731949760672
5-16B,5.0,213.1252,-0.7023025726845591,1.1918950285255212
5-16B,5.0,214.0488,-0.24539211023444849,0.5750015598948474
5-16B,5.0,215.0331,0.2001399850728708,0.07248071278066401
5-16B,5.0,216.1351,-0.07391808269473155,0.17181274134966656
5-16B,5.0,218.0335,0.0993064051737057,0.04547606899900152
5-16B,5.0,218.1034,1.484823517616038,0.08797409076227393
5-16B,5.0,220.0828,-0.012093370665961153,0.35690351373141993
5-16B,5.0,221.0443,-0.2950488802872835,0.11504998795733003
5-16B,5.0,221.0664,0.1286747315183977,0.7836455973522037
5-16B,5.0,225.0399,0.5426043820058456,0.4811408757868161
5-16B,5.0,225.0861,-0.4849901465267526,0.3710169676697162
5-16B,5.0,225.0901,-0.7476959151342393,0.679250870318354
5-16B,5.0,226.0135,-0.4026228175976717,0.11898230281804201
5-16B,5.0,226.0697,-0.037759277873390416,0.1807774409473217
5-16B,5.0,228.0501,0.29409961523336847,0.47529027547201097
5-16B,5.0,229.0122,0.3566905007035983,0.28398888913067166
5-16B,5.0,237.0614,0.5776368223699455,0.45705719172536036
5-16B,5.0,238.0945,-0.40723837209382835,0.122697748542089
5-16B,5.0,240.0515,0.992171921186687,0.05177908977655433
5-16B,5.0,241.0844,0.7899956084039516,0.8795758888890102
5-16B,5.0,242.0804,0.04433675647999531,1.0876211101297175
5-16B,5.0,243.029,-0.05692258128703418,0.31392589784355035
5-16B,5.0,243.0625,1.1255036321087282,0.2708172327466467
5-16B,5.0,245.0444,0.3967993884381684,0.6533107784474372
5-16B,5.0,246.0198,-0.24554293093858626,0.2171806865900643
5-16B,5.0,246.064,-0.020243027822803794,0.4057978521821313
5-16B,5.0,251.0816,-0.14665607494357819,0.668397972227816
5-16B,5.0,253.0119,-0.15902696696698607,0.012825659486454824
5-16B,5.0,253.0499,0.4043206119685372,0.9389267974558632
5-16B,5.0,257.0072,-0.16798772454092198,0.1738292577572306
5-16B,5.0,257.1028,-0.3751006934796447,0.5493606358791973
5-16B,5.0,259.005,-0.07946049010563795,0.42379763863170045
5-16B,5.0,259.0227,0.15703811339439647,0.18615700758098713
5-16B,5.0,261.0385,-0.4350920025497462,0.3559169239709194
5-16B,5.0,266.0703,-0.017811415447089963,0.29254744950489675
5-16B,5.0,267.0724,1.377089355018024,0.1016969991289039
5-16B,5.0,268.02,-0.6286868481841181,0.561360278936255
5-16B,5.0,269.0398,0.2771541941284976,0.3402810356922203
5-16B,5.0,271.0612,0.09659016078197573,0.20827285605496618
5-16B,5.0,271.0815,-0.2339060019351344,0.1524395653465913
5-16B,5.0,273.0021,0.7649733297533338,0.2695237381743553
5-16B,5.0,274.0933,1.5437324714104252,0.1546279553924618
5-16B,5.0,275.0184,-0.017739994770700283,0.6016582740555207
5-16B,5.0,275.0991,-0.5068700783557756,0.2172822654942834
5-16B,5.0,277.1207,-0.5199219917054082,0.025561352312917025
5-16B,5.0,277.2169,-0.7599429443799022,0.11478358546831482
5-16B,5.0,279.2331,-0.38823929860228124,0.021216629161897156
5-16B,5.0,282.0839,1.690772663964423,0.5553116581309
5-16B,5.0,283.2063,-0.789865699695946,0.15176888074053482
5-16B,5.0,285.0972,-0.548550865946443,0.8665586353060852
5-16B,5.0,287.0157,-0.6448528018404007,0.29913165115532725
5-16B,5.0,288.0725,0.32236340562932775,0.28125220234239784
5-16B,5.0,289.0333,-0.2683142083874597,0.23575385428482276
5-16B,5.0,289.1044,0.792321682660547,0.16286606763249672
5-16B,5.0,290.9677,-0.00984883603466033,0.1050974950637797
5-16B,5.0,294.0479,-0.8908669810554382,0.6022824385063155
5-16B,5.0,300.0509,-0.2557740833113149,0.375007879771424
5-16B,5.0,301.0333,-0.5940586934644088,0.6677573910840163
5-16B,5.0,303.2326,-0.890380469651439,0.22505750914338948
5-16B,5.0,305.0207,-0.29920427564880614,0.09841883667287711
5-16B,5.0,306.0481,1.358258848709466,0.1858832099986009
5-16B,5.0,306.0765,0.31830715772658436,0.05787575617514093
5-16B,5.0,308.0986,-0.2645232856513049,0.030592515994900725
5-16B,5.0,313.0441,0.33755579195934415,0.4209310878387087
5-16B,5.0,313.1037,0.9330209867998658,0.8560288198809671
5-16B,5.0,317.026,-0.2644651610488709,0.4771570771778656
5-16B,5.0,323.0256,-0.8593378406319949,0.39664832089742963
5-16B,5.0,325.1163,-0.4535946688389727,0.4867418217490931
5-16B,5.0,328.0457,0.26449876817508794,0.1454978396831444
5-16B,5.0,333.0589,0.9384101607612415,0.27704519061731453
5-16B,5.0,338.9884,0.453336803947243,1.0184449242085774
5-16B,5.0,339.0928,0.10271586338826692,0.3348817436104402
5-16B,5.0,341.1089,0.04539381602449892,0.0860274188552233
5-16B,5.0,344.0393,-0.17999353552299577,0.3428671116999729
5-16B,5.0,346.0556,-0.24017026314959816,0.22407705068590805
5-16B,5.0,348.087,0.9207443162703535,0.3927994382766148
5-16B,5.0,353.0489,0.10588863551359826,0.15376564613544394
5-16B,5.0,357.089,0.07801539801891927,0.15309252740427243
5-16B,5.0,375.131,-0.3093341188874161,0.35189834820722327
5-16B,5.0,377.1496,-0.10986117868285437,0.5651116206231734
5-16B,5.0,383.1188,-0.5683445197802904,0.4467947882053994
5-16B,5.0,388.9416,-0.1422965901831545,0.5117705732021652
5-16B,5.0,388.9442,-0.31693138074518407,0.392919832863341
5-16B,5.0,401.0756,-0.47973516877891675,0.030846102325641108
5-16B,5.0,407.2795,-0.7047227183947073,0.23390707837578414
5-16B,5.0,421.0743,-0.04033961889319319,0.7108854276470611
5-16B,5.0,426.0222,-0.28117955506068704,0.14474977580431445
5-16B,5.0,442.9997,-0.20418101013759815,0.13484198569409514
5-16B,5.0,466.9657,-0.243212177017343,0.03864885967234074
5-16B,5.0,490.9787,-0.2610255370199602,0.41676539540242946
5-16B,5.0,503.1614,-0.11773134729220562,0.17967774493691552
5-16B,5.0,547.0731,0.7138724490452812,0.09131348817201118
5-16B,5.0,565.0471,-0.05178666119105234,0.35511573171656136
5-16B,5.0,578.8872,-0.33001877942072894,0.051288623191330325
5-16B,5.0,579.0269,-0.6718999316379625,0.048331660760952404
5-16B,5.0,612.2549,0.2898972895825466,0.5102259947487714
5-16B,5.0,624.2949,-0.37115239554313906,0.22817231643749528
5-16B,5.0,659.307,0.05593003767077705,0.08283682016577848
5-16B,5.0,664.0939,-0.12312211273962849,0.19346284904294792
5-16B,5.0,665.2144,-0.41920376307901835,0.4667716026288337
5-16B,5.0,668.1374,-0.4321255022170045,0.005241977238740569
5-16B,5.0,787.255,0.10235578297462071,0.19777265143639794
5-16B,5.0,790.2568,0.3071679132236699,0.4272622033653505
5-16B,5.0,835.0407,-0.4319691258425119,0.0515941907877595
5-16B,5.0,863.2971,-0.5637580600360933,0.15848362087566822
5-16B,5.0,864.1473,0.08675871615801617,0.42468072282410835
5-16B,5.0,974.2935,0.6646724777178682,0.5684156073433951
5-16B,5.0,976.7162,0.012360080659323702,0.04176644792871794
5-16B,6.0,57.0342,-0.4346905986813127,0.27324610750230083
5-16B,6.0,58.0295,0.2738608296875804,0.4302690790100402
5-16B,6.0,59.0135,-0.4245382321343981,0.14168255581857922
5-16B,6.0,71.0137,-0.6896753667630913,0.05850231130466729
5-16B,6.0,73.0293,1.3581236645065635,0.11940769699912936
5-16B,6.0,74.0247,0.26205723822361615,0.6893353548628679
5-16B,6.0,75.0087,1.8974134465730677,0.8772337411001375
5-16B,6.0,87.0088,0.945138866083722,0.05942664965216357
5-16B,6.0,87.0451,-0.08070881822543857,0.48719562641663977
5-16B,6.0,88.0403,0.3872931393690924,0.06393189096011766
5-16B,6.0,88.9883,0.9434940660607605,0.7562343233134032
5-16B,6.0,89.0244,1.637536026305381,0.22298146001989383
5-16B,6.0,93.0338,-0.002419039872892384,0.02967200124710268
5-16B,6.0,94.9761,-0.9127806652139782,0.23885752842877367
5-16B,6.0,94.9806,0.4545997980238932,0.2075246279954784
5-16B,6.0,95.0139,-0.5590998959491824,0.03804379467700381
5-16B,6.0,101.0242,-0.4013051805521649,0.13552113965688706
5-16B,6.0,102.056,-0.24454873504341612,0.04113094513095244
5-16B,6.0,103.0402,1.1777202678789593,0.10279801118843933
5-16B,6.0,103.0509,1.0187129022702948,0.11458990789024824
5-16B,6.0,104.0352,-0.5643546728071974,0.0700059543848665
5-16B,6.0,105.0193,0.6246507855950989,0.3911334878153591
5-16B,6.0,107.0503,-0.5485683178561667,0.26431894047327176
5-16B,6.0,109.0295,-0.24418897320468774,0.17011836015035
5-16B,6.0,111.02,0.1431703341514031,0.08312633203382083
5-16B,6.0,112.0516,-1.0104272202555893,0.5191302312402928
5-16B,6.0,113.0244,-0.742830358784772,0.029352744749057653
5-16B,6.0,113.0357,0.4467384505722799,0.10742678244615912
5-16B,6.0,114.056,-0.24325460040433194,0.004462269426592429
5-16B,6.0,115.0037,0.47838887902141936,0.09309371673693138
5-16B,6.0,115.0402,0.3619985026281523,0.43018166617974696
5-16B,6.0,115.0764,-0.6533131035773744,0.3152868603000462
5-16B,6.0,116.0354,0.11959933978804196,0.19690518337069526
5-16B,6.0,116.0717,0.705393946722429,0.009081879686147017
5-16B,6.0,117.0194,1.2853982281315433,0.13444150555445086
5-16B,6.0,118.0508,0.9919273021785358,0.29153498759204255
5-16B,6.0,118.9804,-0.7725036779878167,0.04527799049252781
5-16B,6.0,119.0503,-0.8251560093746373,0.0983140855596757
5-16B,6.0,120.9273,-0.3497875117059136,0.06958069862812058
5-16B,6.0,121.0295,-0.7694814031187064,0.09919176672894607
5-16B,6.0,121.0409,-0.3609210111014315,0.7674186177268626
5-16B,6.0,122.0248,0.05347446615205659,0.39187758826196345
5-16B,6.0,124.0075,-0.7153682245867141,0.2053559440457441
5-16B,6.0,124.0144,-0.326339526997607,0.12085484824307195
5-16B,6.0,125.0439,0.5667338627268366,0.2606997564873994
5-16B,6.0,127.0764,-0.9357838124893336,0.46328800851809177
5-16B,6.0,128.0354,-0.359322661718114,0.007489424561027809
5-16B,6.0,129.0193,0.9379284102692521,0.12222025482106624
5-16B,6.0,129.0556,-1.0241742963028555,0.3822094543818772
5-16B,6.0,130.0142,1.42156310668304,0.0859831201266623
5-16B,6.0,130.0509,0.3634323577110462,0.12114000320878121
5-16B,6.0,130.0874,0.5713716550855066,0.12959665438688844
5-16B,6.0,131.0008,0.7040502291280022,0.2411162572996186
5-16B,6.0,131.0123,0.7362232190349556,0.10581135666329522
5-16B,6.0,131.035,-0.03056676759341623,0.056653105458819374
5-16B,6.0,131.0462,0.021163470463119845,0.17829248527173044
5-16B,6.0,131.0828,-0.22399793876387336,0.23508577784040055
5-16B,6.0,132.0302,0.6067412062347883,0.06835993879517845
5-16B,6.0,133.0142,0.33217706535534275,0.14758466338765475
5-16B,6.0,133.0257,0.3696951497199892,0.04455678089659893
5-16B,6.0,133.0505,1.2863473427351748,0.16905180966941244
5-16B,6.0,134.0472,-0.1511176181216618,0.09423879056135648
5-16B,6.0,134.0604,1.789181407613305,1.0681155561731748
5-16B,6.0,135.0302,-0.019688650579298847,0.167070545025098
5-16B,6.0,135.0453,0.6081320654110733,0.2185036882189687
5-16B,6.0,136.0404,-0.01337452664195983,0.09459801918897977
5-16B,6.0,136.0487,0.4707673488372003,0.2728983742191537
5-16B,6.0,136.0767,-0.6020725098447954,0.6717698331343993
5-16B,6.0,137.0239,0.04684947395782289,0.050787444350184244
5-16B,6.0,138.9789,-0.04152942773141316,0.17937563120912198
5-16B,6.0,139.0014,1.9329539433773504,0.15825551089018075
5-16B,6.0,139.0067,-0.5689437483032977,0.07420841516759044
5-16B,6.0,139.976,-0.8525240403502916,0.5631296259376003
5-16B,6.0,143.0713,-0.9937416203220735,0.24409459701771558
5-16B,6.0,143.1077,-0.9641161040254163,0.15192973509510932
5-16B,6.0,145.0141,-0.1701804618869641,0.11482670361942343
5-16B,6.0,145.0506,0.03988893021129958,0.11397829114775948
5-16B,6.0,145.0623,-0.059504955693416954,0.3229958727832446
5-16B,6.0,145.0982,-0.4272482851271945,0.11967691085701011
5-16B,6.0,145.1106,-0.5083924893812658,0.418714358397497
5-16B,6.0,146.0459,-0.36724020736405494,0.008046523049747555
5-16B,6.0,147.0298,1.5396110098106415,0.19165155253579128
5-16B,6.0,147.0662,1.5490754290446038,0.22240849646315897
5-16B,6.0,149.0092,-0.7399180084859074,0.8671279818394091
5-16B,6.0,149.0456,0.10966264089616974,0.01903589755487796
5-16B,6.0,149.0608,-0.679228462758681,0.13083780509847678
5-16B,6.0,150.0422,0.3115037814243839,0.4837647885318151
5-16B,6.0,150.9707,-0.7469834839591755,1.2410274191642565
5-16B,6.0,151.0259,-0.5789323566797605,0.024229008090772924
5-16B,6.0,151.04,-0.9129196986440946,0.4144626406555535
5-16B,6.0,151.06,-0.7418091444697565,0.9296676603024496
5-16B,6.0,152.0353,-0.7681690036425548,0.31234555023836924
5-16B,6.0,152.0716,-0.683485302561853,0.26312548050994994
5-16B,6.0,153.0192,-0.5249481618868699,0.041964746254168524
5-16B,6.0,154.062,-0.49705648874811803,0.06742550820811863
5-16B,6.0,154.9751,0.9685553280642534,0.11733140327437301
5-16B,6.0,155.0099,0.1500597942598159,0.06189428237545766
5-16B,6.0,157.0128,1.7766252103971452,0.31069110423175017
5-16B,6.0,157.0255,0.5782097461942135,0.14202149643035322
5-16B,6.0,157.0379,0.7340420985572793,0.09426165058573742
5-16B,6.0,157.0504,1.0529138010322674,0.12660779192725927
5-16B,6.0,159.0297,-0.22649421265953645,0.09249274084924418
5-16B,6.0,159.0775,0.7015044912399202,0.11764914361779769
5-16B,6.0,160.0616,1.0452376859791992,0.3257754840054215
5-16B,6.0,161.0453,1.0796089585513324,0.09544039637664183
5-16B,6.0,162.0424,1.030624570986258,0.5346242878425571
5-16B,6.0,163.0351,-0.6240401113878269,0.256292369601736
5-16B,6.0,163.0398,1.3514333885007694,0.034042074649536826
5-16B,6.0,163.0611,0.22190698286246338,0.709580450350964
5-16B,6.0,164.0716,-0.4844424069376968,0.0913039359976566
5-16B,6.0,165.03,-0.5214646551544598,1.2658264214725432
5-16B,6.0,165.0405,-1.012512427360027,0.7633077855350738
5-16B,6.0,165.0556,0.15477541158929314,0.1833460703745767
5-16B,6.0,166.0508,0.717873454954171,0.15541745531161968
5-16B,6.0,166.0632,0.9209366082023759,1.6344883833793928
5-16B,6.0,166.9759,0.38060315395321237,0.341453820766689
5-16B,6.0,167.0207,-0.8702424685765242,0.42569344906968515
5-16B,6.0,167.0358,-1.2096922116855493,0.20452348477705928
5-16B,6.0,167.0828,-0.6484114138975655,0.7220276183926311
5-16B,6.0,168.0277,-0.39348910699791817,0.020127275036889974
5-16B,6.0,168.0664,0.04589210445359228,0.745595977795875
5-16B,6.0,170.0455,0.8483427933729137,0.07205996399458246
5-16B,6.0,171.0065,0.5419671567975728,0.1594008713037085
5-16B,6.0,171.0092,0.3695592380705198,0.14367439724238662
5-16B,6.0,171.0284,1.616050559203119,0.23194081208017014
5-16B,6.0,172.0616,0.8134762362680296,0.11747100633601983
5-16B,6.0,172.962,0.23887173795609107,0.05832010401139794
5-16B,6.0,173.0089,0.7104576268985969,0.21879233435198753
5-16B,6.0,173.0453,0.7358809726770459,0.1298332355165133
5-16B,6.0,173.0932,0.008009729221405207,0.09812567357133324
5-16B,6.0,173.1041,-0.5937558437596717,0.14841807004695207
5-16B,6.0,174.0407,0.33841713719170685,0.07222647264236069
5-16B,6.0,174.088,-0.28393213991611843,0.1990854924333047
5-16B,6.0,175.022,0.2619131111506168,0.21656726010582605
5-16B,6.0,175.0361,0.6154599433638316,0.09081219070031864
5-16B,6.0,175.0611,1.2702800783715609,0.12433103276054357
5-16B,6.0,176.0776,1.0340706100446495,0.27976395722235753
5-16B,6.0,177.0402,-0.16613887292193283,0.40325943272538217
5-16B,6.0,177.0553,-0.7695061544807471,0.31287122739725987
5-16B,6.0,178.0509,-0.00790977119165348,0.053598548721516225
5-16B,6.0,179.0348,0.16716567545564429,0.32462688474003026
5-16B,6.0,179.0561,-0.5112444335386785,0.020449378122084784
5-16B,6.0,180.0663,-0.55779656328636,0.03748270369508707
5-16B,6.0,181.0505,0.6293518771069231,0.07853344681913886
5-16B,6.0,182.9725,-0.6988834884162499,0.1627366670197583
5-16B,6.0,183.0661,-0.6958001380747507,0.19766312446892534
5-16B,6.0,184.0017,-0.547094542720397,0.058012771173282116
5-16B,6.0,184.9856,0.15884822903769036,0.09615936720046198
5-16B,6.0,186.1136,-1.372658122033103,0.5170883522307124
5-16B,6.0,187.0234,1.571173636347458,0.954582961823179
5-16B,6.0,188.035,-0.2440753641825696,0.6978301592458207
5-16B,6.0,188.0565,0.5610710927216105,0.02900104904667044
5-16B,6.0,189.0405,-0.2431476913463293,0.17991992198154352
5-16B,6.0,191.0197,0.24448482765360732,0.1769487101011206
5-16B,6.0,191.0561,1.3075791340179972,0.200050500963227
5-16B,6.0,192.0663,0.49071316908764506,0.48133923227894077
5-16B,6.0,193.0349,-0.10502995219118194,0.4424796250953875
5-16B,6.0,194.0682,-0.48839953569292627,0.1627964250885698
5-16B,6.0,194.0822,-0.8482908484877785,0.9749786504388572
5-16B,6.0,195.0509,-0.6329382127921712,0.08949249234297595
5-16B,6.0,195.0657,-0.1555609515246236,0.47200258444764137
5-16B,6.0,196.0603,0.4033789664798547,0.10845098270995354
5-16B,6.0,198.0182,0.2069315230410696,0.48038671965872
5-16B,6.0,199.0019,1.3842221826832612,0.48677614914930095
5-16B,6.0,200.9937,-0.42533470258964773,0.10237464318751242
5-16B,6.0,201.0051,0.9738376855458966,0.18356269231416295
5-16B,6.0,203.0348,-0.7881382428029561,0.2265634445945064
5-16B,6.0,203.0826,-0.09518362617927376,0.003537393282625668
5-16B,6.0,204.0498,-0.747204509468194,0.26396030201129955
5-16B,6.0,205.0351,0.4731408755012225,0.17566842700129753
5-16B,6.0,206.0822,0.5516906049607307,1.0927319290615956
5-16B,6.0,209.0292,1.159013762829749,0.13222366809830283
5-16B,6.0,209.0814,-0.3922073864971959,0.32879357805782083
5-16B,6.0,211.0235,0.401254229808096,0.23644206208383337
5-16B,6.0,211.9968,0.06260322828830303,0.1751031687871776
5-16B,6.0,212.0331,-0.1299906752307079,0.39973118512285094
5-16B,6.0,212.9807,0.264628342635168,0.2520009246504967
5-16B,6.0,213.014,1.4341654287038774,0.28940746577726695
5-16B,6.0,213.0384,0.7588653981387811,0.311822428085617
5-16B,6.0,213.1252,-0.16391467269263188,0.06324514997728863
5-16B,6.0,214.0488,-0.4996916930128932,0.8342580770552163
5-16B,6.0,215.0331,-0.36701978920426326,0.038067809166413745
5-16B,6.0,216.1351,-0.4437836258050137,0.12484926876622972
5-16B,6.0,218.0335,-0.5202376315264254,0.02440913932946919
5-16B,6.0,218.1034,1.282699678790177,0.11330354402439743
5-16B,6.0,220.0828,0.1534349907349804,0.390188347312
5-16B,6.0,221.0443,-0.7594895791127827,0.09124810546209455
5-16B,6.0,221.0664,0.004866072345815563,0.32463387317431436
5-16B,6.0,225.0399,-0.6303931129403874,0.701951414760033
5-16B,6.0,225.0861,-1.1097016414203003,0.7290083153939848
5-16B,6.0,225.0901,-0.5706010396975844,0.4907677438823139
5-16B,6.0,226.0135,-0.008142800370603831,0.3734400344087139
5-16B,6.0,226.0697,-0.18291757062773015,0.05655734037491093
5-16B,6.0,228.0501,0.07026804445061158,0.1575448746093876
5-16B,6.0,229.0122,0.29742821931623153,0.20500223647368135
5-16B,6.0,237.0614,0.46297097171113966,0.1962346104114217
5-16B,6.0,238.0945,-0.6338660262023428,0.2538331645350461
5-16B,6.0,240.0515,0.5181856735267414,0.02639359368866492
5-16B,6.0,241.0844,0.6639998122659039,0.23214638289679507
5-16B,6.0,242.0804,-0.11248233507185128,0.3425331091829807
5-16B,6.0,243.029,0.34610498054381567,0.5198130274896781
5-16B,6.0,243.0625,0.7544522355385818,0.3097340379616513
5-16B,6.0,245.0444,0.909029094779856,0.24163386078611632
5-16B,6.0,246.0198,-0.014384585076538088,0.2496470093467575
5-16B,6.0,246.064,-0.6484518301778746,0.29188446305799304
5-16B,6.0,251.0816,-0.3195891564371601,0.48779009353914043
5-16B,6.0,253.0119,-0.10104424594307237,0.03454842284589884
5-16B,6.0,253.0499,-0.35972788480934914,0.5757554216482355
5-16B,6.0,257.0072,0.5959460127164962,0.37620268995094425
5-16B,6.0,257.1028,-0.8587402159639033,0.47466115145502424
5-16B,6.0,259.005,-0.2532820338293003,0.5819551404283649
5-16B,6.0,259.0227,-0.47974643827340335,0.21482034012124154
5-16B,6.0,261.0385,0.014603343101763075,0.14975319542002158
5-16B,6.0,266.0703,-0.22007621820366652,0.275720705386419
5-16B,6.0,267.0724,2.2573355388375687,0.14118556279532454
5-16B,6.0,268.02,0.3417704918677854,0.7963521953388562
5-16B,6.0,269.0398,1.1278208796571094,0.22015730778839496
5-16B,6.0,271.0612,0.03932151706223015,0.24204087949495381
5-16B,6.0,271.0815,-0.38017161384162357,0.9063545317880766
5-16B,6.0,273.0021,1.1856414384601361,0.24882245103765094
5-16B,6.0,274.0933,1.1251764268683653,0.24137666955879203
5-16B,6.0,275.0184,-0.11591927536217106,0.3265556254538562
5-16B,6.0,275.0991,-0.31682572506827555,0.32689753073094385
5-16B,6.0,277.1207,-0.8894535494872431,0.023317203550081555
5-16B,6.0,277.2169,-1.1564514872521032,0.2519131693481852
5-16B,6.0,279.2331,-0.31968880971108304,0.05151456608199668
5-16B,6.0,282.0839,1.3975647919723273,0.883374937300979
5-16B,6.0,283.2063,-0.6929787491687025,0.24506247441625412
5-16B,6.0,285.0972,-0.7018360411272367,0.3698659603656965
5-16B,6.0,287.0157,-1.1067062211179657,0.3041766108911145
5-16B,6.0,288.0725,-0.1811000438809638,0.2083863656052346
5-16B,6.0,289.0333,-0.7546686153449502,0.18792983858527934
5-16B,6.0,289.1044,0.5930460365100285,0.339157749785405
5-16B,6.0,290.9677,-0.06187995421951259,0.10184438998482252
5-16B,6.0,294.0479,-1.7276016846253373,0.6737837219885824
5-16B,6.0,300.0509,0.08154427610512241,1.0435015072518112
5-16B,6.0,301.0333,-1.158690052012324,0.43657658696290974
5-16B,6.0,303.2326,-0.5932631791480858,0.13898976624699366
5-16B,6.0,305.0207,-0.8125188983360285,0.08850281951720895
5-16B,6.0,306.0481,0.873937941778035,0.19774216891918303
5-16B,6.0,306.0765,-0.21826897863490483,0.029630894786232893
5-16B,6.0,308.0986,-0.3525085976003204,0.027391909359790405
5-16B,6.0,313.0441,0.9297509594295825,0.22842076963718858
5-16B,6.0,313.1037,0.3465878724777024,0.5434728947824491
5-16B,6.0,317.026,-0.5517051326608293,0.7058768367324798
5-16B,6.0,323.0256,-1.2838633086843003,0.47924251449539296
5-16B,6.0,325.1163,0.13688481314140863,0.4402505601608127
5-16B,6.0,328.0457,0.0634409439276116,0.12444193758909329
5-16B,6.0,333.0589,0.9863226074054106,0.24112408042120614
5-16B,6.0,338.9884,0.34204818307522844,0.9301654512136449
5-16B,6.0,339.0928,-0.11786353784992723,0.2960630408887799
5-16B,6.0,341.1089,-0.40059536557040387,0.23417832211473705
5-16B,6.0,344.0393,-0.24811353611274026,0.20348585910941364
5-16B,6.0,346.0556,-0.49441550442919235,0.11887136253666584
5-16B,6.0,348.087,0.5139263846452721,0.1003907712511453
5-16B,6.0,353.0489,-0.36087238046325637,0.34998444198083983
5-16B,6.0,357.089,-0.24855082885786683,0.1406092930085928
5-16B,6.0,375.131,0.4790367838067179,0.3452460202070983
5-16B,6.0,377.1496,-0.2285509987553379,0.35004652477297743
5-16B,6.0,383.1188,-1.0295000171258941,0.3105922854457178
5-16B,6.0,388.9416,0.30697752912599846,0.1748212666328417
5-16B,6.0,388.9442,0.1965247556081336,0.41922986562616055
5-16B,6.0,401.0756,-0.9457440613442065,0.05827639573438705
5-16B,6.0,407.2795,-0.31695958432751353,0.36026517411075903
5-16B,6.0,421.0743,-0.2594707068227429,0.33681267259913567
5-16B,6.0,426.0222,-0.37850283420844494,0.27035345760561663
5-16B,6.0,442.9997,-0.43022854101748687,0.16338164428203691
5-16B,6.0,466.9657,-0.5661346858750754,0.16024911242874182
5-16B,6.0,490.9787,-1.1957524701154942,0.7281371270586618
5-16B,6.0,503.1614,-1.0365230917531996,0.29240662532089384
5-16B,6.0,547.0731,0.4477032934940508,0.07884435610711688
5-16B,6.0,565.0471,-0.13119345405573207,0.3636590748890932
5-16B,6.0,578.8872,-0.7724946181519401,0.04097048500907297
5-16B,6.0,579.0269,-0.8797795502114543,0.06654916351710763
5-16B,6.0,612.2549,0.3990617935793556,0.8234958209840141
5-16B,6.0,624.2949,-0.13770084898139043,0.03909139861637426
5-16B,6.0,659.307,0.07858143117823507,0.21999856197979287
5-16B,6.0,664.0939,0.13101279017379672,0.21406312415815404
5-16B,6.0,665.2144,-0.21775841871757307,0.43939621121816547
5-16B,6.0,668.1374,-0.5382168063184805,0.00565829233153909
5-16B,6.0,787.255,0.27931318111005277,0.2752843885804339
5-16B,6.0,790.2568,0.13537298806072018,0.19183353397107314
5-16B,6.0,835.0407,0.5729136540414145,0.1514604908137328
5-16B,6.0,863.2971,0.34341799414120827,0.16276825198655143
5-16B,6.0,864.1473,0.12061474238790332,0.4098101013313021
5-16B,6.0,974.2935,0.5092348593703645,0.8412654188746401
5-16B,6.0,976.7162,-0.22891564324647362,0.10844042447177726
5-16B,7.0,57.0342,-1.102751158247243,0.26928880116214243
5-16B,7.0,58.0295,0.19013043174589173,0.4235911045292944
5-16B,7.0,59.0135,-1.4998413001634578,0.10903742558393896
5-16B,7.0,71.0137,-1.1491524666572692,0.04981472325977527
5-16B,7.0,73.0293,1.2205962610908307,0.16929064553536052
5-16B,7.0,74.0247,1.1408983109279967,0.4867306459695104
5-16B,7.0,75.0087,-0.4456121098283584,0.23591996828615697
5-16B,7.0,87.0088,1.414463985974019,0.10533397883297999
5-16B,7.0,87.0451,-0.8234874046754139,0.32855709704899233
5-16B,7.0,88.0403,0.7272741460735042,0.14863013969242223
5-16B,7.0,88.9883,-0.17066561828638876,0.5074833726535423
5-16B,7.0,89.0244,1.15143113192951,0.2098477477996442
5-16B,7.0,93.0338,-0.03182098579397355,0.023081023495484333
5-16B,7.0,94.9761,-0.9858643654900043,0.2561228936487395
5-16B,7.0,94.9806,0.4162641367800005,0.25787443528835
5-16B,7.0,95.0139,-1.1248726262098412,0.044797074779667864
5-16B,7.0,101.0242,-0.8591577088798898,0.06333509563268057
5-16B,7.0,102.056,-0.07902691665429187,0.05430895008882283
5-16B,7.0,103.0402,1.3044594227277515,0.08319359018000425
5-16B,7.0,103.0509,1.3825314632319383,0.2685542835498172
5-16B,7.0,104.0352,0.44253746376926417,0.18929679911740818
5-16B,7.0,105.0193,-0.29559009329091457,0.40370463084790703
5-16B,7.0,107.0503,-0.6033414356553791,0.49006586208291003
5-16B,7.0,109.0295,-0.03302124237022529,0.12904008157548147
5-16B,7.0,111.02,0.21438713260568365,0.06408087917416375
5-16B,7.0,112.0516,-1.132723316766024,0.4431532046396934
5-16B,7.0,113.0244,-1.1484228639485994,0.031916765547436055
5-16B,7.0,113.0357,0.07922894446949949,0.07358647889559873
5-16B,7.0,114.056,-0.2384790695005963,0.00310488212569805
5-16B,7.0,115.0037,0.506263174422489,0.07421976856321359
5-16B,7.0,115.0402,0.21358782389257783,0.5636749693216082
5-16B,7.0,115.0764,-1.2207602200494603,0.5807300666807566
5-16B,7.0,116.0354,0.18927249076488184,0.2669154390968912
5-16B,7.0,116.0717,0.7967025238058638,0.10955212186597589
5-16B,7.0,117.0194,1.0676283952948757,0.12810950705561935
5-16B,7.0,118.0508,1.189994543879913,0.19889625746935663
5-16B,7.0,118.9804,-1.1151430871724601,0.03859310487307645
5-16B,7.0,119.0503,-0.9973602556631451,0.05919628941358291
5-16B,7.0,120.9273,-0.38090477957786917,0.06641618448376216
5-16B,7.0,121.0295,-0.9824191820648298,0.21522104260372282
5-16B,7.0,121.0409,-0.9424263786803432,0.2169740521783536
5-16B,7.0,122.0248,0.031207846476871,0.36666850334034845
5-16B,7.0,124.0075,-0.19242538483187233,0.20391691949139687
5-16B,7.0,124.0144,-0.9580792764838173,0.17222432441536686
5-16B,7.0,125.0439,-0.3549350747973597,0.3574402442456586
5-16B,7.0,127.0764,-0.8425700682335779,0.2716701046714175
5-16B,7.0,128.0354,-0.2544504825779203,0.012305472906628681
5-16B,7.0,129.0193,1.1078312837424975,0.14720983566291285
5-16B,7.0,129.0556,-0.44788679719850905,0.38405968672695046
5-16B,7.0,130.0142,1.484595570645263,0.5561275136238404
5-16B,7.0,130.0509,0.2658411423025643,0.08753468722004586
5-16B,7.0,130.0874,0.5169886514608276,0.13405139132571736
5-16B,7.0,131.0008,1.3516322010588473,0.15673481028998087
5-16B,7.0,131.0123,1.5682851094638242,0.19606835929143743
5-16B,7.0,131.035,-0.8416784902612766,0.11387496117528663
5-16B,7.0,131.0462,-0.4797969110359011,0.1788422901671102
5-16B,7.0,131.0828,0.28203409818951086,0.15106665385926604
5-16B,7.0,132.0302,0.36518093577654553,0.0582550656398441
5-16B,7.0,133.0142,0.2612537883868118,0.09909719817033878
5-16B,7.0,133.0257,0.39080454014700483,0.1139860423790408
5-16B,7.0,133.0505,0.9120142905559869,0.15096527280378294
5-16B,7.0,134.0472,-0.511080975162663,0.16059775721563108
5-16B,7.0,134.0604,0.8946611963005944,0.31694462436045867
5-16B,7.0,135.0302,0.489919932039233,0.1652506381007917
5-16B,7.0,135.0453,-0.02572751410438401,0.24821577823432336
5-16B,7.0,136.0404,0.18174392695299746,0.06017944134868107
5-16B,7.0,136.0487,0.19003371505932337,0.4101406905260406
5-16B,7.0,136.0767,-1.2584718617153419,0.5216629757220422
5-16B,7.0,137.0239,0.14941187941626827,0.05350522637653908
5-16B,7.0,138.9789,-0.7079637051882384,0.322376795740805
5-16B,7.0,139.0014,1.8013712591620648,0.2400041421160942
5-16B,7.0,139.0067,-0.6255842353970925,0.03559363151752409
5-16B,7.0,139.976,-0.0008739856206707239,0.32513499208968805
5-16B,7.0,143.0713,-1.2285880506883116,0.5611705347409439
5-16B,7.0,143.1077,-0.8746444956604752,0.42264880152012724
5-16B,7.0,145.0141,-0.04411860754507538,0.0595445989817987
5-16B,7.0,145.0506,0.8478462670414941,0.25661078300020557
5-16B,7.0,145.0623,0.6377282670220145,0.2347219420912157
5-16B,7.0,145.0982,-0.19425885277956761,0.19356478362741983
5-16B,7.0,145.1106,-0.6799352772886009,0.26517592926197864
5-16B,7.0,146.0459,-0.2960572776569125,0.010633813376154738
5-16B,7.0,147.0298,1.715281040301482,0.13015237590341802
5-16B,7.0,147.0662,0.8419090512078012,0.2368858543917081
5-16B,7.0,149.0092,-0.18226323018648666,0.8701617311922468
5-16B,7.0,149.0456,-0.6729176407672015,0.12799180135683277
5-16B,7.0,149.0608,-1.0819799917558173,0.21406354925358473
5-16B,7.0,150.0422,0.8185866739828809,0.6092540004570283
5-16B,7.0,150.9707,-0.2133496356714477,0.45504957746256885
5-16B,7.0,151.0259,0.17801517364720484,0.14712856532725171
5-16B,7.0,151.04,0.07206379128781161,0.5748417513272166
5-16B,7.0,151.06,0.9374457966621896,0.6813411387359684
5-16B,7.0,152.0353,-0.004921902991350008,0.24473988653502585
5-16B,7.0,152.0716,-0.894291557650809,0.22329268112856118
5-16B,7.0,153.0192,-0.975733083254875,0.026113627044500484
5-16B,7.0,154.062,0.2531785332899916,0.0313120130117094
5-16B,7.0,154.9751,1.1098823278991685,0.13656893792601574
5-16B,7.0,155.0099,0.13527046257214742,0.05707773868701534
5-16B,7.0,157.0128,1.5210700919874918,0.2657246940460194
5-16B,7.0,157.0255,0.39513266251027584,0.10823255585708216
5-16B,7.0,157.0379,0.48892557007904114,0.08800478713068399
5-16B,7.0,157.0504,1.0022301161603269,0.12017312875733974
5-16B,7.0,159.0297,-0.8770410827313115,0.1682540091365397
5-16B,7.0,159.0775,0.6037484207203467,0.13864181754758886
5-16B,7.0,160.0616,0.30209204712649884,0.4970971451191187
5-16B,7.0,161.0453,0.03988633789807357,0.27902807543991537
5-16B,7.0,162.0424,0.750944880033501,0.04961238359112944
5-16B,7.0,163.0351,-0.8505963901514466,0.2074650654405312
5-16B,7.0,163.0398,1.1316590824987829,0.13517786164071952
5-16B,7.0,163.0611,-0.12019251857773333,0.6011837899666762
5-16B,7.0,164.0716,-0.19905186779131437,0.05358569033155244
5-16B,7.0,165.03,-0.3419343585745923,0.46245567053014647
5-16B,7.0,165.0405,-0.19416430421644493,0.24133286142989646
5-16B,7.0,165.0556,-0.09084273978350059,0.10198062577285824
5-16B,7.0,166.0508,0.4373323557026143,0.23240851787256306
5-16B,7.0,166.0632,-0.5122457919796404,0.594197578959468
5-16B,7.0,166.9759,0.1368325986903923,0.4582588400923454
5-16B,7.0,167.0207,0.12762627184432684,0.6057758680120189
5-16B,7.0,167.0358,-0.855361578902206,0.41747625561095536
5-16B,7.0,167.0828,-0.0304479958885319,0.48281784707893177
5-16B,7.0,168.0277,-0.3126276237715847,0.0167085347989783
5-16B,7.0,168.0664,-1.0241558445627805,0.19074953278874088
5-16B,7.0,170.0455,1.678447587248166,0.02222210326976486
5-16B,7.0,171.0065,0.0612220889376022,0.1595242897427899
5-16B,7.0,171.0092,-0.13203681399162479,0.14400878901087766
5-16B,7.0,171.0284,1.3256914609447108,0.12540567672592415
5-16B,7.0,172.0616,0.1268811505745927,0.06220648792199583
5-16B,7.0,172.962,0.29746236979199825,0.12655115816859233
5-16B,7.0,173.0089,1.2428221646681163,0.2915497224001127
5-16B,7.0,173.0453,0.9833476191173914,0.13521022110229902
5-16B,7.0,173.0932,0.22858021998504935,0.13525747980841124
5-16B,7.0,173.1041,-0.35989863031859226,1.5082767985532484
5-16B,7.0,174.0407,0.19001829493581568,0.047738294373014564
5-16B,7.0,174.088,-0.11432003135959323,0.22562730470232603
5-16B,7.0,175.022,1.3259465357670823,0.27314075980790514
5-16B,7.0,175.0361,0.42260892727232324,0.07488689124980974
5-16B,7.0,175.0611,1.1475659848221125,0.08590119290137695
5-16B,7.0,176.0776,1.3523934995506615,0.30852808191339304
5-16B,7.0,177.0402,-0.6357702903940214,0.4254525097986117
5-16B,7.0,177.0553,-0.3662003469940731,0.3856175596007002
5-16B,7.0,178.0509,0.9816241259462201,0.09666020061898103
5-16B,7.0,179.0348,0.17402278867391907,0.14045240629563818
5-16B,7.0,179.0561,-1.0881027068062905,0.023103898509083322
5-16B,7.0,180.0663,-1.1851148216969734,0.02795552666131119
5-16B,7.0,181.0505,0.5781535798686623,0.21818966428374878
5-16B,7.0,182.9725,-1.165272636078222,0.07225726939303181
5-16B,7.0,183.0661,-0.9253964179226364,0.4585564170914583
5-16B,7.0,184.0017,-0.3565634355317637,0.06632123744265923
5-16B,7.0,184.9856,0.3439650937038462,0.17105898228202696
5-16B,7.0,186.1136,-1.0173338773381988,0.30640168898803993
5-16B,7.0,187.0234,0.6422137154062708,0.16196844678205682
5-16B,7.0,188.035,0.2799462096683893,1.052793631729033
5-16B,7.0,188.0565,0.5705868479401317,0.06604272385681777
5-16B,7.0,189.0405,-0.5323309697610097,0.0533435809626998
5-16B,7.0,191.0197,0.6324704850075447,0.2936684036666899
5-16B,7.0,191.0561,1.0702925835807964,0.13411517539504986
5-16B,7.0,192.0663,0.41801942660207075,0.8731885756738155
5-16B,7.0,193.0349,-0.23378493263123185,0.6175401320057833
5-16B,7.0,194.0682,1.432626511566077,0.6672053797832095
5-16B,7.0,194.0822,-1.0542110730266308,0.265431015859132
5-16B,7.0,195.0509,-0.570080011357984,0.2739344661401796
5-16B,7.0,195.0657,0.27693487253030497,0.5511385960365806
5-16B,7.0,196.0603,0.4489745438916457,0.1782325149259178
5-16B,7.0,198.0182,0.7940413459997484,0.3727427262893937
5-16B,7.0,199.0019,1.2873753388842908,0.12076589200451061
5-16B,7.0,200.9937,-0.7949647136809825,0.3743906539157938
5-16B,7.0,201.0051,1.0830247452290365,0.4583650304035973
5-16B,7.0,203.0348,2.112065326933604,0.4046712692181924
5-16B,7.0,203.0826,-0.082451110777636,0.007778738175118743
5-16B,7.0,204.0498,-0.7497675037650757,0.1469704602464423
5-16B,7.0,205.0351,0.6019346221753412,0.20391235502110205
5-16B,7.0,206.0822,-0.9522197928000622,0.2725129403062819
5-16B,7.0,209.0292,1.8509650138615439,0.12744757075769467
5-16B,7.0,209.0814,-0.6428389195908082,0.27323147823953414
5-16B,7.0,211.0235,1.6737730875434975,0.5669347359500505
5-16B,7.0,211.9968,0.11257512595503535,0.12343671290801729
5-16B,7.0,212.0331,0.016433413436370926,0.26104643293223645
5-16B,7.0,212.9807,0.798339018329786,0.13950163753753117
5-16B,7.0,213.014,1.711529439018471,0.1585665352352162
5-16B,7.0,213.0384,1.9367945071573471,0.36068833302352865
5-16B,7.0,213.1252,-0.3579847296664661,0.3914720025027066
5-16B,7.0,214.0488,-0.4525020797138004,0.45422883772503825
5-16B,7.0,215.0331,-1.0929707207779051,0.0204817578076329
5-16B,7.0,216.1351,-0.7475673806406054,0.13357966981604324
5-16B,7.0,218.0335,-1.098811638804108,0.02458087086322476
5-16B,7.0,218.1034,1.060033692596742,0.06947077404482216
5-16B,7.0,220.0828,-0.5162024712961013,0.8475534151748706
5-16B,7.0,221.0443,-1.0639288009173382,0.08982563601981171
5-16B,7.0,221.0664,-0.6598942085998396,0.3763947218960027
5-16B,7.0,225.0399,0.3403173922683905,0.7010902036770278
5-16B,7.0,225.0861,-0.40644050797265985,0.24596250259933342
5-16B,7.0,225.0901,-0.6743069114303228,0.31804298962026956
5-16B,7.0,226.0135,0.3946119693154605,0.17218013461151316
5-16B,7.0,226.0697,-0.23223693122230551,0.2522836658368152
5-16B,7.0,228.0501,0.8602425178730396,0.33277883992250284
5-16B,7.0,229.0122,0.6408945598301101,0.16181127279309962
5-16B,7.0,237.0614,0.6680704562228599,0.25580751084118153
5-16B,7.0,238.0945,-0.35101728097844687,0.25905833081328483
5-16B,7.0,240.0515,0.7519308924692296,0.09489886499761006
5-16B,7.0,241.0844,0.9271744633708201,0.7451803059715534
5-16B,7.0,242.0804,0.17231555533265175,0.5884966889634121
5-16B,7.0,243.029,1.5239855322172027,0.5006656174288664
5-16B,7.0,243.0625,0.9023851033934923,0.3795133844052596
5-16B,7.0,245.0444,1.6119861322931432,0.28816990069051246
5-16B,7.0,246.0198,0.18999127657528658,0.47021823998148526
5-16B,7.0,246.064,-0.8298332384162794,0.16986054269939896
5-16B,7.0,251.0816,-0.2132586806539442,0.28201210280409106
5-16B,7.0,253.0119,-0.12544803212883743,0.04212282319530068
5-16B,7.0,253.0499,0.3819260870629784,0.8167743404902443
5-16B,7.0,257.0072,0.4994491195892433,0.39224460846643533
5-16B,7.0,257.1028,-0.8370174238523221,0.19251962697198224
5-16B,7.0,259.005,0.8808838758970396,0.1432616290617052
5-16B,7.0,259.0227,-1.1245059931083294,0.07860066496419235
5-16B,7.0,261.0385,0.07322082199963106,0.17817961741207658
5-16B,7.0,266.0703,-0.05919186892109858,0.10340335389552527
5-16B,7.0,267.0724,1.260984640863669,0.1805740826523942
5-16B,7.0,268.02,0.31795558781743194,0.9313150051283609
5-16B,7.0,269.0398,1.5331309367331944,0.33362841767469315
5-16B,7.0,271.0612,-0.15097741363150774,0.48803575773423624
5-16B,7.0,271.0815,-0.24615484628198323,0.6363542820295132
5-16B,7.0,273.0021,0.9857739048755135,0.2096129850466738
5-16B,7.0,274.0933,0.5695210999136847,0.24037102531637775
5-16B,7.0,275.0184,-0.0794526854281962,0.31819493647019137
5-16B,7.0,275.0991,0.9868203616411313,0.4266473507527407
5-16B,7.0,277.1207,-1.0642828513711933,0.005834887651325818
5-16B,7.0,277.2169,-0.8636620722863011,0.258309509237184
5-16B,7.0,279.2331,0.17245473985786658,0.03164889307036302
5-16B,7.0,282.0839,-0.8704171373587406,0.13918014798296752
5-16B,7.0,283.2063,-0.019391094708232755,0.14517544594474838
5-16B,7.0,285.0972,-0.0587512596710694,0.4636885827116247
5-16B,7.0,287.0157,-1.1749073737055853,0.17139234729418112
5-16B,7.0,288.0725,-0.19314321857753433,0.39443275890172713
5-16B,7.0,289.0333,0.3934467059973225,0.23705464864369424
5-16B,7.0,289.1044,-0.007955204269588123,0.2931035351838942
5-16B,7.0,290.9677,0.03169379587577507,0.10250662663243726
5-16B,7.0,294.0479,-1.383959787027233,0.6058924944412766
5-16B,7.0,300.0509,-0.4950683040939158,0.403068107147251
5-16B,7.0,301.0333,0.1575979135697809,0.49507346784099476
5-16B,7.0,303.2326,-0.6878165957921805,0.1560883356288556
5-16B,7.0,305.0207,-1.050779869397038,0.08733032464694061
5-16B,7.0,306.0481,1.0140979166419541,0.33036116354780587
5-16B,7.0,306.0765,-0.15650843141538145,0.014334712640708949
5-16B,7.0,308.0986,-0.3677911059544344,0.03887301955416646
5-16B,7.0,313.0441,0.5729982342990267,0.3799146756064723
5-16B,7.0,313.1037,0.39386464155684764,0.3239003277711709
5-16B,7.0,317.026,-0.45595847545684315,0.7850679740746078
5-16B,7.0,323.0256,-1.0341974497196185,0.3782284092290199
5-16B,7.0,325.1163,-0.24764581573662442,0.3334807054444385
5-16B,7.0,328.0457,0.19250773713889957,0.17344933127019932
5-16B,7.0,333.0589,0.6933358761565538,0.37276892926496497
5-16B,7.0,338.9884,0.3331923246503997,0.6126246629244546
5-16B,7.0,339.0928,-0.6139492268006485,0.2897057797294249
5-16B,7.0,341.1089,-0.4091254417981706,0.10514986728633045
5-16B,7.0,344.0393,-0.4173148279001701,0.2909299435830471
5-16B,7.0,346.0556,-0.19560867224104983,0.3998138810671766
5-16B,7.0,348.087,0.6028679520495791,0.25836244470206254
5-16B,7.0,353.0489,-0.23146588084146816,0.5350144257565004
5-16B,7.0,357.089,0.20911008407698395,0.23637778016968794
5-16B,7.0,375.131,-0.02884750143058054,0.4506423561027521
5-16B,7.0,377.1496,0.10149555973499066,0.18496358459146173
5-16B,7.0,383.1188,-1.297030713336699,0.42303353045728576
5-16B,7.0,388.9416,0.24652702470068052,0.5063391758761231
5-16B,7.0,388.9442,0.02786038523625891,0.46790470205532325
5-16B,7.0,401.0756,-1.153380428132253,0.014855633993136318
5-16B,7.0,407.2795,-0.2968746016961261,0.2929362036874049
5-16B,7.0,421.0743,-0.4616002448267241,0.47322991559994354
5-16B,7.0,426.0222,-0.09340287529324827,0.5341548379548287
5-16B,7.0,442.9997,-0.32179457315886006,0.049649566513842856
5-16B,7.0,466.9657,-0.9714736123067071,0.1745568783692346
5-16B,7.0,490.9787,-0.11269677609098344,1.2607648560912519
5-16B,7.0,503.1614,-0.870823068724057,0.33369717407548255
5-16B,7.0,547.0731,0.8016962807755861,0.20455114789960632
5-16B,7.0,565.0471,-0.09331131434047202,0.14516044435071068
5-16B,7.0,578.8872,-1.107571874129853,0.0793080741655641
5-16B,7.0,579.0269,-0.9776938633076642,0.09612581665584896
5-16B,7.0,612.2549,-0.13359904861783997,0.576534949806835
5-16B,7.0,624.2949,0.38174760831999244,0.6863846392361023
5-16B,7.0,659.307,-0.7096870628813046,0.33025566016816016
5-16B,7.0,664.0939,-0.2235706909662788,0.11092482720142302
5-16B,7.0,665.2144,0.18863566729856,0.8647027279541748
5-16B,7.0,668.1374,1.3859450356422576,0.1199730434324817
5-16B,7.0,787.255,-0.9149929335142416,0.3772855418314392
5-16B,7.0,790.2568,-0.7843111225860482,0.16582349997470214
5-16B,7.0,835.0407,-0.2399151890265801,0.23975718477195093
5-16B,7.0,863.2971,0.10987849948664168,0.12586450154541087
5-16B,7.0,864.1473,-0.29784574181350165,0.5159154827414211
5-16B,7.0,974.2935,-0.2610754616438132,0.36997612195812696
5-16B,7.0,976.7162,-1.1959296337124812,0.06322710513127767
5-16B,8.0,57.0342,-0.8066916360555642,0.6135038182485643
5-16B,8.0,58.0295,-0.2376226881736047,0.13911691605191032
5-16B,8.0,59.0135,-1.5206746788319876,0.07611954298362386
5-16B,8.0,71.0137,-1.3009115683100996,0.01549382182985957
5-16B,8.0,73.0293,1.8312460932495553,0.2354336819341552
5-16B,8.0,74.0247,0.5312743837126364,0.5416081523331661
5-16B,8.0,75.0087,0.3406150121779218,0.29873863595320277
5-16B,8.0,87.0088,2.5304963066575947,0.09839628868683231
5-16B,8.0,87.0451,-1.002740155553236,0.4153769961294376
5-16B,8.0,88.0403,1.1243796325897324,0.1292434562817946
5-16B,8.0,88.9883,0.07614823107123082,0.5951013316190186
5-16B,8.0,89.0244,2.005958091592917,0.1949159471969105
5-16B,8.0,93.0338,-0.009507943204398607,0.017896793126017982
5-16B,8.0,94.9761,-0.8625652360802034,0.22708479466934792
5-16B,8.0,94.9806,1.117215569606457,0.4418476815350893
5-16B,8.0,95.0139,-1.2544312336718972,0.08772682031709447
5-16B,8.0,101.0242,-0.7801764336439927,0.1179353145580836
5-16B,8.0,102.056,0.24465884355338943,0.12384484367402421
5-16B,8.0,103.0402,1.9456067886335715,0.06228635130615836
5-16B,8.0,103.0509,1.9071070627580284,0.18110198552670517
5-16B,8.0,104.0352,-0.6679582936374264,0.2710565451842476
5-16B,8.0,105.0193,-0.22455328703584776,0.721035084431423
5-16B,8.0,107.0503,0.42193545336537724,0.8073831118822333
5-16B,8.0,109.0295,0.12150878582320586,0.03018504643974636
5-16B,8.0,111.02,0.49713742148946616,0.08196149653932713
5-16B,8.0,112.0516,0.3321712305654868,0.8757538073486475
5-16B,8.0,113.0244,-1.278352168982459,0.017858662847773175
5-16B,8.0,113.0357,0.15300087673159465,0.06507615298667246
5-16B,8.0,114.056,-0.2420989341549004,0.0005433533438127982
5-16B,8.0,115.0037,0.43808578523805464,0.09063958586458978
5-16B,8.0,115.0402,1.1361754198418632,0.6511108165728304
5-16B,8.0,115.0764,-0.5211515581306668,0.7884065426266326
5-16B,8.0,116.0354,1.2247596656275708,0.44086314187793396
5-16B,8.0,116.0717,1.2811638295319034,0.08625574072450959
5-16B,8.0,117.0194,1.8649865914534223,0.13971500621517619
5-16B,8.0,118.0508,1.5047934299300108,0.11504254515550179
5-16B,8.0,118.9804,-1.2749725698319194,0.02096885322939306
5-16B,8.0,119.0503,-0.28317793915719647,0.49638588118077825
5-16B,8.0,120.9273,-0.34227956626006384,0.06256435201816336
5-16B,8.0,121.0295,-0.11918957214572648,0.5159414224534186
5-16B,8.0,121.0409,-0.2784515823221003,0.763495661636382
5-16B,8.0,122.0248,0.27073536030160283,0.502922323913338
5-16B,8.0,124.0075,-0.03865480039338906,0.5028095379128259
5-16B,8.0,124.0144,-0.9622388797726154,0.13968011861090784
5-16B,8.0,125.0439,-0.3949485970825669,0.40496234029066386
5-16B,8.0,127.0764,-0.8267413192090157,0.4158972522209052
5-16B,8.0,128.0354,-0.3630084032639752,0.010972804116390808
5-16B,8.0,129.0193,1.1772950028806486,0.22750556100469563
5-16B,8.0,129.0556,-0.48150222765142797,0.5625521951903828
5-16B,8.0,130.0142,-0.16083824996858254,1.3133229208587178
5-16B,8.0,130.0509,0.3326140791609993,0.056112060543481466
5-16B,8.0,130.0874,0.7366006834834364,0.0702108651300054
5-16B,8.0,131.0008,2.2767079670387007,0.4242709132739464
5-16B,8.0,131.0123,2.556201865578539,0.15329682122338784
5-16B,8.0,131.035,-1.0485542454581744,0.1635347036487413
5-16B,8.0,131.0462,-1.10515534334194,0.232678257953122
5-16B,8.0,131.0828,-0.6605909040893075,0.05678129234080741
5-16B,8.0,132.0302,0.39571134394655094,0.05072361076247632
5-16B,8.0,133.0142,0.08648181338771747,0.10617570333304213
5-16B,8.0,133.0257,0.14818186684162693,0.14967256285461283
5-16B,8.0,133.0505,1.308182471691667,0.1511895597290118
5-16B,8.0,134.0472,-0.37641333057336634,0.20718210071076185
5-16B,8.0,134.0604,1.4434691651416043,0.31157411271291013
5-16B,8.0,135.0302,0.8908863023058811,0.07551474927382011
5-16B,8.0,135.0453,0.6347019657113092,0.14941541300429056
5-16B,8.0,136.0404,0.5786014680987471,0.12958149299351968
5-16B,8.0,136.0487,0.6950761870517977,0.28734838066206275
5-16B,8.0,136.0767,-0.19517313433484262,0.5704260413360588
5-16B,8.0,137.0239,0.391824032915173,0.04194415500136684
5-16B,8.0,138.9789,0.20721546173238856,0.38780530699093674
5-16B,8.0,139.0014,2.449029111739134,0.10717428837233042
5-16B,8.0,139.0067,-0.45721546196739243,0.015274261966139542
5-16B,8.0,139.976,1.0173536475422225,0.4078914573480362
5-16B,8.0,143.0713,-0.9385164502359509,0.48321359066659075
5-16B,8.0,143.1077,-0.2072570317507514,0.5840591787189846
5-16B,8.0,145.0141,0.02812314279411586,0.18635883444485457
5-16B,8.0,145.0506,0.8469521649077809,0.16646028285582254
5-16B,8.0,145.0623,0.12662254564115832,0.13384694051457655
5-16B,8.0,145.0982,-0.770566975132472,0.09374954770218114
5-16B,8.0,145.1106,0.04603380113524086,0.27069488168083566
5-16B,8.0,146.0459,-0.15918866040585378,0.013153992989546502
5-16B,8.0,147.0298,1.7728222137858916,0.134709342605009
5-16B,8.0,147.0662,0.9218895611781508,0.08952489630208564
5-16B,8.0,149.0092,-0.786389240010859,0.7448655749790674
5-16B,8.0,149.0456,-1.0504190024690718,0.08582146550868343
5-16B,8.0,149.0608,0.34357172325234814,0.4484168373451596
5-16B,8.0,150.0422,-0.026993960990319615,0.9692982048621399
5-16B,8.0,150.9707,0.36158714205031467,0.7938710992068823
5-16B,8.0,151.0259,0.9486770426637694,0.2317757132446007
5-16B,8.0,151.04,0.20123911905802475,0.4990187208869845
5-16B,8.0,151.06,-0.08241019264994992,0.7324210830678779
5-16B,8.0,152.0353,0.8042923335681059,0.4676582405582591
5-16B,8.0,152.0716,-0.6811107640189236,0.5133280235203926
5-16B,8.0,153.0192,-1.1370844800127289,0.04463199803040397
5-16B,8.0,154.062,-0.46418221301892826,0.062276928946958326
5-16B,8.0,154.9751,1.8513913328198455,0.13822977568962394
5-16B,8.0,155.0099,0.393449302997242,0.06466048690403968
5-16B,8.0,157.0128,2.291646658105075,0.21864331525247438
5-16B,8.0,157.0255,0.5723189702825062,0.06473454341013749
5-16B,8.0,157.0379,0.5674064596863035,0.08609164287937454
5-16B,8.0,157.0504,1.0448551987852461,0.12237082665037552
5-16B,8.0,159.0297,-1.1433400185650848,0.20144301631357342
5-16B,8.0,159.0775,1.104940154187231,0.08705335388721898
5-16B,8.0,160.0616,0.5263493800631092,0.5520834861358737
5-16B,8.0,161.0453,-0.2633128004134325,0.19737356353759972
5-16B,8.0,162.0424,1.0273912797613707,0.21014167947094167
5-16B,8.0,163.0351,-0.5874430508250508,0.11439534157301126
5-16B,8.0,163.0398,1.2390189909329412,0.05607746381445515
5-16B,8.0,163.0611,-0.02896598486034755,0.8920110114429052
5-16B,8.0,164.0716,0.48335486965525715,0.0688095853005054
5-16B,8.0,165.03,-0.28459052920018746,0.52674892772664
5-16B,8.0,165.0405,-0.38046542793945815,0.35830492457159885
5-16B,8.0,165.0556,0.28038708870362505,0.11677713123981832
5-16B,8.0,166.0508,0.7500403295612291,0.305244187507381
5-16B,8.0,166.0632,0.6454233348539524,0.3535997430621433
5-16B,8.0,166.9759,1.372626957995731,0.4876993897900113
5-16B,8.0,167.0207,-0.7803968462626835,0.08164639968356983
5-16B,8.0,167.0358,0.18850746092117593,0.2930301015273874
5-16B,8.0,167.0828,0.45571203576193164,1.3054324962193116
5-16B,8.0,168.0277,-0.1529838445921522,0.03769980138165691
5-16B,8.0,168.0664,-0.027065710252069518,0.3847087161072932
5-16B,8.0,170.0455,1.8431457059554806,0.13040547483242498
5-16B,8.0,171.0065,0.7362696354686167,0.06316628467615684
5-16B,8.0,171.0092,0.6452531072724028,0.11825707407985915
5-16B,8.0,171.0284,1.8830951751832794,0.18191338741239282
5-16B,8.0,172.0616,0.045661713076498675,0.055288802474347434
5-16B,8.0,172.962,0.793563104311418,0.11961561849670525
5-16B,8.0,173.0089,1.3847812736783922,0.26583451763271043
5-16B,8.0,173.0453,0.8368967695305916,0.18358630990703975
5-16B,8.0,173.0932,0.7558262594040275,0.15024249337503262
5-16B,8.0,173.1041,-0.7392696128877478,0.1276784325821949
5-16B,8.0,174.0407,0.07870715529411038,0.02588371385375986
5-16B,8.0,174.088,-0.4314394122697883,0.08907469006874326
5-16B,8.0,175.022,2.20765115594269,0.35616410831334433
5-16B,8.0,175.0361,0.6222915389386271,0.0855379319228981
5-16B,8.0,175.0611,0.9645770493122323,0.04504092838559207
5-16B,8.0,176.0776,0.9382120126365892,0.16927156643664337
5-16B,8.0,177.0402,-0.5335283272288353,0.24082044084867868
5-16B,8.0,177.0553,-0.2043187401369413,0.33747846405644977
5-16B,8.0,178.0509,1.028011187183115,0.12075198388395231
5-16B,8.0,179.0348,-0.01853614578212368,0.17259647718836482
5-16B,8.0,179.0561,-1.2707513354320576,0.0020396199990952574
5-16B,8.0,180.0663,-1.3449800971543926,0.055314134154118184
5-16B,8.0,181.0505,0.7290766281450585,0.06269468476351976
5-16B,8.0,182.9725,-1.1716737071098005,0.10861634046075515
5-16B,8.0,183.0661,-0.7839965317332698,0.16838019009958416
5-16B,8.0,184.0017,-0.22277233481677428,0.08308465351031781
5-16B,8.0,184.9856,1.576208570958873,0.10872031459731026
5-16B,8.0,186.1136,0.006338351425692091,0.5204631234600743
5-16B,8.0,187.0234,1.7309346329735433,0.3864311875229783
5-16B,8.0,188.035,0.08978580348742277,0.5155624923333811
5-16B,8.0,188.0565,0.5172809384811032,0.030777215633682586
5-16B,8.0,189.0405,-0.5671333419292073,0.07720778553281095
5-16B,8.0,191.0197,0.5714294730148004,0.30693432212319965
5-16B,8.0,191.0561,0.5561121772344072,0.1331320639615109
5-16B,8.0,192.0663,-0.634032956977499,0.3632921039930368
5-16B,8.0,193.0349,-0.21618298593816176,0.2996754312539302
5-16B,8.0,194.0682,1.5730896087272297,0.35759036995440563
5-16B,8.0,194.0822,-0.5996612440445717,0.5963840214413585
5-16B,8.0,195.0509,-1.0243243157531978,0.033142031706352125
5-16B,8.0,195.0657,1.0593775518802637,0.41614169275983093
5-16B,8.0,196.0603,0.41577277679877045,0.14097668758994236
5-16B,8.0,198.0182,1.9808960670166473,0.4069275987589752
5-16B,8.0,199.0019,2.1483978149768532,0.6006851366228417
5-16B,8.0,200.9937,-0.6987891379795479,0.12005527984533289
5-16B,8.0,201.0051,1.112294770264577,0.8594865051518814
5-16B,8.0,203.0348,2.340722153405971,0.4019332507884242
5-16B,8.0,203.0826,-0.08551355227826687,0.010963948525630124
5-16B,8.0,204.0498,-0.8266573326715285,0.3258954350778243
5-16B,8.0,205.0351,0.21079425987403405,0.21715927188720863
5-16B,8.0,206.0822,-0.14506396757444903,0.4968779314021908
5-16B,8.0,209.0292,2.6425517479118192,0.13424426149105043
5-16B,8.0,209.0814,-1.024590317892342,0.42923777564794363
5-16B,8.0,211.0235,2.1274578852618733,0.730220535818739
5-16B,8.0,211.9968,0.4201865678795912,0.08948413409425184
5-16B,8.0,212.0331,0.5488376086251487,0.27574680850970895
5-16B,8.0,212.9807,2.006336434838831,0.20713290734955636
5-16B,8.0,213.014,2.326545992042083,0.28361359018585275
5-16B,8.0,213.0384,2.393901325582463,0.29680120015844996
5-16B,8.0,213.1252,-0.7148232215215806,0.6092469365167935
5-16B,8.0,214.0488,0.3497213463707779,0.452949571454494
5-16B,8.0,215.0331,-1.3539748518750911,0.007099099298612156
5-16B,8.0,216.1351,-0.9509453115442643,0.11014918597974636
5-16B,8.0,218.0335,-1.3334343574754448,0.005786555543083717
5-16B,8.0,218.1034,0.8377610023028337,0.03636635054736287
5-16B,8.0,220.0828,-1.48805459315769,0.545583431658855
5-16B,8.0,221.0443,-1.229451196468416,0.08405781184376841
5-16B,8.0,221.0664,0.6584423698162929,0.18632862784527002
5-16B,8.0,225.0399,-0.03221112348573474,0.4095274402255189
5-16B,8.0,225.0861,0.34749781163891136,0.3935864013703259
5-16B,8.0,225.0901,0.48124639374141975,0.43276666308567385
5-16B,8.0,226.0135,1.1752972513106,0.435842146363691
5-16B,8.0,226.0697,-0.38493311751730086,0.17914796730190743
5-16B,8.0,228.0501,0.5645354133638549,0.24216355844366158
5-16B,8.0,229.0122,0.8820856727883719,0.29206748219368756
5-16B,8.0,237.0614,1.0710247418713428,0.2665294098322993
5-16B,8.0,238.0945,-0.5013760130312113,0.10043571369750906
5-16B,8.0,240.0515,0.5813769110176408,0.038772734166519995
5-16B,8.0,241.0844,1.4505416165596334,0.6554131891456128
5-16B,8.0,242.0804,0.5376259295223941,0.8445884855317135
5-16B,8.0,243.029,2.9767048792810464,0.23577959781393976
5-16B,8.0,243.0625,1.1832137069312483,0.44035001923922457
5-16B,8.0,245.0444,2.1364039409722215,0.15880116191044308
5-16B,8.0,246.0198,0.7823943201776116,0.5555552081459003
5-16B,8.0,246.064,-1.0696253331418775,0.04158429210715807
5-16B,8.0,251.0816,-0.345879658691252,0.5834733857057777
5-16B,8.0,253.0119,0.0026243876809857666,0.0374399756120978
5-16B,8.0,253.0499,-0.4091275721010228,0.8597079807378993
5-16B,8.0,257.0072,1.2452896893853018,0.7395205301419168
5-16B,8.0,257.1028,-1.3124596662944747,0.4678631245540558
5-16B,8.0,259.005,2.258871860529874,0.22009292181500936
5-16B,8.0,259.0227,-1.2275974974638646,0.09036500829000908
5-16B,8.0,261.0385,0.2711058145666796,0.09149736343756519
5-16B,8.0,266.0703,0.2294011212553925,0.32785843481352817
5-16B,8.0,267.0724,0.4324436765759889,0.06621051315807579
5-16B,8.0,268.02,1.2526905717938053,1.140170087276347
5-16B,8.0,269.0398,2.5171785414430197,0.30819901269797595
5-16B,8.0,271.0612,0.3083648328706183,0.501659939597637
5-16B,8.0,271.0815,-0.10637391667676702,0.6120859506677667
5-16B,8.0,273.0021,1.8856079369968126,0.2524996058707461
5-16B,8.0,274.0933,-0.008177641075966219,0.2952357240451702
5-16B,8.0,275.0184,0.4037296311969707,0.29107199205584644
5-16B,8.0,275.0991,1.2796438039514628,0.12339743565654633
5-16B,8.0,277.1207,-1.107077451208018,0.02553376555362135
5-16B,8.0,277.2169,-0.45737058953457477,0.17178137683204606
5-16B,8.0,279.2331,-0.30855886151877177,0.015842626390049342
5-16B,8.0,282.0839,-0.718101359700509,0.4528972471893777
5-16B,8.0,283.2063,-0.34116667444020654,0.09345997651948673
5-16B,8.0,285.0972,0.35191041895282454,0.9466017905112766
5-16B,8.0,287.0157,-1.1796934195012079,0.2989401504500916
5-16B,8.0,288.0725,-0.05655599336033157,0.20343013128695678
5-16B,8.0,289.0333,0.723964753050401,0.2846354252902897
5-16B,8.0,289.1044,0.7013250159227882,0.22898007776319776
5-16B,8.0,290.9677,0.37102717534220286,0.16044566857288814
5-16B,8.0,294.0479,-0.6557435774356827,0.6563971824375611
5-16B,8.0,300.0509,1.1742251155822998,0.7829745452043312
5-16B,8.0,301.0333,0.1881761861359778,0.740861454303903
5-16B,8.0,303.2326,-0.36531979894865213,0.22272619374397387
5-16B,8.0,305.0207,-1.2055684594400748,0.07850964688740067
5-16B,8.0,306.0481,0.9192070019825307,0.37610213426522077
5-16B,8.0,306.0765,0.8219945473980022,0.08136801649147493
5-16B,8.0,308.0986,-0.4033562045516075,0.017484655148556627
5-16B,8.0,313.0441,0.43589608037561406,0.3044731655371087
5-16B,8.0,313.1037,-0.06985005090030044,0.43959484655230685
5-16B,8.0,317.026,-0.2126023883967118,0.391570212965722
5-16B,8.0,323.0256,-0.771908036088183,0.1135250567603719
5-16B,8.0,325.1163,0.04736200086944195,0.39261156407582254
5-16B,8.0,328.0457,0.39794070691896194,0.18989224658178008
5-16B,8.0,333.0589,1.6189365046894835,0.26357726361608824
5-16B,8.0,338.9884,0.8084567267828756,0.14885678774026764
5-16B,8.0,339.0928,-1.4361088132339175,0.22060294811640796
5-16B,8.0,341.1089,-0.09572876862605395,0.13569520451675934
5-16B,8.0,344.0393,0.3490351787344554,0.339470327674247
5-16B,8.0,346.0556,-0.28290055580163076,0.17102387776188677
5-16B,8.0,348.087,0.9299176617873894,0.3053615156770663
5-16B,8.0,353.0489,0.624262648449432,0.36297203616598206
5-16B,8.0,357.089,0.6398497668391965,0.35490106987426573
5-16B,8.0,375.131,0.3542777520672421,0.4622621478124024
5-16B,8.0,377.1496,-0.9394205093498919,0.8887182775598667
5-16B,8.0,383.1188,-0.5588361590102779,0.4735193854653442
5-16B,8.0,388.9416,0.31220164679238394,0.2253467030575883
5-16B,8.0,388.9442,0.20921189851221267,0.14439684229183541
5-16B,8.0,401.0756,-1.1664736304520458,0.037292050442367046
5-16B,8.0,407.2795,-1.0801889243202356,0.2708423560266505
5-16B,8.0,421.0743,-0.09228879922131919,0.2981406857861043
5-16B,8.0,426.0222,0.058879432079125854,0.3921941479474449
5-16B,8.0,442.9997,-0.4084270025062286,0.11295239135501625
5-16B,8.0,466.9657,-1.082735776031471,0.19550179775785312
5-16B,8.0,490.9787,-0.4784038935538053,0.9273698200478743
5-16B,8.0,503.1614,0.6325821701607142,0.3396257402254089
5-16B,8.0,547.0731,1.0372919522432293,0.22542025388053324
5-16B,8.0,565.0471,0.34087628701135464,0.2932371877017923
5-16B,8.0,578.8872,-1.2175783694886397,0.030714929394313
5-16B,8.0,579.0269,-0.9051996122652779,0.05815200147651965
5-16B,8.0,612.2549,0.9077219292240613,0.4804308199032745
5-16B,8.0,624.2949,1.0092893862158827,0.49196567487015114
5-16B,8.0,659.307,-0.8383469780036662,0.12395728902458664
5-16B,8.0,664.0939,0.11192756031073317,0.3080590475365266
5-16B,8.0,665.2144,1.027699319030145,0.8785787583336576
5-16B,8.0,668.1374,1.2576108317431736,0.04014099789908096
5-16B,8.0,787.255,-0.8043163982846604,0.7858391685045623
5-16B,8.0,790.2568,-0.7423311596702898,0.3670000123720942
5-16B,8.0,835.0407,0.1833651589700061,0.25022186347796516
5-16B,8.0,863.2971,1.0706537819453192,0.3320371107737673
5-16B,8.0,864.1473,-0.05949931715509624,0.7370928888885555
5-16B,8.0,974.2935,0.2520062343174159,0.38642116879420324
5-16B,8.0,976.7162,-1.276792834249226,0.038336874849139696
5-16B,9.0,57.0342,-0.9035050264468778,0.39154759760777047
5-16B,9.0,58.0295,-0.387487965648946,0.3602242547783396
5-16B,9.0,59.0135,-1.6760643806958375,0.1677939039995143
5-16B,9.0,71.0137,-1.426084991323529,0.028508270018733402
5-16B,9.0,73.0293,1.5983884044109788,0.08193994667464098
5-16B,9.0,74.0247,0.15276610653533607,0.19823047782924297
5-16B,9.0,75.0087,0.07790288981739689,0.45702265275867926
5-16B,9.0,87.0088,3.0830199705284445,0.23028531945554015
5-16B,9.0,87.0451,-0.5652514104420514,0.7103080948522807
5-16B,9.0,88.0403,1.265549747967158,0.21554862044521794
5-16B,9.0,88.9883,0.1221135633402612,0.49471340428453425
5-16B,9.0,89.0244,1.5092930482598872,0.15469212778471533
5-16B,9.0,93.0338,-0.02491519066660217,0.015980218537209996
5-16B,9.0,94.9761,-1.3882308629189137,0.3628581775655622
5-16B,9.0,94.9806,1.4609729557457776,0.2614799270935165
5-16B,9.0,95.0139,-1.377852267137043,0.04647577373925913
5-16B,9.0,101.0242,-0.8987921096703484,0.2025636963495573
5-16B,9.0,102.056,0.5101200846179457,0.06999331027675461
5-16B,9.0,103.0402,1.6964131441415564,0.17537542984444215
5-16B,9.0,103.0509,1.5168905038847496,0.16774952117709963
5-16B,9.0,104.0352,-0.6091370269224936,0.09642241093704665
5-16B,9.0,105.0193,-0.5667869085917596,0.31385057470315764
5-16B,9.0,107.0503,0.47106528023982236,0.46271283428921717
5-16B,9.0,109.0295,-0.021433987508920817,0.11161898307420207
5-16B,9.0,111.02,-0.05150835006668852,0.03280967311500957
5-16B,9.0,112.0516,0.09156695373517512,1.406429157779049
5-16B,9.0,113.0244,-1.3327980200547236,0.025777942604659286
5-16B,9.0,113.0357,-0.14607563572226157,0.04190234987857262
5-16B,9.0,114.056,-0.20149774951878682,0.0026022604834655596
5-16B,9.0,115.0037,0.4606205240525557,0.17877759400826573
5-16B,9.0,115.0402,0.8737904796011333,0.6544011331974814
5-16B,9.0,115.0764,0.17514644383204683,0.46434390166792
5-16B,9.0,116.0354,0.4487449150924234,0.3104411577544787
5-16B,9.0,116.0717,1.3409084621891099,0.17239940077941102
5-16B,9.0,117.0194,1.6378119281664294,0.09759242343348645
5-16B,9.0,118.0508,1.3430636194533159,0.5609429545238489
5-16B,9.0,118.9804,-1.3636589593285107,0.029223054388189815
5-16B,9.0,119.0503,-0.14226858219897712,0.44164096678943227
5-16B,9.0,120.9273,-0.2823064598673121,0.12933822841819373
5-16B,9.0,121.0295,-0.09670109384118541,0.33051613127980056
5-16B,9.0,121.0409,-0.857655477469961,0.40919180714164816
5-16B,9.0,122.0248,0.3754530137015697,0.271051573830538
5-16B,9.0,124.0075,-0.3564336912702546,0.6359719930686019
5-16B,9.0,124.0144,-1.0272326811600856,0.0970627744914417
5-16B,9.0,125.0439,0.1304778358209234,0.0992244883424646
5-16B,9.0,127.0764,-0.7816000719908196,0.27991797023593284
5-16B,9.0,128.0354,-0.3000790571161208,0.0029200421576905658
5-16B,9.0,129.0193,0.8149507097013629,0.14590617073391923
5-16B,9.0,129.0556,-0.16641788192287243,0.27536689496085676
5-16B,9.0,130.0142,-0.3218575442720792,0.5659219233500588
5-16B,9.0,130.0509,0.12227342417214933,0.0631027999193662
5-16B,9.0,130.0874,1.0146801171776403,0.04244505725499651
5-16B,9.0,131.0008,1.3354281838881024,0.424551280740447
5-16B,9.0,131.0123,1.831318459676972,0.14448722694022198
5-16B,9.0,131.035,-1.1096656101670412,0.18336324082130193
5-16B,9.0,131.0462,-1.3209432979006848,0.12273479487798164
5-16B,9.0,131.0828,-0.512897740962075,0.18719541658483044
5-16B,9.0,132.0302,0.18609426641336785,0.09474414847151687
5-16B,9.0,133.0142,-0.10787936011558057,0.05935961743480489
5-16B,9.0,133.0257,-0.1321941393428365,0.035659541459402554
5-16B,9.0,133.0505,1.1770387647605034,0.06903985070927067
5-16B,9.0,134.0472,-0.10367948884993267,0.14326215498626924
5-16B,9.0,134.0604,0.9347082409367962,0.21087525967829354
5-16B,9.0,135.0302,1.0466242172878681,0.127346767539079
5-16B,9.0,135.0453,0.6856090015806686,0.1503970262057236
5-16B,9.0,136.0404,0.42016284860393394,0.0943006039044567
5-16B,9.0,136.0487,1.1201738768293588,0.22693345304302856
5-16B,9.0,136.0767,0.19345231712526192,0.8575829776277852
5-16B,9.0,137.0239,0.10863148630344174,0.17214515707995293
5-16B,9.0,138.9789,0.15418355636447145,0.3650276704559047
5-16B,9.0,139.0014,2.5384717606743936,0.05727628836879134
5-16B,9.0,139.0067,-0.5317314310511663,0.0717347524331459
5-16B,9.0,139.976,1.1535060974945315,0.5906888309688737
5-16B,9.0,143.0713,-0.9732413677901037,0.547036409396185
5-16B,9.0,143.1077,-0.18084447116530628,0.3940924206678409
5-16B,9.0,145.0141,0.44062353723089787,0.22390378481101902
5-16B,9.0,145.0506,1.2397739936543704,0.1829873781020306
5-16B,9.0,145.0623,0.6355432056402852,0.43169330769348263
5-16B,9.0,145.0982,-0.6832770624562721,0.15666524721878006
5-16B,9.0,145.1106,0.43989604217048206,1.2856281611929123
5-16B,9.0,146.0459,0.07948102300176657,0.03441900486385384
5-16B,9.0,147.0298,1.054795942955101,0.09300185059190645
5-16B,9.0,147.0662,0.5959728179410926,0.07419038415047705
5-16B,9.0,149.0092,-0.05578482686084485,0.7495961031018424
5-16B,9.0,149.0456,-1.5726757186154625,0.15979478310332287
5-16B,9.0,149.0608,0.1563482818810586,0.37997425935676493
5-16B,9.0,150.0422,0.7296480514660765,0.9892223066857354
5-16B,9.0,150.9707,-0.24639197921867545,0.5609872479103304
5-16B,9.0,151.0259,1.3759206755142457,0.1972146376255978
5-16B,9.0,151.04,0.5643826107815154,0.8176935176360441
5-16B,9.0,151.06,0.03414477755715173,0.8441924669493899
5-16B,9.0,152.0353,0.7461243746248359,0.5649189245515612
5-16B,9.0,152.0716,-0.5019650228356931,0.5682436505738455
5-16B,9.0,153.0192,-1.1226647585309233,0.03239573245792432
5-16B,9.0,154.062,-0.39198932463100533,0.17122824852352644
5-16B,9.0,154.9751,1.7585241869618358,0.1006978080486636
5-16B,9.0,155.0099,-0.12413014394242786,0.021331545266899486
5-16B,9.0,157.0128,1.8600530391779384,0.21704277027066177
5-16B,9.0,157.0255,0.2728990623423468,0.05918869432837352
5-16B,9.0,157.0379,0.23468018812218042,0.10066303079090909
5-16B,9.0,157.0504,0.5447036213833074,0.10543566714768242
5-16B,9.0,159.0297,-0.8154916406062879,0.2779363449681735
5-16B,9.0,159.0775,1.3279064451345217,0.13270352903131277
5-16B,9.0,160.0616,0.6187734273194109,0.8783908338076225
5-16B,9.0,161.0453,-0.8669892492392712,0.08477530798492866
5-16B,9.0,162.0424,0.8616851044858933,0.2658243922869046
5-16B,9.0,163.0351,-0.7020327981466103,0.12001263137755634
5-16B,9.0,163.0398,0.709769192025101,0.2775270274859949
5-16B,9.0,163.0611,-0.5395235741309442,0.4502329385832542
5-16B,9.0,164.0716,1.5746807934058242,0.0515567793464723
5-16B,9.0,165.03,-0.26650516762825976,0.46629958861087467
5-16B,9.0,165.0405,-0.6929177975645209,0.6947853161971768
5-16B,9.0,165.0556,0.2564960601376219,0.07239007860451573
5-16B,9.0,166.0508,0.15334480560030145,0.3412473168663413
5-16B,9.0,166.0632,-0.009134597169475844,0.7126020068593578
5-16B,9.0,166.9759,1.208387722886225,0.49955301739990654
5-16B,9.0,167.0207,-0.6061129770520388,0.1823065745016506
5-16B,9.0,167.0358,0.23456167853951918,0.34218530316110884
5-16B,9.0,167.0828,0.02248942978007413,0.1826195177810613
5-16B,9.0,168.0277,0.17257907899138392,0.04113822852353197
5-16B,9.0,168.0664,-0.6944946077446051,0.5588277905089033
5-16B,9.0,170.0455,1.625896406475099,0.16809084287775522
5-16B,9.0,171.0065,0.8419882885891348,0.2781141926020305
5-16B,9.0,171.0092,0.7350253102331582,0.12266210340105156
5-16B,9.0,171.0284,1.6056439033202996,0.27142773633646333
5-16B,9.0,172.0616,-0.05042282040931018,0.08860793185334331
5-16B,9.0,172.962,1.1872276059629314,0.2475395309074402
5-16B,9.0,173.0089,0.8963275132047468,0.2599707975338526
5-16B,9.0,173.0453,0.5084851505023612,0.1477315641478788
5-16B,9.0,173.0932,1.4487557298529516,0.18175082476987406
5-16B,9.0,173.1041,-0.4835323985915171,0.047896856046793494
5-16B,9.0,174.0407,-0.15967364192241718,0.019033481468932405
5-16B,9.0,174.088,-0.5092314319836834,0.12374450123191234
5-16B,9.0,175.022,1.676926791923465,0.2359418337432599
5-16B,9.0,175.0361,0.3614628377088956,0.03427502111498287
5-16B,9.0,175.0611,0.3687562514510637,0.07170472534216682
5-16B,9.0,176.0776,0.4308849074863827,0.158239030800917
5-16B,9.0,177.0402,-0.7305145095937606,0.27866063187055967
5-16B,9.0,177.0553,-0.4504036396203356,0.6545276348403231
5-16B,9.0,178.0509,0.9021277677897799,0.06949613709404162
5-16B,9.0,179.0348,-0.20115926312597235,0.14641420425100712
5-16B,9.0,179.0561,-1.4181777275862895,0.005833505138504017
5-16B,9.0,180.0663,-1.3598006885862368,0.02485263134329451
5-16B,9.0,181.0505,0.7121068117120666,0.03408946210645354
5-16B,9.0,182.9725,-1.2323060743811434,0.16268018821809174
5-16B,9.0,183.0661,-0.9650312345060195,0.7415597578470605
5-16B,9.0,184.0017,0.26377649667662006,0.09569229294415998
5-16B,9.0,184.9856,2.2512023559457743,0.23175431041470226
5-16B,9.0,186.1136,-0.5083177966443081,0.7031885237721892
5-16B,9.0,187.0234,1.4343154399370004,0.4644624092639751
5-16B,9.0,188.035,-0.3089027753806263,1.056222516526978
5-16B,9.0,188.0565,0.2035009623205365,0.07637633727226241
5-16B,9.0,189.0405,-0.8103537151653953,0.07337180087755481
5-16B,9.0,191.0197,0.16417173702083435,0.1289752433250292
5-16B,9.0,191.0561,-0.03258712858247298,0.10964398094645807
5-16B,9.0,192.0663,-0.3423660392746424,0.5570689830689721
5-16B,9.0,193.0349,-0.07699722227258878,0.4263941485552725
5-16B,9.0,194.0682,1.4953576035021259,0.33401320914966337
5-16B,9.0,194.0822,-1.0389577230607898,0.21935517811375557
5-16B,9.0,195.0509,-1.0147645238752268,0.032634657493252534
5-16B,9.0,195.0657,0.8157821287298881,0.36599091568719816
5-16B,9.0,196.0603,0.12139135555406533,0.3254497875651755
5-16B,9.0,198.0182,2.7609013698283205,0.2631814217511771
5-16B,9.0,199.0019,1.534895920353333,0.5327388297697319
5-16B,9.0,200.9937,-0.6201979026115845,0.16741218068090633
5-16B,9.0,201.0051,0.8136747395649053,0.5177735985797729
5-16B,9.0,203.0348,1.079144928226514,0.14130828623760558
5-16B,9.0,203.0826,-0.04956380796297925,0.010382426214699952
5-16B,9.0,204.0498,-0.9791554933359932,0.3166273965345919
5-16B,9.0,205.0351,-0.37755223186131615,0.21016060313800342
5-16B,9.0,206.0822,-0.342968435360263,0.37764027349278545
5-16B,9.0,209.0292,1.5018972526657626,0.3320276722973214
5-16B,9.0,209.0814,-0.5117190543828869,0.5008260177208594
5-16B,9.0,211.0235,2.8922134831036073,1.151998363335417
5-16B,9.0,211.9968,0.36033998384757643,0.11287524560573164
5-16B,9.0,212.0331,0.23011945096111847,0.21066298430881614
5-16B,9.0,212.9807,2.724763842659168,0.3731037002914257
5-16B,9.0,213.014,2.1418204583335565,0.1856142022944715
5-16B,9.0,213.0384,2.4234960619035757,0.3814380104442181
5-16B,9.0,213.1252,-0.5001835271726396,0.9699523560189618
5-16B,9.0,214.0488,-0.3782221328541172,0.9191408085048872
5-16B,9.0,215.0331,-1.5361893323893656,0.004992918872056352
5-16B,9.0,216.1351,-1.1344345488895213,0.16889241092807303
5-16B,9.0,218.0335,-1.4823436364761524,0.003096862286732491
5-16B,9.0,218.1034,0.5604571396059556,0.08372161619499638
5-16B,9.0,220.0828,-0.5425365287917057,0.4889061685479497
5-16B,9.0,221.0443,-1.2945454549475248,0.053391253386521384
5-16B,9.0,221.0664,0.31330856397703455,0.3615890620538051
5-16B,9.0,225.0399,0.5432719958333619,0.596229609367739
5-16B,9.0,225.0861,0.8745405477437921,1.1881112499398003
5-16B,9.0,225.0901,0.36866729234170914,1.1049666940099367
5-16B,9.0,226.0135,1.4840207430535226,0.3971307738089532
5-16B,9.0,226.0697,-0.09310895330049028,0.12694896217207596
5-16B,9.0,228.0501,0.44704024864211445,0.34165241209846864
5-16B,9.0,229.0122,0.9990171634827999,0.3499778377656484
5-16B,9.0,237.0614,0.6698191728995737,0.22684577752396404
5-16B,9.0,238.0945,-0.5911554298511228,0.015500825327868464
5-16B,9.0,240.0515,0.24081979278338056,0.05546072746237479
5-16B,9.0,241.0844,0.7057498985601682,0.6987281857734233
5-16B,9.0,242.0804,-0.10226806474088809,0.4714272353654463
5-16B,9.0,243.029,2.19041110703815,0.21645310355546377
5-16B,9.0,243.0625,0.638219267938295,0.3179579971051598
5-16B,9.0,245.0444,1.4278469645471605,0.24084363311148438
5-16B,9.0,246.0198,0.7852638720572782,0.20215530291862813
5-16B,9.0,246.064,-1.115553112508535,0.05036979846217361
5-16B,9.0,251.0816,0.02101890609918544,0.8162769784585768
5-16B,9.0,253.0119,-0.06689581911960338,0.013685871721147479
5-16B,9.0,253.0499,-1.0012651571038846,0.4984880029230782
5-16B,9.0,257.0072,1.6587520717430446,0.4228767682483379
5-16B,9.0,257.1028,-0.993175608654443,0.3476899142954279
5-16B,9.0,259.005,1.678418017687961,0.23967489768772057
5-16B,9.0,259.0227,-1.2150028278279763,0.13064027407854992
5-16B,9.0,261.0385,0.39582096108488135,0.16611119237538902
5-16B,9.0,266.0703,0.24688079556768924,0.3053082926116564
5-16B,9.0,267.0724,-0.4945677376481721,0.09467337541862231
5-16B,9.0,268.02,0.9692932135945991,0.28062540883807885
5-16B,9.0,269.0398,2.4574316405991348,0.17811994463611128
5-16B,9.0,271.0612,-0.5196443075773699,0.3189989081305017
5-16B,9.0,271.0815,-1.1561719292272827,0.612533193927375
5-16B,9.0,273.0021,2.0929310744167298,0.3487951860458436
5-16B,9.0,274.0933,-0.2546875272963059,0.1307389706380442
5-16B,9.0,275.0184,-0.13836025378307867,0.2946958657987328
5-16B,9.0,275.0991,0.9509446418878786,0.6184997688862944
5-16B,9.0,277.1207,-1.1246921149930964,0.009903608051405983
5-16B,9.0,277.2169,-0.4427960056324243,0.4472688009722709
5-16B,9.0,279.2331,-0.29782304116768443,0.016235808306749044
5-16B,9.0,282.0839,-0.969422392836591,0.25790551678639134
5-16B,9.0,283.2063,-0.43990202465954364,0.11142206334997555
5-16B,9.0,285.0972,-0.4444595376841365,0.7426975390071713
5-16B,9.0,287.0157,-1.1832829538479244,0.3050603652130453
5-16B,9.0,288.0725,-0.11500945103393016,0.07163203939142479
5-16B,9.0,289.0333,0.06002937782974333,0.3763895235104642
5-16B,9.0,289.1044,0.5930460365100285,0.11180004787341677
5-16B,9.0,290.9677,0.35930474950608987,0.25145545163032174
5-16B,9.0,294.0479,-0.7994829861263025,0.4301609960592059
5-16B,9.0,300.0509,-0.6997657700645743,0.33907871800534184
5-16B,9.0,301.0333,0.010395531681344508,0.6500277937465074
5-16B,9.0,303.2326,0.16847614370377648,0.3497750749221551
5-16B,9.0,305.0207,-1.2446302921106214,0.09758031616001832
5-16B,9.0,306.0481,0.33128959189081153,0.22829350393688402
5-16B,9.0,306.0765,2.1797851144711213,0.2805896036883863
5-16B,9.0,308.0986,-0.3710572884786646,0.03716326490204102
5-16B,9.0,313.0441,0.4890141923668839,0.46258757925684985
5-16B,9.0,313.1037,0.9863330881018806,0.5020879467790166
5-16B,9.0,317.026,0.09524971080777134,0.5026926704066647
5-16B,9.0,323.0256,-0.1977700682817611,0.8912268707482254
5-16B,9.0,325.1163,-0.004589061174393637,0.1463333207141158
5-16B,9.0,328.0457,0.39933279867933025,0.0341200155208117
5-16B,9.0,333.0589,1.8618907695311548,0.20700586285590633
5-16B,9.0,338.9884,1.0304435779652494,0.16399508225820203
5-16B,9.0,339.0928,-0.7124688803181027,0.4472303475802271
5-16B,9.0,341.1089,-0.09873938376526574,0.21956270913807216
5-16B,9.0,344.0393,0.5034038897483119,0.18999207799458312
5-16B,9.0,346.0556,-0.34577512927533594,0.19437626891433543
5-16B,9.0,348.087,0.4628747226374188,0.43361543671523617
5-16B,9.0,353.0489,0.02884314729947001,0.5740260799734042
5-16B,9.0,357.089,0.8253721573767254,0.25490209559137755
5-16B,9.0,375.131,0.09768116196477428,0.6093788553662578
5-16B,9.0,377.1496,-0.23807157255794353,0.42155286406175385
5-16B,9.0,383.1188,-0.8691544786861389,0.6498634007720634
5-16B,9.0,388.9416,0.7637146736728451,0.25343060907042575
5-16B,9.0,388.9442,0.3450389578382357,0.4121398957097718
5-16B,9.0,401.0756,-1.1800032728491647,0.04002489052168276
5-16B,9.0,407.2795,-0.7973595770619228,0.3334349263736683
5-16B,9.0,421.0743,-0.02617166062188611,0.5749357285462687
5-16B,9.0,426.0222,0.28558542350566773,0.473074820041303
5-16B,9.0,442.9997,-0.28851854069430793,0.15894107135495053
5-16B,9.0,466.9657,-1.1374303076941499,0.1102858016332944
5-16B,9.0,490.9787,-0.1421067890337978,0.4845088905522265
5-16B,9.0,503.1614,-0.13737721828608002,0.3213315957593082
5-16B,9.0,547.0731,1.2907221560929651,0.09093673501470406
5-16B,9.0,565.0471,0.4421381604809921,0.3854238229915613
5-16B,9.0,578.8872,-1.2348854258705178,0.044426945565591854
5-16B,9.0,579.0269,-1.0021724415817166,0.07126943080205021
5-16B,9.0,612.2549,0.5686151721275908,0.5497835560836468
5-16B,9.0,624.2949,1.2690136148665743,0.6302742875039093
5-16B,9.0,659.307,-0.8822906814081348,0.219783270227713
5-16B,9.0,664.0939,0.07476158636687256,0.3917219810051209
5-16B,9.0,665.2144,1.0189408257970387,0.22207509710095502
5-16B,9.0,668.1374,0.7483854476001724,0.02912639331340021
5-16B,9.0,787.255,-0.9112411865573067,0.23567726207587844
5-16B,9.0,790.2568,-0.8127283282521001,0.1411612208564431
5-16B,9.0,835.0407,0.6501704784829507,0.11027698118665963
5-16B,9.0,863.2971,1.6525882604288293,0.40956988530264454
5-16B,9.0,864.1473,0.19577512061825275,0.5590805847507383
5-16B,9.0,974.2935,-0.019665709254548542,0.22222615402298704
5-16B,9.0,976.7162,-1.4053139624287496,0.06339224792846986
5-16B,10.0,57.0342,-1.1152742833724876,0.21946107468641196
5-16B,10.0,58.0295,-0.04407198568520845,0.37975006309500103
5-16B,10.0,59.0135,0.06970548345776274,0.26461444117232946
5-16B,10.0,71.0137,-1.1891384212310039,0.05447270709181592
5-16B,10.0,73.0293,1.2019041062645377,0.07731290118188668
5-16B,10.0,74.0247,0.6896963911139964,0.8205528768598209
5-16B,10.0,75.0087,-0.6086616392585098,0.6601735486576392
5-16B,10.0,87.0088,-0.0859764221752584,0.027098983209382144
5-16B,10.0,87.0451,-1.0004994961672633,0.28264947155364867
5-16B,10.0,88.0403,3.1277930385141457,0.10489807795485563
5-16B,10.0,88.9883,0.9974533691591875,1.0099317858528536
5-16B,10.0,89.0244,-1.6669160964321603,0.0237269605422222
5-16B,10.0,93.0338,-0.015053505958196833,0.010987187705085865
5-16B,10.0,94.9761,-0.7842242026259387,0.3205825571633349
5-16B,10.0,94.9806,0.847929548938277,0.3329018768075837
5-16B,10.0,95.0139,-1.4061966997773205,0.07623735856242701
5-16B,10.0,101.0242,-1.566583104685034,0.0908102943618193
5-16B,10.0,102.056,3.7571631769887253,0.1931338594454877
5-16B,10.0,103.0402,0.7308110579589412,0.1115364252098044
5-16B,10.0,103.0509,0.8312194299235504,0.2095177727726292
5-16B,10.0,104.0352,-0.38504754859158685,0.190434264174514
5-16B,10.0,105.0193,-0.42376106007284486,0.306373773517483
5-16B,10.0,107.0503,-0.15652557772968229,0.5754460712387687
5-16B,10.0,109.0295,-0.20827847214745537,0.10554960236360575
5-16B,10.0,111.02,0.04607545294058268,0.06016789499445462
5-16B,10.0,112.0516,-1.9919863252915126,0.8196382096802913
5-16B,10.0,113.0244,-1.3952259162415372,0.047700982983731974
5-16B,10.0,113.0357,-0.15793232866293644,0.0949397805264573
5-16B,10.0,114.056,-0.2347960202718083,0.0037400564095663364
5-16B,10.0,115.0037,2.9790812137310168,0.2166163529347976
5-16B,10.0,115.0402,-1.2162944557346713,1.0879656084410412
5-16B,10.0,115.0764,-0.2709980918492735,0.359502355789651
5-16B,10.0,116.0354,1.8371025744283314,0.28125010750378976
5-16B,10.0,116.0717,2.0768322516365263,0.1458609525147135
5-16B,10.0,117.0194,1.306681016997053,0.07496941117845177
5-16B,10.0,118.0508,1.480505716831648,0.31698418573850173
5-16B,10.0,118.9804,-1.3647209022058548,0.05329282439894844
5-16B,10.0,119.0503,-0.45142914679345714,0.1868308893506704
5-16B,10.0,120.9273,-0.23942975936932676,0.09350932798146784
5-16B,10.0,121.0295,-0.3981286923658547,0.24652337345387648
5-16B,10.0,121.0409,-1.3881448728272399,0.3418030945667512
5-16B,10.0,122.0248,-0.11868845553941448,0.28862992038570734
5-16B,10.0,124.0075,-0.7157777334667101,0.2519455751901693
5-16B,10.0,124.0144,-1.0476840639966762,0.14716137827696613
5-16B,10.0,125.0439,-0.6122165913913844,0.17173370729846
5-16B,10.0,127.0764,-1.1984237963042927,0.42269092187618057
5-16B,10.0,128.0354,0.23509536000728648,0.08070458189837859
5-16B,10.0,129.0193,1.1497344989310987,0.20187228725296272
5-16B,10.0,129.0556,-0.8026984698259687,0.7111053135352653
5-16B,10.0,130.0142,-0.3699914258432312,0.342729993730758
5-16B,10.0,130.0509,0.40862659569966875,0.0592172911790178
5-16B,10.0,130.0874,1.6176204696034113,0.14571829376472736
5-16B,10.0,131.0008,-0.8072637294934475,0.1733895092778487
5-16B,10.0,131.0123,-0.4266242818682783,0.06338507640875096
5-16B,10.0,131.035,-1.3485059116048186,0.1087874714422173
5-16B,10.0,131.0462,-1.4978849297344943,0.2800352559746907
5-16B,10.0,131.0828,-0.5054964506927486,0.09585451920029235
5-16B,10.0,132.0302,0.371415334558024,0.053546357946169625
5-16B,10.0,133.0142,1.6617906705833843,0.2919943177792656
5-16B,10.0,133.0257,1.7493832573728798,0.191291978767114
5-16B,10.0,133.0505,0.8106544357668508,0.0995718884769007
5-16B,10.0,134.0472,0.8571196368476257,0.29851900641206464
5-16B,10.0,134.0604,0.6976951196205,0.6532986999184471
5-16B,10.0,135.0302,2.4489618765639065,0.19967739288179984
5-16B,10.0,135.0453,1.2138029901962386,0.19715304937203143
5-16B,10.0,136.0404,-0.22949637071749754,0.03649726256436231
5-16B,10.0,136.0487,0.9220498513402258,0.2084955875584376
5-16B,10.0,136.0767,-0.4290793621728993,0.2827790317018697
5-16B,10.0,137.0239,0.12315680103856566,0.13834487489190064
5-16B,10.0,138.9789,1.1665878831262797,0.39877117197094114
5-16B,10.0,139.0014,2.0998178708779673,0.12303763905725218
5-16B,10.0,139.0067,-0.6066997237668033,0.039295155396649066
5-16B,10.0,139.976,0.9899710319093558,0.7129897071174631
5-16B,10.0,143.0713,-1.0979163729845318,0.34763276117458686
5-16B,10.0,143.1077,0.08207714332342698,0.38126311727410217
5-16B,10.0,145.0141,-0.3074397875314274,0.05836474750522768
5-16B,10.0,145.0506,2.5787891239043725,0.2004967051902147
5-16B,10.0,145.0623,1.1633348502998013,0.26357869807799156
5-16B,10.0,145.0982,-0.6845750537228326,0.10704047151951376
5-16B,10.0,145.1106,-0.058264213912418816,1.0337142019743022
5-16B,10.0,146.0459,3.9621365499730454,0.24373841246009814
5-16B,10.0,147.0298,0.8707299373436552,0.14243529318005624
5-16B,10.0,147.0662,-0.06279415347866998,0.07022181564225477
5-16B,10.0,149.0092,-1.0024565123588305,0.6498461209437206
5-16B,10.0,149.0456,-1.5657008497949332,0.07700837641020747
5-16B,10.0,149.0608,0.013645690347666222,0.32298912743477454
5-16B,10.0,150.0422,0.8783215697031228,0.34145981446228063
5-16B,10.0,150.9707,-0.40334311106800713,0.5620177902639071
5-16B,10.0,151.0259,3.0434723063842988,0.08012227450817555
5-16B,10.0,151.04,0.603463767509853,0.888913293890429
5-16B,10.0,151.06,0.8586632705036858,0.7621480684691834
5-16B,10.0,152.0353,1.215160400510541,0.4181196250332387
5-16B,10.0,152.0716,-1.326193734848082,0.6608295246936969
5-16B,10.0,153.0192,-1.126930516845389,0.03995224634580438
5-16B,10.0,154.062,-0.490041134622286,0.052609274707041236
5-16B,10.0,154.9751,0.8311832382264459,0.11232707766347438
5-16B,10.0,155.0099,-0.01943021816799499,0.05622513582641982
5-16B,10.0,157.0128,-0.43905875274282014,0.020478180099284232
5-16B,10.0,157.0255,0.3639295569168213,0.1555479929869846
5-16B,10.0,157.0379,0.31125355610704414,0.16045972009461393
5-16B,10.0,157.0504,0.24726087156479865,0.08369370612991948
5-16B,10.0,159.0297,-1.2769878625315667,0.26955113148962123
5-16B,10.0,159.0775,2.7115342014476758,0.26384078296184327
5-16B,10.0,160.0616,2.1327450034416735,0.5596314073850548
5-16B,10.0,161.0453,-1.2315425975231675,0.11853708388491432
5-16B,10.0,162.0424,1.7616948118706115,0.3859507636280896
5-16B,10.0,163.0351,-1.0563588845043979,0.09260337480583902
5-16B,10.0,163.0398,0.23336759595791337,0.03351694187252607
5-16B,10.0,163.0611,0.14208376585975083,0.736697275398971
5-16B,10.0,164.0716,3.030125680894879,0.2971539556162465
5-16B,10.0,165.03,0.18695219080934167,1.1362440277812427
5-16B,10.0,165.0405,-0.5801905587298108,0.4422310692071869
5-16B,10.0,165.0556,0.2512584115673827,0.08570985821667723
5-16B,10.0,166.0508,-0.0033538264140815606,0.14924295105583218
5-16B,10.0,166.0632,0.36392064251969375,0.8545587907433768
5-16B,10.0,166.9759,2.4225345039249815,0.7668912290917087
5-16B,10.0,167.0207,-0.43349291566202075,0.44140610342902165
5-16B,10.0,167.0358,-0.19179838802753044,0.39765140563429296
5-16B,10.0,167.0828,-0.05745688653577987,0.49353966988159376
5-16B,10.0,168.0277,4.06292748423775,0.19156630561272972
5-16B,10.0,168.0664,-0.1594706332364187,0.49574336491544596
5-16B,10.0,170.0455,2.2749940945065674,0.09364181982568755
5-16B,10.0,171.0065,2.6123716050660675,0.3048156232812322
5-16B,10.0,171.0092,1.71933091264166,0.37067756122064177
5-16B,10.0,171.0284,-0.13173166400070027,0.046605143504473694
5-16B,10.0,172.0616,0.5446118914467527,0.3183022867736958
5-16B,10.0,172.962,4.393520643866367,0.46594548836630106
5-16B,10.0,173.0089,2.499929075591358,0.5356317981399873
5-16B,10.0,173.0453,0.7023560793981399,0.2758582145209768
5-16B,10.0,173.0932,1.7752472370367842,0.3091820746804947
5-16B,10.0,173.1041,-0.380249383802147,0.14307264247384907
5-16B,10.0,174.0407,-0.1612505156689022,0.023399539397555853
5-16B,10.0,174.088,-0.616779961970653,0.0961648808254917
5-16B,10.0,175.022,0.781006340568771,0.2145087930203164
5-16B,10.0,175.0361,0.4067616845772918,0.07943656616838721
5-16B,10.0,175.0611,0.13783300845996027,0.06581270979198213
5-16B,10.0,176.0776,0.10939687561312354,0.23135855325121604
5-16B,10.0,177.0402,-1.4489347041011358,0.2452197925329154
5-16B,10.0,177.0553,-0.9792376029040945,0.560186504089543
5-16B,10.0,178.0509,0.6975565720413816,0.06518837924333455
5-16B,10.0,179.0348,-0.43500081797775103,0.16314962166962566
5-16B,10.0,179.0561,-1.412272775157946,0.022328786603524563
5-16B,10.0,180.0663,-1.3413911709983752,0.011412646999472737
5-16B,10.0,181.0505,-0.004308289699476851,0.08115302456973197
5-16B,10.0,182.9725,-1.188387614803367,0.12407075881625912
5-16B,10.0,183.0661,-0.6893728705206885,0.6892672353890181
5-16B,10.0,184.0017,3.4177608288108807,0.16165982531334805
5-16B,10.0,184.9856,1.0053938910503357,0.15963419945545435
5-16B,10.0,186.1136,-0.8094973945285602,0.24202768334233893
5-16B,10.0,187.0234,0.3053749707715528,0.18656260213179923
5-16B,10.0,188.035,0.3415322503065432,1.036093713518353
5-16B,10.0,188.0565,0.32137761687883365,0.019917339619714872
5-16B,10.0,189.0405,-0.7653153511830222,0.06732950093637459
5-16B,10.0,191.0197,2.51101741402484,0.1835377640872482
5-16B,10.0,191.0561,-0.0695403362651001,0.016276774966494777
5-16B,10.0,192.0663,-0.20857387519076323,0.6271673558486793
5-16B,10.0,193.0349,0.3513168139254508,0.39905237288650364
5-16B,10.0,194.0682,0.1711860758955294,0.2390638367477565
5-16B,10.0,194.0822,-0.3362867346343854,0.2588079938878896
5-16B,10.0,195.0509,-1.163301075097468,0.0449920277952763
5-16B,10.0,195.0657,-1.1795733124602976,0.43355846286517824
5-16B,10.0,196.0603,0.18063149478484608,0.15915312999109266
5-16B,10.0,198.0182,1.3044983800212109,0.3728997359769539
5-16B,10.0,199.0019,-0.4847556419608158,0.1312219583134654
5-16B,10.0,200.9937,-0.18884326830888104,0.16693622987164927
5-16B,10.0,201.0051,0.765000990067602,0.3751137644808409
5-16B,10.0,203.0348,-0.9996417616984857,0.18194456258104894
5-16B,10.0,203.0826,-0.023963003891202872,0.0030803239457796957
5-16B,10.0,204.0498,-1.1188386825160492,0.29725414254599414
5-16B,10.0,205.0351,-0.3825096509018904,0.19770475527197434
5-16B,10.0,206.0822,0.4028533605928871,0.49900202019675494
5-16B,10.0,209.0292,-0.8364444625886538,0.5033339842129732
5-16B,10.0,209.0814,-1.0208968005625412,0.2673079585910611
5-16B,10.0,211.0235,-0.2515158799892292,0.2579364562173082
5-16B,10.0,211.9968,0.06878737530494455,0.04424466767573072
5-16B,10.0,212.0331,1.1386731601462436,0.2341155560981815
5-16B,10.0,212.9807,2.7591196327425864,0.2956084651669165
5-16B,10.0,213.014,-0.0747021396675603,0.307653705247954
5-16B,10.0,213.0384,-0.3912270777064608,0.19298750801318754
5-16B,10.0,213.1252,-0.9464552250064797,0.6120551445578267
5-16B,10.0,214.0488,1.1204850302559608,0.8781225808728516
5-16B,10.0,215.0331,-1.529430429390606,0.01799122349494377
5-16B,10.0,216.1351,-0.9778912834620992,0.159043458989402
5-16B,10.0,218.0335,-1.4738982929233053,0.01575329313279353
5-16B,10.0,218.1034,0.0022492440549956596,0.06046001658426386
5-16B,10.0,220.0828,-1.1143617772676855,0.9708562300704642
5-16B,10.0,221.0443,-1.2075252628773108,0.07065280442016046
5-16B,10.0,221.0664,-1.064087295597493,0.29716129372344613
5-16B,10.0,225.0399,-1.1144131378897437,0.7982014113645135
5-16B,10.0,225.0861,0.05333978104191278,0.3895580840058994
5-16B,10.0,225.0901,-0.7523173889191206,0.5839969401102301
5-16B,10.0,226.0135,1.4775513911310343,0.02185896426235171
5-16B,10.0,226.0697,-1.3015409720610247,0.2091460653485713
5-16B,10.0,228.0501,1.440497968230685,0.1968496070857828
5-16B,10.0,229.0122,0.4462211516167708,0.43210709037815
5-16B,10.0,237.0614,0.8129641237220043,0.11938170251332855
5-16B,10.0,238.0945,-0.5963852987920885,0.17486040278044984
5-16B,10.0,240.0515,0.12609859550960617,0.02914403339158666
5-16B,10.0,241.0844,2.103632252162768,0.8671606800023695
5-16B,10.0,242.0804,-0.22303679041874697,0.8617741190137617
5-16B,10.0,243.029,-0.564737309193905,0.3321652956014834
5-16B,10.0,243.0625,0.27367041501012257,0.34159595283104627
5-16B,10.0,245.0444,0.38164661255925036,0.2088000926836257
5-16B,10.0,246.0198,0.6526268073971238,0.18543492973830536
5-16B,10.0,246.064,-1.1537820155651746,0.11331777897788681
5-16B,10.0,251.0816,-0.3429584917741306,0.7875518017293877
5-16B,10.0,253.0119,-0.10338549077161163,0.018451680489080465
5-16B,10.0,253.0499,-0.551398671501043,0.45734139310076644
5-16B,10.0,257.0072,1.8839114890399677,0.5883502804873053
5-16B,10.0,257.1028,-0.8956279761533805,0.34381767814554504
5-16B,10.0,259.005,0.25717127782978055,0.4044828235333871
5-16B,10.0,259.0227,-1.2916406631413366,0.08451524659172671
5-16B,10.0,261.0385,0.29932652656507314,0.15532446816559767
5-16B,10.0,266.0703,0.6061059390877468,0.276560574717394
5-16B,10.0,267.0724,-0.7307291572586808,0.01719684528117927
5-16B,10.0,268.02,0.44893756009437596,0.4850704869807987
5-16B,10.0,269.0398,-0.3513186115050174,0.1874417984832177
5-16B,10.0,271.0612,-0.009595449448385834,0.7925422212758938
5-16B,10.0,271.0815,-0.5300398270265976,0.8468358072722751
5-16B,10.0,273.0021,1.1251363457967856,0.20324230855946207
5-16B,10.0,274.0933,0.053382624948524283,0.16638699606655377
5-16B,10.0,275.0184,-0.5465055488133358,0.9256382050776615
5-16B,10.0,275.0991,0.024478419611316277,0.32966913258652936
5-16B,10.0,277.1207,-1.117126842726428,0.0293734995879484
5-16B,10.0,277.2169,-0.7065360787110635,0.08301972049549915
5-16B,10.0,279.2331,-0.3137435855145916,0.02016780738924013
5-16B,10.0,282.0839,-0.7203860963653825,0.3339225988000802
5-16B,10.0,283.2063,-0.32992224297997,0.18219607621600561
5-16B,10.0,285.0972,-1.350624457008736,0.7465014011085921
5-16B,10.0,287.0157,-1.083972503588759,0.10559623099376408
5-16B,10.0,288.0725,-0.24601569285516123,0.2538750644216322
5-16B,10.0,289.0333,0.05785491699386783,0.37741729005241303
5-16B,10.0,289.1044,0.6329011657401322,0.2821851152951341
5-16B,10.0,290.9677,0.07570430690960267,0.15056136869334402
5-16B,10.0,294.0479,-1.0488851389537355,0.9032337758931352
5-16B,10.0,300.0509,-0.6694936096041249,0.5898594508334486
5-16B,10.0,301.0333,0.4008018488637192,0.739182686836043
5-16B,10.0,303.2326,0.39311428586821073,0.9464614046052547
5-16B,10.0,305.0207,-1.2632697558330812,0.06555095022391579
5-16B,10.0,306.0481,0.3089452480719258,0.11641305396217269
5-16B,10.0,306.0765,-0.25937991199749405,0.03290974143700527
5-16B,10.0,308.0986,-0.3889204842593309,0.04481590992611488
5-16B,10.0,313.0441,0.14733552604466152,0.477802649221988
5-16B,10.0,313.1037,2.9236747316430245,0.8137589878766498
5-16B,10.0,317.026,-0.7697947407365755,0.5217229539367743
5-16B,10.0,323.0256,0.1182863374488099,0.840489601983739
5-16B,10.0,325.1163,0.6002697326216921,0.5013095143166407
5-16B,10.0,328.0457,0.9581582053414555,0.06725343814674427
5-16B,10.0,333.0589,1.0070988010829705,0.4278416290600361
5-16B,10.0,338.9884,1.1570823534403005,0.17301062738504303
5-16B,10.0,339.0928,-0.41080693237970284,0.5610385166760045
5-16B,10.0,341.1089,-0.5734966655793035,0.10911427965558741
5-16B,10.0,344.0393,1.229101637966477,0.22580978970870672
5-16B,10.0,346.0556,0.09282080316017054,0.1327616391534543
5-16B,10.0,348.087,0.6981909772048678,0.40721918165998294
5-16B,10.0,353.0489,-0.2920550511846175,0.5333021282745468
5-16B,10.0,357.089,1.1964169384517835,0.23005479677622132
5-16B,10.0,375.131,-0.11378982091277681,0.7738330321791137
5-16B,10.0,377.1496,-0.7134655577680515,0.22228903172460232
5-16B,10.0,383.1188,-0.2204249552411986,0.35271505556946775
5-16B,10.0,388.9416,0.037562318045260557,0.19261931754422829
5-16B,10.0,388.9442,-0.37439667507542457,0.3691233708897813
5-16B,10.0,401.0756,-1.18747730917338,0.02655992403551391
5-16B,10.0,407.2795,-0.7289066770733168,0.2820580047738598
5-16B,10.0,421.0743,0.5660489951187505,0.5291897665964022
5-16B,10.0,426.0222,0.033689877476176744,0.7954928986935464
5-16B,10.0,442.9997,-0.17664222464969295,0.3011488170163373
5-16B,10.0,466.9657,-1.332232749232457,0.06341452335801903
5-16B,10.0,490.9787,-0.7124053008814151,1.1760101262838347
5-16B,10.0,503.1614,-0.2945441862370751,0.17459038402800997
5-16B,10.0,547.0731,1.0073179482397123,0.23570590310863573
5-16B,10.0,565.0471,0.299351633861935,0.30951306362757935
5-16B,10.0,578.8872,-1.2695785662889856,0.04680846081273871
5-16B,10.0,579.0269,-0.942858963456128,0.06336505253479127
5-16B,10.0,612.2549,1.2777973399366478,0.4988757575213234
5-16B,10.0,624.2949,2.4527856049883674,0.6135160065075972
5-16B,10.0,659.307,-0.5588287821216341,0.3758857534157073
5-16B,10.0,664.0939,2.383069914015296,0.3140058544412719
5-16B,10.0,665.2144,0.6989638730142214,0.2798456994940095
5-16B,10.0,668.1374,0.4186928351816792,0.03684406189885556
5-16B,10.0,787.255,-0.5260618323119844,0.30637480216709906
5-16B,10.0,790.2568,-0.4381378899268713,0.3199937301505121
5-16B,10.0,835.0407,1.255167582560334,0.20350809157414756
5-16B,10.0,863.2971,2.212463192578848,0.21442543596905866
5-16B,10.0,864.1473,1.0597809100049724,0.4355597621368315
5-16B,10.0,974.2935,1.1880708297641087,0.19412703314548022
5-16B,10.0,976.7162,-1.1849408383662765,0.11725435478488994
5-16C,1.0,57.0342,0.7808553028985138,0.7903896833218388
5-16C,1.0,58.0295,-0.9171737439322374,0.08668487007498524
5-16C,1.0,59.0135,1.259245900425181,0.6629747405005985
5-16C,1.0,71.0137,1.0912134913379343,0.409576599264111
5-16C,1.0,73.0293,-0.9592982759681433,0.019327423794003627
5-16C,1.0,74.0247,-0.9862680732617846,0.12573696056969635
5-16C,1.0,75.0087,-0.494488783755898,0.8399723365199687
5-16C,1.0,87.0088,-0.6915510094781518,0.008332300772290234
5-16C,1.0,87.0451,0.18424915416584225,0.613483237826227
5-16C,1.0,88.0403,-0.9597972405960614,0.007487172000457032
5-16C,1.0,88.9883,-0.6003415503664553,1.2286341077315195
5-16C,1.0,89.0244,-0.4174087010350305,0.20333282811472847
5-16C,1.0,93.0338,-0.08254195833932618,0.005831114171597082
5-16C,1.0,94.9761,-0.49360423981173135,0.5498440504428574
5-16C,1.0,94.9806,0.652449265720817,0.4824257907877481
5-16C,1.0,95.0139,1.092688655001167,0.16582517650384307
5-16C,1.0,101.0242,1.2030697072486585,0.5504504322400069
5-16C,1.0,102.056,-0.49927720573850853,0.06285445025395447
5-16C,1.0,103.0402,-0.9825892997898569,0.0644825523685339
5-16C,1.0,103.0509,-0.9817815292127501,0.12363243476903377
5-16C,1.0,104.0352,-0.39002336571550866,0.21458876667563137
5-16C,1.0,105.0193,-1.4108489067752885,0.6043247927512088
5-16C,1.0,107.0503,-0.6577825951648995,0.9075780802628493
5-16C,1.0,109.0295,-1.2047823902196395,0.1463739325701283
5-16C,1.0,111.02,-1.1876403745691697,0.0031677921302680776
5-16C,1.0,112.0516,0.17318630510192173,0.48551289917026813
5-16C,1.0,113.0244,1.1894672507849124,0.40783094825468363
5-16C,1.0,113.0357,-1.0697120158008362,0.10401333110770324
5-16C,1.0,114.056,-0.24949764400575847,0.0026391593492037613
5-16C,1.0,115.0037,-0.9220229620050469,0.03258188617465089
5-16C,1.0,115.0402,-1.0149442102120347,0.6259526942399865
5-16C,1.0,115.0764,-0.05977798665137918,0.6043046832827732
5-16C,1.0,116.0354,-1.353146920515504,0.27897292980352173
5-16C,1.0,116.0717,-0.7668994876399946,0.01624457107541305
5-16C,1.0,117.0194,-0.9461118518103899,0.0022087386907092984
5-16C,1.0,118.0508,-1.4123680177136582,0.13217284888028938
5-16C,1.0,118.9804,1.1411881831779538,0.33522901950610573
5-16C,1.0,119.0503,1.2856842759533111,0.27011453225844206
5-16C,1.0,120.9273,-0.03572020341687307,0.39832708145963397
5-16C,1.0,121.0295,0.36179447034176304,0.5405326233212386
5-16C,1.0,121.0409,0.6517268585610532,0.7527025573243226
5-16C,1.0,122.0248,-1.4055538556803024,0.2840075025304311
5-16C,1.0,124.0075,0.4425181336018648,1.6058549598551617
5-16C,1.0,124.0144,-0.004143588919454724,0.3133728214302887
5-16C,1.0,125.0439,-1.090658820525593,0.11476044581130564
5-16C,1.0,127.0764,1.0519943983482893,1.0589046226886931
5-16C,1.0,128.0354,-0.33900687157065224,0.02057893586211802
5-16C,1.0,129.0193,-1.1859177716389147,0.11658639406638346
5-16C,1.0,129.0556,0.16635879562300881,0.4957641346943021
5-16C,1.0,130.0142,-0.5888859825120416,0.22859278916110273
5-16C,1.0,130.0509,-1.076008550140164,0.01279135770381242
5-16C,1.0,130.0874,-0.8024610101952423,0.0928742674050635
5-16C,1.0,131.0008,0.6571743223126326,0.8266518294382353
5-16C,1.0,131.0123,-0.7475019465156086,0.036459723215584716
5-16C,1.0,131.035,-0.13782221185191332,0.23951022330039295
5-16C,1.0,131.0462,-0.1382636343617591,0.2968947198693504
5-16C,1.0,131.0828,0.08219926091769783,0.32277398177928546
5-16C,1.0,132.0302,-1.2170537412521776,0.009898316387638403
5-16C,1.0,133.0142,-0.4736006151036646,0.1178819018219413
5-16C,1.0,133.0257,-0.6236640497974557,0.10718088827440109
5-16C,1.0,133.0505,-1.3070019930437127,0.01006641817162363
5-16C,1.0,134.0472,-0.9966491700067202,0.3781780519084583
5-16C,1.0,134.0604,-1.4983540423687676,0.41613046956582744
5-16C,1.0,135.0302,-0.5079692347793919,0.1957513001485289
5-16C,1.0,135.0453,-1.7550261259981348,0.05678847186167817
5-16C,1.0,136.0404,-0.5495697778237341,0.11167514550314774
5-16C,1.0,136.0487,-1.5909969982850942,0.19975607327750444
5-16C,1.0,136.0767,0.026306825149317245,0.7276349837102319
5-16C,1.0,137.0239,-0.28317327379259666,0.27373910077369984
5-16C,1.0,138.9789,0.12286947890912991,0.37358949128954555
5-16C,1.0,139.0014,-0.3338702869708463,0.08226822332345736
5-16C,1.0,139.0067,-0.7012832047488162,0.03943204950986098
5-16C,1.0,139.976,-0.8284374803028627,0.45480438932851364
5-16C,1.0,143.0713,1.4457884309823226,1.0807554111927606
5-16C,1.0,143.1077,-0.3405990755040529,0.7549761957212232
5-16C,1.0,145.0141,-0.2579541885490815,0.04803431338621111
5-16C,1.0,145.0506,-0.6399008094514032,0.1280150149891295
5-16C,1.0,145.0623,0.5169539651955238,0.49248173466561457
5-16C,1.0,145.0982,0.7297486801032562,0.12778826059628978
5-16C,1.0,145.1106,0.1887574006741436,0.5628204281651906
5-16C,1.0,146.0459,-0.4804903300792066,0.005715127429309609
5-16C,1.0,147.0298,-0.954310300357622,0.011997411961734669
5-16C,1.0,147.0662,-1.3893048117832216,0.022509339422084808
5-16C,1.0,149.0092,0.3708402419326552,1.099336909198219
5-16C,1.0,149.0456,0.28757544865674417,0.5311588093095859
5-16C,1.0,149.0608,0.36907538888796476,0.6852753576048876
5-16C,1.0,150.0422,-0.44912055741336165,0.7303425255494923
5-16C,1.0,150.9707,-0.5652505944494229,0.860601354134874
5-16C,1.0,151.0259,-0.6167167591919218,0.026206214646091124
5-16C,1.0,151.04,-0.38117387147755466,0.3248908383430953
5-16C,1.0,151.06,0.16041266194817855,0.6785150149319877
5-16C,1.0,152.0353,-1.0722798690285744,0.733048232148665
5-16C,1.0,152.0716,1.2675938668784847,0.47892767883103016
5-16C,1.0,153.0192,-0.27396115131607185,0.43109445783947525
5-16C,1.0,154.062,-0.02425425022111101,0.21526058246217317
5-16C,1.0,154.9751,-0.9827411145519191,0.01817584800479069
5-16C,1.0,155.0099,-1.1514699128193882,0.002521528814802853
5-16C,1.0,157.0128,-0.9891110458010217,0.03325895339707744
5-16C,1.0,157.0255,-1.31829211749403,0.01464643642825261
5-16C,1.0,157.0379,-1.3312588123227287,0.05157014463208709
5-16C,1.0,157.0504,-1.156464721772432,0.0347228896474587
5-16C,1.0,159.0297,0.29073706414548706,0.08964905161298592
5-16C,1.0,159.0775,-1.1890601960448577,0.02195948215013545
5-16C,1.0,160.0616,-1.5196469147832459,0.5364671678095024
5-16C,1.0,161.0453,-0.5374063188422692,0.21558895456358002
5-16C,1.0,162.0424,-1.3295625484949143,0.3298778801160907
5-16C,1.0,163.0351,-0.9310203501644005,0.03965649702732569
5-16C,1.0,163.0398,0.15479908132314216,0.23698168365883754
5-16C,1.0,163.0611,-0.5022036285192863,0.4044229942888485
5-16C,1.0,164.0716,-0.4573560799054128,0.07542214453952824
5-16C,1.0,165.03,1.006968950863331,0.47303361890603807
5-16C,1.0,165.0405,0.9183072558256402,0.7317745429328771
5-16C,1.0,165.0556,-0.8503017824681771,0.048605030002414645
5-16C,1.0,166.0508,-1.5119802454851061,0.061088838680211414
5-16C,1.0,166.0632,-0.2632570884256304,0.29734141214161286
5-16C,1.0,166.9759,-0.7253057357526316,0.29163644160522867
5-16C,1.0,167.0207,0.09476606738694993,0.3765547752101268
5-16C,1.0,167.0358,0.18619678218253935,0.5080044041439873
5-16C,1.0,167.0828,0.277453357490095,0.33627301769193074
5-16C,1.0,168.0277,-0.45072346211931547,0.1287939612030062
5-16C,1.0,168.0664,-0.1797366928768803,0.2995283799553359
5-16C,1.0,170.0455,-0.8546778856108223,0.011455317380431401
5-16C,1.0,171.0065,-1.0331437851081278,0.21975263942857515
5-16C,1.0,171.0092,-1.0653243338431946,0.22000258320803076
5-16C,1.0,171.0284,-0.9229948211682066,0.04031809190851297
5-16C,1.0,172.0616,-1.5347780574434426,0.14363993155828073
5-16C,1.0,172.962,-0.5949736644113408,0.046043929936527735
5-16C,1.0,173.0089,-0.7595521895780918,0.0846208272810897
5-16C,1.0,173.0453,-0.6758037604258345,0.12050791258808238
5-16C,1.0,173.0932,-0.7795173527742796,0.03136764633369685
5-16C,1.0,173.1041,0.21745106966572275,0.15834308643995174
5-16C,1.0,174.0407,-0.9975025339863072,0.004105156386037141
5-16C,1.0,174.088,-0.5919828700764241,0.1844888944717611
5-16C,1.0,175.022,-0.6036371554123927,0.18929014044622397
5-16C,1.0,175.0361,-1.2265485396757736,0.011865956936691794
5-16C,1.0,175.0611,-1.21543294884682,0.011698079528039263
5-16C,1.0,176.0776,-1.3565162036176868,0.12584198071928765
5-16C,1.0,177.0402,-0.14864413700255652,0.5309854909745528
5-16C,1.0,177.0553,1.152876766104809,0.3839176741028337
5-16C,1.0,178.0509,-1.0400006052441095,0.018366638372965125
5-16C,1.0,179.0348,-1.3330027673995724,0.23343280580525888
5-16C,1.0,179.0561,0.8197803811105634,0.23622269834271303
5-16C,1.0,180.0663,0.801420889811769,0.32381131597482204
5-16C,1.0,181.0505,-0.6572490564531484,0.9116063272641927
5-16C,1.0,182.9725,1.3883990904643781,0.26154917330553773
5-16C,1.0,183.0661,0.33756165645056957,0.6909470086569941
5-16C,1.0,184.0017,-0.43990441501730065,0.037606217510307634
5-16C,1.0,184.9856,-0.835646231506382,0.06678871610909953
5-16C,1.0,186.1136,0.18230845356031133,0.5272842653300037
5-16C,1.0,187.0234,-0.7073756826658331,0.39420727221785673
5-16C,1.0,188.035,-0.8999126741362439,0.8438921377124713
5-16C,1.0,188.0565,-1.1091428507760956,0.009671484020995338
5-16C,1.0,189.0405,1.3611954385477665,0.3232363819654479
5-16C,1.0,191.0197,0.03438939022332547,0.14148665506536154
5-16C,1.0,191.0561,-0.9669826714634879,0.06574077298943627
5-16C,1.0,192.0663,-0.15282714015581358,0.7609039353786264
5-16C,1.0,193.0349,0.660002805005773,0.25347597729939375
5-16C,1.0,194.0682,-0.9297900448951251,0.08169005038759548
5-16C,1.0,194.0822,0.21385075413361002,0.4305249333595457
5-16C,1.0,195.0509,0.5191708986949428,0.5214351106680759
5-16C,1.0,195.0657,-0.6374342262181418,0.580474877861303
5-16C,1.0,196.0603,-1.2312395394351245,0.08771724815345541
5-16C,1.0,198.0182,-0.915905484138154,0.21146103919787254
5-16C,1.0,199.0019,-0.49244519822811594,0.5283519281631593
5-16C,1.0,200.9937,0.28916369749078696,0.2622975731071682
5-16C,1.0,201.0051,-1.036256618018412,0.12070730193951641
5-16C,1.0,203.0348,-0.1732083485389829,0.19507844573863056
5-16C,1.0,203.0826,-0.08533252125359905,0.05474781889566878
5-16C,1.0,204.0498,0.544544616160213,0.6715314521890452
5-16C,1.0,205.0351,-1.0318323968363035,0.09018979111267257
5-16C,1.0,206.0822,-0.7984758260904217,0.30845644278663276
5-16C,1.0,209.0292,-0.5395994373198005,0.38316120638824963
5-16C,1.0,209.0814,0.44674869270036943,0.4331267330134896
5-16C,1.0,211.0235,-0.29028008738921696,0.29483915313333886
5-16C,1.0,211.9968,-1.0553309614297326,0.04818286711522545
5-16C,1.0,212.0331,-0.1020510964744455,0.4467628010601781
5-16C,1.0,212.9807,-0.6287309203883961,0.0842235136710043
5-16C,1.0,213.014,-0.7483529665747741,0.2915022568928291
5-16C,1.0,213.0384,-0.1946125423454016,0.2720213960151142
5-16C,1.0,213.1252,0.39414853261461497,0.25002673199144654
5-16C,1.0,214.0488,-0.6779635654761328,0.8513091284974963
5-16C,1.0,215.0331,1.14012237879987,0.3408434682247942
5-16C,1.0,216.1351,0.9304609420045689,0.32711993767921876
5-16C,1.0,218.0335,1.4835270609485693,0.26294579870923673
5-16C,1.0,218.1034,-1.1660816057844152,0.038546069294952565
5-16C,1.0,220.0828,0.7415622748034773,1.1430691812755154
5-16C,1.0,221.0443,1.341351372044561,0.4202493709804369
5-16C,1.0,221.0664,0.6246942091543528,0.6769911328805398
5-16C,1.0,225.0399,0.3817094495744044,0.654875286164148
5-16C,1.0,225.0861,-0.308080696645394,0.45997113132147854
5-16C,1.0,225.0901,0.5328220411806961,0.6232397754222868
5-16C,1.0,226.0135,-0.7576849231109746,0.2244986744651872
5-16C,1.0,226.0697,0.40913012489405015,0.3171832388178392
5-16C,1.0,228.0501,-0.40726118647154586,0.3811520816311285
5-16C,1.0,229.0122,-0.914899633796299,0.10475180827190152
5-16C,1.0,237.0614,-1.301484155093098,0.10812445193236601
5-16C,1.0,238.0945,2.323624859913771,0.6862589099399335
5-16C,1.0,240.0515,-1.38853716469167,0.017792536954971308
5-16C,1.0,241.0844,0.0012171923444579714,0.559106550531825
5-16C,1.0,242.0804,0.0359250044427315,1.259191406096781
5-16C,1.0,243.029,-0.47191096108189634,0.2561351569838278
5-16C,1.0,243.0625,-0.9971704580181884,0.15889482283300532
5-16C,1.0,245.0444,-1.0186675235555498,0.2689162634120991
5-16C,1.0,246.0198,-0.36989017905748117,0.5397985159583031
5-16C,1.0,246.064,1.2126878571097677,1.2663788202021071
5-16C,1.0,251.0816,0.4819790456209292,1.4508245389785734
5-16C,1.0,253.0119,-0.33907080351123026,0.00885624450020239
5-16C,1.0,253.0499,0.9424478721991691,0.7641200378032433
5-16C,1.0,257.0072,-0.7570208430051943,0.5189107117169803
5-16C,1.0,257.1028,1.394282203608952,0.6347673598675947
5-16C,1.0,259.005,-0.0456400087476403,0.31677639959795584
5-16C,1.0,259.0227,0.4363577365161866,0.383498181673911
5-16C,1.0,261.0385,-0.27120786781208744,0.6272794907464865
5-16C,1.0,266.0703,-0.8900114908259784,0.2506275399117668
5-16C,1.0,267.0724,-0.6942929950292198,0.006587831492161464
5-16C,1.0,268.02,-0.3440987447823943,0.4931947227051135
5-16C,1.0,269.0398,-0.4788863187122314,0.08146246586187493
5-16C,1.0,271.0612,-0.14859122014318502,0.11116093740977354
5-16C,1.0,271.0815,1.2402784412209091,0.45230999797926097
5-16C,1.0,273.0021,-0.7786234181462688,0.10317553210397797
5-16C,1.0,274.0933,-1.1934143786391915,0.16547764932896636
5-16C,1.0,275.0184,-0.502324872547174,0.7539206514380419
5-16C,1.0,275.0991,-0.9737392421717512,0.3493953240759508
5-16C,1.0,277.1207,1.6942939395176069,0.4226208979567214
5-16C,1.0,277.2169,0.6228456598159,0.42955878201629377
5-16C,1.0,279.2331,0.03615867104698396,0.1220646202356626
5-16C,1.0,282.0839,0.06556331635109232,0.6640647662406368
5-16C,1.0,283.2063,-0.0746890521633685,0.12993364606740684
5-16C,1.0,285.0972,0.45528879291196456,0.3616009295036164
5-16C,1.0,287.0157,0.8735202268208164,0.7724296952249357
5-16C,1.0,288.0725,-0.5688315219168942,0.0715468707325474
5-16C,1.0,289.0333,-0.06826381148691213,0.3321889109197293
5-16C,1.0,289.1044,-0.7239367293767607,0.24897274227166252
5-16C,1.0,290.9677,-0.3648121166159054,0.142481088676557
5-16C,1.0,294.0479,0.4437201115554814,1.4653179705489765
5-16C,1.0,300.0509,1.3428842952905184,0.5759996035155313
5-16C,1.0,301.0333,1.0429455727538548,1.0250896050771534
5-16C,1.0,303.2326,0.8688914965848434,1.6636820019356011
5-16C,1.0,305.0207,1.0455925113533677,0.22436014699881876
5-16C,1.0,306.0481,-1.1266062957206382,0.04193534849685474
5-16C,1.0,306.0765,-0.3030014367104704,0.02478022234688262
5-16C,1.0,308.0986,-0.15911833357306182,0.02043625987148496
5-16C,1.0,313.0441,-0.6917870809525611,0.23584768672816397
5-16C,1.0,313.1037,-0.5074116370583469,0.5365288773153117
5-16C,1.0,317.026,1.71296927315012,0.9183250630645948
5-16C,1.0,323.0256,-0.11501565435526544,0.5923922250635085
5-16C,1.0,325.1163,-0.35804182257977507,0.43448840643872383
5-16C,1.0,328.0457,-0.9321035349871922,0.08363118723171656
5-16C,1.0,333.0589,-1.0005599144934938,0.16034807002174217
5-16C,1.0,338.9884,-0.5804370695110989,0.3154772650338957
5-16C,1.0,339.0928,1.2945421143472053,0.4239249602216707
5-16C,1.0,341.1089,0.9437697363851296,0.08050346427760902
5-16C,1.0,344.0393,-0.6513399912165504,0.12278500646376887
5-16C,1.0,346.0556,0.491128173952332,0.5467300031628755
5-16C,1.0,348.087,-1.1153395474022347,0.23367449018435665
5-16C,1.0,353.0489,0.708040266701688,0.44271566538076423
5-16C,1.0,357.089,-0.39135039759968726,0.19341293028610015
5-16C,1.0,375.131,-0.42524499234749635,0.18130162038505762
5-16C,1.0,377.1496,1.3861383181665774,0.9702748597986371
5-16C,1.0,383.1188,1.18465144763655,0.43372686378922315
5-16C,1.0,388.9416,-0.011693648523517015,0.3735033505684047
5-16C,1.0,388.9442,-0.126624237183998,0.17711285708503685
5-16C,1.0,401.0756,1.4689697764835685,0.4073659004908987
5-16C,1.0,407.2795,0.3917533742371567,0.2974640595753142
5-16C,1.0,421.0743,0.26002109645851723,0.705626908509132
5-16C,1.0,426.0222,0.32107979590073243,0.33034203771125337
5-16C,1.0,442.9997,0.022440245439955243,0.17214927994301002
5-16C,1.0,466.9657,1.0211305925822476,0.2680391182323014
5-16C,1.0,490.9787,0.44737216603739405,0.9122999412491459
5-16C,1.0,503.1614,1.1902073973605831,0.4810557955671866
5-16C,1.0,547.0731,-1.2461276727446924,0.0579023489870428
5-16C,1.0,565.0471,-0.8742661946242944,0.41890023626940964
5-16C,1.0,578.8872,1.7231987176458181,0.3427149730582826
5-16C,1.0,579.0269,1.8516531916608927,0.18125444815296918
5-16C,1.0,612.2549,-0.3573475709942782,0.22391321714332618
5-16C,1.0,624.2949,-0.730712816131813,0.37934696157751746
5-16C,1.0,659.307,0.12569632967374783,0.47831240909612643
5-16C,1.0,664.0939,-0.295893667289467,0.382016389188302
5-16C,1.0,665.2144,-0.22768471104842689,0.6388450808023685
5-16C,1.0,668.1374,-0.6167457034278443,0.00011753799463363779
5-16C,1.0,787.255,0.32245827111480485,0.500261455687006
5-16C,1.0,790.2568,-0.005421349102900264,0.7012803568969194
5-16C,1.0,835.0407,-0.5032412667005489,0.1606630035323278
5-16C,1.0,863.2971,-0.3903809644728671,0.14588663427487486
5-16C,1.0,864.1473,-0.615415267849843,0.2531235561380573
5-16C,1.0,974.2935,-0.19848774806141123,0.20511406556391437
5-16C,1.0,976.7162,0.6329881308645331,0.4071739555122996
5-16C,2.0,57.0342,0.8709254720685418,0.5142258979009817
5-16C,2.0,58.0295,-0.7630612723584046,0.272594676313117
5-16C,2.0,59.0135,1.0027163773329126,0.2881538998007328
5-16C,2.0,71.0137,1.0256380885514045,0.14422387641311585
5-16C,2.0,73.0293,-0.9173378049741621,0.01629793962009211
5-16C,2.0,74.0247,-1.2940880496682248,0.2813571582007984
5-16C,2.0,75.0087,0.2661544542414358,0.6803546181456124
5-16C,2.0,87.0088,-0.6658847919841513,0.007813676310253872
5-16C,2.0,87.0451,0.749455484277475,0.22996705724026179
5-16C,2.0,88.0403,-0.9067293732950907,0.02170979246991383
5-16C,2.0,88.9883,-1.0020385845436337,0.16985522520232518
5-16C,2.0,89.0244,-0.42604347836604056,0.12025464013341008
5-16C,2.0,93.0338,-0.068573418195325,0.004831174729586132
5-16C,2.0,94.9761,-0.6112511719633833,0.42297901405566135
5-16C,2.0,94.9806,1.2516047387463187,0.361889401395622
5-16C,2.0,95.0139,1.2024954334186202,0.42532858477450736
5-16C,2.0,101.0242,1.171264870007208,0.1622183132631902
5-16C,2.0,102.056,-0.4793622918801551,0.04446948670965128
5-16C,2.0,103.0402,-0.8444554193581381,0.02771602854308198
5-16C,2.0,103.0509,-0.8812660756261379,0.057344993106675415
5-16C,2.0,104.0352,-0.7205597889474569,0.12638020270768202
5-16C,2.0,105.0193,0.03826385138772399,0.5153283450052693
5-16C,2.0,107.0503,0.775802990177259,0.5102639554914778
5-16C,2.0,109.0295,-0.6887999334431893,0.18818825378773446
5-16C,2.0,111.02,-0.6600041907834888,0.044826469213607126
5-16C,2.0,112.0516,0.6546607198419155,0.7450697339487092
5-16C,2.0,113.0244,1.089960256986934,0.2511460772367289
5-16C,2.0,113.0357,-0.45485681708016146,0.1295948079682365
5-16C,2.0,114.056,-0.24739420913906823,0.0024789248357634133
5-16C,2.0,115.0037,-0.7531180053485653,0.06472389786795985
5-16C,2.0,115.0402,1.2334454491083826,0.6021012738199659
5-16C,2.0,115.0764,1.4757061009784542,0.7038649432824257
5-16C,2.0,116.0354,-0.7483118943631097,0.22390790364834318
5-16C,2.0,116.0717,-0.8270112953881584,0.009385976814031588
5-16C,2.0,117.0194,-0.9083847363053525,0.0019617669704259317
5-16C,2.0,118.0508,-1.2826452710099994,0.10122800516738686
5-16C,2.0,118.9804,1.1003670989728493,0.17596371018192977
5-16C,2.0,119.0503,1.971371772174313,0.2602923485731415
5-16C,2.0,120.9273,-0.061319583671999356,1.1702990352637646
5-16C,2.0,121.0295,1.4018280281812037,0.37245766705294825
5-16C,2.0,121.0409,1.5784530907976302,0.5092820235304502
5-16C,2.0,122.0248,-0.4141245470268405,0.18954060578146906
5-16C,2.0,124.0075,0.45992226100169314,0.2441901371295108
5-16C,2.0,124.0144,0.09828664206719832,0.22395553593564563
5-16C,2.0,125.0439,-0.3417179384769067,0.2834694591045158
5-16C,2.0,127.0764,1.4619785397499145,0.3698805052177678
5-16C,2.0,128.0354,-0.38659585515811423,0.004733773121156435
5-16C,2.0,129.0193,-0.6363950704407475,0.09929850437508908
5-16C,2.0,129.0556,1.7091301300938126,0.934461056070602
5-16C,2.0,130.0142,-0.42356902021112064,0.23689948893224036
5-16C,2.0,130.0509,-0.9994794436832705,0.03220743999846879
5-16C,2.0,130.0874,-1.0456906957391392,0.016594649252018263
5-16C,2.0,131.0008,-0.8376462616885945,0.06586574751982993
5-16C,2.0,131.0123,-0.5902081675353799,0.024976351286855283
5-16C,2.0,131.035,1.0847383619544755,0.31719016876611655
5-16C,2.0,131.0462,0.9458406784474176,0.3717449675505058
5-16C,2.0,131.0828,-0.6873686059626009,0.17734644444594955
5-16C,2.0,132.0302,-0.9231232248967125,0.01347325892236447
5-16C,2.0,133.0142,-0.31465567465763555,0.07215193718183545
5-16C,2.0,133.0257,-0.25357313429817613,0.13828383860191198
5-16C,2.0,133.0505,-0.7504891137545355,0.0549913942215736
5-16C,2.0,134.0472,-0.8025068558827183,0.15023795954207933
5-16C,2.0,134.0604,-0.3933825250596906,0.21914803385294626
5-16C,2.0,135.0302,-0.9309600279026318,0.053484757361546995
5-16C,2.0,135.0453,-0.5052137401107403,0.22028966818613005
5-16C,2.0,136.0404,-0.38504321905918737,0.03457474745545637
5-16C,2.0,136.0487,-0.5935410126500376,0.3248159730304185
5-16C,2.0,136.0767,2.3531864874966515,0.5008868124785057
5-16C,2.0,137.0239,-0.1919108035012373,0.10634970105369046
5-16C,2.0,138.9789,1.4850318482164868,0.8485743557630412
5-16C,2.0,139.0014,-0.33945909338377156,0.07604270213758889
5-16C,2.0,139.0067,-0.6453864420881812,0.05369114879567847
5-16C,2.0,139.976,0.4519533432709944,0.43398091541807154
5-16C,2.0,143.0713,1.9919040018339784,0.35535875443997034
5-16C,2.0,143.1077,1.3944277319563714,0.4803941324387649
5-16C,2.0,145.0141,-0.07734981270110335,0.22101260795601527
5-16C,2.0,145.0506,-0.5530951544695986,0.1459346177180213
5-16C,2.0,145.0623,-0.9134666720619753,0.1975470245245873
5-16C,2.0,145.0982,-0.6977172152967586,0.11751014631934614
5-16C,2.0,145.1106,-0.5276052816268874,0.5373556953044054
5-16C,2.0,146.0459,-0.4170351283184073,0.019349551992717512
5-16C,2.0,147.0298,-0.8438614025533517,0.02192950461632584
5-16C,2.0,147.0662,-0.7182109631459346,0.06697136864942133
5-16C,2.0,149.0092,1.4109334753416263,0.6449423009221644
5-16C,2.0,149.0456,0.8623046394683465,0.373831634341647
5-16C,2.0,149.0608,1.3749222711527747,0.6526268691509335
5-16C,2.0,150.0422,-0.623015476065621,0.48857264436649506
5-16C,2.0,150.9707,-0.7420271324270912,0.7593846574623377
5-16C,2.0,151.0259,-0.7141165523343821,0.048386025765962244
5-16C,2.0,151.04,0.49988140963253347,0.7037998668874067
5-16C,2.0,151.06,-0.2766684763284527,1.031458431393634
5-16C,2.0,152.0353,0.8473162884810674,0.8231059002866652
5-16C,2.0,152.0716,1.6649333163953404,0.7252401608120606
5-16C,2.0,153.0192,0.13268957825995892,0.15678246047174904
5-16C,2.0,154.062,-0.4407705079710934,0.07198354987625834
5-16C,2.0,154.9751,-0.9486971516447178,0.011671525993311326
5-16C,2.0,155.0099,-0.5951516713134755,0.04708820316494861
5-16C,2.0,157.0128,-0.7621587826725125,0.05610453403450541
5-16C,2.0,157.0255,-0.7179474527454368,0.05155648872253675
5-16C,2.0,157.0379,-0.6910809306912655,0.07403482949859043
5-16C,2.0,157.0504,-0.8832755144079807,0.03321150116927328
5-16C,2.0,159.0297,0.6626086598185383,0.12025749514331902
5-16C,2.0,159.0775,-1.0090732452093576,0.047589476659266716
5-16C,2.0,160.0616,-1.1382217857508938,0.2743748473225761
5-16C,2.0,161.0453,0.6060499165107183,0.41207251295744335
5-16C,2.0,162.0424,-0.905424024601654,0.05774053801283814
5-16C,2.0,163.0351,-0.5717677364231624,0.25829539944224617
5-16C,2.0,163.0398,0.5816794800553845,0.18229693322138737
5-16C,2.0,163.0611,1.0341341324939608,1.47104697239815
5-16C,2.0,164.0716,-0.5912881260269829,0.02568764455348776
5-16C,2.0,165.03,0.6743747404917829,0.33460363755772404
5-16C,2.0,165.0405,0.5259132030880236,0.34399374457934073
5-16C,2.0,165.0556,-0.5972406568113593,0.192330455476948
5-16C,2.0,166.0508,-0.46379966007511314,0.2557040817820089
5-16C,2.0,166.0632,-0.03480353568019853,0.6782407720188255
5-16C,2.0,166.9759,-0.6076558538690311,0.28558787692619153
5-16C,2.0,167.0207,-0.05414473255913789,0.3303768066648787
5-16C,2.0,167.0358,1.3580296169800723,0.48748931749035795
5-16C,2.0,167.0828,0.5464619083366848,0.7799965610756101
5-16C,2.0,168.0277,-0.37485202834874454,0.022571165515172128
5-16C,2.0,168.0664,1.316574043910535,0.4882458504200304
5-16C,2.0,170.0455,-0.8406793383186864,0.007154487322023931
5-16C,2.0,171.0065,-0.75090407815335,0.1741354587360757
5-16C,2.0,171.0092,-0.7597063969877266,0.14954365209811857
5-16C,2.0,171.0284,-0.8390716177183453,0.01597612530123412
5-16C,2.0,172.0616,-0.8124205669099962,0.2822676505009486
5-16C,2.0,172.962,-0.5644264119156969,0.041725382659893215
5-16C,2.0,173.0089,-0.8301384065015893,0.15229600478903407
5-16C,2.0,173.0453,-0.21450564007825623,0.3233839738873805
5-16C,2.0,173.0932,-0.8197783478798004,0.051579505052793184
5-16C,2.0,173.1041,-0.8594919831778802,0.27149311551962324
5-16C,2.0,174.0407,-0.9005018046310763,0.008243748475680972
5-16C,2.0,174.088,-0.7189439805748757,0.022743983863370194
5-16C,2.0,175.022,-0.6654544819032683,0.23520708451341474
5-16C,2.0,175.0361,-0.8944329842995756,0.03879513330022845
5-16C,2.0,175.0611,-0.921307433769363,0.029059382371330995
5-16C,2.0,176.0776,-0.753782664254741,0.056181769816741035
5-16C,2.0,177.0402,0.8587800067184116,0.6859925449567758
5-16C,2.0,177.0553,1.871867242625736,0.6340074123857606
5-16C,2.0,178.0509,-0.850239223541986,0.032982520707547
5-16C,2.0,179.0348,-0.33760182206103173,0.1714551120379159
5-16C,2.0,179.0561,1.0982222765471552,0.1572589619766685
5-16C,2.0,180.0663,1.1247403668826252,0.19210592957379538
5-16C,2.0,181.0505,0.12863397435642995,0.4076204675939221
5-16C,2.0,182.9725,1.4845929634667139,0.28628232443458435
5-16C,2.0,183.0661,1.4091299858805924,0.27638941978773424
5-16C,2.0,184.0017,-0.4326972548416646,0.02826765539839466
5-16C,2.0,184.9856,-0.3581586665638793,0.14505315852588435
5-16C,2.0,186.1136,1.4214312560915885,0.6370980388793623
5-16C,2.0,187.0234,-0.5487318958063638,0.19721732436598124
5-16C,2.0,188.035,-1.0101192731729403,0.4307126203657442
5-16C,2.0,188.0565,-0.9210882907774237,0.015444771152455794
5-16C,2.0,189.0405,1.3969883905689489,0.37563997011609546
5-16C,2.0,191.0197,-0.8779074185112776,0.16106668269782795
5-16C,2.0,191.0561,-1.0514033973019759,0.10679605448608721
5-16C,2.0,192.0663,-0.0743357372266045,0.3368528035703855
5-16C,2.0,193.0349,-0.28300519097666865,0.19526582503750245
5-16C,2.0,194.0682,-0.687957139750357,0.07606101118505952
5-16C,2.0,194.0822,1.0451583272719394,0.7902851409362139
5-16C,2.0,195.0509,-0.20516322461822187,0.11110568476553731
5-16C,2.0,195.0657,-0.5298167055955747,0.5589000992028825
5-16C,2.0,196.0603,-0.8980848216881234,0.09113383550965647
5-16C,2.0,198.0182,-0.8687345370998671,0.330292238018371
5-16C,2.0,199.0019,-0.3889479273871563,0.2903922057813486
5-16C,2.0,200.9937,1.0108393793399855,0.37767031256733874
5-16C,2.0,201.0051,-1.318432814428454,0.21485919374442683
5-16C,2.0,203.0348,0.32213386365628605,0.25076246913111255
5-16C,2.0,203.0826,-0.07567753327131449,0.006647146361830163
5-16C,2.0,204.0498,0.5731647191420592,0.37284650827932864
5-16C,2.0,205.0351,-0.49742262426240114,0.16935379333379072
5-16C,2.0,206.0822,0.03157803673024444,0.24464957834920392
5-16C,2.0,209.0292,0.3591813336331165,0.6734745090096897
5-16C,2.0,209.0814,0.05813790507206322,0.5906818251426302
5-16C,2.0,211.0235,0.10071197984275856,0.1183927610296359
5-16C,2.0,211.9968,-0.943717082210025,0.028880354991679177
5-16C,2.0,212.0331,-0.3685118938721331,0.31650466352514833
5-16C,2.0,212.9807,-0.3982427084363508,0.138831039953849
5-16C,2.0,213.014,-0.7178410873751568,0.20287464417994983
5-16C,2.0,213.0384,-0.46975568497436515,0.10202876553408029
5-16C,2.0,213.1252,0.5470793148382355,1.08391717422147
5-16C,2.0,214.0488,0.11639492505859661,0.90848849772443
5-16C,2.0,215.0331,1.0061350341037756,0.23575647200475647
5-16C,2.0,216.1351,0.22344996454137558,0.27439684641787987
5-16C,2.0,218.0335,0.9446663947515491,0.195295240855342
5-16C,2.0,218.1034,-0.9120124546903303,0.031293496232578724
5-16C,2.0,220.0828,0.4067435437879364,0.8994696866082968
5-16C,2.0,221.0443,1.2614820839752827,0.14306509482020324
5-16C,2.0,221.0664,0.14280186853967491,0.6982412929068724
5-16C,2.0,225.0399,0.6654453262688547,0.1788690157070895
5-16C,2.0,225.0861,0.9906373742284338,0.3063954612433485
5-16C,2.0,225.0901,0.8677864611088991,0.3274108100859638
5-16C,2.0,226.0135,-0.33281399685268337,0.41496867944136884
5-16C,2.0,226.0697,0.36088760623385413,0.5233256666006161
5-16C,2.0,228.0501,-0.7830487943106319,0.33214511497749555
5-16C,2.0,229.0122,-0.578761424851826,0.10516785725819529
5-16C,2.0,237.0614,-1.0076997534051775,0.17053893014457536
5-16C,2.0,238.0945,1.2894182768378002,0.4316120044235636
5-16C,2.0,240.0515,-0.8705664898834535,0.02946637643549728
5-16C,2.0,241.0844,-0.554953600075563,0.32897347064940996
5-16C,2.0,242.0804,-0.40989785353225,0.8065431091931333
5-16C,2.0,243.029,0.2017951116301888,0.33820717885173196
5-16C,2.0,243.0625,-0.7866506076092773,0.3139813815300875
5-16C,2.0,245.0444,-0.14277119611982797,0.27795875819847127
5-16C,2.0,246.0198,0.21294769161262103,0.4932663770188239
5-16C,2.0,246.064,0.7886265982884535,0.7097922461017608
5-16C,2.0,251.0816,0.6578332940316326,1.166199884579071
5-16C,2.0,253.0119,-0.31844253826518165,0.0140590976465003
5-16C,2.0,253.0499,-0.47433515932603204,1.1235551164725495
5-16C,2.0,257.0072,-0.5325315430216548,0.2590651346427207
5-16C,2.0,257.1028,0.8048977685815252,0.42053158480583186
5-16C,2.0,259.005,0.40110495430684034,0.3196548480632546
5-16C,2.0,259.0227,0.5994562768975382,0.3392691433478675
5-16C,2.0,261.0385,0.14210655996197477,0.4806971584629624
5-16C,2.0,266.0703,-0.7605192096961066,0.17331501631367097
5-16C,2.0,267.0724,-0.724771230977939,0.008476073524345124
5-16C,2.0,268.02,-0.31433011471945244,0.9122082351133095
5-16C,2.0,269.0398,-0.713352534996883,0.16501714542374463
5-16C,2.0,271.0612,-0.031667739215371124,0.4599532376689898
5-16C,2.0,271.0815,1.4218495456565505,1.0624153630286917
5-16C,2.0,273.0021,-0.852032440524552,0.1316334101268249
5-16C,2.0,274.0933,-0.5466283521984747,0.2384674465666613
5-16C,2.0,275.0184,0.001895861347593869,0.6044723981066629
5-16C,2.0,275.0991,-0.7420014848466875,0.34340995623398524
5-16C,2.0,277.1207,0.7059155826882136,0.2016405598167886
5-16C,2.0,277.2169,0.3796697256676922,0.5362730403273527
5-16C,2.0,279.2331,-0.2957080734563275,0.02058005844466672
5-16C,2.0,282.0839,-0.4873429565482882,0.7463103963500084
5-16C,2.0,283.2063,-0.3182157115967101,0.208196894915418
5-16C,2.0,285.0972,0.6869989414410714,0.4245777063487399
5-16C,2.0,287.0157,1.7912445081314181,0.7054483594577591
5-16C,2.0,288.0725,-0.4906977543732901,0.13993541653620886
5-16C,2.0,289.0333,0.2593549544516657,0.29827976386510824
5-16C,2.0,289.1044,-0.7454514451558432,0.14759722728670024
5-16C,2.0,290.9677,-0.4254808117326303,0.06653830435454297
5-16C,2.0,294.0479,0.12387612930350642,0.7223056871924332
5-16C,2.0,300.0509,-0.08423184070210107,0.7394536472256322
5-16C,2.0,301.0333,0.7869414303391828,0.6192538888481669
5-16C,2.0,303.2326,1.2253850275026528,2.145411261747762
5-16C,2.0,305.0207,1.76118583600259,0.2785505599400151
5-16C,2.0,306.0481,-1.0964269222509744,0.035496160602077644
5-16C,2.0,306.0765,-0.32779352629554337,0.006517370549709725
5-16C,2.0,308.0986,-0.31504830667427297,0.03830849381232023
5-16C,2.0,313.0441,-0.5302793080061325,0.06669477027107533
5-16C,2.0,313.1037,-0.8614844608000304,0.5325408879513638
5-16C,2.0,317.026,-0.4180587569802653,0.2518574456445776
5-16C,2.0,323.0256,-0.10613241218236479,0.24195586875950378
5-16C,2.0,325.1163,-0.49394951167659495,0.5396305145007642
5-16C,2.0,328.0457,-0.8698571462735818,0.06063803664590455
5-16C,2.0,333.0589,-1.04550433346944,0.1726704581506725
5-16C,2.0,338.9884,-0.45468387987853076,0.21019306678505129
5-16C,2.0,339.0928,0.07568834782153168,0.5253423421442464
5-16C,2.0,341.1089,-0.3706146564757531,0.25755765847625506
5-16C,2.0,344.0393,-0.5074090222285419,0.14023190319017467
5-16C,2.0,346.0556,-0.7163078098436761,0.07804850832330505
5-16C,2.0,348.087,-1.1476456772665793,0.14298921954285426
5-16C,2.0,353.0489,-0.9413315926396012,0.683344122449307
5-16C,2.0,357.089,-0.8016065356653272,0.26424188526460896
5-16C,2.0,375.131,-0.8835795912201803,0.39061554060728887
5-16C,2.0,377.1496,-0.030523063661140742,0.5778278670080096
5-16C,2.0,383.1188,0.4032370716282542,0.4089112122008541
5-16C,2.0,388.9416,0.10472954518450268,0.17304940897919371
5-16C,2.0,388.9442,-0.35648541450495996,0.16601499221884022
5-16C,2.0,401.0756,1.2717534165416904,0.1492819497066615
5-16C,2.0,407.2795,0.23394279641911275,0.16723604596867223
5-16C,2.0,421.0743,-0.6467282329051369,0.4212874503118925
5-16C,2.0,426.0222,-1.1193047354860846,0.5444552303725483
5-16C,2.0,442.9997,0.42060518561925164,0.25146229799995773
5-16C,2.0,466.9657,1.755760569229595,0.10753684564106553
5-16C,2.0,490.9787,0.6174387626197553,0.758510120896051
5-16C,2.0,503.1614,0.05431885626020946,0.3047532786006366
5-16C,2.0,547.0731,-0.9248063498269907,0.03873263019137168
5-16C,2.0,565.0471,-0.4007394481835439,0.08947938850022533
5-16C,2.0,578.8872,1.0008859535802226,0.2310543520930145
5-16C,2.0,579.0269,0.6710325318277468,0.12039664734048192
5-16C,2.0,612.2549,-1.035561085187219,0.1377865841000069
5-16C,2.0,624.2949,-0.38241211643840023,0.25533033804435534
5-16C,2.0,659.307,1.4177318153391543,0.3416606128378039
5-16C,2.0,664.0939,-0.2848443236845355,0.30262152125705405
5-16C,2.0,665.2144,-0.2878263645824236,0.38153862978405717
5-16C,2.0,668.1374,-0.6162171702910828,0.0003702807524983135
5-16C,2.0,787.255,1.7012252777884012,0.4423684903505653
5-16C,2.0,790.2568,0.6378408518831821,0.6654306608194863
5-16C,2.0,835.0407,-0.6686361584627112,0.22574754920350365
5-16C,2.0,863.2971,-0.690099098127908,0.04921016218683462
5-16C,2.0,864.1473,0.268904137274809,0.5437086675097765
5-16C,2.0,974.2935,-0.4055086468339715,0.3613512055680655
5-16C,2.0,976.7162,1.1561503440860146,0.2996577882222949
5-16C,3.0,57.0342,0.5599345314583023,0.6517100664506089
5-16C,3.0,58.0295,-0.32074634410122316,0.0527679544905088
5-16C,3.0,59.0135,0.43400273077366114,0.13355958763022072
5-16C,3.0,71.0137,0.3924457497592191,0.07086840412880328
5-16C,3.0,73.0293,-0.6913902085037171,0.02673403818164881
5-16C,3.0,74.0247,-0.6187891763466045,0.2512326031799781
5-16C,3.0,75.0087,0.9802121124015835,0.6941527438507411
5-16C,3.0,87.0088,-0.6516331895430381,0.017262559280183214
5-16C,3.0,87.0451,0.5382733371495408,0.7780205759027479
5-16C,3.0,88.0403,-0.6406893491747278,0.0375100913928003
5-16C,3.0,88.9883,-0.48043198792550657,0.26403497429807216
5-16C,3.0,89.0244,-0.8132342426351928,0.08523893799228215
5-16C,3.0,93.0338,-0.04246741994867108,0.007455119739775916
5-16C,3.0,94.9761,-1.3641892813677852,0.6401308715278184
5-16C,3.0,94.9806,1.2973074355382581,0.936385519844162
5-16C,3.0,95.0139,0.2997140946003304,0.19987501955804926
5-16C,3.0,101.0242,0.3416850123908459,0.4077415421220119
5-16C,3.0,102.056,-0.33047170689640387,0.1376122811376592
5-16C,3.0,103.0402,-0.647516061394912,0.060476738034941725
5-16C,3.0,103.0509,-0.6430072226800942,0.10199055691907322
5-16C,3.0,104.0352,-0.18992443423208188,0.08290931746406523
5-16C,3.0,105.0193,2.4268526558141277,1.4269359207327823
5-16C,3.0,107.0503,0.9203945366446173,1.653785608064887
5-16C,3.0,109.0295,-0.05949212632061912,0.22173471612177345
5-16C,3.0,111.02,0.07636753010516628,0.0315875706335891
5-16C,3.0,112.0516,0.8625640839096544,1.0746857154034477
5-16C,3.0,113.0244,0.5012756338238463,0.0891730977148125
5-16C,3.0,113.0357,0.41392351080352185,0.07505064990669497
5-16C,3.0,114.056,-0.24485867331139127,0.002169582058709574
5-16C,3.0,115.0037,-0.48511449848373567,0.06155927205925406
5-16C,3.0,115.0402,0.8709636095299795,1.146418832797031
5-16C,3.0,115.0764,1.0781620534523864,1.0056581238598905
5-16C,3.0,116.0354,0.09647506123107356,0.46137723667228836
5-16C,3.0,116.0717,-0.762257345418605,0.0062736831474977375
5-16C,3.0,117.0194,-0.6999251023938367,0.007144623445114571
5-16C,3.0,118.0508,-0.17444775708005011,0.21520463502331574
5-16C,3.0,118.9804,0.6814589523373573,0.16791241059750814
5-16C,3.0,119.0503,1.501783722276144,0.4314590393019483
5-16C,3.0,120.9273,1.940135849278263,1.8604545192742254
5-16C,3.0,121.0295,0.8174204109910591,1.0726106982739612
5-16C,3.0,121.0409,1.075197785874456,0.8036487214336331
5-16C,3.0,122.0248,0.6583843006612647,0.6017828984803052
5-16C,3.0,124.0075,0.3952198579623313,1.133740551152801
5-16C,3.0,124.0144,0.08060832808980642,0.23089361034824044
5-16C,3.0,125.0439,0.6086484799622459,0.5829744558208116
5-16C,3.0,127.0764,1.0045081512746026,0.6006461943081032
5-16C,3.0,128.0354,-0.3129198442220643,0.020136382257404828
5-16C,3.0,129.0193,-0.28106143023405145,0.09985940357556261
5-16C,3.0,129.0556,0.9812515151910163,1.2898449377426295
5-16C,3.0,130.0142,-0.34707052985696835,0.4456637276703107
5-16C,3.0,130.0509,-0.3799848137490896,0.03648145793782365
5-16C,3.0,130.0874,-0.6600176283090436,0.02634016926523187
5-16C,3.0,131.0008,-0.7528645289916607,0.686010860096922
5-16C,3.0,131.0123,-0.6291821619089442,0.060843045802849945
5-16C,3.0,131.035,0.78327178840305,0.3068074772834382
5-16C,3.0,131.0462,0.6460728123330326,0.34719897273013006
5-16C,3.0,131.0828,-0.2908590328822827,0.1672840787647337
5-16C,3.0,132.0302,-0.2174048364269798,0.04958782020906446
5-16C,3.0,133.0142,-0.17833560983500463,0.09574656581415616
5-16C,3.0,133.0257,-0.2480251534808195,0.07331579716559869
5-16C,3.0,133.0505,0.05040950951256426,0.06581518396186276
5-16C,3.0,134.0472,-0.21427405291327728,0.21015049589172707
5-16C,3.0,134.0604,0.3111185458873688,0.5428826023584103
5-16C,3.0,135.0302,-0.6384617638783293,0.06497502226931841
5-16C,3.0,135.0453,-0.4216413562252086,0.05984742780012512
5-16C,3.0,136.0404,-0.169301871188008,0.12091511649734737
5-16C,3.0,136.0487,-0.5717589560465539,0.14106675098612895
5-16C,3.0,136.0767,2.014266109452134,1.377742598817912
5-16C,3.0,137.0239,-0.1740756984380304,0.046201949208568564
5-16C,3.0,138.9789,-0.2599703712706908,0.5819845697901135
5-16C,3.0,139.0014,-0.06341989850786219,0.0707363245594791
5-16C,3.0,139.0067,-0.6969469868548968,0.07251057337755012
5-16C,3.0,139.976,-0.44660211786677784,0.6765795269884717
5-16C,3.0,143.0713,1.0416405953520624,0.5039829862693891
5-16C,3.0,143.1077,0.7013049526044189,0.5719813994747897
5-16C,3.0,145.0141,-0.33164077389505653,0.13709351305556713
5-16C,3.0,145.0506,-0.2901125051404865,0.1533022431156122
5-16C,3.0,145.0623,-0.22835060791795161,0.3131261414268547
5-16C,3.0,145.0982,-0.21453996631957692,0.2212753125863569
5-16C,3.0,145.1106,-0.29567943237617045,0.9184200291234446
5-16C,3.0,146.0459,-0.3070556142904168,0.021575334729676626
5-16C,3.0,147.0298,-0.7191679188331059,0.0132037590927855
5-16C,3.0,147.0662,0.3010113238640199,0.07302376857258594
5-16C,3.0,149.0092,0.6985342869127272,0.6154795584188388
5-16C,3.0,149.0456,0.23081074702505305,0.12441812582356887
5-16C,3.0,149.0608,0.8558563364533176,0.7484220662929949
5-16C,3.0,150.0422,-0.5579708118369133,0.3384604331615522
5-16C,3.0,150.9707,0.33515326721253247,0.9117905830418627
5-16C,3.0,151.0259,-0.6382678628470064,0.09540253084165574
5-16C,3.0,151.04,0.5432857031671031,1.0068239331696867
5-16C,3.0,151.06,0.0568082439863104,0.5570549801667739
5-16C,3.0,152.0353,0.2909480556078586,0.604718025867061
5-16C,3.0,152.0716,1.1293429561568162,0.9302446285539252
5-16C,3.0,153.0192,0.20467880725066792,0.09038702779521103
5-16C,3.0,154.062,-0.23602005615901822,0.06864011451570973
5-16C,3.0,154.9751,-0.6621736875641369,0.03810370834651513
5-16C,3.0,155.0099,0.14036753188062906,0.034851574054648914
5-16C,3.0,157.0128,-0.535410582720801,0.058579113028585324
5-16C,3.0,157.0255,0.21281443423854496,0.07839839088992538
5-16C,3.0,157.0379,0.21901126050961933,0.0883561238128671
5-16C,3.0,157.0504,-0.5280751298350983,0.010163050564759305
5-16C,3.0,159.0297,0.6404309256115459,0.23513633424879637
5-16C,3.0,159.0775,-0.40885360360734724,0.1224201872821336
5-16C,3.0,160.0616,0.4897550872408171,0.30577800246246367
5-16C,3.0,161.0453,0.36266079933538364,0.17392877563188533
5-16C,3.0,162.0424,-0.18797979673646875,0.29262339755040867
5-16C,3.0,163.0351,-0.6504002319330433,0.2306536814323908
5-16C,3.0,163.0398,1.113552494842724,0.15112755371884068
5-16C,3.0,163.0611,1.1243240010554671,1.1639730967045259
5-16C,3.0,164.0716,-0.3878126381823863,0.048216856203074386
5-16C,3.0,165.03,0.49043338011388427,1.395718394901878
5-16C,3.0,165.0405,0.4569000385495217,0.47143795941870054
5-16C,3.0,165.0556,-0.494784899691769,0.13920917402614516
5-16C,3.0,166.0508,0.11014928827082343,0.25083035430293854
5-16C,3.0,166.0632,0.3990015251510148,1.0065311989342096
5-16C,3.0,166.9759,-0.2589416039660395,0.1905999740239503
5-16C,3.0,167.0207,0.11681152101025342,0.29066084524759067
5-16C,3.0,167.0358,0.7580499307065003,0.7313557363657632
5-16C,3.0,167.0828,1.0153362499729095,0.3633829854571977
5-16C,3.0,168.0277,-0.32272113289801346,0.08252427889328534
5-16C,3.0,168.0664,0.1276318783367874,0.9595407954323197
5-16C,3.0,170.0455,-0.7461325156692115,0.01554416675345228
5-16C,3.0,171.0065,-0.6309602851634045,0.18256699877243238
5-16C,3.0,171.0092,-0.6976507484929966,0.1504402463286206
5-16C,3.0,171.0284,-0.6808279190366748,0.04315313545857574
5-16C,3.0,172.0616,0.3983307294806895,0.42389669947369607
5-16C,3.0,172.962,-0.4556470337208264,0.0408847456520344
5-16C,3.0,173.0089,-0.20938018674884507,0.08101635813542218
5-16C,3.0,173.0453,-0.4839178581057804,0.08742548576519525
5-16C,3.0,173.0932,-0.5411754071398391,0.06647535039700143
5-16C,3.0,173.1041,0.015355147788572554,0.19831988710058288
5-16C,3.0,174.0407,-0.28300295088276417,0.01653795068415595
5-16C,3.0,174.088,-0.44220843503528195,0.14805745160159853
5-16C,3.0,175.022,-0.4493092305667049,0.14741023802893657
5-16C,3.0,175.0361,-0.2175167256822474,0.05441040510968751
5-16C,3.0,175.0611,-0.45840329561262955,0.038948743716028474
5-16C,3.0,176.0776,-0.5485005735789891,0.3368212172201533
5-16C,3.0,177.0402,0.225561448182025,0.24324608423389774
5-16C,3.0,177.0553,1.5807289208884376,0.6240105221627948
5-16C,3.0,178.0509,-0.49937855714971013,0.06352347995626564
5-16C,3.0,179.0348,0.6517816565757577,0.38006322674077875
5-16C,3.0,179.0561,0.19237415582698475,0.12306770807807976
5-16C,3.0,180.0663,0.10117118899752653,0.05187660424426476
5-16C,3.0,181.0505,-0.5872756431613648,0.12086813027557311
5-16C,3.0,182.9725,0.5795526426129447,0.36633487684193083
5-16C,3.0,183.0661,0.9877868906698537,0.945131249011443
5-16C,3.0,184.0017,-0.32681751989777486,0.08596296352555759
5-16C,3.0,184.9856,-0.41639768016671486,0.210762919258882
5-16C,3.0,186.1136,0.7759255448958458,0.7624957219075995
5-16C,3.0,187.0234,-0.709051497315757,0.49414056629956843
5-16C,3.0,188.035,-0.1511560747986882,0.6133960147023267
5-16C,3.0,188.0565,-0.20633320653023896,0.03450026848924369
5-16C,3.0,189.0405,2.1885937704174925,0.08839636230225174
5-16C,3.0,191.0197,-0.11031711813471776,0.15893295815042552
5-16C,3.0,191.0561,-0.6500221470033851,0.04776826142212012
5-16C,3.0,192.0663,0.4791178482003755,0.33841738918926295
5-16C,3.0,193.0349,-0.0033298157423323482,0.3739345088717086
5-16C,3.0,194.0682,-0.26202211696718475,0.152141943704126
5-16C,3.0,194.0822,0.7100930730223008,0.40249408745910104
5-16C,3.0,195.0509,0.3224756109691583,0.20497977544835605
5-16C,3.0,195.0657,-0.04262585929482375,0.09143122614952993
5-16C,3.0,196.0603,-0.18902242582795287,0.07607817601370254
5-16C,3.0,198.0182,-0.5183217876725925,0.36811213467742376
5-16C,3.0,199.0019,-0.6418719808278148,0.3830069443088991
5-16C,3.0,200.9937,-0.1967382782545212,0.31865676165687307
5-16C,3.0,201.0051,-0.9385802423380128,0.2647408295080402
5-16C,3.0,203.0348,-0.4384373213544176,0.11918613488238175
5-16C,3.0,203.0826,-0.08073131604329156,0.008012123716716685
5-16C,3.0,204.0498,0.6398025708609851,0.42699559912343826
5-16C,3.0,205.0351,-0.19353283707520053,0.15117003764272308
5-16C,3.0,206.0822,0.08636976954697806,0.4014693160170008
5-16C,3.0,209.0292,-0.7423061096677444,0.3480732811734703
5-16C,3.0,209.0814,0.028062121100829753,0.31624914298290185
5-16C,3.0,211.0235,-0.047644863292997164,0.5051507129094044
5-16C,3.0,211.9968,-0.310639967458029,0.0785295189167966
5-16C,3.0,212.0331,-0.7524224019674423,0.18821022610267885
5-16C,3.0,212.9807,-0.5405583072312694,0.2008288437856308
5-16C,3.0,213.014,-0.9514591504035522,0.5107442596656099
5-16C,3.0,213.0384,-0.48909481960004314,0.21149935401066633
5-16C,3.0,213.1252,0.3762618914188699,0.2830100579184949
5-16C,3.0,214.0488,-1.3054106460085153,0.45609482790653794
5-16C,3.0,215.0331,0.282778751326907,0.1410815168683367
5-16C,3.0,216.1351,1.0918159881316043,0.5223641653301497
5-16C,3.0,218.0335,0.28485196250790573,0.2085140784743307
5-16C,3.0,218.1034,-0.04443195386572035,0.09795085215556887
5-16C,3.0,220.0828,0.18729306465790024,0.31647610718836905
5-16C,3.0,221.0443,0.4748300636958431,0.19272371731136734
5-16C,3.0,221.0664,-0.49311550765420586,0.28772090928344995
5-16C,3.0,225.0399,0.0979735728799542,0.38438384291930133
5-16C,3.0,225.0861,0.2231083546910811,0.43514347934707553
5-16C,3.0,225.0901,-0.9419826730506529,0.29878824615893346
5-16C,3.0,226.0135,-0.347708551278877,0.3046217256398172
5-16C,3.0,226.0697,0.34430424044441177,0.40101786410964996
5-16C,3.0,228.0501,0.011848660873880291,0.19669843297057205
5-16C,3.0,229.0122,-0.4844515576977369,0.1977621312296056
5-16C,3.0,237.0614,-0.37441449976667496,0.20966763362326246
5-16C,3.0,238.0945,0.6966997968616854,0.22980738482847465
5-16C,3.0,240.0515,0.06628517910169067,0.09602728964642233
5-16C,3.0,241.0844,-0.024876611589457226,0.8734205734234993
5-16C,3.0,242.0804,0.23059698016226524,0.4042894904608715
5-16C,3.0,243.029,-0.7103472670166636,0.3092374181860932
5-16C,3.0,243.0625,-0.9670961936740583,0.4151394268354013
5-16C,3.0,245.0444,-0.616130738250378,0.5043614899067548
5-16C,3.0,246.0198,0.14917987206446978,0.7683984991417938
5-16C,3.0,246.064,0.6331916493383489,0.4670349477975442
5-16C,3.0,251.0816,0.035040507301367756,0.3905191212543475
5-16C,3.0,253.0119,-0.27625794675996984,0.0070147026962319205
5-16C,3.0,253.0499,0.21594313776295485,0.4026037360506486
5-16C,3.0,257.0072,-0.8307337474774014,0.5106784913346537
5-16C,3.0,257.1028,1.3073910351626277,0.5677212698177748
5-16C,3.0,259.005,-0.5631720258072324,0.23432704839414017
5-16C,3.0,259.0227,0.03789934656842399,0.2866964344208226
5-16C,3.0,261.0385,-0.29555248201793055,0.647273221068161
5-16C,3.0,266.0703,-0.2343453400912557,0.13264208638082597
5-16C,3.0,267.0724,-0.5787571281076993,0.023067560916475403
5-16C,3.0,268.02,-0.2607465806061572,0.7510447002691886
5-16C,3.0,269.0398,-0.6093606319064453,0.13380044136436206
5-16C,3.0,271.0612,0.20456541612857937,0.300101780144373
5-16C,3.0,271.0815,0.3381870810882764,1.6213829814492338
5-16C,3.0,273.0021,-0.7539625746910643,0.10778746582759068
5-16C,3.0,274.0933,0.2797308519905374,0.302681135854843
5-16C,3.0,275.0184,-0.6313604984673926,0.6779276096642749
5-16C,3.0,275.0991,-0.5713494125068915,0.2963408461415278
5-16C,3.0,277.1207,0.11845901782175629,0.2573442760271117
5-16C,3.0,277.2169,-0.29575242968812626,0.3569960662886895
5-16C,3.0,279.2331,-0.3362088724643591,0.024256458209945597
5-16C,3.0,282.0839,0.4821469682463556,0.7426556616765096
5-16C,3.0,283.2063,-0.15047343953920916,0.18787928170759785
5-16C,3.0,285.0972,0.7269243824183944,0.6235263994711656
5-16C,3.0,287.0157,0.2902208954793324,0.5684276323353582
5-16C,3.0,288.0725,-0.09767902890959691,0.1256631630115911
5-16C,3.0,289.0333,-0.25744190420808205,0.25891509696639287
5-16C,3.0,289.1044,0.19167314213960382,0.30543679490639064
5-16C,3.0,290.9677,-0.31545453414806135,0.09426006976893488
5-16C,3.0,294.0479,-0.0065364467932810255,0.7768199499744535
5-16C,3.0,300.0509,0.1838930090904517,0.49385164780144936
5-16C,3.0,301.0333,0.45840278090702047,1.0215367367858637
5-16C,3.0,303.2326,-0.3315001311976745,0.1692926189843681
5-16C,3.0,305.0207,0.3131426282073121,0.13885231629564088
5-16C,3.0,306.0481,-0.34223277179274236,0.10160333078736278
5-16C,3.0,306.0765,0.11143443045468492,0.09795421993457593
5-16C,3.0,308.0986,-0.3198870955990585,0.03983179742042423
5-16C,3.0,313.0441,-0.009865372956529034,0.2272795292730013
5-16C,3.0,313.1037,-0.29215145444266427,0.4260885658382187
5-16C,3.0,317.026,-0.6388079944227889,0.512014919493353
5-16C,3.0,323.0256,0.6386573131560962,0.43504788139837824
5-16C,3.0,325.1163,-0.7880296307461643,0.41009163145086397
5-16C,3.0,328.0457,-0.09943379203547754,0.06901791050974661
5-16C,3.0,333.0589,-0.15933607252861415,0.49009739997151514
5-16C,3.0,338.9884,-0.7717236114873998,0.19294205334091116
5-16C,3.0,339.0928,0.23523787519935588,0.36263732674597954
5-16C,3.0,341.1089,-0.7245291917297618,0.17409215529018104
5-16C,3.0,344.0393,-0.49642192535922824,0.26794760198593265
5-16C,3.0,346.0556,-0.40407145710775194,0.15399318128165973
5-16C,3.0,348.087,-0.2689987131782911,0.21006612014810527
5-16C,3.0,353.0489,-0.24867021316112786,0.41958632401783796
5-16C,3.0,357.089,-0.5844809618816575,0.24044252706163152
5-16C,3.0,375.131,-0.4942606269267808,0.6194940988748198
5-16C,3.0,377.1496,-0.2272815889149905,0.47571264320998913
5-16C,3.0,383.1188,-0.041062695261418355,0.27264583156953687
5-16C,3.0,388.9416,-0.5147015495440637,0.3244425227954465
5-16C,3.0,388.9442,-0.8132225590518065,0.23556811889926413
5-16C,3.0,401.0756,0.5730674077517507,0.12376786402900629
5-16C,3.0,407.2795,0.29747692515105256,0.37615797937866097
5-16C,3.0,421.0743,-0.6863985160647967,0.6879042657190185
5-16C,3.0,426.0222,-0.7746658293275535,0.3184958306178579
5-16C,3.0,442.9997,-0.38547801459964093,0.36722026011936265
5-16C,3.0,466.9657,0.741664012990753,0.589614836093414
5-16C,3.0,490.9787,-0.06922110478421444,1.054820268204941
5-16C,3.0,503.1614,-0.338400120475926,0.26332220951252755
5-16C,3.0,547.0731,-0.1502780863761125,0.0641879491308826
5-16C,3.0,565.0471,0.3000801365487669,0.1345785894660381
5-16C,3.0,578.8872,0.4819903727427278,0.08220866737946142
5-16C,3.0,579.0269,0.32193034628856776,0.2736688061870285
5-16C,3.0,612.2549,-0.9999471335286856,0.4992472904400867
5-16C,3.0,624.2949,-0.8358035444875842,0.18878711647566643
5-16C,3.0,659.307,0.16465672650657562,0.2630230292144078
5-16C,3.0,664.0939,-0.4767011080974375,0.148830086003414
5-16C,3.0,665.2144,-1.1105408289455436,0.3801987233622671
5-16C,3.0,668.1374,-0.611217962125323,0.0011054820739152765
5-16C,3.0,787.255,-0.2084139232914915,0.11964267298522432
5-16C,3.0,790.2568,-0.3057395453464026,0.3282514015864474
5-16C,3.0,835.0407,-0.7959467001480598,0.19468481641932633
5-16C,3.0,863.2971,-0.7515376693211859,0.06482321253543431
5-16C,3.0,864.1473,-0.9262135886402069,0.47695759660991555
5-16C,3.0,974.2935,-0.7053794503716335,0.3175462596737108
5-16C,3.0,976.7162,0.21386114314896731,0.2927471423486133
5-16C,4.0,57.0342,-0.5170542293127287,0.32799424795737764
5-16C,4.0,58.0295,-0.01858882109425973,0.31884008999093105
5-16C,4.0,59.0135,-0.12082199667323718,0.07669827644784492
5-16C,4.0,71.0137,0.007021778242680219,0.11053138942529461
5-16C,4.0,73.0293,-0.23520874679509515,0.038906915365586735
5-16C,4.0,74.0247,-0.2879077684830042,0.4648165692037192
5-16C,4.0,75.0087,0.6682414670984602,0.40647344883471487
5-16C,4.0,87.0088,-0.5603236763977147,0.016735231276136367
5-16C,4.0,87.0451,0.23746481458269567,0.4247585154871973
5-16C,4.0,88.0403,-0.5302388539930689,0.06262053312507553
5-16C,4.0,88.9883,-0.16766787922536508,0.5421848468962619
5-16C,4.0,89.0244,-0.6902382697082873,0.06176211103645659
5-16C,4.0,93.0338,-0.04016548823954729,0.007220121387555988
5-16C,4.0,94.9761,-0.933110524413947,0.28253913529278357
5-16C,4.0,94.9806,0.5847131532698658,0.20693193652316544
5-16C,4.0,95.0139,0.024192818266293627,0.15657131668116733
5-16C,4.0,101.0242,-0.17539794301101308,0.11667861811369246
5-16C,4.0,102.056,-0.44527890495616385,0.020809351956749367
5-16C,4.0,103.0402,-0.43194772427703754,0.07571838106877349
5-16C,4.0,103.0509,-0.42370077849112237,0.10190666923271416
5-16C,4.0,104.0352,-0.23435137283852656,0.16742899969091557
5-16C,4.0,105.0193,0.5309507623310429,0.26669107598093655
5-16C,4.0,107.0503,-0.530642570212788,0.2979372767147893
5-16C,4.0,109.0295,0.06207415959496311,0.04890462619384716
5-16C,4.0,111.02,0.29746379699312275,0.04213056339592165
5-16C,4.0,112.0516,-0.4890736436100189,0.20822399732094207
5-16C,4.0,113.0244,-0.02768321362611568,0.030477542290486322
5-16C,4.0,113.0357,0.31507433029291254,0.05444295661249699
5-16C,4.0,114.056,-0.2465911535794985,0.0015012918236997862
5-16C,4.0,115.0037,-0.16754663302154937,0.09018329123780228
5-16C,4.0,115.0402,0.22695120968348673,0.4550199399224177
5-16C,4.0,115.0764,-0.40262993170300826,0.3080124819069434
5-16C,4.0,116.0354,0.012987406181239593,0.2317700114422823
5-16C,4.0,116.0717,-0.5743161524328535,0.030785986880141978
5-16C,4.0,117.0194,-0.2568267152804649,0.03238853371000199
5-16C,4.0,118.0508,0.04715409033679501,0.08773047808512695
5-16C,4.0,118.9804,-0.016315393888677636,0.05517526588100674
5-16C,4.0,119.0503,1.0427371087839674,0.37516673454520727
5-16C,4.0,120.9273,0.1593054638271279,0.7493367670221044
5-16C,4.0,121.0295,-0.7119132412089045,0.30559285038026324
5-16C,4.0,121.0409,-0.5492581717091133,0.1357565304805572
5-16C,4.0,122.0248,0.15157667457606258,0.26424002398859453
5-16C,4.0,124.0075,-0.4409972749894205,0.1910334418865558
5-16C,4.0,124.0144,0.09170060352660134,0.24227300457897571
5-16C,4.0,125.0439,0.4892416114233583,0.16099357576261025
5-16C,4.0,127.0764,-0.20961552390571123,0.6399189811664634
5-16C,4.0,128.0354,-0.34713318762963696,0.009706176754713584
5-16C,4.0,129.0193,-0.3455232794863149,0.08315844644601891
5-16C,4.0,129.0556,-0.7548487542291105,0.6027666214451742
5-16C,4.0,130.0142,-0.5639595081269807,0.4617565998566502
5-16C,4.0,130.0509,-0.30355902527584105,0.04297508389551003
5-16C,4.0,130.0874,-0.3904473572125815,0.05952759710563423
5-16C,4.0,131.0008,-0.9363171519604525,0.14974101234228057
5-16C,4.0,131.0123,-0.6156974887501581,0.030682044954204696
5-16C,4.0,131.035,0.666745110827293,0.089956997728512
5-16C,4.0,131.0462,0.6043074017732756,0.10695041042582301
5-16C,4.0,131.0828,-0.08387238703561495,0.15089212744507266
5-16C,4.0,132.0302,-0.06368996667865488,0.06160903056048588
5-16C,4.0,133.0142,-0.1969518349035691,0.06401112911085968
5-16C,4.0,133.0257,-0.1810434338566354,0.15484861587531812
5-16C,4.0,133.0505,0.32185227092049534,0.0976794911315348
5-16C,4.0,134.0472,0.6431524328787221,0.31902295620676163
5-16C,4.0,134.0604,0.2841480872548247,0.8128918030073747
5-16C,4.0,135.0302,-0.601551268656215,0.09155757873724923
5-16C,4.0,135.0453,-0.3602849814142439,0.04157896492780769
5-16C,4.0,136.0404,-0.2887015801156554,0.07512197762098442
5-16C,4.0,136.0487,-0.4888017617481801,0.20146012576561714
5-16C,4.0,136.0767,0.8715367255349615,0.6744698790197268
5-16C,4.0,137.0239,-0.46365902811948967,0.06959859341529367
5-16C,4.0,138.9789,-0.8862519203775217,0.11208098591049809
5-16C,4.0,139.0014,0.3999813130703114,0.04731897402505261
5-16C,4.0,139.0067,-0.6689942562588882,0.014965806600634903
5-16C,4.0,139.976,-0.8611444934198978,0.3343939076318318
5-16C,4.0,143.0713,-0.37580543685841494,0.2930011925433679
5-16C,4.0,143.1077,-0.8271620861749598,0.5414574889514193
5-16C,4.0,145.0141,-0.33958736643236753,0.1257554723183361
5-16C,4.0,145.0506,-0.39308974654075524,0.1167495494739226
5-16C,4.0,145.0623,-0.4373219327887875,0.5240521725219573
5-16C,4.0,145.0982,0.38902597263109995,0.2563644166799022
5-16C,4.0,145.1106,0.7569071142232371,0.46212425695247833
5-16C,4.0,146.0459,-0.2540093461841633,0.010638270834504322
5-16C,4.0,147.0298,-0.5522294959246413,0.02936602655710432
5-16C,4.0,147.0662,0.6220991709486681,0.12765193818140735
5-16C,4.0,149.0092,-0.7758493730670555,0.4191926602746496
5-16C,4.0,149.0456,0.2980914047246189,0.13848241059095737
5-16C,4.0,149.0608,-0.077165049719038,0.6256648077900441
5-16C,4.0,150.0422,-0.09469350947326031,0.6424088480538116
5-16C,4.0,150.9707,-0.6842030312194427,0.15822131070135192
5-16C,4.0,151.0259,-0.6528218549257648,0.10725553392747009
5-16C,4.0,151.04,-0.6732449941065907,0.24922474367623956
5-16C,4.0,151.06,0.5359786770599506,0.8026989731186628
5-16C,4.0,152.0353,-1.0434902076564685,0.18345909283159254
5-16C,4.0,152.0716,0.05657920998448197,0.18654662839135025
5-16C,4.0,153.0192,0.2391694684941274,0.09381706731761522
5-16C,4.0,154.062,-0.32020430566900293,0.13196751262946585
5-16C,4.0,154.9751,-0.1837882625744872,0.033240042468792565
5-16C,4.0,155.0099,0.29019360618364465,0.06144231658393041
5-16C,4.0,157.0128,-0.3760032311123307,0.044456814296960426
5-16C,4.0,157.0255,0.1550192343275028,0.03483292615351078
5-16C,4.0,157.0379,0.24653407248994402,0.10710056097118856
5-16C,4.0,157.0504,-0.19987494957538654,0.041629313692834916
5-16C,4.0,159.0297,0.7503228445473169,0.24122022427666576
5-16C,4.0,159.0775,-0.07418488483890193,0.07710146537498733
5-16C,4.0,160.0616,-0.03757805548041723,0.30815274535299747
5-16C,4.0,161.0453,0.12261742463852308,0.06840327645082958
5-16C,4.0,162.0424,0.42519078912609914,0.14809112700906568
5-16C,4.0,163.0351,-1.0564228653795076,0.17963470167173615
5-16C,4.0,163.0398,0.8701052650501309,0.08513469882231607
5-16C,4.0,163.0611,-0.10205087834984412,0.9219178402580955
5-16C,4.0,164.0716,-0.346948836846484,0.06947572598934151
5-16C,4.0,165.03,-1.1465123953354728,0.5508983681760464
5-16C,4.0,165.0405,-1.443973782716696,0.13102844537301178
5-16C,4.0,165.0556,-0.2449398740342208,0.03405402523025088
5-16C,4.0,166.0508,0.015257008180002057,0.44837450873402207
5-16C,4.0,166.0632,-0.9049805511936975,0.29356841100210307
5-16C,4.0,166.9759,-0.4688289932463826,0.18884356318244147
5-16C,4.0,167.0207,-0.2005598207742857,0.32426080622706277
5-16C,4.0,167.0358,-0.9371914776808193,0.26464934056764333
5-16C,4.0,167.0828,-0.11255502345616573,0.5648552028602175
5-16C,4.0,168.0277,-0.2676037684548184,0.026534965483676377
5-16C,4.0,168.0664,0.8727473377844259,0.15720100283568184
5-16C,4.0,170.0455,-0.6660146163613072,0.0202794550818574
5-16C,4.0,171.0065,-0.15991417630531635,0.1489075683821691
5-16C,4.0,171.0092,-0.2110167302576446,0.19036303091883253
5-16C,4.0,171.0284,-0.5338841514208983,0.06533453608364845
5-16C,4.0,172.0616,0.5825286580241122,0.31293377915208953
5-16C,4.0,172.962,-0.38965606567012745,0.1522411922271126
5-16C,4.0,173.0089,-0.27324390682248567,0.14676890808909018
5-16C,4.0,173.0453,-0.803066019780629,0.04498902513852952
5-16C,4.0,173.0932,-0.30204711394474415,0.10231414259094472
5-16C,4.0,173.1041,0.16039837926384973,0.520913659661955
5-16C,4.0,174.0407,-0.18229457541460545,0.02943995735376617
5-16C,4.0,174.088,-0.24992469960403318,0.04859796223539202
5-16C,4.0,175.022,-0.6422999083918776,0.025185982962501217
5-16C,4.0,175.0361,-0.07904638695953618,0.0660161868156821
5-16C,4.0,175.0611,-0.09404967614660653,0.05376138848079859
5-16C,4.0,176.0776,0.05694594495588294,0.20538282332482688
5-16C,4.0,177.0402,0.13331647697076812,0.450095206568255
5-16C,4.0,177.0553,0.7349674355427316,0.5825897043380651
5-16C,4.0,178.0509,-0.538233040552724,0.047927022022794974
5-16C,4.0,179.0348,0.3391532702568627,0.1752357456407677
5-16C,4.0,179.0561,0.14478496724029677,0.08842501999598654
5-16C,4.0,180.0663,0.16108580078347573,0.1063365154235197
5-16C,4.0,181.0505,0.23940715907221544,0.17279173181142796
5-16C,4.0,182.9725,-0.14074565596831645,0.11438447364597777
5-16C,4.0,183.0661,0.3000692623852072,0.21587262105820754
5-16C,4.0,184.0017,-0.3219690666887106,0.04833928592807988
5-16C,4.0,184.9856,-0.3005526857175963,0.10244156895495425
5-16C,4.0,186.1136,-0.2657948994715957,1.2344052087370034
5-16C,4.0,187.0234,-0.3828262454638909,0.4742739683465672
5-16C,4.0,188.035,-0.3596842474857708,0.2740096237813882
5-16C,4.0,188.0565,-0.12123444536234895,0.01385484722226585
5-16C,4.0,189.0405,-0.5150288416622095,0.06548868619040059
5-16C,4.0,191.0197,-0.2503523809416017,0.14472884355503343
5-16C,4.0,191.0561,-0.266556056782974,0.07533837470219296
5-16C,4.0,192.0663,0.38680125498249895,0.3391477175921777
5-16C,4.0,193.0349,-0.6014700413309189,0.1448826731586273
5-16C,4.0,194.0682,-0.4515791121652454,0.15697983925189232
5-16C,4.0,194.0822,-0.0032552603801922425,0.6240123465850627
5-16C,4.0,195.0509,-0.07045239390767022,0.051230828240457334
5-16C,4.0,195.0657,-0.2307666071126293,0.09195521967225237
5-16C,4.0,196.0603,-0.0868019168673542,0.17837840308065653
5-16C,4.0,198.0182,-0.21844933864348248,0.2644495248678875
5-16C,4.0,199.0019,-1.2796894993236085,0.158549327894996
5-16C,4.0,200.9937,-0.011205544531977404,0.12301223745518551
5-16C,4.0,201.0051,-0.5008453735480758,0.2757603064535927
5-16C,4.0,203.0348,-0.6183852272548225,0.18970638151528607
5-16C,4.0,203.0826,-0.0842161632681474,0.013031358287664753
5-16C,4.0,204.0498,-0.992397630536549,0.12178418902896378
5-16C,4.0,205.0351,-0.2904999535088325,0.21626002147410528
5-16C,4.0,206.0822,0.6735408764486905,0.9915042199991797
5-16C,4.0,209.0292,-0.6488548980090312,0.31797741873970703
5-16C,4.0,209.0814,-0.27797217193979157,0.2751279159756621
5-16C,4.0,211.0235,-0.7090292414014308,0.21143266108021203
5-16C,4.0,211.9968,-0.06885976796868938,0.1499705544972757
5-16C,4.0,212.0331,-0.15482585634738558,0.21418156525838147
5-16C,4.0,212.9807,-0.5307734303087768,0.14451364240474482
5-16C,4.0,213.014,-0.29600516711538716,0.16951889439397716
5-16C,4.0,213.0384,-0.694792887891345,0.16547794033684335
5-16C,4.0,213.1252,0.0238950598626916,0.42376494392770336
5-16C,4.0,214.0488,-0.589701510972274,0.17105774436421073
5-16C,4.0,215.0331,0.1234912364487705,0.09596285167744441
5-16C,4.0,216.1351,0.31455301245405565,0.23129693673035912
5-16C,4.0,218.0335,0.09868635050374795,0.06674140669578693
5-16C,4.0,218.1034,0.33667177277540705,0.05643626481268867
5-16C,4.0,220.0828,-0.06601548839505575,0.7900363215905494
5-16C,4.0,221.0443,-0.22217275568950906,0.05047864903495372
5-16C,4.0,221.0664,-0.6137848030442821,0.4898457092039622
5-16C,4.0,225.0399,-0.22114583667286275,0.8422094189476633
5-16C,4.0,225.0861,-0.9963690250900548,0.4078113928683091
5-16C,4.0,225.0901,0.20303367189156013,0.33344250742446185
5-16C,4.0,226.0135,-0.8968512144668243,0.12767915070639002
5-16C,4.0,226.0697,-0.19950093641717254,0.1561155904018519
5-16C,4.0,228.0501,-0.6310927572543028,0.18736548279983783
5-16C,4.0,229.0122,0.17985949978968127,0.32647946227405633
5-16C,4.0,237.0614,-0.2882277492714942,0.2802705138386474
5-16C,4.0,238.0945,-0.6343018486140899,0.09573422353519702
5-16C,4.0,240.0515,-0.02784689950934162,0.03486391841433797
5-16C,4.0,241.0844,-0.9530704943815834,0.46830403080756666
5-16C,4.0,242.0804,-0.283721572973293,0.6810289888516017
5-16C,4.0,243.029,-0.7072270536347474,0.14273057929411034
5-16C,4.0,243.0625,-0.4794054205260016,0.7005111975468907
5-16C,4.0,245.0444,-0.3944390389783806,0.44119101962997065
5-16C,4.0,246.0198,-1.0665536076210334,0.16849914809832822
5-16C,4.0,246.064,-0.26258696684257365,0.3154361027699716
5-16C,4.0,251.0816,0.2944401295417407,0.539527641297828
5-16C,4.0,253.0119,-0.2388823986863521,0.01913176644577186
5-16C,4.0,253.0499,-0.6067263212677175,0.8075129687530872
5-16C,4.0,257.0072,-0.7449587313642878,0.1317662631721978
5-16C,4.0,257.1028,-0.11770610015751387,0.4532492391635969
5-16C,4.0,259.005,-0.26979901309715965,0.5373025568033016
5-16C,4.0,259.0227,0.07796887467642452,0.1775640661188284
5-16C,4.0,261.0385,-0.3294853381316616,0.23082330381647537
5-16C,4.0,266.0703,-0.2789363459899719,0.27609759923461014
5-16C,4.0,267.0724,-0.24825688583077155,0.05316859116263131
5-16C,4.0,268.02,-0.4846066786794797,0.8322990973203901
5-16C,4.0,269.0398,-0.5974112517376682,0.14354474591285263
5-16C,4.0,271.0612,-0.10802593084169856,0.4455781085438286
5-16C,4.0,271.0815,-0.1611334561097383,0.6299807369920158
5-16C,4.0,273.0021,-0.40899752031186654,0.14379800267650825
5-16C,4.0,274.0933,0.48296037650806933,0.3071266179561775
5-16C,4.0,275.0184,-0.7162154481214495,0.2850041992149844
5-16C,4.0,275.0991,-0.5083244994268533,0.19219301967316277
5-16C,4.0,277.1207,-0.20056211517466174,0.06352777608395682
5-16C,4.0,277.2169,-0.7573474705343137,0.09329567362544709
5-16C,4.0,279.2331,0.11941956527964101,0.03560843934005882
5-16C,4.0,282.0839,0.3785722394387582,0.4034116271773816
5-16C,4.0,283.2063,-0.10811427992872912,0.1707953655514874
5-16C,4.0,285.0972,-0.7011230868240702,0.8516467200138563
5-16C,4.0,287.0157,-0.5006731722472748,0.051556547711574086
5-16C,4.0,288.0725,-0.13468976090393572,0.08222980910688626
5-16C,4.0,289.0333,-0.6481200343870499,0.2433741718445063
5-16C,4.0,289.1044,-0.11482338264765378,0.25678282523868096
5-16C,4.0,290.9677,-0.3541179737478725,0.09869059734100488
5-16C,4.0,294.0479,-0.343514928094469,0.6941911326215016
5-16C,4.0,300.0509,-0.41866713721754323,0.731542296355298
5-16C,4.0,301.0333,-0.5613470530447562,0.6487032646237988
5-16C,4.0,303.2326,-0.23210690171661638,0.41036644268467465
5-16C,4.0,305.0207,-0.25349706895546964,0.12008227063492971
5-16C,4.0,306.0481,-0.11211504908655615,0.22079260907657444
5-16C,4.0,306.0765,0.2316289913544687,0.06345119197322699
5-16C,4.0,308.0986,-0.27936223835398033,0.018599055771983935
5-16C,4.0,313.0441,0.059762422491486875,0.28920028140944576
5-16C,4.0,313.1037,-0.8272842448704361,0.40087914606517394
5-16C,4.0,317.026,-0.539736800510331,0.6530297339779239
5-16C,4.0,323.0256,-0.5839573332720742,0.17982454304013473
5-16C,4.0,325.1163,-0.24486272312713322,0.1280065733684061
5-16C,4.0,328.0457,-0.1616801807490879,0.23562155452352887
5-16C,4.0,333.0589,0.13873870615148182,0.2246654205382451
5-16C,4.0,338.9884,-0.6288490955668293,0.12186036378464904
5-16C,4.0,339.0928,-0.4108069323797029,0.3245816461479616
5-16C,4.0,341.1089,-0.4829273268080153,0.13980129313479986
5-16C,4.0,344.0393,-0.5414690225234141,0.3248297918295424
5-16C,4.0,346.0556,-0.06283954864366266,0.059808652631076945
5-16C,4.0,348.087,-0.23988331218943726,0.2900533864106466
5-16C,4.0,353.0489,-0.22398573635465957,0.36885127695676784
5-16C,4.0,357.089,-0.11979711933655332,0.25996612073429193
5-16C,4.0,375.131,-0.06512495037610186,0.061734533061687254
5-16C,4.0,377.1496,-0.6404744919480749,0.5287874196553317
5-16C,4.0,383.1188,-0.9936275651299382,0.47363718970310353
5-16C,4.0,388.9416,-0.2669291116526371,0.2846326468796071
5-16C,4.0,388.9442,-0.44081759969089734,0.2833706522428744
5-16C,4.0,401.0756,-0.08475689879850264,0.1408917953839266
5-16C,4.0,407.2795,0.45774688859742974,0.19510494479647336
5-16C,4.0,421.0743,-0.5947790525770109,0.3680434529649782
5-16C,4.0,426.0222,-0.1311872071976719,0.5965344521880219
5-16C,4.0,442.9997,-0.15369323674310525,0.2677918028151731
5-16C,4.0,466.9657,0.011154857222100585,0.16936183940221294
5-16C,4.0,490.9787,-1.1509981025938203,1.1804520116857287
5-16C,4.0,503.1614,-1.2575887512196244,0.18260032958518732
5-16C,4.0,547.0731,-0.06290386470586058,0.13134916704281926
5-16C,4.0,565.0471,-0.1814601394471348,0.4652899002385465
5-16C,4.0,578.8872,-0.06764696577764606,0.14215590948705945
5-16C,4.0,579.0269,-0.37570913452192756,0.10009951890529314
5-16C,4.0,612.2549,-0.5478047907333917,0.30202079213559435
5-16C,4.0,624.2949,-0.4312042403178654,0.2842951731336158
5-16C,4.0,659.307,0.0876419885812183,0.38254227028273635
5-16C,4.0,664.0939,-0.5078401673476991,0.11472118911403417
5-16C,4.0,665.2144,-1.2395826292466432,0.3961179302102142
5-16C,4.0,668.1374,-0.6083368604399686,0.000853843455878908
5-16C,4.0,787.255,0.28181434574800945,0.04925003185884596
5-16C,4.0,790.2568,0.24064581814177582,0.5167812713821085
5-16C,4.0,835.0407,-0.5473103003608619,0.13904167792365582
5-16C,4.0,863.2971,-0.6501731423672912,0.10071864497979821
5-16C,4.0,864.1473,-0.402122302601554,0.18750696894933136
5-16C,4.0,974.2935,-0.8931425911188393,0.1827520878565642
5-16C,4.0,976.7162,0.20335012151346724,0.06371236785956276
5-16C,5.0,57.0342,-0.48349867609252223,0.11008153442311754
5-16C,5.0,58.0295,0.5195913453860146,0.44839986338682597
5-16C,5.0,59.0135,-0.10756619068281455,0.2487952593692247
5-16C,5.0,71.0137,-0.2954806607064415,0.02123239942775949
5-16C,5.0,73.0293,0.533447328447415,0.057324972603986085
5-16C,5.0,74.0247,0.23047310383663616,0.40871807566534674
5-16C,5.0,75.0087,1.735127615173034,0.3151531573853156
5-16C,5.0,87.0088,-0.12283503638886506,0.034684272415621005
5-16C,5.0,87.0451,0.1220708562050977,0.4485624138052079
5-16C,5.0,88.0403,-0.089912005088559,0.04375091839888348
5-16C,5.0,88.9883,1.0154398035253296,0.5903336261176882
5-16C,5.0,89.0244,-0.06315501931701586,0.04910810373745033
5-16C,5.0,93.0338,-0.03616326606345706,0.01022291577263275
5-16C,5.0,94.9761,-0.7322713715405573,0.2606802385201028
5-16C,5.0,94.9806,0.3991834448661531,0.21673907517777088
5-16C,5.0,95.0139,-0.23347369734945805,0.20212692661976778
5-16C,5.0,101.0242,-0.560285131937107,0.21816613317299932
5-16C,5.0,102.056,-0.42460387988184267,0.03590374044007575
5-16C,5.0,103.0402,0.18765212240657236,0.10699041869632117
5-16C,5.0,103.0509,0.14622522770367508,0.1341235488878215
5-16C,5.0,104.0352,-0.3958877216115593,0.1306293831159618
5-16C,5.0,105.0193,0.39478101307535174,0.9210387598023143
5-16C,5.0,107.0503,-0.708145409972487,0.6319118658473157
5-16C,5.0,109.0295,0.5505368860758153,0.27063587293709024
5-16C,5.0,111.02,0.26717628590853476,0.073949180821713
5-16C,5.0,112.0516,-0.48987122684813056,1.1213160458887181
5-16C,5.0,113.0244,-0.35048574983222097,0.06796066945494435
5-16C,5.0,113.0357,0.8242473295076872,0.09624615882121618
5-16C,5.0,114.056,-0.24639752343188653,0.0009463766431727087
5-16C,5.0,115.0037,0.4735319942166875,0.1449451702452214
5-16C,5.0,115.0402,0.35133349281425386,0.6645972426669743
5-16C,5.0,115.0764,-1.0205315059057511,0.31910801760322544
5-16C,5.0,116.0354,-0.17110587635670363,0.2356544691892801
5-16C,5.0,116.0717,0.04822921428536888,0.054851421481497284
5-16C,5.0,117.0194,0.5181328569783259,0.0706042326093779
5-16C,5.0,118.0508,0.3674130049128813,0.26690662920490527
5-16C,5.0,118.9804,-0.30011608804927936,0.0828744849083492
5-16C,5.0,119.0503,0.5524779609334239,0.21803919619617543
5-16C,5.0,120.9273,-0.23020312761659573,0.21299217489827701
5-16C,5.0,121.0295,-1.2389869514715866,0.17879744271477
5-16C,5.0,121.0409,-0.5331478646917556,0.5211352088235909
5-16C,5.0,122.0248,0.8933132734661212,1.0730079843007296
5-16C,5.0,124.0075,-0.11728050535261353,1.0946361245931095
5-16C,5.0,124.0144,0.13295000280718242,0.35411371525753405
5-16C,5.0,125.0439,0.273693655402819,0.36423695681100304
5-16C,5.0,127.0764,-1.0026163083708188,0.5850871237398994
5-16C,5.0,128.0354,-0.34122392382878286,0.008631497091488041
5-16C,5.0,129.0193,0.3043582247234783,0.15013235000551595
5-16C,5.0,129.0556,-0.6423416078089347,0.4401177854005681
5-16C,5.0,130.0142,0.5451253464083137,0.760340699282164
5-16C,5.0,130.0509,0.47103065782112385,0.028201422215064206
5-16C,5.0,130.0874,0.2748367931793114,0.03577867831402683
5-16C,5.0,131.0008,-0.5439484504688411,0.1900050513134787
5-16C,5.0,131.0123,-0.2917364384720078,0.06915901923942902
5-16C,5.0,131.035,0.10041212662395183,0.29454001647000566
5-16C,5.0,131.0462,0.2344814276231691,0.3573664011320294
5-16C,5.0,131.0828,0.23247040155447107,0.3622553112496167
5-16C,5.0,132.0302,0.7498472289921774,0.0847765164238862
5-16C,5.0,133.0142,0.10271101029418028,0.12049370699122194
5-16C,5.0,133.0257,0.17497455469130058,0.026330353700250584
5-16C,5.0,133.0505,1.1350591443689708,0.03784526601410464
5-16C,5.0,134.0472,-0.08767797061797628,0.14822273992610713
5-16C,5.0,134.0604,0.6188269602859394,0.24694625654317878
5-16C,5.0,135.0302,-0.4891657749492582,0.082930863147746
5-16C,5.0,135.0453,0.020155801119972797,0.13945464879140398
5-16C,5.0,136.0404,-0.11557580713261023,0.11054486317408031
5-16C,5.0,136.0487,-0.0743633762659408,0.30209186039780206
5-16C,5.0,136.0767,-0.4317595377002104,1.1649943574973773
5-16C,5.0,137.0239,-0.037342484511866544,0.0902819230279484
5-16C,5.0,138.9789,-0.5607370345715922,0.27533771107354993
5-16C,5.0,139.0014,1.348434380836419,0.047005296503883465
5-16C,5.0,139.0067,-0.7105036480137203,0.03659633389750391
5-16C,5.0,139.976,-0.8913160791635195,0.4209636936269369
5-16C,5.0,143.0713,-0.8322498350702303,0.48623806876800746
5-16C,5.0,143.1077,-0.8821694416962147,0.7839298475127063
5-16C,5.0,145.0141,-0.24549248661557094,0.14194703530736283
5-16C,5.0,145.0506,-0.2073886207691117,0.18212666438398387
5-16C,5.0,145.0623,-0.2057054263254846,0.10930650875805376
5-16C,5.0,145.0982,0.23294252282718836,0.17250681064599716
5-16C,5.0,145.1106,-0.4836903279226096,0.3235392179018464
5-16C,5.0,146.0459,-0.3275768539565034,0.016664100133496496
5-16C,5.0,147.0298,0.2276409286696718,0.07290591242861498
5-16C,5.0,147.0662,1.5960942742999,0.06360273258797415
5-16C,5.0,149.0092,-0.9638901810417313,0.929656766280214
5-16C,5.0,149.0456,0.16181319853889542,0.24210318633530561
5-16C,5.0,149.0608,-0.49967086308133396,0.7965611842073612
5-16C,5.0,150.0422,-0.5712452331080782,0.26855918190892897
5-16C,5.0,150.9707,0.15176826052541864,0.4895278303956354
5-16C,5.0,151.0259,-0.6445652632657,0.038431833058457564
5-16C,5.0,151.04,-0.8567189201630782,0.6248408400685811
5-16C,5.0,151.06,0.9331289459137785,0.38908523601731626
5-16C,5.0,152.0353,-0.37458543599972993,0.6632336882698376
5-16C,5.0,152.0716,-0.0901145044453798,0.4236043634648228
5-16C,5.0,153.0192,0.38854392844598085,0.09777413873471445
5-16C,5.0,154.062,-0.26367360323642597,0.23947941647173532
5-16C,5.0,154.9751,0.6953491689430691,0.10558762526601904
5-16C,5.0,155.0099,0.23533782151348748,0.10145657293315445
5-16C,5.0,157.0128,-0.024232324842561367,0.15379009740203847
5-16C,5.0,157.0255,0.7718979436929081,0.08450016706191901
5-16C,5.0,157.0379,0.7392196572466474,0.06989614590898034
5-16C,5.0,157.0504,0.6819330667216488,0.11826337248639154
5-16C,5.0,159.0297,-0.29377497935490643,0.22039164238255812
5-16C,5.0,159.0775,0.5352446153584923,0.052126453608593505
5-16C,5.0,160.0616,0.7271488329854298,0.6034139499039144
5-16C,5.0,161.0453,0.7121466080658724,0.3005101780799052
5-16C,5.0,162.0424,1.2658465075968137,0.4150418980855128
5-16C,5.0,163.0351,-0.9751031731150173,0.21135042430168854
5-16C,5.0,163.0398,1.3518812546265373,0.2980090863830496
5-16C,5.0,163.0611,0.5365348576718565,1.6320067579146902
5-16C,5.0,164.0716,-0.3804084172981288,0.0668840597737595
5-16C,5.0,165.03,-0.4248623579775778,0.49129687194992494
5-16C,5.0,165.0405,-0.9224166876196137,0.9722321052287454
5-16C,5.0,165.0556,0.143013674449107,0.2979924317035315
5-16C,5.0,166.0508,0.9122532829368221,0.739497090852421
5-16C,5.0,166.0632,-0.2778028202483733,1.554621765676078
5-16C,5.0,166.9759,-0.11352634995790938,0.3042762286080839
5-16C,5.0,167.0207,-0.35071847658584354,0.193073857784951
5-16C,5.0,167.0358,-0.9524100859249431,0.699773324400021
5-16C,5.0,167.0828,0.5194530176894369,0.3918157589191169
5-16C,5.0,168.0277,-0.3390900072491132,0.04615346273894531
5-16C,5.0,168.0664,0.5275487885752298,0.4264434988792095
5-16C,5.0,170.0455,-0.07678450194329378,0.05226009041827005
5-16C,5.0,171.0065,0.015475332312056913,0.10880568155992316
5-16C,5.0,171.0092,-0.31329817461457093,0.3304855724680847
5-16C,5.0,171.0284,0.1686321163081438,0.12184711176652722
5-16C,5.0,172.0616,1.1883351785669252,0.2747824845384096
5-16C,5.0,172.962,0.010073373179974693,0.15331270235345773
5-16C,5.0,173.0089,0.5605602503315747,0.21702360739790277
5-16C,5.0,173.0453,-0.2506772354581285,0.2250224604745293
5-16C,5.0,173.0932,-0.0197483396697058,0.09146502193922347
5-16C,5.0,173.1041,-0.2094442158361271,1.1583757567322774
5-16C,5.0,174.0407,0.5281897536708302,0.06664473989356431
5-16C,5.0,174.088,-0.13770014657415186,0.2189366689166295
5-16C,5.0,175.022,-0.2475952017907292,0.2817263486739843
5-16C,5.0,175.0361,0.7107640108012367,0.0737851587282173
5-16C,5.0,175.0611,1.015835406484825,0.06592433983497226
5-16C,5.0,176.0776,1.1285727178667466,0.05737070190169904
5-16C,5.0,177.0402,-0.08639014165308757,0.5139102190355462
5-16C,5.0,177.0553,0.7101103749888533,0.30248660337635924
5-16C,5.0,178.0509,0.0026230706947057026,0.050558464961572534
5-16C,5.0,179.0348,0.6412860751192146,0.48641059609663984
5-16C,5.0,179.0561,-0.1773442710876786,0.0688954341252248
5-16C,5.0,180.0663,-0.20751365136459538,0.09606322546607732
5-16C,5.0,181.0505,0.8363836375894242,0.28494540548000413
5-16C,5.0,182.9725,-0.3197978373238657,0.163112315712125
5-16C,5.0,183.0661,-0.4290685345811729,0.4718482152833686
5-16C,5.0,184.0017,-0.4140896776609315,0.050854214100684414
5-16C,5.0,184.9856,-0.14943872340340655,0.0647566909213776
5-16C,5.0,186.1136,-0.8447478156292452,0.7527518129784543
5-16C,5.0,187.0234,0.4975350506295013,0.6886969959686623
5-16C,5.0,188.035,0.36746321478576593,0.9838297825015694
5-16C,5.0,188.0565,0.5743754697922304,0.09576605155772545
5-16C,5.0,189.0405,-0.37720616478359836,0.12451304028928388
5-16C,5.0,191.0197,0.22177525684114086,0.3382284492325613
5-16C,5.0,191.0561,1.1286827349467154,0.054687584954819214
5-16C,5.0,192.0663,1.2595721386896706,1.0016704402208643
5-16C,5.0,193.0349,-0.2207464535993281,0.13840595245873447
5-16C,5.0,194.0682,-0.14201481065474347,0.2705154473446308
5-16C,5.0,194.0822,-0.18121100998166947,0.5047698959317779
5-16C,5.0,195.0509,-0.16692405710633693,0.10155553498213352
5-16C,5.0,195.0657,-0.35990763185970986,1.3233847295450976
5-16C,5.0,196.0603,0.5365271488968303,0.286237386103052
5-16C,5.0,198.0182,0.026671118287615845,0.2167342714313065
5-16C,5.0,199.0019,-0.12085258725695956,0.419087399643285
5-16C,5.0,200.9937,-0.3205463887656965,0.16428333900240433
5-16C,5.0,201.0051,-0.6047704062585342,0.3768608738576302
5-16C,5.0,203.0348,-0.294576090827925,0.05646965505684553
5-16C,5.0,203.0826,-0.06941687700155186,0.011776786160126167
5-16C,5.0,204.0498,0.2745758835553343,0.4923135687268843
5-16C,5.0,205.0351,0.256402515047317,0.11783849364592908
5-16C,5.0,206.0822,0.7823065550251916,0.5046313833137771
5-16C,5.0,209.0292,-0.620682106258978,0.3322835444199638
5-16C,5.0,209.0814,-0.5396842570228056,0.26093022015881273
5-16C,5.0,211.0235,0.0045193170353814704,0.39430527542001165
5-16C,5.0,211.9968,0.19177210549073487,0.09882177780188173
5-16C,5.0,212.0331,-0.5527061538208259,0.36349694468130106
5-16C,5.0,212.9807,-0.22700736229273227,0.15525632436432643
5-16C,5.0,213.014,-0.5018684484622029,0.3728331722830511
5-16C,5.0,213.0384,-0.3548929459854901,0.305165271642857
5-16C,5.0,213.1252,-0.3937580120579563,0.8105859260719288
5-16C,5.0,214.0488,0.07182695694278673,0.3838506630474348
5-16C,5.0,215.0331,0.018675963659888654,0.10463216981974818
5-16C,5.0,216.1351,-0.15443521306826216,0.21695995331548124
5-16C,5.0,218.0335,-0.10705906270950327,0.11083136028484578
5-16C,5.0,218.1034,0.8577283325864842,0.10133357081158886
5-16C,5.0,220.0828,-0.1901617594457619,0.2798674533841758
5-16C,5.0,221.0443,-0.45126458460184915,0.07878292742436818
5-16C,5.0,221.0664,-0.3133869311057348,0.5093067976148612
5-16C,5.0,225.0399,0.6621072571312728,1.14792103038517
5-16C,5.0,225.0861,-0.5296782106894916,0.5471376521499824
5-16C,5.0,225.0901,-0.14228284931477728,1.1901946300098223
5-16C,5.0,226.0135,-0.4202254728286278,0.23141603606921982
5-16C,5.0,226.0697,0.10782975165470107,0.2998432027928649
5-16C,5.0,228.0501,0.26817191128639223,0.3855546559214385
5-16C,5.0,229.0122,0.22956334869521472,0.3589129290385292
5-16C,5.0,237.0614,0.4187534214570904,0.15525196466759822
5-16C,5.0,238.0945,-0.6717825760243443,0.13651657333451406
5-16C,5.0,240.0515,0.7568261347156463,0.045760711312449326
5-16C,5.0,241.0844,0.16672646301100577,0.4410699889425554
5-16C,5.0,242.0804,0.5069831185295045,0.77056542429929
5-16C,5.0,243.029,-0.16092969401757606,0.15973643844530228
5-16C,5.0,243.0625,0.34113430529560373,0.5952064019552313
5-16C,5.0,245.0444,0.20310738372504153,0.29736363659541165
5-16C,5.0,246.0198,0.09402070815531899,0.39532911030077034
5-16C,5.0,246.064,-0.22795015034015048,0.5131562862309513
5-16C,5.0,251.0816,0.601162655839479,1.345977354023889
5-16C,5.0,253.0119,-0.13704879479277068,0.015491047993697066
5-16C,5.0,253.0499,-0.17332639809543376,0.760377191094502
5-16C,5.0,257.0072,-0.2872686063232206,0.3196593043573599
5-16C,5.0,257.1028,-0.20869590862489135,0.1268494323745395
5-16C,5.0,259.005,-0.5765429137859756,0.6050707343052782
5-16C,5.0,259.0227,-0.32136482049699827,0.19258550914036351
5-16C,5.0,261.0385,0.08756918400363356,0.5304494218233962
5-16C,5.0,266.0703,-0.17263138792743252,0.15091620249323734
5-16C,5.0,267.0724,0.8720128909169486,0.0943893905204372
5-16C,5.0,268.02,0.019078541985496023,0.6138685149089287
5-16C,5.0,269.0398,-0.07906651738936829,0.1520300758803149
5-16C,5.0,271.0612,-0.38900021409170027,0.2712627304364427
5-16C,5.0,271.0815,-0.582637805692478,0.16138581489234044
5-16C,5.0,273.0021,0.49857886963839215,0.3531895132933213
5-16C,5.0,274.0933,1.5375495625957383,0.20287196576219454
5-16C,5.0,275.0184,-0.4420147430409847,0.5137912886132835
5-16C,5.0,275.0991,-0.2887069176941046,0.3749748587791782
5-16C,5.0,277.1207,-0.5542103650135415,0.038427244933186375
5-16C,5.0,277.2169,-0.5251523872712878,0.4556391098422742
5-16C,5.0,279.2331,-0.3213152809431764,0.026179266248521103
5-16C,5.0,282.0839,0.7228058969463615,0.7015118618394157
5-16C,5.0,283.2063,-0.7242475106266205,0.10725748198701757
5-16C,5.0,285.0972,-0.4380429489556381,0.2924060196952723
5-16C,5.0,287.0157,-0.3331615694004897,0.3077384647277773
5-16C,5.0,288.0725,-0.004564726987331794,0.14526008390532488
5-16C,5.0,289.0333,-0.2610660056012079,0.7056489302274077
5-16C,5.0,289.1044,0.8286498093039159,0.23342851400664935
5-16C,5.0,290.9677,-0.13468238835958254,0.08565590951938201
5-16C,5.0,294.0479,-0.46250450482511446,0.8177761555219444
5-16C,5.0,300.0509,-0.8741910755747835,0.6812711797370226
5-16C,5.0,301.0333,0.42142440478045673,1.088690097738461
5-16C,5.0,303.2326,0.21008672968011016,0.9205478851702479
5-16C,5.0,305.0207,-0.3353486270410545,0.08015828385319312
5-16C,5.0,306.0481,1.1034752919174968,0.2539179172426522
5-16C,5.0,306.0765,0.20991237617362007,0.06574862003377123
5-16C,5.0,308.0986,-0.3110966290523649,0.03511871109994575
5-16C,5.0,313.0441,0.10426678659228054,0.4446689473292361
5-16C,5.0,313.1037,0.17055734931067218,0.32989264726769024
5-16C,5.0,317.026,0.024769532588170468,0.9907826666762172
5-16C,5.0,323.0256,-0.6054641301117285,0.25333255067822325
5-16C,5.0,325.1163,-0.017112977917104,0.30506382901463186
5-16C,5.0,328.0457,0.22909986341143732,0.26366015640343365
5-16C,5.0,333.0589,0.6996959354456027,0.32695397232613893
5-16C,5.0,338.9884,-0.61261335512131,1.19534552014172
5-16C,5.0,339.0928,0.1236403915689652,0.7844416381215407
5-16C,5.0,341.1089,-0.23844028904452416,0.08810059028378965
5-16C,5.0,344.0393,-0.44862805397771394,0.22346861029773082
5-16C,5.0,346.0556,-0.4834277148900983,0.20759463334240552
5-16C,5.0,348.087,0.9686052494027158,0.34081449275828124
5-16C,5.0,353.0489,-0.2823308633517664,0.33613409017248796
5-16C,5.0,357.089,0.031781111418083964,0.13794681385230495
5-16C,5.0,375.131,0.28349248583207853,0.42283088642016836
5-16C,5.0,377.1496,0.14211667462610805,0.28172772870680507
5-16C,5.0,383.1188,-0.21005219803754868,0.2666617465966275
5-16C,5.0,388.9416,0.06592181394849612,0.3127743697280335
5-16C,5.0,388.9442,-0.6348562558709302,0.34526635913930137
5-16C,5.0,401.0756,-0.43827336143290646,0.06825774327916678
5-16C,5.0,407.2795,-0.5005937112430556,0.3481733728382232
5-16C,5.0,421.0743,0.46687328721960075,0.4231862297952858
5-16C,5.0,426.0222,-0.2056108912518397,0.2615671103036666
5-16C,5.0,442.9997,-0.07451922846537774,0.20152115735626436
5-16C,5.0,466.9657,-0.11059666873934147,0.3311556749392428
5-16C,5.0,490.9787,0.0023858832504639656,0.23548733711654332
5-16C,5.0,503.1614,-0.2822407114732346,0.14289059122245448
5-16C,5.0,547.0731,0.5848343618101408,0.24074722137786067
5-16C,5.0,565.0471,-0.004433986546977294,0.23529922555511162
5-16C,5.0,578.8872,-0.26489999193822883,0.13068963294047445
5-16C,5.0,579.0269,-0.6014769449110731,0.08529177952993441
5-16C,5.0,612.2549,0.21866938626547977,0.1687690994630668
5-16C,5.0,624.2949,-0.7892633647871712,0.49463929068728213
5-16C,5.0,659.307,0.16103250354538234,0.3585656685722358
5-16C,5.0,664.0939,-0.39734673129838377,0.1296824471723625
5-16C,5.0,665.2144,-0.6965560487940516,0.18622642898514252
5-16C,5.0,668.1374,-0.41802757623222747,0.004124669185440756
5-16C,5.0,787.255,0.031072590792856535,0.4312513346612593
5-16C,5.0,790.2568,0.30781375880698925,0.37501704736553654
5-16C,5.0,835.0407,-0.4515553630248732,0.21255940035860527
5-16C,5.0,863.2971,-0.38527627606511694,0.13943591869968322
5-16C,5.0,864.1473,0.11113505504353491,0.2655863737644794
5-16C,5.0,974.2935,0.260947336257759,0.5900870761457675
5-16C,5.0,976.7162,0.05368750663526721,0.07268614290387
5-16C,6.0,57.0342,-0.18037482690711576,0.25062346680111697
5-16C,6.0,58.0295,0.2447372130122104,0.7885897327434328
5-16C,6.0,59.0135,-0.35323386677696056,0.13594937799056261
5-16C,6.0,71.0137,-0.6499433532784913,0.031294924606447845
5-16C,6.0,73.0293,1.4807896363908366,0.12425593223290275
5-16C,6.0,74.0247,0.33976423552491625,0.556763526368979
5-16C,6.0,75.0087,1.5965164227066522,0.17324488831316903
5-16C,6.0,87.0088,0.8014598990617509,0.11559090449766136
5-16C,6.0,87.0451,-0.006767058488336954,0.3810300140308896
5-16C,6.0,88.0403,0.3837159447004377,0.094418392750678
5-16C,6.0,88.9883,0.17907060549971188,0.34001550535866387
5-16C,6.0,89.0244,1.4227395100431761,0.10153482979964165
5-16C,6.0,93.0338,-0.02258710064260197,0.02484147157766121
5-16C,6.0,94.9761,-0.8640657195838637,0.3256275176364077
5-16C,6.0,94.9806,0.5320270031789361,0.31794517176875464
5-16C,6.0,95.0139,-0.5084370124110484,0.258373151423409
5-16C,6.0,101.0242,-0.20189460157517009,0.22737402734933082
5-16C,6.0,102.056,-0.28808790549404545,0.06370603911336704
5-16C,6.0,103.0402,1.1750190659015352,0.27991774240052547
5-16C,6.0,103.0509,1.0897844351093138,0.09110569594511497
5-16C,6.0,104.0352,-0.5702190287032481,0.132147354472455
5-16C,6.0,105.0193,0.3551679951100598,0.428234116642533
5-16C,6.0,107.0503,-0.5548281027475053,0.6373313132157742
5-16C,6.0,109.0295,-0.012843436491057163,0.22019643838837227
5-16C,6.0,111.02,0.4835410402102927,0.07272072805271777
5-16C,6.0,112.0516,-1.4326146142959595,0.3949444260136398
5-16C,6.0,113.0244,-0.637328035185798,0.05772616920149129
5-16C,6.0,113.0357,0.6966542355906095,0.07832424526898536
5-16C,6.0,114.056,-0.23736212928068717,0.0033188026486018546
5-16C,6.0,115.0037,0.6562835976146095,0.10250599328061744
5-16C,6.0,115.0402,0.9956028808490335,0.482043032453353
5-16C,6.0,115.0764,-0.7237639474427535,0.5583374768327408
5-16C,6.0,116.0354,0.11929902448210732,0.34807614953656835
5-16C,6.0,116.0717,0.6922936640129143,0.09352256278858187
5-16C,6.0,117.0194,1.4189121903805022,0.0873103854395296
5-16C,6.0,118.0508,1.0757104985256012,0.17272157714913747
5-16C,6.0,118.9804,-0.6769712967419474,0.08491463972358575
5-16C,6.0,119.0503,0.9853356933544648,0.5039458647110077
5-16C,6.0,120.9273,-0.3365807642951417,0.07053531191592831
5-16C,6.0,121.0295,-0.2704597269911162,0.5925825113712209
5-16C,6.0,121.0409,-0.44415759735777965,0.5752478645736835
5-16C,6.0,122.0248,0.3286608419203827,0.7439325880742301
5-16C,6.0,124.0075,-0.4127411622696992,0.2154059527722743
5-16C,6.0,124.0144,0.06847615183081199,0.24150843055876223
5-16C,6.0,125.0439,0.6627844218775263,0.2695671643617059
5-16C,6.0,127.0764,-0.8791129826483081,0.7553162872865586
5-16C,6.0,128.0354,-0.36416006270545553,0.005378266878645928
5-16C,6.0,129.0193,1.0206701856105027,0.19005269365300967
5-16C,6.0,129.0556,-0.9799434667595411,0.6605877097874161
5-16C,6.0,130.0142,1.0287562517184603,0.4387185381249246
5-16C,6.0,130.0509,0.4063831194833818,0.039732651111853784
5-16C,6.0,130.0874,0.5258570898126964,0.11203814581729608
5-16C,6.0,131.0008,0.4149821370998903,0.13669151175583658
5-16C,6.0,131.0123,0.6836412160773725,0.1469078783294992
5-16C,6.0,131.035,0.06472090816731071,0.37573513518962487
5-16C,6.0,131.0462,0.09548793764204229,0.43528355492212456
5-16C,6.0,131.0828,-0.5163904846846784,0.053143786983204946
5-16C,6.0,132.0302,0.8207586546334849,0.10849768409924916
5-16C,6.0,133.0142,0.3495349114471471,0.2076364127558111
5-16C,6.0,133.0257,0.39513467151664905,0.10485829176986215
5-16C,6.0,133.0505,1.5069039598734415,0.05866461142887934
5-16C,6.0,134.0472,-0.06742826170496952,0.2888170782001166
5-16C,6.0,134.0604,1.3899368911891303,0.8967967128656514
5-16C,6.0,135.0302,-0.19214075207696057,0.2274338263789562
5-16C,6.0,135.0453,0.40515142370565854,0.058952478900104646
5-16C,6.0,136.0404,0.013792902349225719,0.0753775817589614
5-16C,6.0,136.0487,0.4121411752129305,0.12186808463277109
5-16C,6.0,136.0767,-0.8379279562481692,0.9137311144957244
5-16C,6.0,137.0239,0.07977300237908597,0.1358951049806742
5-16C,6.0,138.9789,0.06933250777580406,0.27448124956773196
5-16C,6.0,139.0014,1.9731368090964299,0.040459872889228296
5-16C,6.0,139.0067,-0.5640725707293862,0.11780938232463085
5-16C,6.0,139.976,-1.2064697016788273,0.10926211409146143
5-16C,6.0,143.0713,-1.209342915658299,0.19901354057823958
5-16C,6.0,143.1077,-1.0939966726022776,0.7068875122407059
5-16C,6.0,145.0141,-0.2180406214866783,0.033462535498885955
5-16C,6.0,145.0506,0.12793855337913979,0.1259760187655383
5-16C,6.0,145.0623,-0.15823000175882135,0.15164175588869885
5-16C,6.0,145.0982,-0.7350344642103757,0.09019346619207678
5-16C,6.0,145.1106,-0.8816695958676268,0.3139626073928461
5-16C,6.0,146.0459,-0.3701795176447428,0.006702454850851578
5-16C,6.0,147.0298,1.5693738638052097,0.22025514282573513
5-16C,6.0,147.0662,1.6994400149543378,0.05927860276955343
5-16C,6.0,149.0092,-1.2307404486643923,0.980641422378242
5-16C,6.0,149.0456,0.22512354629446776,0.13445229693394586
5-16C,6.0,149.0608,-0.688958184908685,0.9639380985325153
5-16C,6.0,150.0422,0.0035372079333595152,0.5128716002796269
5-16C,6.0,150.9707,-0.19682846389783384,0.6873621553889928
5-16C,6.0,151.0259,-0.5043431472761235,0.10854210929384296
5-16C,6.0,151.04,-1.0602522010004822,0.5113445980682432
5-16C,6.0,151.06,-0.3198369838125644,0.9176521638333944
5-16C,6.0,152.0353,-0.6083810317891932,0.6635164557034101
5-16C,6.0,152.0716,-0.5323063486620134,1.010392895702719
5-16C,6.0,153.0192,-0.4648811804930015,0.10268895781128827
5-16C,6.0,154.062,-0.5729202019693251,0.09253555671902663
5-16C,6.0,154.9751,1.2065456990939083,0.11674002508818336
5-16C,6.0,155.0099,0.4944100728299431,0.05095865017307299
5-16C,6.0,157.0128,1.4660410553110452,0.1574737451923909
5-16C,6.0,157.0255,0.7591581761371304,0.04198945950795179
5-16C,6.0,157.0379,0.8820112758376388,0.05115835755712114
5-16C,6.0,157.0504,1.1653973777342577,0.13412287697640002
5-16C,6.0,159.0297,0.023026062837860458,0.19976379910372585
5-16C,6.0,159.0775,0.7076005405006742,0.05476662270675971
5-16C,6.0,160.0616,1.4365151246175527,0.40145418630368096
5-16C,6.0,161.0453,1.1365489721535216,0.17891044068433193
5-16C,6.0,162.0424,1.418965942032551,0.44636316527960895
5-16C,6.0,163.0351,-0.8141912722139997,0.24068584482561448
5-16C,6.0,163.0398,1.4924472372426552,0.11972435679449006
5-16C,6.0,163.0611,0.5100998961969321,0.590249198536889
5-16C,6.0,164.0716,-0.5250718974861226,0.07237100767531916
5-16C,6.0,165.03,-0.20563248721543004,0.8026366240539275
5-16C,6.0,165.0405,-1.1341029529122753,0.39267237222261725
5-16C,6.0,165.0556,0.4991737772253691,0.050889873042685545
5-16C,6.0,166.0508,0.967626259938972,0.36227578984314374
5-16C,6.0,166.0632,0.15257971544807702,1.0301824344183212
5-16C,6.0,166.9759,-0.10552615798982455,0.46789135662259795
5-16C,6.0,167.0207,-0.37193202629883365,0.26523811691260857
5-16C,6.0,167.0358,-0.9818911594868585,0.5536906696658579
5-16C,6.0,167.0828,-0.6278846570056571,0.6839197241419702
5-16C,6.0,168.0277,-0.40074736075175454,0.03692711599572616
5-16C,6.0,168.0664,-0.2702584259376088,0.29237779513720524
5-16C,6.0,170.0455,0.7486994122432923,0.10685544219226391
5-16C,6.0,171.0065,0.6218219192464045,0.1111451613304694
5-16C,6.0,171.0092,0.35263497029922986,0.19859966116858538
5-16C,6.0,171.0284,1.2594104423605734,0.11454915973271589
5-16C,6.0,172.0616,0.9018050674993785,0.5435709258583457
5-16C,6.0,172.962,0.34520288462125603,0.085771669753475
5-16C,6.0,173.0089,0.7515792831610194,0.290784705304464
5-16C,6.0,173.0453,0.47628360827393834,0.33644641958379606
5-16C,6.0,173.0932,0.11794111820093267,0.09757288965627864
5-16C,6.0,173.1041,-0.6006962741384563,0.11288170749417467
5-16C,6.0,174.0407,0.47403849892115446,0.043409001082489566
5-16C,6.0,174.088,-0.23731360715496824,0.10971008474926817
5-16C,6.0,175.022,0.4110716428402732,0.0881865732433471
5-16C,6.0,175.0361,0.7623649862031094,0.06086708455668225
5-16C,6.0,175.0611,1.5449032428165865,0.1578596300198814
5-16C,6.0,176.0776,1.8936328443499457,0.07442401079651277
5-16C,6.0,177.0402,-0.26974406226265485,0.3977628605455989
5-16C,6.0,177.0553,0.6426855982364588,0.45169429659264054
5-16C,6.0,178.0509,0.12395289783818057,0.09058766929995182
5-16C,6.0,179.0348,0.4562839593118829,0.18747885941632333
5-16C,6.0,179.0561,-0.4355614529685898,0.05774128439551387
5-16C,6.0,180.0663,-0.4910202222176623,0.020503094328573557
5-16C,6.0,181.0505,1.1074674286083672,0.30292024754072927
5-16C,6.0,182.9725,-0.8229931434174151,0.11535785583676914
5-16C,6.0,183.0661,-0.4047877460436049,0.872365055423226
5-16C,6.0,184.0017,-0.5263903371249334,0.048126690285361894
5-16C,6.0,184.9856,0.15749173027364916,0.08868096572734176
5-16C,6.0,186.1136,-0.8766141963042644,0.6518078262720041
5-16C,6.0,187.0234,0.9527980305255132,0.2645798678199232
5-16C,6.0,188.035,0.20323377308402213,0.622163983466271
5-16C,6.0,188.0565,0.6437325071646505,0.14317622220760143
5-16C,6.0,189.0405,-0.22399648085529086,0.09910542638194926
5-16C,6.0,191.0197,0.3313665914475733,0.28047342687122134
5-16C,6.0,191.0561,1.542007425297426,0.44601358433163407
5-16C,6.0,192.0663,0.6485879227066224,0.7433467788782
5-16C,6.0,193.0349,0.053387568046449146,0.5007528546943847
5-16C,6.0,194.0682,-0.49385441325258267,0.35716182350669756
5-16C,6.0,194.0822,-0.5000060242677444,0.6083977307250821
5-16C,6.0,195.0509,-0.6185471282446877,0.1092084780488565
5-16C,6.0,195.0657,-0.4467613014445111,0.7594380322805442
5-16C,6.0,196.0603,0.4770596003023997,0.18109957811273114
5-16C,6.0,198.0182,0.3560254092156552,0.29105603399455793
5-16C,6.0,199.0019,1.1418972473407734,0.3574826853478495
5-16C,6.0,200.9937,-0.31767547605819096,0.09951584368594633
5-16C,6.0,201.0051,0.6607470806713511,0.7830489660125981
5-16C,6.0,203.0348,-0.9051367463694963,0.11475415889693182
5-16C,6.0,203.0826,-0.08847039234784153,0.012967020681211541
5-16C,6.0,204.0498,-0.1649776383598875,0.4224087244688959
5-16C,6.0,205.0351,0.3713154884078278,0.16542826373457992
5-16C,6.0,206.0822,0.08964091777484276,0.7101267772809707
5-16C,6.0,209.0292,0.5577651584078818,0.3275761745786653
5-16C,6.0,209.0814,-0.5969337756347151,0.2725407325620829
5-16C,6.0,211.0235,0.4979254630772013,0.6966492969201848
5-16C,6.0,211.9968,0.232866759859385,0.10381861939984788
5-16C,6.0,212.0331,-0.07204191929179331,0.563182440775091
5-16C,6.0,212.9807,0.2690858976776368,0.17573742220713978
5-16C,6.0,213.014,0.7726458308760293,0.6557492305083984
5-16C,6.0,213.0384,0.624663524524228,0.2828287883241743
5-16C,6.0,213.1252,-0.3901806838188072,0.7914685461687008
5-16C,6.0,214.0488,0.27806304469437765,1.1943475134667
5-16C,6.0,215.0331,-0.3085937143074217,0.08525383022089791
5-16C,6.0,216.1351,-0.4075348778679262,0.4749019268378419
5-16C,6.0,218.0335,-0.4481488155929961,0.055915842545401724
5-16C,6.0,218.1034,1.3340399204437445,0.2152100476278688
5-16C,6.0,220.0828,-0.5977126492586862,0.4055970358838015
5-16C,6.0,221.0443,-0.6936066179865118,0.0920699159240127
5-16C,6.0,221.0664,-0.15681116245324578,0.5773678384630601
5-16C,6.0,225.0399,-0.10498103068501724,0.26403993242633106
5-16C,6.0,225.0861,-1.3078033691520297,0.5862513663085207
5-16C,6.0,225.0901,-0.6301256220468567,0.6770636443556568
5-16C,6.0,226.0135,0.086941627885501,0.12006790218365937
5-16C,6.0,226.0697,-0.062311273977240164,0.3516095208205031
5-16C,6.0,228.0501,0.12606183775423133,0.21156606004651746
5-16C,6.0,229.0122,0.4242367569085541,0.29894771898511524
5-16C,6.0,237.0614,0.6655722895418401,0.42589228855063854
5-16C,6.0,238.0945,-0.42074886685798984,0.2889643916470418
5-16C,6.0,240.0515,0.7282029985232225,0.1244499579374663
5-16C,6.0,241.0844,0.35982061212197824,1.097744389926793
5-16C,6.0,242.0804,0.054551026810958525,0.5246117364936043
5-16C,6.0,243.029,0.6040426201155595,0.4039590824264331
5-16C,6.0,243.0625,0.7069023851566463,0.6127487965230782
5-16C,6.0,245.0444,0.8889351963317256,0.43193605898116183
5-16C,6.0,246.0198,0.19317966755269417,0.7812889530847287
5-16C,6.0,246.064,-0.5063612389699048,0.2004534635982716
5-16C,6.0,251.0816,-0.22026948125503534,0.8412327778001156
5-16C,6.0,253.0119,-0.1050517821360675,0.025060189071714516
5-16C,6.0,253.0499,-0.1081188108704245,0.3066819634154302
5-16C,6.0,257.0072,-0.16664748991415457,0.4493943136538958
5-16C,6.0,257.1028,-0.5476534383659776,0.22549772300061902
5-16C,6.0,259.005,0.20290120309252851,0.6697856442840205
5-16C,6.0,259.0227,-0.2685061104807403,0.10989464270001455
5-16C,6.0,261.0385,-0.024701648549011516,0.11182153132694801
5-16C,6.0,266.0703,0.2390327785295152,0.19560616835009556
5-16C,6.0,267.0724,2.1307819991958823,0.11738975473348585
5-16C,6.0,268.02,0.5477694119033428,0.929057022110632
5-16C,6.0,269.0398,1.2050074164229934,0.28977698705527705
5-16C,6.0,271.0612,-0.4963789210662233,0.7355892977950144
5-16C,6.0,271.0815,-0.13303316613755567,0.7985674792537586
5-16C,6.0,273.0021,1.3244303713940777,0.22309307132289016
5-16C,6.0,274.0933,1.0767884448403815,0.17612151012210497
5-16C,6.0,275.0184,-0.1790345271709737,0.7528823192247416
5-16C,6.0,275.0991,-0.3362180060159796,0.1998602867593356
5-16C,6.0,277.1207,-0.8384161903150931,0.013426701858264981
5-16C,6.0,277.2169,-1.082480482652833,0.327693698601768
5-16C,6.0,279.2331,-0.41973621932206895,0.037425071024871484
5-16C,6.0,282.0839,1.319122166478338,0.7457412984286049
5-16C,6.0,283.2063,-0.5813046011047097,0.23851709951256708
5-16C,6.0,285.0972,-0.8978984744980195,0.7539577433616339
5-16C,6.0,287.0157,-0.9936358891963857,0.15367721214545327
5-16C,6.0,288.0725,0.10499878915463945,0.2103031241521004
5-16C,6.0,289.0333,-0.6466703938297995,0.4744620985076347
5-16C,6.0,289.1044,0.462899641059513,0.26152409055447823
5-16C,6.0,290.9677,0.15508775204538516,0.18814974650629035
5-16C,6.0,294.0479,-1.0193757239245353,0.5033431060368128
5-16C,6.0,300.0509,-0.8770741384757785,0.3536074003596915
5-16C,6.0,301.0333,-0.2363640167016865,0.51284300887076
5-16C,6.0,303.2326,-0.4964669224088131,0.27227767701601274
5-16C,6.0,305.0207,-0.6684277396467515,0.10053440866883537
5-16C,6.0,306.0481,1.0103254949582463,0.2990007423249723
5-16C,6.0,306.0765,-0.19937677872324167,0.044578184137642016
5-16C,6.0,308.0986,-0.33895998861092114,0.019658507074981072
5-16C,6.0,313.0441,0.26003206094505843,0.1759953251842513
5-16C,6.0,313.1037,0.15748079616112137,0.2344274644672015
5-16C,6.0,317.026,-0.344918949393887,0.34023575701903597
5-16C,6.0,323.0256,-0.7662975673474037,0.43011315213027457
5-16C,6.0,325.1163,-0.000414422260156852,0.5820040334698673
5-16C,6.0,328.0457,0.12131218710863595,0.09672238907128976
5-16C,6.0,333.0589,0.7098720303080811,0.4161755210368463
5-16C,6.0,338.9884,1.1367138790631943,0.8583179665531535
5-16C,6.0,339.0928,-0.43870630328730054,0.5953052698376178
5-16C,6.0,341.1089,-0.3700710731867287,0.11626564224215014
5-16C,6.0,344.0393,-0.20361579379202008,0.24782236655656825
5-16C,6.0,346.0556,-0.5420292590986002,0.13173849718461508
5-16C,6.0,348.087,0.7967047312356472,0.28042236379861873
5-16C,6.0,353.0489,-0.7004709401643654,0.6251718426911788
5-16C,6.0,357.089,0.17282494775734106,0.5964196717489613
5-16C,6.0,375.131,1.0090414647425048,0.6795529570042546
5-16C,6.0,377.1496,-0.7934383777099387,0.5662709814712078
5-16C,6.0,383.1188,-0.754189753012352,0.27765778274971387
5-16C,6.0,388.9416,0.011441729713333055,0.44089659937861886
5-16C,6.0,388.9442,-0.18782104413308529,0.24400630837822274
5-16C,6.0,401.0756,-0.8825693601512066,0.014066308642077805
5-16C,6.0,407.2795,-0.7633380758699808,0.19821350169293397
5-16C,6.0,421.0743,0.5773833617357962,0.45133507274468526
5-16C,6.0,426.0222,-0.048748664860747574,0.3194062580130054
5-16C,6.0,442.9997,-0.21393432999789794,0.10531716615754425
5-16C,6.0,466.9657,-0.4638634040674641,0.14932060644936193
5-16C,6.0,490.9787,-0.7584383646179941,0.5566951476673699
5-16C,6.0,503.1614,-0.6408274678967802,0.18810763012879553
5-16C,6.0,547.0731,0.6327927682157679,0.15576706241903945
5-16C,6.0,565.0471,0.0436471907839297,0.3848689645989158
5-16C,6.0,578.8872,-0.7880630661301591,0.07954276412358113
5-16C,6.0,579.0269,-0.832893657978846,0.08342998413505416
5-16C,6.0,612.2549,0.0862783920565838,0.2350538320219909
5-16C,6.0,624.2949,0.2053453142942338,0.28385582105245044
5-16C,6.0,659.307,0.22400337749611568,0.11768352688728666
5-16C,6.0,664.0939,0.2615959418684421,0.1801701433283077
5-16C,6.0,665.2144,-0.07937422563449328,0.4657985228532888
5-16C,6.0,668.1374,-0.45958697130179516,0.00611779422698778
5-16C,6.0,787.255,0.21365760936369108,0.16776574627208435
5-16C,6.0,790.2568,0.12633114989424915,0.25154144734561706
5-16C,6.0,835.0407,0.030483696518796947,0.28510655983072486
5-16C,6.0,863.2971,0.24168884658676004,0.16513526377883508
5-16C,6.0,864.1473,0.06170525674789969,0.4355176540811023
5-16C,6.0,974.2935,0.3331639288528382,0.2996277746230224
5-16C,6.0,976.7162,-0.41250019158469664,0.14146544958983595
5-16C,7.0,57.0342,-0.6287990381226032,0.3616050694307671
5-16C,7.0,58.0295,0.042085380312761045,0.3300245265658018
5-16C,7.0,59.0135,-1.0467301527117279,0.10161458929876327
5-16C,7.0,71.0137,-1.0311089280695422,0.07964504265351971
5-16C,7.0,73.0293,1.5239688394291968,0.029723132875308395
5-16C,7.0,74.0247,0.5909333042213764,0.6420129335168251
5-16C,7.0,75.0087,0.4250036445059393,0.44057252197799746
5-16C,7.0,87.0088,1.4885293564567061,0.09648057176555139
5-16C,7.0,87.0451,-0.5775750370649018,0.4522238710971072
5-16C,7.0,88.0403,0.8133480878945365,0.15303460471788247
5-16C,7.0,88.9883,-0.20264150160397512,0.5517682980779309
5-16C,7.0,89.0244,1.4187858843375731,0.1921068321533628
5-16C,7.0,93.0338,-0.014556497975545105,0.027720619299034105
5-16C,7.0,94.9761,-0.6524524182443416,0.3416971392998635
5-16C,7.0,94.9806,0.6628285501070387,0.28376815850987536
5-16C,7.0,95.0139,-0.9714332762870785,0.09853562370400845
5-16C,7.0,101.0242,-0.3361915221106972,0.1287753572313744
5-16C,7.0,102.056,-0.03439318605266909,0.052483946938146904
5-16C,7.0,103.0402,1.6372661353255473,0.07545801026057189
5-16C,7.0,103.0509,1.5402425789604273,0.22072065144126593
5-16C,7.0,104.0352,-0.2329297108031203,0.15740828194373838
5-16C,7.0,105.0193,-0.6138273674255439,0.27231019736561873
5-16C,7.0,107.0503,-0.3116449442415645,0.5328138780075906
5-16C,7.0,109.0295,0.3652906434871158,0.15542781960360913
5-16C,7.0,111.02,0.29262691333010293,0.057556977746029026
5-16C,7.0,112.0516,0.29308965189802183,0.14435473204166407
5-16C,7.0,113.0244,-1.0509518428686428,0.043641937822216384
5-16C,7.0,113.0357,0.35529798975465876,0.1826151813730319
5-16C,7.0,114.056,-0.23399907934847897,0.002552434848555008
5-16C,7.0,115.0037,0.6450313117005413,0.10894169805228528
5-16C,7.0,115.0402,0.8253482061090888,0.550976302886163
5-16C,7.0,115.0764,-0.4145483075448957,0.22019048460477253
5-16C,7.0,116.0354,0.41721180796928464,0.3087682924942866
5-16C,7.0,116.0717,1.0968288204751977,0.1636978767492934
5-16C,7.0,117.0194,1.492909050516075,0.09459005752421076
5-16C,7.0,118.0508,1.350971246973713,0.5626722230775705
5-16C,7.0,118.9804,-1.0153983325131262,0.04289008573526657
5-16C,7.0,119.0503,1.202670464256125,0.5298711362798185
5-16C,7.0,120.9273,-0.3629942591166855,0.0763003090549767
5-16C,7.0,121.0295,-0.6519439657301284,0.19510751863836454
5-16C,7.0,121.0409,-0.2577383304426404,0.6160656276242941
5-16C,7.0,122.0248,-0.12256091113509894,0.6943134902161768
5-16C,7.0,124.0075,-0.4381307128294487,0.24287878691104686
5-16C,7.0,124.0144,-0.5818084956512899,0.253272410096347
5-16C,7.0,125.0439,-0.30369603947286355,0.19165605972313704
5-16C,7.0,127.0764,-0.7413442411382292,0.5337805712396891
5-16C,7.0,128.0354,-0.33243335475860725,0.007113536764418169
5-16C,7.0,129.0193,1.5324277647786744,0.09874071249649174
5-16C,7.0,129.0556,-0.22142494993673972,0.7508841829759169
5-16C,7.0,130.0142,1.6785636529290124,1.2035446134616774
5-16C,7.0,130.0509,0.48674975104708174,0.020851893298958132
5-16C,7.0,130.0874,0.7920426051202789,0.10587460759771743
5-16C,7.0,131.0008,1.1872771697555766,0.18505036691825566
5-16C,7.0,131.0123,1.7368024121402377,0.10033342247332679
5-16C,7.0,131.035,-0.8242570551062948,0.12315231199888474
5-16C,7.0,131.0462,-0.845805616478933,0.2042688560426636
5-16C,7.0,131.0828,-0.26383184931451775,0.08293276710116115
5-16C,7.0,132.0302,0.5043143114933459,0.06328009590395009
5-16C,7.0,133.0142,0.15421373748735165,0.06108980882693112
5-16C,7.0,133.0257,0.2108334550961668,0.14640072729660536
5-16C,7.0,133.0505,1.275034387223686,0.04233832244442381
5-16C,7.0,134.0472,-0.5395438527257005,0.12943665284562886
5-16C,7.0,134.0604,0.7626694063261743,0.3719606027161949
5-16C,7.0,135.0302,0.27524709897853955,0.18776412957015215
5-16C,7.0,135.0453,0.44378941737755606,0.15394666011375224
5-16C,7.0,136.0404,0.17245981956665393,0.05317037495288989
5-16C,7.0,136.0487,0.660665172098422,0.25630623528993596
5-16C,7.0,136.0767,-0.5401848203959763,0.9177857373436483
5-16C,7.0,137.0239,0.2424225409748768,0.04527751987883026
5-16C,7.0,138.9789,-0.04405475655845682,0.31933349689139057
5-16C,7.0,139.0014,2.1805097972429506,0.2319264682260407
5-16C,7.0,139.0067,-0.4069901417678115,0.13297944165605652
5-16C,7.0,139.976,0.05541250206911072,0.12425042860899288
5-16C,7.0,143.0713,-0.8685087851267754,0.32393236661613367
5-16C,7.0,143.1077,-0.5895242903663109,0.37619711206599726
5-16C,7.0,145.0141,-0.2351980371922362,0.07555302243998611
5-16C,7.0,145.0506,1.0784857435336779,0.2115937954673892
5-16C,7.0,145.0623,0.5495312439776693,0.20079504177820162
5-16C,7.0,145.0982,-0.47916793578961836,0.12863064390854895
5-16C,7.0,145.1106,-0.29842411698268784,0.5664433251027668
5-16C,7.0,146.0459,-0.3024135842927381,0.013364800810714597
5-16C,7.0,147.0298,2.3412166483908097,0.06742903720013797
5-16C,7.0,147.0662,1.293714564913725,0.0792911935991928
5-16C,7.0,149.0092,-0.29796222413778395,0.39756933522669835
5-16C,7.0,149.0456,-0.6979198628469444,0.2160116615410612
5-16C,7.0,149.0608,0.03369481477797753,0.6562997241147397
5-16C,7.0,150.0422,0.3778758877802081,0.8413484164545606
5-16C,7.0,150.9707,0.2955024549558592,0.9672192520167129
5-16C,7.0,151.0259,0.012043687056748034,0.14149693674904254
5-16C,7.0,151.04,-0.1586187886927296,0.2153095510980867
5-16C,7.0,151.06,-0.01981585679798792,0.4604786939370867
5-16C,7.0,152.0353,0.4864822984585563,0.20140940872760377
5-16C,7.0,152.0716,-1.0557601785700093,0.2617802798915066
5-16C,7.0,153.0192,-0.8296399758526105,0.03903441780550682
5-16C,7.0,154.062,-0.22802581541097705,0.03764449937144157
5-16C,7.0,154.9751,1.4435595491366229,0.18038295143761432
5-16C,7.0,155.0099,0.27211449355438105,0.046454014659900844
5-16C,7.0,157.0128,1.77383634698091,0.2429097785377597
5-16C,7.0,157.0255,0.633889154320374,0.14419529844663578
5-16C,7.0,157.0379,0.7997153429855788,0.06742565685821171
5-16C,7.0,157.0504,1.6719751074103482,0.13592599218952128
5-16C,7.0,159.0297,-0.4151295474313701,0.17054456250326727
5-16C,7.0,159.0775,0.6518151112943498,0.23851294200490922
5-16C,7.0,160.0616,0.7876701634222973,0.4092366844371482
5-16C,7.0,161.0453,0.6097154152633588,0.20443247637201306
5-16C,7.0,162.0424,0.9462125750793771,0.41639113084059814
5-16C,7.0,163.0351,-0.5076588995631943,0.18795366980146064
5-16C,7.0,163.0398,1.5253973879241756,0.22124194052817103
5-16C,7.0,163.0611,0.49558658401462075,0.7330263031291474
5-16C,7.0,164.0716,-0.4200069403816581,0.047924104185607934
5-16C,7.0,165.03,-0.5179358041160349,0.30312568100142956
5-16C,7.0,165.0405,-0.6954132860578084,0.6935885366583439
5-16C,7.0,165.0556,0.2611823772794148,0.20800728588783327
5-16C,7.0,166.0508,0.9088068320860658,0.33358888121215025
5-16C,7.0,166.0632,-0.1853946416097716,1.2464660612814653
5-16C,7.0,166.9759,0.7302586029112728,0.22665251017151322
5-16C,7.0,167.0207,-0.10655467890887829,0.49504661347754075
5-16C,7.0,167.0358,-0.3745810441114048,0.2010652597504507
5-16C,7.0,167.0828,-0.5209294500425551,0.47329606050175094
5-16C,7.0,168.0277,-0.3218516545837518,0.05010175933930847
5-16C,7.0,168.0664,-0.9052616280054058,0.4854575617502935
5-16C,7.0,170.0455,1.9893603059081304,0.08780210209375774
5-16C,7.0,171.0065,0.21608213433432438,0.05808588783142034
5-16C,7.0,171.0092,0.2030146320313041,0.15136385924279783
5-16C,7.0,171.0284,1.7779566861353957,0.23759963509236193
5-16C,7.0,172.0616,0.515743444166263,0.3230429806274978
5-16C,7.0,172.962,0.4411846889108476,0.02697534476117805
5-16C,7.0,173.0089,1.671917708276004,0.17597964832204047
5-16C,7.0,173.0453,1.5047479330077453,0.26025220968999835
5-16C,7.0,173.0932,0.24619440534371467,0.1523985122651436
5-16C,7.0,173.1041,-0.6893926216910589,0.07596827611425774
5-16C,7.0,174.0407,0.34169045320595937,0.034639556915462076
5-16C,7.0,174.088,0.0669112859702278,0.18418405914290206
5-16C,7.0,175.022,1.2290204140914933,0.3757630489804511
5-16C,7.0,175.0361,0.6181661082416838,0.06705462440620637
5-16C,7.0,175.0611,1.7115627842176149,0.0633494351063359
5-16C,7.0,176.0776,1.7647663336834496,0.21447014416705507
5-16C,7.0,177.0402,-0.4778632583944561,0.045884594645179654
5-16C,7.0,177.0553,0.5839607926779214,0.6547561951181866
5-16C,7.0,178.0509,1.4347065548073235,0.11431279655170133
5-16C,7.0,179.0348,0.3657420766134384,0.18120441627958067
5-16C,7.0,179.0561,-0.9925156606509701,0.027313114456242495
5-16C,7.0,180.0663,-1.0557275253572356,0.03686586348220462
5-16C,7.0,181.0505,0.9789300956265563,0.07236145336447339
5-16C,7.0,182.9725,-1.0068461280466485,0.10749711452471798
5-16C,7.0,183.0661,-0.5783239700032821,0.1588697214104743
5-16C,7.0,184.0017,-0.3678328132609401,0.06665285000174268
5-16C,7.0,184.9856,0.26528816538945654,0.14098783582058808
5-16C,7.0,186.1136,-0.647627460834215,0.7068185151781744
5-16C,7.0,187.0234,1.2242800038131962,0.5923452784990704
5-16C,7.0,188.035,0.37070458534566875,0.40059312972549904
5-16C,7.0,188.0565,0.8731461890487329,0.040989844616327986
5-16C,7.0,189.0405,-0.5069721255246002,0.13357468331992178
5-16C,7.0,191.0197,0.638537148173258,0.22910452378248922
5-16C,7.0,191.0561,1.6636365605290564,0.03450895872059426
5-16C,7.0,192.0663,-0.026616532036687596,0.6815774714750938
5-16C,7.0,193.0349,-0.363191837022877,0.4531696846072514
5-16C,7.0,194.0682,1.5039944929715818,0.3011899474028769
5-16C,7.0,194.0822,-0.49848068927116035,0.6603451158414428
5-16C,7.0,195.0509,-0.9651152821864084,0.03527422432400105
5-16C,7.0,195.0657,-0.09706766384506359,0.5379454845321059
5-16C,7.0,196.0603,0.9683775304678577,0.11770060378596166
5-16C,7.0,198.0182,1.1705665839660746,0.6159476838763083
5-16C,7.0,199.0019,1.3530483059239358,0.5219436764564044
5-16C,7.0,200.9937,-0.5290464241482844,0.1706879485273736
5-16C,7.0,201.0051,0.9541050843983412,0.43303856486595266
5-16C,7.0,203.0348,1.808969618524019,0.2113750444717699
5-16C,7.0,203.0826,-0.08411056183709116,0.005912057153922848
5-16C,7.0,204.0498,-0.9091003158878918,0.25686693180471903
5-16C,7.0,205.0351,0.6730240112171757,0.24601062995718798
5-16C,7.0,206.0822,-0.687256786343022,0.2150199449600995
5-16C,7.0,209.0292,1.5122043715987088,0.3253372606234783
5-16C,7.0,209.0814,-0.5117190543828868,0.470972329485383
5-16C,7.0,211.0235,1.668987382926215,0.433172539955274
5-16C,7.0,211.9968,0.24264170191794743,0.20263352342290622
5-16C,7.0,212.0331,0.20269727181145353,0.2266806743610316
5-16C,7.0,212.9807,0.8508511911471623,0.2174206165198575
5-16C,7.0,213.014,1.6459105180891735,0.2872542796543018
5-16C,7.0,213.0384,1.5734531899476403,0.4785524856595835
5-16C,7.0,213.1252,0.0891813002271612,1.0556402064870427
5-16C,7.0,214.0488,-0.6386388877268888,1.1421081445512018
5-16C,7.0,215.0331,-0.9849125071636098,0.026847750177552317
5-16C,7.0,216.1351,-0.9044314314480015,0.07227928892293017
5-16C,7.0,218.0335,-1.0169611065693118,0.02653956621749647
5-16C,7.0,218.1034,1.3587268015217124,0.15682920164866412
5-16C,7.0,220.0828,-0.9312773775363411,0.8296947486944258
5-16C,7.0,221.0443,-0.9782231132590609,0.05791362935219417
5-16C,7.0,221.0664,-0.4544620910821002,0.15387899592715593
5-16C,7.0,225.0399,-0.26454073546142576,0.5620034372519761
5-16C,7.0,225.0861,-0.3138394678003862,0.34217070736477667
5-16C,7.0,225.0901,-0.20605918754614044,0.572990828716912
5-16C,7.0,226.0135,0.37339851301148774,0.2573255125665463
5-16C,7.0,226.0697,-0.41379248135866814,0.2018857024660165
5-16C,7.0,228.0501,0.20876793135724414,0.5288349816607706
5-16C,7.0,229.0122,0.5937396262530655,0.293929181252816
5-16C,7.0,237.0614,0.6715678895762874,0.2510624785327953
5-16C,7.0,238.0945,-0.768099329020463,0.19154316491899456
5-16C,7.0,240.0515,1.175707128892574,0.07818443716007593
5-16C,7.0,241.0844,-0.07035438415999513,0.5005013577493718
5-16C,7.0,242.0804,-0.5859438068835567,0.6520179283962483
5-16C,7.0,243.029,1.5902900665829232,0.4394005098118279
5-16C,7.0,243.0625,0.9336785946704926,0.9008295258814859
5-16C,7.0,245.0444,1.8320307907087363,0.5029037629849785
5-16C,7.0,246.0198,0.44825094574529906,0.2989758260113042
5-16C,7.0,246.064,-0.795851991254822,0.1320925829184124
5-16C,7.0,251.0816,-0.022798597657634312,0.7745107434314386
5-16C,7.0,253.0119,-0.117496236630105,0.021393463391373945
5-16C,7.0,253.0499,0.15337020052683487,0.47878557041154163
5-16C,7.0,257.0072,0.6703290345020869,0.5227709674394114
5-16C,7.0,257.1028,-0.9169409042628565,0.4315295080607767
5-16C,7.0,259.005,1.5565069802347138,0.3439542629470516
5-16C,7.0,259.0227,-1.029486748056105,0.11135630814047659
5-16C,7.0,261.0385,0.22955676629916527,0.18725729544268693
5-16C,7.0,266.0703,0.27470558324848815,0.38259234122793817
5-16C,7.0,267.0724,1.3671794374354835,0.24593476675475587
5-16C,7.0,268.02,0.4406023436767522,0.5323199314949002
5-16C,7.0,269.0398,1.5114928699410846,0.2392975567321516
5-16C,7.0,271.0612,0.030373291481019908,0.5728010748639016
5-16C,7.0,271.0815,-0.7591652683382408,0.32845477823219577
5-16C,7.0,273.0021,1.4419995087967967,0.31769236707382437
5-16C,7.0,274.0933,0.6899534107388889,0.17027931125207865
5-16C,7.0,275.0184,0.24874662397757752,0.33597975950835585
5-16C,7.0,275.0991,1.397451910708765,0.29796614624876044
5-16C,7.0,277.1207,-1.057922000559915,0.008920696356697266
5-16C,7.0,277.2169,-0.43351219533858887,0.4071567617161831
5-16C,7.0,279.2331,0.08299882209273102,0.03590124693207394
5-16C,7.0,282.0839,-1.0996523827343792,0.17577575111748323
5-16C,7.0,283.2063,0.006794567596427631,0.17345479603079422
5-16C,7.0,285.0972,-0.9100186976518496,1.041464862192337
5-16C,7.0,287.0157,-0.8991114847328425,0.3719224852902538
5-16C,7.0,288.0725,0.19664441123585935,0.24486071799897663
5-16C,7.0,289.0333,-0.02912351644115284,0.236584344204327
5-16C,7.0,289.1044,0.11619528678347825,0.34553316697541764
5-16C,7.0,290.9677,0.009277227171629234,0.06509445411981293
5-16C,7.0,294.0479,-0.6452724946833859,0.8973317583765842
5-16C,7.0,300.0509,0.35975984605115835,0.8450374907552651
5-16C,7.0,301.0333,-0.1915632917791189,1.1543418594846326
5-16C,7.0,303.2326,-0.782310990328507,0.27647721852998325
5-16C,7.0,305.0207,-0.9013399950308811,0.08246463983284087
5-16C,7.0,306.0481,1.189660618076056,0.06484088965217275
5-16C,7.0,306.0765,-0.20665749363936436,0.03184684550704838
5-16C,7.0,308.0986,-0.37730739083984577,0.050143583727404434
5-16C,7.0,313.0441,0.8960137801918842,0.19963400474406043
5-16C,7.0,313.1037,1.1211221744126352,0.40542306459765887
5-16C,7.0,317.026,0.41706486418783584,0.5583791408613192
5-16C,7.0,323.0256,-0.8467142859652412,0.4467497409259987
5-16C,7.0,325.1163,-1.0027916104452346,0.32687123535383505
5-16C,7.0,328.0457,0.00397873873473778,0.20713308106723685
5-16C,7.0,333.0589,0.9825065718319812,0.49875794789530875
5-16C,7.0,338.9884,0.505291173372905,0.34137488941455074
5-16C,7.0,339.0928,-0.5965121199833998,0.3635068731734443
5-16C,7.0,341.1089,-0.5165876766283695,0.10813416817683277
5-16C,7.0,344.0393,-0.4887309575507087,0.12780344221780227
5-16C,7.0,346.0556,-0.5804865224854295,0.06941061514715194
5-16C,7.0,348.087,1.3367355934124707,0.4471426871033124
5-16C,7.0,353.0489,0.01388285832585287,0.5576321037656506
5-16C,7.0,357.089,0.06221380639584897,0.21794353260571056
5-16C,7.0,375.131,-0.2058106670184894,0.6046314146092321
5-16C,7.0,377.1496,-0.1631763919774459,0.2685161904453341
5-16C,7.0,383.1188,-1.0588894958695692,0.16808380726731828
5-16C,7.0,388.9416,0.2457807221769112,0.3394585558068019
5-16C,7.0,388.9442,0.06816072151980421,0.3006240828028251
5-16C,7.0,401.0756,-1.0884599666299475,0.024849213038546748
5-16C,7.0,407.2795,-0.627252071102213,0.18648614260031662
5-16C,7.0,421.0743,-0.09323332977273968,0.49379921125100634
5-16C,7.0,426.0222,-0.3681980164163294,0.39595501308375364
5-16C,7.0,442.9997,-0.23573586850915623,0.16063745120844505
5-16C,7.0,466.9657,-0.7309675210228739,0.1764912554613144
5-16C,7.0,490.9787,-0.22650073921752595,1.0747893645046709
5-16C,7.0,503.1614,-0.5765318900986458,0.5294166478740162
5-16C,7.0,547.0731,0.4926642994993262,0.1926143273006522
5-16C,7.0,565.0471,-0.10788136807711049,0.34424096700820467
5-16C,7.0,578.8872,-1.1101797867353418,0.06311948560920864
5-16C,7.0,579.0269,-0.9159325273546701,0.07690833416886843
5-16C,7.0,612.2549,-0.015918164876599077,0.16321770765254057
5-16C,7.0,624.2949,-0.3411264731557759,0.46048286850272024
5-16C,7.0,659.307,-0.5579227263813358,0.17198360466372153
5-16C,7.0,664.0939,-0.30593852511213204,0.23292810260098457
5-16C,7.0,665.2144,0.1565211921105035,0.4271350585577084
5-16C,7.0,668.1374,2.061280039409366,0.11808415533385853
5-16C,7.0,787.255,-0.657372975804708,0.23185629808702224
5-16C,7.0,790.2568,-0.3664490301784224,0.4140530087897973
5-16C,7.0,835.0407,0.36290566647498484,0.4053788743385601
5-16C,7.0,863.2971,0.3392248572348421,0.14365507959637058
5-16C,7.0,864.1473,-0.2531557871900506,0.1936422641882221
5-16C,7.0,974.2935,0.4748460057536602,0.27012978986238967
5-16C,7.0,976.7162,-1.155677198585623,0.049822467663144535
5-16C,8.0,57.0342,-0.6541663941455345,0.32535493413135386
5-16C,8.0,58.0295,0.1719281713237855,0.31595882843049405
5-16C,8.0,59.0135,-1.3403363630070588,0.0541846702260641
5-16C,8.0,71.0137,-1.2782912774471857,0.042722860260299006
5-16C,8.0,73.0293,1.6827560176093814,0.09569732369138212
5-16C,8.0,74.0247,0.3101854430037762,0.8828965462028279
5-16C,8.0,75.0087,-0.36733306174128344,0.5561013134532503
5-16C,8.0,87.0088,2.024134797887066,0.12003435919667038
5-16C,8.0,87.0451,-1.028507738491923,0.7770374879551704
5-16C,8.0,88.0403,0.8987950986911655,0.16637796612507005
5-16C,8.0,88.9883,0.7116689120082594,0.524243848693625
5-16C,8.0,89.0244,1.7481640585956146,0.22403244766997232
5-16C,8.0,93.0338,-0.02112223500952319,0.012745051164361035
5-16C,8.0,94.9761,-0.8238234289255455,0.5405266790608739
5-16C,8.0,94.9806,0.7035446776612497,0.4568301774023702
5-16C,8.0,95.0139,-1.189372949304646,0.09336842420313245
5-16C,8.0,101.0242,-0.8514166149755035,0.27372548315677064
5-16C,8.0,102.056,0.13626698415639676,0.0652665301384438
5-16C,8.0,103.0402,1.8572433308433554,0.08194504026739198
5-16C,8.0,103.0509,1.7571799720547654,0.34872949528921204
5-16C,8.0,104.0352,-0.6963915343455509,0.06151906060187389
5-16C,8.0,105.0193,-0.34910575698441004,0.6408207996476194
5-16C,8.0,107.0503,-0.45040350933290274,0.9153499191898498
5-16C,8.0,109.0295,0.09284031905428876,0.10278807032017033
5-16C,8.0,111.02,0.45884205980338305,0.058453179317655285
5-16C,8.0,112.0516,0.21067271729316367,0.9535972433234625
5-16C,8.0,113.0244,-1.198121239466398,0.05288879515007547
5-16C,8.0,113.0357,0.16156099781997785,0.07243396820527515
5-16C,8.0,114.056,-0.24398631854109726,0.0025504114991049746
5-16C,8.0,115.0037,0.5912737419984785,0.1399100380779869
5-16C,8.0,115.0402,1.0631907743684381,0.4351902748050456
5-16C,8.0,115.0764,-0.90439355464647,0.9974240157662831
5-16C,8.0,116.0354,0.5502514884983366,0.22621883750690805
5-16C,8.0,116.0717,1.231398491311074,0.054778050197512945
5-16C,8.0,117.0194,1.6701280266780647,0.0637643219927242
5-16C,8.0,118.0508,1.2773550002957297,0.2220573813576339
5-16C,8.0,118.9804,-1.2465762172917398,0.03212569739133716
5-16C,8.0,119.0503,1.458547362017193,0.43770359794040703
5-16C,8.0,120.9273,-0.2994028657620784,0.08843399788302782
5-16C,8.0,121.0295,-0.24024083426938908,0.47733361411946706
5-16C,8.0,121.0409,-1.0352524333994042,0.4219377165997466
5-16C,8.0,122.0248,0.11672457421490257,0.541772137501159
5-16C,8.0,124.0075,-0.5740876609881077,0.1332431291637623
5-16C,8.0,124.0144,-0.6592811069051543,0.2672618357693543
5-16C,8.0,125.0439,-0.20384329042176955,0.31559282438216807
5-16C,8.0,127.0764,-1.3871962846712946,0.5080098776783429
5-16C,8.0,128.0354,-0.36996149322527205,0.017898037704362643
5-16C,8.0,129.0193,1.3959711296990154,0.16851323765198428
5-16C,8.0,129.0556,-0.4179706724892128,0.8781390476222185
5-16C,8.0,130.0142,0.8554169758223472,1.4158216995553425
5-16C,8.0,130.0509,0.32970641590699584,0.05068224826093257
5-16C,8.0,130.0874,0.8345316903583366,0.07047910234885933
5-16C,8.0,131.0008,1.4812643384248074,0.4767661365066851
5-16C,8.0,131.0123,2.1820021854222285,0.21127839401326456
5-16C,8.0,131.035,-1.00147092331758,0.22422623925426116
5-16C,8.0,131.0462,-1.1031344363793714,0.25622236183413116
5-16C,8.0,131.0828,-0.5063280563409874,0.1174671065957038
5-16C,8.0,132.0302,0.36923135078530234,0.03303709436434818
5-16C,8.0,133.0142,0.13762129716491683,0.10258229429287374
5-16C,8.0,133.0257,0.2174639687559345,0.1662134500733539
5-16C,8.0,133.0505,1.2163733554813774,0.03939799425380705
5-16C,8.0,134.0472,-0.648722353228695,0.11540167971085767
5-16C,8.0,134.0604,0.345035940834356,0.3704435963633911
5-16C,8.0,135.0302,1.099552474587504,0.22356666262689157
5-16C,8.0,135.0453,0.9737249624833937,0.16693961721657033
5-16C,8.0,136.0404,0.32549539295957874,0.0653664867798163
5-16C,8.0,136.0487,1.3279144485849235,0.28083995994690536
5-16C,8.0,136.0767,-1.2514059444160672,0.9908583394076196
5-16C,8.0,137.0239,0.3108741140319514,0.11462681574623719
5-16C,8.0,138.9789,-0.09203600427228661,0.35485063675282275
5-16C,8.0,139.0014,2.3812066625537973,0.06823952223438745
5-16C,8.0,139.0067,-0.6492920826786924,0.03172338772437692
5-16C,8.0,139.976,0.851283154583633,0.42595602442480945
5-16C,8.0,143.0713,-1.0145207878544782,0.8094234892507404
5-16C,8.0,143.1077,-0.851843909172185,0.6551460375232082
5-16C,8.0,145.0141,0.10921450754985804,0.2322592871013346
5-16C,8.0,145.0506,1.2220085729975478,0.17307200291721234
5-16C,8.0,145.0623,0.5737655611204848,0.16587779842954725
5-16C,8.0,145.0982,-0.48582014103074145,0.21193862628675778
5-16C,8.0,145.1106,-0.9475420264240435,0.28675496617245083
5-16C,8.0,146.0459,-0.16860369884097967,0.015363279204607429
5-16C,8.0,147.0298,1.9445575991095114,0.15727132091697388
5-16C,8.0,147.0662,0.9419782600383675,0.09842892312112467
5-16C,8.0,149.0092,-0.9169398646556975,0.6986463500107094
5-16C,8.0,149.0456,-1.079928062863618,0.14552774008564975
5-16C,8.0,149.0608,-0.2521526283865346,0.6322436848717411
5-16C,8.0,150.0422,-0.13451677328675485,0.5277702452684065
5-16C,8.0,150.9707,0.13524708875180474,0.7922649790733273
5-16C,8.0,151.0259,0.904175413038335,0.1953348103145217
5-16C,8.0,151.04,0.016381789223543046,0.17459193746090632
5-16C,8.0,151.06,-0.5173329055523755,1.0447260060548815
5-16C,8.0,152.0353,0.07898551156527127,0.895677963851009
5-16C,8.0,152.0716,-0.7942971012318925,0.17267233015964753
5-16C,8.0,153.0192,-1.0040620935996614,0.06699359336506286
5-16C,8.0,154.062,-0.5628866140916816,0.12150543608799962
5-16C,8.0,154.9751,1.7821926143827982,0.06821242724538695
5-16C,8.0,155.0099,0.3829330381425569,0.05132970952684472
5-16C,8.0,157.0128,2.0728229115190073,0.22581916844869998
5-16C,8.0,157.0255,0.6292395571760896,0.05676297076619637
5-16C,8.0,157.0379,0.6943247733480484,0.14525315179378429
5-16C,8.0,157.0504,1.3383334272410723,0.06200201998897985
5-16C,8.0,159.0297,-0.5175458256232112,0.24853763976541088
5-16C,8.0,159.0775,0.9297774149969321,0.07966036452455158
5-16C,8.0,160.0616,0.5901548137019774,0.5888077413990871
5-16C,8.0,161.0453,0.13472916838926954,0.2913720272182661
5-16C,8.0,162.0424,0.832585483461907,0.2475345200415601
5-16C,8.0,163.0351,-0.9102265657537323,0.17703945929733236
5-16C,8.0,163.0398,1.1928247991037026,0.11009789998456752
5-16C,8.0,163.0611,0.3499351296135673,0.6779496206356167
5-16C,8.0,164.0716,0.14496323038168946,0.10460424356957045
5-16C,8.0,165.03,-0.38119282637706947,1.2767739139590297
5-16C,8.0,165.0405,-0.5024001588011254,0.30526439631752605
5-16C,8.0,165.0556,0.32320716297961527,0.15724784666543243
5-16C,8.0,166.0508,0.2797146701280297,0.4438406078949065
5-16C,8.0,166.0632,0.7061731559959962,0.42859185089195184
5-16C,8.0,166.9759,0.6808456525201607,0.8310499855413737
5-16C,8.0,167.0207,-0.3353282542450467,0.22182306076503755
5-16C,8.0,167.0358,-0.020728482791227777,0.41309950353979663
5-16C,8.0,167.0828,-0.8050629796516038,0.7349052474576525
5-16C,8.0,168.0277,-0.17313305944004173,0.026588194761255426
5-16C,8.0,168.0664,-1.1112999010167655,0.4534143894326448
5-16C,8.0,170.0455,1.5897221669515698,0.05737243064555933
5-16C,8.0,171.0065,0.45483817509732927,0.14066187546133133
5-16C,8.0,171.0092,0.44118077704467445,0.4411644541449674
5-16C,8.0,171.0284,1.686574634906861,0.11354223340320758
5-16C,8.0,172.0616,0.14756302325315246,0.1633538542549549
5-16C,8.0,172.962,0.4374566999906142,0.038972500448730005
5-16C,8.0,173.0089,1.4040190572168127,0.33096935765299706
5-16C,8.0,173.0453,1.0773055437016938,0.31775265408720826
5-16C,8.0,173.0932,0.5558580747295366,0.12014514974056131
5-16C,8.0,173.1041,-0.5697584234669252,0.1314554260200781
5-16C,8.0,174.0407,0.10379814960629499,0.014677714318575459
5-16C,8.0,174.088,-0.3967234836178679,0.16316409044204622
5-16C,8.0,175.022,1.6822038807702473,0.2804618834635984
5-16C,8.0,175.0361,0.557902463747121,0.04350811232473084
5-16C,8.0,175.0611,1.0207572664255684,0.07861116473727037
5-16C,8.0,176.0776,1.1267640650854627,0.29262377373030696
5-16C,8.0,177.0402,-0.7400570928225114,0.28929673734499356
5-16C,8.0,177.0553,1.4185366007743823,0.23807712687042418
5-16C,8.0,178.0509,1.2291778279783467,0.03635107124129564
5-16C,8.0,179.0348,-0.1541390582006596,0.2950193975860457
5-16C,8.0,179.0561,-1.224931369176434,0.00952426477495744
5-16C,8.0,180.0663,-1.330587201585701,0.06407704666710956
5-16C,8.0,181.0505,0.8449768637831521,0.16328099059850187
5-16C,8.0,182.9725,-1.1558488370595086,0.1274534816840133
5-16C,8.0,183.0661,-0.8411277988804886,0.8027206702850486
5-16C,8.0,184.0017,-0.2312898877516169,0.085056065430335
5-16C,8.0,184.9856,1.1297396110874458,0.16887253229659432
5-16C,8.0,186.1136,-0.6794938415092342,0.43301918015290014
5-16C,8.0,187.0234,1.558884328914682,0.5983026867261121
5-16C,8.0,188.035,-0.4439598820432446,0.7390627629972979
5-16C,8.0,188.0565,0.48817169391747833,0.050705470074646826
5-16C,8.0,189.0405,-0.6445306477757488,0.035688644971601124
5-16C,8.0,191.0197,0.8827607566521734,0.28357488102522865
5-16C,8.0,191.0561,0.8269322324333293,0.073308834283038
5-16C,8.0,192.0663,-0.5162958525836853,0.5494275126458891
5-16C,8.0,193.0349,-0.11676458331989534,0.5281183582948757
5-16C,8.0,194.0682,1.1757926931322538,0.23471766661503252
5-16C,8.0,194.0822,-0.1562972050374627,0.5171212259437753
5-16C,8.0,195.0509,-0.9613633208579573,0.10997825512123523
5-16C,8.0,195.0657,0.6947440702414479,0.6167988568542423
5-16C,8.0,196.0603,0.3204882534294916,0.1504306064961364
5-16C,8.0,198.0182,1.5024478899140221,0.560364591446448
5-16C,8.0,199.0019,1.614285393167081,0.2683409400770614
5-16C,8.0,200.9937,-0.7321634982042995,0.1428874049311508
5-16C,8.0,201.0051,0.6617337107287289,0.8091089031112094
5-16C,8.0,203.0348,2.001701593278859,0.2433059259382399
5-16C,8.0,203.0826,-0.0892850319588468,0.008982242660935811
5-16C,8.0,204.0498,-0.7514761666296635,0.2428780520261119
5-16C,8.0,205.0351,0.35138666386471934,0.24590484838739748
5-16C,8.0,206.0822,-0.04611173368154204,0.5801878826783008
5-16C,8.0,209.0292,1.6867382521965995,0.49374227668422677
5-16C,8.0,209.0814,-0.8198639287548228,0.3615328124235762
5-16C,8.0,211.0235,1.4469306886843096,0.6976545739711316
5-16C,8.0,211.9968,0.2648846823165129,0.1231725881447671
5-16C,8.0,212.0331,0.36205635064346864,0.3777310073655846
5-16C,8.0,212.9807,1.7346430189576227,0.2900300196529343
5-16C,8.0,213.014,1.6883698198669541,0.5271899433079127
5-16C,8.0,213.0384,2.0176672519556367,0.15846532973510713
5-16C,8.0,213.1252,-0.582462076673067,0.3455452650580061
5-16C,8.0,214.0488,0.8093831351730526,0.33662184290210617
5-16C,8.0,215.0331,-1.3160767906500133,0.01250264888116389
5-16C,8.0,216.1351,-1.1309059097098049,0.07238740845426932
5-16C,8.0,218.0335,-1.2857133584913174,0.025035094752246786
5-16C,8.0,218.1034,0.567022155774974,0.08772838660668408
5-16C,8.0,220.0828,-0.8234331420781519,0.24720504706461385
5-16C,8.0,221.0443,-1.0547272700337809,0.046896526358310014
5-16C,8.0,221.0664,-0.48193152417902807,0.2446951433422525
5-16C,8.0,225.0399,0.15338552056381152,1.0285124952855949
5-16C,8.0,225.0861,0.43042411627079824,0.5260868226647961
5-16C,8.0,225.0901,0.10265526128393632,1.208816396941643
5-16C,8.0,226.0135,0.9244970267806525,0.21985455381549815
5-16C,8.0,226.0697,-0.49347878450274185,0.26677458749908967
5-16C,8.0,228.0501,0.5592842328176318,0.2602174859610626
5-16C,8.0,229.0122,0.7849082758897327,0.23912700017905925
5-16C,8.0,237.0614,0.6723173395805933,0.24340960694654384
5-16C,8.0,238.0945,-0.7776874220789001,0.15762879871458077
5-16C,8.0,240.0515,0.6659887308224783,0.04027783129959403
5-16C,8.0,241.0844,-0.5266231843758837,0.4273613080671379
5-16C,8.0,242.0804,-0.5456875649909372,0.5511916159406601
5-16C,8.0,243.029,1.84302735051814,0.473590252078621
5-16C,8.0,243.0625,0.6406577218040352,0.2741535075949784
5-16C,8.0,245.0444,2.045157877527432,0.4791919813429069
5-16C,8.0,246.0198,0.7068294540130522,0.45994338464304546
5-16C,8.0,246.064,-0.8880868049787782,0.07367347911119283
5-16C,8.0,251.0816,0.06658911000627797,0.3640986631475161
5-16C,8.0,253.0119,-0.07550147578666659,0.00949759323607186
5-16C,8.0,253.0499,-0.45655127190102957,0.40488746796910224
5-16C,8.0,257.0072,1.2238459353570232,0.2334279381521072
5-16C,8.0,257.1028,-0.811195991719688,0.2755184558165739
5-16C,8.0,259.005,1.7358341837143292,0.7113916678551476
5-16C,8.0,259.0227,-1.057399259141047,0.12083351185745567
5-16C,8.0,261.0385,0.16917124279416904,0.47777767973395235
5-16C,8.0,266.0703,0.268284478399073,0.33829858183629213
5-16C,8.0,267.0724,0.5545063170110858,0.14723520990153757
5-16C,8.0,268.02,1.4348745877790092,0.46939935070310884
5-16C,8.0,269.0398,2.2410509726780377,0.29247182342871414
5-16C,8.0,271.0612,-0.19392889642131692,0.32200555347656556
5-16C,8.0,271.0815,-0.45654676094550456,0.5098555287788156
5-16C,8.0,273.0021,1.418485681316253,0.3520381508621453
5-16C,8.0,274.0933,0.26924678921780754,0.25927402460736854
5-16C,8.0,275.0184,0.26487607721760487,0.4201466684243287
5-16C,8.0,275.0991,1.9249219524863161,0.4383537604030365
5-16C,8.0,277.1207,-1.076402342266055,0.00925712824271413
5-16C,8.0,277.2169,-0.6867705471177363,0.32822968006957176
5-16C,8.0,279.2331,-0.31055170511031277,0.036193432459307784
5-16C,8.0,282.0839,-1.1156455393884934,0.2098768269788985
5-16C,8.0,283.2063,-0.2827880508315813,0.11260540667073601
5-16C,8.0,285.0972,-0.465848166779131,0.6639421798373529
5-16C,8.0,287.0157,-0.6963027941433418,0.1240742565082932
5-16C,8.0,288.0725,0.034795892752679324,0.09658674088824593
5-16C,8.0,289.0333,0.5797255176039917,0.8599650755564023
5-16C,8.0,289.1044,0.9848960238962693,0.24772483778334803
5-16C,8.0,290.9677,0.06953460910112216,0.2553980006787914
5-16C,8.0,294.0479,-1.3001911250088587,0.20453584875795333
5-16C,8.0,300.0509,0.2098405751994084,1.077454197696392
5-16C,8.0,301.0333,0.3339563227887771,1.1312852319955815
5-16C,8.0,303.2326,-0.36207358302142045,0.1473808543792751
5-16C,8.0,305.0207,-1.1746107414314673,0.06911804240568199
5-16C,8.0,306.0481,0.8573973236263923,0.2045366650198368
5-16C,8.0,306.0765,0.372410401327427,0.03516013870147362
5-16C,8.0,308.0986,-0.407509498378715,0.01469469122684308
5-16C,8.0,313.0441,0.05904461016728052,0.26152908624895976
5-16C,8.0,313.1037,0.1544631300496866,0.5671333368247023
5-16C,8.0,317.026,0.45097513861424754,0.8277032662022773
5-16C,8.0,323.0256,-0.1631721777136217,0.12210678688233083
5-16C,8.0,325.1163,-0.5111119161017906,0.18181668666407938
5-16C,8.0,328.0457,-0.04951735891370053,0.14256445050651792
5-16C,8.0,333.0589,1.3429099315447572,0.13588692754883133
5-16C,8.0,338.9884,0.5436665598804962,0.5617733722341787
5-16C,8.0,339.0928,-1.2486599149484956,0.5867120054112264
5-16C,8.0,341.1089,-0.29585104718532684,0.2553217378072721
5-16C,8.0,344.0393,0.30343872672680383,0.3498504833762571
5-16C,8.0,346.0556,-0.29083618157986546,0.1081511593085694
5-16C,8.0,348.087,0.663491800683905,0.33227613764318986
5-16C,8.0,353.0489,0.2128547016749608,0.3782685720730694
5-16C,8.0,357.089,0.39112100980938624,0.22369395622082022
5-16C,8.0,375.131,-0.11025055760101862,0.08958805772989753
5-16C,8.0,377.1496,-0.5040129341107276,0.18681900782060154
5-16C,8.0,383.1188,-0.9296622290407635,0.26519308328881663
5-16C,8.0,388.9416,0.5069866054961861,0.350585357881344
5-16C,8.0,388.9442,0.11219257042219627,0.15446599377837344
5-16C,8.0,401.0756,-1.1683830557903487,0.023417320868831817
5-16C,8.0,407.2795,-0.4448476370008375,0.14007467256277759
5-16C,8.0,421.0743,0.36014133490908734,0.18915152880897748
5-16C,8.0,426.0222,-0.2285104863454298,0.49816445005541155
5-16C,8.0,442.9997,-0.23458841911382686,0.12585206276222974
5-16C,8.0,466.9657,-0.9740959528658766,0.07814877765153536
5-16C,8.0,490.9787,0.2773055694550328,0.5634099589840877
5-16C,8.0,503.1614,-0.06573924425791179,0.2505911828392414
5-16C,8.0,547.0731,0.9842379651570042,0.05444883226136443
5-16C,8.0,565.0471,0.39842799927107664,0.3731970257293156
5-16C,8.0,578.8872,-1.1642347025581938,0.0457244248836108
5-16C,8.0,579.0269,-0.96865561902186,0.03204808573687738
5-16C,8.0,612.2549,0.6994577336556811,0.20672349524073913
5-16C,8.0,624.2949,0.2886672489191666,0.6987598086545913
5-16C,8.0,659.307,-0.5964300953440144,0.18036806509677283
5-16C,8.0,664.0939,-0.056826051110039306,0.12508436255690064
5-16C,8.0,665.2144,1.0808341779776567,0.36671185045888854
5-16C,8.0,668.1374,1.5932126830666626,0.09288988389877005
5-16C,8.0,787.255,-0.8474614882894124,0.26835021704542533
5-16C,8.0,790.2568,-1.013586304664421,0.11357276147086597
5-16C,8.0,835.0407,0.3177485085267629,0.15291243794063314
5-16C,8.0,863.2971,1.1074804626012305,0.19566085812226117
5-16C,8.0,864.1473,-0.03715433984337073,0.12486954353208155
5-16C,8.0,974.2935,-0.22462327681010655,0.5770526147134708
5-16C,8.0,976.7162,-1.3171647128037605,0.07770016073711239
5-16C,9.0,57.0342,-0.9129776467339217,0.4329128287360319
5-16C,9.0,58.0295,-0.24490359234244719,0.20068735433186488
5-16C,9.0,59.0135,-1.2998369079885588,0.03631335475048957
5-16C,9.0,71.0137,-1.4696651890050152,0.035751973148334
5-16C,9.0,73.0293,1.8200881872510144,0.07983769226984139
5-16C,9.0,74.0247,-0.34756668899174425,0.3538546567298152
5-16C,9.0,75.0087,-0.03130592848944923,0.23951482640230198
5-16C,9.0,87.0088,3.12358963090785,0.1662008471091633
5-16C,9.0,87.0451,-0.9136739449608182,0.326965330650943
5-16C,9.0,88.0403,1.5088727420267858,0.054638734673697016
5-16C,9.0,88.9883,0.7456432880331949,0.4761070713251956
5-16C,9.0,89.0244,1.9894601553306892,0.16716772011985775
5-16C,9.0,93.0338,0.0019493987114675387,0.010871321391900777
5-16C,9.0,94.9761,-1.1973648485209805,0.17417209238023723
5-16C,9.0,94.9806,1.2942726230383736,0.1975159154447241
5-16C,9.0,95.0139,-1.3653539346342434,0.0964562333540306
5-16C,9.0,101.0242,-1.1327058500497516,0.1301281884198776
5-16C,9.0,102.056,0.5677365147882966,0.047821548868698896
5-16C,9.0,103.0402,1.6965062890373295,0.10994061800126925
5-16C,9.0,103.0509,1.557164372493527,0.17105135051106288
5-16C,9.0,104.0352,-0.6828857450091917,0.11154348310471185
5-16C,9.0,105.0193,-0.7006712914263762,0.5410369926440872
5-16C,9.0,107.0503,0.13521833629694557,0.3569509390929283
5-16C,9.0,109.0295,-0.04805470665148669,0.11771349831944228
5-16C,9.0,111.02,-0.18242067343561008,0.037093226825917154
5-16C,9.0,112.0516,-0.3638530752265087,0.34781251364712
5-16C,9.0,113.0244,-1.4256927937005086,0.007415518344330169
5-16C,9.0,113.0357,-0.10017035866061966,0.06393619313970067
5-16C,9.0,114.056,-0.2386584321636474,0.0024627571298462465
5-16C,9.0,115.0037,0.4367282708516389,0.051922411121439895
5-16C,9.0,115.0402,0.39656341395271466,0.5075860659132738
5-16C,9.0,115.0764,-0.32184982877465995,0.263180033952953
5-16C,9.0,116.0354,0.861978776058508,0.4473335010561631
5-16C,9.0,116.0717,1.558223662451451,0.07189754596978434
5-16C,9.0,117.0194,1.7891629117071766,0.03627802804678228
5-16C,9.0,118.0508,1.4447331161441368,0.11337638122578317
5-16C,9.0,118.9804,-1.414674695156118,0.007315667768687893
5-16C,9.0,119.0503,2.00579615043763,0.32227144904597965
5-16C,9.0,120.9273,-0.32310264536223066,0.09981875721627909
5-16C,9.0,121.0295,-0.24773699370423613,0.5901662515201503
5-16C,9.0,121.0409,-0.9439606936343772,0.17150674312808029
5-16C,9.0,122.0248,-0.2952078897760306,0.21731741203580873
5-16C,9.0,124.0075,-0.7114778902267526,0.09739627289392094
5-16C,9.0,124.0144,-1.2619036333697782,0.20990573091292933
5-16C,9.0,125.0439,-0.6239852744164454,0.19306761458935537
5-16C,9.0,127.0764,-0.8236146527350281,0.23357849537626058
5-16C,9.0,128.0354,-0.31070926196079596,0.010857217663967463
5-16C,9.0,129.0193,0.9117941423112607,0.1507923215242123
5-16C,9.0,129.0556,-0.6808626393566575,0.6855254455490203
5-16C,9.0,130.0142,-0.2522353227138057,0.3917200850636852
5-16C,9.0,130.0509,0.14057546698922702,0.03316430202175207
5-16C,9.0,130.0874,1.1241457666850352,0.16181057201669055
5-16C,9.0,131.0008,1.702044072376208,0.44512782313359994
5-16C,9.0,131.0123,1.9288356692277047,0.1310592266100116
5-16C,9.0,131.035,-1.3472333893848027,0.1455448611680987
5-16C,9.0,131.0462,-1.6229566161957019,0.2412476523777333
5-16C,9.0,131.0828,-0.5356005751589976,0.06289460878566494
5-16C,9.0,132.0302,0.22573648818707265,0.0761084806719253
5-16C,9.0,133.0142,-0.327018923779825,0.07246567693008965
5-16C,9.0,133.0257,-0.2629099800639715,0.057791861794581546
5-16C,9.0,133.0505,1.1887471113052348,0.05173780139788497
5-16C,9.0,134.0472,0.6464093790675274,0.29840213643431657
5-16C,9.0,134.0604,0.482340093872762,0.5229880911084049
5-16C,9.0,135.0302,1.3111784507312776,0.16378961503329276
5-16C,9.0,135.0453,1.6334511214087866,0.2196482626710593
5-16C,9.0,136.0404,0.3445963024183674,0.14011991989130954
5-16C,9.0,136.0487,2.256664266316439,0.43960991366184854
5-16C,9.0,136.0767,-0.2875173638667421,0.35835218385248696
5-16C,9.0,137.0239,0.3279628502694967,0.015886946300424486
5-16C,9.0,138.9789,0.6398042898049696,0.1497250970939782
5-16C,9.0,139.0014,2.9233078368104795,0.1318053469541705
5-16C,9.0,139.0067,-0.5402994844624214,0.06338979267378428
5-16C,9.0,139.976,1.0041694252004718,0.2390008031413703
5-16C,9.0,143.0713,-1.2244043256817871,0.2888461102574924
5-16C,9.0,143.1077,-0.04833017147593613,0.16136951580416073
5-16C,9.0,145.0141,0.3024611897071946,0.2437013416290999
5-16C,9.0,145.0506,1.6506333610984778,0.29254085619945397
5-16C,9.0,145.0623,0.6639490036027658,0.2838421233773483
5-16C,9.0,145.0982,-0.7335742240354951,0.0630603017238402
5-16C,9.0,145.1106,-0.3162645669250506,1.0045680018515672
5-16C,9.0,146.0459,0.15109541109873476,0.02233980284036983
5-16C,9.0,147.0298,1.2239426553428063,0.11083259259930538
5-16C,9.0,147.0662,0.6926059634357633,0.049257230305500506
5-16C,9.0,149.0092,-0.7861496975803179,0.16197101517285623
5-16C,9.0,149.0456,-1.6674266289004969,0.06984588344782736
5-16C,9.0,149.0608,-0.048860403464480846,0.10461668263898678
5-16C,9.0,150.0422,1.1305355738552547,0.6048127008540012
5-16C,9.0,150.9707,0.10881321391402257,0.3987904247696241
5-16C,9.0,151.0259,1.1767828800520026,0.2406408977180159
5-16C,9.0,151.04,0.28147653818169127,0.2870098021093373
5-16C,9.0,151.06,-0.44178801745518004,0.6906815052527019
5-16C,9.0,152.0353,0.21303402780528166,0.40792687139230704
5-16C,9.0,152.0716,-0.6966771833559053,0.2691372590182654
5-16C,9.0,153.0192,-1.1713016952103892,0.02938190922347297
5-16C,9.0,154.062,-0.5407800912067923,0.12632143035312904
5-16C,9.0,154.9751,1.6846992003491594,0.09960113058830952
5-16C,9.0,155.0099,-0.2592861266568211,0.02435316837163037
5-16C,9.0,157.0128,1.9613704064579967,0.23667549584949849
5-16C,9.0,157.0255,0.3562188142114313,0.09267373920564691
5-16C,9.0,157.0379,0.3729073799738606,0.04741018629426522
5-16C,9.0,157.0504,0.6629396408468369,0.13207376689811332
5-16C,9.0,159.0297,-1.2789813667299479,0.09971944251546151
5-16C,9.0,159.0775,1.3460191670387764,0.12719354822882373
5-16C,9.0,160.0616,0.38888620317937106,0.2995125783781931
5-16C,9.0,161.0453,-1.0231316971682438,0.056498453640746085
5-16C,9.0,162.0424,1.010416500830712,0.19516861844239297
5-16C,9.0,163.0351,-0.9619870937175188,0.18209853275999555
5-16C,9.0,163.0398,0.6086794093516983,0.031209968812753883
5-16C,9.0,163.0611,-0.049180955399995535,0.7208416703967618
5-16C,9.0,164.0716,1.1572795565951792,0.21258237343087472
5-16C,9.0,165.03,-0.04683419048630889,0.8019983218959121
5-16C,9.0,165.0405,-0.7149469373673345,0.20878761783265568
5-16C,9.0,165.0556,0.4060906543893646,0.2247606477999666
5-16C,9.0,166.0508,0.22595003685623255,0.17076969789984311
5-16C,9.0,166.0632,0.3750438492076736,0.5724158366548876
5-16C,9.0,166.9759,1.3029782279206397,0.4516193065176662
5-16C,9.0,167.0207,-0.6264946228547157,0.4830391510707521
5-16C,9.0,167.0358,-0.2221559259385837,0.17933424659028027
5-16C,9.0,167.0828,-0.7413219977240986,0.8210058308818382
5-16C,9.0,168.0277,0.3053068338336732,0.08409252511632609
5-16C,9.0,168.0664,-1.5132434172192541,0.5316687580465492
5-16C,9.0,170.0455,1.5390510499734014,0.06267618125933241
5-16C,9.0,171.0065,0.9373613854409782,0.13188365339818062
5-16C,9.0,171.0092,0.6928372804264644,0.2013175365870316
5-16C,9.0,171.0284,1.9179329073231899,0.1637196317600287
5-16C,9.0,172.0616,0.6753816489038962,0.17874240486327916
5-16C,9.0,172.962,1.2001364631195606,0.16382747639802128
5-16C,9.0,173.0089,1.1895428013368035,0.34325607210957454
5-16C,9.0,173.0453,0.33159722675444925,0.12390499535488339
5-16C,9.0,173.0932,1.3638301933022436,0.19833152421996625
5-16C,9.0,173.1041,-0.5436435837365834,0.09755335666428237
5-16C,9.0,174.0407,-0.13309570574300264,0.02239095979202652
5-16C,9.0,174.088,-0.6927299120009767,0.1419410608376107
5-16C,9.0,175.022,1.757052385841952,0.20542948541009853
5-16C,9.0,175.0361,0.45331066195991326,0.0434925200191995
5-16C,9.0,175.0611,0.4999768903470617,0.05644906783244187
5-16C,9.0,176.0776,0.6415929565059871,0.22345509855323553
5-16C,9.0,177.0402,-0.9252286483327932,0.252991692161889
5-16C,9.0,177.0553,0.387900727559207,1.2852522952762406
5-16C,9.0,178.0509,1.016393143405434,0.11792555375276897
5-16C,9.0,179.0348,-0.25867504950782816,0.1904411721501672
5-16C,9.0,179.0561,-1.4403665671413468,0.002092423978507722
5-16C,9.0,180.0663,-1.4045227994941225,0.018095321530431
5-16C,9.0,181.0505,0.636500863604226,0.29427893582332226
5-16C,9.0,182.9725,-1.1412686197098016,0.02776303856689492
5-16C,9.0,183.0661,-0.3073075214736628,0.6356920579779263
5-16C,9.0,184.0017,0.12107472519902608,0.049333459430257416
5-16C,9.0,184.9856,2.4894939721623452,0.19640144422878203
5-16C,9.0,186.1136,-0.887048320950067,0.576587478988725
5-16C,9.0,187.0234,0.9187231326437257,0.6131764355113508
5-16C,9.0,188.035,-0.3521210495126642,0.4739483645959712
5-16C,9.0,188.0565,0.18894634003872404,0.048782769278645936
5-16C,9.0,189.0405,-0.7771362707619736,0.06552555737037004
5-16C,9.0,191.0197,0.49043569086273286,0.15750096916208095
5-16C,9.0,191.0561,0.199340185933905,0.0427402755170627
5-16C,9.0,192.0663,-0.551973763006053,0.12721100384457365
5-16C,9.0,193.0349,-0.6917615086268526,0.5667116515488732
5-16C,9.0,194.0682,1.6353661275333071,0.2038615630876898
5-16C,9.0,194.0822,-0.704909358808874,0.45091360948190434
5-16C,9.0,195.0509,-1.0936585052337526,0.14448920590555012
5-16C,9.0,195.0657,-0.006668946522107207,0.5893485063454756
5-16C,9.0,196.0603,0.19325271446741166,0.14043824777856148
5-16C,9.0,198.0182,2.6682441524316856,0.4371489822119247
5-16C,9.0,199.0019,2.526433027144937,0.26771443139653245
5-16C,9.0,200.9937,-0.15977527714538772,0.21641339442765725
5-16C,9.0,201.0051,1.775967922194023,0.7672469408182006
5-16C,9.0,203.0348,0.978005142985729,0.09251120317843667
5-16C,9.0,203.0826,-0.07433488650502805,0.01250340262075435
5-16C,9.0,204.0498,-1.1692442370213905,0.15925339065829275
5-16C,9.0,205.0351,-0.2963497079767101,0.1427946899498539
5-16C,9.0,206.0822,-1.4584299810621235,0.968751873150705
5-16C,9.0,209.0292,1.6558168953977606,0.2918129110166294
5-16C,9.0,209.0814,-0.5106637637172294,0.1374813978489511
5-16C,9.0,211.0235,2.0092509812149966,0.19784880810021893
5-16C,9.0,211.9968,0.3293195044576488,0.14465894715367583
5-16C,9.0,212.0331,0.22235845686215666,0.5735878130632754
5-16C,9.0,212.9807,2.239760109867624,0.25118592959132524
5-16C,9.0,213.014,1.89496832721858,0.5431017650108614
5-16C,9.0,213.0384,2.3051171166191224,0.8228685848824949
5-16C,9.0,213.1252,-1.1324762934422286,0.7245118277139185
5-16C,9.0,214.0488,0.41788412113613427,0.4998929395423034
5-16C,9.0,215.0331,-1.5590142132129745,0.0005409246777900023
5-16C,9.0,216.1351,-0.8482939899525122,0.21444296711032715
5-16C,9.0,218.0335,-1.5064428735951516,0.0013655516413567908
5-16C,9.0,218.1034,0.3003675358960427,0.07251639421671287
5-16C,9.0,220.0828,-0.37700816739076404,0.2599186008106808
5-16C,9.0,221.0443,-1.3170497704798825,0.047645377328870094
5-16C,9.0,221.0664,0.14908059610468702,0.5541278493353041
5-16C,9.0,225.0399,-0.08027931906691216,0.7468148223038912
5-16C,9.0,225.0861,0.9431850999112985,0.697503275175193
5-16C,9.0,225.0901,-0.14745889995384442,0.41262189543830785
5-16C,9.0,226.0135,1.3159680431135397,0.26378190855641714
5-16C,9.0,226.0697,-0.3185996543595314,0.15692184640794268
5-16C,9.0,228.0501,0.4381788814703631,0.28251866559303646
5-16C,9.0,229.0122,0.8097602003424993,0.4422114053082718
5-16C,9.0,237.0614,0.6778133062788367,0.2469572230213914
5-16C,9.0,238.0945,-0.592027074674617,0.10982840072357145
5-16C,9.0,240.0515,0.2776536325313653,0.04926382189883025
5-16C,9.0,241.0844,1.060625632061415,0.4417145180868156
5-16C,9.0,242.0804,-0.20441076805051994,0.3228938532794501
5-16C,9.0,243.029,2.2655562459859664,0.3542676198854479
5-16C,9.0,243.0625,0.8406109387947385,0.19869963486391692
5-16C,9.0,245.0444,2.3044021083254442,0.3605743733348881
5-16C,9.0,246.0198,0.6083081728111586,0.21316168250550266
5-16C,9.0,246.064,-1.233463489098905,0.009777855900946668
5-16C,9.0,251.0816,-0.6222220490509285,0.20167563765272095
5-16C,9.0,253.0119,-0.06387962082698073,0.03614124717304026
5-16C,9.0,253.0499,-1.2120371562150258,0.9183782792201386
5-16C,9.0,257.0072,1.300239309082765,0.44807469866775596
5-16C,9.0,257.1028,-1.0636722170165551,0.48910796309658555
5-16C,9.0,259.005,2.032353287713518,0.4769024993278573
5-16C,9.0,259.0227,-1.1242628527678682,0.05047262398977951
5-16C,9.0,261.0385,0.35876002605084645,0.088310642140823
5-16C,9.0,266.0703,0.4395139410501432,0.2398920305917505
5-16C,9.0,267.0724,-0.6865387090658422,0.02928494320534527
5-16C,9.0,268.02,0.7335256634960998,0.47701744247853933
5-16C,9.0,269.0398,2.9082785248048837,0.5393628019287802
5-16C,9.0,271.0612,-0.6986088192015748,0.16485759342404166
5-16C,9.0,271.0815,-0.89822567768776,0.805412311338061
5-16C,9.0,273.0021,1.8942105568067675,0.29638264486959554
5-16C,9.0,274.0933,-0.21409538681727502,0.3234286530923364
5-16C,9.0,275.0184,1.5117529407292838,1.0621833677830848
5-16C,9.0,275.0991,1.3756355946425982,0.33719841670549155
5-16C,9.0,277.1207,-1.114830914327091,0.024777420412232087
5-16C,9.0,277.2169,-0.782803079404508,0.26176533126119644
5-16C,9.0,279.2331,-0.3011481478844896,0.02669238126198678
5-16C,9.0,282.0839,-0.862801348475829,0.21290818321386043
5-16C,9.0,283.2063,-0.3005018812141457,0.32606368805281105
5-16C,9.0,285.0972,-0.48295907005512656,0.5766362180580554
5-16C,9.0,287.0157,-0.5778481607016867,0.5091821681299138
5-16C,9.0,288.0725,0.1989942989815317,0.13589312910240786
5-16C,9.0,289.0333,0.07162650228774609,0.4566551832968955
5-16C,9.0,289.1044,0.7443544474809531,0.3554422493403125
5-16C,9.0,290.9677,0.20999806254086165,0.09576121274351508
5-16C,9.0,294.0479,-1.3144698742165362,0.19267005472301169
5-16C,9.0,300.0509,-0.768959279688459,0.6673154106557956
5-16C,9.0,301.0333,-0.5627692982803932,0.8601439860952784
5-16C,9.0,303.2326,-0.2770227257279496,0.18013395157979428
5-16C,9.0,305.0207,-1.3138394313235813,0.0297188687733153
5-16C,9.0,306.0481,0.39687169193065774,0.35638069550855234
5-16C,9.0,306.0765,1.5294164251533355,0.061449683026022335
5-16C,9.0,308.0986,-0.39754965784186497,0.01774483771162367
5-16C,9.0,313.0441,-0.03355317965533858,0.47266365460471227
5-16C,9.0,313.1037,0.5185948408294861,0.46564137071293327
5-16C,9.0,317.026,-0.5257737463347497,0.4824234595262498
5-16C,9.0,323.0256,0.4927851258958327,0.7681530192196304
5-16C,9.0,325.1163,0.3270628081233068,0.2581549336927148
5-16C,9.0,328.0457,0.5182572090650779,0.23672711490023973
5-16C,9.0,333.0589,1.5069994612022213,0.32250650396627506
5-16C,9.0,338.9884,1.0012192451633146,0.2441964488610367
5-16C,9.0,339.0928,-0.6767228113427433,0.5585175449889708
5-16C,9.0,341.1089,-0.08335179527596102,0.15638573519742932
5-16C,9.0,344.0393,0.4413267924366898,0.29704539752628284
5-16C,9.0,346.0556,-0.2767962282799118,0.3120027534426348
5-16C,9.0,348.087,0.7408669759145576,0.20491843985270683
5-16C,9.0,353.0489,0.03033917619683172,0.686098898041541
5-16C,9.0,357.089,0.5965417009093001,0.30830314373226264
5-16C,9.0,375.131,0.1082989519000488,0.1320086700699206
5-16C,9.0,377.1496,-0.6277803935446008,0.5685306510000093
5-16C,9.0,383.1188,-0.379041700813679,0.3141146548573517
5-16C,9.0,388.9416,1.004024086326578,0.3300570196545418
5-16C,9.0,388.9442,0.575646437682967,0.36598435316656397
5-16C,9.0,401.0756,-1.2036255920344576,0.015218794412740528
5-16C,9.0,407.2795,-0.819084150112199,0.23450764631722698
5-16C,9.0,421.0743,1.0317025569690437,1.0756755819418835
5-16C,9.0,426.0222,0.6279343701548397,0.742687449980484
5-16C,9.0,442.9997,-0.06476590860507797,0.2316105121080646
5-16C,9.0,466.9657,-1.2243421662266254,0.0931177723080069
5-16C,9.0,490.9787,-0.15105766253813263,1.3320510569108375
5-16C,9.0,503.1614,-0.08359912697961579,0.2082984785148425
5-16C,9.0,547.0731,1.2896730659528421,0.2782824370219322
5-16C,9.0,565.0471,0.5397575205164699,0.426411443603364
5-16C,9.0,578.8872,-1.2442106891265068,0.049619865313204045
5-16C,9.0,579.0269,-0.9684673222659058,0.0483576962267775
5-16C,9.0,612.2549,0.5701636048083967,0.6050661270818183
5-16C,9.0,624.2949,1.7524309653031214,0.7260279002196622
5-16C,9.0,659.307,-0.6829584185425042,0.10550363232122327
5-16C,9.0,664.0939,1.1596062312146955,0.8058121596990091
5-16C,9.0,665.2144,2.1114168817398333,0.8484044370803867
5-16C,9.0,668.1374,0.8143376404146265,0.034650224862502986
5-16C,9.0,787.255,-0.8293280446642268,0.17025802965238643
5-16C,9.0,790.2568,-0.658371233838773,0.2747132360895633
5-16C,9.0,835.0407,1.7578810035742742,0.3961116168601426
5-16C,9.0,863.2971,2.231423463807634,0.3838320005766155
5-16C,9.0,864.1473,1.0861886104642844,0.6289924864992475
5-16C,9.0,974.2935,0.9363444212898326,0.2225236084038993
5-16C,9.0,976.7162,-1.3600449033394937,0.03905653974108369
5-16C,10.0,57.0342,-1.2665151021927485,0.3780393319146035
5-16C,10.0,58.0295,-0.14054396592237148,0.2768933730132223
5-16C,10.0,59.0135,-0.344568130920535,0.15073719281401574
5-16C,10.0,71.0137,-1.2240064861621793,0.05758689125594217
5-16C,10.0,73.0293,1.134149112389519,0.10997583406714463
5-16C,10.0,74.0247,1.0095484187154766,0.7837041325799565
5-16C,10.0,75.0087,-0.8045501839837268,0.12068442679414786
5-16C,10.0,87.0088,-0.5394129312359359,0.011177092098154196
5-16C,10.0,87.0451,-1.559544012967471,0.5521884463975923
5-16C,10.0,88.0403,2.532282321922016,0.15664295558786653
5-16C,10.0,88.9883,0.1071248680351426,0.1306276556217677
5-16C,10.0,89.0244,-1.5797085197622918,0.03908450194499262
5-16C,10.0,93.0338,-0.021802351196309768,0.016899891042440548
5-16C,10.0,94.9761,-1.2475802776547553,0.3608368832249733
5-16C,10.0,94.9806,0.9743086181713808,0.3328101983319725
5-16C,10.0,95.0139,-1.4547393304801581,0.03424433994188085
5-16C,10.0,101.0242,-1.8564317778764177,0.035021084382540375
5-16C,10.0,102.056,3.4650676389166613,0.11704806085413896
5-16C,10.0,103.0402,1.0115497738194945,0.05962447227695555
5-16C,10.0,103.0509,1.1953764267558555,0.230073009546199
5-16C,10.0,104.0352,0.3790957954392612,0.14355501814152255
5-16C,10.0,105.0193,-0.4978450215560111,0.7131820267399558
5-16C,10.0,107.0503,-0.8838461904452855,0.6371046580453945
5-16C,10.0,109.0295,-0.16362758488018728,0.059194685397933364
5-16C,10.0,111.02,0.01244697624691439,0.04844124282108553
5-16C,10.0,112.0516,-1.3252067382302732,0.7404541782068622
5-16C,10.0,113.0244,-1.4726820119725523,0.00439694347876357
5-16C,10.0,113.0357,-0.053339848334821055,0.05131320321874664
5-16C,10.0,114.056,-0.23503449108518304,0.004191129067170944
5-16C,10.0,115.0037,3.022823343959968,0.11748252074426778
5-16C,10.0,115.0402,-0.3764570564137062,0.5248142621344462
5-16C,10.0,115.0764,-0.9720634441487421,0.9224065242974163
5-16C,10.0,116.0354,1.8211858632137947,0.5250708320146955
5-16C,10.0,116.0717,2.1411665729307,0.1548244583237195
5-16C,10.0,117.0194,1.222829542998937,0.05475308919786467
5-16C,10.0,118.0508,1.7595320021942344,0.3754733781987556
5-16C,10.0,118.9804,-1.410285331263096,0.009417234818444177
5-16C,10.0,119.0503,1.0618434622698276,0.36011697621568095
5-16C,10.0,120.9273,-0.338299450602023,0.08706780634491869
5-16C,10.0,121.0295,-1.2575516588219497,0.6908235066827337
5-16C,10.0,121.0409,-1.6367038953807589,0.4958148527126911
5-16C,10.0,122.0248,-1.5094647474978353,0.3364450908888003
5-16C,10.0,124.0075,-0.9055850993448379,0.1587706645734776
5-16C,10.0,124.0144,-1.7234462816226663,0.09225339414539867
5-16C,10.0,125.0439,-1.7439112567474377,0.2244977032790044
5-16C,10.0,127.0764,-1.0884042197508537,0.2404502742544009
5-16C,10.0,128.0354,0.12314284763417163,0.04063683905928255
5-16C,10.0,129.0193,1.5861627123479498,0.3961667110191914
5-16C,10.0,129.0556,-0.17172558146807015,0.849194706924321
5-16C,10.0,130.0142,-0.18891634755175457,0.6269180189182161
5-16C,10.0,130.0509,0.37336564385289567,0.13049782549737318
5-16C,10.0,130.0874,1.2460726120855674,0.2754154989902839
5-16C,10.0,131.0008,-0.46900487105414546,0.14995901546328827
5-16C,10.0,131.0123,-0.34962186471460116,0.11320322892102429
5-16C,10.0,131.035,-1.729141546130101,0.045609022483566464
5-16C,10.0,131.0462,-1.7808119044941384,0.2953398220312537
5-16C,10.0,131.0828,0.10673162754074603,0.22631467943223849
5-16C,10.0,132.0302,0.5712336481020226,0.014049985919330188
5-16C,10.0,133.0142,1.2838099503062457,0.2102122757904412
5-16C,10.0,133.0257,1.0017590130827443,0.2220298237128515
5-16C,10.0,133.0505,0.7277791117818134,0.12242545650733189
5-16C,10.0,134.0472,-0.04378000024712247,0.052302673900703034
5-16C,10.0,134.0604,0.9927355913280272,0.5090891006245746
5-16C,10.0,135.0302,1.5436971600196443,0.17621605530684495
5-16C,10.0,135.0453,1.5193791712962614,0.2367450175518345
5-16C,10.0,136.0404,-0.20019816298190526,0.06671972463107906
5-16C,10.0,136.0487,1.1807697045081988,0.4739350406774196
5-16C,10.0,136.0767,-0.8150246381056928,0.6688935642601994
5-16C,10.0,137.0239,0.02286904342975587,0.114644867291414
5-16C,10.0,138.9789,0.22918582252766853,0.37921762426071787
5-16C,10.0,139.0014,1.8713857382556613,0.11544742790877219
5-16C,10.0,139.0067,-0.5535386492258024,0.06640432364833061
5-16C,10.0,139.976,-0.286616650604381,0.4745524495048763
5-16C,10.0,143.0713,-0.9804931578014128,0.39750349003372565
5-16C,10.0,143.1077,-0.8893933898905244,0.4076149102190116
5-16C,10.0,145.0141,-0.17144469251789993,0.09607428539741944
5-16C,10.0,145.0506,2.861208776140293,0.028034313016061893
5-16C,10.0,145.0623,1.9290995436240144,0.2869773225252701
5-16C,10.0,145.0982,-0.007023612578201717,0.163768982590675
5-16C,10.0,145.1106,-0.3258709630478614,1.2065888682490855
5-16C,10.0,146.0459,3.0700501013237123,0.06707318321500827
5-16C,10.0,147.0298,1.5063971656322246,0.13569528734217123
5-16C,10.0,147.0662,0.0039145618567837815,0.033948051517728464
5-16C,10.0,149.0092,-1.7208442615512543,0.20312651975923704
5-16C,10.0,149.0456,-1.6164564336735532,0.09782911836534461
5-16C,10.0,149.0608,-0.7893512270928175,0.044105288182175004
5-16C,10.0,150.0422,0.3699112350175092,0.40888952571344894
5-16C,10.0,150.9707,0.17820213536320081,0.5370812470451126
5-16C,10.0,151.0259,2.897512558902135,0.3590334430080346
5-16C,10.0,151.04,0.20504347944750892,0.3535717163078085
5-16C,10.0,151.06,0.12371943058668358,0.21923695078745706
5-16C,10.0,152.0353,-0.37672593126903153,0.5881504012977705
5-16C,10.0,152.0716,-1.5863376241067935,0.36408227167737156
5-16C,10.0,153.0192,-1.2327176770968664,0.056129738242597656
5-16C,10.0,154.062,-0.1679058620303,0.14921220129904228
5-16C,10.0,154.9751,1.1606980387570676,0.08624994932912938
5-16C,10.0,155.0099,-0.0910169904670055,0.0321137512381836
5-16C,10.0,157.0128,-0.35124356566087633,0.08640244539169742
5-16C,10.0,157.0255,0.3683862247190191,0.04527179512474646
5-16C,10.0,157.0379,0.30621224896213317,0.03678017844744788
5-16C,10.0,157.0504,0.6442830697283312,0.06622877962812991
5-16C,10.0,159.0297,-1.733500323960892,0.034415356544444574
5-16C,10.0,159.0775,2.5382134339764537,0.1261722299151144
5-16C,10.0,160.0616,1.0630656747900593,1.1002612983861486
5-16C,10.0,161.0453,-1.0643100661340783,0.19894908216057205
5-16C,10.0,162.0424,1.2328207472283212,0.39776006320159224
5-16C,10.0,163.0351,-1.0696029256521158,0.18810522363056054
5-16C,10.0,163.0398,0.18813311725532114,0.11956373717210546
5-16C,10.0,163.0611,-0.5602568772485319,0.8933060603616116
5-16C,10.0,164.0716,2.289234970894172,0.25081282216088147
5-16C,10.0,165.03,-1.023884821750207,0.6214867993120887
5-16C,10.0,165.0405,-1.0719738945621529,0.13336449294042288
5-16C,10.0,165.0556,0.38293473439462306,0.15964875288564412
5-16C,10.0,166.0508,-0.1591334048682629,0.15738529469804444
5-16C,10.0,166.0632,0.34680801684587864,0.4821429771187409
5-16C,10.0,166.9759,1.8126375162403967,0.6476865246756913
5-16C,10.0,167.0207,0.6234410023910774,0.31366896212811773
5-16C,10.0,167.0358,-0.99487876756954,0.21060483404210711
5-16C,10.0,167.0828,-0.40425104244644383,0.24723232925166436
5-16C,10.0,168.0277,2.9611850498533347,0.15593314499495003
5-16C,10.0,168.0664,-0.6370741054299639,0.20760377577367564
5-16C,10.0,170.0455,2.4697958853032813,0.043244649115660665
5-16C,10.0,171.0065,2.153287545643634,0.20911932612232229
5-16C,10.0,171.0092,1.9376294389669944,0.4757922516774519
5-16C,10.0,171.0284,-0.09055167806095986,0.06902902101798966
5-16C,10.0,172.0616,0.19797508790714186,0.39154001874275796
5-16C,10.0,172.962,3.888350324361902,0.16556062012643583
5-16C,10.0,173.0089,3.5236795267158434,0.3845818752932746
5-16C,10.0,173.0453,1.1785418990636534,0.17628089630095817
5-16C,10.0,173.0932,2.242730861846005,0.0987868299073545
5-16C,10.0,173.1041,0.10252224796957854,0.10266899044118212
5-16C,10.0,174.0407,-0.062005577144986244,0.008146084665867382
5-16C,10.0,174.088,0.008673544435781794,0.05386922189331212
5-16C,10.0,175.022,1.4522735810176,0.37561570620718665
5-16C,10.0,175.0361,0.46681942522245284,0.020513839374943752
5-16C,10.0,175.0611,0.6012886366791255,0.012239507207342215
5-16C,10.0,176.0776,0.5932114946066359,0.15003462543665205
5-16C,10.0,177.0402,-1.819277815121699,0.04165055279754361
5-16C,10.0,177.0553,0.4658897550469999,0.4271665847059171
5-16C,10.0,178.0509,0.802778598562687,0.013762043107179727
5-16C,10.0,179.0348,-0.7789760075801878,0.21453389929008096
5-16C,10.0,179.0561,-1.4393819892556157,0.0030777133195356633
5-16C,10.0,180.0663,-1.3268867025958178,0.021448214777196998
5-16C,10.0,181.0505,0.3327772554460815,0.17659555679765948
5-16C,10.0,182.9725,-1.229105538865354,0.08683878930311606
5-16C,10.0,183.0661,-0.8836191788212326,0.403202551838693
5-16C,10.0,184.0017,2.9634476591939674,0.16910789907934717
5-16C,10.0,184.9856,0.3493006555090749,0.2215791324084788
5-16C,10.0,186.1136,-0.8847922939996232,0.45939009493647454
5-16C,10.0,187.0234,-0.43868673379468986,0.5250473866305702
5-16C,10.0,188.035,0.5533017935535286,0.7178343705510282
5-16C,10.0,188.0565,0.4182021626789691,0.019403820237860844
5-16C,10.0,189.0405,-0.7204090645143804,0.06503731550884614
5-16C,10.0,191.0197,3.5806986106643484,0.3421968702953789
5-16C,10.0,191.0561,0.2490024388001981,0.17090606347384124
5-16C,10.0,192.0663,-0.6933474830546853,0.8371604883623183
5-16C,10.0,193.0349,0.13422613804425265,0.4072145784429802
5-16C,10.0,194.0682,0.4489302583080355,0.19789617284172056
5-16C,10.0,194.0822,-1.1513240678091512,0.2691981400987327
5-16C,10.0,195.0509,-1.1018305853875023,0.014444706469180925
5-16C,10.0,195.0657,-1.2681995059141764,0.4312514684330782
5-16C,10.0,196.0603,0.10490417668945264,0.030225205429316747
5-16C,10.0,198.0182,1.0113646377118561,0.1936743272189133
5-16C,10.0,199.0019,-0.25801764499799046,0.4468058471590316
5-16C,10.0,200.9937,-0.4892125103316454,0.0690152029136548
5-16C,10.0,201.0051,0.5032151481767007,0.3349140399062609
5-16C,10.0,203.0348,-1.2140581064089502,0.2876050284736181
5-16C,10.0,203.0826,-0.05694082221819354,0.010133605871304149
5-16C,10.0,204.0498,-1.2341734258757282,0.08064725817029468
5-16C,10.0,205.0351,0.02727060699197588,0.12385285126129603
5-16C,10.0,206.0822,-0.9399529869455695,0.8823797288297464
5-16C,10.0,209.0292,-0.6330506489785136,0.266604906391406
5-16C,10.0,209.0814,-1.2958000189662717,0.36127577064388355
5-16C,10.0,211.0235,-0.16537319687814522,0.4470425365831564
5-16C,10.0,211.9968,0.21371585296914028,0.03385218517177853
5-16C,10.0,212.0331,0.716475081162723,0.5030667621238358
5-16C,10.0,212.9807,2.275094387643291,0.08895261902840279
5-16C,10.0,213.014,-0.47595173179264844,0.25725092828299945
5-16C,10.0,213.0384,-0.5544376532595308,0.19716929177790524
5-16C,10.0,213.1252,-0.9840171715175443,0.420850786734992
5-16C,10.0,214.0488,0.2728197543278118,0.11125902129960898
5-16C,10.0,215.0331,-1.5515289533289347,0.0024376085263204225
5-16C,10.0,216.1351,-1.0689943313747794,0.21935935085804328
5-16C,10.0,218.0335,-1.4980936882531537,0.0010771606025958957
5-16C,10.0,218.1034,-0.21920660090912697,0.04514128229127253
5-16C,10.0,220.0828,-0.5864266246177129,0.13238690087326915
5-16C,10.0,221.0443,-1.2485903807062155,0.03443291051538874
5-16C,10.0,221.0664,-1.2302773658339066,0.10109632865487099
5-16C,10.0,225.0399,-0.727864731757775,0.24841813935085377
5-16C,10.0,225.0861,-0.5248408429192982,0.40450316954668164
5-16C,10.0,225.0901,-0.5107067394455216,0.4203435662847689
5-16C,10.0,226.0135,1.7510695724120449,0.07300595201768675
5-16C,10.0,226.0697,-1.5793661911309036,0.0933775335487292
5-16C,10.0,228.0501,1.8274443347304952,0.3668724175989464
5-16C,10.0,229.0122,0.4787198220550042,0.2187415787317762
5-16C,10.0,237.0614,0.8504366239373004,0.2914641518368436
5-16C,10.0,238.0945,-0.5166297974423613,0.09880905640865015
5-16C,10.0,240.0515,0.39097173489374637,0.03266791437465812
5-16C,10.0,241.0844,0.5603701337854978,0.4447311473323243
5-16C,10.0,242.0804,-0.13231003630254454,0.742663786806638
5-16C,10.0,243.029,-0.2859982470760527,0.3758131668948489
5-16C,10.0,243.0625,0.8190712629806993,0.21888862063123757
5-16C,10.0,245.0444,0.40635222540531246,0.26290514451044106
5-16C,10.0,246.0198,0.924277718672248,0.664464351533004
5-16C,10.0,246.064,-1.2333659663870258,0.00772416736548472
5-16C,10.0,251.0816,-0.6940827552121129,0.3388963234004805
5-16C,10.0,253.0119,-0.10454556703800495,0.039704852247999606
5-16C,10.0,253.0499,-0.893244507559425,0.9389090081508217
5-16C,10.0,257.0072,1.8490653887440154,0.5412031603010401
5-16C,10.0,257.1028,-0.4222350537217546,0.27330318461971437
5-16C,10.0,259.005,-0.3083386313888314,0.40357435621652404
5-16C,10.0,259.0227,-1.3870975608063911,0.06204738233126754
5-16C,10.0,261.0385,0.21663644032399718,0.023726395314379936
5-16C,10.0,266.0703,0.7398789567838953,0.41884511365799043
5-16C,10.0,267.0724,-0.7086638724903055,0.025038611653846066
5-16C,10.0,268.02,0.5049025846127067,0.7624787002094711
5-16C,10.0,269.0398,-0.1998521439602494,0.22836362027836987
5-16C,10.0,271.0612,-0.17841863874721917,0.45997296682539734
5-16C,10.0,271.0815,-0.8348198951864249,0.3080693870196125
5-16C,10.0,273.0021,1.231522077446563,0.14321441071844196
5-16C,10.0,274.0933,-0.2541498830515505,0.3425004838967435
5-16C,10.0,275.0184,-0.3831071746861022,0.3467939397926129
5-16C,10.0,275.0991,-0.17041400391310974,0.17907785365043385
5-16C,10.0,277.1207,-1.1091099124139887,0.02341195054288866
5-16C,10.0,277.2169,-0.7485627898261683,0.12016856878599537
5-16C,10.0,279.2331,-0.2179205602299642,0.021920848656671953
5-16C,10.0,282.0839,-0.5977718953505061,0.2818184919350863
5-16C,10.0,283.2063,0.36923494055446227,0.13984131951112355
5-16C,10.0,285.0972,-0.36460865572949047,0.7207019452453285
5-16C,10.0,287.0157,-1.3519910681436154,0.19992485416952344
5-16C,10.0,288.0725,0.008653391582074923,0.1067001716553802
5-16C,10.0,289.0333,-0.01535193114727457,0.6718595278271302
5-16C,10.0,289.1044,0.7069682200615639,0.5157780340542719
5-16C,10.0,290.9677,0.030665512907694984,0.05419977983050551
5-16C,10.0,294.0479,-1.0860098868936967,0.23495955520974818
5-16C,10.0,300.0509,-0.4893021782919254,0.976516004045745
5-16C,10.0,301.0333,-1.0242878772446213,0.46635982971107415
5-16C,10.0,303.2326,-0.2730682445075037,0.27337779655611966
5-16C,10.0,305.0207,-1.346742136851054,0.1014206988563182
5-16C,10.0,306.0481,0.5329690588275069,0.1741185408989159
5-16C,10.0,306.0765,-0.2376632968166454,0.04042487375788506
5-16C,10.0,308.0986,-0.39791256701122385,0.01075565293986512
5-16C,10.0,313.0441,-0.5360218065997833,0.1373430920801853
5-16C,10.0,313.1037,1.7447731707758278,0.5579591287842623
5-16C,10.0,317.026,0.05469036296441612,0.7318637657219783
5-16C,10.0,323.0256,-0.31558991183812785,0.3154919961786543
5-16C,10.0,325.1163,0.6512930971290307,0.23828707769763352
5-16C,10.0,328.0457,1.3330286293834859,0.3052976406513278
5-16C,10.0,333.0589,0.8404652477098871,0.2955272063687236
5-16C,10.0,338.9884,0.8367954737423275,0.13142258340836788
5-16C,10.0,339.0928,-0.13965992137148792,0.7201131045830718
5-16C,10.0,341.1089,-0.5855809402353064,0.05496735434376777
5-16C,10.0,344.0393,1.2373419606184621,0.09266364038501519
5-16C,10.0,346.0556,-0.3344821233601559,0.09725440968207974
5-16C,10.0,348.087,1.0723039378561678,0.6377388274105932
5-16C,10.0,353.0489,0.2121066872262799,0.7919072267722195
5-16C,10.0,357.089,1.3240001597047215,0.4962792040705818
5-16C,10.0,375.131,0.4215237549906475,0.6482240709684618
5-16C,10.0,377.1496,-0.06987476871191071,0.46141432532043675
5-16C,10.0,383.1188,-0.9439247701957821,0.3374812241541397
5-16C,10.0,388.9416,-0.12140011951761251,0.18117995658492464
5-16C,10.0,388.9442,-0.29603491007964206,0.25449827948552206
5-16C,10.0,401.0756,-1.1842585636030976,0.039094339688843974
5-16C,10.0,407.2795,-0.22145344242724277,0.2870458032350644
5-16C,10.0,421.0743,0.8550753438534152,0.7939931535833545
5-16C,10.0,426.0222,0.20085692165938443,0.5299512541692467
5-16C,10.0,442.9997,-0.13131797353418226,0.1788303962681681
5-16C,10.0,466.9657,-1.4138999266465935,0.09222149151820046
5-16C,10.0,490.9787,-0.3172881704757789,1.0393097260372928
5-16C,10.0,503.1614,-0.26140418163124657,0.26569227037807336
5-16C,10.0,547.0731,1.247859330367936,0.1401650365043468
5-16C,10.0,565.0471,0.36491687567680814,0.5929319723033598
5-16C,10.0,578.8872,-1.3267945883003085,0.021486804028242126
5-16C,10.0,579.0269,-0.9389047315810887,0.03858445120675334
5-16C,10.0,612.2549,1.455092881888912,0.716776049826344
5-16C,10.0,624.2949,1.2352344521807905,0.15619493291497932
5-16C,10.0,659.307,-0.8156955844962082,0.09342924151003969
5-16C,10.0,664.0939,0.611156994097185,0.02126095660301874
5-16C,10.0,665.2144,0.7106418639916964,0.1171821078644485
5-16C,10.0,668.1374,0.5659119651899236,0.025079966699285545
5-16C,10.0,787.255,-0.7092721420423082,0.36669439328971754
5-16C,10.0,790.2568,-0.6196204988396115,0.20844843379018327
5-16C,10.0,835.0407,1.7268694613688687,0.6555443883395409
5-16C,10.0,863.2971,1.4587924112346027,0.13758828438715223
5-16C,10.0,864.1473,0.4666233304573498,0.18216597689971095
5-16C,10.0,974.2935,0.3531094639505267,0.1839560466445175
5-16C,10.0,976.7162,-1.3909807511076133,0.06607989264656834
5-17A,1.0,57.0342,1.0457675651633023,0.2950048205836723
5-17A,1.0,58.0295,-1.0549041811261746,0.22879779303806838
5-17A,1.0,59.0135,0.8344467803947866,0.19248432090476106
5-17A,1.0,71.0137,0.8904632934120578,0.08658092378724788
5-17A,1.0,73.0293,-0.9537666523686548,0.005903171473487909
5-17A,1.0,74.0247,-1.0188548785816847,0.3014949688858968
5-17A,1.0,75.0087,-1.1577605229132115,0.5625852955294125
5-17A,1.0,87.0088,-0.6804845364807386,0.0016030325761187607
5-17A,1.0,87.0451,0.23130300127127051,0.3864161764869975
5-17A,1.0,88.0403,-0.9446771394192734,0.013613170454469336
5-17A,1.0,88.9883,0.5517894954203277,0.8256564879847963
5-17A,1.0,89.0244,-0.2958383849610747,0.04632325094901355
5-17A,1.0,93.0338,-0.08902922042867506,0.004852843312450077
5-17A,1.0,94.9761,-1.138992655679338,0.34690215663894003
5-17A,1.0,94.9806,1.1138761476734986,0.3249387265889057
5-17A,1.0,95.0139,0.912913533018934,0.1497052413583868
5-17A,1.0,101.0242,1.16002922514027,0.34402640207131296
5-17A,1.0,102.056,-0.512442331999069,0.06159840245353857
5-17A,1.0,103.0402,-0.9927110451305492,0.02960840160965238
5-17A,1.0,103.0509,-1.0278088076227812,0.10967898476191555
5-17A,1.0,104.0352,1.0801528866489578,0.49905117434278856
5-17A,1.0,105.0193,-1.469697092117958,0.2751796874380432
5-17A,1.0,107.0503,-0.4338530174611061,0.5544483935865124
5-17A,1.0,109.0295,-1.1379059494468522,0.0580866606239005
5-17A,1.0,111.02,-1.2113249827432133,0.002420007987899289
5-17A,1.0,112.0516,-0.2314542576999947,0.5941484394941835
5-17A,1.0,113.0244,1.0103626369568934,0.07967667987748278
5-17A,1.0,113.0357,-1.1197294407031744,0.03484240765732531
5-17A,1.0,114.056,-0.2445733236201736,0.0007996097617035857
5-17A,1.0,115.0037,-0.9125806952728663,0.039721246418759036
5-17A,1.0,115.0402,-0.26273978309683743,0.6040951971864656
5-17A,1.0,115.0764,0.8216521200553195,0.3998671761530374
5-17A,1.0,116.0354,-1.044422786014679,0.3085711636624602
5-17A,1.0,116.0717,-0.7629261286199915,0.016091975143278564
5-17A,1.0,117.0194,-0.9451973073344877,0.0020889348595634558
5-17A,1.0,118.0508,-1.0439102306322936,0.04660590400169463
5-17A,1.0,118.9804,0.9420880529143123,0.18325783356764222
5-17A,1.0,119.0503,0.3216369746365866,0.3578808497478123
5-17A,1.0,120.9273,-0.1032917124295209,0.7355020014972451
5-17A,1.0,121.0295,0.7652401136750535,0.4804986506883026
5-17A,1.0,121.0409,0.9685628965690882,0.37286405225578123
5-17A,1.0,122.0248,-1.766418311503147,0.1842862204141287
5-17A,1.0,124.0075,0.29919002560327856,0.49134319615204597
5-17A,1.0,124.0144,-0.01679571558954892,0.17064430760568358
5-17A,1.0,125.0439,-1.2064445558260002,0.11785319194585155
5-17A,1.0,127.0764,0.7320973347284319,0.6389357236024891
5-17A,1.0,128.0354,-0.22432402052166833,0.010786407095123142
5-17A,1.0,129.0193,-1.262131001948384,0.09352849181851042
5-17A,1.0,129.0556,0.1962749203323051,0.676325417972969
5-17A,1.0,130.0142,-0.7625117696079828,0.2309159406649174
5-17A,1.0,130.0509,-1.073942190467268,0.010439489066542379
5-17A,1.0,130.0874,-0.7567006246696084,0.03815044367741384
5-17A,1.0,131.0008,-0.10296769746499485,0.9379142669163488
5-17A,1.0,131.0123,-0.7073357096981273,0.05642143506311675
5-17A,1.0,131.035,0.029514460080199516,0.12048113734784095
5-17A,1.0,131.0462,0.04900707750295785,0.23054000419821036
5-17A,1.0,131.0828,0.8634927674381653,0.4103430808907932
5-17A,1.0,132.0302,-1.217909188902027,0.009624280644228708
5-17A,1.0,133.0142,-0.539684970852283,0.07729250747079155
5-17A,1.0,133.0257,-0.6719720778900491,0.06092273569103196
5-17A,1.0,133.0505,-1.3347236764347756,0.008688386238754304
5-17A,1.0,134.0472,-1.1637446701280347,0.19440943688294152
5-17A,1.0,134.0604,-1.8256773357728249,0.3793955520704687
5-17A,1.0,135.0302,-0.7817510920283299,0.18018633735399694
5-17A,1.0,135.0453,-1.6480097124359245,0.07909195426771547
5-17A,1.0,136.0404,-0.5883803906682848,0.02301717956934867
5-17A,1.0,136.0487,-1.7536672507919615,0.06709093650236438
5-17A,1.0,136.0767,0.36084146142187123,0.43687277825168297
5-17A,1.0,137.0239,-0.2702917475425609,0.2180275750360696
5-17A,1.0,138.9789,0.5418215313156751,0.3485281631658402
5-17A,1.0,139.0014,-0.32413228108871417,0.050165475992161354
5-17A,1.0,139.0067,-0.693898151605511,0.04475925229974387
5-17A,1.0,139.976,-0.5328066485628394,0.45048456325164743
5-17A,1.0,143.0713,1.2439934281676275,0.2171318645119131
5-17A,1.0,143.1077,0.8042462143733333,0.11527342985244685
5-17A,1.0,145.0141,-0.09071453651385372,0.08986109819032265
5-17A,1.0,145.0506,-0.21049854123420095,0.1356775796438211
5-17A,1.0,145.0623,0.414256080254248,0.4499165919275413
5-17A,1.0,145.0982,1.3706318679675504,0.32064664654394565
5-17A,1.0,145.1106,1.2564397126093965,0.5716789971501299
5-17A,1.0,146.0459,-0.4656974709994671,0.006969546392646071
5-17A,1.0,147.0298,-0.9765825262823105,0.010495102335226663
5-17A,1.0,147.0662,-1.4355505427879414,0.016405724241342394
5-17A,1.0,149.0092,0.6149339786539223,0.662629656245947
5-17A,1.0,149.0456,0.4776137975976231,0.1448270329033426
5-17A,1.0,149.0608,0.31099189605309224,0.27126529154325063
5-17A,1.0,150.0422,-0.9933718295311202,0.7385618080292651
5-17A,1.0,150.9707,-0.5652505944494229,0.7912911187144026
5-17A,1.0,151.0259,-0.4249959020005847,0.07589751584828906
5-17A,1.0,151.04,-0.7967137812925775,0.18845108226971113
5-17A,1.0,151.06,-0.010102942614062776,0.48346479970160194
5-17A,1.0,152.0353,-0.8793142205010385,0.318324986575525
5-17A,1.0,152.0716,1.3937082472696247,0.5279643845242797
5-17A,1.0,153.0192,-0.1993103808129183,0.04423729038282589
5-17A,1.0,154.062,0.7408272189205036,0.18080990428561655
5-17A,1.0,154.9751,-0.9819721042747038,0.021882033770388505
5-17A,1.0,155.0099,-1.1791006912931425,0.0028480482345145447
5-17A,1.0,157.0128,-1.0027492681170014,0.03669715641084026
5-17A,1.0,157.0255,-1.341597982018078,0.008781636543024485
5-17A,1.0,157.0379,-1.380581871416182,0.02610378928322413
5-17A,1.0,157.0504,-1.1460999600399289,0.04877224326327955
5-17A,1.0,159.0297,0.12793422127767812,0.10565349137844651
5-17A,1.0,159.0775,-1.1850692573201913,0.01802467105741204
5-17A,1.0,160.0616,-1.3624791186875043,0.2782262797100974
5-17A,1.0,161.0453,-0.5743732637093253,0.0855905097083989
5-17A,1.0,162.0424,-1.5545072379977922,0.1462857680126098
5-17A,1.0,163.0351,-0.9166886341398168,0.15554817489162776
5-17A,1.0,163.0398,0.050254331393813016,0.09655330240749652
5-17A,1.0,163.0611,-0.9764779373341046,0.45715953899355327
5-17A,1.0,164.0716,-0.38537580599263066,0.04983938980108282
5-17A,1.0,165.03,0.562774826401595,0.8737218816708839
5-17A,1.0,165.0405,-0.05794505301389072,0.3548999994395603
5-17A,1.0,165.0556,-0.8371617167568755,0.03150884883711566
5-17A,1.0,166.0508,-1.8678837366731988,0.16452401098608307
5-17A,1.0,166.0632,-0.275235926397301,0.975720338937694
5-17A,1.0,166.9759,-0.7304823305555099,0.11766368532665367
5-17A,1.0,167.0207,0.41962454436430907,0.2676398996821277
5-17A,1.0,167.0358,0.0073980549583832315,0.1856636232713556
5-17A,1.0,167.0828,-0.22707271980049715,0.7401237717684717
5-17A,1.0,168.0277,-0.4122395958619955,0.03034995853411211
5-17A,1.0,168.0664,-0.3729397947826143,0.3264643987827584
5-17A,1.0,170.0455,-0.8543154636744563,0.014491231208716693
5-17A,1.0,171.0065,-0.9838407435152255,0.10978658627351093
5-17A,1.0,171.0092,-0.9674579158613874,0.11865804322170534
5-17A,1.0,171.0284,-0.8671651222260424,0.0644162024445923
5-17A,1.0,172.0616,-1.5455498661301923,0.08240558024786714
5-17A,1.0,172.962,-0.6144482333976348,0.03760060820395179
5-17A,1.0,173.0089,-0.9048725470132963,0.06917005966235111
5-17A,1.0,173.0453,-0.8428768305493297,0.11774442173065378
5-17A,1.0,173.0932,-0.7041066217074936,0.04085880892700746
5-17A,1.0,173.1041,0.18239601453220078,0.13383403552039666
5-17A,1.0,174.0407,-1.004146251566281,0.0022647395420118876
5-17A,1.0,174.088,-0.37405185674314445,0.3328490787719361
5-17A,1.0,175.022,-0.7469801198015137,0.16430069781799064
5-17A,1.0,175.0361,-1.2496906616067545,0.006804444774732526
5-17A,1.0,175.0611,-1.2353659150074516,0.0070421259876806835
5-17A,1.0,176.0776,-1.3967587280012594,0.14118767113940062
5-17A,1.0,177.0402,-0.3969785053126643,0.29667310602892755
5-17A,1.0,177.0553,-0.29100773881859154,0.37227593385652824
5-17A,1.0,178.0509,-1.0926648146759055,0.010968082149404854
5-17A,1.0,179.0348,-1.4112298345223397,0.13298583567866862
5-17A,1.0,179.0561,1.003883871312053,0.10112145054449989
5-17A,1.0,180.0663,1.0373788379656825,0.09821824060905918
5-17A,1.0,181.0505,-0.042941701578841404,0.14969712238832292
5-17A,1.0,182.9725,0.9897546112199478,0.27800251173232315
5-17A,1.0,183.0661,0.0704729825373216,0.9073577177645558
5-17A,1.0,184.0017,-0.4294212729436482,0.04328265171022497
5-17A,1.0,184.9856,-0.7786732834166515,0.042912618383433056
5-17A,1.0,186.1136,1.324140093853698,0.6809806816237588
5-17A,1.0,187.0234,-0.6258193697028664,0.8091298697641415
5-17A,1.0,188.035,-0.6006261257718818,0.3594550750608738
5-17A,1.0,188.0565,-1.127846013985956,0.006584903796969702
5-17A,1.0,189.0405,0.9207836359107482,0.302343540627118
5-17A,1.0,191.0197,-0.32166332623170346,0.16718223943506424
5-17A,1.0,191.0561,-0.8882274235984413,0.05543717412912699
5-17A,1.0,192.0663,-0.3860714795420429,0.6700411374513127
5-17A,1.0,193.0349,-0.7478269684640388,0.32049754398140173
5-17A,1.0,194.0682,-1.145712281631525,0.14460356381733325
5-17A,1.0,194.0822,-0.42729838943056947,0.5034372377646629
5-17A,1.0,195.0509,-0.11038765352693714,0.1884844365129908
5-17A,1.0,195.0657,-0.43637937592562814,0.16792514798565478
5-17A,1.0,196.0603,-1.3453990399873392,0.10265528365480123
5-17A,1.0,198.0182,-0.774392643023293,0.4448511509680425
5-17A,1.0,199.0019,-0.42053745583660584,0.3482263899709424
5-17A,1.0,200.9937,0.14023510078893842,0.39664228903649684
5-17A,1.0,201.0051,-0.9119412307888131,0.2276310582576866
5-17A,1.0,203.0348,-0.2665805982732757,0.28556459323494676
5-17A,1.0,203.0826,-0.002903061354844697,0.06371141174972524
5-17A,1.0,204.0498,0.596658833530142,0.31457963648384857
5-17A,1.0,205.0351,-1.148331744289798,0.1261990643600458
5-17A,1.0,206.0822,-1.8975816306529585,0.7105736632102438
5-17A,1.0,209.0292,-0.2846700290449288,0.3733144315333607
5-17A,1.0,209.0814,1.3706556704833486,0.3330169120662118
5-17A,1.0,211.0235,-0.6042223102829453,0.33885706402531107
5-17A,1.0,211.9968,-1.0888450484876608,0.01346055486120209
5-17A,1.0,212.0331,-0.5661585435923596,0.1201808399060336
5-17A,1.0,212.9807,-0.642864631498663,0.021210321421012868
5-17A,1.0,213.014,-0.7459634820591415,0.1093603373171287
5-17A,1.0,213.0384,-0.6839512518133134,0.18499915221636165
5-17A,1.0,213.1252,1.0541655927376088,1.055786048419742
5-17A,1.0,214.0488,-0.05925530222136005,0.1351657099914431
5-17A,1.0,215.0331,0.927661180132709,0.05289950653571727
5-17A,1.0,216.1351,0.9574069139224037,0.26897728181081604
5-17A,1.0,218.0335,1.0587730330256444,0.09503194033789987
5-17A,1.0,218.1034,-1.2121274795597423,0.011628432976910899
5-17A,1.0,220.0828,1.443803808019593,0.81531750385789
5-17A,1.0,221.0443,0.9110877879294179,0.09461597854381198
5-17A,1.0,221.0664,0.11062338976898796,0.36300491664502427
5-17A,1.0,225.0399,-0.28123108114933454,0.5486517157595356
5-17A,1.0,225.0861,0.1440980144445889,0.6864553643364052
5-17A,1.0,225.0901,0.10931018353416555,0.42057092067877877
5-17A,1.0,226.0135,-0.8306531947948526,0.17750510460263424
5-17A,1.0,226.0697,0.26332572697908285,0.23761640745151216
5-17A,1.0,228.0501,-0.5500276575719847,0.3127422729003968
5-17A,1.0,229.0122,-0.8824009633580656,0.2854933921878793
5-17A,1.0,237.0614,-1.1775750877145192,0.0754919076518047
5-17A,1.0,238.0945,2.0638747025124737,0.6555280989473946
5-17A,1.0,240.0515,-1.418178843856809,0.011444440684786422
5-17A,1.0,241.0844,-1.0142045493124705,0.7699745726378422
5-17A,1.0,242.0804,-0.055402589104704046,0.29725059592044095
5-17A,1.0,243.029,-0.6690044397062732,0.1960198391094369
5-17A,1.0,243.0625,-1.3771628520960493,0.4568673234096229
5-17A,1.0,245.0444,-1.0199851562406732,0.18736540649979458
5-17A,1.0,246.0198,-0.5946717429647143,0.47846446610117704
5-17A,1.0,246.064,0.9191282405681136,1.1478099108490853
5-17A,1.0,251.0816,-0.33711615793988803,0.3255214688891515
5-17A,1.0,253.0119,-0.3630527437819432,0.00466635761530856
5-17A,1.0,253.0499,0.4280324618685405,0.019029153583022977
5-17A,1.0,257.0072,-1.1121830190985555,0.5851358576898527
5-17A,1.0,257.1028,0.8069470885920517,0.8572244935845488
5-17A,1.0,259.005,-0.36496827459292047,0.6475097401208613
5-17A,1.0,259.0227,0.3636101466502051,0.13563142602909536
5-17A,1.0,261.0385,0.010319235015259963,0.1496552614342227
5-17A,1.0,266.0703,-1.003807737879502,0.1323037913735043
5-17A,1.0,267.0724,-0.6814490232983743,0.022752549882970857
5-17A,1.0,268.02,-0.8537376914599584,0.37612975277532285
5-17A,1.0,269.0398,-0.590952127322113,0.12896808275906416
5-17A,1.0,271.0612,0.10553838636318598,0.6769485379901014
5-17A,1.0,271.0815,1.1322004028663604,0.9410537948254307
5-17A,1.0,273.0021,-0.8376947408412936,0.07774982587283855
5-17A,1.0,274.0933,-1.3184166655448162,0.23279121437017544
5-17A,1.0,275.0184,-0.4728710883697327,0.13661838385288128
5-17A,1.0,275.0991,-0.6149820446392258,0.30774249991636304
5-17A,1.0,277.1207,1.6898526354008565,0.21355681126668352
5-17A,1.0,277.2169,0.8929745915913722,0.16945312460900872
5-17A,1.0,279.2331,0.32273402038766796,0.03845988045607151
5-17A,1.0,282.0839,0.1417212051802081,0.4231464622638694
5-17A,1.0,283.2063,0.5425224116882443,0.10966205150026367
5-17A,1.0,285.0972,0.7554425545450537,0.31467275572874853
5-17A,1.0,287.0157,0.8310440703846674,0.2436362925734413
5-17A,1.0,288.0725,-0.7068874269751422,0.07976414504174015
5-17A,1.0,289.0333,-0.8191776201425904,0.11965170760295674
5-17A,1.0,289.1044,-1.2967219494624986,0.16382613796335993
5-17A,1.0,290.9677,-0.45365576505802463,0.0929039861966294
5-17A,1.0,294.0479,-0.2778326817391527,0.5917367163545301
5-17A,1.0,300.0509,0.13199787687253825,0.8740531923059458
5-17A,1.0,301.0333,0.7122735554682368,0.6232695296410419
5-17A,1.0,303.2326,-0.35841421233981374,0.2690882386433743
5-17A,1.0,305.0207,1.2713731458349908,0.15734843510158247
5-17A,1.0,306.0481,-1.1501113846729725,0.019405631386751693
5-17A,1.0,306.0765,-0.31442462735473187,0.030816656610773104
5-17A,1.0,308.0986,0.03290094025884086,0.03213735327416809
5-17A,1.0,313.0441,-0.6250305348013706,0.1635242015354746
5-17A,1.0,313.1037,-0.48930564038973806,0.5095717406391924
5-17A,1.0,317.026,1.1916819172617514,0.6636796759213331
5-17A,1.0,323.0256,-0.07153452161422535,0.7867273368777505
5-17A,1.0,325.1163,-0.43179377673129166,0.4311618393493822
5-17A,1.0,328.0457,-1.11327433408655,0.092734401658167
5-17A,1.0,333.0589,-1.043808317659027,0.0674881467517814
5-17A,1.0,338.9884,-0.4904025088586733,0.11711132585146847
5-17A,1.0,339.0928,0.4697669618913489,0.5793763556601791
5-17A,1.0,341.1089,1.0620618228966596,0.21119436099131944
5-17A,1.0,344.0393,-0.5288338611237035,0.054942808589564004
5-17A,1.0,346.0556,-0.046663080711107446,0.28449238989754305
5-17A,1.0,348.087,-1.1109522951984347,0.054181259451961956
5-17A,1.0,353.0489,-0.15516840707602075,0.27211555250032504
5-17A,1.0,357.089,-0.4621649378364098,0.1227446387907106
5-17A,1.0,375.131,-0.3916219908857937,0.7581081841720773
5-17A,1.0,377.1496,1.1931880224337699,0.7119826783914333
5-17A,1.0,383.1188,0.4654736148501539,0.18886270848855813
5-17A,1.0,388.9416,-0.27961625455671624,0.43059931028843607
5-17A,1.0,388.9442,-0.452758440071207,0.42875886474667774
5-17A,1.0,401.0756,1.2329102496596387,0.04551466182514857
5-17A,1.0,407.2795,0.8397714561985128,0.3911814290568116
5-17A,1.0,421.0743,0.547158384090341,0.7464214062391396
5-17A,1.0,426.0222,-0.873134088229991,0.6157092478563729
5-17A,1.0,442.9997,0.2393081811572089,0.32242222055466174
5-17A,1.0,466.9657,1.069456582886943,0.27303293873679263
5-17A,1.0,490.9787,0.6813735733650038,0.9667245012460449
5-17A,1.0,503.1614,0.7484729647104378,0.25954926614374796
5-17A,1.0,547.0731,-1.257068184205976,0.061928243597511104
5-17A,1.0,565.0471,-1.1897078580225173,0.26984477715723426
5-17A,1.0,578.8872,1.3139935215482628,0.10601623943926237
5-17A,1.0,579.0269,0.8706270931392516,0.10219241566905052
5-17A,1.0,612.2549,-0.2690869081883476,0.17675829859999806
5-17A,1.0,624.2949,-0.7449751292658106,0.32354121473095354
5-17A,1.0,659.307,0.7730731561168984,0.22652963949634447
5-17A,1.0,664.0939,-0.07088885206177034,0.3145110056487139
5-17A,1.0,665.2144,-0.28957806322904484,0.3378693590189593
5-17A,1.0,668.1374,-0.6165024987062668,0.00037902436700484665
5-17A,1.0,787.255,1.1440908546835602,0.5293469147436045
5-17A,1.0,790.2568,0.5932775066341462,0.16679162777359283
5-17A,1.0,835.0407,-0.5609118539597239,0.06430682590542507
5-17A,1.0,863.2971,-0.5447977888073072,0.0385372524831403
5-17A,1.0,864.1473,0.4070367242927485,0.37249322609564245
5-17A,1.0,974.2935,-0.4509019336080212,0.20662750953582162
5-17A,1.0,976.7162,1.2754743283344756,0.19691750340254116
5-17A,2.0,57.0342,0.25070967259649457,0.349080658312225
5-17A,2.0,58.0295,-0.7891511789634236,0.14389723993205644
5-17A,2.0,59.0135,0.15790605525672408,0.23477611641924798
5-17A,2.0,71.0137,0.5499282928825447,0.18901863543016403
5-17A,2.0,73.0293,-0.9340007117848139,0.004459802924152276
5-17A,2.0,74.0247,-0.9085610759604845,0.46588525227074407
5-17A,2.0,75.0087,-0.11531271180240779,0.44693694096691217
5-17A,2.0,87.0088,-0.6678551278725796,0.00949774682246312
5-17A,2.0,87.0451,0.44024448901323193,0.3196606435460131
5-17A,2.0,88.0403,-0.9069506430684096,0.012480783409113036
5-17A,2.0,88.9883,1.1383471050273022,0.8928132432975711
5-17A,2.0,89.0244,-0.4931301866679896,0.12786746609882552
5-17A,2.0,93.0338,-0.06478046253824601,0.006536159805581483
5-17A,2.0,94.9761,-0.9077264049911223,0.3578871177521501
5-17A,2.0,94.9806,0.9944128407542581,0.16614295208155702
5-17A,2.0,95.0139,0.41286864065246215,0.3883729400301421
5-17A,2.0,101.0242,0.5308109951805844,0.2793460713440622
5-17A,2.0,102.056,-0.5453095409775119,0.04506370099929734
5-17A,2.0,103.0402,-0.9315148486075289,0.017993982450971682
5-17A,2.0,103.0509,-0.9597831976197204,0.05417617315631251
5-17A,2.0,104.0352,-0.0644627596074822,0.14709146828958938
5-17A,2.0,105.0193,0.32717225645189674,0.4642239254545444
5-17A,2.0,107.0503,0.44318078390567783,0.3770720663116477
5-17A,2.0,109.0295,-0.8103162742947143,0.04052744718576831
5-17A,2.0,111.02,-0.9402747469927436,0.015979246803285767
5-17A,2.0,112.0516,-0.2644210315419379,0.35388709587523115
5-17A,2.0,113.0244,0.5411061093131675,0.08682651128946187
5-17A,2.0,113.0357,-0.9300086464929072,0.05341710514125628
5-17A,2.0,114.056,-0.24460389680137548,0.0023238597364611036
5-17A,2.0,115.0037,-0.8338750278471189,0.053884126588051126
5-17A,2.0,115.0402,-0.3547415545034793,0.4726561942410305
5-17A,2.0,115.0764,1.0058572400116024,0.3425177409652264
5-17A,2.0,116.0354,-0.9699445901428848,0.250654699858086
5-17A,2.0,116.0717,-0.7710826609976874,0.014625209457637326
5-17A,2.0,117.0194,-0.9249522881683081,0.0024968759423647335
5-17A,2.0,118.0508,-1.2474375008596597,0.15109530660814782
5-17A,2.0,118.9804,0.639462651347992,0.07307826985107378
5-17A,2.0,119.0503,-0.005888748696457419,0.2506139377111646
5-17A,2.0,120.9273,-0.6350894386482044,0.015793435748957814
5-17A,2.0,121.0295,0.5203850933852455,0.13868953414205165
5-17A,2.0,121.0409,0.285792742023928,0.4835788074175077
5-17A,2.0,122.0248,-0.6274323094224588,0.26509123316871575
5-17A,2.0,124.0075,-0.0632253331931467,0.09025460207103064
5-17A,2.0,124.0144,-0.1466100015607894,0.2979970468839446
5-17A,2.0,125.0439,-0.8455986286114392,0.2545729208472172
5-17A,2.0,127.0764,0.8911664915925517,0.32748737460517235
5-17A,2.0,128.0354,-0.33225866484332656,0.016476405175173993
5-17A,2.0,129.0193,-1.0028975446095059,0.08077622524526326
5-17A,2.0,129.0556,0.5010655457307802,0.5358171315799792
5-17A,2.0,130.0142,-0.7372987840230936,0.1171967400031118
5-17A,2.0,130.0509,-1.0155527699960105,0.015739535646904616
5-17A,2.0,130.0874,-0.8107243525401606,0.0925574421448274
5-17A,2.0,131.0008,-0.510961701228396,0.9905433582256383
5-17A,2.0,131.0123,-0.7407596099362157,0.08500838782543531
5-17A,2.0,131.035,0.5281916795860198,0.1353143741979707
5-17A,2.0,131.0462,0.6099210322248558,0.0808457379561555
5-17A,2.0,131.0828,0.27671182204078176,0.23653979540558154
5-17A,2.0,132.0302,-1.0988853136207026,0.015589254011581906
5-17A,2.0,133.0142,-0.44166114045641325,0.07414983411873845
5-17A,2.0,133.0257,-0.530566225350105,0.0959023127426519
5-17A,2.0,133.0505,-0.8758178456623187,0.02236599243118582
5-17A,2.0,134.0472,-0.13794822701040566,0.2283315732654055
5-17A,2.0,134.0604,-0.7685170860396214,0.30554826414666897
5-17A,2.0,135.0302,-0.6254038056629586,0.1869076456967803
5-17A,2.0,135.0453,-0.9143008941451272,0.13353748427904727
5-17A,2.0,136.0404,-0.4545979252158921,0.09089510929480088
5-17A,2.0,136.0487,-1.1156151991143848,0.19714773556683235
5-17A,2.0,136.0767,0.4626881314596917,0.2762684619931457
5-17A,2.0,137.0239,-0.16618440304171173,0.17838661160707242
5-17A,2.0,138.9789,0.41555508996349155,0.3490882650758343
5-17A,2.0,139.0014,-0.3629364295837489,0.027485418904014392
5-17A,2.0,139.0067,-0.7702799556707207,0.017136940411492683
5-17A,2.0,139.976,-0.10913673446543053,0.3976066174691955
5-17A,2.0,143.0713,1.7846701565108014,0.5555606647954553
5-17A,2.0,143.1077,0.8421719423934597,0.30824935475242027
5-17A,2.0,145.0141,-0.19113056948532955,0.07225883048394095
5-17A,2.0,145.0506,-0.47764070918536994,0.06418873752475106
5-17A,2.0,145.0623,0.19892821318201787,0.2548169429745893
5-17A,2.0,145.0982,1.5849626758583688,0.5407551088423616
5-17A,2.0,145.1106,1.3250568277723305,0.48190388312792853
5-17A,2.0,146.0459,-0.4722579499090495,0.006694120019768147
5-17A,2.0,147.0298,-0.9081427643469637,0.005072741822671116
5-17A,2.0,147.0662,-0.8610346171988555,0.04468418993161215
5-17A,2.0,149.0092,0.5049840030356086,0.6654125401616562
5-17A,2.0,149.0456,1.0084549676769727,0.40781812869031614
5-17A,2.0,149.0608,0.33295748090688926,0.3539977896623592
5-17A,2.0,150.0422,0.02079395558587381,0.2154331289195891
5-17A,2.0,150.9707,-0.3967346423585616,0.4887838299498692
5-17A,2.0,151.0259,-0.4658590336063295,0.1000331177479026
5-17A,2.0,151.04,0.009637695805821076,0.1544622034861968
5-17A,2.0,151.06,-0.03276640904322144,0.8968378640217453
5-17A,2.0,152.0353,1.101500101710628,0.3475585251854298
5-17A,2.0,152.0716,1.2256436859533983,0.4715909987792626
5-17A,2.0,153.0192,-0.18569276773212323,0.07075105128300552
5-17A,2.0,154.062,0.016695840141304014,0.2144198446780015
5-17A,2.0,154.9751,-0.966945887588162,0.010157246169245808
5-17A,2.0,155.0099,-0.9073409374975788,0.017893492554571167
5-17A,2.0,157.0128,-0.8751757720889723,0.04758902801802429
5-17A,2.0,157.0255,-1.0319399569911956,0.034383137894930554
5-17A,2.0,157.0379,-1.0295297671225851,0.05651350703996919
5-17A,2.0,157.0504,-0.9887628769405313,0.02402035860875792
5-17A,2.0,159.0297,0.6237353279501023,0.09511962636542506
5-17A,2.0,159.0775,-1.0468775219199329,0.02260794267657868
5-17A,2.0,160.0616,-1.2104720561949063,0.19338457752076932
5-17A,2.0,161.0453,0.24398442801850762,0.1358764623179942
5-17A,2.0,162.0424,-1.0719385226833533,0.11744269535427207
5-17A,2.0,163.0351,-1.1319202980090108,0.23370030087378488
5-17A,2.0,163.0398,0.26222297063240996,0.16403889111276226
5-17A,2.0,163.0611,-0.28502227836255545,0.7433534344432405
5-17A,2.0,164.0716,-0.24525795508168105,0.05366197229466773
5-17A,2.0,165.03,0.2566469988182337,0.6752627949991004
5-17A,2.0,165.0405,0.9707125141846773,0.41107527583205755
5-17A,2.0,165.0556,-0.6152508168072693,0.023284583334577235
5-17A,2.0,166.0508,-0.8603712713021294,0.11216878331554882
5-17A,2.0,166.0632,-0.7971710094486621,0.5532876475413677
5-17A,2.0,166.9759,-0.9940180659747749,0.18095576842648312
5-17A,2.0,167.0207,-0.1381670275007852,0.2075951715602749
5-17A,2.0,167.0358,0.5876971326649469,0.3095526943740258
5-17A,2.0,167.0828,0.4665155920208308,1.2901398929472059
5-17A,2.0,168.0277,-0.452386811937903,0.02114895828141145
5-17A,2.0,168.0664,1.1220198713621037,0.34451219632235014
5-17A,2.0,170.0455,-0.840362219124366,0.01705071076891377
5-17A,2.0,171.0065,-0.7085519571784636,0.1848564365877601
5-17A,2.0,171.0092,-0.80974336257241,0.20434391223439033
5-17A,2.0,171.0284,-0.913302785431847,0.03756396511779572
5-17A,2.0,172.0616,-1.1372983169023723,0.1259530474919801
5-17A,2.0,172.962,-0.5028311322933329,0.09957798675651816
5-17A,2.0,173.0089,-0.9453505599603071,0.2027513105112143
5-17A,2.0,173.0453,-0.505753150438752,0.2818069985719985
5-17A,2.0,173.0932,-0.7229789631632065,0.04697823989138044
5-17A,2.0,173.1041,1.7519919898563074,0.19694978882877717
5-17A,2.0,174.0407,-0.9409404917006896,0.003352978525223401
5-17A,2.0,174.088,-0.5065391762923099,0.22046522452229048
5-17A,2.0,175.022,-0.7634575604863638,0.13390168066376065
5-17A,2.0,175.0361,-1.1093818956572414,0.007906559492131695
5-17A,2.0,175.0611,-1.065280336026796,0.01530105793581499
5-17A,2.0,176.0776,-1.0427149460648855,0.18538470439438143
5-17A,2.0,177.0402,0.7760776187359054,0.29333294589883224
5-17A,2.0,177.0553,0.4786289985808625,0.5464105017635834
5-17A,2.0,178.0509,-0.9738245683419338,0.039250363890670395
5-17A,2.0,179.0348,-0.9371094348587694,0.23274637222629244
5-17A,2.0,179.0561,1.0893736500057898,0.17696465371347217
5-17A,2.0,180.0663,1.1550509867495082,0.25822375628709304
5-17A,2.0,181.0505,-0.8932378228489678,0.18017893531178986
5-17A,2.0,182.9725,0.7726516187322361,0.3019606725108009
5-17A,2.0,183.0661,1.12847263601988,0.5455460728074798
5-17A,2.0,184.0017,-0.4300764693232515,0.05902350928779742
5-17A,2.0,184.9856,-0.6238515578140825,0.10889589170308271
5-17A,2.0,186.1136,0.8371202759266348,0.41725064447956944
5-17A,2.0,187.0234,-0.46829279261001333,0.6623669034055104
5-17A,2.0,188.035,-0.656809882143531,0.5533721977458688
5-17A,2.0,188.0565,-1.029430247007939,0.007959225712296614
5-17A,2.0,189.0405,0.8252917380830187,0.19349981202428823
5-17A,2.0,191.0197,-1.3389568018175004,0.06869951591522809
5-17A,2.0,191.0561,-1.1027499814576704,0.08485098817163343
5-17A,2.0,192.0663,-0.13498818494462972,0.38360140278848026
5-17A,2.0,193.0349,0.29818501187044283,0.44887646801772096
5-17A,2.0,194.0682,-0.7993275565933422,0.11768323886116029
5-17A,2.0,194.0822,0.10809419437044637,0.537403674901461
5-17A,2.0,195.0509,0.6341967816137579,0.19987511835054123
5-17A,2.0,195.0657,0.39923901949665774,0.3933827160089169
5-17A,2.0,196.0603,-1.1227652729741555,0.13647448349197627
5-17A,2.0,198.0182,-0.601713283329564,0.11214915982804059
5-17A,2.0,199.0019,-0.7829857296250269,0.3485517007473627
5-17A,2.0,200.9937,0.5715897350916419,0.6092404672367794
5-17A,2.0,201.0051,-1.319090567800039,0.23675284171488978
5-17A,2.0,203.0348,-0.09860764294537983,0.3096339524634813
5-17A,2.0,203.0826,-0.07766887454266069,0.009603701072108431
5-17A,2.0,204.0498,1.076793098479325,0.6058679251314386
5-17A,2.0,205.0351,-1.0297502808392625,0.014091051225225578
5-17A,2.0,206.0822,0.20249553163617467,1.1054533150492925
5-17A,2.0,209.0292,-0.11288471349582387,0.32232321270446573
5-17A,2.0,209.0814,1.5463615663152916,0.3185880908364036
5-17A,2.0,211.0235,-0.5310010296385238,0.6969560710557637
5-17A,2.0,211.9968,-1.0177273577962833,0.033828273413779565
5-17A,2.0,212.0331,-0.609102710939948,0.542169285970488
5-17A,2.0,212.9807,-0.7189692297847157,0.06426190429712758
5-17A,2.0,213.014,-0.5798024049720689,0.3501560965092941
5-17A,2.0,213.0384,-0.5728977363113144,0.11725814331557796
5-17A,2.0,213.1252,0.5882185895884492,0.8457714886121875
5-17A,2.0,214.0488,-0.30743771290547794,0.28699664962882243
5-17A,2.0,215.0331,0.5918103729239746,0.24966141968684874
5-17A,2.0,216.1351,0.4358098860843129,0.3824265838634333
5-17A,2.0,218.0335,0.5587437050097748,0.21129966777003506
5-17A,2.0,218.1034,-1.1396400199239447,0.02591982023018214
5-17A,2.0,220.0828,0.4706976834201183,0.7413606491849778
5-17A,2.0,221.0443,0.6016534493595025,0.213542582382649
5-17A,2.0,221.0664,-0.9718684844863777,0.5695679455857031
5-17A,2.0,225.0399,0.0058428646826974295,0.5250875064116125
5-17A,2.0,225.0861,-0.04870564382454798,0.31051225714275565
5-17A,2.0,225.0901,-0.49332999801436755,0.8680779791759986
5-17A,2.0,226.0135,-0.6039249774183494,0.154345517138296
5-17A,2.0,226.0697,0.1558569019280212,0.2971162558136995
5-17A,2.0,228.0501,-0.08332898652641224,0.38310775889779297
5-17A,2.0,229.0122,-0.678487737078954,0.23294759705924223
5-17A,2.0,237.0614,-1.3524467553859005,0.08777196440108781
5-17A,2.0,238.0945,1.1708745808425771,0.3210473305375041
5-17A,2.0,240.0515,-1.1750172990645256,0.029060241301696738
5-17A,2.0,241.0844,-0.8226014747120074,0.5332226440291624
5-17A,2.0,242.0804,1.1096250680563327,0.6970241536698001
5-17A,2.0,243.029,-0.38558505751554656,0.2127122925435443
5-17A,2.0,243.0625,-0.7569827522427706,0.5440242248214879
5-17A,2.0,245.0444,-0.8533046215725741,0.2600416204812427
5-17A,2.0,246.0198,-0.0032252166556116235,0.2840728130505078
5-17A,2.0,246.064,0.390240902333553,0.20736734476087224
5-17A,2.0,251.0816,-0.005855829538330692,1.012445943423554
5-17A,2.0,253.0119,-0.3193705992782963,0.006971144679213419
5-17A,2.0,253.0499,-0.004708798806520935,0.7112485579516025
5-17A,2.0,257.0072,-0.7127931003218702,0.5287787542683232
5-17A,2.0,257.1028,1.881200638110053,0.6858341028111743
5-17A,2.0,259.005,-0.7267687728412675,0.4394253571496625
5-17A,2.0,259.0227,0.16763903223850338,0.3627064297925691
5-17A,2.0,261.0385,-0.19545395656820702,0.38823135738150105
5-17A,2.0,266.0703,-0.804753487547633,0.14744970250532852
5-17A,2.0,267.0724,-0.6752515823932812,0.03414817599076921
5-17A,2.0,268.02,-0.8418302394347816,0.3365991888584441
5-17A,2.0,269.0398,-0.7785896915939898,0.3035568582260607
5-17A,2.0,271.0612,-0.34783837641813314,0.585040415420135
5-17A,2.0,271.0815,1.2510862450563638,0.487724094175709
5-17A,2.0,273.0021,-0.8296656290186688,0.1974164667348606
5-17A,2.0,274.0933,-0.7630301607125134,0.12468739731348262
5-17A,2.0,275.0184,-0.47567621067234617,0.3144561181508595
5-17A,2.0,275.0991,-0.7555760815100803,0.14086459976557286
5-17A,2.0,277.1207,0.17024914040352496,0.1359231626734858
5-17A,2.0,277.2169,-0.23515809798535037,0.1336795266901719
5-17A,2.0,279.2331,-0.3534672310328857,0.04453275393840643
5-17A,2.0,282.0839,0.5004248615653434,0.13556032902510384
5-17A,2.0,283.2063,-0.15786703830758386,0.12388185628324733
5-17A,2.0,285.0972,1.1668171874721143,1.1048085974575348
5-17A,2.0,287.0157,1.6249294167335386,0.8717122416434756
5-17A,2.0,288.0725,-0.5347581496046457,0.10847450970366161
5-17A,2.0,289.0333,-1.0170535562072625,0.5824717573474614
5-17A,2.0,289.1044,1.233902406519749,0.4900245584796992
5-17A,2.0,290.9677,-0.47874586947917874,0.0489295604308507
5-17A,2.0,294.0479,0.6816992650167724,0.13856954816251035
5-17A,2.0,300.0509,0.9104248601412398,0.8574450739335574
5-17A,2.0,301.0333,0.0651519732533716,0.5527187299679988
5-17A,2.0,303.2326,0.0076999221441551025,0.8532294855498289
5-17A,2.0,305.0207,1.5190348899038497,0.2691754408820513
5-17A,2.0,306.0481,-0.9696155164217142,0.09769398963263674
5-17A,2.0,306.0765,-0.2922058939038058,0.013616486769867849
5-17A,2.0,308.0986,-0.1927479166003207,0.052507915410835035
5-17A,2.0,313.0441,-0.6013427281025611,0.30959465507140327
5-17A,2.0,313.1037,-0.5697767366946661,0.32003705048836145
5-17A,2.0,317.026,0.3751757016610918,0.9844565648482722
5-17A,2.0,323.0256,0.2085213763630114,0.37960870490142173
5-17A,2.0,325.1163,-0.2601697324793348,0.47449348476557535
5-17A,2.0,328.0457,-0.6085416358273068,0.14666376558615296
5-17A,2.0,333.0589,-1.1243690686536474,0.2976721150921016
5-17A,2.0,338.9884,-0.8641197343864462,0.06887355702374746
5-17A,2.0,339.0928,-0.1998179398909954,0.41708931367776375
5-17A,2.0,341.1089,-0.9191320092004798,0.24896770914786645
5-17A,2.0,344.0393,-0.512353215819733,0.30035998045695644
5-17A,2.0,346.0556,0.3208174360963733,0.20284194464221458
5-17A,2.0,348.087,-1.056311063205654,0.08508786903092988
5-17A,2.0,353.0489,-0.8343655264782387,0.4328849943179778
5-17A,2.0,357.089,-0.7723443289559377,0.13971654208214937
5-17A,2.0,375.131,-0.6517578443000197,0.29682856676878905
5-17A,2.0,377.1496,-0.3624737369119905,0.34924903773324095
5-17A,2.0,383.1188,-1.0865501817459688,0.2629167532649869
5-17A,2.0,388.9416,-0.13931138008807706,0.41241031300668796
5-17A,2.0,388.9442,-0.8774045760959712,0.3775533575857008
5-17A,2.0,401.0756,0.7176381833661287,0.1088618937933211
5-17A,2.0,407.2795,1.0455400537690533,0.5693625770837945
5-17A,2.0,421.0743,0.039945477977547016,0.5701439696339188
5-17A,2.0,426.0222,0.20429186092342294,0.42547669530842525
5-17A,2.0,442.9997,0.16701886925145767,0.2926513389517079
5-17A,2.0,466.9657,2.3259323308090254,0.4266524170899874
5-17A,2.0,490.9787,-0.17023810576170717,0.7359634531574297
5-17A,2.0,503.1614,-2.004131848986851,0.2812878388336396
5-17A,2.0,547.0731,-1.1036012837079694,0.0790590517303976
5-17A,2.0,565.0471,-0.9777135761544277,0.24387618072792044
5-17A,2.0,578.8872,0.4073882666948151,0.17199235700008758
5-17A,2.0,579.0269,0.012558776255735399,0.11736407550958988
5-17A,2.0,612.2549,-1.1199506662911354,0.1345110377501749
5-17A,2.0,624.2949,-0.8800917800089447,0.2827313699632173
5-17A,2.0,659.307,1.6311079421794088,0.14999806826451564
5-17A,2.0,664.0939,-0.3762525298707872,0.10473661068902201
5-17A,2.0,665.2144,-1.1134603266899123,0.46420418089368576
5-17A,2.0,668.1374,-0.6161504082106497,0.00025626951053196105
5-17A,2.0,787.255,1.0421683956868273,0.331053336402116
5-17A,2.0,790.2568,1.884968673272866,0.4804644062006801
5-17A,2.0,835.0407,-0.6229349383705347,0.13572942108109215
5-17A,2.0,863.2971,-0.62355583852688,0.09259257593899216
5-17A,2.0,864.1473,0.5790253375405752,0.17487896588252713
5-17A,2.0,974.2935,-0.38487533466394885,0.27621907014295455
5-17A,2.0,976.7162,1.1188839946510596,0.273734343450858
5-17A,3.0,57.0342,-0.33402393902069305,0.2774544647776992
5-17A,3.0,58.0295,-0.7764095966679492,0.1981090878764491
5-17A,3.0,59.0135,-0.0654443832893671,0.13714346441808992
5-17A,3.0,71.0137,0.27985217762291936,0.18523530277214623
5-17A,3.0,73.0293,-0.8992106448577635,0.011152338066891584
5-17A,3.0,74.0247,-1.2765413083421249,0.4198150986974874
5-17A,3.0,75.0087,0.08897651125410506,0.3053630442168532
5-17A,3.0,87.0088,-0.6994397603096413,0.011747543225562516
5-17A,3.0,87.0451,0.13495464767444115,0.40878014480517466
5-17A,3.0,88.0403,-0.8168569670320849,0.008601501750200819
5-17A,3.0,88.9883,-1.0989654808500675,0.64045455420321
5-17A,3.0,89.0244,-0.8782926968576876,0.051432731325105625
5-17A,3.0,93.0338,-0.06396955477707741,0.007827282935487926
5-17A,3.0,94.9761,-0.9071284679558291,0.13125407805680192
5-17A,3.0,94.9806,0.41735847437289564,0.07874435293012902
5-17A,3.0,95.0139,0.11413617538465476,0.22701898496913456
5-17A,3.0,101.0242,-0.21523140050187017,0.17672749332940316
5-17A,3.0,102.056,-0.5873892978934832,0.03875587776251207
5-17A,3.0,103.0402,-0.8703186520845084,0.01790655273125606
5-17A,3.0,103.0509,-0.7942880568660056,0.07191291080312938
5-17A,3.0,104.0352,-0.6901717629406487,0.18519760005868377
5-17A,3.0,105.0193,-0.7414269926022055,0.2660176576399452
5-17A,3.0,107.0503,-0.9788811065228801,0.13718852626619166
5-17A,3.0,109.0295,-0.5904081572502161,0.06860483160140401
5-17A,3.0,111.02,-0.4594875976725751,0.04224261074368365
5-17A,3.0,112.0516,-0.9189710089521339,0.17057835528755408
5-17A,3.0,113.0244,0.2706102454709903,0.07989539710166436
5-17A,3.0,113.0357,-0.2581659322799135,0.08816076595278047
5-17A,3.0,114.056,-0.24766121492156476,0.0010814509497705975
5-17A,3.0,115.0037,-0.7824704830815099,0.03832739460691482
5-17A,3.0,115.0402,-1.0757219167418415,0.19617099831745477
5-17A,3.0,115.0764,-0.5002281872082421,0.32332133163304333
5-17A,3.0,116.0354,-1.1327154859594675,0.25946941188800426
5-17A,3.0,116.0717,-0.8171369081206263,0.006601845032582558
5-17A,3.0,117.0194,-0.8757497953647737,0.005789516673837882
5-17A,3.0,118.0508,-1.1986737978172104,0.09293301366817953
5-17A,3.0,118.9804,0.517240105784876,0.05617437992257891
5-17A,3.0,119.0503,0.9623586561882793,0.3597506341593573
5-17A,3.0,120.9273,-0.2592398804854846,0.18505750833370258
5-17A,3.0,121.0295,-0.09441710776338046,0.3036824481366906
5-17A,3.0,121.0409,-0.19483141732724366,0.6175979418762565
5-17A,3.0,122.0248,-0.6330796404994986,0.16500993587306004
5-17A,3.0,124.0075,-0.46331550894920037,0.33968632004000027
5-17A,3.0,124.0144,-0.0360338808002401,0.22050284416371546
5-17A,3.0,125.0439,-0.4107910550009182,0.07479990655076502
5-17A,3.0,127.0764,-0.1988676079013788,0.4606528355509068
5-17A,3.0,128.0354,-0.38226527059164894,0.009268228036702483
5-17A,3.0,129.0193,-0.8238547080917672,0.06601783837448416
5-17A,3.0,129.0556,-0.7271843808420193,0.3195712506724288
5-17A,3.0,130.0142,-0.9043348135229843,0.12873889075916473
5-17A,3.0,130.0509,-0.7508373361861007,0.025345928134982116
5-17A,3.0,130.0874,-0.9787897684706709,0.032164466018025896
5-17A,3.0,131.0008,0.2370273056711728,0.2862423870669983
5-17A,3.0,131.0123,-0.8282866500430915,0.02241619232982253
5-17A,3.0,131.035,0.24847917636724992,0.2130593894762123
5-17A,3.0,131.0462,0.3164404322162407,0.25955225691042344
5-17A,3.0,131.0828,-0.5176378931570368,0.08262845047782691
5-17A,3.0,132.0302,-0.6925347186141901,0.02342528649913905
5-17A,3.0,133.0142,-0.4986644108057319,0.03777749568842228
5-17A,3.0,133.0257,-0.4560067758290436,0.1423625011810212
5-17A,3.0,133.0505,-0.40224505268258925,0.048261839331647995
5-17A,3.0,134.0472,-1.0133587200188516,0.0802415470464073
5-17A,3.0,134.0604,-0.7676997994143928,0.4062538681407242
5-17A,3.0,135.0302,-0.8822973702866839,0.11026828704731093
5-17A,3.0,135.0453,-0.6623110665917984,0.08671888318247117
5-17A,3.0,136.0404,-0.43382283245792663,0.0576581873827036
5-17A,3.0,136.0487,-0.5436044892665193,0.20982310220762962
5-17A,3.0,136.0767,0.05554510362907434,0.27579300972452614
5-17A,3.0,137.0239,-0.25468353160949037,0.05739867429593076
5-17A,3.0,138.9789,-1.4597540969991396,0.12681568429043735
5-17A,3.0,139.0014,-0.315616418865751,0.023928561423374614
5-17A,3.0,139.0067,-0.7549139999844443,0.011459811384159
5-17A,3.0,139.976,-1.1073344913783565,0.4797137582262264
5-17A,3.0,143.0713,-0.2350928191389765,0.0816424116093431
5-17A,3.0,143.1077,-0.4321776687590009,0.32614358099106083
5-17A,3.0,145.0141,-0.3643301659235405,0.03768173717443366
5-17A,3.0,145.0506,-0.6175871301143875,0.12220177748419284
5-17A,3.0,145.0623,-0.6317923957626927,0.31977741822944966
5-17A,3.0,145.0982,-0.4574265820747284,0.2580047429094688
5-17A,3.0,145.1106,-0.9228398649653872,0.3387388213346357
5-17A,3.0,146.0459,-0.4445945329685262,0.005270275185739033
5-17A,3.0,147.0298,-0.8491833285625585,0.011368598284679506
5-17A,3.0,147.0662,-0.27683022016802183,0.0557290982415118
5-17A,3.0,149.0092,0.07620305236723969,0.35205425326014067
5-17A,3.0,149.0456,0.18381086174210276,0.23748866173430977
5-17A,3.0,149.0608,-0.8829629477784622,0.647309819343502
5-17A,3.0,150.0422,-0.9854071767684214,0.36377727433602774
5-17A,3.0,150.9707,-0.4677756809851012,0.4293502591068899
5-17A,3.0,151.0259,-0.7612770843588205,0.03623864364429012
5-17A,3.0,151.04,-1.0963936247005819,0.2771394205016919
5-17A,3.0,151.06,-1.1972368984271353,0.6790397879870549
5-17A,3.0,152.0353,-1.4341841066857364,0.3817758121319967
5-17A,3.0,152.0716,-0.005686467363444969,0.20195208410496546
5-17A,3.0,153.0192,-0.07285069949902914,0.0897699301415123
5-17A,3.0,154.062,-0.32730123368001907,0.1080505052922339
5-17A,3.0,154.9751,-0.8961237030103266,0.006909446683030963
5-17A,3.0,155.0099,-0.43580240641350265,0.04098648976548235
5-17A,3.0,157.0128,-0.7685867727416401,0.07779155824996489
5-17A,3.0,157.0255,-0.3931251814305565,0.038271976115174806
5-17A,3.0,157.0379,-0.3362137831528713,0.07975919159766737
5-17A,3.0,157.0504,-0.8236781344460877,0.05386488284603009
5-17A,3.0,159.0297,0.37720530875027736,0.13606584815730885
5-17A,3.0,159.0775,-0.7881682083286529,0.07822421904052315
5-17A,3.0,160.0616,-1.2245467842034803,0.35784722375186595
5-17A,3.0,161.0453,-0.37814429750679407,0.13759903821836672
5-17A,3.0,162.0424,-0.8797886441757614,0.21916672673850865
5-17A,3.0,163.0351,-1.1736998094556768,0.27929750156822797
5-17A,3.0,163.0398,0.3885851989741633,0.1164775536201238
5-17A,3.0,163.0611,-0.3461855225594391,0.8219288234079414
5-17A,3.0,164.0716,-0.4712272785240219,0.0493393242347073
5-17A,3.0,165.03,-0.9061094183427754,0.2662854397983001
5-17A,3.0,165.0405,-1.3191993580523222,0.30363521084979417
5-17A,3.0,165.0556,-0.851588222467885,0.06504125108665779
5-17A,3.0,166.0508,-0.8902405120086833,0.31814699801892693
5-17A,3.0,166.0632,-0.7578119703988874,0.5341277860109891
5-17A,3.0,166.9759,-1.038725021090543,0.2874532447984068
5-17A,3.0,167.0207,0.4553964125077827,0.48349931541388846
5-17A,3.0,167.0358,-0.7191908904770354,0.16762784549203885
5-17A,3.0,167.0828,-0.0877068440606976,0.2868155983020213
5-17A,3.0,168.0277,-0.44641387395297516,0.017586494500657225
5-17A,3.0,168.0664,-0.5870844916501585,0.5454121189653577
5-17A,3.0,170.0455,-0.8259332957827955,0.014768809711014984
5-17A,3.0,171.0065,-0.8554911860569818,0.09224512273245157
5-17A,3.0,171.0092,-0.989533047736983,0.10039324662954797
5-17A,3.0,171.0284,-0.8152211703302528,0.05792010798396848
5-17A,3.0,172.0616,-0.6484736386976631,0.092614171084778
5-17A,3.0,172.962,-0.5542996360428241,0.0833602178905951
5-17A,3.0,173.0089,-0.7976701770352591,0.10942334444488845
5-17A,3.0,173.0453,-0.487557073494609,0.10227850407440515
5-17A,3.0,173.0932,-0.6422210686839686,0.01858726707413571
5-17A,3.0,173.1041,-0.08334012488600778,0.02540276953579727
5-17A,3.0,174.0407,-0.6923033724363825,0.009361275300316161
5-17A,3.0,174.088,-0.6466781699116946,0.13444025031081774
5-17A,3.0,175.022,-0.8859075608698579,0.10759963720738105
5-17A,3.0,175.0361,-0.7230695056349267,0.027255380990675537
5-17A,3.0,175.0611,-0.7951559706527032,0.03957367474468519
5-17A,3.0,176.0776,-0.5290575561801844,0.17347516627295698
5-17A,3.0,177.0402,-0.24406996929006364,0.45429336645439417
5-17A,3.0,177.0553,0.7688351805473906,0.5464551129920783
5-17A,3.0,178.0509,-0.670457443546332,0.02824846853366172
5-17A,3.0,179.0348,-0.29058161713571895,0.24753380162494695
5-17A,3.0,179.0561,0.2792534090593328,0.08418516996511752
5-17A,3.0,180.0663,0.2764149200561191,0.18522292865010156
5-17A,3.0,181.0505,-0.89627072621146,0.42604340758879505
5-17A,3.0,182.9725,0.39801115585622593,0.2557282538355543
5-17A,3.0,183.0661,-0.08806628379621063,0.39395446332592743
5-17A,3.0,184.0017,-0.4549739317481761,0.0669278959337227
5-17A,3.0,184.9856,-0.6896869644955488,0.08053394535697252
5-17A,3.0,186.1136,0.5226865197085251,0.8821823843737111
5-17A,3.0,187.0234,-1.5212629976455745,0.5421672159703631
5-17A,3.0,188.035,-1.1203258722096368,0.5543080631784199
5-17A,3.0,188.0565,-0.732616982375021,0.024805147068625966
5-17A,3.0,189.0405,2.0244216694494876,0.21942690066044904
5-17A,3.0,191.0197,-0.6358790401820873,0.14000331935047872
5-17A,3.0,191.0561,-0.6734496640286969,0.10559456107271135
5-17A,3.0,192.0663,-0.6291272442944233,0.5954740045613651
5-17A,3.0,193.0349,-0.9821936290625095,0.20930134971282421
5-17A,3.0,194.0682,-0.37111966816031317,0.138796990694848
5-17A,3.0,194.0822,-0.49949757926888305,0.4405332879883721
5-17A,3.0,195.0509,-0.11485916908276239,0.15411772800555634
5-17A,3.0,195.0657,-1.2935212754724275,0.39688630013449056
5-17A,3.0,196.0603,-0.5374135709394927,0.13475476000142567
5-17A,3.0,198.0182,-0.7440684627843943,0.3030217786675953
5-17A,3.0,199.0019,-0.9249307818024877,0.3084244773396784
5-17A,3.0,200.9937,-0.3474611953985607,0.2918183679232998
5-17A,3.0,201.0051,-0.16111575712433063,0.378028503045717
5-17A,3.0,203.0348,-0.7353837308213625,0.20458152155381895
5-17A,3.0,203.0826,-0.09774823236206809,0.01359866224924355
5-17A,3.0,204.0498,0.5475347761732416,0.8019332594464804
5-17A,3.0,205.0351,-0.40342995925311365,0.06825221672395719
5-17A,3.0,206.0822,-0.7060658886532439,0.7806961496610993
5-17A,3.0,209.0292,-1.2150592980588812,0.595702862578508
5-17A,3.0,209.0814,-0.3953732584941678,0.46361362325440186
5-17A,3.0,211.0235,-0.7138149460187131,0.20107915001633095
5-17A,3.0,211.9968,-0.7996863033063095,0.009091334715335308
5-17A,3.0,212.0331,-0.6380770889094054,0.20384581466080134
5-17A,3.0,212.9807,-0.7723511694396469,0.04740274980409413
5-17A,3.0,213.014,-1.0950120278427158,0.16647508813972264
5-17A,3.0,213.0384,-0.7226295210646694,0.02941626032412934
5-17A,3.0,213.1252,0.3038209945761023,0.2856715553521547
5-17A,3.0,214.0488,-1.4120242167953547,0.6177025229712553
5-17A,3.0,215.0331,0.2621050549774728,0.13306071656811053
5-17A,3.0,216.1351,1.0818716413524032,0.11099112338577725
5-17A,3.0,218.0335,0.3055193462397058,0.09111981329284952
5-17A,3.0,218.1034,-0.31508003980138166,0.12211534660300766
5-17A,3.0,220.0828,-0.410866241313684,0.4821957142954929
5-17A,3.0,221.0443,0.15051553518280353,0.15777672381030272
5-17A,3.0,221.0664,-0.9292908631861395,0.5067108619807843
5-17A,3.0,225.0399,-1.1938591833641898,0.4045987663577166
5-17A,3.0,225.0861,-1.3264617876942044,0.0131898071179294
5-17A,3.0,225.0901,-0.9917097309759766,0.5789883482296292
5-17A,3.0,226.0135,-1.2067783065674191,0.07718947518794676
5-17A,3.0,226.0697,-0.13359821003315478,0.11165163298882062
5-17A,3.0,228.0501,-0.754495500090544,0.24572103643239612
5-17A,3.0,229.0122,-0.8416183181022433,0.09309140476226359
5-17A,3.0,237.0614,-0.9130192361945295,0.10930928070105254
5-17A,3.0,238.0945,0.33191643822932654,0.3826001194544529
5-17A,3.0,240.0515,-0.24993084074380534,0.04210251926658688
5-17A,3.0,241.0844,-1.3839910279188117,0.21055675702336524
5-17A,3.0,242.0804,-0.9200105306491764,0.10054445438484608
5-17A,3.0,243.029,-0.7854924059644801,0.2384155584297298
5-17A,3.0,243.0625,-1.3027900091909705,0.2827757725145083
5-17A,3.0,245.0444,-1.087513831353243,0.252675536205646
5-17A,3.0,246.0198,-1.1813356828077055,0.1455671880576658
5-17A,3.0,246.064,0.40486389118699273,0.17891451279237236
5-17A,3.0,251.0816,-1.0288484839142158,0.11423667595947186
5-17A,3.0,253.0119,-0.2982361189341852,0.009532784347069431
5-17A,3.0,253.0499,-0.17530238558710073,0.8859315019970043
5-17A,3.0,257.0072,-0.68196770390622,0.3639364292720426
5-17A,3.0,257.1028,0.7651409603773107,0.24820708826166218
5-17A,3.0,259.005,-1.013849602973108,0.3253708439060547
5-17A,3.0,259.0227,0.38257509320617616,0.22609729248358443
5-17A,3.0,261.0385,-0.5165580579089641,0.3754576077236439
5-17A,3.0,266.0703,-0.7551682889882606,0.21476845583229573
5-17A,3.0,267.0724,-0.6796227242876947,0.012425650754563408
5-17A,3.0,268.02,-0.4155434569334546,0.1980029422667532
5-17A,3.0,269.0398,-0.7679321363083239,0.029680947636146576
5-17A,3.0,271.0612,-0.2971317647912751,0.2988860148683216
5-17A,3.0,271.0815,0.1623801386982106,1.0039888093227425
5-17A,3.0,273.0021,-0.9383453926177677,0.07122744475087679
5-17A,3.0,274.0933,-0.2802256289221862,0.15532452902502505
5-17A,3.0,275.0184,-0.8557702826764688,0.27633272711939094
5-17A,3.0,275.0991,-0.6765525366481862,0.17281993433446627
5-17A,3.0,277.1207,0.3300608122655815,0.07199935744058768
5-17A,3.0,277.2169,0.7705880171801642,0.31110784579493195
5-17A,3.0,279.2331,1.9633383438015528,0.9207068139859578
5-17A,3.0,282.0839,0.09526489299444747,0.4274423278828388
5-17A,3.0,283.2063,1.6849874547098094,0.6777153904793961
5-17A,3.0,285.0972,-0.20490689182019836,0.8523220844261314
5-17A,3.0,287.0157,0.06108895301390832,0.4493314709864125
5-17A,3.0,288.0725,-0.5791122808042105,0.12900449889644555
5-17A,3.0,289.0333,-0.8054060348487122,0.821764544704484
5-17A,3.0,289.1044,-0.8509088224992148,0.13595150089664224
5-17A,3.0,290.9677,-0.40758868808803683,0.12483541575626114
5-17A,3.0,294.0479,-0.5120041687450629,0.4268225391898328
5-17A,3.0,300.0509,-0.7588685595349758,0.4889682329718095
5-17A,3.0,301.0333,1.8422473951818858,0.9289446408937991
5-17A,3.0,303.2326,-0.310547282940088,0.31428982169918346
5-17A,3.0,305.0207,0.17991098316503332,0.04490693641544035
5-17A,3.0,306.0481,-0.49080814887416396,0.10889373195791165
5-17A,3.0,306.0765,-0.21067443979998374,0.02678460948861592
5-17A,3.0,308.0986,-0.3030319808443891,0.022895873352219757
5-17A,3.0,313.0441,-1.2078941420569265,0.2040978305967848
5-17A,3.0,313.1037,-0.8745610139495812,0.21540349755026916
5-17A,3.0,317.026,-0.19531479751265873,0.5780279853369129
5-17A,3.0,323.0256,-0.3908637007769177,0.5513042246161622
5-17A,3.0,325.1163,-0.38401735360169287,0.16890635354536987
5-17A,3.0,328.0457,-0.5908421834454816,0.09821606917251104
5-17A,3.0,333.0589,-0.9026150014421395,0.3309600055052275
5-17A,3.0,338.9884,-0.7805794699122285,0.2501790599512582
5-17A,3.0,339.0928,-0.1658155815973607,0.14249701417041039
5-17A,3.0,341.1089,-1.041563691528426,0.17086835732260539
5-17A,3.0,344.0393,-0.6919922496330108,0.12123038747381155
5-17A,3.0,346.0556,-0.17210701128243186,0.34722607599329
5-17A,3.0,348.087,-0.6885795603053356,0.10739100843202404
5-17A,3.0,353.0489,-0.900938812410835,0.11605800334476989
5-17A,3.0,357.089,-0.7735148172243134,0.2098245098674607
5-17A,3.0,375.131,-0.6207892903221357,0.49121545029930913
5-17A,3.0,377.1496,0.8694885131451784,0.4069131804518162
5-17A,3.0,383.1188,-0.7248002742686771,0.5765078713480108
5-17A,3.0,388.9416,-0.37215776750411644,0.1638741679031971
5-17A,3.0,388.9442,-0.7370997016273322,0.2139950100195483
5-17A,3.0,401.0756,0.5693031120848102,0.1909934943982049
5-17A,3.0,407.2795,1.004140395692112,0.25996385582782444
5-17A,3.0,421.0743,-0.5192166084633729,0.9353521887456632
5-17A,3.0,426.0222,0.3657340063332331,0.6332731799538552
5-17A,3.0,442.9997,-0.10492663744160642,0.23571149468390745
5-17A,3.0,466.9657,0.6281541287867007,0.22847975992622066
5-17A,3.0,490.9787,-0.5154860837860495,0.2535002480554542
5-17A,3.0,503.1614,-0.5310884107289768,0.30909382069252317
5-17A,3.0,547.0731,-0.6429008421739137,0.06479118610547749
5-17A,3.0,565.0471,-0.02046104565727962,0.24602547103347738
5-17A,3.0,578.8872,0.500640899254706,0.1640044716970084
5-17A,3.0,579.0269,0.41174789887874486,0.16510476182341907
5-17A,3.0,612.2549,-0.335669513462997,0.33511317305972577
5-17A,3.0,624.2949,-1.2756833074624545,0.3622626810170338
5-17A,3.0,659.307,0.1406462493886701,0.137387003906295
5-17A,3.0,664.0939,-0.479714565444237,0.10719327091287002
5-17A,3.0,665.2144,-0.3806663928533505,0.35365406352028866
5-17A,3.0,668.1374,-0.6137088235548128,0.0003853603589158932
5-17A,3.0,787.255,-0.3365986109867692,0.07335920573341995
5-17A,3.0,790.2568,-0.2172587004316503,0.5122360344027528
5-17A,3.0,835.0407,-0.7692876550942902,0.2449649495155377
5-17A,3.0,863.2971,-0.6013139818931118,0.07828707996971405
5-17A,3.0,864.1473,-0.44681225722500506,0.3763951741710641
5-17A,3.0,974.2935,-0.560258488109141,0.42348082541305737
5-17A,3.0,976.7162,0.3479961124292695,0.2518378400081634
5-17A,4.0,57.0342,0.3569956832748522,0.5133902833230272
5-17A,4.0,58.0295,-0.4511958771263178,0.3201674374974428
5-17A,4.0,59.0135,0.19397371842170982,0.13789420224102023
5-17A,4.0,71.0137,0.30628158482285234,0.15453898725928886
5-17A,4.0,73.0293,-0.6712722555089998,0.022968484166802656
5-17A,4.0,74.0247,-0.6538826589988045,0.3402513248512978
5-17A,4.0,75.0087,1.0046504493653532,0.6240212073750979
5-17A,4.0,87.0088,-0.6204115137170028,0.007320722963669073
5-17A,4.0,87.0451,1.1712596136868503,0.35298905326703095
5-17A,4.0,88.0403,-0.6090846498856854,0.04172946038725804
5-17A,4.0,88.9883,0.7656282151066864,0.804722605526329
5-17A,4.0,89.0244,-0.3575605081978005,0.021908046860665074
5-17A,4.0,93.0338,-0.06689928604323497,0.00753607689332649
5-17A,4.0,94.9761,-0.6153351947327445,0.36883333191186923
5-17A,4.0,94.9806,0.5057290554568896,0.32781453055806964
5-17A,4.0,95.0139,0.5523589587640644,0.1883443104633551
5-17A,4.0,101.0242,0.2680561506545531,0.16193950984767003
5-17A,4.0,102.056,-0.5134456788041463,0.04210003630748721
5-17A,4.0,103.0402,-0.5720065992214034,0.045087517779937844
5-17A,4.0,103.0509,-0.552644845213342,0.13837185554691456
5-17A,4.0,104.0352,-0.15278351355709419,0.40497351456876646
5-17A,4.0,105.0193,1.2961676189875004,0.7771227879674651
5-17A,4.0,107.0503,-0.2917274468600327,0.7811014742592098
5-17A,4.0,109.0295,-0.11792785126771493,0.14231517720909828
5-17A,4.0,111.02,-0.0013130814382547478,0.016187975322198976
5-17A,4.0,112.0516,-0.21231225998531794,0.4166501459942983
5-17A,4.0,113.0244,0.41445828565317044,0.03474066996624283
5-17A,4.0,113.0357,0.18565818416645932,0.07293922374648128
5-17A,4.0,114.056,-0.24275523844470104,0.0015388865649154718
5-17A,4.0,115.0037,-0.4177516179311507,0.054423057738818184
5-17A,4.0,115.0402,0.0076117909807805195,0.7143411989516313
5-17A,4.0,115.0764,0.18746209886866388,0.11323902547834476
5-17A,4.0,116.0354,-0.593349196500828,0.14157087769002838
5-17A,4.0,116.0717,-0.7543237407747045,0.0010212465029413084
5-17A,4.0,117.0194,-0.6847729385944548,0.018961060035069702
5-17A,4.0,118.0508,-0.5508131716818117,0.1608339457633419
5-17A,4.0,118.9804,0.20418642516303737,0.160212041962687
5-17A,4.0,119.0503,0.23541131903445,0.11927885042619461
5-17A,4.0,120.9273,-0.35195848388302675,0.16039465878840833
5-17A,4.0,121.0295,-0.21640538981639895,0.3269257265746709
5-17A,4.0,121.0409,0.5930393115692502,0.38069895106874474
5-17A,4.0,122.0248,1.4966095848104608,0.3998209773126499
5-17A,4.0,124.0075,0.8403560105179406,0.30970161007119
5-17A,4.0,124.0144,1.8532925963325937,0.3348672618149291
5-17A,4.0,125.0439,2.2952818141154037,0.21633760907975036
5-17A,4.0,127.0764,-0.17971677574820472,1.1471383684540681
5-17A,4.0,128.0354,-0.28231675906362663,0.014610643453444046
5-17A,4.0,129.0193,-0.567674601044676,0.08050831302173052
5-17A,4.0,129.0556,-0.23758930764256914,0.3885219939390001
5-17A,4.0,130.0142,-0.7834270871954476,0.210429229508651
5-17A,4.0,130.0509,-0.4167217367907883,0.024545270799424642
5-17A,4.0,130.0874,-0.776025878391591,0.05681062608534378
5-17A,4.0,131.0008,0.889528354243137,1.5810996859677704
5-17A,4.0,131.0123,-0.7578210104267527,0.08136572876998918
5-17A,4.0,131.035,1.5982919721752453,0.10417729386903786
5-17A,4.0,131.0462,1.6455235779323791,0.16234852195023206
5-17A,4.0,131.0828,0.018747749957068054,0.1601599866088665
5-17A,4.0,132.0302,-0.31456943198904547,0.04180622374671452
5-17A,4.0,133.0142,-0.30264269597227617,0.03763131581122105
5-17A,4.0,133.0257,-0.20161155786244545,0.10604011041965923
5-17A,4.0,133.0505,-0.012890549783566739,0.0491644547526567
5-17A,4.0,134.0472,0.2691700465902547,0.15927794548495167
5-17A,4.0,134.0604,0.7896398649587184,0.46524718619080235
5-17A,4.0,135.0302,-0.5665559406390216,0.16800896767352477
5-17A,4.0,135.0453,-0.009071089210286591,0.07251899173468127
5-17A,4.0,136.0404,-0.1407646558611324,0.05070852040064231
5-17A,4.0,136.0487,-0.06636889804444947,0.42758332423859835
5-17A,4.0,136.0767,-0.452469984956705,0.7385797420163731
5-17A,4.0,137.0239,-0.06407515008456097,0.22600463155211004
5-17A,4.0,138.9789,-0.45240042789141865,0.23043857322363254
5-17A,4.0,139.0014,-0.004365568955566578,0.08113659562445309
5-17A,4.0,139.0067,-0.7183366755231977,0.06598042972207427
5-17A,4.0,139.976,-1.1603249234827002,0.3262258645066646
5-17A,4.0,143.0713,-0.1256186814682539,0.17520574745941764
5-17A,4.0,143.1077,0.7365969495120365,0.542286108397518
5-17A,4.0,145.0141,-0.25361968352873,0.13821050029941764
5-17A,4.0,145.0506,-0.6513297671606062,0.1702882972184333
5-17A,4.0,145.0623,0.03643910315887746,0.21873845584332274
5-17A,4.0,145.0982,0.3335368459856345,0.28297343035874256
5-17A,4.0,145.1106,-0.16805159817311321,0.5729777008902914
5-17A,4.0,146.0459,-0.3312904779546463,0.011447735006193702
5-17A,4.0,147.0298,-0.7581563625460923,0.028966052112005664
5-17A,4.0,147.0662,0.16563656425712914,0.04156179861723959
5-17A,4.0,149.0092,-0.14681095046642037,0.7877581944896936
5-17A,4.0,149.0456,0.9131675290211283,0.1013694881610421
5-17A,4.0,149.0608,-0.18537135362968882,0.6622457478909132
5-17A,4.0,150.0422,-0.038940940134367996,0.5257877450465547
5-17A,4.0,150.9707,0.09229204214040873,0.7534668718391203
5-17A,4.0,151.0259,-0.5779527610590748,0.061890707720974776
5-17A,4.0,151.04,0.2107500200317352,0.4688610809135992
5-17A,4.0,151.06,0.28560133365210255,0.9754035076356443
5-17A,4.0,152.0353,-0.7461219023687488,0.26952852288861
5-17A,4.0,152.0716,0.4246326841385416,0.2484653772430717
5-17A,4.0,153.0192,0.045824884377779054,0.12193151160494978
5-17A,4.0,154.062,-0.1511016416823767,0.12639516613005133
5-17A,4.0,154.9751,-0.7066420120069246,0.010965305545632797
5-17A,4.0,155.0099,0.009917973672618393,0.021804466934871064
5-17A,4.0,157.0128,-0.5179291705751313,0.05307563698508369
5-17A,4.0,157.0255,0.024206709414794584,0.053599219392523365
5-17A,4.0,157.0379,0.05605441333898404,0.0727062868732001
5-17A,4.0,157.0504,-0.6079356189840349,0.0398663862180713
5-17A,4.0,159.0297,1.4467203111818627,0.20611226899031643
5-17A,4.0,159.0775,-0.33776226654488495,0.07257491756109154
5-17A,4.0,160.0616,0.9828397251411884,0.6460929870801242
5-17A,4.0,161.0453,1.1890513925849606,0.19035536185727533
5-17A,4.0,162.0424,0.03638751933339365,0.30414956159039175
5-17A,4.0,163.0351,-0.8658878193026764,0.15199137752511027
5-17A,4.0,163.0398,0.7192383615413438,0.0809865458987264
5-17A,4.0,163.0611,1.0579774310791867,0.7312529510827304
5-17A,4.0,164.0716,-0.173605716271366,0.04218096611116251
5-17A,4.0,165.03,-0.33928772029577364,0.6327433343214066
5-17A,4.0,165.0405,0.11321103709468816,0.5249380064863558
5-17A,4.0,165.0556,-0.4319331168488992,0.15733115114328752
5-17A,4.0,166.0508,-0.12030339194974277,0.42023355546199154
5-17A,4.0,166.0632,-0.3265738034187463,0.8244314158171195
5-17A,4.0,166.9759,-0.7191879418946844,0.7817869264409779
5-17A,4.0,167.0207,-0.5146035469175714,0.2921210966956658
5-17A,4.0,167.0358,0.060463987369830635,0.2626271174194334
5-17A,4.0,167.0828,0.35739967380594895,0.7671415044344676
5-17A,4.0,168.0277,-0.31516045190443387,0.02875752665263185
5-17A,4.0,168.0664,1.089594175937365,0.35584983925755903
5-17A,4.0,170.0455,-0.75179535842493,0.03852209793368649
5-17A,4.0,171.0065,-0.1460123350692849,0.12860660207616342
5-17A,4.0,171.0092,-0.16760230423563993,0.2165626817984014
5-17A,4.0,171.0284,-0.756800973357172,0.031153924501858245
5-17A,4.0,172.0616,0.06138855375915348,0.2681701861667462
5-17A,4.0,172.962,-0.5553568269306515,0.05904079911870888
5-17A,4.0,173.0089,-0.401972569904852,0.08379285133799055
5-17A,4.0,173.0453,-0.959993398517087,0.2747343674118731
5-17A,4.0,173.0932,-0.39011804073807077,0.07928738983638632
5-17A,4.0,173.1041,0.2030996712553547,0.46725148564973024
5-17A,4.0,174.0407,-0.38912972207604524,0.009955722559751268
5-17A,4.0,174.088,-0.578096498615656,0.09974774434055601
5-17A,4.0,175.022,-0.7964124418560641,0.05586888041385685
5-17A,4.0,175.0361,-0.33265374604239023,0.03157207848965208
5-17A,4.0,175.0611,-0.5734834068595127,0.028855576227836008
5-17A,4.0,176.0776,-0.5466919207977049,0.3183871107543414
5-17A,4.0,177.0402,0.7997068724451929,0.09241707931479616
5-17A,4.0,177.0553,0.7725637396304723,0.5121570915879886
5-17A,4.0,178.0509,-0.5442335686576801,0.027130759337483136
5-17A,4.0,179.0348,0.6208546765504775,0.3091389920512292
5-17A,4.0,179.0561,0.742477813928953,0.05627484601843856
5-17A,4.0,180.0663,0.8647942594475588,0.09614710630268447
5-17A,4.0,181.0505,-0.3826268781779645,0.16807423365212817
5-17A,4.0,182.9725,-0.05326435187007392,0.1089681656303616
5-17A,4.0,183.0661,0.5328791760101239,0.43687771352561083
5-17A,4.0,184.0017,-0.3924681971340233,0.04386737522883543
5-17A,4.0,184.9856,-0.4847652178743914,0.09621184174403113
5-17A,4.0,186.1136,-0.27284498369173266,0.5648874045819319
5-17A,4.0,187.0234,-0.5867170278713072,0.30362132431740146
5-17A,4.0,188.035,0.45930204731634633,0.5730901087817372
5-17A,4.0,188.0565,-0.47485809466748685,0.04458825154807587
5-17A,4.0,189.0405,-0.5473217448695122,0.02568567029055789
5-17A,4.0,191.0197,-0.0858802925920412,0.29665196658893694
5-17A,4.0,191.0561,-0.5831592988483554,0.044104014445687054
5-17A,4.0,192.0663,1.5093175116462447,0.6022016533084105
5-17A,4.0,193.0349,0.7561615878660635,0.32082541489420574
5-17A,4.0,194.0682,-0.6815931159307578,0.289720036684402
5-17A,4.0,194.0822,1.2327745318517827,0.5494107594619165
5-17A,4.0,195.0509,0.8922083688579279,0.1753157169442943
5-17A,4.0,195.0657,1.0439312724497305,0.7155789905870832
5-17A,4.0,196.0603,-0.2949951892887737,0.08047646494772943
5-17A,4.0,198.0182,-0.5562270129712159,0.38416169602503025
5-17A,4.0,199.0019,-0.33823842119198727,0.22877538501001277
5-17A,4.0,200.9937,-0.15511004399569128,0.3638499614581113
5-17A,4.0,201.0051,-0.3137145393320923,0.75354471836027
5-17A,4.0,203.0348,-0.19473089483822195,0.26499058965147027
5-17A,4.0,203.0826,-0.06608288896391923,0.04837450487358135
5-17A,4.0,204.0498,-0.04109958067726911,0.3613174756370899
5-17A,4.0,205.0351,-0.5164591133782062,0.0472043486949313
5-17A,4.0,206.0822,1.8961325266131197,0.8172682791262154
5-17A,4.0,209.0292,-0.5526551213015325,0.16655865749901308
5-17A,4.0,209.0814,0.16023727697440843,0.2454128964516121
5-17A,4.0,211.0235,-0.4735725742311345,0.2770951902385333
5-17A,4.0,211.9968,-0.3791643061746859,0.02815611764237523
5-17A,4.0,212.0331,-0.25882317727347337,0.1696418576707833
5-17A,4.0,212.9807,-0.7490849065350536,0.04085836182301974
5-17A,4.0,213.014,-0.2765216779879207,0.3289113467960439
5-17A,4.0,213.0384,-0.6376545355882056,0.059377748618551524
5-17A,4.0,213.1252,0.5587056316154698,0.6240026373416103
5-17A,4.0,214.0488,0.950951975070331,0.32306687702669035
5-17A,4.0,215.0331,0.68258153944897,0.03192148832806117
5-17A,4.0,216.1351,0.48745633226016327,0.35231796606124965
5-17A,4.0,218.0335,0.4751026405729616,0.026216556915261438
5-17A,4.0,218.1034,0.12686353714341386,0.04113137460143475
5-17A,4.0,220.0828,0.45063363961394365,1.1714853486401287
5-17A,4.0,221.0443,0.11886226894336616,0.048862602687036946
5-17A,4.0,221.0664,0.9419661614238701,0.660965190679418
5-17A,4.0,225.0399,-0.040890103243447315,0.34109491794655855
5-17A,4.0,225.0861,-0.5663039952352417,0.5729473862111121
5-17A,4.0,225.0901,0.017805002593514065,0.3453260872936617
5-17A,4.0,226.0135,-0.602119576881841,0.18752208485886512
5-17A,4.0,226.0697,0.1883775283462783,0.2877363292696613
5-17A,4.0,228.0501,-0.3767386995466244,0.16644910156973108
5-17A,4.0,229.0122,-0.10307010167258604,0.06851420079230104
5-17A,4.0,237.0614,-0.3489331996202737,0.24570460976589434
5-17A,4.0,238.0945,-0.26777520033474256,0.3126059100974886
5-17A,4.0,240.0515,-0.32554206652444573,0.054027152601402374
5-17A,4.0,241.0844,0.1219942276957226,0.9163049184254035
5-17A,4.0,242.0804,-0.25668379856780216,0.6762811913614757
5-17A,4.0,243.029,-0.24049513525644062,0.3917634227651457
5-17A,4.0,243.0625,-0.6708240489866139,0.3834709375726154
5-17A,4.0,245.0444,-0.6533538616051116,0.4323115073076113
5-17A,4.0,246.0198,-0.5484400737923046,0.27488165058702146
5-17A,4.0,246.064,-0.2653013489898776,0.7696346247810334
5-17A,4.0,251.0816,-0.012866630139421839,0.5255593058997232
5-17A,4.0,253.0119,-0.25811857241272873,0.02323175071385529
5-17A,4.0,253.0499,0.2666601500490732,0.1976646044423664
5-17A,4.0,257.0072,-0.934601931051875,0.4381658617474526
5-17A,4.0,257.1028,-0.05089826781434933,0.34901678644369305
5-17A,4.0,259.005,-0.8478932874722358,0.5843125283061246
5-17A,4.0,259.0227,1.276602125081892,0.13658872120723115
5-17A,4.0,261.0385,-0.08359113430951462,0.0895526140491216
5-17A,4.0,266.0703,-0.4323294062815555,0.18024806127529008
5-17A,4.0,267.0724,-0.4504671074394653,0.02822618706901227
5-17A,4.0,268.02,-0.7108482671578376,0.561753742198057
5-17A,4.0,269.0398,-0.7995818459445441,0.08968806890120003
5-17A,4.0,271.0612,0.4044091207756082,0.6516568559924607
5-17A,4.0,271.0815,-0.44069531532017076,0.39665605339012866
5-17A,4.0,273.0021,-0.6326656353706981,0.17865548591999622
5-17A,4.0,274.0933,0.12677106435763302,0.35899215881011703
5-17A,4.0,275.0184,0.26207095491499144,0.5451520227094372
5-17A,4.0,275.0991,-0.21210740795067348,0.33346019526523063
5-17A,4.0,277.1207,1.169392013990466,0.2058214241493844
5-17A,4.0,277.2169,0.12122042619736793,0.34394168541501785
5-17A,4.0,279.2331,-0.3156864692389352,0.02107940285849035
5-17A,4.0,282.0839,1.073132185560294,0.507451620269991
5-17A,4.0,283.2063,-0.5483414732623726,0.06767159641888892
5-17A,4.0,285.0972,-0.03094604184757658,0.23746801552605587
5-17A,4.0,287.0157,0.33209879619102867,0.07428254916765951
5-17A,4.0,288.0725,-0.421669801844166,0.12521504155210367
5-17A,4.0,289.0333,-0.5705642645741564,0.38902147160887685
5-17A,4.0,289.1044,0.20366495093450226,0.3966732383287229
5-17A,4.0,290.9677,-0.3417785781309115,0.06859389920063934
5-17A,4.0,294.0479,0.13529912866964838,0.5613758242468656
5-17A,4.0,300.0509,0.05703824144666331,0.7948770512242656
5-17A,4.0,301.0333,-0.9076637679223818,0.8268872113688779
5-17A,4.0,303.2326,-0.43254597969623243,0.12446511032458635
5-17A,4.0,305.0207,0.2716495611381839,0.226614676885913
5-17A,4.0,306.0481,-0.2929011036211766,0.19786044827467594
5-17A,4.0,306.0765,-0.07698545039186913,0.034092372311985725
5-17A,4.0,308.0986,-0.17371534682949794,0.02330497288965552
5-17A,4.0,313.0441,-0.19721438957438628,0.18382116447342736
5-17A,4.0,313.1037,-0.89266701061819,0.29253899928602706
5-17A,4.0,317.026,0.5653392013856754,0.6085046581507173
5-17A,4.0,323.0256,-0.8317530359898296,0.49958147658811486
5-17A,4.0,325.1163,0.4801329016453223,0.3402339410280097
5-17A,4.0,328.0457,-0.5152714878826319,0.12579016336429788
5-17A,4.0,333.0589,-0.006694649591438413,0.25988490930389496
5-17A,4.0,338.9884,-0.39092169921976383,0.12895799918510795
5-17A,4.0,339.0928,1.0809375558359104,0.42398950621907283
5-17A,4.0,341.1089,0.4596879104593664,0.14277823627119524
5-17A,4.0,344.0393,-0.3228257948240729,0.24652753841628103
5-17A,4.0,346.0556,0.013769761753910151,0.15103770452868032
5-17A,4.0,348.087,-0.5102975843872853,0.1197338459145756
5-17A,4.0,353.0489,-0.053438442055424244,0.3501695775804665
5-17A,4.0,357.089,-0.5400024076833856,0.11669323860021488
5-17A,4.0,375.131,-1.0437312560772378,0.2663163357376695
5-17A,4.0,377.1496,-0.5179764423545492,0.4818090436650884
5-17A,4.0,383.1188,0.7485634468664336,0.6338300927533667
5-17A,4.0,388.9416,-0.17140238861015944,0.11990800326181808
5-17A,4.0,388.9442,-0.6520212139176254,0.34997159068129813
5-17A,4.0,401.0756,0.12680742868548164,0.060154825223446624
5-17A,4.0,407.2795,0.05973631441218107,0.7635867243076877
5-17A,4.0,421.0743,1.1384345092795571,0.8483553068609058
5-17A,4.0,426.0222,0.03712481674021527,0.35909310616502693
5-17A,4.0,442.9997,0.022440245439955236,0.31264065673801206
5-17A,4.0,466.9657,0.06247780816584693,0.12895422242807145
5-17A,4.0,490.9787,-0.28787815753296453,0.5441359491791252
5-17A,4.0,503.1614,0.7667297337148462,0.35588411809116915
5-17A,4.0,547.0731,-0.2974504460333808,0.08137008220785784
5-17A,4.0,565.0471,0.11504045409345823,0.3364859724806678
5-17A,4.0,578.8872,0.47890829420896874,0.12183254672980942
5-17A,4.0,579.0269,-0.2280844778537958,0.04844498995740925
5-17A,4.0,612.2549,0.5740346865104111,0.3140109872499865
5-17A,4.0,624.2949,0.21059985071202234,0.6224827957707204
5-17A,4.0,659.307,0.6226679032273772,0.28103409053040007
5-17A,4.0,664.0939,-0.041758764376041764,0.07429347789156533
5-17A,4.0,665.2144,0.3416173491034836,0.374786952904085
5-17A,4.0,668.1374,-0.6155384224733469,0.00022727888059142
5-17A,4.0,787.255,1.958845235497935,0.6459774192969591
5-17A,4.0,790.2568,0.6236322490501562,0.24560367696439114
5-17A,4.0,835.0407,-0.6098774469156272,0.25505375666935065
5-17A,4.0,863.2971,-0.38163007005958116,0.14895733342753334
5-17A,4.0,864.1473,0.7733589281001272,0.3765965151569116
5-17A,4.0,974.2935,-0.6427917367892315,0.1899809097876168
5-17A,4.0,976.7162,1.347259828367834,0.10906660991526244
5-17A,5.0,57.0342,0.5897973682954238,0.4854209093461348
5-17A,5.0,58.0295,0.1409843286062049,0.21361311757821397
5-17A,5.0,59.0135,0.8137123256515584,0.2685148526916628
5-17A,5.0,71.0137,0.5018943591762364,0.16892789309862893
5-17A,5.0,73.0293,-0.24311571464612877,0.0867193369457854
5-17A,5.0,74.0247,-0.3039505034097242,0.7116948581934122
5-17A,5.0,75.0087,1.8187525494709336,0.6976205940151504
5-17A,5.0,87.0088,-0.5107689880759646,0.030876649598705758
5-17A,5.0,87.0451,0.33941481664445694,0.5014510061761014
5-17A,5.0,88.0403,-0.34297086917421615,0.07704343452090232
5-17A,5.0,88.9883,-0.49342219052327596,0.20316835179508205
5-17A,5.0,89.0244,0.0018740399188201667,0.1565847911943191
5-17A,5.0,93.0338,-0.01212377469203928,0.03986553505592041
5-17A,5.0,94.9761,-0.9168872516450484,0.29672360831835054
5-17A,5.0,94.9806,0.9301176867139564,0.3285526380158589
5-17A,5.0,95.0139,0.49957582239063414,0.13736063717497107
5-17A,5.0,101.0242,0.5032969357032795,0.3396609498336911
5-17A,5.0,102.056,-0.4028038902078893,0.023697291765570207
5-17A,5.0,103.0402,-0.01468963951150168,0.11153054212879727
5-17A,5.0,103.0509,0.03555669799720312,0.12724768685437807
5-17A,5.0,104.0352,-0.08543227462972407,0.203552138227755
5-17A,5.0,105.0193,1.0659169520642409,0.27620988229736904
5-17A,5.0,107.0503,0.62267537340353,0.45136972085984345
5-17A,5.0,109.0295,0.43326587566916486,0.3219447348828089
5-17A,5.0,111.02,0.4135781575701855,0.08133280635548945
5-17A,5.0,112.0516,0.13516817075193877,0.3451179935897014
5-17A,5.0,113.0244,0.5390771733672124,0.12310480263205854
5-17A,5.0,113.0357,0.9549245343052875,0.19224595349169185
5-17A,5.0,114.056,-0.2438008412418058,0.003181088640850878
5-17A,5.0,115.0037,0.20347713227905181,0.07898905337338036
5-17A,5.0,115.0402,1.389437279398415,0.6031885374904378
5-17A,5.0,115.0764,1.3174565550778377,0.43919488660387535
5-17A,5.0,116.0354,-0.4296773547664412,0.17824423911581158
5-17A,5.0,116.0717,-0.7267593821606906,0.019166496862025484
5-17A,5.0,117.0194,-0.2749063291391861,0.045688389453349125
5-17A,5.0,118.0508,0.02136016247264226,0.1315917326100053
5-17A,5.0,118.9804,0.43535015070328653,0.12499824867922385
5-17A,5.0,119.0503,0.5944789966135477,0.41099260908060453
5-17A,5.0,120.9273,-0.4090369607062942,0.14925134018148353
5-17A,5.0,121.0295,0.48600817472700175,0.22441159394354598
5-17A,5.0,121.0409,0.41467519816278975,0.19106071981737338
5-17A,5.0,122.0248,1.0671703944807043,0.2386166012038932
5-17A,5.0,124.0075,-0.35786697235024045,0.24708117955655587
5-17A,5.0,124.0144,0.8589740935061495,0.36703947606969173
5-17A,5.0,125.0439,1.365555855135589,0.32386731924337897
5-17A,5.0,127.0764,0.37624360665771717,0.4410580446749011
5-17A,5.0,128.0354,-0.2738087131897693,0.029927642489205496
5-17A,5.0,129.0193,-0.04486871489964405,0.041638386094487806
5-17A,5.0,129.0556,0.8347268398675277,0.8170762341118963
5-17A,5.0,130.0142,-0.5676841537247483,0.4854194248004614
5-17A,5.0,130.0509,0.33187609356353653,0.018847553054087893
5-17A,5.0,130.0874,-0.8225804524263476,0.05330743013092599
5-17A,5.0,131.0008,-0.7464986651031538,0.3284332819801336
5-17A,5.0,131.0123,-0.4032316628824575,0.041709092999120546
5-17A,5.0,131.035,1.0508650323835715,0.1277815059806627
5-17A,5.0,131.0462,1.027575137822426,0.26664855735566845
5-17A,5.0,131.0828,0.20178415313445486,0.24654104344913477
5-17A,5.0,132.0302,0.22048066967170976,0.10023983084630958
5-17A,5.0,133.0142,-0.03929121939258385,0.09319720647665271
5-17A,5.0,133.0257,-0.05898785587478886,0.17213449436911102
5-17A,5.0,133.0505,0.7017923769762724,0.044218754060062274
5-17A,5.0,134.0472,0.652215239664963,0.21271535669758002
5-17A,5.0,134.0604,0.9571836231305828,0.32723417220117146
5-17A,5.0,135.0302,-0.36598570245092843,0.11222116853971846
5-17A,5.0,135.0453,0.30928766997535395,0.10328455673895919
5-17A,5.0,136.0404,-0.14708089285348086,0.05131985959937536
5-17A,5.0,136.0487,0.016820020260344425,0.27459098397605725
5-17A,5.0,136.0767,0.5452862681650055,0.3370455271861871
5-17A,5.0,137.0239,-0.29910358341531285,0.09361059815706792
5-17A,5.0,138.9789,0.3774226246751321,0.15570196764025152
5-17A,5.0,139.0014,0.3937662123978831,0.07756833259490793
5-17A,5.0,139.0067,-0.6384928559679581,0.05837936085935272
5-17A,5.0,139.976,-0.6443654529930369,0.7042846490465942
5-17A,5.0,143.0713,0.22706933658175565,0.15955065591569512
5-17A,5.0,143.1077,1.2491210240062443,0.3725902922996299
5-17A,5.0,145.0141,-0.23772649845410787,0.1489174802036044
5-17A,5.0,145.0506,-0.35199992239576317,0.12568355054063424
5-17A,5.0,145.0623,-0.5072438970041242,0.11961368324552749
5-17A,5.0,145.0982,-0.3297366912268298,0.3928167593271953
5-17A,5.0,145.1106,-0.6758182503788248,0.49175769412806974
5-17A,5.0,146.0459,-0.3285861584041314,0.009490071438446233
5-17A,5.0,147.0298,-0.42060305037868884,0.05247619703472681
5-17A,5.0,147.0662,0.9967343836268139,0.06761975980362837
5-17A,5.0,149.0092,0.2915516974235881,0.5443270607290926
5-17A,5.0,149.0456,0.8805466040758843,0.1383956879976519
5-17A,5.0,149.0608,0.22991087813639205,0.23737524633472257
5-17A,5.0,150.0422,-0.3854033353117704,0.6249057474138585
5-17A,5.0,150.9707,-0.4330812202605121,0.41353563324378345
5-17A,5.0,151.0259,-0.5341508425912729,0.08382913462392534
5-17A,5.0,151.04,0.5500297965848251,0.8474727196860953
5-17A,5.0,151.06,-0.17738090911499574,0.7324505012785583
5-17A,5.0,152.0353,0.40573211442415485,0.40500470231971186
5-17A,5.0,152.0716,0.3887507683787193,0.26801053924881946
5-17A,5.0,153.0192,0.7528652101323114,0.13955026607790713
5-17A,5.0,154.062,-0.10387036216078643,0.15288521762509183
5-17A,5.0,154.9751,-0.13889271019991314,0.056945787286529326
5-17A,5.0,155.0099,0.4618628648992473,0.07456414989458635
5-17A,5.0,157.0128,-0.31543047813287994,0.022603095269774266
5-17A,5.0,157.0255,0.6680569408038909,0.09450968288346799
5-17A,5.0,157.0379,0.6836971528803983,0.18067374368167377
5-17A,5.0,157.0504,0.11814185228214086,0.11672014166136521
5-17A,5.0,159.0297,0.7426810784535218,0.16650592243275675
5-17A,5.0,159.0775,0.33490826267414453,0.210774137673629
5-17A,5.0,160.0616,0.6600592961445609,0.40948187159369126
5-17A,5.0,161.0453,0.7979660724787595,0.17288956725453325
5-17A,5.0,162.0424,0.34990129346086485,0.1530948164350607
5-17A,5.0,163.0351,-0.6631964069549932,0.2500187263989701
5-17A,5.0,163.0398,1.393212899947435,0.17909833632155978
5-17A,5.0,163.0611,0.6313897194348201,0.3250782864962169
5-17A,5.0,164.0716,-0.3551028522506663,0.09907838967478734
5-17A,5.0,165.03,0.5168997629020711,0.6832346729907849
5-17A,5.0,165.0405,0.9837923159425979,0.3582549810181688
5-17A,5.0,165.0556,-0.2472370883194134,0.11743373805953937
5-17A,5.0,166.0508,0.937757019232418,0.528644702116907
5-17A,5.0,166.0632,-0.6902170989873175,0.4447798785037524
5-17A,5.0,166.9759,-0.3940036683684128,0.27647819032450427
5-17A,5.0,167.0207,-0.505036651948968,0.256897508492066
5-17A,5.0,167.0358,0.20826774806537857,0.23641042044979618
5-17A,5.0,167.0828,-0.13740320285163388,0.4429932343227344
5-17A,5.0,168.0277,-0.3519053615332306,0.010593950378093426
5-17A,5.0,168.0664,0.17289274486715167,0.38230664050794155
5-17A,5.0,170.0455,-0.5476838541378151,0.0119264362149752
5-17A,5.0,171.0065,-0.06098479448611594,0.14073195453354417
5-17A,5.0,171.0092,0.013904335630368393,0.159166133981713
5-17A,5.0,171.0284,-0.21980859705185868,0.10959567944777368
5-17A,5.0,172.0616,1.368008947461913,0.16963333600916294
5-17A,5.0,172.962,-0.25973286971870924,0.09185313431982044
5-17A,5.0,173.0089,0.3335687077630022,0.10611337333400653
5-17A,5.0,173.0453,-0.43848280537252626,0.16664051637603977
5-17A,5.0,173.0932,-0.011963498819224243,0.05569805849759405
5-17A,5.0,173.1041,-0.3371951885710428,0.13419173721545954
5-17A,5.0,174.0407,0.48678838671191754,0.08691517737934303
5-17A,5.0,174.088,-0.05197305745410359,0.1140074639981657
5-17A,5.0,175.022,-0.4194775242287736,0.18611039985958625
5-17A,5.0,175.0361,0.19102592636655474,0.06741716266693012
5-17A,5.0,175.0611,0.18311185351728282,0.11371790637128928
5-17A,5.0,176.0776,0.2197246952714572,0.4069652968355209
5-17A,5.0,177.0402,0.7335904029317057,0.6192584981164508
5-17A,5.0,177.0553,0.540150223451711,0.6891731173457372
5-17A,5.0,178.0509,-0.045976951261747584,0.04394754000293092
5-17A,5.0,179.0348,1.18817583954815,0.27783033338224217
5-17A,5.0,179.0561,0.5254670398582665,0.19280952440384364
5-17A,5.0,180.0663,0.48555819713761217,0.1830508860039608
5-17A,5.0,181.0505,-0.1938647498552375,0.22068136940729355
5-17A,5.0,182.9725,0.26127716632055825,0.28954149430767234
5-17A,5.0,183.0661,0.5489473448952792,0.4461433073216369
5-17A,5.0,184.0017,-0.3851299976824666,0.06865370146008587
5-17A,5.0,184.9856,-0.6305436183833524,0.2000279051850246
5-17A,5.0,186.1136,0.26155140019465106,0.6818762928617355
5-17A,5.0,187.0234,0.30984380983801674,0.13039127123602223
5-17A,5.0,188.035,0.07357895068790857,0.3386802839727408
5-17A,5.0,188.0565,0.2003058912252666,0.13359621400565694
5-17A,5.0,189.0405,-0.4860378712981892,0.08089351803794946
5-17A,5.0,191.0197,0.40184368962653916,0.17263865604814765
5-17A,5.0,191.0561,0.0267217489413015,0.03465709386634584
5-17A,5.0,192.0663,0.6164778033264915,0.6259615308374676
5-17A,5.0,193.0349,0.45040925456791964,0.36524554533378417
5-17A,5.0,194.0682,-0.12655932423571695,0.28017086701185556
5-17A,5.0,194.0822,0.7339899879687849,0.5323510595880666
5-17A,5.0,195.0509,0.10938476620534783,0.10733184293611128
5-17A,5.0,195.0657,0.5848475903586382,0.3771350095498599
5-17A,5.0,196.0603,0.719136867907644,0.14502506572098417
5-17A,5.0,198.0182,-0.3363767062391999,0.2637164807444161
5-17A,5.0,199.0019,-0.5117730018188975,0.19700910879990263
5-17A,5.0,200.9937,0.29311120246360706,0.29213116522308946
5-17A,5.0,201.0051,0.15493473792234813,0.5368915337100474
5-17A,5.0,203.0348,-0.17094281734958933,0.1860333087085177
5-17A,5.0,203.0826,-0.08163647116663075,0.04447444404436408
5-17A,5.0,204.0498,0.04390639683597593,0.2531374086370068
5-17A,5.0,205.0351,0.3809328813465418,0.2771105484089666
5-17A,5.0,206.0822,0.345608266605255,0.6140753154614629
5-17A,5.0,209.0292,-0.22351445670944745,0.22825918454065297
5-17A,5.0,209.0814,-0.5468074690159925,0.15360454074617388
5-17A,5.0,211.0235,-0.5520581299545666,0.2361137846065674
5-17A,5.0,211.9968,0.33051643613828907,0.13217722725433612
5-17A,5.0,212.0331,-0.31366753557280325,0.18534753179871283
5-17A,5.0,212.9807,-0.40367875117106883,0.10044159553000771
5-17A,5.0,213.014,-0.12616796000426422,0.18969338522471088
5-17A,5.0,213.0384,-0.5415448968424121,0.16856954144997108
5-17A,5.0,213.1252,0.36910723494057185,1.1127229267537935
5-17A,5.0,214.0488,0.264080937050202,1.2121655204617665
5-17A,5.0,215.0331,0.7862230425440736,0.2241072568237725
5-17A,5.0,216.1351,0.41110941182629757,0.236636933935655
5-17A,5.0,218.0335,0.6920620906514379,0.19662877436632237
5-17A,5.0,218.1034,0.9427710074763952,0.18471517262547352
5-17A,5.0,220.0828,0.555969869596361,1.0406631177608145
5-17A,5.0,221.0443,0.2953739213782355,0.143151118156775
5-17A,5.0,221.0664,1.2094007136461038,0.8697754052584321
5-17A,5.0,225.0399,0.6560987326836256,0.8253999486632335
5-17A,5.0,225.0861,-0.20327106162453706,0.33982551037123415
5-17A,5.0,225.0901,0.30248778774220764,0.858586575654289
5-17A,5.0,226.0135,-0.48762709285827177,0.18363659066488128
5-17A,5.0,226.0697,0.25449562311717194,0.4039129836154811
5-17A,5.0,228.0501,-0.5057208217132277,0.17179348963893512
5-17A,5.0,229.0122,-0.0699342024022304,0.2542137752687449
5-17A,5.0,237.0614,-0.07063743135467537,0.3041752267170334
5-17A,5.0,238.0945,-0.500504368207717,0.21634284806055215
5-17A,5.0,240.0515,1.164544729375267,0.23007187028876355
5-17A,5.0,241.0844,0.9338842986681125,0.4262515398167369
5-17A,5.0,242.0804,0.08279048007891557,0.4055286353176678
5-17A,5.0,243.029,-0.23165453067434458,0.468469667786961
5-17A,5.0,243.0625,0.268793507278642,0.3888734377476462
5-17A,5.0,245.0444,-0.2007470342652537,0.12457379117909897
5-17A,5.0,246.0198,-0.3485279595088505,0.27734139086435977
5-17A,5.0,246.064,0.14044189378346342,0.6932837104647896
5-17A,5.0,251.0816,-0.5509455762731684,0.24058879222786803
5-17A,5.0,253.0119,-0.19737276064522363,0.02593829876219863
5-17A,5.0,253.0499,-0.12392671080376008,0.43695940122474913
5-17A,5.0,257.0072,-0.7771243624067053,0.30562149661279053
5-17A,5.0,257.1028,-0.3955938935849099,0.46173194548564594
5-17A,5.0,259.005,-0.3272151791235277,0.5951173536579067
5-17A,5.0,259.0227,0.5620126644665184,0.22376645900386907
5-17A,5.0,261.0385,0.3309473243464056,0.2034345967601813
5-17A,5.0,266.0703,-0.37418273458962964,0.11021357271072646
5-17A,5.0,267.0724,-0.017005516019467096,0.07756980997865054
5-17A,5.0,268.02,-0.731090935600638,0.2224325637064613
5-17A,5.0,269.0398,-0.6539285903737757,0.20472766882654625
5-17A,5.0,271.0612,0.06199035520129609,0.7065728711724136
5-17A,5.0,271.0815,-0.8513918610674556,0.5649508305781956
5-17A,5.0,273.0021,-0.40297568644489795,0.3468585600314929
5-17A,5.0,274.0933,1.3469546778299577,0.2593376118433528
5-17A,5.0,275.0184,-0.42728785095226407,0.6043149473762002
5-17A,5.0,275.0991,-0.26543618055685975,0.18914744631422686
5-17A,5.0,277.1207,0.16731336310601191,0.09796917182232891
5-17A,5.0,277.2169,-0.1877407873447926,0.3601387198142198
5-17A,5.0,279.2331,-0.36093900672707574,0.0248964916052642
5-17A,5.0,282.0839,0.7586001046960459,0.4270991170490413
5-17A,5.0,283.2063,-0.6093386631014638,0.38659864519774473
5-17A,5.0,285.0972,-0.2598043731640175,0.5389700333307366
5-17A,5.0,287.0157,-0.21709995885664565,0.29901696494202956
5-17A,5.0,288.0725,-0.14732040753692438,0.1336550300237815
5-17A,5.0,289.0333,0.09119664981062574,0.4857781340863245
5-17A,5.0,289.1044,0.09820757359113057,0.34546025604070896
5-17A,5.0,290.9677,-0.21879593514853343,0.06507333406176512
5-17A,5.0,294.0479,0.21050054116341632,0.6098893913591609
5-17A,5.0,300.0509,0.10893337366457673,0.40471877967882125
5-17A,5.0,301.0333,0.2948445788087578,0.7549130697545502
5-17A,5.0,303.2326,0.3846741244574083,1.4404962852350882
5-17A,5.0,305.0207,0.3346995732080701,0.09364111910503295
5-17A,5.0,306.0481,0.8370842837910417,0.15975679550083424
5-17A,5.0,306.0765,0.05952795428543102,0.034638788020929026
5-17A,5.0,308.0986,-0.2569021930947678,0.06953103082333567
5-17A,5.0,313.0441,0.34616953984982035,0.4176105185623584
5-17A,5.0,313.1037,-0.3193104494455775,0.1883135415630174
5-17A,5.0,317.026,-0.207283129663157,0.5133950190246129
5-17A,5.0,323.0256,-0.6082693644821182,0.2929321582007506
5-17A,5.0,325.1163,-0.48374483877512725,0.4173775550863585
5-17A,5.0,328.0457,-0.1799762438853568,0.22446006413445233
5-17A,5.0,333.0589,0.0878582318390899,0.22113489748763102
5-17A,5.0,338.9884,-0.5290730906470922,0.14391367887595552
5-17A,5.0,339.0928,1.3564438435484376,0.5090012644202987
5-17A,5.0,341.1089,0.3115823712498084,0.16528302586918264
5-17A,5.0,344.0393,-0.39698869869193987,0.3040456148981125
5-17A,5.0,346.0556,-0.3723289539948134,0.1580289042938869
5-17A,5.0,348.087,0.38190997742183885,0.21550452162188635
5-17A,5.0,353.0489,0.1447853868450028,0.5946238125906282
5-17A,5.0,357.089,-0.28951791825101203,0.22288378268478654
5-17A,5.0,375.131,0.11006858355592788,0.6235736016300396
5-17A,5.0,377.1496,0.22272419948816907,0.4018138344294855
5-17A,5.0,383.1188,0.22473920808211145,0.3096095197486552
5-17A,5.0,388.9416,-0.18782104413308529,0.16758217216551122
5-17A,5.0,388.9442,-0.48783465868836684,0.24161460163809767
5-17A,5.0,401.0756,0.29358209323384155,0.07279576492686902
5-17A,5.0,407.2795,-0.6670121387602657,0.48515735150698464
5-17A,5.0,421.0743,-0.5390517500432029,0.856505907863267
5-17A,5.0,426.0222,-0.12889724768831293,0.5199985779471615
5-17A,5.0,442.9997,-0.0555863134424429,0.21484055721842138
5-17A,5.0,466.9657,0.3205910432041041,0.1611505103803282
5-17A,5.0,490.9787,0.03307459240818329,1.0574191473199699
5-17A,5.0,503.1614,0.11722533206887795,0.4279272857261841
5-17A,5.0,547.0731,0.3024792440970111,0.1729342231712005
5-17A,5.0,565.0471,0.4486946846624794,0.36421321644660193
5-17A,5.0,578.8872,0.5237960020852552,0.2284146773048478
5-17A,5.0,579.0269,-0.08140130496543524,0.1319304684050608
5-17A,5.0,612.2549,0.14357040124639844,0.22175003092107598
5-17A,5.0,624.2949,-0.3095992546490446,0.8056889012450875
5-17A,5.0,659.307,0.2964878367199814,0.6794291932989144
5-17A,5.0,664.0939,-0.34812692796732514,0.27794081057670184
5-17A,5.0,665.2144,-0.24987289390562956,0.7385788454766234
5-17A,5.0,668.1374,-0.5866232885657939,0.004020350899337183
5-17A,5.0,787.255,1.1303344491747986,0.4009221738886686
5-17A,5.0,790.2568,0.2542085753914824,0.35580484493692577
5-17A,5.0,835.0407,-0.6914867685087993,0.21892400865752354
5-17A,5.0,863.2971,-0.6392345243506838,0.07600772744802349
5-17A,5.0,864.1473,0.24859052153687666,0.777641797523247
5-17A,5.0,974.2935,-0.09600896428363223,0.17604003157060424
5-17A,5.0,976.7162,0.8209920860267732,0.25624060952353167
5-17A,6.0,57.0342,0.5840174643914648,0.2647740371990811
5-17A,6.0,58.0295,0.34727661339007554,0.24192400163824695
5-17A,6.0,59.0135,0.418036409229973,0.22135141838133987
5-17A,6.0,71.0137,0.17917430274601293,0.09439502308092675
5-17A,6.0,73.0293,0.20989171918963165,0.10826447359081345
5-17A,6.0,74.0247,-0.22674484157488417,0.1029224333842942
5-17A,6.0,75.0087,1.221158840903751,0.4982406372969939
5-17A,6.0,87.0088,-0.13068675083147419,0.038130980323309305
5-17A,6.0,87.0451,0.3719043777410622,0.529205590981802
5-17A,6.0,88.0403,-0.010144251807113862,0.06338373836804943
5-17A,6.0,88.9883,-0.38950056974112035,0.25389707432088454
5-17A,6.0,89.0244,1.0129219547934454,0.18206086792232568
5-17A,6.0,93.0338,-0.029859112178243042,0.022921530952056922
5-17A,6.0,94.9761,-0.7298232142451115,0.35171284627409627
5-17A,6.0,94.9806,0.7266385854205929,0.2558282852918093
5-17A,6.0,95.0139,0.14783703624041786,0.22030465705257568
5-17A,6.0,101.0242,0.2664194622290543,0.19865070670314658
5-17A,6.0,102.056,-0.3559506348556408,0.047365157632670435
5-17A,6.0,103.0402,0.9980127156337832,0.2480990179677295
5-17A,6.0,103.0509,1.0065292109264632,0.29987277061102147
5-17A,6.0,104.0352,-0.8149226065475452,0.09038851820313014
5-17A,6.0,105.0193,0.9560289166509067,0.17928072830453398
5-17A,6.0,107.0503,-0.010463930265115674,0.41367706319435177
5-17A,6.0,109.0295,0.8116996260316819,0.13619840701061053
5-17A,6.0,111.02,0.16921701063085703,0.07492823233910603
5-17A,6.0,112.0516,-0.20327298328672058,0.5668042655372727
5-17A,6.0,113.0244,0.03346164445383398,0.02724986739860745
5-17A,6.0,113.0357,0.788738932903273,0.06260760905317395
5-17A,6.0,114.056,-0.24181562267576287,0.0009145040669799605
5-17A,6.0,115.0037,0.23261844110744279,0.052763499351557705
5-17A,6.0,115.0402,1.857027287986082,0.3857579250671381
5-17A,6.0,115.0764,0.2458621404939124,0.3748333978291813
5-17A,6.0,116.0354,-0.008635295846055532,0.39166489265370535
5-17A,6.0,116.0717,-0.6997457861831125,0.026599436043426943
5-17A,6.0,117.0194,0.18313748479650865,0.08359705087383845
5-17A,6.0,118.0508,0.17970098972630985,0.18014762422727118
5-17A,6.0,118.9804,0.008243805054698704,0.0506697473351973
5-17A,6.0,119.0503,0.4421222985581967,0.1842761216629135
5-17A,6.0,120.9273,-0.4719951538425765,0.0949166628703814
5-17A,6.0,121.0295,0.23002604277609257,0.12067036684754466
5-17A,6.0,121.0409,0.534351764577447,0.2009010502633168
5-17A,6.0,122.0248,1.068622565329086,0.17004765288155035
5-17A,6.0,124.0075,-0.3021737646707898,0.2513713868501231
5-17A,6.0,124.0144,0.6107844306078634,0.2406910552112954
5-17A,6.0,125.0439,0.9850652801022723,0.2679477261569348
5-17A,6.0,127.0764,-0.20883385728721432,0.24912795510157196
5-17A,6.0,128.0354,-0.35111870569678233,0.00445741481453336
5-17A,6.0,129.0193,0.35893686118916845,0.2256469641707716
5-17A,6.0,129.0556,0.45836269029896215,0.2288386805277219
5-17A,6.0,130.0142,0.5373895440129499,0.5646325531984477
5-17A,6.0,130.0509,0.4856280129389382,0.11140022125431669
5-17A,6.0,130.0874,-0.917939801271708,0.04327957269593728
5-17A,6.0,131.0008,0.16584537309968578,0.1369795061044833
5-17A,6.0,131.0123,0.2033730702208557,0.05925026069080657
5-17A,6.0,131.035,0.6502326201151797,0.2634396053918611
5-17A,6.0,131.0462,0.5894874173811038,0.2316007681003826
5-17A,6.0,131.0828,-0.32279268977465736,0.053719643676275124
5-17A,6.0,132.0302,0.3184553482355268,0.07847760527053434
5-17A,6.0,133.0142,0.31341813751621783,0.13221583180352123
5-17A,6.0,133.0257,0.2496693208176634,0.1692822270067726
5-17A,6.0,133.0505,0.8884612557309228,0.1838569291522683
5-17A,6.0,134.0472,-0.2894670279678688,0.11441162630824986
5-17A,6.0,134.0604,0.5971688647173814,0.5720852646812442
5-17A,6.0,135.0302,-0.3468340304017181,0.15345636345314254
5-17A,6.0,135.0453,0.6162816566796332,0.20676734063669544
5-17A,6.0,136.0404,-0.07318852996709105,0.06557304274955317
5-17A,6.0,136.0487,0.37193706009905375,0.26513907495525124
5-17A,6.0,136.0767,-0.4583176406526564,0.45517964220690244
5-17A,6.0,137.0239,0.08448556625897057,0.11825999208745043
5-17A,6.0,138.9789,-0.08092455743329444,0.25978499230953217
5-17A,6.0,139.0014,0.7350052492474606,0.0429105341859228
5-17A,6.0,139.0067,-0.6573599705354835,0.09592912318456243
5-17A,6.0,139.976,-0.565767204417216,0.2682919474664626
5-17A,6.0,143.0713,-0.1999495290841713,0.40476915818457515
5-17A,6.0,143.1077,0.32340216268958827,0.8219525847045724
5-17A,6.0,145.0141,-0.27691764801311913,0.15117190418747148
5-17A,6.0,145.0506,-0.47254821442378625,0.13919898710338163
5-17A,6.0,145.0623,-0.49592130620789066,0.2530425749300225
5-17A,6.0,145.0982,-0.8166456650953732,0.13460373221700425
5-17A,6.0,145.1106,-0.5029031201682311,0.9395711955207973
5-17A,6.0,146.0459,-0.2790570466363681,0.01629783760742249
5-17A,6.0,147.0298,-0.01762206247131777,0.12219352922764935
5-17A,6.0,147.0662,1.0890479066420733,0.16908501340972512
5-17A,6.0,149.0092,-0.022488429015647474,0.5192175428624531
5-17A,6.0,149.0456,0.6138920037833466,0.23792266162760026
5-17A,6.0,149.0608,-0.20777919858121324,0.6804890552956663
5-17A,6.0,150.0422,-0.6216880339385047,0.6961481651178818
5-17A,6.0,150.9707,-0.4958616730002447,0.5209900285548725
5-17A,6.0,151.0259,-0.6781513988320655,0.061805002412615
5-17A,6.0,151.04,-0.37702366014357186,0.6791979767747528
5-17A,6.0,151.06,-0.8270669467508772,0.5364787145496815
5-17A,6.0,152.0353,-0.08053489837942772,0.5704650302512062
5-17A,6.0,152.0716,0.05130245766686104,0.5612484508151572
5-17A,6.0,153.0192,0.850029705072924,0.19915913137730454
5-17A,6.0,154.062,-0.5812407382581027,0.11896223908099514
5-17A,6.0,154.9751,0.2532414986182465,0.08246186601001422
5-17A,6.0,155.0099,0.2359233437908934,0.09950969494119011
5-17A,6.0,157.0128,0.040285649554978264,0.09297989235393014
5-17A,6.0,157.0255,0.6867132081836542,0.06327148759589021
5-17A,6.0,157.0379,0.757681741520578,0.17200293283377702
5-17A,6.0,157.0504,0.38544905736339663,0.09491508863046957
5-17A,6.0,159.0297,0.22827393259620524,0.2553179451790614
5-17A,6.0,159.0775,0.616422940406375,0.052639524149576795
5-17A,6.0,160.0616,0.5892164985014058,0.38472372626116547
5-17A,6.0,161.0453,0.6571797246432962,0.17773862786472866
5-17A,6.0,162.0424,0.7925157672106242,0.2597875149776503
5-17A,6.0,163.0351,-0.7372862603320819,0.26218036547155504
5-17A,6.0,163.0398,1.6055014435615806,0.09371431466153299
5-17A,6.0,163.0611,0.9289126191722032,1.1943097981247117
5-17A,6.0,164.0716,-0.5536578135582562,0.09814552547415967
5-17A,6.0,165.03,-0.1121179346971698,0.06915623375523376
5-17A,6.0,165.0405,-0.32358550055797464,0.35490363333113933
5-17A,6.0,165.0556,-0.1437705569143383,0.17469722830620948
5-17A,6.0,166.0508,1.4018790671342565,0.2723346605944196
5-17A,6.0,166.0632,0.114076307681993,1.2581992324336824
5-17A,6.0,166.9759,-0.21894064412561537,0.3474240122187745
5-17A,6.0,167.0207,-0.5732527725946619,0.4067153743013337
5-17A,6.0,167.0358,-0.5121062683488796,0.38256354877220233
5-17A,6.0,167.0828,0.4892030601645191,0.7389134932140758
5-17A,6.0,168.0277,-0.25047882600436067,0.015299625378321871
5-17A,6.0,168.0664,0.7038635074472458,0.563217015671143
5-17A,6.0,170.0455,-0.08036341856490783,0.06769314510674548
5-17A,6.0,171.0065,-0.03964708468197469,0.24629797216537555
5-17A,6.0,171.0092,0.02690413551266358,0.41203369759724073
5-17A,6.0,171.0284,0.5710525862832643,0.05270239677213024
5-17A,6.0,172.0616,1.4957625984867664,0.10350566639466643
5-17A,6.0,172.962,-0.2573402798146788,0.06258242635057426
5-17A,6.0,173.0089,0.5345284540193629,0.10923890587286512
5-17A,6.0,173.0453,0.08391002180568988,0.14171165939871527
5-17A,6.0,173.0932,-0.12842157255218573,0.03345774113834571
5-17A,6.0,173.1041,-0.4489478811107941,0.8696302726389766
5-17A,6.0,174.0407,0.6530642558292883,0.05526792812151898
5-17A,6.0,174.088,0.23723188286658814,0.18016104844160796
5-17A,6.0,175.022,-0.3117818334781192,0.19257783346966462
5-17A,6.0,175.0361,0.27144608697577244,0.04342701337400947
5-17A,6.0,175.0611,0.5701936627480435,0.11793615990810154
5-17A,6.0,176.0776,0.9336903806833787,0.29226629494642664
5-17A,6.0,177.0402,-0.07934680641281919,0.536078217503693
5-17A,6.0,177.0553,0.3201652375498889,0.5897815344610412
5-17A,6.0,178.0509,0.16723330268031103,0.1397031889951595
5-17A,6.0,179.0348,1.0266838262034748,0.3189709769408674
5-17A,6.0,179.0561,0.11940347985398653,0.1022253641961631
5-17A,6.0,180.0663,0.06980062720891811,0.08123907274497814
5-17A,6.0,181.0505,-0.04958520418239569,0.06946968087939841
5-17A,6.0,182.9725,-0.20760128674258307,0.19889754464990034
5-17A,6.0,183.0661,0.23365416432656533,0.3965325021227877
5-17A,6.0,184.0017,-0.3213138703091073,0.07716229338586778
5-17A,6.0,184.9856,-0.36069079759008954,0.13324345499988122
5-17A,6.0,186.1136,-0.037654174107962714,0.5323740630457104
5-17A,6.0,187.0234,1.1025041392520545,0.2808369963001237
5-17A,6.0,188.035,-0.08632866360063145,0.3590906113606442
5-17A,6.0,188.0565,0.4541119834671111,0.14958094662487423
5-17A,6.0,189.0405,-0.27478020798497554,0.05958248534454325
5-17A,6.0,191.0197,0.6094375857234133,0.36711052563098256
5-17A,6.0,191.0561,0.6292529874681153,0.14208201159948686
5-17A,6.0,192.0663,-0.07567365886744329,0.3774889000043275
5-17A,6.0,193.0349,-0.03853370912847258,0.6141128237782573
5-17A,6.0,194.0682,-0.6356812298036496,0.1750360384508942
5-17A,6.0,194.0822,0.08012971943307139,0.5856950944813133
5-17A,6.0,195.0509,-0.43840158774850935,0.04732731027371119
5-17A,6.0,195.0657,-0.8800167785861872,0.6567114567619475
5-17A,6.0,196.0603,0.8780960130988753,0.3176326261067608
5-17A,6.0,198.0182,0.07805375702574985,0.4883460915041377
5-17A,6.0,199.0019,0.5658040048284436,0.2248058035568097
5-17A,6.0,200.9937,0.24107590964006959,0.28869710748336874
5-17A,6.0,201.0051,0.9771264524038226,0.09931640303124291
5-17A,6.0,203.0348,-0.45025044827054134,0.22431185220217767
5-17A,6.0,203.0826,-0.08411056183709116,0.008274251669334183
5-17A,6.0,204.0498,0.12976670578151484,0.6771877287679292
5-17A,6.0,205.0351,0.7737587661216442,0.36770780781196066
5-17A,6.0,206.0822,0.9417750311335955,0.646538640678857
5-17A,6.0,209.0292,-0.1987773712703763,0.37006071197124984
5-17A,6.0,209.0814,-0.39484561316133915,0.36494015151542675
5-17A,6.0,211.0235,0.08874771829955246,0.4780293712174276
5-17A,6.0,211.9968,0.5119513300620138,0.1691835946914183
5-17A,6.0,212.0331,-0.4274954490242426,0.3918063537340831
5-17A,6.0,212.9807,-0.3285526405772654,0.09140581527435043
5-17A,6.0,213.014,0.2877642807037974,0.4258680281308076
5-17A,6.0,213.0384,0.014894749432776211,0.27224282802449085
5-17A,6.0,213.1252,0.48537040271291493,0.549538973283237
5-17A,6.0,214.0488,0.1128993981475527,0.7541842332866348
5-17A,6.0,215.0331,0.5432405414337586,0.17098452287948418
5-17A,6.0,216.1351,0.05343371315503602,0.14257024634301782
5-17A,6.0,218.0335,0.42920864759496624,0.1422652990169592
5-17A,6.0,218.1034,1.6904265124761715,0.22679271920635058
5-17A,6.0,220.0828,0.15970500442441,0.6548772420104799
5-17A,6.0,221.0443,-0.07200377166985264,0.08038628586921225
5-17A,6.0,221.0664,0.2538568623458263,0.6114629920911551
5-17A,6.0,225.0399,0.005175250855181057,1.0206086204475548
5-17A,6.0,225.0861,-0.8376572920584713,0.6720488207828085
5-17A,6.0,225.0901,-0.9401340835367002,1.1767581830927278
5-17A,6.0,226.0135,-0.5180180018894952,0.33138877882589807
5-17A,6.0,226.0697,0.15801058579677996,0.17949565067337453
5-17A,6.0,228.0501,0.023007419534604237,0.1824714404167676
5-17A,6.0,229.0122,0.1291998076359645,0.17619694091277185
5-17A,6.0,237.0614,0.22464587034185712,0.19549246365004877
5-17A,6.0,238.0945,-0.6661168846716314,0.3250501922447572
5-17A,6.0,240.0515,1.4289917436381694,0.08443683506056145
5-17A,6.0,241.0844,0.7184240318994985,0.6201274738984499
5-17A,6.0,242.0804,-0.0013270402937224507,0.41740239321480627
5-17A,6.0,243.029,0.04500438918889688,0.37111366784304867
5-17A,6.0,243.0625,0.5179222105617743,0.30265028525964116
5-17A,6.0,245.0444,0.38988181684127104,0.3502600353596002
5-17A,6.0,246.0198,-0.4314261249214471,0.4340228179533529
5-17A,6.0,246.064,0.11860222425096417,0.22608629062437854
5-17A,6.0,251.0816,0.19687315450988868,1.4864160303827538
5-17A,6.0,253.0119,-0.18553998272801173,0.017318042188261763
5-17A,6.0,253.0499,0.09804255076016033,0.8951007657823397
5-17A,6.0,257.0072,-0.45077723078884346,0.20362269266782493
5-17A,6.0,257.1028,-0.6218388227470376,0.45748387599379314
5-17A,6.0,259.005,-0.09755051501805531,0.596810698163227
5-17A,6.0,259.0227,0.2131549039728341,0.1957517168207896
5-17A,6.0,261.0385,0.37746049785701086,0.13673580991526071
5-17A,6.0,266.0703,-0.3470714030032102,0.2522517998841421
5-17A,6.0,267.0724,1.1221559767239722,0.1278975061299005
5-17A,6.0,268.02,-0.011880833279963494,0.6009269216484665
5-17A,6.0,269.0398,-0.04580202664925932,0.230092954282324
5-17A,6.0,271.0612,0.3232785421726353,0.39624270889348523
5-17A,6.0,271.0815,-0.00622160113488527,0.28958461139966235
5-17A,6.0,273.0021,-0.08467875347656081,0.23901566062189
5-17A,6.0,274.0933,1.679756465333535,0.09355936785657747
5-17A,6.0,275.0184,0.3546399909012353,0.4417709550859215
5-17A,6.0,275.0991,-0.040970528587185,0.4494391217105659
5-17A,6.0,277.1207,-0.3540505743959209,0.0343416010913651
5-17A,6.0,277.2169,-0.5472139149587893,0.18963472942745455
5-17A,6.0,279.2331,-0.4022114081284895,0.02016792351035282
5-17A,6.0,282.0839,0.4775774949166087,0.19067832591640818
5-17A,6.0,283.2063,-0.6447663238665926,0.21422740304108506
5-17A,6.0,285.0972,-0.3339516206933317,0.7668710943242951
5-17A,6.0,287.0157,-0.008308711022616962,0.23865829834787872
5-17A,6.0,288.0725,-0.07153652773899251,0.25061875736056305
5-17A,6.0,289.0333,-0.3031055817614679,0.6803468315816609
5-17A,6.0,289.1044,0.2184783617987886,0.14395125946124915
5-17A,6.0,290.9677,-0.19123795160398716,0.1723431294866431
5-17A,6.0,294.0479,-0.6700223266433603,0.37705832429153857
5-17A,6.0,300.0509,-0.10153021810807222,0.8350416474709941
5-17A,6.0,301.0333,0.17608710163306276,0.7814078161996147
5-17A,6.0,303.2326,-0.7705065687749372,0.1003036223866496
5-17A,6.0,305.0207,-0.22027019884151933,0.12604348404915552
5-17A,6.0,306.0481,1.2291259526133085,0.3650191267353662
5-17A,6.0,306.0765,0.11363119788627365,0.05085888173178972
5-17A,6.0,308.0986,-0.33508895747109274,0.018472915411832443
5-17A,6.0,313.0441,0.26936362115974094,0.46826073099204074
5-17A,6.0,313.1037,-0.3957579909352592,0.13974131801046458
5-17A,6.0,317.026,-0.342924227368804,0.9205740796764346
5-17A,6.0,323.0256,-1.3282795195488037,0.31271001010953303
5-17A,6.0,325.1163,-0.28892835611074374,0.3178835397735717
5-17A,6.0,328.0457,-0.1479581333968863,0.12661274124251126
5-17A,6.0,333.0589,0.35243669826352786,0.22877086013586845
5-17A,6.0,338.9884,-0.45556946572101364,0.7014010493923996
5-17A,6.0,339.0928,-0.10478570773699081,0.2609960767708207
5-17A,6.0,341.1089,0.06701170528800583,0.23019856731036717
5-17A,6.0,344.0393,-0.4447825700734542,0.39782142085082495
5-17A,6.0,346.0556,-0.8142822665672653,0.05926334849881326
5-17A,6.0,348.087,0.5087414502225995,0.41494863703097906
5-17A,6.0,353.0489,0.008646757185086881,0.6699274363493973
5-17A,6.0,357.089,-0.19704934504934143,0.3691195888800058
5-17A,6.0,375.131,-0.07839718779519503,0.31155695889584895
5-17A,6.0,377.1496,-0.1688887362590093,0.4620018232968856
5-17A,6.0,383.1188,0.14002835758563692,0.3782840662791907
5-17A,6.0,388.9416,0.2845884534129177,0.32877089753405214
5-17A,6.0,388.9442,-0.10722037156599473,0.37590145146526727
5-17A,6.0,401.0756,-0.21519792690943773,0.055736560223857756
5-17A,6.0,407.2795,-0.7707162327549804,0.08642782769245486
5-17A,6.0,421.0743,-0.32464331487075554,0.2923063914255346
5-17A,6.0,426.0222,-0.11401251087747935,0.3549880429807175
5-17A,6.0,442.9997,-0.17606849995202825,0.25830336447595315
5-17A,6.0,466.9657,0.07746261136110133,0.2628106936243105
5-17A,6.0,490.9787,-0.06794240856930944,1.6929461425868424
5-17A,6.0,503.1614,0.07654448809166331,0.40334678655903505
5-17A,6.0,547.0731,0.3245101370395961,0.1054916039787444
5-17A,6.0,565.0471,0.06040275258106393,0.3525380992948728
5-17A,6.0,578.8872,-0.05081407532403863,0.04002098595364929
5-17A,6.0,579.0269,-0.4862393302670722,0.12318518071206058
5-17A,6.0,612.2549,0.4803545093216602,0.5331892903011279
5-17A,6.0,624.2949,-0.5610663546432111,0.2187685181648315
5-17A,6.0,659.307,0.1152766886603171,0.17214641798099153
5-17A,6.0,664.0939,-0.21453031892588026,0.1942193456123871
5-17A,6.0,665.2144,-0.33687392668781896,0.6616668343995119
5-17A,6.0,668.1374,-0.6080737860515955,0.0006739870642695597
5-17A,6.0,787.255,0.2668073579202696,0.603516545674566
5-17A,6.0,790.2568,0.34075188355627656,0.4734799937199199
5-17A,6.0,835.0407,-0.5364290574817723,0.3293805421051146
5-17A,6.0,863.2971,-0.5402400313003874,0.1080316856686432
5-17A,6.0,864.1473,-0.045279786138543644,0.32993955485000315
5-17A,6.0,974.2935,-0.3614909142045899,0.4429554891696726
5-17A,6.0,976.7162,0.2977104293776157,0.2730096960075817
5-17A,7.0,57.0342,0.006348179768004865,0.16482172461088523
5-17A,7.0,58.0295,0.6694566228613559,0.19396363274066863
5-17A,7.0,59.0135,-0.3756104586801964,0.10930511765215462
5-17A,7.0,71.0137,-0.3709792998991547,0.060169377966769265
5-17A,7.0,73.0293,0.5198963296724114,0.07400942624505404
5-17A,7.0,74.0247,0.2695772702205162,0.30571873567199587
5-17A,7.0,75.0087,0.4815172987346569,0.5734829405767382
5-17A,7.0,87.0088,0.44445873936742086,0.05302364935800278
5-17A,7.0,87.0451,-0.3025340974367434,0.21739111696879868
5-17A,7.0,88.0403,0.3399045295833055,0.1075599898164436
5-17A,7.0,88.9883,-0.7901983575646243,0.3742592256550669
5-17A,7.0,89.0244,1.443558509344241,0.1887842889257835
5-17A,7.0,93.0338,-0.014059489992893378,0.022237870528016995
5-17A,7.0,94.9761,-0.7457757230735002,0.24212413616336856
5-17A,7.0,94.9806,0.5534399181409457,0.1348417072320139
5-17A,7.0,95.0139,-0.4442714660797114,0.14132455963286197
5-17A,7.0,101.0242,-0.19335728086918963,0.11166503009478643
5-17A,7.0,102.056,-0.3166680872144306,0.015558127987926678
5-17A,7.0,103.0402,1.8158559488214445,0.1863955767002513
5-17A,7.0,103.0509,1.7477037676762295,0.23310936047399966
5-17A,7.0,104.0352,-0.4541758650632147,0.12238306983374128
5-17A,7.0,105.0193,-0.06933881760453545,0.22417836118091033
5-17A,7.0,107.0503,0.14788017391806219,0.14407528561289099
5-17A,7.0,109.0295,1.2358331100066713,0.25407854745653446
5-17A,7.0,111.02,-0.04162840666700191,0.05244118541145357
5-17A,7.0,112.0516,-0.399478459862157,0.6727106134721956
5-17A,7.0,113.0244,-0.48809217319106424,0.06382402745103902
5-17A,7.0,113.0357,0.5630162843477078,0.1828252713247201
5-17A,7.0,114.056,-0.23785945302823794,0.002756457349618705
5-17A,7.0,115.0037,0.489128326167286,0.13554469209718006
5-17A,7.0,115.0402,2.0148180355941214,0.32605147883799723
5-17A,7.0,115.0764,-0.043886818862195906,0.4781514308965214
5-17A,7.0,116.0354,-0.022149484613114986,0.18645582313881803
5-17A,7.0,116.0717,-0.555091913742014,0.02180969090457886
5-17A,7.0,117.0194,0.4421628047291133,0.07302323567766916
5-17A,7.0,118.0508,0.4402761442079697,0.1218690392055388
5-17A,7.0,118.9804,-0.3916414048379704,0.049391726207792086
5-17A,7.0,119.0503,0.02137074700966217,0.2776391677922406
5-17A,7.0,120.9273,-0.3877795248053943,0.06327803147337642
5-17A,7.0,121.0295,0.2905809557107163,0.37116735424701386
5-17A,7.0,121.0409,0.04337097928654536,0.3206738901045632
5-17A,7.0,122.0248,0.8718534153733699,0.3116438960698276
5-17A,7.0,124.0075,-0.17952585511199956,0.19531996001480517
5-17A,7.0,124.0144,-0.25181330140664115,0.33183284300232063
5-17A,7.0,125.0439,0.572165562584557,0.07867559557024793
5-17A,7.0,127.0764,-0.11796511288694941,0.5498467688508902
5-17A,7.0,128.0354,-0.30847064304645777,0.00812923487476137
5-17A,7.0,129.0193,0.6599931823931796,0.07471598324290837
5-17A,7.0,129.0556,1.9299625990500693,0.5895128232047162
5-17A,7.0,130.0142,1.1482314220468552,0.20081253668866497
5-17A,7.0,130.0509,0.7241744774628168,0.06691889760697119
5-17A,7.0,130.0874,-0.6380261703064353,0.032692358317665086
5-17A,7.0,131.0008,0.6542807478178567,0.7712347549709359
5-17A,7.0,131.0123,1.231949404853983,0.1632314968007984
5-17A,7.0,131.035,-0.23780610056746146,0.1278354701042082
5-17A,7.0,131.0462,-0.3598897645901471,0.2992579025174621
5-17A,7.0,131.0828,0.029891265643469615,0.10633132167263229
5-17A,7.0,132.0302,0.4206359777444369,0.10690108261233745
5-17A,7.0,133.0142,0.3558916712266569,0.07738353640027805
5-17A,7.0,133.0257,0.41597342873306187,0.12187639949252539
5-17A,7.0,133.0505,0.9233715571315461,0.06674398904956644
5-17A,7.0,134.0472,-0.32501022333265683,0.21902328834445828
5-17A,7.0,134.0604,0.42717324666983103,0.3315877988017379
5-17A,7.0,135.0302,-0.0025391987897787297,0.10726641472067062
5-17A,7.0,135.0453,0.5309453886565229,0.19349880426859917
5-17A,7.0,136.0404,0.09179462424268563,0.05313754485329173
5-17A,7.0,136.0487,0.6101493386988536,0.23213875914843157
5-17A,7.0,136.0767,0.17127995594477946,0.7993524772817509
5-17A,7.0,137.0239,0.2093901670998714,0.0923164334313346
5-17A,7.0,138.9789,-0.2632532987458476,0.22054358500467455
5-17A,7.0,139.0014,1.120506763034268,0.12704443255938982
5-17A,7.0,139.0067,-0.645534317121675,0.024632253523206117
5-17A,7.0,139.976,0.20931294363531494,0.10496261036611011
5-17A,7.0,143.0713,-0.23216421163440942,0.27771167560194254
5-17A,7.0,143.1077,0.1935968435730843,0.33989762818097974
5-17A,7.0,145.0141,-0.23736528970241194,0.11957314581121681
5-17A,7.0,145.0506,0.012638252135954778,0.22442045259026067
5-17A,7.0,145.0623,-0.20272579716858108,0.2507371000598109
5-17A,7.0,145.0982,-0.5901461890805493,0.09213090593747282
5-17A,7.0,145.1106,-0.37664762826843257,0.38217864710652033
5-17A,7.0,146.0459,-0.31997239983582476,0.008276848824129272
5-17A,7.0,147.0298,0.3349021786831753,0.11483718409740465
5-17A,7.0,147.0662,0.9709823160897555,0.062132570803700826
5-17A,7.0,149.0092,-0.2649053687231276,0.33712585310179055
5-17A,7.0,149.0456,0.1273680771328976,0.20200423551930274
5-17A,7.0,149.0608,0.22430891689851093,0.539460339547913
5-17A,7.0,150.0422,0.3632740243819268,0.39557107206860675
5-17A,7.0,150.9707,0.10055262802721567,0.6130638583991195
5-17A,7.0,151.0259,-0.6546411039356097,0.06327798178352498
5-17A,7.0,151.04,0.1222121782401032,0.573441620831583
5-17A,7.0,151.06,-0.5194913309265812,0.9698786208179632
5-17A,7.0,152.0353,0.3564472108484864,0.33891673415930945
5-17A,7.0,152.0716,-0.44128237118305247,0.33303038275209995
5-17A,7.0,153.0192,1.055569982831912,0.07305152155619322
5-17A,7.0,154.062,-0.34418702791312644,0.1336072582018434
5-17A,7.0,154.9751,0.5948285398499159,0.09684094214952882
5-17A,7.0,155.0099,0.02281281154782923,0.05240463844285979
5-17A,7.0,157.0128,0.6740718661591696,0.15863003276253462
5-17A,7.0,157.0255,0.6964046921344655,0.11501816964345991
5-17A,7.0,157.0379,0.7073367958436969,0.12926695488401332
5-17A,7.0,157.0504,0.9842731664587652,0.11360085021815435
5-17A,7.0,159.0297,-0.42941632751976966,0.12781853263391016
5-17A,7.0,159.0775,0.9936762910610948,0.1823220639914553
5-17A,7.0,160.0616,0.6032912265099797,0.35661522715687305
5-17A,7.0,161.0453,0.08621200298463749,0.05150904816619471
5-17A,7.0,162.0424,0.6572949091983706,0.36841019594680746
5-17A,7.0,163.0351,-0.784824050538625,0.06399699625926725
5-17A,7.0,163.0398,1.8290506211950421,0.11380840540021013
5-17A,7.0,163.0611,0.6293163891230613,0.30703305304948475
5-17A,7.0,164.0716,-0.3537907118407979,0.12382920849686893
5-17A,7.0,165.03,0.9602116746042009,0.5629118306753645
5-17A,7.0,165.0405,0.7178937144164497,0.5593633941536995
5-17A,7.0,165.0556,-0.046093005507948565,0.09085413281144919
5-17A,7.0,166.0508,2.0222402202703766,0.5578819607735104
5-17A,7.0,166.0632,0.34937491069695087,0.8236399653372436
5-17A,7.0,166.9759,-0.05328961043350597,0.4295986900286409
5-17A,7.0,167.0207,0.19501048857970738,0.2712244910062696
5-17A,7.0,167.0358,-0.18733638770464597,0.4056927381281384
5-17A,7.0,167.0828,-0.16549244912477173,0.32173261412788967
5-17A,7.0,168.0277,-0.27040122042244286,0.04754473691453486
5-17A,7.0,168.0664,0.02630158013447939,0.6589295632277887
5-17A,7.0,170.0455,0.8155436081317926,0.12053727685306832
5-17A,7.0,171.0065,0.11456636344795536,0.2612848238312231
5-17A,7.0,171.0092,0.20252407354517973,0.41498899441386733
5-17A,7.0,171.0284,1.3262720898137093,0.0927216592162351
5-17A,7.0,172.0616,0.5680944343838674,0.5310717405686678
5-17A,7.0,172.962,0.04028677592156788,0.08457202520240915
5-17A,7.0,173.0089,1.1818190815518617,0.2749306523494736
5-17A,7.0,173.0453,0.6121476494568732,0.1845227663379732
5-17A,7.0,173.0932,0.03655414567317092,0.03186959079548192
5-17A,7.0,173.1041,0.11463859252915158,0.9213963776956036
5-17A,7.0,174.0407,0.7816453821475009,0.03869040418202622
5-17A,7.0,174.088,0.23723188286658814,0.17610922467514734
5-17A,7.0,175.022,0.1086621432124356,0.1246777372575187
5-17A,7.0,175.0361,0.33144499794967586,0.07124620055590744
5-17A,7.0,175.0611,0.8563187945910458,0.06491688820705799
5-17A,7.0,176.0776,0.822006071439082,0.2045036043094906
5-17A,7.0,177.0402,-0.2992806293992642,0.38566290298939143
5-17A,7.0,177.0553,0.33135091479913414,0.5797189715849567
5-17A,7.0,178.0509,0.7321128048160226,0.08960842169600929
5-17A,7.0,179.0348,0.9228475403267423,0.32191665732122027
5-17A,7.0,179.0561,-0.4553322295935567,0.07266194378417269
5-17A,7.0,180.0663,-0.45606073427303645,0.02427474683807887
5-17A,7.0,181.0505,-0.18057774464812898,0.22017466145138329
5-17A,7.0,182.9725,-0.40478983602093865,0.14344160675170667
5-17A,7.0,183.0661,0.07297247547501241,0.4044538813493122
5-17A,7.0,184.0017,-0.3213138703091073,0.03558418124505475
5-17A,7.0,184.9856,-0.291147627620244,0.1166307438381894
5-17A,7.0,186.1136,-0.05880442676837369,0.44045047437170837
5-17A,7.0,187.0234,0.5746225245260039,0.5896490196675584
5-17A,7.0,188.035,-0.4969022678549909,0.7109775542251555
5-17A,7.0,188.0565,0.7348614914471308,0.05831310404923713
5-17A,7.0,189.0405,-0.4412636619432787,0.04634808232273173
5-17A,7.0,191.0197,0.7733651208575382,0.34915125125688384
5-17A,7.0,191.0561,1.2426558188628842,0.09783212299745789
5-17A,7.0,192.0663,-0.404802382513786,1.1998127505433627
5-17A,7.0,193.0349,0.025028876152058406,0.44706153382653885
5-17A,7.0,194.0682,1.1880661676414805,0.23237225298009923
5-17A,7.0,194.0822,0.28503305397420087,0.13071256344466994
5-17A,7.0,195.0509,-0.5830833841812461,0.08467837658052002
5-17A,7.0,195.0657,0.024983265425706662,0.33642789299852777
5-17A,7.0,196.0603,1.5647585866395375,0.1060733053693158
5-17A,7.0,198.0182,0.09490052382513806,0.30010699742932967
5-17A,7.0,199.0019,1.0868233983992988,0.5110114808074383
5-17A,7.0,200.9937,-0.39913762413365994,0.17117177521283375
5-17A,7.0,201.0051,1.3119229185406789,0.34962602921345365
5-17A,7.0,203.0348,2.5353960120374337,0.4443222636172863
5-17A,7.0,203.0826,-0.09317719898920525,0.014647639876742183
5-17A,7.0,204.0498,0.3446310610034357,0.40741548340775374
5-17A,7.0,205.0351,1.2351953304182939,0.25121590428543683
5-17A,7.0,206.0822,0.7643152397719357,0.3108347536044496
5-17A,7.0,209.0292,0.5275309428712394,0.4476660721972557
5-17A,7.0,209.0814,-0.22204176665995387,0.20971186145214044
5-17A,7.0,211.0235,0.6635108428351738,0.5178414724134559
5-17A,7.0,211.9968,0.4860178103148074,0.09911718784643161
5-17A,7.0,212.0331,0.6621481224699906,0.48272791766822953
5-17A,7.0,212.9807,-0.020546459228140794,0.15424006602727586
5-17A,7.0,213.014,1.1454054153147277,0.49223379878104306
5-17A,7.0,213.0384,1.3815269296473516,0.3995532323370282
5-17A,7.0,213.1252,0.05698534607482002,0.3934546110911278
5-17A,7.0,214.0488,-1.0581021170521585,0.3393133947933322
5-17A,7.0,215.0331,-0.10309509470334141,0.1001379663770798
5-17A,7.0,216.1351,-0.34594408491287487,0.24189422771756022
5-17A,7.0,218.0335,-0.2213646490060449,0.08325735855710156
5-17A,7.0,218.1034,2.0331990156788367,0.27441106454201997
5-17A,7.0,220.0828,0.2086111112019609,0.6987290052300399
5-17A,7.0,221.0443,-0.3024626851706069,0.07986434951072888
5-17A,7.0,221.0664,0.4286801829841317,0.3578506619648543
5-17A,7.0,225.0399,0.15872643118394236,0.5329865489973081
5-17A,7.0,225.0861,-0.17954492446596942,0.39394015531629273
5-17A,7.0,225.0901,0.002831427530498365,1.176420963241879
5-17A,7.0,226.0135,-0.1427955903851827,0.15092379318751345
5-17A,7.0,226.0697,-0.11313821327994666,0.25744093554566067
5-17A,7.0,228.0501,1.2337327342231532,0.3842804149058627
5-17A,7.0,229.0122,0.61795432187371,0.17590324582423877
5-17A,7.0,237.0614,0.5703921389949882,0.22781782642594453
5-17A,7.0,238.0945,-0.604230102203537,0.16748665301042204
5-17A,7.0,240.0515,2.0994320654844607,0.17093506376244122
5-17A,7.0,241.0844,1.1053578673766982,0.7357844621938151
5-17A,7.0,242.0804,-0.14372598549597398,0.43916430495640413
5-17A,7.0,243.029,1.3851360367219292,0.5491577193698767
5-17A,7.0,243.0625,0.876374928825596,0.410706384463008
5-17A,7.0,245.0444,0.98611060685957,0.47929975616410303
5-17A,7.0,246.0198,0.19317966755269417,0.5150456887467848
5-17A,7.0,246.064,0.02518088419914455,0.3755496122376108
5-17A,7.0,251.0816,0.4235557072785029,0.4616183205741366
5-17A,7.0,253.0119,-0.216355826822569,0.02479923926134479
5-17A,7.0,253.0499,1.0221460343630693,1.2577997554172897
5-17A,7.0,257.0072,0.07660509484412859,0.15991485396877742
5-17A,7.0,257.1028,-0.5775735105196648,0.21529099159437914
5-17A,7.0,259.005,1.3488649551530538,0.841092664018198
5-17A,7.0,259.0227,-0.5702432729930502,0.12958275552017257
5-17A,7.0,261.0385,0.5568490237648713,0.11742378921909936
5-17A,7.0,266.0703,-0.35135213956948697,0.17613974888254788
5-17A,7.0,267.0724,2.0355749360161894,0.1974586450099038
5-17A,7.0,268.02,0.041702700833331774,0.4660075329282704
5-17A,7.0,269.0398,0.7312306405420239,0.12309377959454167
5-17A,7.0,271.0612,-0.027491900610806343,0.5859781427228496
5-17A,7.0,271.0815,0.43257523458458225,0.8697476379778214
5-17A,7.0,273.0021,0.5470402945678056,0.0918383107744651
5-17A,7.0,274.0933,2.182453834179811,0.5956256081403007
5-17A,7.0,275.0184,-0.11802311708913116,0.6385921145798514
5-17A,7.0,275.0991,1.5700432111433313,0.17127416339984725
5-17A,7.0,277.1207,-0.8193712760517393,0.032491043936992356
5-17A,7.0,277.2169,-0.526350298276944,0.28970863960514526
5-17A,7.0,279.2331,-0.3441746957341679,0.028493123845972947
5-17A,7.0,282.0839,-0.939720816193236,0.35138070269470106
5-17A,7.0,283.2063,-0.5404857745709744,0.18426682548830567
5-17A,7.0,285.0972,-0.4380429489556381,0.9140362421004035
5-17A,7.0,287.0157,-0.3696551685921108,0.18725659021657523
5-17A,7.0,288.0725,0.06593190538283737,0.19178027138010356
5-17A,7.0,289.0333,0.5550816281307359,0.6102223427528158
5-17A,7.0,289.1044,0.23717147550848325,0.3975186443815329
5-17A,7.0,290.9677,-0.15792158343819243,0.13815899140449606
5-17A,7.0,294.0479,-0.9946258919645611,0.7685656290066836
5-17A,7.0,300.0509,-0.05972580604364195,0.5962639468492321
5-17A,7.0,301.0333,-0.04222754203722694,0.433294700305297
5-17A,7.0,303.2326,-0.666037438025844,0.3044649102880768
5-17A,7.0,305.0207,-0.39337408802053847,0.1902204496228213
5-17A,7.0,306.0481,2.3010740833530967,0.5949836968947031
5-17A,7.0,306.0765,0.5669812309824295,0.12009794405402897
5-17A,7.0,308.0986,-0.3490407988708908,0.029588531921689802
5-17A,7.0,313.0441,0.8594053516573603,0.39089785906015106
5-17A,7.0,313.1037,0.546759724536211,0.6031628857393724
5-17A,7.0,317.026,0.32530765103401577,0.3129691853176728
5-17A,7.0,323.0256,-0.8434415125331199,0.4285748946974577
5-17A,7.0,325.1163,-0.8863655696148531,0.21721135292380161
5-17A,7.0,328.0457,-0.1728169148320342,0.11832468005682553
5-17A,7.0,333.0589,0.43723748878418106,0.4022462875302021
5-17A,7.0,338.9884,-0.5101805926741242,0.1291885534681279
5-17A,7.0,339.0928,-0.013240896946435904,0.5674742483570694
5-17A,7.0,341.1089,-0.03179501101695903,0.06406311189821721
5-17A,7.0,344.0393,-0.2810748267206812,0.29745404643490553
5-17A,7.0,346.0556,-0.473355574479262,0.15280777078342628
5-17A,7.0,348.087,1.5572947269307746,0.17248698326017306
5-17A,7.0,353.0489,0.3542294324756427,0.5731151133485647
5-17A,7.0,357.089,0.1330283466325714,0.2130127861020143
5-17A,7.0,375.131,-0.3084493030594765,0.3952777101165547
5-17A,7.0,377.1496,0.13450021558402353,0.26137798003276935
5-17A,7.0,383.1188,-0.2139419819889174,0.2792709570341254
5-17A,7.0,388.9416,0.5040013954011087,0.14958045001323808
5-17A,7.0,388.9442,-0.06094961509229459,0.29993903691608287
5-17A,7.0,401.0756,-0.5418187697786007,0.0656564649415413
5-17A,7.0,407.2795,-0.6666022411555435,0.3337570113856848
5-17A,7.0,421.0743,0.37147570152613296,1.1038071113484473
5-17A,7.0,426.0222,0.03826979649489479,0.7785244916296049
5-17A,7.0,442.9997,-0.018867932791902596,0.21396675254169686
5-17A,7.0,466.9657,-0.3762023053752258,0.29849949564188205
5-17A,7.0,490.9787,-0.15233635875303758,0.7220498356839267
5-17A,7.0,503.1614,-0.06851744823684353,0.44830519285170856
5-17A,7.0,547.0731,0.5520128274262898,0.1909213669144444
5-17A,7.0,565.0471,0.0057650510686696466,0.40954552457392307
5-17A,7.0,578.8872,-0.5648889692241151,0.053942863095502995
5-17A,7.0,579.0269,-0.673029712173688,0.12029569293821281
5-17A,7.0,612.2549,-0.39373573899321457,0.14597143677298696
5-17A,7.0,624.2949,-0.7044401340428703,0.26097626834962756
5-17A,7.0,659.307,-0.21860485163961435,0.14194841135001163
5-17A,7.0,664.0939,-0.3692211293949217,0.12828480323823024
5-17A,7.0,665.2144,-0.12900568728876238,0.3294718419357493
5-17A,7.0,668.1374,0.008801478856324263,0.03538409387230602
5-17A,7.0,787.255,-0.6048485184076186,0.22004889368904748
5-17A,7.0,790.2568,-0.38776193442796125,0.2951676832612673
5-17A,7.0,835.0407,-0.6158621304991265,0.09969805802357531
5-17A,7.0,863.2971,-0.6860882715218186,0.16485082325110692
5-17A,7.0,864.1473,-0.26940667978039645,0.2046633422959108
5-17A,7.0,974.2935,-0.39587976782129425,0.47734239371516873
5-17A,7.0,976.7162,-0.6181817740430051,0.20536799515792176
5-17A,8.0,57.0342,-0.41895641583164644,0.2471797589928791
5-17A,8.0,58.0295,-0.16845409856960103,0.2792813125355008
5-17A,8.0,59.0135,-0.8255956100923938,0.058598859488851074
5-17A,8.0,71.0137,-0.7260280103692074,0.06849679976678569
5-17A,8.0,73.0293,0.8088689381271892,0.0727920255168584
5-17A,8.0,74.0247,0.4645967666734563,0.9739572332376755
5-17A,8.0,75.0087,-0.45439463717471323,0.4391648272372148
5-17A,8.0,87.0088,1.0578998556684756,0.07414695610974012
5-17A,8.0,87.0451,-0.962408286605726,0.46272509736744166
5-17A,8.0,88.0403,0.6862654814184108,0.056687826410547315
5-17A,8.0,88.9883,-0.5683656670488689,0.5264966359036156
5-17A,8.0,89.0244,2.7194699515076,0.2661640448744508
5-17A,8.0,93.0338,-0.03702649045437849,0.013496034357275841
5-17A,8.0,94.9761,-0.7917604656368041,0.47903643225914366
5-17A,8.0,94.9806,0.8353841530279744,0.4354853780716032
5-17A,8.0,95.0139,-0.7417764165481366,0.13122760428269883
5-17A,8.0,101.0242,-0.45991632011394795,0.14199414938900043
5-17A,8.0,102.056,-0.20733368990963802,0.07234542467039407
5-17A,8.0,103.0402,2.4242163114150834,0.06094589100394312
5-17A,8.0,103.0509,2.365349231634368,0.21073297703275562
5-17A,8.0,104.0352,-0.7656975585716046,0.13220310377922587
5-17A,8.0,105.0193,-0.6456320501188312,0.43889443620896246
5-17A,8.0,107.0503,-0.019569071925244486,0.8509131818816111
5-17A,8.0,109.0295,1.0162746084105745,0.12085032295212814
5-17A,8.0,111.02,0.5785190164877735,0.030169879801685232
5-17A,8.0,112.0516,-0.34125488348001537,1.272328752187415
5-17A,8.0,113.0244,-0.806595241664296,0.04675434917103487
5-17A,8.0,113.0357,0.10651989897225525,0.017538105655102724
5-17A,8.0,114.056,-0.24088823617930544,0.003562709789545035
5-17A,8.0,115.0037,0.3506618587528817,0.04913875212638513
5-17A,8.0,115.0402,2.406082552260636,0.8125921271008284
5-17A,8.0,115.0764,-0.22544341085361477,1.2038052559256118
5-17A,8.0,116.0354,-0.041069348886998217,0.32875858224022614
5-17A,8.0,116.0717,-0.5085262441709559,0.020181449860758562
5-17A,8.0,117.0194,0.71314936789642,0.027474862574802153
5-17A,8.0,118.0508,0.5807306711178817,0.47026590104588417
5-17A,8.0,118.9804,-0.7783868415283026,0.09455958364672197
5-17A,8.0,119.0503,-0.05760767106335499,0.3196044238246504
5-17A,8.0,120.9273,-0.4021622154787691,0.01944997527133238
5-17A,8.0,121.0295,-0.7406094765454283,0.5164468888362646
5-17A,8.0,121.0409,-0.8760672569183697,0.4297608494582724
5-17A,8.0,122.0248,-0.5023842641451485,0.42267081115666627
5-17A,8.0,124.0075,-0.5231038054286106,1.1504586426089154
5-17A,8.0,124.0144,-0.5048558348085251,0.11369265275360665
5-17A,8.0,125.0439,-0.5047594625394818,0.16615546452534405
5-17A,8.0,127.0764,-0.6999159103578932,0.3236391653676068
5-17A,8.0,128.0354,-0.3539331543318606,0.006782681032910803
5-17A,8.0,129.0193,0.412812423574513,0.14559994790509553
5-17A,8.0,129.0556,1.5621229366298515,0.6761081816438036
5-17A,8.0,130.0142,-0.3396212386614329,0.39426005894092453
5-17A,8.0,130.0509,0.29583287698345284,0.016807331024892375
5-17A,8.0,130.0874,-0.6362108822855836,0.04636329519537751
5-17A,8.0,131.0008,1.1294056798600587,0.05794571071304619
5-17A,8.0,131.0123,2.103971973058278,0.13929957184332767
5-17A,8.0,131.035,-0.7256365830550495,0.10535690794870821
5-17A,8.0,131.0462,-0.8433356190802377,0.0830937662444873
5-17A,8.0,131.0828,-0.449612551131093,0.10202924702826699
5-17A,8.0,132.0302,0.058703853889955276,0.028114330549229724
5-17A,8.0,133.0142,0.23414026198033117,0.09991914496692504
5-17A,8.0,133.0257,0.28891113635506416,0.05419082307469799
5-17A,8.0,133.0505,0.6834441879077745,0.042630835183102594
5-17A,8.0,134.0472,-0.46930710013233445,0.23186253897481654
5-17A,8.0,134.0604,0.19424655847967798,0.341048201983448
5-17A,8.0,135.0302,-0.04510814257188705,0.26688251843358113
5-17A,8.0,135.0453,0.8338757435501777,0.08184245415614415
5-17A,8.0,136.0404,0.0638662028427834,0.093748283278057
5-17A,8.0,136.0487,1.0856469998727731,0.15518134166296113
5-17A,8.0,136.0767,-0.2709490060615464,0.5179693619666617
5-17A,8.0,137.0239,0.3116160401860318,0.036984983714480085
5-17A,8.0,138.9789,0.677179156445216,0.38761156914780315
5-17A,8.0,139.0014,1.399764414521512,0.034811470787816975
5-17A,8.0,139.0067,-0.6406892351419093,0.021565232243465137
5-17A,8.0,139.976,0.6710142683339275,0.26826191537280514
5-17A,8.0,143.0713,-0.5830392821815917,0.06520867283719581
5-17A,8.0,143.1077,0.25996686760830545,0.20149500755236793
5-17A,8.0,145.0141,-0.2993125906182684,0.03172268435415587
5-17A,8.0,145.0506,-0.07206820653191445,0.1765491466990832
5-17A,8.0,145.0623,-0.4412947716646589,0.31211268412179427
5-17A,8.0,145.0982,-0.901177346330132,0.13837574540028427
5-17A,8.0,145.1106,-0.20647718266435627,0.5596509952305309
5-17A,8.0,146.0459,-0.24262963115250952,0.021985335611929325
5-17A,8.0,147.0298,0.3028122729536628,0.05942462866855727
5-17A,8.0,147.0662,0.6543184005500724,0.04528790127262846
5-17A,8.0,149.0092,-0.6112837232853966,1.0446377742284996
5-17A,8.0,149.0456,-0.5494088098067544,0.08532924449156838
5-17A,8.0,149.0608,0.5872570371001762,0.5318881202578036
5-17A,8.0,150.0422,0.4787614894410609,0.8122282730026571
5-17A,8.0,150.9707,-0.7188974919440319,0.4626508268048352
5-17A,8.0,151.0259,-0.5916670997486742,0.09009363775424038
5-17A,8.0,151.04,-0.6507646827141841,0.38722080646106694
5-17A,8.0,151.06,-0.30041115544471414,0.7363415782372995
5-17A,8.0,152.0353,0.3448885363942579,0.3992319813539541
5-17A,8.0,152.0716,-0.8993044723525488,0.20601843763925856
5-17A,8.0,153.0192,0.9388267510120841,0.0955787025849144
5-17A,8.0,154.062,-0.6377714406906796,0.13381256235888858
5-17A,8.0,154.9751,0.5139603956189336,0.061375245106603214
5-17A,8.0,155.0099,0.5404127250716637,0.026709716787398637
5-17A,8.0,157.0128,1.6276931018642902,0.14468218879459666
5-17A,8.0,157.0255,0.36877851438126164,0.013857890301614483
5-17A,8.0,157.0379,0.36841107900677783,0.04325814877616564
5-17A,8.0,157.0504,0.7531130679196141,0.11852898026120008
5-17A,8.0,159.0297,-0.7620823406246546,0.24171402056367075
5-17A,8.0,159.0775,0.7861036209089454,0.0971182810191294
5-17A,8.0,160.0616,0.13835604462675616,0.2787691139939469
5-17A,8.0,161.0453,-0.591421732375862,0.07227368077978921
5-17A,8.0,162.0424,0.4263455359921303,0.11327817597653951
5-17A,8.0,163.0351,-0.7001773527684277,0.4417517254711988
5-17A,8.0,163.0398,1.4174616516140297,0.12506629547051332
5-17A,8.0,163.0611,-0.2347440183024053,0.35022856886245884
5-17A,8.0,164.0716,-0.3855163924651166,0.05722544880867198
5-17A,8.0,165.03,-0.22724669982578263,0.5614825071257225
5-17A,8.0,165.0405,-0.0005488176682787865,0.4340205202318756
5-17A,8.0,165.0556,-0.1558998483401553,0.16427939432398558
5-17A,8.0,166.0508,1.0115110674386012,0.1901513357695482
5-17A,8.0,166.0632,0.7087400498470684,0.46992674320023836
5-17A,8.0,166.9759,0.7420235910996329,0.5853483196079675
5-17A,8.0,167.0207,-0.3677725067472669,0.3348289226193913
5-17A,8.0,167.0358,-0.21410838964195278,0.22151891671713808
5-17A,8.0,167.0828,-0.3437511273966084,0.36469910786338067
5-17A,8.0,168.0277,-0.22537736510567655,0.04515574657898601
5-17A,8.0,168.0664,-1.460551662154054,0.9315775776467238
5-17A,8.0,170.0455,0.6409694916585049,0.09915580163471904
5-17A,8.0,171.0065,0.4766608328515647,0.1535159086991855
5-17A,8.0,171.0092,0.2415234731920653,0.08990602389878506
5-17A,8.0,171.0284,1.9214613442963349,0.17084767505906726
5-17A,8.0,172.0616,1.0549801870249618,0.3045871082480498
5-17A,8.0,172.962,0.11634887821946455,0.09235736656917129
5-17A,8.0,173.0089,0.8355389778602962,0.15643784832941085
5-17A,8.0,173.0453,0.3206795805879634,0.27777932226693447
5-17A,8.0,173.0932,-0.09114869817715282,0.03667795109173334
5-17A,8.0,173.1041,1.453435849155372,0.10222069520512538
5-17A,8.0,174.0407,0.2567375298113975,0.01935955445899686
5-17A,8.0,174.088,-0.3688090430283646,0.0642132287745053
5-17A,8.0,175.022,-0.021649642595856243,0.10356899220330182
5-17A,8.0,175.0361,0.11731970198961716,0.04715557947868397
5-17A,8.0,175.0611,0.6108075062498648,0.031933947829953305
5-17A,8.0,176.0776,0.4376673554161983,0.2951406719771029
5-17A,8.0,177.0402,-1.067231374951107,0.13133506204608578
5-17A,8.0,177.0553,-0.340100433412501,0.32818439670799676
5-17A,8.0,178.0509,0.6184432263171726,0.05547080156153167
5-17A,8.0,179.0348,0.5135198635215642,0.1346943918625828
5-17A,8.0,179.0561,-0.5878176837678957,0.024486153860176295
5-17A,8.0,180.0663,-0.6431311857214067,0.07083117354588381
5-17A,8.0,181.0505,-0.3538142962342889,0.13459025147159379
5-17A,8.0,182.9725,-0.7148861659951967,0.10542472127984266
5-17A,8.0,183.0661,-0.7675712924284444,0.2502938842409993
5-17A,8.0,184.0017,-0.2668015315261146,0.005004716877265268
5-17A,8.0,184.9856,0.35924831311204375,0.0717461948477404
5-17A,8.0,186.1136,-0.04357624485287779,0.6436415796318283
5-17A,8.0,187.0234,0.9812868795742207,0.32884119480906754
5-17A,8.0,188.035,-0.6816603897694526,0.5717686063576001
5-17A,8.0,188.0565,0.23520541285284902,0.02383911895649684
5-17A,8.0,189.0405,-0.6648045154335032,0.07910376314650149
5-17A,8.0,191.0197,0.2826886391740174,0.17495141707362122
5-17A,8.0,191.0561,0.5727002884179069,0.14325091626186215
5-17A,8.0,192.0663,-1.41850101238931,0.542290790575942
5-17A,8.0,193.0349,-0.4707592890360833,0.4601094636472333
5-17A,8.0,194.0682,0.9657799070854816,0.35943907315459533
5-17A,8.0,194.0822,-0.5213607142199217,0.4474711750686493
5-17A,8.0,195.0509,-0.9451733507420383,0.029434012057533515
5-17A,8.0,195.0657,-0.7908841497411434,0.5843235032221795
5-17A,8.0,196.0603,1.1586054631609408,0.13948538493735937
5-17A,8.0,198.0182,0.5842990993473653,0.49905306319489284
5-17A,8.0,199.0019,1.6774644500659803,0.6664668970102663
5-17A,8.0,200.9937,-0.5071557147535548,0.1617512619246484
5-17A,8.0,201.0051,0.5837899361958852,1.0828102271411815
5-17A,8.0,203.0348,4.202665143774727,0.33975620766415665
5-17A,8.0,203.0826,-0.09361469063215253,0.010195298559531888
5-17A,8.0,204.0498,-0.49944839410295716,0.5069890823547287
5-17A,8.0,205.0351,0.5727849982167647,0.1990002933426534
5-17A,8.0,206.0822,-0.5302416714055167,0.7706644032208314
5-17A,8.0,209.0292,1.9574719095019888,0.5662505411509849
5-17A,8.0,209.0814,-0.5412671930212916,0.5325253605236755
5-17A,8.0,211.0235,0.9343817241733601,0.3008981728561885
5-17A,8.0,211.9968,0.17870560131041163,0.13562438454296924
5-17A,8.0,212.0331,-0.1744870413980887,0.338545439438011
5-17A,8.0,212.9807,0.43271078399265006,0.07339216039462951
5-17A,8.0,213.014,2.108183868613496,0.1376511085471763
5-17A,8.0,213.0384,3.047036644986041,0.38758407087763924
5-17A,8.0,213.1252,-0.5636811034175346,0.33644957516385343
5-17A,8.0,214.0488,-0.5425118976731812,0.4656324711296197
5-17A,8.0,215.0331,-0.5223414612968682,0.05515810048500824
5-17A,8.0,216.1351,-0.705865281243956,0.171144637167346
5-17A,8.0,218.0335,-0.6469774692258631,0.04027543367962442
5-17A,8.0,218.1034,1.5568571742908435,0.16220657456361645
5-17A,8.0,220.0828,-0.1362396417166673,1.5633801887946988
5-17A,8.0,221.0443,-0.5658367891462579,0.13896951253192297
5-17A,8.0,221.0664,-0.04654100959272093,0.0943210858570441
5-17A,8.0,225.0399,0.5572918862112053,0.42525603377320065
5-17A,8.0,225.0861,0.04596855396352283,0.23374648997232947
5-17A,8.0,225.0901,-0.6709794503052082,0.3164866590538884
5-17A,8.0,226.0135,0.15975944952466992,0.21123920297731696
5-17A,8.0,226.0697,-0.7967174732239739,0.18750115735592315
5-17A,8.0,228.0501,0.20843973257310522,0.19087254254329353
5-17A,8.0,229.0122,0.6115820335524877,0.1367152889004079
5-17A,8.0,237.0614,0.3555498044272911,0.2523573330166085
5-17A,8.0,238.0945,-0.5366776283827299,0.11387203692117494
5-17A,8.0,240.0515,1.150919118791292,0.06848794866617991
5-17A,8.0,241.0844,0.9391030594548955,0.3088513495879612
5-17A,8.0,242.0804,-0.6424227134194709,0.19002839288134574
5-17A,8.0,243.029,2.53779486355816,0.28387126999587864
5-17A,8.0,243.0625,0.5191414374946444,0.3714622520088772
5-17A,8.0,245.0444,0.5104452075300542,0.5443625263671786
5-17A,8.0,246.0198,0.42880176078311294,0.12544863311633528
5-17A,8.0,246.064,-0.6217793684789179,0.12424717307987948
5-17A,8.0,251.0816,-0.13555564065851716,0.784643994620987
5-17A,8.0,253.0119,-0.17400249695133627,0.015692493214829052
5-17A,8.0,253.0499,0.11582643818516286,0.431580779459825
5-17A,8.0,257.0072,0.33996119900392274,0.17157795150905938
5-17A,8.0,257.1028,-1.04317901691129,0.35620270957631145
5-17A,8.0,259.005,0.953243975546709,0.9075678178322505
5-17A,8.0,259.0227,-0.5503057650752343,0.11356036643489031
5-17A,8.0,261.0385,0.6489913484825177,0.02809919430097811
5-17A,8.0,266.0703,-0.29570256420788915,0.2577590748934046
5-17A,8.0,267.0724,2.13350647804788,0.23365692719477682
5-17A,8.0,268.02,0.5287174886630601,0.755873137008085
5-17A,8.0,269.0398,1.4953450589021968,0.3431699734220365
5-17A,8.0,271.0612,-0.4021242782774753,0.7258442104511087
5-17A,8.0,271.0815,0.15805701716402865,0.41518642087715807
5-17A,8.0,273.0021,0.3379966331858977,0.1990319926147086
5-17A,8.0,274.0933,1.0106582027354705,0.4165155966023634
5-17A,8.0,275.0184,0.22840948728363,0.5009192385012557
5-17A,8.0,275.0991,3.351709023213644,0.2554100335799802
5-17A,8.0,277.1207,-0.9436901531502726,0.011266896905524548
5-17A,8.0,277.2169,-0.6080078984958414,0.4506889610506873
5-17A,8.0,279.2331,-0.35002555129261986,0.04237917487806207
5-17A,8.0,282.0839,-0.9168734495445012,0.3734199214609202
5-17A,8.0,283.2063,-0.267692786679483,0.1719131329138973
5-17A,8.0,285.0972,-0.46727407538546395,0.19188362984890273
5-17A,8.0,287.0157,-0.5078522409407085,0.21581586381465565
5-17A,8.0,288.0725,-0.14937655931438765,0.09572052556353376
5-17A,8.0,289.0333,-0.11972605126929936,0.3416254649622166
5-17A,8.0,289.1044,-0.22310236206041334,0.16498632992531861
5-17A,8.0,290.9677,-0.20913007524858063,0.07385897277452115
5-17A,8.0,294.0479,-0.5681672489619276,1.0568663940153926
5-17A,8.0,300.0509,-0.5411973105098389,0.5004273887011254
5-17A,8.0,301.0333,-0.3800107855010302,0.6977868115581445
5-17A,8.0,303.2326,-0.5130521346915788,0.15296500175224398
5-17A,8.0,305.0207,-0.6081331265619245,0.15041947070206746
5-17A,8.0,306.0481,1.3289500340898888,0.20792085142138889
5-17A,8.0,306.0765,0.4986303814681399,0.08862393393661917
5-17A,8.0,308.0986,-0.4033562045516075,0.005400856229273517
5-17A,8.0,313.0441,0.55074605224863,0.3750471509202092
5-17A,8.0,313.1037,0.21481645227838264,0.4732796321140832
5-17A,8.0,317.026,-0.16273433776963572,0.7257997906405524
5-17A,8.0,323.0256,0.5488898133036264,0.4190266511280073
5-17A,8.0,325.1163,-0.24625426943187884,0.21071109959349682
5-17A,8.0,328.0457,-0.2384440978208247,0.0851146090131727
5-17A,8.0,333.0589,0.582246840574498,0.56860347588735
5-17A,8.0,338.9884,1.0927297822198783,0.7838199619129572
5-17A,8.0,339.0928,-0.2965938827267249,0.5051334022311369
5-17A,8.0,341.1089,-0.13495039363411873,0.08025755318984865
5-17A,8.0,344.0393,-0.3008516010854457,0.19895723297795279
5-17A,8.0,346.0556,-0.35859421707094574,0.08699184321465435
5-17A,8.0,348.087,0.9051895130023355,0.1528257266666134
5-17A,8.0,353.0489,-0.28457490669780894,0.46246896917406527
5-17A,8.0,357.089,0.22608216396842984,0.2774320584562932
5-17A,8.0,375.131,0.04901629142809934,0.21969283897012998
5-17A,8.0,377.1496,-0.43800362241266183,0.5365350567734242
5-17A,8.0,383.1188,-0.6219370986658151,0.5521648113042011
5-17A,8.0,388.9416,0.2995145038883049,0.27253397318097344
5-17A,8.0,388.9442,-0.0206492788087493,0.10278403924774615
5-17A,8.0,401.0756,-0.9849691132939189,0.04461830529847478
5-17A,8.0,407.2795,-0.6088066788897144,0.25394460598207497
5-17A,8.0,421.0743,-0.23585744303723108,0.8328924459075547
5-17A,8.0,426.0222,-0.19187113419568566,0.6238980569730451
5-17A,8.0,442.9997,-0.03607967372184336,0.14816618505864754
5-17A,8.0,466.9657,-0.635439400653127,0.08714943909030512
5-17A,8.0,490.9787,-0.535945223224529,0.4541346208797177
5-17A,8.0,503.1614,-0.11415937074786484,0.11216953583816185
5-17A,8.0,547.0731,0.449052123674209,0.19761218886218426
5-17A,8.0,565.0471,0.19517574964496986,0.3009021828779744
5-17A,8.0,578.8872,-0.8885072152688214,0.0450390846227242
5-17A,8.0,579.0269,-0.8424967925325128,0.06887741591439366
5-17A,8.0,612.2549,-0.3573475709942782,0.23859391475043018
5-17A,8.0,624.2949,0.7225418274165644,0.3300405263821217
5-17A,8.0,659.307,-0.09628732669934095,0.19965392767863943
5-17A,8.0,664.0939,0.3530041480546939,0.2872337588868395
5-17A,8.0,665.2144,0.3386978513591149,0.437446381380603
5-17A,8.0,668.1374,0.3410103858778057,0.026525969959312022
5-17A,8.0,787.255,-0.25093372213675436,0.4997213602201364
5-17A,8.0,790.2568,-0.24180083259778598,0.13967396894493886
5-17A,8.0,835.0407,1.2649607011515145,0.5563430263129638
5-17A,8.0,863.2971,-0.0006015424810923917,0.12080755055195741
5-17A,8.0,864.1473,0.4991251156380415,0.26420892333531987
5-17A,8.0,974.2935,-0.070561212607271,0.5386215240101399
5-17A,8.0,976.7162,-0.6696618913714203,0.13394267252834197
5-17A,9.0,57.0342,-0.2734955009153444,0.23538701303052587
5-17A,9.0,58.0295,-0.06773492423394656,0.3252459794106396
5-17A,9.0,59.0135,-1.2305901602773957,0.08104080454362958
5-17A,9.0,71.0137,-1.1005715829128249,0.021067259664447897
5-17A,9.0,73.0293,0.976769983852841,0.052255658148684214
5-17A,9.0,74.0247,0.3322442035280162,0.4731608275715987
5-17A,9.0,75.0087,-1.0867366061122559,0.42303471335136283
5-17A,9.0,87.0088,1.9652913832341539,0.08192752158526119
5-17A,9.0,87.0451,-0.7713920739515469,0.4312347736246832
5-17A,9.0,88.0403,1.128178097031706,0.10283313068585993
5-17A,9.0,88.9883,0.06315802847346137,0.2728576913901426
5-17A,9.0,89.0244,2.689200463995744,0.13053118266614813
5-17A,9.0,93.0338,-0.021776192881433364,0.01285133988159917
5-17A,9.0,94.9761,-1.5616326031539436,0.046350715224444845
5-17A,9.0,94.9806,1.623250810758183,0.13761390200363188
5-17A,9.0,95.0139,-1.0729822278723251,0.10289610700645767
5-17A,9.0,101.0242,-0.5306035661665738,0.04959182448407678
5-17A,9.0,102.056,0.10513282875036017,0.08493913949350157
5-17A,9.0,103.0402,2.8457901096847795,0.16344891038978554
5-17A,9.0,103.0509,2.8171611189681296,0.1889656514628349
5-17A,9.0,104.0352,-0.5430297422761039,0.15068639592092847
5-17A,9.0,105.0193,-0.7263816636634648,0.11850877130198458
5-17A,9.0,107.0503,1.3345362143420392,0.3001181843462798
5-17A,9.0,109.0295,1.1034786902547022,0.22434064661813768
5-17A,9.0,111.02,0.18059603321678783,0.011232696336681395
5-17A,9.0,112.0516,0.04663643132155892,0.28370188462686874
5-17A,9.0,113.0244,-1.119044340569308,0.012732590197535788
5-17A,9.0,113.0357,-0.1519971286128645,0.06552232071876095
5-17A,9.0,114.056,-0.23420086234441145,0.0016286164815941038
5-17A,9.0,115.0037,0.45540163541144635,0.07122674418965806
5-17A,9.0,115.0402,3.859736239304406,0.34143943514037317
5-17A,9.0,115.0764,0.7753028806702017,0.24210351407708322
5-17A,9.0,116.0354,0.07064794492069326,0.38796351869635176
5-17A,9.0,116.0717,-0.3314036029723414,0.008765217350125802
5-17A,9.0,117.0194,0.8826916168795471,0.038572929484640535
5-17A,9.0,118.0508,0.7311638708511521,0.25812737238303296
5-17A,9.0,118.9804,-1.077592787029575,0.026722907033341677
5-17A,9.0,119.0503,1.0055126614753085,0.17724858916183814
5-17A,9.0,120.9273,-0.45281823294474344,0.0599188029555715
5-17A,9.0,121.0295,0.19600050659135723,0.34466147653563983
5-17A,9.0,121.0409,-0.81392750127999,0.39416020615499325
5-17A,9.0,122.0248,-0.5053692820001553,0.18793984510507822
5-17A,9.0,124.0075,-0.6637701057072232,0.29138225879510543
5-17A,9.0,124.0144,-1.2010694352711058,0.15205814560145414
5-17A,9.0,125.0439,-0.9069768370036801,0.10296658828656904
5-17A,9.0,127.0764,-0.055431783407197226,0.2770401496038452
5-17A,9.0,128.0354,-0.3495206164718068,0.007767765790154321
5-17A,9.0,129.0193,0.7646306933794806,0.11001514027164312
5-17A,9.0,129.0556,1.3091225916420934,0.24650013343972219
5-17A,9.0,130.0142,0.06092141869851067,0.3169133351114298
5-17A,9.0,130.0509,0.24089722910832134,0.038670272546678125
5-17A,9.0,130.0874,-0.20869164412481542,0.0795890641147098
5-17A,9.0,131.0008,1.7645452814633675,0.5070877644388883
5-17A,9.0,131.0123,2.7647620696472006,0.09372986220072585
5-17A,9.0,131.035,-1.2740633617338788,0.026494259446631755
5-17A,9.0,131.0462,-1.4839631262145752,0.14814154142212693
5-17A,9.0,131.0828,-0.39006958671718617,0.06176704883987624
5-17A,9.0,132.0302,-0.06236791121979665,0.056801856779996336
5-17A,9.0,133.0142,0.24110675177950824,0.0342896330800037
5-17A,9.0,133.0257,0.2422269075260874,0.11866299330987647
5-17A,9.0,133.0505,0.6993689026259655,0.052751665392369015
5-17A,9.0,134.0472,-0.32231970256799164,0.2882796121034178
5-17A,9.0,134.0604,0.14520936096596151,0.21836393690197406
5-17A,9.0,135.0302,0.27115560540439004,0.167130884927276
5-17A,9.0,135.0453,1.3009031423569275,0.11432430229626087
5-17A,9.0,136.0404,0.3706983420373496,0.11641279558679964
5-17A,9.0,136.0487,1.7279859456691202,0.43681587618905493
5-17A,9.0,136.0767,0.7014674057110413,0.4367477419554131
5-17A,9.0,137.0239,0.11564424339455448,0.15765159372552845
5-17A,9.0,138.9789,0.7441003703618734,0.11487479993749633
5-17A,9.0,139.0014,1.5732131302782912,0.14268967977743438
5-17A,9.0,139.0067,-0.622431017771123,0.024713168581582373
5-17A,9.0,139.976,1.1593375804533828,0.5462685021038944
5-17A,9.0,143.0713,-0.5099635520676317,0.31389958548845026
5-17A,9.0,143.1077,0.8255418116544757,0.23463093868967236
5-17A,9.0,145.0141,-0.28992116307417354,0.10909476053003779
5-17A,9.0,145.0506,0.5714132117008708,0.2283934917662989
5-17A,9.0,145.0623,-0.2154388815713696,0.22721336112888688
5-17A,9.0,145.0982,-0.8388737655352234,0.09547701488640942
5-17A,9.0,145.1106,0.0350550627091714,0.9324201674911784
5-17A,9.0,146.0459,-0.20383304683166142,0.005506326857110054
5-17A,9.0,147.0298,0.3685101758551588,0.030248663044061187
5-17A,9.0,147.0662,0.5665883405918019,0.03726356960341307
5-17A,9.0,149.0092,0.06135142167369842,0.3350159683058407
5-17A,9.0,149.0456,-0.9540585070716073,0.11074458521578193
5-17A,9.0,149.0608,0.3360533015909814,0.2288132883729815
5-17A,9.0,150.0422,0.44424799413603233,0.6640731847979117
5-17A,9.0,150.9707,0.05924969859318101,0.7467636652025281
5-17A,9.0,151.0259,-0.36328137789738785,0.12650674527341127
5-17A,9.0,151.04,0.3452860374416761,0.5035693078559345
5-17A,9.0,151.06,-0.8842652191673253,1.0243739170307151
5-17A,9.0,152.0353,1.1806449142930533,0.3195712647739455
5-17A,9.0,152.0716,-0.3270406835065594,0.4545378999181301
5-17A,9.0,153.0192,0.6486822666828553,0.0644648733462245
5-17A,9.0,154.062,-0.5606841191917111,0.11119103063444058
5-17A,9.0,154.9751,0.7075678877921578,0.04399884288179753
5-17A,9.0,155.0099,0.052123629626055,0.011074043582790153
5-17A,9.0,157.0128,1.6026273416476393,0.23500735755318672
5-17A,9.0,157.0255,0.1706979588610647,0.06356079550196833
5-17A,9.0,157.0379,0.2308651448773829,0.10615352931916705
5-17A,9.0,157.0504,0.7036213306469117,0.0928363264384096
5-17A,9.0,159.0297,-1.258215697996809,0.0474893849127843
5-17A,9.0,159.0775,0.9233743704496653,0.08104412927144845
5-17A,9.0,160.0616,-0.7811928519334034,0.6973609134947772
5-17A,9.0,161.0453,-1.3011558780892736,0.07523570867414964
5-17A,9.0,162.0424,0.34528230599674004,0.15212796962112435
5-17A,9.0,163.0351,-0.7135493556663652,0.3138446274077355
5-17A,9.0,163.0398,1.4674307150747432,0.08265516883141252
5-17A,9.0,163.0611,0.7417945585359744,0.8820006200683895
5-17A,9.0,164.0716,-0.15218971029601347,0.05742929518220788
5-17A,9.0,165.03,-0.3057636354307369,0.462004975750696
5-17A,9.0,165.0405,0.13919853795581977,0.2211361011768626
5-17A,9.0,165.0556,0.06132473446765783,0.10468986632513183
5-17A,9.0,166.0508,0.9662476795986696,0.27827625513870485
5-17A,9.0,166.0632,0.2603892571931123,0.7025554377739055
5-17A,9.0,166.9759,0.545312988590253,0.284137561014321
5-17A,9.0,167.0207,-0.14981368224517197,0.26991008804117816
5-17A,9.0,167.0358,0.18715292510887171,0.29605354243460047
5-17A,9.0,167.0828,-0.894732496600467,0.9659070102182388
5-17A,9.0,168.0277,-0.11404633747521742,0.02228665960441101
5-17A,9.0,168.0664,-1.0295601271335704,0.44821399494528724
5-17A,9.0,170.0455,0.7969015297799675,0.05086529491770756
5-17A,9.0,171.0065,0.4858748439033529,0.154891736444218
5-17A,9.0,171.0092,0.29180571801981087,0.3131456827188557
5-17A,9.0,171.0284,1.9527706394631004,0.16937744955872253
5-17A,9.0,172.0616,0.603210530702672,0.2694493678997957
5-17A,9.0,172.962,0.49437808305626774,0.12654034039074794
5-17A,9.0,173.0089,1.0918520492420742,0.20183479770522994
5-17A,9.0,173.0453,0.42875324971075246,0.1394805886383294
5-17A,9.0,173.0932,-0.07699444208536817,0.07805570707733006
5-17A,9.0,173.1041,1.492961011990484,0.9495010200147473
5-17A,9.0,174.0407,0.09203546858099176,0.00809731953251989
5-17A,9.0,174.088,-0.37206808939160607,0.04591995635690421
5-17A,9.0,175.022,0.7002345725057803,0.3648915371409268
5-17A,9.0,175.0361,0.02124349511695535,0.017920139656333385
5-17A,9.0,175.0611,0.5309434350855226,0.011607699836737375
5-17A,9.0,176.0776,0.20661196260714704,0.14796172657525333
5-17A,9.0,177.0402,-1.1483433323954884,0.30395412308157344
5-17A,9.0,177.0553,0.06538036687263729,0.41157533547193054
5-17A,9.0,178.0509,0.848952875115009,0.07107069199425663
5-17A,9.0,179.0348,0.16674585219738258,0.3048550636108306
5-17A,9.0,179.0561,-1.0138079433317921,0.02072855187562487
5-17A,9.0,180.0663,-1.1269109933636334,0.048795690995859814
5-17A,9.0,181.0505,-0.07846999811089256,0.07306847868468021
5-17A,9.0,182.9725,-0.9897766052957719,0.1169308598043265
5-17A,9.0,183.0661,-0.9643170936666792,0.6121940845075067
5-17A,9.0,184.0017,-0.24557316882696836,0.07809072331579264
5-17A,9.0,184.9856,0.9976166314698329,0.22943143894106885
5-17A,9.0,186.1136,-0.07854466258475726,0.3915210302305617
5-17A,9.0,187.0234,1.062843192537187,0.43770058247464344
5-17A,9.0,188.035,-0.6406030293440168,0.2548107318831021
5-17A,9.0,188.0565,0.06768518329255208,0.03167259082619952
5-17A,9.0,189.0405,-0.8217123641462871,0.06912388538400334
5-17A,9.0,191.0197,0.6809272125373299,0.2619685317733688
5-17A,9.0,191.0561,0.46255523015946864,0.061541164485192465
5-17A,9.0,192.0663,-0.9368492216873453,0.22155208547414676
5-17A,9.0,193.0349,-0.6933913185058405,0.4870469696863647
5-17A,9.0,194.0682,1.2589795759170141,0.22949341052248454
5-17A,9.0,194.0822,-0.5162762642313081,0.6579408604112925
5-17A,9.0,195.0509,-1.0609187878882276,0.09417089189627201
5-17A,9.0,195.0657,0.17083665808123294,0.756715525919512
5-17A,9.0,196.0603,0.713565338498223,0.08890579178644033
5-17A,9.0,198.0182,0.9768287657731104,0.3522072353943536
5-17A,9.0,199.0019,1.4532203632439011,0.6636922836155226
5-17A,9.0,200.9937,-0.5577555512233395,0.24063382523934695
5-17A,9.0,201.0051,1.090588909002266,0.6102919622225984
5-17A,9.0,203.0348,2.632813853181358,0.29985283096732845
5-17A,9.0,203.0826,-0.09531939944777462,0.008489977453804677
5-17A,9.0,204.0498,-0.7049151035696448,0.24830640072751514
5-17A,9.0,205.0351,0.3062741505954938,0.22642482389890484
5-17A,9.0,206.0822,-0.7126081851089734,0.5817932772704522
5-17A,9.0,209.0292,2.1546814517523614,0.466635029032414
5-17A,9.0,209.0814,-0.326515542560028,0.27742384519108465
5-17A,9.0,211.0235,3.4550123460960225,0.2900194910312091
5-17A,9.0,211.9968,0.1683321934115291,0.18917443260086184
5-17A,9.0,212.0331,0.3775783388413922,0.5521152429606919
5-17A,9.0,212.9807,1.2244160478769865,0.2006810185599576
5-17A,9.0,213.014,2.3186423124903746,0.6607813808064437
5-17A,9.0,213.0384,4.418357100261386,0.3632319706856446
5-17A,9.0,213.1252,-1.1235329728443562,0.9547606648400631
5-17A,9.0,214.0488,-0.9803266432814315,0.31635645075919344
5-17A,9.0,215.0331,-1.096357863598777,0.020176308891255986
5-17A,9.0,216.1351,-0.9002612215083368,0.07835288246659501
5-17A,9.0,218.0335,-1.101354857691047,0.010440549785175935
5-17A,9.0,218.1034,1.170519586832941,0.13119056895786105
5-17A,9.0,220.0828,-0.5701245890251959,0.6420996089285343
5-17A,9.0,221.0443,-0.9246964936049957,0.046284046920179366
5-17A,9.0,221.0664,-0.1670140947463904,0.4089969472113282
5-17A,9.0,225.0399,2.041397424780059,2.0845503848104205
5-17A,9.0,225.0861,-0.07035862336731843,0.23308178360865373
5-17A,9.0,225.0901,-0.4583916562006643,0.3785845582335929
5-17A,9.0,226.0135,0.3281130495540707,0.08844176584539964
5-17A,9.0,226.0697,-1.0934951103389294,0.11585478087801553
5-17A,9.0,228.0501,0.35317539637837764,0.1922848120582712
5-17A,9.0,229.0122,0.8524545320946884,0.22551929596727513
5-17A,9.0,237.0614,0.20815797024712687,0.15292228964925436
5-17A,9.0,238.0945,-0.6512989226722286,0.2988342677181201
5-17A,9.0,240.0515,1.0781660493116378,0.06211376429808695
5-17A,9.0,241.0844,0.3747313572270726,0.5269725023237589
5-17A,9.0,242.0804,-0.2656963900362991,0.5669093299076199
5-17A,9.0,243.029,3.7180155752679838,0.3618795863284723
5-17A,9.0,243.0625,0.32812921801165557,0.515000413053239
5-17A,9.0,245.0444,1.2433783886298966,0.45133776171334783
5-17A,9.0,246.0198,0.3325123532654046,0.2854621480727643
5-17A,9.0,246.064,-0.8870303089334204,0.06193612654446446
5-17A,9.0,251.0816,-0.9932102475253357,0.6531948702442277
5-17A,9.0,253.0119,-0.14620285114940165,0.014537733832905346
5-17A,9.0,253.0499,-0.4209834970510245,0.582933179496261
5-17A,9.0,257.0072,1.0683787186520048,0.4037086516948848
5-17A,9.0,257.1028,-1.039080376890237,0.4817938705369229
5-17A,9.0,259.005,2.133028208965232,0.5571158292007278
5-17A,9.0,259.0227,-0.8913830346741612,0.17368345560634943
5-17A,9.0,261.0385,0.6710239043559623,0.11834884782333849
5-17A,9.0,266.0703,-0.538634364344095,0.14774384937713078
5-17A,9.0,267.0724,1.4075077123106552,0.20068015725374297
5-17A,9.0,268.02,-0.1523887671770489,0.5357171356080876
5-17A,9.0,269.0398,1.7811613142905118,0.2764034231909482
5-17A,9.0,271.0612,0.02381125938813239,0.4739987574557788
5-17A,9.0,271.0815,-0.6691002363761169,0.280558843866317
5-17A,9.0,273.0021,0.37556140635603474,0.16479641661600583
5-17A,9.0,274.0933,0.6660282418472747,0.3776463527944757
5-17A,9.0,275.0184,-0.018441275346353633,0.4679825913908875
5-17A,9.0,275.0991,2.2875576062083827,0.2913336601785851
5-17A,9.0,277.1207,-1.0764776186070166,0.02127355876750237
5-17A,9.0,277.2169,-0.385995058780893,0.4341119746833392
5-17A,9.0,279.2331,-0.186268208812229,0.028239074070443123
5-17A,9.0,282.0839,-1.2527297392809018,0.16388580764725857
5-17A,9.0,283.2063,-0.13414590892571504,0.08288094162550898
5-17A,9.0,285.0972,-0.7374837562855608,0.6182344367750747
5-17A,9.0,287.0157,0.05869593011609712,0.3400415930030783
5-17A,9.0,288.0725,-0.20342397746485066,0.1420155943852125
5-17A,9.0,289.0333,0.035385488356487485,0.3641058756456785
5-17A,9.0,289.1044,-0.20758355067878007,0.348904055079827
5-17A,9.0,290.9677,-0.018486412966533042,0.19305462520296568
5-17A,9.0,294.0479,-0.3911107587867272,0.7446549863641917
5-17A,9.0,300.0509,-0.5181328073018774,0.6231613356790391
5-17A,9.0,301.0333,0.8196530707588353,0.206639964325979
5-17A,9.0,303.2326,-0.5242073130597023,0.1323160827461994
5-17A,9.0,305.0207,-1.0154459294709837,0.05827754446918481
5-17A,9.0,306.0481,1.103765478200859,0.13714692094299968
5-17A,9.0,306.0765,0.6018156859690509,0.09727023536384635
5-17A,9.0,308.0986,-0.3908559998292451,0.018216512274286258
5-17A,9.0,313.0441,0.4610195117228363,0.40253231507002074
5-17A,9.0,313.1037,0.19570456690596222,0.3075322733604572
5-17A,9.0,317.026,-0.25582136560684443,0.2175737623948969
5-17A,9.0,323.0256,0.3716925089073447,0.15446700970482713
5-17A,9.0,325.1163,0.1508002761888646,0.8729702828608336
5-17A,9.0,328.0457,-0.20125536079384343,0.14551614115011813
5-17A,9.0,333.0589,0.8765055836811646,0.5150143142840502
5-17A,9.0,338.9884,0.9826219424711742,0.34193587863715563
5-17A,9.0,339.0928,-1.0708014254125604,0.6769197384718504
5-17A,9.0,341.1089,-0.21782593816075452,0.08127635175547629
5-17A,9.0,344.0393,0.040847111550208134,0.23585414244267033
5-17A,9.0,346.0556,-0.4986885336943957,0.15046837150665437
5-17A,9.0,348.087,0.7416646581334303,0.22486999892300655
5-17A,9.0,353.0489,0.2599796119418547,0.4196041038715903
5-17A,9.0,357.089,0.20911008407698395,0.2314281065011182
5-17A,9.0,375.131,0.13484342673823513,0.44356609657463975
5-17A,9.0,377.1496,-1.0251056735733424,0.5226953338206627
5-17A,9.0,383.1188,-0.4710999209960723,0.268997707310543
5-17A,9.0,388.9416,0.6271413118230527,0.39698898505073593
5-17A,9.0,388.9442,0.1442835789442786,0.5864361464468955
5-17A,9.0,401.0756,-1.160854464456468,0.044108830233903946
5-17A,9.0,407.2795,-0.5456824477624969,0.26878231275517417
5-17A,9.0,421.0743,0.7889582052539821,0.487732444595707
5-17A,9.0,426.0222,-0.1735514581208136,0.5177583596118047
5-17A,9.0,442.9997,-0.30286165813592525,0.29938609075574407
5-17A,9.0,466.9657,-0.9396309055167915,0.20978412287633438
5-17A,9.0,490.9787,0.539438293510552,0.8794440250325062
5-17A,9.0,503.1614,0.15711240348068353,0.4027161257435127
5-17A,9.0,547.0731,0.6020694141121631,0.18948541831644403
5-17A,9.0,565.0471,0.11576895678029014,0.30379493764651744
5-17A,9.0,578.8872,-1.1250369858211546,0.04804350626736705
5-17A,9.0,579.0269,-0.9023751609259641,0.02603198394808238
5-17A,9.0,612.2549,0.5113231629377762,0.2524131296436657
5-17A,9.0,624.2949,0.8171234829367584,0.495373692532266
5-17A,9.0,659.307,-0.3150997879813856,0.1208384793354927
5-17A,9.0,664.0939,0.4062418945148185,0.20346230836454007
5-17A,9.0,665.2144,0.7106418639916964,0.2817753466023545
5-17A,9.0,668.1374,0.7072751070001841,0.049073629358904094
5-17A,9.0,787.255,-0.6892628249386551,0.28966754972357384
5-17A,9.0,790.2568,-0.6848509027548668,0.18543605244605618
5-17A,9.0,835.0407,1.831329393008129,0.40263282112966337
5-17A,9.0,863.2971,0.5486993922528726,0.28347870165462796
5-17A,9.0,864.1473,0.030557712616403537,0.22911234552003323
5-17A,9.0,974.2935,0.5326192798297235,0.6815010143624373
5-17A,9.0,976.7162,-1.127130219371026,0.03912806991986103
5-17A,10.0,57.0342,-1.2339228662898685,0.17552836668876062
5-17A,10.0,58.0295,-0.3310609583404167,0.2252930951582845
5-17A,10.0,59.0135,-0.5298526430105468,0.20816824144664223
5-17A,10.0,71.0137,-1.4277649092978044,0.04296325991166314
5-17A,10.0,73.0293,0.6745007721468861,0.05960658909029141
5-17A,10.0,74.0247,0.9955110256545966,0.7661811703280829
5-17A,10.0,75.0087,-1.2455857963767594,0.21631165327621182
5-17A,10.0,87.0088,3.98781154359473,0.25111238580635364
5-17A,10.0,87.0451,-0.7366618534689688,0.3319307991932252
5-17A,10.0,88.0403,2.4455076924854744,0.1538280824243938
5-17A,10.0,88.9883,0.6826907677516969,0.27349611831786735
5-17A,10.0,89.0244,-0.7829206626433494,0.08913567714821574
5-17A,10.0,93.0338,-0.006578211938241053,0.02058786235274539
5-17A,10.0,94.9761,-0.6352814716836575,0.3657986887533505
5-17A,10.0,94.9806,0.6811502434148908,0.3896259371438468
5-17A,10.0,95.0139,-1.44358010503123,0.05695142167234021
5-17A,10.0,101.0242,-1.090240420631403,0.09926274742573837
5-17A,10.0,102.056,1.0380021218831872,0.20047142564136355
5-17A,10.0,103.0402,1.9855969972188836,0.10122484377506749
5-17A,10.0,103.0509,1.9182754464898741,0.2676931467100566
5-17A,10.0,104.0352,-0.1598918237341253,0.19220334871519623
5-17A,10.0,105.0193,-0.7766597249271046,0.8362925813004648
5-17A,10.0,107.0503,-0.11621635683848694,0.8504190870961489
5-17A,10.0,109.0295,-0.045507508384561995,0.15410697692901976
5-17A,10.0,111.02,-0.16094534550558628,0.04168340184277263
5-17A,10.0,112.0516,-0.42473526240235554,0.38614681275614654
5-17A,10.0,113.0244,-1.448306633532824,0.007890562777893564
5-17A,10.0,113.0357,-0.5178000933617558,0.06939956937610378
5-17A,10.0,114.056,-0.23635525251310482,0.0012067225396990356
5-17A,10.0,115.0037,1.2802877105703732,0.10216307853277644
5-17A,10.0,115.0402,1.314782210701126,0.6534258106327056
5-17A,10.0,115.0764,0.021929101064671483,0.527143185040299
5-17A,10.0,116.0354,1.0226474647335482,0.38047851500496976
5-17A,10.0,116.0717,0.6184521305421659,0.09126151768962427
5-17A,10.0,117.0194,0.8072766454710433,0.1017126269276001
5-17A,10.0,118.0508,1.23461615631644,0.36140909789390013
5-17A,10.0,118.9804,-1.400565014125807,0.0131498420354719
5-17A,10.0,119.0503,-0.015853700298996597,0.1631269064849948
5-17A,10.0,120.9273,-0.3335956775516111,0.10262176695533572
5-17A,10.0,121.0295,-0.7315320959797933,0.2563258008061123
5-17A,10.0,121.0409,-1.3839255067036462,0.22727938492887115
5-17A,10.0,122.0248,-0.1407937228981132,0.6811314910550039
5-17A,10.0,124.0075,-0.905585099344838,0.530906902640877
5-17A,10.0,124.0144,-1.316498426535253,0.1734213111104918
5-17A,10.0,125.0439,-0.8325625489529103,0.18046124368833547
5-17A,10.0,127.0764,-1.3303300381756449,0.07096638614722818
5-17A,10.0,128.0354,-0.10914944971115348,0.0270041389061136
5-17A,10.0,129.0193,0.23840987598705546,0.06140348829774831
5-17A,10.0,129.0556,-0.396418195548107,0.8043661972428757
5-17A,10.0,130.0142,-0.15911918276961284,0.37730914346664507
5-17A,10.0,130.0509,0.028829687821408385,0.05446960594295942
5-17A,10.0,130.0874,0.5111646023939287,0.08772446823280425
5-17A,10.0,131.0008,-0.5902456423852555,0.1825551998036257
5-17A,10.0,131.0123,0.2049764307488821,0.06460182736476368
5-17A,10.0,131.035,-1.427796165171058,0.07284336861412843
5-17A,10.0,131.0462,-1.6494529519271608,0.1662898464203903
5-17A,10.0,131.0828,-0.5646236122825359,0.07658197069901071
5-17A,10.0,132.0302,-0.25841447830764086,0.04421906493553187
5-17A,10.0,133.0142,0.31140732574923,0.13229285385094164
5-17A,10.0,133.0257,0.3811970611706067,0.13803786122617057
5-17A,10.0,133.0505,0.42371659013135504,0.11709765681264522
5-17A,10.0,134.0472,0.34790318054572156,0.39338283087596154
5-17A,10.0,134.0604,-0.1518743273046372,0.24124069131648793
5-17A,10.0,135.0302,-0.04188717954542895,0.20588832694516127
5-17A,10.0,135.0453,1.642951535339669,0.4286564099992262
5-17A,10.0,136.0404,-0.02319132871440503,0.07580385914555048
5-17A,10.0,136.0487,1.6088798063692205,0.40779108054357827
5-17A,10.0,136.0767,0.3783844285097254,0.26951427188180144
5-17A,10.0,137.0239,0.15148771771263975,0.24105885370143126
5-17A,10.0,138.9789,1.100171734975031,0.29083116938059717
5-17A,10.0,139.0014,1.6945315474628349,0.12926413244412113
5-17A,10.0,139.0067,-0.6252319448761221,0.11952025670496332
5-17A,10.0,139.976,1.3299718426841167,0.5815860519233945
5-17A,10.0,143.0713,-1.0095003178466488,0.5546886381252019
5-17A,10.0,143.1077,0.7302759948420154,0.5157475322098912
5-17A,10.0,145.0141,-0.19709051388831283,0.08776183421031752
5-17A,10.0,145.0506,2.354408362348181,0.13968599633740839
5-17A,10.0,145.0623,1.5087731905568198,0.2886206606020776
5-17A,10.0,145.0982,-0.34936880913355883,0.22689450670967606
5-17A,10.0,145.1106,0.8241518870829124,0.7624605888871101
5-17A,10.0,146.0459,0.5692787508232254,0.0786943472222189
5-17A,10.0,147.0298,-0.005950658762251903,0.07236922643547987
5-17A,10.0,147.0662,-0.1261772503711679,0.10281966798864428
5-17A,10.0,149.0092,-1.0161104308996667,0.11857229330136203
5-17A,10.0,149.0456,-1.83986684727881,0.10245054782439993
5-17A,10.0,149.0608,0.3988542354682801,0.3949756845433455
5-17A,10.0,150.0422,0.2836274967549377,0.6996392419353418
5-17A,10.0,150.9707,-0.30752031478104674,0.5856135914134847
5-17A,10.0,151.0259,0.20040593069144857,0.11595067551645663
5-17A,10.0,151.04,0.15022610474448678,0.4492555401117569
5-17A,10.0,151.06,-0.21839099122490185,0.6063123426169119
5-17A,10.0,152.0353,1.517826431589782,0.31673221874411717
5-17A,10.0,152.0716,-0.8734483859962063,0.2836086245955136
5-17A,10.0,153.0192,-0.802240682063541,0.039608587456136365
5-17A,10.0,154.062,-0.41246436981221285,0.0823755695143878
5-17A,10.0,154.9751,0.4744112956478569,0.03687444944668722
5-17A,10.0,155.0099,-0.17416026400715623,0.03952070869316789
5-17A,10.0,157.0128,0.03494599642877177,0.09766523515488448
5-17A,10.0,157.0255,-0.042701186420799356,0.0927987823905782
5-17A,10.0,157.0379,-0.16787499997618244,0.11017998785085233
5-17A,10.0,157.0504,0.24023874549102775,0.10005131755315724
5-17A,10.0,159.0297,-1.4706069577993537,0.17748400423544158
5-17A,10.0,159.0775,1.757655989782929,0.148646345509957
5-17A,10.0,160.0616,1.0747946147972043,0.5161373323858125
5-17A,10.0,161.0453,-1.6127154731302067,0.1346512384231448
5-17A,10.0,162.0424,0.6390499087150776,0.2251361568893912
5-17A,10.0,163.0351,-1.1739557329561157,0.05233686424279183
5-17A,10.0,163.0398,0.42339079503386656,0.04134181234159666
5-17A,10.0,163.0611,-0.13937082396150197,0.8072919661385828
5-17A,10.0,164.0716,1.9952686569261497,0.2166286701038101
5-17A,10.0,165.03,-0.7530455045510948,1.0353571106354698
5-17A,10.0,165.0405,-0.3696229606927608,0.19059550565033856
5-17A,10.0,165.0556,-0.09387506263995483,0.15023781425159663
5-17A,10.0,166.0508,0.5703653585418045,0.1277244744957403
5-17A,10.0,166.0632,-0.21191921140418502,0.6089889167304705
5-17A,10.0,166.9759,1.5462781836559254,0.7569009334148145
5-17A,10.0,167.0207,-0.2346678810971326,0.45842126433943947
5-17A,10.0,167.0358,0.7293656429165287,0.3312496819457343
5-17A,10.0,167.0828,0.0268108522836338,0.39763887602931486
5-17A,10.0,168.0277,0.5697038481791505,0.08928786531475157
5-17A,10.0,168.0664,-0.6147814398254561,0.7424634130405661
5-17A,10.0,170.0455,1.0558520033134595,0.06503130775015661
5-17A,10.0,171.0065,2.0756958736285753,0.4879615275722127
5-17A,10.0,171.0092,2.2346626023152867,0.7144380459116454
5-17A,10.0,171.0284,0.23107205160506034,0.0915717989089985
5-17A,10.0,172.0616,0.49484613531396826,0.19682520483873617
5-17A,10.0,172.962,2.2048572979353027,0.14387520021913042
5-17A,10.0,173.0089,1.1340464443635168,0.25060701931060914
5-17A,10.0,173.0453,-0.13201675793147438,0.1687507547103909
5-17A,10.0,173.0932,1.957915775376872,0.127487643597816
5-17A,10.0,173.1041,0.38543301171494887,3.6300451523330506
5-17A,10.0,174.0407,-0.2879400066632368,0.03403792306664824
5-17A,10.0,174.088,-0.48358415408165234,0.12224961684616724
5-17A,10.0,175.022,0.3879170693288825,0.1505237515760555
5-17A,10.0,175.0361,-0.09994562767381898,0.08638217387813375
5-17A,10.0,175.0611,-0.20235703614732475,0.053526277995047625
5-17A,10.0,176.0776,-0.17501377424381037,0.3038934756436759
5-17A,10.0,177.0402,-1.9674150595299245,0.21520859110693172
5-17A,10.0,177.0553,-0.07444059874292763,0.7040370914237485
5-17A,10.0,178.0509,0.6560422800812062,0.162588727820328
5-17A,10.0,179.0348,0.18255919492524073,0.3188522868322591
5-17A,10.0,179.0561,-1.4372606828785681,0.0029177392222841853
5-17A,10.0,180.0663,-1.2832059381373464,0.015309318559034772
5-17A,10.0,181.0505,-0.3379276595736156,0.03207282658077441
5-17A,10.0,182.9725,-1.208835480598688,0.052144514637231305
5-17A,10.0,183.0661,-1.0121645299024749,0.6217476827141489
5-17A,10.0,184.0017,0.3806635307978449,0.07637731484665604
5-17A,10.0,184.9856,3.487424896241989,0.5632389345058373
5-17A,10.0,186.1136,0.07176313298856335,0.2482663442510978
5-17A,10.0,187.0234,-0.21747920000472581,0.6895570969806163
5-17A,10.0,188.035,0.8461056007980851,0.6249970509358178
5-17A,10.0,188.0565,-0.1822059997021238,0.05389108220002881
5-17A,10.0,189.0405,-0.9543840257893776,0.13795530214245202
5-17A,10.0,191.0197,0.9148979050068702,0.1689559875460694
5-17A,10.0,191.0561,-0.362409819252551,0.14949878842460448
5-17A,10.0,192.0663,-0.3874094011828817,0.3417793605448695
5-17A,10.0,193.0349,-0.7422856148754797,0.17934298360444476
5-17A,10.0,194.0682,0.3861991663719867,0.2571127132277774
5-17A,10.0,194.0822,-0.7582960836893171,0.7423531468005304
5-17A,10.0,195.0509,-1.22436039096322,0.020650487424062683
5-17A,10.0,195.0657,-1.256551491917381,0.4235010003066977
5-17A,10.0,196.0603,0.2751200853813505,0.1725916719712647
5-17A,10.0,198.0182,1.6843929713474148,0.4142911915199499
5-17A,10.0,199.0019,0.0052977006957764285,0.8041551116756569
5-17A,10.0,200.9937,0.1316223626664219,0.2484289193904944
5-17A,10.0,201.0051,0.178284982613622,0.4364649612547464
5-17A,10.0,203.0348,1.0964600594597365,0.3773527348142025
5-17A,10.0,203.0826,-0.09289056653348118,0.011215985745563452
5-17A,10.0,204.0498,-1.0714232880237367,0.17329034363887097
5-17A,10.0,205.0351,-0.3357116151588696,0.1642828533687558
5-17A,10.0,206.0822,-0.4958946150129374,0.31281076497448607
5-17A,10.0,209.0292,-0.2461901183619293,0.08853462519855251
5-17A,10.0,209.0814,-0.3299452372234143,0.40064336314319243
5-17A,10.0,211.0235,5.654522188199033,0.7832037235929789
5-17A,10.0,211.9968,0.02809169816317452,0.08390680164893917
5-17A,10.0,212.0331,0.9301611186874705,0.3209405751113568
5-17A,10.0,212.9807,3.2466239451921006,0.2494367842002856
5-17A,10.0,213.014,-0.03389709640060218,0.39897866071294147
5-17A,10.0,213.0384,2.037006386581315,0.17584579883560336
5-17A,10.0,213.1252,0.11690559408056608,0.2893451021301441
5-17A,10.0,214.0488,-0.015561215833311132,0.6495694811814614
5-17A,10.0,215.0331,-1.5539367071264603,0.0010717076065143315
5-17A,10.0,216.1351,-0.9926474109409137,0.2179402430687305
5-17A,10.0,218.0335,-1.4953747319463873,0.003798811448500349
5-17A,10.0,218.1034,0.05939816360926173,0.03733706946216584
5-17A,10.0,220.0828,-0.5199644795097591,0.732928216506037
5-17A,10.0,221.0443,-1.0104021812632729,0.09629279965874812
5-17A,10.0,221.0664,-0.11953121753598647,0.41018876592908793
5-17A,10.0,225.0399,2.184934397696075,1.1978400521477905
5-17A,10.0,225.0861,0.5591902392964225,0.2390987043161775
5-17A,10.0,225.0901,0.06401974044232794,1.3596849387289602
5-17A,10.0,226.0135,0.7313191693742622,0.07321276991428424
5-17A,10.0,226.0697,-0.7906871583914493,0.2024405938866211
5-17A,10.0,228.0501,0.5901349185266922,0.3182950140342471
5-17A,10.0,229.0122,1.2201355682292117,0.17542899332303763
5-17A,10.0,237.0614,0.3118318875094458,0.17148241764462355
5-17A,10.0,238.0945,-0.67396168808308,0.20769472059500885
5-17A,10.0,240.0515,0.34587522511200086,0.1018922990654174
5-17A,10.0,241.0844,0.6543078279475926,0.44066654812277656
5-17A,10.0,242.0804,-0.13952010947734206,0.27504974054230835
5-17A,10.0,243.029,-0.475291192245639,0.3991498801566871
5-17A,10.0,243.0625,0.9259568240956484,0.717552388542753
5-17A,10.0,245.0444,0.28875350825805685,0.45919022527102793
5-17A,10.0,246.0198,0.9006836254394319,0.22356745019350674
5-17A,10.0,246.064,-1.219533995085495,0.013649002345875107
5-17A,10.0,251.0816,0.5690298197511445,1.2129804581254409
5-17A,10.0,253.0119,-0.1199851275289125,0.010473339048978243
5-17A,10.0,253.0499,-0.9195910074483176,0.39811267163144504
5-17A,10.0,257.0072,1.269413912667115,0.6424376157548123
5-17A,10.0,257.1028,-1.1702368575639341,0.29224836228099355
5-17A,10.0,259.005,0.3885205891503761,0.15907930435084514
5-17A,10.0,259.0227,-1.0056103666228182,0.11112066862485545
5-17A,10.0,261.0385,1.043469301019098,0.17204917413584972
5-17A,10.0,266.0703,-0.1465902404825823,0.46789462965401063
5-17A,10.0,267.0724,-0.6393543280686108,0.030148387994865643
5-17A,10.0,268.02,-0.07379958381088249,0.6462880423926889
5-17A,10.0,269.0398,-0.11782126388269913,0.32203253690168054
5-17A,10.0,271.0612,-0.5864577252504064,0.536146667095459
5-17A,10.0,271.0815,-1.2786603726957713,0.667430867778598
5-17A,10.0,273.0021,0.8317870102773179,0.14550083381333137
5-17A,10.0,274.0933,-0.4003891176250126,0.16491048607571218
5-17A,10.0,275.0184,0.02153171746588803,0.3552348967734906
5-17A,10.0,275.0991,0.5650382510285675,0.24810817501295465
5-17A,10.0,277.1207,-1.0914576104584293,0.016487008089566376
5-17A,10.0,277.2169,-0.30044424779361306,0.11188824390986127
5-17A,10.0,279.2331,-0.30097606389747633,0.012827043481602955
5-17A,10.0,282.0839,-1.1293539593777342,0.39164683349576257
5-17A,10.0,283.2063,0.03313426320876249,0.2544723947760486
5-17A,10.0,285.0972,-0.30828526577933835,0.38262382805904166
5-17A,10.0,287.0157,-0.6370754774225142,0.18833308120618175
5-17A,10.0,288.0725,-0.20048661778276028,0.07640222542900744
5-17A,10.0,289.0333,0.08829736869612505,0.42704546647720054
5-17A,10.0,289.1044,-0.2156956566282702,0.25486175358763125
5-17A,10.0,290.9677,-0.03678984979835853,0.15254761803016445
5-17A,10.0,294.0479,-1.214518629762794,0.3945270438257461
5-17A,10.0,300.0509,0.11758256236756229,1.534279605060802
5-17A,10.0,301.0333,-0.21929707387404168,0.5928828188663687
5-17A,10.0,303.2326,0.7563953591793229,1.169725497354209
5-17A,10.0,305.0207,-1.3551704160994706,0.03443921373096599
5-17A,10.0,306.0481,0.577077373898554,0.13542800364881205
5-17A,10.0,306.0765,-0.06913985242190934,0.02641602156632952
5-17A,10.0,308.0986,-0.38976727232116837,0.010251095275502034
5-17A,10.0,313.0441,-0.317806860041053,0.28729087582756296
5-17A,10.0,313.1037,0.84148511475301,0.8921077902813414
5-17A,10.0,317.026,-0.7658052966864094,0.6035439792407761
5-17A,10.0,323.0256,0.4796940321673475,0.7938886234799968
5-17A,10.0,325.1163,0.3702007435704202,0.6530825386761983
5-17A,10.0,328.0457,0.9736700849569877,0.19093405007502817
5-17A,10.0,333.0589,0.24304367849188524,0.39172787196616055
5-17A,10.0,338.9884,0.9758324510121388,0.14699381330832006
5-17A,10.0,339.0928,-1.0524924632544495,0.4866233854457487
5-17A,10.0,341.1089,-0.15113245000738212,0.21152860092786543
5-17A,10.0,344.0393,0.7473174402470744,0.41984465626081163
5-17A,10.0,346.0556,-0.2056808126518861,0.1496270169566079
5-17A,10.0,348.087,0.5526139722605985,0.1673630000689374
5-17A,10.0,353.0489,-0.19481317285610616,0.15929019934936728
5-17A,10.0,357.089,0.47890762993755454,0.25604614803925846
5-17A,10.0,375.131,-0.062470502892283244,0.5612364779640325
5-17A,10.0,377.1496,-0.5655793113675773,0.2665969706169763
5-17A,10.0,383.1188,-0.06267260610235573,0.7108882930073709
5-17A,10.0,388.9416,-0.07886087566275915,0.3939506635741895
5-17A,10.0,388.9442,-0.25274936370101936,0.42055366753491724
5-17A,10.0,401.0756,-1.190750609753328,0.045813076232445515
5-17A,10.0,407.2795,-0.7817834680824796,0.12370127491911365
5-17A,10.0,421.0743,1.0817626761943286,0.3642313599698864
5-17A,10.0,426.0222,-0.016689231729721456,0.28734125646656117
5-17A,10.0,442.9997,-0.2076233583235863,0.3182236670532014
5-17A,10.0,466.9657,-1.2996408022827786,0.04707063165749865
5-17A,10.0,490.9787,-0.7609957570478041,0.6753239289985419
5-17A,10.0,503.1614,0.3863142317425513,0.28906575142479257
5-17A,10.0,547.0731,0.9127499656086163,0.13097347900000422
5-17A,10.0,565.0471,0.3423332923850185,0.24669184988122062
5-17A,10.0,578.8872,-1.28048438263921,0.02943802237386572
5-17A,10.0,579.0269,-0.9166857143784872,0.06687151030504802
5-17A,10.0,612.2549,1.4527702328677032,0.6728807112040692
5-17A,10.0,624.2949,2.5616295736425583,0.20084663951378368
5-17A,10.0,659.307,-0.8247561418991914,0.2160881206372111
5-17A,10.0,664.0939,2.2836258215709124,0.6354034916616416
5-17A,10.0,665.2144,1.0855053743686467,0.49022009844163666
5-17A,10.0,668.1374,0.17320787064271745,0.013427399890661223
5-17A,10.0,787.255,-0.8668455142335764,0.3055253911655875
5-17A,10.0,790.2568,-0.7113305716709606,0.15097690979950407
5-17A,10.0,835.0407,1.1528838994968913,0.5152954998445551
5-17A,10.0,863.2971,2.412822212583039,0.2170827062370744
5-17A,10.0,864.1473,0.8654473194454202,0.5395303818228356
5-17A,10.0,974.2935,0.9645432812555303,0.3234753840233195
5-17A,10.0,976.7162,-1.2715373234314762,0.06039508229478968
5-17B,1.0,57.0342,0.873012659589416,0.4948962614291149
5-17B,1.0,58.0295,-0.9323422942839925,0.22462460176675134
5-17B,1.0,59.0135,0.6988022940211485,0.34438552143651885
5-17B,1.0,71.0137,0.9126343038865027,0.2374132754850128
5-17B,1.0,73.0293,-0.9495158806507591,0.015910055235488288
5-17B,1.0,74.0247,-0.1319924384139441,0.22478975183189293
5-17B,1.0,75.0087,-0.45133984505424196,0.2964725852553684
5-17B,1.0,87.0088,-0.6839437352021522,0.011132823901315127
5-17B,1.0,87.0451,0.38870932313585804,0.5319785009080885
5-17B,1.0,88.0403,-0.9308846568823985,0.024812452464476886
5-17B,1.0,88.9883,-0.001792984515385898,0.6509055261250365
5-17B,1.0,89.0244,-0.3947525150677933,0.10699553021912891
5-17B,1.0,93.0338,-0.07736261199379765,0.014272079835877699
5-17B,1.0,94.9761,-1.0756000481074037,0.29658141386854436
5-17B,1.0,94.9806,0.7303841532643164,0.3346924800009334
5-17B,1.0,95.0139,0.9785297786586317,0.22892257319208126
5-17B,1.0,101.0242,1.121124698917939,0.27664726883325036
5-17B,1.0,102.056,-0.4867201684507223,0.030174466109662377
5-17B,1.0,103.0402,-0.9800433393053882,0.024631321901561958
5-17B,1.0,103.0509,-1.027470371752119,0.04587897379025584
5-17B,1.0,104.0352,1.6438418836875277,0.407724744639308
5-17B,1.0,105.0193,-0.3342508752474255,0.642882280733977
5-17B,1.0,107.0503,-0.21115642769045523,0.23367803359234823
5-17B,1.0,109.0295,-1.1752149122976903,0.11013874156238525
5-17B,1.0,111.02,-1.2042321043254496,0.0027258001649218635
5-17B,1.0,112.0516,-0.5459679145953082,0.24058821691420926
5-17B,1.0,113.0244,1.0347872728010898,0.14342542195573363
5-17B,1.0,113.0357,-1.1521263121081284,0.04680509931548999
5-17B,1.0,114.056,-0.2417402088287982,0.0032850134578609443
5-17B,1.0,115.0037,-0.8986133805859667,0.038752774951687205
5-17B,1.0,115.0402,-0.5843605007376538,0.6173075740453082
5-17B,1.0,115.0764,-0.09963833252258054,0.7142323065338874
5-17B,1.0,116.0354,-0.954928824846152,0.13091026309556264
5-17B,1.0,116.0717,-0.7397940978896771,0.015473486975110109
5-17B,1.0,117.0194,-0.9437453828787008,0.0015730172369265829
5-17B,1.0,118.0508,-0.955231836296411,0.14817579144105114
5-17B,1.0,118.9804,1.0145125571491753,0.14236312617625232
5-17B,1.0,119.0503,-0.6294805960884133,0.23697616577438618
5-17B,1.0,120.9273,0.10358384461455619,0.3687515814898837
5-17B,1.0,121.0295,0.6030771021509018,0.5452301226248797
5-17B,1.0,121.0409,0.7522244880502846,0.8266117068329863
5-17B,1.0,122.0248,-1.1106018211423372,0.03126444885875725
5-17B,1.0,124.0075,-0.03374069383343753,0.2741080809419839
5-17B,1.0,124.0144,-0.20033821070776478,0.14262754971667252
5-17B,1.0,125.0439,-0.8828963009677864,0.18771617174044156
5-17B,1.0,127.0764,0.37702527327621405,0.28863586749555775
5-17B,1.0,128.0354,-0.16610051875828974,0.00731478369842912
5-17B,1.0,129.0193,-1.1686020614315444,0.05071403555084484
5-17B,1.0,129.0556,-0.009599486269303452,0.5242002628322766
5-17B,1.0,130.0142,-0.8215330767726097,0.24786310042683235
5-17B,1.0,130.0509,-1.074990130015665,0.007744766520557618
5-17B,1.0,130.0874,-0.6658416773759426,0.02850958970006366
5-17B,1.0,131.0008,-0.0031393773952264614,0.9426093132409021
5-17B,1.0,131.0123,-0.6596460119414452,0.03211337540744535
5-17B,1.0,131.035,0.465080637102842,0.2981068910607713
5-17B,1.0,131.0462,0.5241447589247097,0.1766234775388215
5-17B,1.0,131.0828,1.7166370019664756,0.21866374869170366
5-17B,1.0,132.0302,-1.1870936315154053,0.00971332781117966
5-17B,1.0,133.0142,-0.566863362154473,0.03983394668268348
5-17B,1.0,133.0257,-0.7864499259750183,0.11544401978124821
5-17B,1.0,133.0505,-1.3237004471114389,0.0016186095555746332
5-17B,1.0,134.0472,-1.2972794638690512,0.09177763460517008
5-17B,1.0,134.0604,-1.2891286663102441,0.25250618863789603
5-17B,1.0,135.0302,-0.7273429327976189,0.026830941536315114
5-17B,1.0,135.0453,-1.9640352324775527,0.10699974999214235
5-17B,1.0,136.0404,-0.5736171379391812,0.10027461377687093
5-17B,1.0,136.0487,-1.8910795865990444,0.16295919701936712
5-17B,1.0,136.0767,-0.3391716558476463,0.6146775027056218
5-17B,1.0,137.0239,-0.22125575996374755,0.15971125679251078
5-17B,1.0,138.9789,-0.3195681315889215,0.4392962228771968
5-17B,1.0,139.0014,-0.38701831371477413,0.0519725055002012
5-17B,1.0,139.0067,-0.7362991428269966,0.04039530566168922
5-17B,1.0,139.976,-0.4988319217590975,0.5285333155876818
5-17B,1.0,143.0713,1.070508297897081,0.2157356594674877
5-17B,1.0,143.1077,0.6775261231314825,0.3675568473441928
5-17B,1.0,145.0141,-0.0851158008625664,0.1658093749119764
5-17B,1.0,145.0506,-0.14429610933361292,0.10101687980371131
5-17B,1.0,145.0623,0.1013950187793749,0.24515914116592152
5-17B,1.0,145.0982,1.450296081952707,0.18611288843663037
5-17B,1.0,145.1106,1.3072163778299677,0.7490068618583017
5-17B,1.0,146.0459,-0.4714874884986464,0.00221255604705297
5-17B,1.0,147.0298,-0.9594635495398876,0.006503479847385261
5-17B,1.0,147.0662,-1.4232911596716578,0.019938108386514303
5-17B,1.0,149.0092,0.25801575714784974,0.6630395290915194
5-17B,1.0,149.0456,0.3226644041077139,0.43466900845769313
5-17B,1.0,149.0608,-0.33485526666156884,0.764667822654998
5-17B,1.0,150.0422,-0.8473531955483069,0.28320286365076613
5-17B,1.0,150.9707,-0.015095574388081373,0.8097616017680109
5-17B,1.0,151.0259,-0.46599897583785604,0.07531423423118998
5-17B,1.0,151.04,-0.39362450547950284,0.4887726262588069
5-17B,1.0,151.06,-0.4374711667067689,0.45325219789934523
5-17B,1.0,152.0353,-1.0813234615413736,0.14510987197210123
5-17B,1.0,152.0716,0.9684020104693781,0.6527513067564072
5-17B,1.0,153.0192,-0.2106492768453875,0.04706892988505169
5-17B,1.0,154.062,1.196417367673667,0.29697374083131933
5-17B,1.0,154.9751,-0.9973034837696644,0.01801681634404291
5-17B,1.0,155.0099,-1.1709416430233333,0.0028439859044913007
5-17B,1.0,157.0128,-0.9747586023662501,0.0350779881045942
5-17B,1.0,157.0255,-1.3272826248352603,0.0020693064770792116
5-17B,1.0,157.0379,-1.3722705272043016,0.016387611674250808
5-17B,1.0,157.0504,-1.1736961381527187,0.047165474347696114
5-17B,1.0,159.0297,0.8568922564857857,0.23691992557907118
5-17B,1.0,159.0775,-1.2134882495573756,0.016543522210610968
5-17B,1.0,160.0616,-1.4070490907146547,0.11439078308960658
5-17B,1.0,161.0453,-0.029298001324638348,0.19986506919318267
5-17B,1.0,162.0424,-1.4725202105095772,0.1358893237752241
5-17B,1.0,163.0351,-1.3381946393628403,0.06190399027444134
5-17B,1.0,163.0398,-0.04034258776159093,0.04685198810532941
5-17B,1.0,163.0611,-0.8624447701873723,0.470399594131938
5-17B,1.0,164.0716,-0.22782523249342912,0.052020702849332336
5-17B,1.0,165.03,-0.22327674240755457,0.44771891933116853
5-17B,1.0,165.0405,-0.5055840579132508,0.22598343410376004
5-17B,1.0,165.0556,-0.8658309510360791,0.13159379175597352
5-17B,1.0,166.0508,-1.526914865838383,0.12908858931236686
5-17B,1.0,166.0632,-1.3250955114858585,0.2764046639977022
5-17B,1.0,166.9759,-1.1267271327394761,0.2506682151524178
5-17B,1.0,167.0207,0.27986468743166804,0.3910310475908004
5-17B,1.0,167.0358,-0.04200266290212336,0.2961808658998062
5-17B,1.0,167.0828,-0.07906399905357825,0.500640418414894
5-17B,1.0,168.0277,-0.4528404527975178,0.02568596019239461
5-17B,1.0,168.0664,0.6667090647730662,0.5389110988054259
5-17B,1.0,170.0455,-0.8407699438027778,0.01657432460842468
5-17B,1.0,171.0065,-1.132073166927328,0.13816427874316625
5-17B,1.0,171.0092,-1.221321932430737,0.18682164963338538
5-17B,1.0,171.0284,-0.851264823967314,0.039066766577074
5-17B,1.0,172.0616,-1.6170746758102115,0.07698711468146179
5-17B,1.0,172.962,-0.5943616065289143,0.0439845789843728
5-17B,1.0,173.0089,-1.0064966749244313,0.09244395194411652
5-17B,1.0,173.0453,-0.8483907932596761,0.18280520885946422
5-17B,1.0,173.0932,-0.7641835753415129,0.019556460144678385
5-17B,1.0,173.1041,0.2992069868395408,0.36179422060562083
5-17B,1.0,174.0407,-0.9982025719100546,0.002084212886341894
5-17B,1.0,174.088,-0.20302277150694897,0.19813224035330554
5-17B,1.0,175.022,-0.7958739634023108,0.12326239545313343
5-17B,1.0,175.0361,-1.2347479251073095,0.018858911114862355
5-17B,1.0,175.0611,-1.2257261709024807,0.005943784424453824
5-17B,1.0,176.0776,-1.3777678737977757,0.1307147934279096
5-17B,1.0,177.0402,0.7306367462180449,0.170538732879915
5-17B,1.0,177.0553,-0.1558474720568788,0.8103049678593487
5-17B,1.0,178.0509,-1.0815574541411994,0.01204702122964967
5-17B,1.0,179.0348,-1.601129888342725,0.036760492772656334
5-17B,1.0,179.0561,0.8083326198440304,0.1920082295857803
5-17B,1.0,180.0663,0.7957864617015447,0.20137813493426643
5-17B,1.0,181.0505,-0.8478164843964064,0.08817742751689163
5-17B,1.0,182.9725,1.3012734014234455,0.2868004755228841
5-17B,1.0,183.0661,0.34291771274562133,0.7979780414264444
5-17B,1.0,184.0017,-0.447373653744778,0.04390963002011681
5-17B,1.0,184.9856,-0.7049701839037463,0.09242673477126165
5-17B,1.0,186.1136,0.48264204133814703,0.8180971679875508
5-17B,1.0,187.0234,-0.32193831318331995,0.47428723643058907
5-17B,1.0,188.035,-0.97554465386731,0.6676357882840841
5-17B,1.0,188.0565,-1.1259327599506461,0.0057336922852958905
5-17B,1.0,189.0405,1.2061366722272209,0.16245948051079795
5-17B,1.0,191.0197,-0.7210250406018521,0.09095701053780321
5-17B,1.0,191.0561,-1.0102138412247932,0.05290754316119834
5-17B,1.0,192.0663,-0.4757122294782419,0.5531204721828754
5-17B,1.0,193.0349,0.11140879973842102,0.11524127384993904
5-17B,1.0,194.0682,-1.057070521287108,0.09261102468723632
5-17B,1.0,194.0822,-0.16443232501924449,0.6229149184706632
5-17B,1.0,195.0509,0.013221483389841467,0.1496823633799874
5-17B,1.0,195.0657,-0.7620173324447371,0.4993145627778787
5-17B,1.0,196.0603,-1.319019553803959,0.058383266731730485
5-17B,1.0,198.0182,-1.0683687236726174,0.5296372703307974
5-17B,1.0,199.0019,-0.6466519752642446,0.4825183699603836
5-17B,1.0,200.9937,0.44778162458046655,0.15925912232079836
5-17B,1.0,201.0051,-0.6807409206766224,0.39969906834097296
5-17B,1.0,203.0348,-0.394421286817628,0.2657424312987095
5-17B,1.0,203.0826,-0.05718219691775066,0.014509451751032014
5-17B,1.0,204.0498,1.1575274188311004,1.1335649372688188
5-17B,1.0,205.0351,-1.0008981020231205,0.1447245789860463
5-17B,1.0,206.0822,-0.5874867653931488,0.6956742304702754
5-17B,1.0,209.0292,-0.4784438649843191,0.4722207202590114
5-17B,1.0,209.0814,0.8936642896062423,0.34444811667272074
5-17B,1.0,211.0235,-0.9727215658136933,0.3371087608706805
5-17B,1.0,211.9968,-1.0923360992228617,0.025976131823660167
5-17B,1.0,212.0331,-0.2805539607505663,0.2934908697842472
5-17B,1.0,212.9807,-0.7485413022615819,0.06915042369202537
5-17B,1.0,213.014,-0.6584715874867448,0.2729696728756607
5-17B,1.0,213.0384,-0.14392056825082153,0.255044829532961
5-17B,1.0,213.1252,0.25016107098886703,0.9420928330361389
5-17B,1.0,214.0488,-0.7732166738020795,0.6843223054351487
5-17B,1.0,215.0331,0.8271193207289129,0.21628936861011397
5-17B,1.0,216.1351,0.26900148849771566,0.15470327406898882
5-17B,1.0,218.0335,1.0739461355375517,0.2054263766253568
5-17B,1.0,218.1034,-1.2457088986731544,0.008324706706318193
5-17B,1.0,220.0828,0.22491314679447788,1.020632666588354
5-17B,1.0,221.0443,1.0833930262460896,0.15487062922963585
5-17B,1.0,221.0664,-0.2050788806092762,0.6615248125541191
5-17B,1.0,225.0399,-0.2839015364594,0.5334579836193807
5-17B,1.0,225.0861,-0.2813599984862305,0.3013856281346607
5-17B,1.0,225.0901,-0.2920185999449343,1.203870868368393
5-17B,1.0,226.0135,-1.1637495937806375,0.10867573028569744
5-17B,1.0,226.0697,0.7117227084546545,0.1763232790386785
5-17B,1.0,228.0501,-0.586129523827268,0.2662237732475671
5-17B,1.0,229.0122,-1.2293720624486164,0.1911240384131685
5-17B,1.0,237.0614,-1.3274650885757033,0.07398777990325955
5-17B,1.0,238.0945,0.9708320938506385,0.24266960808617943
5-17B,1.0,240.0515,-1.4222218358607497,0.011484829957341389
5-17B,1.0,241.0844,-1.7306658516122564,0.847088690077234
5-17B,1.0,242.0804,-0.17617131478256293,0.861474614290122
5-17B,1.0,243.029,-0.33566164340488647,0.4065723433410929
5-17B,1.0,243.0625,-1.1097457448198649,0.2959446251037266
5-17B,1.0,245.0444,-1.3348993679851449,0.3813380146718296
5-17B,1.0,246.0198,-1.200466028672151,0.1924010135917813
5-17B,1.0,246.064,1.1764906772172776,0.9511525756248163
5-17B,1.0,251.0816,1.299905782414898,1.6387695375673834
5-17B,1.0,253.0119,-0.3597623456445367,0.005286499669736972
5-17B,1.0,253.0499,0.8120326977491507,0.40437139115896026
5-17B,1.0,257.0072,-0.8716109035938071,0.5673751818528088
5-17B,1.0,257.1028,1.2180406827036716,0.3406285502268984
5-17B,1.0,259.005,-1.1908172379858866,0.5711029537128491
5-17B,1.0,259.0227,0.5968303612205577,0.2634986614484519
5-17B,1.0,261.0385,-0.8883914391311708,0.20995971027885327
5-17B,1.0,266.0703,-0.7384020707703434,0.2944871594041145
5-17B,1.0,267.0724,-0.6749821284408859,0.027843210226436765
5-17B,1.0,268.02,-0.5298549963751512,0.3079551950745779
5-17B,1.0,269.0398,-0.6939751617502175,0.1556215635400769
5-17B,1.0,271.0612,-0.07700541549350304,0.22492220667003268
5-17B,1.0,271.0815,0.68691888484562,0.6239814961296177
5-17B,1.0,273.0021,-0.872391974074779,0.14537447090234246
5-17B,1.0,274.0933,-1.32379310799237,0.04549663859832332
5-17B,1.0,275.0184,-0.34243290129820725,0.5871338038392869
5-17B,1.0,275.0991,-0.8908372411203163,0.3488611291299689
5-17B,1.0,277.1207,1.1608857874617744,0.22118015294189286
5-17B,1.0,277.2169,0.8106182099525088,0.5970584348659699
5-17B,1.0,279.2331,0.7006193536761469,0.0772224623404209
5-17B,1.0,282.0839,-0.5642624242656952,0.23622003413319426
5-17B,1.0,283.2063,0.44347899485355813,0.2043076332269872
5-17B,1.0,285.0972,0.6370921402194176,0.5079909895930026
5-17B,1.0,287.0157,0.1520238231307346,0.36149434042368955
5-17B,1.0,288.0725,-0.7265677368451477,0.1344026362575069
5-17B,1.0,289.0333,-0.7300247258716943,0.42457313256904644
5-17B,1.0,289.1044,-1.033254856233406,0.28334689918522454
5-17B,1.0,290.9677,-0.5060981964301089,0.05344684757556886
5-17B,1.0,294.0479,1.1738401543747221,0.2988972693404309
5-17B,1.0,300.0509,-0.8424773836638363,0.8494763533444714
5-17B,1.0,301.0333,-0.10338408716962078,0.9648460384793293
5-17B,1.0,303.2326,1.629391355173581,2.4858620077260745
5-17B,1.0,305.0207,0.8903176744306147,0.127069313425707
5-17B,1.0,306.0481,-1.1065834421686498,0.09674887861102886
5-17B,1.0,306.0765,-0.29528136830803,0.011458026011785057
5-17B,1.0,308.0986,0.06229658297691248,0.04154053243966555
5-17B,1.0,313.0441,-0.7054255151124817,0.18529942001685684
5-17B,1.0,313.1037,-0.9137906733982337,0.6729708665075829
5-17B,1.0,317.026,-0.02509851803890564,0.09943125556491014
5-17B,1.0,323.0256,0.4147061025866532,0.43587706612193355
5-17B,1.0,325.1163,-0.3028438191581997,0.5180891743350536
5-17B,1.0,328.0457,-1.0406866922959184,0.017645742957556113
5-17B,1.0,333.0589,-1.314746843372514,0.1191189533552403
5-17B,1.0,338.9884,-0.743975255089603,0.2701802390640222
5-17B,1.0,339.0928,0.11666554884206576,0.5112262648970449
5-17B,1.0,341.1089,-0.10325530647408344,0.2291225683510447
5-17B,1.0,344.0393,-0.9139316063931461,0.28954839572929447
5-17B,1.0,346.0556,-0.24932675443217656,0.18063610070166325
5-17B,1.0,348.087,-1.1241140518098343,0.12112343306985694
5-17B,1.0,353.0489,0.02809513285078915,0.4324489698592584
5-17B,1.0,357.089,-0.6348119574218074,0.23297617567223233
5-17B,1.0,375.131,-0.4093183074445846,0.39726818359827454
5-17B,1.0,377.1496,1.1189275467734459,0.6548763648854788
5-17B,1.0,383.1188,0.437812928973754,0.8941712130416389
5-17B,1.0,388.9416,-0.34379827160088094,0.24205986134584692
5-17B,1.0,388.9442,-0.5452999530186073,0.24611355478607147
5-17B,1.0,401.0756,1.124236670405359,0.24667141983949636
5-17B,1.0,407.2795,1.3603414141956969,0.21910116554624764
5-17B,1.0,421.0743,0.10984073878266201,0.42625684641020434
5-17B,1.0,426.0222,-0.4105622673394711,0.34122189675512477
5-17B,1.0,442.9997,0.06145352488115431,0.2861782269555399
5-17B,1.0,466.9657,0.7776275406593636,0.06996842791573897
5-17B,1.0,490.9787,0.24917425272712343,0.5328998756141999
5-17B,1.0,503.1614,0.0019298669432111087,0.365024116342429
5-17B,1.0,547.0731,-1.4055893740434027,0.04314243963491835
5-17B,1.0,565.0471,-0.9063203128448991,0.2330218079089029
5-17B,1.0,578.8872,1.1090748128806382,0.1954173233684445
5-17B,1.0,579.0269,1.1839528950471232,0.3487934346191146
5-17B,1.0,612.2549,-0.6569692947302007,0.4794510370677404
5-17B,1.0,624.2949,-0.7172011510574996,0.24968650293635444
5-17B,1.0,659.307,0.13702202642747682,0.47213611789571025
5-17B,1.0,664.0939,-0.4646472787102395,0.07129962446280813
5-17B,1.0,665.2144,-0.6988916469895466,0.560775760818684
5-17B,1.0,668.1374,-0.6166988110142069,0.00022255682554985444
5-17B,1.0,787.255,0.6357291420188736,0.33724532487579795
5-17B,1.0,790.2568,0.12310192197765234,0.32228492736917513
5-17B,1.0,835.0407,-0.6773411527659828,0.2091943116044018
5-17B,1.0,863.2971,-0.5314891368871016,0.07071971408747779
5-17B,1.0,864.1473,-0.3066483086332723,0.20446909717011605
5-17B,1.0,974.2935,-0.1929855314827385,0.1451904838921758
5-17B,1.0,976.7162,0.7224512581939599,0.29187733760915824
5-17B,2.0,57.0342,1.818026947886716,0.4054366454869747
5-17B,2.0,58.0295,-1.0561176651543147,0.1558476833419686
5-17B,2.0,59.0135,1.5489940776337474,0.12244941999584742
5-17B,2.0,71.0137,1.3620318959350302,0.11439133859269275
5-17B,2.0,73.0293,-0.9282058183990396,0.009966096584720342
5-17B,2.0,74.0247,-0.9030463858294246,0.3929782579032184
5-17B,2.0,75.0087,0.8480923531912032,0.30164428744061594
5-17B,2.0,87.0088,-0.6770920032593094,0.014089312162580282
5-17B,2.0,87.0451,1.8361752864742715,0.21327769261763846
5-17B,2.0,88.0403,-0.9018614382820761,0.01862024060639721
5-17B,2.0,88.9883,-0.1956467771282531,0.3009042542190114
5-17B,2.0,89.0244,-0.6943462190938486,0.07246884355784887
5-17B,2.0,93.0338,-0.06271395566300988,0.009344048853859102
5-17B,2.0,94.9761,-1.714580384049604,0.012489013932949024
5-17B,2.0,94.9806,2.0553562143197883,0.08974912198678758
5-17B,2.0,95.0139,1.0890061106030207,0.11119046861529708
5-17B,2.0,101.0242,1.3354866478359773,0.10759606487695395
5-17B,2.0,102.056,-0.3663793607387176,0.022543588208763784
5-17B,2.0,103.0402,-0.8284344972851403,0.030982048461148767
5-17B,2.0,103.0509,-0.9080025094084354,0.03610282264719196
5-17B,2.0,104.0352,-0.18210529303734765,0.2471686810162633
5-17B,2.0,105.0193,1.8593199945806176,0.6829160130947511
5-17B,2.0,107.0503,2.0239187368071057,0.25797020753446936
5-17B,2.0,109.0295,-0.41185455324520115,0.12375824861106274
5-17B,2.0,111.02,-0.7796653418063559,0.006888515157660729
5-17B,2.0,112.0516,1.571615582590805,0.3945694607887188
5-17B,2.0,113.0244,1.2765637242475751,0.05464864345841499
5-17B,2.0,113.0357,-0.5636779561044598,0.010362470530135849
5-17B,2.0,114.056,-0.23774735136383102,0.0032263025916040894
5-17B,2.0,115.0037,-0.6711543033954201,0.08006589270306148
5-17B,2.0,115.0402,0.8321583930986866,0.49056801438108827
5-17B,2.0,115.0764,2.8807501863387417,0.4963637248558542
5-17B,2.0,116.0354,-0.8251926126823813,0.21906116368468778
5-17B,2.0,116.0717,-0.771305588731483,0.009256744979616675
5-17B,2.0,117.0194,-0.9290568454724375,0.0016518259322900735
5-17B,2.0,118.0508,-1.0508764739240721,0.1644779742584009
5-17B,2.0,118.9804,1.722453236520984,0.06938468454097997
5-17B,2.0,119.0503,-0.12868001183187822,0.19195087845855516
5-17B,2.0,120.9273,4.162306786901699,1.186176834244287
5-17B,2.0,121.0295,2.352610437749497,0.265957590248839
5-17B,2.0,121.0409,1.6279347480652289,0.5788880975060392
5-17B,2.0,122.0248,-0.2297795254406121,0.13326832042509512
5-17B,2.0,124.0075,1.6524121195499308,0.6421080412566019
5-17B,2.0,124.0144,-0.17330078933057716,0.14730732040140412
5-17B,2.0,125.0439,-0.3386399752241984,0.11468673590678113
5-17B,2.0,127.0764,2.0398255874737496,0.6295171738222097
5-17B,2.0,128.0354,-0.31167329149327105,0.01639024038544195
5-17B,2.0,129.0193,-0.8141522857829971,0.08049993308108183
5-17B,2.0,129.0556,2.611358633087346,1.1926159989276393
5-17B,2.0,130.0142,0.12338086026107697,0.20250829688463565
5-17B,2.0,130.0509,-0.9917158351979617,0.0263246734786402
5-17B,2.0,130.0874,-0.841149336139642,0.016857505539565228
5-17B,2.0,131.0008,-0.5176169225663805,0.22628190404649287
5-17B,2.0,131.0123,-0.5320349586339099,0.04694444693747338
5-17B,2.0,131.035,0.8201446346354204,0.15717535612463102
5-17B,2.0,131.0462,0.7397081682653911,0.19518891492021678
5-17B,2.0,131.0828,-0.012354301287067635,0.11578900496117468
5-17B,2.0,132.0302,-1.0324325848210347,0.011422950582248178
5-17B,2.0,133.0142,-0.22540157816166098,0.027460593754414408
5-17B,2.0,133.0257,-0.24410097192707939,0.08153844491361903
5-17B,2.0,133.0505,-0.845577248706028,0.008327104289634745
5-17B,2.0,134.0472,-0.741191303719558,0.245437368981477
5-17B,2.0,134.0604,-0.6704426910121886,0.2235796823494271
5-17B,2.0,135.0302,-0.5965892445343741,0.0836295519245712
5-17B,2.0,135.0453,-1.0900418061309725,0.039702370100627146
5-17B,2.0,136.0404,-0.34767849179119825,0.10337197931346852
5-17B,2.0,136.0487,-1.0664897097533366,0.33775390268043354
5-17B,2.0,136.0767,1.7028784436427213,0.3971177796080476
5-17B,2.0,137.0239,-0.11724393290189675,0.029830834114684446
5-17B,2.0,138.9789,0.22842822387955541,0.14010333763189423
5-17B,2.0,139.0014,-0.38127293373697313,0.012240257567163562
5-17B,2.0,139.0067,-0.6501706343482729,0.017474060486778596
5-17B,2.0,139.976,-0.010508609639642327,0.3144908520228705
5-17B,2.0,143.0713,1.8921918891784792,0.10850247610674409
5-17B,2.0,143.1077,2.1241969985023745,0.13814019301726416
5-17B,2.0,145.0141,-0.11076162223297928,0.14786440300574008
5-17B,2.0,145.0506,-0.4676889636970843,0.14492017164577278
5-17B,2.0,145.0623,-0.2893336846625777,0.15178441368322287
5-17B,2.0,145.0982,0.3864299900979788,0.15068591665582765
5-17B,2.0,145.1106,0.5277259495790375,0.4204618830289719
5-17B,2.0,146.0459,-0.4689257043090561,0.004914369751117761
5-17B,2.0,147.0298,-0.8804883706891609,0.008913590042012668
5-17B,2.0,147.0662,-0.8267353421137574,0.009225175153627354
5-17B,2.0,149.0092,1.6981448495602711,0.5888868778553968
5-17B,2.0,149.0456,0.043025817241575816,0.19252048498045285
5-17B,2.0,149.0608,1.1229814354807008,0.25977289374878104
5-17B,2.0,150.0422,-0.21416330091374391,0.4847490774929728
5-17B,2.0,150.9707,-0.14230859704490811,0.7357463533847801
5-17B,2.0,151.0259,-0.5918070419802006,0.05497242461632512
5-17B,2.0,151.04,1.4689557561175057,0.7193372285214381
5-17B,2.0,151.06,-0.34573808830303143,0.5825999523646206
5-17B,2.0,152.0353,0.5291851790811225,0.18064128341539365
5-17B,2.0,152.0716,1.5741731765322604,0.415356137867426
5-17B,2.0,153.0192,0.2685375738129504,0.02964889765840582
5-17B,2.0,154.062,-0.18226286582270046,0.12182739542544602
5-17B,2.0,154.9751,-0.9585233940758031,0.010586745985610376
5-17B,2.0,155.0099,-0.7378598235846221,0.0040449223843757615
5-17B,2.0,157.0128,-0.7799462895833787,0.01713459115513331
5-17B,2.0,157.0255,-0.8649917663056881,0.012551676171678551
5-17B,2.0,157.0379,-0.9114678038505487,0.02968853621208109
5-17B,2.0,157.0504,-0.9401780563194229,0.03903018669099096
5-17B,2.0,159.0297,0.8318903913310864,0.11998720852725563
5-17B,2.0,159.0775,-1.02016893199332,0.03606744248675542
5-17B,2.0,160.0616,-1.1279003185446064,0.2605266976975159
5-17B,2.0,161.0453,0.2701030563644508,0.12002255698333615
5-17B,2.0,162.0424,-0.8935301318815327,0.13979554614594053
5-17B,2.0,163.0351,-0.82174101547695,0.11209054909634414
5-17B,2.0,163.0398,0.5837908489340062,0.052932913481558264
5-17B,2.0,163.0611,0.8853726826252691,0.4713649890578559
5-17B,2.0,164.0716,-0.38134566044803486,0.035660346789070325
5-17B,2.0,165.03,1.373528352479719,0.5544492543932936
5-17B,2.0,165.0405,1.5648969295691604,0.5891609624583541
5-17B,2.0,165.0556,-0.5625067768192471,0.10042344700487878
5-17B,2.0,166.0508,-0.8785225791161121,0.24885273853344922
5-17B,2.0,166.0632,-0.15031375897845056,0.5731418334168942
5-17B,2.0,166.9759,-0.5469485148170934,0.2034811989403064
5-17B,2.0,167.0207,0.5023989834404864,0.7344156843215259
5-17B,2.0,167.0358,1.720089071751269,0.3868833198515341
5-17B,2.0,167.0828,0.24936411121695712,0.6601703679873803
5-17B,2.0,168.0277,-0.4539745549465547,0.027236603409696705
5-17B,2.0,168.0664,-0.09259263642289538,0.237794830143488
5-17B,2.0,170.0455,-0.8260465526379099,0.010610323869501429
5-17B,2.0,171.0065,-0.8850730110127232,0.07253954925857656
5-17B,2.0,171.0092,-0.8377051962814976,0.10412982579671054
5-17B,2.0,171.0284,-0.8263424463595319,0.027152467819959586
5-17B,2.0,172.0616,-1.0181621128269187,0.14488521825109754
5-17B,2.0,172.962,-0.4673874167382779,0.018346639583186587
5-17B,2.0,173.0089,-0.8272777695442033,0.03905448308831863
5-17B,2.0,173.0453,-0.458553629638187,0.14380493680348275
5-17B,2.0,173.0932,-0.7972101728890104,0.05415575517020649
5-17B,2.0,173.1041,0.384491936409351,0.12343288412530516
5-17B,2.0,174.0407,-0.9143932141164757,0.0038706615961306293
5-17B,2.0,174.088,-0.358465113266772,0.09679057131664824
5-17B,2.0,175.022,-0.49712611725999545,0.05663359939520071
5-17B,2.0,175.0361,-1.0276307137358192,0.019695868408735488
5-17B,2.0,175.0611,-1.0102333176718812,0.014973840343106152
5-17B,2.0,176.0776,-1.1213913420507462,0.1407719417714974
5-17B,2.0,177.0402,1.037817044438782,0.245931379849482
5-17B,2.0,177.0553,0.5600358718948136,0.32685040922601033
5-17B,2.0,178.0509,-0.8862636706401802,0.021469890318559465
5-17B,2.0,179.0348,-0.951383425639668,0.3518232829499291
5-17B,2.0,179.0561,0.45463527446461494,0.10920351575577875
5-17B,2.0,180.0663,0.42692667294111997,0.06295038060419891
5-17B,2.0,181.0505,-0.7945240395983297,0.09357412967120984
5-17B,2.0,182.9725,1.9027962708631903,0.09027364869656981
5-17B,2.0,183.0661,1.7308504340033684,0.3146865612914184
5-17B,2.0,184.0017,-0.377005562575386,0.04817115000966565
5-17B,2.0,184.9856,-0.4174828791779478,0.15723561663840002
5-17B,2.0,186.1136,1.352340430734246,0.7217718161766113
5-17B,2.0,187.0234,0.12494559346307203,0.26519772963325067
5-17B,2.0,188.035,0.05413072732849156,1.2272206399455887
5-17B,2.0,188.0565,-0.9677072826674981,0.005368056140417961
5-17B,2.0,189.0405,1.9868456736929327,0.12454860338322647
5-17B,2.0,191.0197,-0.7831977022454237,0.12031238198691184
5-17B,2.0,191.0561,-0.9664722680424571,0.03866594795221085
5-17B,2.0,192.0663,-0.7776365464275291,0.6576573046006849
5-17B,2.0,193.0349,0.31937254029728646,0.31120584110779265
5-17B,2.0,194.0682,-0.6975031754797557,0.181673873114381
5-17B,2.0,194.0822,0.3379113338557827,0.31950027263435943
5-17B,2.0,195.0509,0.13035463226025246,0.17597162729120935
5-17B,2.0,195.0657,0.5217963841585931,0.43017493304058607
5-17B,2.0,196.0603,-0.9124116115980626,0.0981568247488509
5-17B,2.0,198.0182,-0.737329756064639,0.12468125065910621
5-17B,2.0,199.0019,-0.4791443441441372,0.2602633242044965
5-17B,2.0,200.9937,0.4621361881179941,0.5256235232908908
5-17B,2.0,201.0051,-0.6034548995153639,0.16924127607535316
5-17B,2.0,203.0348,0.0416934671406372,0.21124649191334222
5-17B,2.0,203.0826,-0.0880630725423389,0.006762733171245222
5-17B,2.0,204.0498,2.145561720279019,0.6308825005271868
5-17B,2.0,205.0351,-0.4117584232412783,0.1278989004879805
5-17B,2.0,206.0822,-0.20312684861904734,0.6307649761320857
5-17B,2.0,209.0292,-0.5512808387771396,0.08322072193435148
5-17B,2.0,209.0814,0.33805375413766603,0.6277035592223734
5-17B,2.0,211.0235,0.9903744681955646,0.5194721623678197
5-17B,2.0,211.9968,-0.9327452084708223,0.01932878931294684
5-17B,2.0,212.0331,-0.46733521873224637,0.22382840935595624
5-17B,2.0,212.9807,-0.46325777954357866,0.04132512914211043
5-17B,2.0,213.014,-0.9117569461438092,0.1864772893000199
5-17B,2.0,213.0384,-0.436351725166376,0.21694936910233517
5-17B,2.0,213.1252,0.7581416809480277,0.581548547934782
5-17B,2.0,214.0488,-0.8571093196671334,1.1413604618654416
5-17B,2.0,215.0331,0.6680579389286513,0.1107095166253977
5-17B,2.0,216.1351,0.46724685332178706,0.13345134470128578
5-17B,2.0,218.0335,0.8747925334680222,0.12384075904884176
5-17B,2.0,218.1034,-1.0265220685139922,0.012426052335948746
5-17B,2.0,220.0828,-0.47983639189740956,0.43113567325413726
5-17B,2.0,221.0443,1.400451490405238,0.06045585523461658
5-17B,2.0,221.0664,-0.1689761971104567,0.25254473015026285
5-17B,2.0,225.0399,2.043400266262608,0.18481210058126454
5-17B,2.0,225.0861,0.28944939839659056,0.47915825778203053
5-17B,2.0,225.0901,-0.879870065381847,0.23235142629489883
5-17B,2.0,226.0135,-0.4537758327987408,0.0931023242089139
5-17B,2.0,226.0697,0.6449585085231333,0.23728775036042757
5-17B,2.0,228.0501,0.14608196358670666,0.4134347322878836
5-17B,2.0,229.0122,-0.8524512082483211,0.14395484494764055
5-17B,2.0,237.0614,-1.0359290369007004,0.09964021658483815
5-17B,2.0,238.0945,0.9098169562060384,0.1362972608859206
5-17B,2.0,240.0515,-0.8375989561135302,0.013115680235070173
5-17B,2.0,241.0844,0.22115068264460033,0.30442122074015504
5-17B,2.0,242.0804,0.6704114438249156,0.7277806761578351
5-17B,2.0,243.029,-0.04886203005041718,0.24070962706978388
5-17B,2.0,243.0625,-0.21971008382466142,0.5777214283560751
5-17B,2.0,245.0444,-0.5014966946446497,0.2600010022143767
5-17B,2.0,246.0198,0.032803601389093814,0.15262282879592864
5-17B,2.0,246.064,1.3068081099300548,0.833693795713479
5-17B,2.0,251.0816,0.11975434789788594,0.546578874968285
5-17B,2.0,253.0119,-0.33860677300467296,0.01225373436582613
5-17B,2.0,253.0499,1.4687192074797994,0.8403882175593405
5-17B,2.0,257.0072,-0.11638869141037705,0.37919719777109895
5-17B,2.0,257.1028,1.8266887258300477,0.7562633931435935
5-17B,2.0,259.005,0.5049259668476704,1.3480376315793012
5-17B,2.0,259.0227,0.26927169455127176,0.13025254444053389
5-17B,2.0,261.0385,-0.7336875360074473,0.06591892142740338
5-17B,2.0,266.0703,-0.7505308243747941,0.26091261052971004
5-17B,2.0,267.0724,-0.696298930008163,0.020237627517751024
5-17B,2.0,268.02,0.6680346773576278,0.9214388207637154
5-17B,2.0,269.0398,-0.4175246367644576,0.16439624256905694
5-17B,2.0,271.0612,0.41395389472889915,0.24361071286958633
5-17B,2.0,271.0815,1.5774819208871007,0.9355645934618726
5-17B,2.0,273.0021,-0.7711678143109744,0.19269043369950675
5-17B,2.0,274.0933,-0.5415207318732986,0.150022976845443
5-17B,2.0,275.0184,-0.30316118906161893,0.12502477620435243
5-17B,2.0,275.0991,-0.5635925001278099,0.11817728510260381
5-17B,2.0,277.1207,-0.007515938777938274,0.07650049274511517
5-17B,2.0,277.2169,0.13220127708254975,0.48248702298003504
5-17B,2.0,279.2331,-0.33273388614596167,0.007754780943536247
5-17B,2.0,282.0839,0.619231168138764,0.4132971986270008
5-17B,2.0,283.2063,-0.5780699016435458,0.2425690752570593
5-17B,2.0,285.0972,1.6986810976343103,0.48573121985029494
5-17B,2.0,287.0157,1.229482382870235,0.7087257593150363
5-17B,2.0,288.0725,-0.5344644136364367,0.10115554839636055
5-17B,2.0,289.0333,1.5270656217670917,0.6094842147852435
5-17B,2.0,289.1044,-0.2481440804262307,0.2137157912852093
5-17B,2.0,290.9677,-0.384966462790275,0.02551136679308414
5-17B,2.0,294.0479,0.06580921585895141,0.1902650897432454
5-17B,2.0,300.0509,0.026766080986213775,0.649845085280247
5-17B,2.0,301.0333,1.6744224573767124,0.5766773298133178
5-17B,2.0,303.2326,-0.2669299452996474,0.3609895369342072
5-17B,2.0,305.0207,1.1898457523358836,0.21245262855661304
5-17B,2.0,306.0481,-0.9037432300985058,0.1128741338086769
5-17B,2.0,306.0765,-0.275384931856212,0.02973055025811333
5-17B,2.0,308.0986,-0.17932027733404107,0.028087291444661676
5-17B,2.0,313.0441,-0.43050339494144985,0.4396175149180118
5-17B,2.0,313.1037,-0.8836140122838857,0.288260395517398
5-17B,2.0,317.026,0.9649485137439786,0.4462646210807233
5-17B,2.0,323.0256,1.6073982490640002,0.7669596044742433
5-17B,2.0,325.1163,-0.6280018057004206,0.4115381709650732
5-17B,2.0,328.0457,-0.6914705306949603,0.038701602071140324
5-17B,2.0,333.0589,-0.8504625152719377,0.23426656450699868
5-17B,2.0,338.9884,-0.7764467359806417,0.15597665373884256
5-17B,2.0,339.0928,0.7871223059652724,0.6966591547930211
5-17B,2.0,341.1089,-0.3127021291450818,0.09386453156411913
5-17B,2.0,344.0393,-0.4563190217862335,0.2541344639958362
5-17B,2.0,346.0556,-0.028960530898122498,0.21707415531083027
5-17B,2.0,348.087,-0.8923873672273126,0.16689089895900058
5-17B,2.0,353.0489,-0.14394819034580789,1.0206151199804154
5-17B,2.0,357.089,-0.6435906194346243,0.34919855479637163
5-17B,2.0,375.131,-0.38365864843433783,0.3289976399681664
5-17B,2.0,377.1496,-0.17967871990196232,0.5057493796917611
5-17B,2.0,383.1188,0.19707852220571162,0.2319950494781169
5-17B,2.0,388.9416,0.17115046979997545,0.2154919729698665
5-17B,2.0,388.9442,-0.2542419687485581,0.16907280120248225
5-17B,2.0,401.0756,1.2274001936833927,0.12983358767005723
5-17B,2.0,407.2795,0.7090141202921335,0.3537524778175174
5-17B,2.0,421.0743,-0.2150777709059807,0.5953977274972461
5-17B,2.0,426.0222,-0.3052241299089566,0.4775041484128679
5-17B,2.0,442.9997,0.2932383027376899,0.17673576662483423
5-17B,2.0,466.9657,1.1507491402211982,0.23001022089723544
5-17B,2.0,490.9787,1.5355426449215248,1.15756407035343
5-17B,2.0,503.1614,-0.7112747830768348,0.08192185384673797
5-17B,2.0,547.0731,-1.0349608145399154,0.08449816511324486
5-17B,2.0,565.0471,-0.38471238907324157,0.4160075667416503
5-17B,2.0,578.8872,1.0159802356301708,0.11521057603532174
5-17B,2.0,579.0269,1.7639069033862125,0.18290853267148402
5-17B,2.0,612.2549,-1.4784128318976784,0.1915347176469212
5-17B,2.0,624.2949,-1.0399798167216536,0.22274229528868705
5-17B,2.0,659.307,-0.5583757542514849,0.10267921066836759
5-17B,2.0,664.0939,-0.5952304304048848,0.09821385098637685
5-17B,2.0,665.2144,-1.1298095140583775,0.0617380015198782
5-17B,2.0,668.1374,-0.6167170911076587,0.0001287219115172447
5-17B,2.0,787.255,-0.924372300906579,0.16181233673382395
5-17B,2.0,790.2568,-0.5847448373403661,0.330688705998035
5-17B,2.0,835.0407,-0.9069353775147739,0.10855596396146383
5-17B,2.0,863.2971,-0.7998498988945348,0.05511312042599967
5-17B,2.0,864.1473,-1.2221152578894205,0.23748049706457228
5-17B,2.0,974.2935,-0.9502280881225685,0.2237418911051389
5-17B,2.0,976.7162,-0.06300872220431893,0.11331155071984259
5-17B,3.0,57.0342,-0.3235880014163226,0.27344343650866865
5-17B,3.0,58.0295,-0.6368589334318013,0.15939772097755323
5-17B,3.0,59.0135,-0.13631348337547736,0.30961252979050835
5-17B,3.0,71.0137,0.23465066375695867,0.2107831474490015
5-17B,3.0,73.0293,-0.8900257832126233,0.014248406621732239
5-17B,3.0,74.0247,-0.6303198920751844,0.574939110732661
5-17B,3.0,75.0087,-0.08056445143204766,0.20156842261115862
5-17B,3.0,87.0088,-0.694773175310732,0.005843611405900722
5-17B,3.0,87.0451,0.20273459410011763,0.5270952772844065
5-17B,3.0,88.0403,-0.7524674629962997,0.010123993334757456
5-17B,3.0,88.9883,1.9827102738823168,0.5942200853107562
5-17B,3.0,89.0244,-0.9339961965760329,0.1083106634935023
5-17B,3.0,93.0338,-0.07343886476233664,0.008219914879952939
5-17B,3.0,94.9761,-0.9915165627481533,0.33984994143992076
5-17B,3.0,94.9806,0.30755241466518285,0.33154728103413306
5-17B,3.0,95.0139,0.2916794522771021,0.19884628179912062
5-17B,3.0,101.0242,-0.3146049288230367,0.3335016056423737
5-17B,3.0,102.056,-0.5477723013172473,0.02633628473747703
5-17B,3.0,103.0402,-0.850571934180581,0.03513164034141387
5-17B,3.0,103.0509,-0.8606214875157563,0.05404069546673378
5-17B,3.0,104.0352,0.6691148506621318,0.4138466665501607
5-17B,3.0,105.0193,-0.1601821328422483,0.3624307656734776
5-17B,3.0,107.0503,-1.0829737416477903,0.5215118153281928
5-17B,3.0,109.0295,-0.6599316864180429,0.21008104930942695
5-17B,3.0,111.02,-0.46031300444100853,0.0784339696164606
5-17B,3.0,112.0516,-0.08257205325250899,0.7095687605326828
5-17B,3.0,113.0244,0.24533650579738828,0.19125279475397944
5-17B,3.0,113.0357,-0.26878212728864503,0.14954331860983558
5-17B,3.0,114.056,-0.23964085038626823,0.0028219279954531484
5-17B,3.0,115.0037,-0.6791183877957258,0.04410434040538212
5-17B,3.0,115.0402,-1.2265739832661398,0.5238683627191986
5-17B,3.0,115.0764,-0.386738763913825,0.5957543399584524
5-17B,3.0,116.0354,-0.7960620280067198,0.06350893627814454
5-17B,3.0,116.0717,-0.7121248321068181,0.03987658987486265
5-17B,3.0,117.0194,-0.8662162932723051,0.00702909011635584
5-17B,3.0,118.0508,-0.6304542774229549,0.17374977845084347
5-17B,3.0,118.9804,0.43530059336901045,0.19126373094741383
5-17B,3.0,119.0503,-1.2604020359814105,0.4331101346911782
5-17B,3.0,120.9273,-0.15865150294590707,0.2322728166798819
5-17B,3.0,121.0295,0.2100558055316954,0.3742000797069514
5-17B,3.0,121.0409,0.10397641997089105,0.4004206236370375
5-17B,3.0,122.0248,-0.9019732759248376,0.34610773956210533
5-17B,3.0,124.0075,0.0899309879253426,0.1034718548504113
5-17B,3.0,124.0144,-0.27694423794312967,0.29369530045420383
5-17B,3.0,125.0439,-0.4877401363186244,0.294422902195518
5-17B,3.0,127.0764,0.9370894054292446,0.3976918412026216
5-17B,3.0,128.0354,-0.21008571409347904,0.022475719367992794
5-17B,3.0,129.0193,-0.7464964714228777,0.11752356907548302
5-17B,3.0,129.0556,-0.06709956467561208,0.31055717300012486
5-17B,3.0,130.0142,-0.9186603735143986,0.13534766032820345
5-17B,3.0,130.0509,-0.7152369109644947,0.030216962450715916
5-17B,3.0,130.0874,-0.37817525382161604,0.1534305010472517
5-17B,3.0,131.0008,-1.0922808172288732,0.5546042356014629
5-17B,3.0,131.0123,-0.7669889437023907,0.08740254441594353
5-17B,3.0,131.035,0.13522469878581994,0.2523227202473625
5-17B,3.0,131.0462,0.4480239300012816,0.1563976384157249
5-17B,3.0,131.0828,1.1008330194455538,0.19698313750090926
5-17B,3.0,132.0302,-0.6116301090632779,0.04957466810732315
5-17B,3.0,133.0142,-0.23436590674868402,0.06451847252996445
5-17B,3.0,133.0257,-0.28198962141146633,0.1162888316233682
5-17B,3.0,133.0505,-0.43962995658436976,0.09269995665583135
5-17B,3.0,134.0472,0.7170709507289985,0.38116608393127305
5-17B,3.0,134.0604,-0.2524005822077559,0.117799896273634
5-17B,3.0,135.0302,-0.09420606546168069,0.18900977748369183
5-17B,3.0,135.0453,-1.366469243666325,0.18337254861098376
5-17B,3.0,136.0404,-0.4778842929226226,0.11008671650439911
5-17B,3.0,136.0487,-1.1234938153326661,0.13742679337407143
5-17B,3.0,136.0767,-0.007073542781738773,0.44190605513271586
5-17B,3.0,137.0239,-0.36083228370195586,0.038714891596100094
5-17B,3.0,138.9789,-1.460006629881844,0.49990751461984495
5-17B,3.0,139.0014,-0.3570214282439992,0.012492365088068846
5-17B,3.0,139.0067,-0.8136073404843875,0.06070779439532442
5-17B,3.0,139.976,-1.2825325228812345,0.531174152624683
5-17B,3.0,143.0713,0.514770159530419,0.20709714252069203
5-17B,3.0,143.1077,-0.17648000246457743,0.536023132891843
5-17B,3.0,145.0141,-0.06759717640531253,0.06379468779523169
5-17B,3.0,145.0506,-0.5301206170337516,0.14609575297769972
5-17B,3.0,145.0623,1.4320974002525018,0.9210850508956255
5-17B,3.0,145.0982,2.059216234877946,0.37614793504485206
5-17B,3.0,145.1106,1.2852589009778288,0.12320291720523394
5-17B,3.0,146.0459,-0.41163034152442957,0.01084481750665131
5-17B,3.0,147.0298,-0.8345910618400307,0.01841477592960633
5-17B,3.0,147.0662,-0.26420882323599204,0.11168041288714549
5-17B,3.0,149.0092,-0.32263509448350575,0.5802738089379934
5-17B,3.0,149.0456,0.14421506797632955,0.1733216626464445
5-17B,3.0,149.0608,-0.8198671738360119,0.6365324329486701
5-17B,3.0,150.0422,0.38849542479714,0.7299177655808317
5-17B,3.0,150.9707,0.25750375987654733,0.42778457799576913
5-17B,3.0,151.0259,-0.44906596582314673,0.03510849106243925
5-17B,3.0,151.04,-1.0000741366577324,0.7348955786848256
5-17B,3.0,151.06,0.41402764341733495,0.49475320461628997
5-17B,3.0,152.0353,-0.6950710901959065,0.32456139470637535
5-17B,3.0,152.0716,-0.10304254762355106,0.401663201081908
5-17B,3.0,153.0192,-0.1504546872968129,0.1423774684986243
5-17B,3.0,154.062,0.44397985073558677,0.20452069729417868
5-17B,3.0,154.9751,-0.886651449437007,0.019671758162827124
5-17B,3.0,155.0099,-0.4250093977468522,0.0772613826472955
5-17B,3.0,157.0128,-0.6868254599046948,0.07857836771873404
5-17B,3.0,157.0255,-0.3909579418211183,0.09996200459490583
5-17B,3.0,157.0379,-0.3079415876780328,0.12340726809446534
5-17B,3.0,157.0504,-0.7904072492847526,0.05194988729969836
5-17B,3.0,159.0297,0.22578205234822857,0.21369187908629284
5-17B,3.0,159.0775,-0.7576002490858791,0.06055319140726997
5-17B,3.0,160.0616,-0.8806542631939921,0.31854419121918703
5-17B,3.0,161.0453,-0.6137968726340022,0.27006038975413565
5-17B,3.0,162.0424,-0.7166229120055527,0.06222114299223122
5-17B,3.0,163.0351,-0.8312741658683025,0.05571872262246391
5-17B,3.0,163.0398,0.5443146489912913,0.18601667488941678
5-17B,3.0,163.0611,-0.3052372489022034,1.1921923855476222
5-17B,3.0,164.0716,0.0687185001368349,0.09107385124003513
5-17B,3.0,165.03,0.08770325535364094,0.7501576969270627
5-17B,3.0,165.0405,0.4533719341279774,0.461271289009615
5-17B,3.0,165.0556,-0.7341546282088387,0.1223536728002988
5-17B,3.0,166.0508,-0.8493426285797094,0.2067220262921387
5-17B,3.0,166.0632,-0.6414461158169446,0.37124670368250035
5-17B,3.0,166.9759,-0.9930768669197061,0.24666898196621598
5-17B,3.0,167.0207,-0.5116918832314747,0.15596737796466417
5-17B,3.0,167.0358,-1.1935971390922875,0.4455440491380517
5-17B,3.0,167.0828,-0.534974073179124,1.2417110832330978
5-17B,3.0,168.0277,-0.36937053462839936,0.04912303379878598
5-17B,3.0,168.0664,-0.3364608874297834,0.4819042220520324
5-17B,3.0,170.0455,-0.7994538430570561,0.010432819209620211
5-17B,3.0,171.0065,-0.6621586032861262,0.16790446905545225
5-17B,3.0,171.0092,-0.8769498751714455,0.2077368460040954
5-17B,3.0,171.0284,-0.8065564010544288,0.07517424161842437
5-17B,3.0,172.0616,-0.29903616489949725,0.27739312762686535
5-17B,3.0,172.962,-0.6802166349456331,0.031099239005215766
5-17B,3.0,173.0089,-0.5993565199644804,0.05655414573278965
5-17B,3.0,173.0453,-0.3911730053177543,0.09957549013542452
5-17B,3.0,173.0932,-0.5237971260493703,0.05504245695789023
5-17B,3.0,173.1041,1.3560345550259885,0.46996312848234656
5-17B,3.0,174.0407,-0.6553219529522254,0.022824238204287556
5-17B,3.0,174.088,0.02043445087704461,0.19226953381406342
5-17B,3.0,175.022,-0.6529617817761924,0.08639414273474388
5-17B,3.0,175.0361,-0.6699610199070765,0.05251117612168019
5-17B,3.0,175.0611,-0.8015660982961733,0.0382089824188627
5-17B,3.0,176.0776,-0.8595888519598642,0.16620426747402917
5-17B,3.0,177.0402,0.5431931470818702,0.222257860437133
5-17B,3.0,177.0553,-0.6772243171744742,0.2554651948800525
5-17B,3.0,178.0509,-0.6657549020172706,0.044877280404720325
5-17B,3.0,179.0348,-0.457111509579535,0.2748504207735298
5-17B,3.0,179.0561,-0.013129757155164436,0.13924517805655076
5-17B,3.0,180.0663,0.04265123763490016,0.1361589925545406
5-17B,3.0,181.0505,-1.108935021510018,0.11952204066484577
5-17B,3.0,182.9725,0.202422874335765,0.1820884527718243
5-17B,3.0,183.0661,0.27685968510664954,0.5283202072126515
5-17B,3.0,184.0017,-0.23653145878844312,0.04843279709900182
5-17B,3.0,184.9856,-0.5671499094771603,0.2329118633726427
5-17B,3.0,186.1136,0.8864708654675938,0.2506303519003624
5-17B,3.0,187.0234,-0.7397747658976965,0.1408112800022107
5-17B,3.0,188.035,-0.31430505964713107,0.5363725615158971
5-17B,3.0,188.0565,-0.6967261046961395,0.038551652517742334
5-17B,3.0,189.0405,1.8669194728249128,0.3969372007457733
5-17B,3.0,191.0197,-0.3801772709590665,0.1302641241315675
5-17B,3.0,191.0561,-0.7091779035008503,0.04751504968754215
5-17B,3.0,192.0663,0.21287144167345606,0.19389625904755
5-17B,3.0,193.0349,1.3018219353512372,0.5751948275329227
5-17B,3.0,194.0682,-0.3033882717945793,0.10697159540949941
5-17B,3.0,194.0822,-0.46034731435655807,0.5108098697221904
5-17B,3.0,195.0509,1.8507573931813877,0.3571992298457994
5-17B,3.0,195.0657,1.089257239959,0.700716810124346
5-17B,3.0,196.0603,-0.5622011915773242,0.07695679251455663
5-17B,3.0,198.0182,-0.9234865291978787,0.1892913742813425
5-17B,3.0,199.0019,-0.5466877437893418,0.1617380076660903
5-17B,3.0,200.9937,-0.3693519047932902,0.12865498626219057
5-17B,3.0,201.0051,-0.7310590536028887,0.5401028375860331
5-17B,3.0,203.0348,-0.7530225093673555,0.22543957852278435
5-17B,3.0,203.0826,-0.08171190076024235,0.005560158840956546
5-17B,3.0,204.0498,0.3087491408470911,0.3228494066617664
5-17B,3.0,205.0351,-0.34929494333004296,0.14733898640887705
5-17B,3.0,206.0822,-0.13443273583388876,0.48345995702916433
5-17B,3.0,209.0292,-0.009126382904164482,0.2598190666166369
5-17B,3.0,209.0814,1.1070968267354342,0.27936030041432114
5-17B,3.0,211.0235,-0.7789005288137544,0.14305628386735594
5-17B,3.0,211.9968,-0.7437297472363757,0.04140610316240309
5-17B,3.0,212.0331,-0.27124076783181217,0.337998198531006
5-17B,3.0,212.9807,-0.7851802302935815,0.07048496912173004
5-17B,3.0,213.014,-0.5593998833385898,0.14304429245283648
5-17B,3.0,213.0384,-0.6684213406745114,0.19287944255071615
5-17B,3.0,213.1252,-0.03155352784411819,0.31312181947081563
5-17B,3.0,214.0488,0.05871873102637205,0.7168259573310629
5-17B,3.0,215.0331,0.1326865197678278,0.19829819335334053
5-17B,3.0,216.1351,1.5030628452585615,0.04191704740916591
5-17B,3.0,218.0335,0.20964629422281705,0.19991253168464077
5-17B,3.0,218.1034,-0.2660088129527742,0.14327910644411124
5-17B,3.0,220.0828,-0.03717342542367956,0.40827050222964484
5-17B,3.0,221.0443,0.09772503799942292,0.12379289868171266
5-17B,3.0,221.0664,-0.7001173070631983,0.4352133528979622
5-17B,3.0,225.0399,-1.2312455577051056,0.9423154163291706
5-17B,3.0,225.0861,-1.3723016060879418,0.2925637119732663
5-17B,3.0,225.0901,-0.7223702387930893,0.365273928450949
5-17B,3.0,226.0135,-1.0388760566721453,0.19052417704243263
5-17B,3.0,226.0697,-0.06575716816725416,0.25425537150077526
5-17B,3.0,228.0501,0.5015212468091784,0.36957845119743077
5-17B,3.0,229.0122,-0.6357934053267651,0.15626231738350865
5-17B,3.0,237.0614,-0.5987498677222469,0.07725544277606058
5-17B,3.0,238.0945,1.2937765009552715,0.23464075850191016
5-17B,3.0,240.0515,-0.3359561487556762,0.10813318828249907
5-17B,3.0,241.0844,0.29868655719109116,0.6431509550774623
5-17B,3.0,242.0804,2.1628965910080074,1.1876459855947612
5-17B,3.0,243.029,-1.0603312013549373,0.3310141084401254
5-17B,3.0,243.0625,-0.0551144478871923,0.2397940397915354
5-17B,3.0,245.0444,-0.8743867445345471,0.1832713706568325
5-17B,3.0,246.0198,-1.1322344617556293,0.1779753446232554
5-17B,3.0,246.064,0.53331755651719,0.2079052633930842
5-17B,3.0,251.0816,-0.16418307644630606,0.32131065635368145
5-17B,3.0,253.0119,-0.266935152037318,0.02595241645547608
5-17B,3.0,253.0499,0.30354524989352283,1.081043355408975
5-17B,3.0,257.0072,-1.0203769471649886,0.08734776325953016
5-17B,3.0,257.1028,1.8086547097374144,0.6597666449278369
5-17B,3.0,259.005,-1.3465487567971315,0.3172252381057158
5-17B,3.0,259.0227,0.3025819211944518,0.23218118228202958
5-17B,3.0,261.0385,-0.31085286804115597,0.19701984177222606
5-17B,3.0,266.0703,-0.7833498047162493,0.19057993518184743
5-17B,3.0,267.0724,-0.6126783867814704,0.011586623102680887
5-17B,3.0,268.02,-0.5274735059701159,0.3578395710240702
5-17B,3.0,269.0398,-0.7821422100225452,0.0904390830214767
5-17B,3.0,271.0612,0.14133128868802697,0.3866595357714507
5-17B,3.0,271.0815,0.6998882494481657,0.61897498837856
5-17B,3.0,273.0021,-0.9260149708901655,0.08875734817316698
5-17B,3.0,274.0933,-0.19043904004803852,0.0765727912677729
5-17B,3.0,275.0184,-0.3480431459034341,0.6727259712721532
5-17B,3.0,275.0991,-0.2091985658085179,0.08292467897999767
5-17B,3.0,277.1207,0.39656745950539635,0.16242604529819035
5-17B,3.0,277.2169,-0.8583712986779863,0.18269472890905278
5-17B,3.0,279.2331,-0.3839483011196595,0.017864646752357393
5-17B,3.0,282.0839,1.7029579261770815,0.2314899177639596
5-17B,3.0,283.2063,-0.4559214886576889,0.23555574318128528
5-17B,3.0,285.0972,1.243103297910928,0.5749275465811643
5-17B,3.0,287.0157,-0.14411276047340352,0.08478925106307507
5-17B,3.0,288.0725,-0.2936009197050254,0.042467625312652024
5-17B,3.0,289.0333,-0.9757388003256275,0.6416440556537348
5-17B,3.0,289.1044,0.29501431793093463,0.4089491691282985
5-17B,3.0,290.9677,-0.4495426331857043,0.06946556946362027
5-17B,3.0,294.0479,-0.7661659046417217,0.4747545139236186
5-17B,3.0,300.0509,0.32372155978871847,0.5184298397667484
5-17B,3.0,301.0333,-1.1579789293945055,0.12667034854354126
5-17B,3.0,303.2326,-0.73338166298896,0.2605983801957821
5-17B,3.0,305.0207,0.21994530959501246,0.14987684597203516
5-17B,3.0,306.0481,-0.41797139175026393,0.11085217310632318
5-17B,3.0,306.0765,-0.15927008190080727,0.03685399310912867
5-17B,3.0,308.0986,0.08157109219397453,0.06495345302079993
5-17B,3.0,313.0441,-0.39461277873113243,0.3337057950487725
5-17B,3.0,313.1037,-0.25996301592069304,0.6278343876058972
5-17B,3.0,317.026,-0.48521439849139447,0.42927051710627945
5-17B,3.0,323.0256,-0.8004279188538115,0.22092972838083433
5-17B,3.0,325.1163,-0.2532120009556068,0.3652474523596209
5-17B,3.0,328.0457,-0.27264978107558824,0.07816081598042361
5-17B,3.0,333.0589,-0.8928629105322643,0.11412770869728142
5-17B,3.0,338.9884,-0.8198404422623026,0.07299127394408762
5-17B,3.0,339.0928,0.2622653907660911,1.0297690572301852
5-17B,3.0,341.1089,-0.32018685289395554,0.1442278842353115
5-17B,3.0,344.0393,-0.19537547114003484,0.06861439795707291
5-17B,3.0,346.0556,1.2849959681518814,0.7169175994908827
5-17B,3.0,348.087,-0.6670421403957725,0.07367809133768272
5-17B,3.0,353.0489,0.3834019959741961,0.5321131402519728
5-17B,3.0,357.089,-0.4053962568201942,0.14148350074100222
5-17B,3.0,375.131,-0.2996011447800811,0.4724383502821396
5-17B,3.0,377.1496,0.5730813154240564,0.47932325574701556
5-17B,3.0,383.1188,-0.519506121279772,0.47690320094107175
5-17B,3.0,388.9416,-0.4221600365966634,0.22844497826866927
5-17B,3.0,388.9442,-0.7729222227682613,0.20293345735392135
5-17B,3.0,401.0756,0.46521215364245805,0.14648583582481292
5-17B,3.0,407.2795,2.18546529250147,0.7811073615618589
5-17B,3.0,421.0743,-0.3340886203849603,0.5277311765198636
5-17B,3.0,426.0222,0.8477704830533045,0.5584947095242663
5-17B,3.0,442.9997,0.03620963818390786,0.2307683535604384
5-17B,3.0,466.9657,-0.29228740748180115,0.1583757063613446
5-17B,3.0,490.9787,0.06376330156590261,0.6506922240307025
5-17B,3.0,503.1614,-1.1184801091316858,0.385444680747422
5-17B,3.0,547.0731,-0.6243169596917332,0.1303169593048774
5-17B,3.0,565.0471,-0.19821570124426904,0.28747562791211473
5-17B,3.0,578.8872,0.4529081958087958,0.10874185186810231
5-17B,3.0,579.0269,0.4320839485218039,0.207901107853404
5-17B,3.0,612.2549,-0.5989030691999833,0.2239770093849611
5-17B,3.0,624.2949,-1.1255536955256389,0.3058995993536396
5-17B,3.0,659.307,-0.30649225844855155,0.2863962748093913
5-17B,3.0,664.0939,-0.42949027633091186,0.24829295612639923
5-17B,3.0,665.2144,-0.9412099597721547,0.27845009784162217
5-17B,3.0,668.1374,-0.6150408860167863,0.00026087573551911186
5-17B,3.0,787.255,-0.4328934495480997,0.3714732984559735
5-17B,3.0,790.2568,-0.059026532518407136,0.27700075383633016
5-17B,3.0,835.0407,-0.8481766659676899,0.11666296021424394
5-17B,3.0,863.2971,-0.6984853719406403,0.10794781571927987
5-17B,3.0,864.1473,-0.8348023178195116,0.48936095729138707
5-17B,3.0,974.2935,-0.9075859096378551,0.24515594822353315
5-17B,3.0,976.7162,0.1641726772356942,0.2350511813631207
5-17B,4.0,57.0342,0.6965650376324447,0.4499817091181688
5-17B,4.0,58.0295,-0.3334879263966975,0.4738095744438405
5-17B,4.0,59.0135,0.6706287600952352,0.3112484021369798
5-17B,4.0,71.0137,0.6359752542393109,0.18807585423957524
5-17B,4.0,73.0293,-0.6182899505408506,0.04043944999981972
5-17B,4.0,74.0247,-0.9286144946188846,0.14725842185656018
5-17B,4.0,75.0087,1.107749683431257,0.4289441046103779
5-17B,4.0,87.0088,-0.6225818461053843,0.03564644871861053
5-17B,4.0,87.0451,1.580740116473375,0.132503557744768
5-17B,4.0,88.0403,-0.6055443335125839,0.04222831086219587
5-17B,4.0,88.9883,-0.554376218097425,0.7127253768917363
5-17B,4.0,89.0244,-0.3173408177019557,0.17019661076352874
5-17B,4.0,93.0338,-0.040296279813929324,0.008717628820937842
5-17B,4.0,94.9761,-1.2464859400618602,0.32997688087234983
5-17B,4.0,94.9806,1.0206769429837408,0.44061785322216485
5-17B,4.0,95.0139,0.5677586898835854,0.09286916333254269
5-17B,4.0,101.0242,0.757271168000621,0.37156441603620255
5-17B,4.0,102.056,-0.438194668423345,0.038781057983924186
5-17B,4.0,103.0402,-0.5668836299538751,0.07056412424883235
5-17B,4.0,103.0509,-0.6223626345697126,0.06691679694612107
5-17B,4.0,104.0352,-0.6807532519560824,0.0642725817256406
5-17B,4.0,105.0193,1.6385916877451685,0.9997452163973191
5-17B,4.0,107.0503,0.5826032655764004,0.7204837449707185
5-17B,4.0,109.0295,0.16541049712961375,0.2759652645520279
5-17B,4.0,111.02,0.05281709443560862,0.03243527588323469
5-17B,4.0,112.0516,-0.8107655496483362,0.5222048301997012
5-17B,4.0,113.0244,0.7236610870446545,0.19757552684563431
5-17B,4.0,113.0357,0.5281247099193981,0.11940794396185245
5-17B,4.0,114.056,-0.24404135026726065,0.003998873756092298
5-17B,4.0,115.0037,-0.39217001349380537,0.027359732592378297
5-17B,4.0,115.0402,0.8154541608600504,0.6096813184482444
5-17B,4.0,115.0764,1.2374710105389486,1.1354778072389864
5-17B,4.0,116.0354,-0.757621668847084,0.17153026020117512
5-17B,4.0,116.0717,-0.8104884162950767,0.006676367249817266
5-17B,4.0,117.0194,-0.6638305508986354,0.023376837628413746
5-17B,4.0,118.0508,-0.8818038664641513,0.23375119499358757
5-17B,4.0,118.9804,0.5802911942223824,0.12676679519972991
5-17B,4.0,119.0503,-0.07374924556003001,0.12068817908061968
5-17B,4.0,120.9273,0.4847703760460126,0.5832661935074899
5-17B,4.0,121.0295,1.1314977785620326,0.34583896398106434
5-17B,4.0,121.0409,1.3678683633564543,0.47932344596470666
5-17B,4.0,122.0248,1.5155684819976658,0.5740932256453701
5-17B,4.0,124.0075,-0.4053700024297719,0.2020681861204337
5-17B,4.0,124.0144,1.7446229604127435,0.2223632301979772
5-17B,4.0,125.0439,1.9640386511254193,0.43099088486251885
5-17B,4.0,127.0764,0.20994403357250113,0.26396122385028353
5-17B,4.0,128.0354,-0.3192108378377911,0.03729090890705963
5-17B,4.0,129.0193,-0.3995997201803295,0.051410558611086024
5-17B,4.0,129.0556,-0.022466636681903983,0.2861237603260964
5-17B,4.0,130.0142,-0.40007510182520123,0.08499360095169932
5-17B,4.0,130.0509,-0.2932715060472095,0.04671460645912094
5-17B,4.0,130.0874,-1.0886336029824097,0.025569278046576046
5-17B,4.0,131.0008,-0.6677934388452494,1.5482345173214214
5-17B,4.0,131.0123,-0.6247831984089742,0.06693643382745684
5-17B,4.0,131.035,1.531878431549645,0.3321373778731071
5-17B,4.0,131.0462,1.439615612968416,0.313952734254545
5-17B,4.0,131.0828,-0.7350196096066911,0.10546259201460231
5-17B,4.0,132.0302,-0.28296971425672823,0.03230332120221875
5-17B,4.0,133.0142,-0.2973497204823986,0.0530696125858775
5-17B,4.0,133.0257,-0.2972803978105225,0.10804051531112886
5-17B,4.0,133.0505,0.15292145196752843,0.026234843423461544
5-17B,4.0,134.0472,-0.5130634641471532,0.1773007147962361
5-17B,4.0,134.0604,0.43085103648335976,0.31039564391609836
5-17B,4.0,135.0302,-0.7585079264049701,0.13690737176058018
5-17B,4.0,135.0453,-0.38630785435535725,0.1298223537612708
5-17B,4.0,136.0404,-0.19053355939120342,0.08110959446120208
5-17B,4.0,136.0487,-0.4414142024352821,0.23566497593356245
5-17B,4.0,136.0767,-0.44637867694008887,0.7792309901044122
5-17B,4.0,137.0239,-0.3594039647885617,0.21344305016876122
5-17B,4.0,138.9789,0.803698130680104,0.8805532895802972
5-17B,4.0,139.0014,0.02228238193314422,0.049116434928496926
5-17B,4.0,139.0067,-0.6516276383547553,0.04085424173264394
5-17B,4.0,139.976,0.2407522430656433,0.32991002676485526
5-17B,4.0,143.0713,-0.08601275140648929,0.17812231621089622
5-17B,4.0,143.1077,1.6552423615550975,0.25235727881370246
5-17B,4.0,145.0141,-0.3515072552383341,0.053849085827983735
5-17B,4.0,145.0506,-0.9268687203675162,0.058141825496210726
5-17B,4.0,145.0623,-0.8344071784321343,0.026784517102973825
5-17B,4.0,145.0982,-0.8237846170614564,0.1425284090527397
5-17B,4.0,145.1106,-0.7403183386319827,0.7828123269618003
5-17B,4.0,146.0459,-0.38649789031708043,0.011414200524041903
5-17B,4.0,147.0298,-0.7150663180310555,0.010593991511019956
5-17B,4.0,147.0662,0.3619584972844635,0.03593937932365803
5-17B,4.0,149.0092,0.37898468457104884,0.40623691390591954
5-17B,4.0,149.0456,0.776782017161243,0.4030245131023935
5-17B,4.0,149.0608,0.09487412829694225,0.7361505199411799
5-17B,4.0,150.0422,-0.337615418735577,0.6004554521330155
5-17B,4.0,150.9707,-0.38351770493967047,0.4362621799271893
5-17B,4.0,151.0259,-0.6511425481474465,0.022580478784813354
5-17B,4.0,151.04,0.9038353128068546,1.1455856265201754
5-17B,4.0,151.06,-0.1838561852376125,0.8484787716477983
5-17B,4.0,152.0353,-0.0740599001897905,0.34375250550417913
5-17B,4.0,152.0716,0.3863762298357899,0.7890510493861139
5-17B,4.0,153.0192,0.4682078764554512,0.20303967335885656
5-17B,4.0,154.062,-0.5392301873882944,0.08953800737571137
5-17B,4.0,154.9751,-0.6350630236642105,0.04648523895722635
5-17B,4.0,155.0099,-0.008308854303224786,0.04708004395529889
5-17B,4.0,157.0128,-0.5421446675551251,0.040376534154080414
5-17B,4.0,157.0255,0.17290378433892023,0.016274098803759813
5-17B,4.0,157.0379,0.17173197458302197,0.0454640732270711
5-17B,4.0,157.0504,-0.42792561959478675,0.07986229954267089
5-17B,4.0,159.0297,1.6794619263428836,0.2047800488334707
5-17B,4.0,159.0775,-0.33469231367975694,0.09044925210361462
5-17B,4.0,160.0616,0.08534123579446123,0.5133973420370272
5-17B,4.0,161.0453,1.4461900295494556,0.31112022702212
5-17B,4.0,162.0424,0.2874294880085768,0.1905027054743452
5-17B,4.0,163.0351,-1.2836829337693345,0.1591773024133102
5-17B,4.0,163.0398,0.89832083097353,0.1722822533547239
5-17B,4.0,163.0611,0.5049165704175352,0.8844702122805733
5-17B,4.0,164.0716,-0.5440510712717195,0.08726112490481852
5-17B,4.0,165.03,0.3069331261157887,0.45231646991346675
5-17B,4.0,165.0405,-0.42572842612805156,0.623834940127614
5-17B,4.0,165.0556,-0.48881214255026817,0.13135094434548464
5-17B,4.0,166.0508,0.6367669782663745,0.24119900001089623
5-17B,4.0,166.0632,-0.4711754903624841,0.673819640832917
5-17B,4.0,166.9759,-0.032583231221992304,0.8814719842682869
5-17B,4.0,167.0207,-0.28083854811952297,0.40287833221012614
5-17B,4.0,167.0358,0.18340803198073655,0.4431332123520802
5-17B,4.0,167.0828,0.32931042753281115,1.0768307973467175
5-17B,4.0,168.0277,-0.3907672618402296,0.03853122135029492
5-17B,4.0,168.0664,0.901119821281072,0.664986095619519
5-17B,4.0,170.0455,-0.7618978699011316,0.027337467881533187
5-17B,4.0,171.0065,0.015798630945452974,0.6037408082937507
5-17B,4.0,171.0092,-0.03441567525287978,0.4910957418263961
5-17B,4.0,171.0284,-0.538261199817964,0.10533605534822547
5-17B,4.0,172.0616,0.4657622518597436,0.2745129171492379
5-17B,4.0,172.962,-0.30229871336018027,0.019161061827014863
5-17B,4.0,173.0089,-0.04718207126506352,0.22734077213647869
5-17B,4.0,173.0453,-0.9529355262478435,0.13098890093022006
5-17B,4.0,173.0932,-0.5264707077555963,0.09461983322357762
5-17B,4.0,173.1041,0.23944870493407377,0.27538309929231714
5-17B,4.0,174.0407,-0.21851566173778725,0.030287637416942362
5-17B,4.0,174.088,-0.5129155713508259,0.12716526932701902
5-17B,4.0,175.022,-0.8053511841883683,0.2333450180243548
5-17B,4.0,175.0361,-0.3044890409277867,0.03807302591020949
5-17B,4.0,175.0611,-0.42678327292347906,0.03460206212050096
5-17B,4.0,176.0776,-0.43184246918616087,0.16896691871515176
5-17B,4.0,177.0402,0.7379072858209026,0.45282712964616156
5-17B,4.0,177.0553,0.3518579897560836,0.6962361224707732
5-17B,4.0,178.0509,-0.37964461514053216,0.03188334310798622
5-17B,4.0,179.0348,0.8002591489143197,0.6169030322584681
5-17B,4.0,179.0561,0.7678429545559854,0.33842470049052487
5-17B,4.0,180.0663,0.7482378390023914,0.4162020633600829
5-17B,4.0,181.0505,-0.4431405214581654,0.17254119051541922
5-17B,4.0,182.9725,0.15868222228664375,0.09917963052916952
5-17B,4.0,183.0661,0.48788830313168907,0.6052631861032732
5-17B,4.0,184.0017,-0.38381960492326006,0.06843926849807144
5-17B,4.0,184.9856,-0.1369589347742275,0.08854395906592655
5-17B,4.0,186.1136,-0.5934828140235628,0.520624453500461
5-17B,4.0,187.0234,-1.0101395294187636,0.8495102108628572
5-17B,4.0,188.035,0.017395194316259355,1.0711789322113412
5-17B,4.0,188.0565,-0.25098842942697547,0.016352042431873534
5-17B,4.0,189.0405,-0.5380102942514555,0.08171216648378832
5-17B,4.0,191.0197,-0.18580580762449017,0.2768626123752433
5-17B,4.0,191.0561,-0.5779531839538414,0.06711694365890072
5-17B,4.0,192.0663,0.8952114785012397,0.21711677012721126
5-17B,4.0,193.0349,0.17986081465591594,0.4681169203049394
5-17B,4.0,194.0682,-0.6643193369918459,0.091097785989551
5-17B,4.0,194.0822,0.5906084982898804,1.0610144666656967
5-17B,4.0,195.0509,-0.09728148724262173,0.10798119158763288
5-17B,4.0,195.0657,-0.0251538382996305,0.31532629362321274
5-17B,4.0,196.0603,-0.2306383393758718,0.08713357759121007
5-17B,4.0,198.0182,-0.3936557133571198,0.2710131159496609
5-17B,4.0,199.0019,1.3846378343733854,0.9984356420673882
5-17B,4.0,200.9937,0.31248986323926925,0.4308519216894423
5-17B,4.0,201.0051,2.8938197772030354,1.9471024867785793
5-17B,4.0,203.0348,-0.026596115853940894,0.4274322463093711
5-17B,4.0,203.0826,-0.08439719429281523,0.013247449659272317
5-17B,4.0,204.0498,0.19939471751346938,0.6115689951271706
5-17B,4.0,205.0351,-0.1361259245853509,0.17926015368992815
5-17B,4.0,206.0822,1.6066359084470943,0.5916188698072462
5-17B,4.0,209.0292,-1.1415351830038643,0.11576647975048145
5-17B,4.0,209.0814,-0.9108827486677662,0.783334991121893
5-17B,4.0,211.0235,-0.4931939631619925,0.22488042461573587
5-17B,4.0,211.9968,-0.36400317155324213,0.06345522912064976
5-17B,4.0,212.0331,-0.18949162998941482,0.3415186238491015
5-17B,4.0,212.9807,-0.6903756450000987,0.03791288104518595
5-17B,4.0,213.014,-0.7498234185843943,0.5166382791703263
5-17B,4.0,213.0384,-0.5066758510779322,0.09924476841227901
5-17B,4.0,213.1252,-0.4053843288351906,1.068726811445769
5-17B,4.0,214.0488,-0.32578922918845854,1.2297494975463732
5-17B,4.0,215.0331,0.7998603725001785,0.21626053480755875
5-17B,4.0,216.1351,0.6141665573499824,0.23277166541925953
5-17B,4.0,218.0335,0.7785447960088596,0.17363017632557498
5-17B,4.0,218.1034,0.45928933283546025,0.14507592595323396
5-17B,4.0,220.0828,0.6324640366074021,1.0795315232393405
5-17B,4.0,221.0443,0.4818758073438242,0.180974406251502
5-17B,4.0,221.0664,0.11415517402430726,0.53925341364472
5-17B,4.0,225.0399,-0.6771260808665321,0.31316971690190387
5-17B,4.0,225.0861,-0.28297245440962826,0.4168723273573495
5-17B,4.0,225.0901,-0.17222999944080863,1.170903247476277
5-17B,4.0,226.0135,-0.7060805577757785,0.31971211515632575
5-17B,4.0,226.0697,0.15693374386240055,0.25669559780265105
5-17B,4.0,228.0501,-0.49882864724631004,0.4088571837321674
5-17B,4.0,229.0122,-0.19355659583394177,0.18074276263311412
5-17B,4.0,237.0614,-0.2100351321555765,0.21034835422276424
5-17B,4.0,238.0945,-0.5388567404414656,0.23959123203526062
5-17B,4.0,240.0515,0.3122425204211209,0.044053434075110996
5-17B,4.0,241.0844,0.06086017276483557,0.21776155024267507
5-17B,4.0,242.0804,0.2023575268943082,0.5018612432412461
5-17B,4.0,243.029,-0.3939056265339899,0.3379882788633984
5-17B,4.0,243.0625,-0.35748272723898744,0.20818403183207318
5-17B,4.0,245.0444,-0.4099212230285796,0.4323878460877731
5-17B,4.0,246.0198,-0.07783356552694853,0.8689556639448236
5-17B,4.0,246.064,-0.17187459100962024,0.6873815983038956
5-17B,4.0,251.0816,0.7367048007939081,1.9699976598576328
5-17B,4.0,253.0119,-0.24145565876817005,0.008323407602631878
5-17B,4.0,253.0499,0.710598673176914,0.861622106331304
5-17B,4.0,257.0072,-0.39046667258431045,0.4379847663089607
5-17B,4.0,257.1028,-0.007862547593292427,0.7950884156070808
5-17B,4.0,259.005,0.05110229839267859,0.36174349935106564
5-17B,4.0,259.0227,0.7759275360042543,0.37164356535425896
5-17B,4.0,261.0385,-0.30554873421977113,0.23502952236416336
5-17B,4.0,266.0703,-0.03457763366500725,0.35595828938149326
5-17B,4.0,267.0724,-0.4863943010921796,0.024972725959075327
5-17B,4.0,268.02,-1.1585684633044826,0.526743831178688
5-17B,4.0,269.0398,-0.7143214036592163,0.06979242592718124
5-17B,4.0,271.0612,0.4598881193791117,0.4995532541609644
5-17B,4.0,271.0815,-0.39674357972265434,0.6272776129468911
5-17B,4.0,273.0021,-0.5718737887136822,0.1505218120399901
5-17B,4.0,274.0933,0.4125289804451151,0.199559223340302
5-17B,4.0,275.0184,0.5418819046006832,0.65365005299252
5-17B,4.0,275.0991,-0.4831145341948381,0.34087140043657127
5-17B,4.0,277.1207,0.36028426316177353,0.06380922158757443
5-17B,4.0,277.2169,-0.2104012705351223,0.2619856595795
5-17B,4.0,279.2331,-0.33544837226368746,0.007147429075610026
5-17B,4.0,282.0839,0.3039375083862247,0.14321665981570908
5-17B,4.0,283.2063,-0.3776725683590566,0.14620336008841167
5-17B,4.0,285.0972,-0.8030755521768773,0.5428504479092726
5-17B,4.0,287.0157,0.4200423876855909,0.5516428198177918
5-17B,4.0,288.0725,-0.39464609276893453,0.21779632365691398
5-17B,4.0,289.0333,-0.5292495086925216,0.3207789025875889
5-17B,4.0,289.1044,-0.35219065673490846,0.1837008635676434
5-17B,4.0,290.9677,-0.18733047632528285,0.3030272735295676
5-17B,4.0,294.0479,-0.22357343474997837,0.5318738425932085
5-17B,4.0,300.0509,-1.2907936647685885,0.6196081607148101
5-17B,4.0,301.0333,-0.2918315808915321,0.9214527558858603
5-17B,4.0,303.2326,0.7358556656761113,1.408720364550983
5-17B,4.0,305.0207,0.41979277715843066,0.38849765400413494
5-17B,4.0,306.0481,0.024852876660379407,0.07315208088774722
5-17B,4.0,306.0765,-0.011710075281803768,0.0394078213737476
5-17B,4.0,308.0986,-0.30375779918310697,0.03094425414478985
5-17B,4.0,313.0441,-0.2811984315065292,0.3821861381837512
5-17B,4.0,313.1037,-0.37564021685902715,0.7823846481005138
5-17B,4.0,317.026,-0.11286628714255958,0.49148002951078246
5-17B,4.0,323.0256,-0.39413647420903897,0.3990863331939264
5-17B,4.0,325.1163,-0.1706469202073681,0.31896014530338535
5-17B,4.0,328.0457,-0.45958781746790056,0.16751849139816583
5-17B,4.0,333.0589,-0.3912662346026007,0.2993203641959304
5-17B,4.0,338.9884,-0.45114153650859923,0.26990702859358595
5-17B,4.0,339.0928,1.483734723314352,0.520530983094492
5-17B,4.0,341.1089,0.09728511307674666,0.2389128425918623
5-17B,4.0,344.0393,-0.5788251518790805,0.17580613884008803
5-17B,4.0,346.0556,-0.5975786395462426,0.07995659368108464
5-17B,4.0,348.087,-0.2211377800459286,0.16681589995081195
5-17B,4.0,353.0489,-0.7057070413051314,0.5035411555652427
5-17B,4.0,357.089,-0.2666933970176883,0.20942556088249234
5-17B,4.0,375.131,-0.5668155248178234,0.3623166860669774
5-17B,4.0,377.1496,0.17575603539531462,0.5223775732531385
5-17B,4.0,383.1188,0.14564693440428061,0.5872971605243268
5-17B,4.0,388.9416,0.18234500765651582,0.478781231443708
5-17B,4.0,388.9442,0.1062221502320414,0.5104752905818278
5-17B,4.0,401.0756,0.5410436170779243,0.09783068647080133
5-17B,4.0,407.2795,-0.3079418370236253,0.31463363844955394
5-17B,4.0,421.0743,0.181625060690618,1.1461049590616192
5-17B,4.0,426.0222,-0.5387999998635755,0.26951163137161316
5-17B,4.0,442.9997,-0.0917309693953185,0.19564236519362446
5-17B,4.0,466.9657,0.7259299696357358,0.6185965610990894
5-17B,4.0,490.9787,-0.42725604495760644,0.7033061668355549
5-17B,4.0,503.1614,0.06225658191430011,0.14617502830516216
5-17B,4.0,547.0731,-0.17860352015943604,0.22335338137327368
5-17B,4.0,565.0471,0.2024607765132891,0.32067029985913326
5-17B,4.0,578.8872,0.6754500714771456,0.06780879790064967
5-17B,4.0,579.0269,0.09992847101850728,0.07743614899925157
5-17B,4.0,612.2549,-0.015143948536196175,0.5953080959683553
5-17B,4.0,624.2949,0.12802856414677366,0.3568129574135369
5-17B,4.0,659.307,0.21720795944387827,0.6388356411636859
5-17B,4.0,664.0939,-0.3551583284431906,0.2072845917805999
5-17B,4.0,665.2144,0.18279667180982245,0.23941566683047621
5-17B,4.0,668.1374,-0.6148413945621591,0.0003928422906197564
5-17B,4.0,787.255,0.8808432765386243,0.4445962319946943
5-17B,4.0,790.2568,0.6836958882988566,0.44016086247076824
5-17B,4.0,835.0407,-0.6218468140826259,0.3230941339669223
5-17B,4.0,863.2971,-0.5564656480250217,0.06999473114951482
5-17B,4.0,864.1473,0.11722913976491459,0.38711618579291895
5-17B,4.0,974.2935,-0.3759342327236057,0.4452554949806338
5-17B,4.0,976.7162,0.7781118954910399,0.3281889835241438
5-17B,5.0,57.0342,0.48126361720997113,0.468333502978507
5-17B,5.0,58.0295,0.5626700283849992,0.2259957221352593
5-17B,5.0,59.0135,0.8321121757576674,0.11653520053197776
5-17B,5.0,71.0137,0.7436853438922528,0.09143120934284672
5-17B,5.0,73.0293,-0.230375231842387,0.040276642979107775
5-17B,5.0,74.0247,-0.23977956370284415,0.4986017508998742
5-17B,5.0,75.0087,1.4972356787913377,0.5982477804634679
5-17B,5.0,87.0088,-0.4857694255818082,0.012843946266419196
5-17B,5.0,87.0451,0.8088329580057536,0.3916065126808871
5-17B,5.0,88.0403,-0.3362590193835444,0.045701057330653626
5-17B,5.0,88.9883,-0.07074098291893144,0.8069479906970932
5-17B,5.0,89.0244,-0.032841439325172306,0.040314624081630925
5-17B,5.0,93.0338,0.44303090415743773,0.27890315898993245
5-17B,5.0,94.9761,-0.9903658160009854,0.3455276943198521
5-17B,5.0,94.9806,0.9276920930802199,0.30281968034840095
5-17B,5.0,95.0139,0.6150738057870409,0.37892375984068427
5-17B,5.0,101.0242,0.650156545775068,0.1405185815568563
5-17B,5.0,102.056,-0.3940474089999415,0.056829016141202504
5-17B,5.0,103.0402,-0.14236024331802624,0.06205975261987393
5-17B,5.0,103.0509,-0.1847650538037548,0.22629080318099226
5-17B,5.0,104.0352,-0.23381824957524922,0.13938735161385227
5-17B,5.0,105.0193,1.0312555613446102,0.6628311962954202
5-17B,5.0,107.0503,0.3115356107363152,0.7122743710502425
5-17B,5.0,109.0295,0.5788557373963309,0.23619182910313358
5-17B,5.0,111.02,0.2739663980988985,0.02820473104176397
5-17B,5.0,112.0516,-0.043490474585044014,0.5942317082690111
5-17B,5.0,113.0244,0.48898004743228973,0.06964170284098482
5-17B,5.0,113.0357,0.8306005979215634,0.03633345860512272
5-17B,5.0,114.056,-0.24456720898393322,0.002396023271735118
5-17B,5.0,115.0037,0.1499005644951777,0.16640225256551408
5-17B,5.0,115.0402,0.8451362966071654,0.18811984462915524
5-17B,5.0,115.0764,0.708559975955632,0.5208668565145979
5-17B,5.0,116.0354,-0.2948357824017813,0.27883512015341344
5-17B,5.0,116.0717,-0.7443706731305387,0.014500301425602328
5-17B,5.0,117.0194,-0.28133015307947434,0.01084736922976721
5-17B,5.0,118.0508,-0.23676739301460895,0.15324065948008686
5-17B,5.0,118.9804,0.44658550634558636,0.07954387870451268
5-17B,5.0,119.0503,-0.3283908187422709,0.37163749093530973
5-17B,5.0,120.9273,-0.3616374015059897,0.11493187053927552
5-17B,5.0,121.0295,-0.10097624726887161,0.3010873491463703
5-17B,5.0,121.0409,-0.1530213348298153,0.28811640581390174
5-17B,5.0,122.0248,0.1084149299158297,0.308822151612866
5-17B,5.0,124.0075,0.14214337012482758,0.30565186105693015
5-17B,5.0,124.0144,0.39725812844956127,0.29793408935066557
5-17B,5.0,125.0439,0.2605670474133279,0.26116984173252206
5-17B,5.0,127.0764,0.18786195159996366,0.14196631047530342
5-17B,5.0,128.0354,-0.293125967154824,0.006227901040734022
5-17B,5.0,129.0193,-0.12765066590262866,0.1138680052615899
5-17B,5.0,129.0556,0.4865095818265258,0.22011896066263056
5-17B,5.0,130.0142,-0.8802678727374083,0.09304088197578254
5-17B,5.0,130.0509,0.22151772731894798,0.06241675157700121
5-17B,5.0,130.0874,-0.7909641860631823,0.024097527871900174
5-17B,5.0,131.0008,-0.8706330109290397,0.19329561325366043
5-17B,5.0,131.0123,-0.5122601787882513,0.04067659056470978
5-17B,5.0,131.035,0.544704170298133,0.2119551063537993
5-17B,5.0,131.0462,0.5951010478326839,0.12843803276509758
5-17B,5.0,131.0828,0.04419488279317908,0.16792556248941445
5-17B,5.0,132.0302,0.1881421562417953,0.0183041013717662
5-17B,5.0,133.0142,0.10295749689787556,0.1034219444522489
5-17B,5.0,133.0257,0.156706812975614,0.09466245254183879
5-17B,5.0,133.0505,0.7014719738976101,0.04225389866578137
5-17B,5.0,134.0472,1.182814255728154,0.14408289578602784
5-17B,5.0,134.0604,1.192970814509036,0.37981199486939643
5-17B,5.0,135.0302,-0.2761469499291784,0.12057426330218055
5-17B,5.0,135.0453,-0.3193695677166119,0.08362457479418878
5-17B,5.0,136.0404,-0.38047726460688724,0.06699112316647626
5-17B,5.0,136.0487,-0.47084315125062703,0.18899518495148876
5-17B,5.0,136.0767,-0.5967121587901731,0.9734863325262336
5-17B,5.0,137.0239,0.6204627938440922,0.24567239391936163
5-17B,5.0,138.9789,-0.13117860109146354,0.16912917314923342
5-17B,5.0,139.0014,0.3825625039778866,0.028784660056813027
5-17B,5.0,139.0067,-0.6384754589051942,0.034219290845814154
5-17B,5.0,139.976,-0.5797120549709907,0.37054068962965486
5-17B,5.0,143.0713,0.24701175911285544,0.2817599624297704
5-17B,5.0,143.1077,0.37050832487331664,0.4627079139698999
5-17B,5.0,145.0141,-0.2722219342410717,0.127535337249516
5-17B,5.0,145.0506,-0.5869932875390718,0.03704040037468432
5-17B,5.0,145.0623,-0.376537497987955,0.1990368156801993
5-17B,5.0,145.0982,-0.3328194204849112,0.18660578395700117
5-17B,5.0,145.1106,-0.49329672404542035,0.6482628964212732
5-17B,5.0,146.0459,-0.29896576948118425,0.005368051766244069
5-17B,5.0,147.0298,-0.47010969908593875,0.04045829275315346
5-17B,5.0,147.0662,0.980971443073394,0.025721129568005662
5-17B,5.0,149.0092,0.7447659760071379,0.5931894151674072
5-17B,5.0,149.0456,0.8765762941318909,0.19207410940449665
5-17B,5.0,149.0608,-0.218540860959248,0.6221807009450706
5-17B,5.0,150.0422,0.2809726125007047,0.7668051533474091
5-17B,5.0,150.9707,-0.9353248421783735,0.48718878540506855
5-17B,5.0,151.0259,-0.555562004014831,0.051680131164196695
5-17B,5.0,151.04,-0.19891042372681214,0.4149466246523699
5-17B,5.0,151.06,-0.20112358823125717,1.1149980293802695
5-17B,5.0,152.0353,-0.14630161552871823,0.530715110849149
5-17B,5.0,152.0716,-0.28693736589264035,0.6232585951061681
5-17B,5.0,153.0192,0.8406231610974351,0.1158935381501076
5-17B,5.0,154.062,-0.3640094820128612,0.061959845307262174
5-17B,5.0,154.9751,-0.14412930399237978,0.05432592802274463
5-17B,5.0,155.0099,0.2993608561864341,0.012762528500823836
5-17B,5.0,157.0128,-0.37389457828542116,0.07856926008264822
5-17B,5.0,157.0255,0.5987760140606332,0.04439627685982373
5-17B,5.0,157.0379,0.6879209507585669,0.1070923560418041
5-17B,5.0,157.0504,0.032554832275996225,0.04810126124532198
5-17B,5.0,159.0297,0.6590369647964385,0.13452491930453045
5-17B,5.0,159.0775,0.27521960768215736,0.1264237315081963
5-17B,5.0,160.0616,-0.20741310678387526,0.40802175536255464
5-17B,5.0,161.0453,0.29055965897759173,0.17881974840894657
5-17B,5.0,162.0424,0.4032505986715063,0.32391031761046235
5-17B,5.0,163.0351,-0.7628146295008715,0.23374230398074833
5-17B,5.0,163.0398,1.287388532515911,0.09783267194537644
5-17B,5.0,163.0611,0.865676044663561,0.7629411266038372
5-17B,5.0,164.0716,-0.3638660757022876,0.11071245951232488
5-17B,5.0,165.03,0.2235640203330001,0.4741893582883478
5-17B,5.0,165.0405,0.7451719851879024,0.4508605488689111
5-17B,5.0,165.0556,-0.4342303311340918,0.08755748195220545
5-17B,5.0,166.0508,0.1588591269615114,0.20873457073763038
5-17B,5.0,166.0632,0.19963943605106862,0.4550156743658907
5-17B,5.0,166.9759,-0.26976539309933073,0.32392326424294154
5-17B,5.0,167.0207,-0.5532870787471418,0.3403970638484158
5-17B,5.0,167.0358,-0.3357775770177488,0.4073539472118604
5-17B,5.0,167.0828,-0.3556350392813975,0.7455320140444938
5-17B,5.0,168.0277,-0.2937637246926037,0.028880374661050246
5-17B,5.0,168.0664,-0.38780157185228614,0.4747714271418797
5-17B,5.0,170.0455,-0.5708562066942149,0.04877427910136121
5-17B,5.0,171.0065,-0.012974947426798104,0.27539585146570233
5-17B,5.0,171.0092,0.044073682527015726,0.35225093997260454
5-17B,5.0,171.0284,-0.30784086634386343,0.07843359664768221
5-17B,5.0,172.0616,0.9190399613981783,0.2652051966837644
5-17B,5.0,172.962,-0.41380453121313193,0.07952626917858037
5-17B,5.0,173.0089,0.2496805289876601,0.0978451014148431
5-17B,5.0,173.0453,-0.5092820865733738,0.23383719263567648
5-17B,5.0,173.0932,0.0026625658089532277,0.08736440541631131
5-17B,5.0,173.1041,-0.2090913125965279,0.036000679194923474
5-17B,5.0,174.0407,0.3727956419433316,0.02456878185175688
5-17B,5.0,174.088,-0.04970589476663124,0.08204609037225091
5-17B,5.0,175.022,-0.5591588351323724,0.23511920361795996
5-17B,5.0,175.0361,0.13640993031272702,0.016674015098522715
5-17B,5.0,175.0611,0.1448890593957306,0.05131012168822294
5-17B,5.0,176.0776,0.1387874833089911,0.1997981542817886
5-17B,5.0,177.0402,0.8315154832076952,0.43752935888566236
5-17B,5.0,177.0553,-0.025037190892094704,0.49359901866396666
5-17B,5.0,178.0509,-0.12119633725827225,0.05371487255546145
5-17B,5.0,179.0348,1.0615291566391976,0.15787196712656232
5-17B,5.0,179.0561,0.5696925683627955,0.09212965136890591
5-17B,5.0,180.0663,0.5752255646211153,0.09076047206690818
5-17B,5.0,181.0505,-0.32413517047275836,0.09376911831744583
5-17B,5.0,182.9725,0.5420352540667472,0.12931726133017063
5-17B,5.0,183.0661,0.19259106606450183,0.6506238178135222
5-17B,5.0,184.0017,-0.20062669718618348,0.06808037935547442
5-17B,5.0,184.9856,-0.5279018785709015,0.1365678630528336
5-17B,5.0,186.1136,0.16679826827600996,0.42261944150853115
5-17B,5.0,187.0234,-0.11246148194282371,0.47257268813850023
5-17B,5.0,188.035,-0.2581213032754819,0.4322421623623941
5-17B,5.0,188.0565,0.1726552660746997,0.031601851131535866
5-17B,5.0,189.0405,-0.3574606063807691,0.08620784510187285
5-17B,5.0,191.0197,0.548490168814572,0.15765234982241796
5-17B,5.0,191.0561,0.029222725704352227,0.0440940013576044
5-17B,5.0,192.0663,0.15043509843431244,0.4089567513073759
5-17B,5.0,193.0349,0.905452172781362,0.3666437150510907
5-17B,5.0,194.0682,-0.3761199725899982,0.16694885407443882
5-17B,5.0,194.0822,0.3363859988591986,0.48712630916450694
5-17B,5.0,195.0509,0.6276693968368636,0.07955821538633172
5-17B,5.0,195.0657,0.18172501899128088,0.5254753664211862
5-17B,5.0,196.0603,0.556993991625315,0.045010205712459055
5-17B,5.0,198.0182,-0.23276909042296245,0.2203301203984723
5-17B,5.0,199.0019,-0.32701582555863024,0.18372165182194145
5-17B,5.0,200.9937,0.2895225615792252,0.3163081086287008
5-17B,5.0,201.0051,-0.6550885391848005,0.5723731895005733
5-17B,5.0,203.0348,-0.36432208672997035,0.07150042334840251
5-17B,5.0,203.0826,-0.08402004632475724,0.05239717249588688
5-17B,5.0,204.0498,0.09473911705746414,0.4162178467765188
5-17B,5.0,205.0351,0.19899560255746734,0.10343332188957131
5-17B,5.0,206.0822,0.6743586635056567,1.2120829147479475
5-17B,5.0,209.0292,-0.18847025233743003,0.2607191795295167
5-17B,5.0,209.0814,-0.32915376922417133,0.4431135011555016
5-17B,5.0,211.0235,-0.3414871267941391,0.18743575299044019
5-17B,5.0,211.9968,0.4303604871650337,0.11048728076605756
5-17B,5.0,212.0331,-0.41352565964611143,0.23762765720619178
5-17B,5.0,212.9807,-0.4754345152693471,0.034935954186407166
5-17B,5.0,213.014,-0.17432526331932288,0.26593449145732834
5-17B,5.0,213.0384,-0.482941458582782,0.20813566144189397
5-17B,5.0,213.1252,0.6463501734746208,0.5045393688616152
5-17B,5.0,214.0488,0.6048948108769836,0.5231068479970263
5-17B,5.0,215.0331,0.8993905969124485,0.047654639111282975
5-17B,5.0,216.1351,0.6805691310046471,0.33909240158943854
5-17B,5.0,218.0335,0.800256656858503,0.07826933178520185
5-17B,5.0,218.1034,0.972691749371138,0.06289342319195679
5-17B,5.0,220.0828,0.45564965056548734,0.6429989985164412
5-17B,5.0,221.0443,0.380658967624693,0.0930396379719628
5-17B,5.0,221.0664,1.3239874917075745,0.40095688631622817
5-17B,5.0,225.0399,-0.10564864451253361,0.7412533092903298
5-17B,5.0,225.0861,0.03514206419213761,0.6609324569421872
5-17B,5.0,225.0901,0.3544331530842744,0.5589423390342534
5-17B,5.0,226.0135,-0.4525722324410686,0.0958776085270982
5-17B,5.0,226.0697,0.035035236890655325,0.22471542027652402
5-17B,5.0,228.0501,-0.18539880839362252,0.3045441269404018
5-17B,5.0,229.0122,0.3554160430393539,0.2856862873063155
5-17B,5.0,237.0614,0.22689422035477488,0.35541973792592957
5-17B,5.0,238.0945,-0.5388567404414656,0.21640561336276895
5-17B,5.0,240.0515,1.087426475726834,0.029498535654567476
5-17B,5.0,241.0844,1.629470557820766,0.7146645102926205
5-17B,5.0,242.0804,0.18613486225101372,0.698527543542616
5-17B,5.0,243.029,0.1334104350098575,0.2468668579658026
5-17B,5.0,243.0625,0.16800408082804363,0.6841131544904524
5-17B,5.0,245.0444,-0.07260725563701159,0.27917046144293434
5-17B,5.0,246.0198,-0.07623937003824477,0.2613962112505002
5-17B,5.0,246.064,0.2426890392603491,0.7744429907217655
5-17B,5.0,251.0816,-0.11335477208839514,0.37560830253157734
5-17B,5.0,253.0119,-0.24107599744462313,0.036863369616009674
5-17B,5.0,253.0499,0.2916893249435212,0.3843510610127124
5-17B,5.0,257.0072,-0.14721408782602727,0.49179656550254525
5-17B,5.0,257.1028,-0.7554544874333666,0.82159087116377
5-17B,5.0,259.005,-0.5521607062953261,0.2272928484135378
5-17B,5.0,259.0227,1.2238406712018186,0.15830959991107516
5-17B,5.0,261.0385,0.2207845449791827,0.1440144052508775
5-17B,5.0,266.0703,-0.568956248355222,0.08745877605060721
5-17B,5.0,267.0724,0.016107380797117928,0.055695744982942635
5-17B,5.0,268.02,-0.8120616093718398,0.7057252588445236
5-17B,5.0,269.0398,-0.4792092749330092,0.11539559144540307
5-17B,5.0,271.0612,0.348333573800024,0.2786308795600317
5-17B,5.0,271.0815,-0.33189675670992513,0.4569959954052423
5-17B,5.0,273.0021,-0.4620470091399227,0.13947558218468833
5-17B,5.0,274.0933,1.2612004207914755,0.36943815230142035
5-17B,5.0,275.0184,0.2522530268558444,0.6598533489760824
5-17B,5.0,275.0991,-0.4477236214652781,0.3666606129131529
5-17B,5.0,277.1207,0.24695573184367361,0.01577650059170229
5-17B,5.0,277.2169,-0.31521848353003945,0.39086448310140365
5-17B,5.0,279.2331,-0.3709032246847809,0.02391937037914297
5-17B,5.0,282.0839,1.5468342540773943,0.539008500616657
5-17B,5.0,283.2063,-0.6232016607921664,0.17826197345383976
5-17B,5.0,285.0972,-0.8052144150863767,0.6091434169295197
5-17B,5.0,287.0157,0.456535986877212,0.321990545858606
5-17B,5.0,288.0725,-0.12235285023915612,0.09835550532882686
5-17B,5.0,289.0333,0.24123444748603634,0.7415569167817403
5-17B,5.0,289.1044,0.16380982170439856,0.22080604319999547
5-17B,5.0,290.9677,-0.2535518994696403,0.1331081752544325
5-17B,5.0,294.0479,1.0662735770102185,0.44640863489817617
5-17B,5.0,300.0509,-0.28316318087076925,0.5027618640332548
5-17B,5.0,301.0333,-0.2164525834027676,0.3602765499910387
5-17B,5.0,303.2326,-0.45202327525962266,0.19503690965521284
5-17B,5.0,305.0207,0.1567332152318875,0.10937724991074141
5-17B,5.0,306.0481,0.5947787371836452,0.23314145840914668
5-17B,5.0,306.0765,0.06492572568876334,0.0465766432685102
5-17B,5.0,308.0986,-0.20028836267477804,0.022525201524771804
5-17B,5.0,313.0441,0.8328462956617253,0.40776205034890733
5-17B,5.0,313.1037,-0.1271857070175617,0.3098719566920488
5-17B,5.0,317.026,-0.14012748815202786,0.37370139029365124
5-17B,5.0,323.0256,-0.6784002237418603,0.5112254768907202
5-17B,5.0,325.1163,-0.4090651870871136,0.3801937968697686
5-17B,5.0,328.0457,-0.13284399428431634,0.11249114716296776
5-17B,5.0,333.0589,0.19470722789511294,0.4038292829211627
5-17B,5.0,338.9884,-0.2120333590382232,1.26665708320335
5-17B,5.0,339.0928,1.649387238078213,0.4418861848019305
5-17B,5.0,341.1089,0.5884335217598264,0.07477285007179735
5-17B,5.0,344.0393,-0.25250837486046573,0.3898467787968139
5-17B,5.0,346.0556,-0.235286801132223,0.17613250514352505
5-17B,5.0,348.087,0.10830497634849993,0.27631937349257185
5-17B,5.0,353.0489,0.2412792507248333,0.5724552506895931
5-17B,5.0,357.089,-0.16544616180320085,0.15905833082378523
5-17B,5.0,375.131,0.23748206277922226,0.6100591785994826
5-17B,5.0,377.1496,0.011367461070324021,0.10262873043222956
5-17B,5.0,383.1188,0.28611135487037365,0.21317553637551684
5-17B,5.0,388.9416,-0.37066516245657777,0.3295740445451424
5-17B,5.0,388.9442,-0.47962533092690396,0.24332781492204814
5-17B,5.0,401.0756,0.3114215813945592,0.10359693726534179
5-17B,5.0,407.2795,-0.7178394417458176,0.1853806951164517
5-17B,5.0,421.0743,0.5065435703792607,0.3741581070696728
5-17B,5.0,426.0222,-0.03386392804991403,0.6022822065874778
5-17B,5.0,442.9997,0.020719071346961167,0.11867228753325808
5-17B,5.0,466.9657,0.4584512326004446,0.08745139147254799
5-17B,5.0,490.9787,-0.21627116949828618,1.2195383734328777
5-17B,5.0,503.1614,0.8286439938167535,0.30161590593544757
5-17B,5.0,547.0731,0.4247731804313603,0.11844305843729276
5-17B,5.0,565.0471,0.2447139323495407,0.3067633613099432
5-17B,5.0,578.8872,0.5091758859635774,0.1634247761057531
5-17B,5.0,579.0269,0.032329935630931624,0.1380590650428081
5-17B,5.0,612.2549,-0.0468868184927151,0.2902072265987575
5-17B,5.0,624.2949,-0.48450025255543505,0.42840439013764503
5-17B,5.0,659.307,-0.03331645274860762,0.15208517384203962
5-17B,5.0,664.0939,-0.2727904942973374,0.19068922029988866
5-17B,5.0,665.2144,-0.11499209811579228,0.3843514068014462
5-17B,5.0,668.1374,-0.5976334683305429,0.0005206671690978077
5-17B,5.0,787.255,0.6119680779582856,0.5538224426093572
5-17B,5.0,790.2568,0.1011431721447941,0.2983673788234398
5-17B,5.0,835.0407,-0.627831497666125,0.14373815693516714
5-17B,5.0,863.2971,-0.42465530092490333,0.12441312261194265
5-17B,5.0,864.1473,-0.26669819768200553,0.2860866937052648
5-17B,5.0,974.2935,-0.16134778615537052,0.3076355421309007
5-17B,5.0,976.7162,0.8214698597374777,0.09668955921984985
5-17B,6.0,57.0342,0.24525087446497773,0.5355205840029164
5-17B,6.0,58.0295,0.40916429882523675,0.3372792575285028
5-17B,6.0,59.0135,0.5081363203947262,0.1986970810910574
5-17B,6.0,71.0137,0.20734222971002128,0.18872549552490908
5-17B,6.0,73.0293,0.22348413118944432,0.11622033214088452
5-17B,6.0,74.0247,-0.36060141111970423,0.4634527562529056
5-17B,6.0,75.0087,0.8278543553930815,0.2972819859751264
5-17B,6.0,87.0088,-0.17024902143333775,0.06262570553821885
5-17B,6.0,87.0451,-0.1159992035545098,0.8590647371255079
5-17B,6.0,88.0403,-0.03171805470570166,0.08302014231787037
5-17B,6.0,88.9883,-0.8041878065160682,0.30480781204405744
5-17B,6.0,89.0244,0.8115148549543043,0.14998366254168582
5-17B,6.0,93.0338,-0.020494435452489433,0.025101716677607043
5-17B,6.0,94.9761,-0.4016121910234143,0.3552397076255142
5-17B,6.0,94.9806,0.8763033535375679,0.39748378062039225
5-17B,6.0,95.0139,0.1574339701264961,0.1736731639682484
5-17B,6.0,101.0242,0.4193834777797304,0.24523093578841051
5-17B,6.0,102.056,-0.34847114049051875,0.07754338563991975
5-17B,6.0,103.0402,0.9723357726989594,0.13851717790988413
5-17B,6.0,103.0509,1.011605748986393,0.32478954229739626
5-17B,6.0,104.0352,-0.7178941726310701,0.19355572605917232
5-17B,6.0,105.0193,0.40677918678599306,0.27726502959998867
5-17B,6.0,107.0503,1.5061112275000919,0.9089531982631799
5-17B,6.0,109.0295,1.1657102400701564,0.18535284622033885
5-17B,6.0,111.02,-0.22874109633240236,0.07968307184830987
5-17B,6.0,112.0516,0.6700806624454052,0.4437762980008848
5-17B,6.0,113.0244,0.08849154760765088,0.10159324409096689
5-17B,6.0,113.0357,0.8137407917747077,0.08555516254402681
5-17B,6.0,114.056,-0.1913922940255212,0.03397152188096398
5-17B,6.0,115.0037,0.20540781940639863,0.07020652801026742
5-17B,6.0,115.0402,1.6523361960157186,0.433737970437347
5-17B,6.0,115.0764,0.6881663106261802,0.5019966227631651
5-17B,6.0,116.0354,-0.0668964651973785,0.33870844911385356
5-17B,6.0,116.0717,-0.7185110560102552,0.016076239227034016
5-17B,6.0,117.0194,0.16765013931203807,0.0892498899407643
5-17B,6.0,118.0508,0.09911849975654798,0.31078713555349546
5-17B,6.0,118.9804,0.20257227198947447,0.13584705495196672
5-17B,6.0,119.0503,-0.1883873664751915,0.20907218249904225
5-17B,6.0,120.9273,-0.5013032782336044,0.05672280330519581
5-17B,6.0,121.0295,0.47447111684680743,0.4144279666508822
5-17B,6.0,121.0409,0.011533943990338455,0.23860981935571782
5-17B,6.0,122.0248,1.4173855974154166,0.4237600974884936
5-17B,6.0,124.0075,-0.03148839499345975,0.36699779756386575
5-17B,6.0,124.0144,0.9969342692512863,0.3305112668929423
5-17B,6.0,125.0439,1.3024576084550699,0.44031226592868095
5-17B,6.0,127.0764,0.5872935936518808,0.5177092849452886
5-17B,6.0,128.0354,-0.3528656048495895,0.008288475360898983
5-17B,6.0,129.0193,0.19166549355950266,0.15363689373768905
5-17B,6.0,129.0556,1.2570106324710615,0.5333930665881865
5-17B,6.0,130.0142,0.20045237301488586,0.7608979980136976
5-17B,6.0,130.0509,0.5787027564909477,0.08250361732141273
5-17B,6.0,130.0874,-0.9494426121335702,0.020684138423586438
5-17B,6.0,131.0008,-0.15765625541625922,0.22145582552785387
5-17B,6.0,131.0123,0.30968820677152786,0.03407081851499987
5-17B,6.0,131.035,0.5714877332146616,0.09456473978387897
5-17B,6.0,131.0462,0.6312528279408607,0.20086779887071668
5-17B,6.0,131.0828,-0.4568475202707716,0.10823681096737944
5-17B,6.0,132.0302,0.3029795225700687,0.12894726325275038
5-17B,6.0,133.0142,0.057941259275632595,0.12409361634390295
5-17B,6.0,133.0257,0.16915594066334114,0.09360388628987816
5-17B,6.0,133.0505,0.8916993719514454,0.11369691660055763
5-17B,6.0,134.0472,0.05208750278858085,0.2599640734286976
5-17B,6.0,134.0604,0.9404292473133964,0.8227088727797031
5-17B,6.0,135.0302,-0.2886825898159342,0.10742737302772722
5-17B,6.0,135.0453,0.05537766475326858,0.13004512850262825
5-17B,6.0,136.0404,-0.09944276806781657,0.11415057775525249
5-17B,6.0,136.0487,0.14728063587482623,0.32887214805533166
5-17B,6.0,136.0767,0.7177921111955723,0.5821643963797358
5-17B,6.0,137.0239,0.25676348483937594,0.13598102079928917
5-17B,6.0,138.9789,0.05367546904813328,0.3830766237098806
5-17B,6.0,139.0014,0.9734232958962852,0.07655400518362689
5-17B,6.0,139.0067,-0.561297739218533,0.10622053439468321
5-17B,6.0,139.976,0.7468235467989935,0.396138897619631
5-17B,6.0,143.0713,0.05651281381577636,0.1867084561154938
5-17B,6.0,143.1077,1.5758541808780473,0.35062495541466604
5-17B,6.0,145.0141,-0.2980483599873326,0.07966563903071436
5-17B,6.0,145.0506,-0.48673722654575613,0.17404213817280723
5-17B,6.0,145.0623,-0.7126396668866759,0.2731940401633196
5-17B,6.0,145.0982,-0.8486087000344278,0.15204685038612784
5-17B,6.0,145.1106,-0.0006258371755542558,0.949894526712495
5-17B,6.0,146.0459,-0.298896427954248,0.019754147140364164
5-17B,6.0,147.0298,-0.13358910218552247,0.07275698972523802
5-17B,6.0,147.0662,1.1351525136169263,0.10893088601773451
5-17B,6.0,149.0092,0.66044704045671,0.38524329005901137
5-17B,6.0,149.0456,0.8228161513767354,0.4250913390308921
5-17B,6.0,149.0608,0.544357807620613,0.634342490326181
5-17B,6.0,150.0422,-0.06681722480381415,0.40129463235386487
5-17B,6.0,150.9707,-0.5239476650153883,0.8231744642894178
5-17B,6.0,151.0259,-0.668355442625209,0.03642263746451606
5-17B,6.0,151.04,1.0771066360006345,0.09274352753446735
5-17B,6.0,151.06,0.009322885753787494,0.8097296184608319
5-17B,6.0,152.0353,1.8744329434554223,0.3906529398641541
5-17B,6.0,152.0716,0.41460685473506187,0.11837217071106379
5-17B,6.0,153.0192,1.1738627422446015,0.18547112709739222
5-17B,6.0,154.062,-0.4933040900296497,0.01941321363573671
5-17B,6.0,154.9751,0.20048495229880414,0.06660033764549286
5-17B,6.0,155.0099,-0.1467937714245716,0.07372331250358792
5-17B,6.0,157.0128,-0.06286828631625932,0.10604943932246433
5-17B,6.0,157.0255,0.6894463738632128,0.08289169877241905
5-17B,6.0,157.0379,0.7450784736583006,0.185858173418201
5-17B,6.0,157.0504,0.5484867594156709,0.06840009024236758
5-17B,6.0,159.0297,0.47771114541866955,0.20560978595592716
5-17B,6.0,159.0775,0.6174316392049171,0.14713207591750652
5-17B,6.0,160.0616,0.6140818513165529,0.23864770212690223
5-17B,6.0,161.0453,0.8484173733954232,0.10015668469555598
5-17B,6.0,162.0424,0.18892958033611534,0.27870530292009066
5-17B,6.0,163.0351,-0.4501400928395304,0.27765237505857737
5-17B,6.0,163.0398,1.8133753067931537,0.03655488569067866
5-17B,6.0,163.0611,0.6728563256699955,0.9419183095346025
5-17B,6.0,164.0716,-0.48650434186749003,0.11419864213792397
5-17B,6.0,165.03,0.5998277623050565,1.0422885775585513
5-17B,6.0,165.0405,1.4664542110753374,0.5597932354876097
5-17B,6.0,165.0556,0.28351130013148695,0.1484521986769509
5-17B,6.0,166.0508,2.399511706733158,0.4607254050751182
5-17B,6.0,166.0632,0.6026417706694147,0.638866329088988
5-17B,6.0,166.9759,0.006476529563363044,0.2386298483231815
5-17B,6.0,167.0207,-0.12652037275639844,0.30108131885181166
5-17B,6.0,167.0358,1.122499742793528,0.5670522088091737
5-17B,6.0,167.0828,0.48272092640917963,0.6917268843352115
5-17B,6.0,168.0277,-0.2730852621751636,0.07997144503075582
5-17B,6.0,168.0664,0.08372208244912063,0.592008851858951
5-17B,6.0,170.0455,-0.012567865093446859,0.05143248722505019
5-17B,6.0,171.0065,0.04489550795110017,0.16804035442437393
5-17B,6.0,171.0092,0.21184468478154234,0.18764503336222305
5-17B,6.0,171.0284,0.5484527241514761,0.2403459261726443
5-17B,6.0,172.0616,1.441041810358077,0.1178640654749771
5-17B,6.0,172.962,-0.2721409522442622,0.04239575442443175
5-17B,6.0,173.0089,0.6247815500248886,0.14214444305117846
5-17B,6.0,173.0453,-0.028243979722755518,0.19295145889312146
5-17B,6.0,173.0932,-0.10774063170696704,0.05017866925456987
5-17B,6.0,173.1041,0.4964798977755017,1.1629288112636713
5-17B,6.0,174.0407,0.6741369302638454,0.05666673492252776
5-17B,6.0,174.088,0.20124067520296457,0.12028529668574153
5-17B,6.0,175.022,-0.22756380331110748,0.05836603042286515
5-17B,6.0,175.0361,0.21358710529386637,0.10162553649041892
5-17B,6.0,175.0611,0.5594736024933775,0.09330472535572346
5-17B,6.0,176.0776,0.6384278141387398,0.43181080116270476
5-17B,6.0,177.0402,0.006990851371115825,0.6292711025627581
5-17B,6.0,177.0553,0.09489812628036765,0.24478440525311618
5-17B,6.0,178.0509,0.46785550504492224,0.0719280472807965
5-17B,6.0,179.0348,1.2065081218255784,0.5383036956566409
5-17B,6.0,179.0561,0.20721827069423232,0.10891413855243257
5-17B,6.0,180.0663,0.1586497939107385,0.10009113174534616
5-17B,6.0,181.0505,0.2412846706775677,0.1417069451283745
5-17B,6.0,182.9725,0.34093493915798234,0.2675031193960538
5-17B,6.0,183.0661,0.32077934672607405,0.47508399370394383
5-17B,6.0,184.0017,-0.3211828310331867,0.0753649016380442
5-17B,6.0,184.9856,-0.38791120612184965,0.04115163402899752
5-17B,6.0,186.1136,0.6667902411681252,0.2767306208984696
5-17B,6.0,187.0234,1.0326785288385558,0.36942271556923756
5-17B,6.0,188.035,0.986564991727208,0.7555133980510678
5-17B,6.0,188.0565,0.6050127918362018,0.09870799096138849
5-17B,6.0,189.0405,-0.12183467868413064,0.1253274466334686
5-17B,6.0,191.0197,0.4142152579897187,0.3643020024168487
5-17B,6.0,191.0561,0.7304659858585153,0.17337689001819112
5-17B,6.0,192.0663,0.8898597919378846,0.24156419934071977
5-17B,6.0,193.0349,0.10228186441608836,0.3014516842219185
5-17B,6.0,194.0682,0.7580399866885661,0.16112848863652884
5-17B,6.0,194.0822,1.0919352671671847,0.8640182661156355
5-17B,6.0,195.0509,-0.533177158839794,0.1363559393787461
5-17B,6.0,195.0657,-0.33509229769262383,0.4475577462206419
5-17B,6.0,196.0603,1.3555419720816937,0.3721008080075252
5-17B,6.0,198.0182,-0.4231375552560491,0.16642525199006852
5-17B,6.0,199.0019,0.44422588546707525,0.5239556233707364
5-17B,6.0,200.9937,0.21236678256501446,0.44639249989238866
5-17B,6.0,201.0051,0.453225891936227,0.9312230711744992
5-17B,6.0,203.0348,1.5882421512145297,0.36207406965848016
5-17B,6.0,203.0826,-0.08097269074284869,0.013774192836617348
5-17B,6.0,204.0498,0.2685955635292768,0.5084241129294494
5-17B,6.0,205.0351,0.7274564722826808,0.16625556529213226
5-17B,6.0,206.0822,1.0963367849002021,0.4725997935254128
5-17B,6.0,209.0292,-0.10257759456287757,0.3794704051297954
5-17B,6.0,209.0814,-0.5138296357142014,0.40549223417392416
5-17B,6.0,211.0235,0.2591188026748074,0.7155730043780504
5-17B,6.0,211.9968,0.2413450259305871,0.2111776135026988
5-17B,6.0,212.0331,-0.21380941149949506,0.16244809656210338
5-17B,6.0,212.9807,-0.40193921749595907,0.07859898727813636
5-17B,6.0,213.014,0.1113100395493839,0.3399533911325737
5-17B,6.0,213.0384,0.0852188753443324,0.07452762320878882
5-17B,6.0,213.1252,0.29308900985865527,0.6485650632660592
5-17B,6.0,214.0488,0.0849351828592014,0.6051627284134695
5-17B,6.0,215.0331,0.5439243698354952,0.16631473388060453
5-17B,6.0,216.1351,0.0720392651935411,0.4598397348852051
5-17B,6.0,218.0335,0.3604820532408799,0.13902234386764548
5-17B,6.0,218.1034,1.9075561025455032,0.14625925214909719
5-17B,6.0,220.0828,0.24246918512488078,0.8164020115704657
5-17B,6.0,221.0443,0.23606348231164845,0.09433895251537942
5-17B,6.0,221.0664,0.7471293966720887,0.6604820883606379
5-17B,6.0,225.0399,1.7937126947714919,0.5004739795408533
5-17B,6.0,225.0861,0.82478476496466,0.7250920695657948
5-17B,6.0,225.0901,-0.38906954942744343,1.0978258334572155
5-17B,6.0,226.0135,-0.13512263810502234,0.2019649193136523
5-17B,6.0,226.0697,0.08026259813458907,0.47993489178774457
5-17B,6.0,228.0501,0.49003428936431553,0.466914958241296
5-17B,6.0,229.0122,0.5099440348289932,0.27755119729431127
5-17B,6.0,237.0614,0.4312442548621891,0.190225126980489
5-17B,6.0,238.0945,-0.5453940766176728,0.23757865200706077
5-17B,6.0,240.0515,1.883615281520887,0.08629393498795854
5-17B,6.0,241.0844,1.0941748085478773,0.4834782754489823
5-17B,6.0,242.0804,-0.47358683324296164,0.3107191997107576
5-17B,6.0,243.029,0.3695065809081876,0.4466457418300206
5-17B,6.0,243.0625,0.7544522355385818,0.20032403797840156
5-17B,6.0,245.0444,0.7729835200408741,0.5151599425199802
5-17B,6.0,246.0198,0.3742802750694436,0.09860327849788796
5-17B,6.0,246.064,0.7326648154551156,0.40665163464662185
5-17B,6.0,251.0816,0.01225540534782149,1.0046868826452666
5-17B,6.0,253.0119,-0.17680777228643285,0.03721518470219415
5-17B,6.0,253.0499,0.524855848960221,0.48993451821997364
5-17B,6.0,257.0072,-0.10767716633638896,0.18083195684294204
5-17B,6.0,257.1028,-0.29517721306911043,0.883982399698166
5-17B,6.0,259.005,0.279980439675872,0.6337304840194787
5-17B,6.0,259.0227,0.07471079411424486,0.21108482454841887
5-17B,6.0,261.0385,0.5362445039202611,0.17643579911756502
5-17B,6.0,266.0703,-0.3017669410101146,0.0978716407417888
5-17B,6.0,267.0724,0.7180349267870239,0.12222151949339172
5-17B,6.0,268.02,-0.22621496973314464,0.4206191202926905
5-17B,6.0,269.0398,0.06529491329828907,0.17246255296556617
5-17B,6.0,271.0612,0.6740489849560769,0.31733289583168145
5-17B,6.0,271.0815,0.38790297873136875,0.6547685950086373
5-17B,6.0,273.0021,0.12465166189901225,0.29282001221142917
5-17B,6.0,274.0933,1.8609425758160967,0.4178491781026419
5-17B,6.0,275.0184,0.12321740093562562,0.5379311152222883
5-17B,6.0,275.0991,2.302586623942853,0.4504279066387362
5-17B,6.0,277.1207,-0.5808205515435635,0.040029133627636
5-17B,6.0,277.2169,-0.21139952970650247,0.30936893524386666
5-17B,6.0,279.2331,-0.3531230630588591,0.019211623786530442
5-17B,6.0,282.0839,-0.45687980101664194,0.5374409208576244
5-17B,6.0,283.2063,-0.7123869459356862,0.2204631367863741
5-17B,6.0,285.0972,-0.4758295270234617,0.9972746755828156
5-17B,6.0,287.0157,0.9345423107150026,0.4586582568167463
5-17B,6.0,288.0725,0.2407048064672151,0.22788377676916974
5-17B,6.0,289.0333,0.45578124995908736,0.47297175226112176
5-17B,6.0,289.1044,0.1676895245498069,0.3617774084014304
5-17B,6.0,290.9677,-0.00018297613470753815,0.21389666622782494
5-17B,6.0,294.0479,-0.02081519600095849,0.7841919262363473
5-17B,6.0,300.0509,-0.06837499474662752,0.7391613286065178
5-17B,6.0,301.0333,0.010395531681344522,0.5141228005388663
5-17B,6.0,303.2326,-0.5313489880996121,0.38771350198141963
5-17B,6.0,305.0207,0.34312785245648675,0.14855122920788918
5-17B,6.0,306.0481,1.5451388151946917,0.16922347740292268
5-17B,6.0,306.0765,0.16666744016320179,0.013117089009361572
5-17B,6.0,308.0986,-0.36142003387013355,0.05803848065776129
5-17B,6.0,313.0441,0.4251288955125188,0.12368817985510057
5-17B,6.0,313.1037,0.546759724536211,0.39035567222247664
5-17B,6.0,317.026,0.25881691686458097,0.4211691617695342
5-17B,6.0,323.0256,-0.6746599112480074,0.5850976300659357
5-17B,6.0,325.1163,-0.8807993843958707,0.45614332228746146
5-17B,6.0,328.0457,-0.23367121178527628,0.03365160460655552
5-17B,6.0,333.0589,0.2820520421313857,0.1313424819207238
5-17B,6.0,338.9884,-0.469443643919912,0.15679167962857615
5-17B,6.0,339.0928,0.6040326843841627,0.7098773039727314
5-17B,6.0,341.1089,0.2512446261681054,0.20059542596976657
5-17B,6.0,344.0393,-0.5332286998714288,0.1156219035853699
5-17B,6.0,346.0556,-0.6854809558589955,0.11086373046302518
5-17B,6.0,348.087,1.0288302569276053,0.316772170368209
5-17B,6.0,353.0489,-0.7520839371233445,0.7758194887811886
5-17B,6.0,357.089,-0.04313013775795299,0.10776546765743274
5-17B,6.0,375.131,-0.587166288860433,0.48064207849853435
5-17B,6.0,377.1496,-0.07304829331277926,0.31621875620310447
5-17B,6.0,383.1188,0.3548308713445545,0.3027875750426821
5-17B,6.0,388.9416,-0.09005541351929951,0.17247824736023015
5-17B,6.0,388.9442,-0.38335230536065684,0.26937144925300865
5-17B,6.0,401.0756,0.14071895615026142,0.06753927823423987
5-17B,6.0,407.2795,-0.9801739087680206,0.13496279345676743
5-17B,6.0,421.0743,-0.4804908558551336,0.2465496141092947
5-17B,6.0,426.0222,-0.3533132796054958,0.7587406853612972
5-17B,6.0,442.9997,-0.09402586818597727,0.2864627581338072
5-17B,6.0,466.9657,0.16175212933440739,0.2678540557064851
5-17B,6.0,490.9787,-0.9348984422748801,0.45595517185908085
5-17B,6.0,503.1614,0.27915493541232744,0.619885638498746
5-17B,6.0,547.0731,0.3684220529047484,0.14800664208799788
5-17B,6.0,565.0471,-0.3016630827744023,0.5154757553362946
5-17B,6.0,578.8872,0.009088886947484505,0.1330404142109355
5-17B,6.0,579.0269,-0.15615511707927238,0.1661855509736113
5-17B,6.0,612.2549,-0.07088752504520503,0.6935094458180404
5-17B,6.0,624.2949,-0.20150593405453715,0.2579594894283116
5-17B,6.0,659.307,0.33680731716325674,0.17653037678007863
5-17B,6.0,664.0939,-0.4586203640166404,0.13357646745732027
5-17B,6.0,665.2144,0.02047259722291873,0.1430077162612242
5-17B,6.0,668.1374,-0.3767980176314658,0.0073898413367118445
5-17B,6.0,787.255,-0.19965984705864326,0.1576428336767628
5-17B,6.0,790.2568,0.46217085322031626,0.2838340098539688
5-17B,6.0,835.0407,-0.7176017514186144,0.2449019057646621
5-17B,6.0,863.2971,-0.6902814084281848,0.08282447434086358
5-17B,6.0,864.1473,-0.7928208452944515,0.4584801022560285
5-17B,6.0,974.2935,-0.3449842644685718,0.4339410060409315
5-17B,6.0,976.7162,0.21493613399805256,0.18899488432365166
5-17B,7.0,57.0342,-0.13253006681323273,0.46248018994709966
5-17B,7.0,58.0295,0.4546699498805023,0.6811418914645492
5-17B,7.0,59.0135,-0.4400495036216986,0.15832702392407133
5-17B,7.0,71.0137,-0.37463214479670637,0.05676229198003126
5-17B,7.0,73.0293,0.535266552251525,0.11675822966963782
5-17B,7.0,74.0247,0.4686074504051363,0.7165213982524918
5-17B,7.0,75.0087,0.38300025284946004,0.4205207233853229
5-17B,7.0,87.0088,0.44777719981108965,0.0608208831240519
5-17B,7.0,87.0451,-0.6767242148941971,0.4072367613264601
5-17B,7.0,88.0403,0.3973240357595469,0.06428518801100568
5-17B,7.0,88.9883,-0.535390537377608,0.48547195736209287
5-17B,7.0,89.0244,1.53548398137284,0.27094105974151006
5-17B,7.0,93.0338,-0.019840477580579264,0.024068279590558787
5-17B,7.0,94.9761,-0.4798855334925514,0.2375205216526736
5-17B,7.0,94.9806,0.6534759123285846,0.1887652612188297
5-17B,7.0,95.0139,-0.4534220309478325,0.1946861021264938
5-17B,7.0,101.0242,-0.11941877537672141,0.23404794936330986
5-17B,7.0,102.056,-0.36996708567808506,0.03971804863201598
5-17B,7.0,103.0402,1.8875154219696593,0.11126539344973795
5-17B,7.0,103.0509,1.9006767812154506,0.21028862904617968
5-17B,7.0,104.0352,-0.16486764085804712,0.18640007420811933
5-17B,7.0,105.0193,-0.01925120354265185,0.49014060557739997
5-17B,7.0,107.0503,-0.15149878077148615,0.805987396031052
5-17B,7.0,109.0295,1.2659999286973087,0.18447142079067458
5-17B,7.0,111.02,0.05919063963560554,0.10498013803732012
5-17B,7.0,112.0516,0.43904738447243186,1.1350663677428763
5-17B,7.0,113.0244,-0.4605361737770989,0.14349225817276026
5-17B,7.0,113.0357,0.6406193676813852,0.23828511013237588
5-17B,7.0,114.056,-0.2407292556370556,0.0010215164326321969
5-17B,7.0,115.0037,0.4473168830656816,0.15274241907105338
5-17B,7.0,115.0402,1.7977915105859958,0.7064738353990013
5-17B,7.0,115.0764,-0.20438761353294693,0.7957508183963837
5-17B,7.0,116.0354,0.030706009231384213,0.2660200935928349
5-17B,7.0,116.0717,-0.5867214251487705,0.020171824794700165
5-17B,7.0,117.0194,0.5060869673194275,0.1317554444507183
5-17B,7.0,118.0508,0.3325817884539889,0.25779079037367025
5-17B,7.0,118.9804,-0.3615034659789467,0.1514423094949142
5-17B,7.0,119.0503,-0.8212853256943122,0.3650430680282832
5-17B,7.0,120.9273,-0.3852467239320956,0.11724658411977436
5-17B,7.0,121.0295,0.051699437470551904,0.3890826155997556
5-17B,7.0,121.0409,0.17225343542540705,0.6305102277180186
5-17B,7.0,122.0248,0.7702014559866532,0.30839508748256483
5-17B,7.0,124.0075,-0.16805960647211265,0.30620392698797294
5-17B,7.0,124.0144,0.19794380419465263,0.2643901116636764
5-17B,7.0,125.0439,0.21358284364404612,0.23834032766982208
5-17B,7.0,127.0764,-0.42007926093600223,0.36732980975633256
5-17B,7.0,128.0354,-0.29874408109687683,0.00638617338377263
5-17B,7.0,129.0193,0.6008345204898092,0.1986633090668499
5-17B,7.0,129.0556,1.8737492356850207,0.6646831470752402
5-17B,7.0,130.0142,0.949392649366025,0.179380343060975
5-17B,7.0,130.0509,0.7245434702615482,0.1449612929508761
5-17B,7.0,130.0874,-0.7626948569884622,0.030407336507680478
5-17B,7.0,131.0008,0.7625004339224752,0.3044034408981862
5-17B,7.0,131.0123,1.2413228971716757,0.2211027405098651
5-17B,7.0,131.035,-0.15009296183063967,0.2182085246532718
5-17B,7.0,131.0462,0.042944356615251186,0.19798216945487618
5-17B,7.0,131.0828,0.030972352986180212,0.116790321424637
5-17B,7.0,132.0302,0.5230628724858795,0.12271666938368762
5-17B,7.0,133.0142,0.45255333881263166,0.1314136542031528
5-17B,7.0,133.0257,0.42558090770945994,0.10271837665985563
5-17B,7.0,133.0505,0.9541916064641408,0.16863552328178122
5-17B,7.0,134.0472,-0.6676976049373866,0.1919572919289549
5-17B,7.0,134.0604,0.7549051833865026,0.4743868388850973
5-17B,7.0,135.0302,-0.12676390794533815,0.0827950371722151
5-17B,7.0,135.0453,-0.14529206545544515,0.1801774721024679
5-17B,7.0,136.0404,0.07132392844820688,0.03208778130959023
5-17B,7.0,136.0487,0.030723460645546763,0.4300444371548634
5-17B,7.0,136.0767,0.10451922008266745,0.34824645255477266
5-17B,7.0,137.0239,0.28545203657574625,0.08381885677030426
5-17B,7.0,138.9789,-0.388004542801805,0.5012344516834113
5-17B,7.0,139.0014,1.1397914071081288,0.10801269227368651
5-17B,7.0,139.0067,-0.6076783085472766,0.024532272580734406
5-17B,7.0,139.976,0.10383916490131007,0.44659800131382904
5-17B,7.0,143.0713,-0.1800071065530715,0.26927944498007084
5-17B,7.0,143.1077,0.6928770130443909,0.5515548483723522
5-17B,7.0,145.0141,-0.21569276460065456,0.03915562291882247
5-17B,7.0,145.0506,-0.08170895997369121,0.22826107396513431
5-17B,7.0,145.0623,-0.2639075158570007,0.4459120088414593
5-17B,7.0,145.0982,-0.5211904030445176,0.16158134096144344
5-17B,7.0,145.1106,-0.52486059702037,0.9942968038847717
5-17B,7.0,146.0459,-0.30011375698268483,0.014519130124723577
5-17B,7.0,147.0298,0.32652513667579824,0.10330239394201333
5-17B,7.0,147.0662,0.9867759357801029,0.14705753781482114
5-17B,7.0,149.0092,-0.907118625003517,0.42454494964502043
5-17B,7.0,149.0456,-0.05376390085253646,0.157560043507728
5-17B,7.0,149.0608,0.38720805289479043,0.3125278150252948
5-17B,7.0,150.0422,0.45221264689873125,0.2632789965215269
5-17B,7.0,150.9707,0.1335949715744434,0.8823084312272665
5-17B,7.0,151.0259,-0.6116788388569669,0.10260466692169887
5-17B,7.0,151.04,0.28424334573767973,0.6416430426030862
5-17B,7.0,151.06,0.6687218375735942,1.1653051881171543
5-17B,7.0,152.0353,0.17466565010305113,0.3419386465602347
5-17B,7.0,152.0716,-0.5510388193895677,0.3007401260477492
5-17B,7.0,153.0192,1.0887116435827626,0.16900074946522728
5-17B,7.0,154.062,-0.28357763122134483,0.15061136589257296
5-17B,7.0,154.9751,0.6614516841839087,0.12914571813351974
5-17B,7.0,155.0099,0.10735226206860282,0.1339649339480243
5-17B,7.0,157.0128,0.5651361402786639,0.19723715555687132
5-17B,7.0,157.0255,0.7602128565405366,0.22897718952112595
5-17B,7.0,157.0379,0.9035390198618531,0.19764401569169093
5-17B,7.0,157.0504,0.9028579630499531,0.15531966362870253
5-17B,7.0,159.0297,-0.3801601612847642,0.32296620919128877
5-17B,7.0,159.0775,0.9411800970674071,0.16285674045474582
5-17B,7.0,160.0616,0.15243077263533,0.5961235806724351
5-17B,7.0,161.0453,0.16552715684496666,0.32833107569794406
5-17B,7.0,162.0424,0.49493749983438373,0.22252803047233388
5-17B,7.0,163.0351,-0.42781076742622814,0.25863059877493133
5-17B,7.0,163.0398,1.8575221106188802,0.15271715331208674
5-17B,7.0,163.0611,1.5073717761528995,0.9306822256704144
5-17B,7.0,164.0716,-0.47005572458663936,0.06808804862305344
5-17B,7.0,165.03,0.059031340666438524,0.20501404684710603
5-17B,7.0,165.0405,0.29701667232441387,0.7035627321451544
5-17B,7.0,165.0556,-0.139819348343807,0.04530581831183815
5-17B,7.0,166.0508,1.7097620098018123,0.7522859360118009
5-17B,7.0,166.0632,0.6360113907333542,0.7919189945831455
5-17B,7.0,166.9759,0.24036449474796068,0.28696270145011227
5-17B,7.0,167.0207,-0.11736942974295173,0.4814505078555228
5-17B,7.0,167.0358,-0.05626512821991477,0.7819196186771786
5-17B,7.0,167.0828,0.17265886177877285,0.5200256389890227
5-17B,7.0,168.0277,-0.3089984968946665,0.04074893184013951
5-17B,7.0,168.0664,-0.4567061746298556,0.6697227784935205
5-17B,7.0,170.0455,0.737622891813107,0.04478377888683122
5-17B,7.0,171.0065,-0.02962482704669621,0.18324692787392444
5-17B,7.0,171.0092,-0.02239699234283328,0.26228781918933225
5-17B,7.0,171.0284,1.3204211373645705,0.12376903608037829
5-17B,7.0,172.0616,0.846437970849484,0.3673333542253051
5-17B,7.0,172.962,-0.05074292368293756,0.15766895488141874
5-17B,7.0,173.0089,1.257268381302915,0.3798671934640984
5-17B,7.0,173.0453,0.47407802318979975,0.2350735977322366
5-17B,7.0,173.0932,-0.003628214676284394,0.05715073594615594
5-17B,7.0,173.1041,0.7216321646398006,1.157625384069799
5-17B,7.0,174.0407,0.7474825095154538,0.09969584339634449
5-17B,7.0,174.088,0.268688765155267,0.2665015846385071
5-17B,7.0,175.022,0.19988039327823987,0.08933014027179512
5-17B,7.0,175.0361,0.39715774074447924,0.07702585296831915
5-17B,7.0,175.0611,0.9324621964985712,0.10468813148701482
5-17B,7.0,176.0776,0.8364752936893551,0.18569691571125738
5-17B,7.0,177.0402,-0.12842294873210855,0.5905286154388739
5-17B,7.0,177.0553,-0.43269298397569733,1.078073753795771
5-17B,7.0,178.0509,0.647041487923772,0.13212401468251414
5-17B,7.0,179.0348,1.0139491873695357,0.6339281720756933
5-17B,7.0,179.0561,-0.3840943101040033,0.04895583024026953
5-17B,7.0,180.0663,-0.45262057189550675,0.0896969275609719
5-17B,7.0,181.0505,-0.057023038618983626,0.1760905894918809
5-17B,7.0,182.9725,-0.3528700376536891,0.13493529730867285
5-17B,7.0,183.0661,-0.07842538246511745,0.47244914549833644
5-17B,7.0,184.0017,-0.2808227340496247,0.0270135912611662
5-17B,7.0,184.9856,-0.07311305961335499,0.17533213990689472
5-17B,7.0,186.1136,-0.002403753007277798,0.7800907793381773
5-17B,7.0,187.0234,1.1427236908502296,0.7537561717049325
5-17B,7.0,188.035,-0.16304110018499862,0.7385234129322603
5-17B,7.0,188.0565,0.7759427810633877,0.08233095900907325
5-17B,7.0,189.0405,-0.3423377539585353,0.18240434911313788
5-17B,7.0,191.0197,1.1803590888877775,0.5255992726313845
5-17B,7.0,191.0561,1.3250349310172491,0.3018884131633505
5-17B,7.0,192.0663,-0.696915274096922,0.7115545986898516
5-17B,7.0,193.0349,0.18996563590564136,0.37022718545385297
5-17B,7.0,194.0682,1.025783560241702,0.2404462698233769
5-17B,7.0,194.0822,0.2260534341062827,0.5339020317656942
5-17B,7.0,195.0509,-0.6480488515670291,0.12841698115825187
5-17B,7.0,195.0657,0.323526928517487,0.34195188026741224
5-17B,7.0,196.0603,1.5915928915502173,0.2395071830048481
5-17B,7.0,198.0182,-0.048296993969661646,0.3531139521463147
5-17B,7.0,199.0019,1.211934557126724,0.37453136954207483
5-17B,7.0,200.9937,-0.4924422871275891,0.4183427230687912
5-17B,7.0,201.0051,1.0146183945841778,0.4033883596159754
5-17B,7.0,203.0348,2.979278301502191,0.4371108584213369
5-17B,7.0,203.0826,-0.08487994369192947,0.06294033801846133
5-17B,7.0,204.0498,0.0708178369532344,0.7977166589317642
5-17B,7.0,205.0351,1.2348978852758594,0.11607634804947893
5-17B,7.0,206.0822,-0.3045324436828528,0.412262831922038
5-17B,7.0,209.0292,0.7996388827010215,0.36770640439783464
5-17B,7.0,209.0814,0.056027323740748605,0.33201915735188425
5-17B,7.0,211.0235,0.7601820761042791,0.21850641954641065
5-17B,7.0,211.9968,0.3987415419347859,0.05371182294776718
5-17B,7.0,212.0331,-0.23967939182936765,0.24778345848359096
5-17B,7.0,212.9807,0.02816048367493292,0.1169047331629651
5-17B,7.0,213.014,0.7616174408038785,0.40974328130672466
5-17B,7.0,213.0384,1.2883474628145395,0.2615304418485799
5-17B,7.0,213.1252,-1.2397961406166993,0.48044308471664415
5-17B,7.0,214.0488,-0.2445182285066875,0.627225528221574
5-17B,7.0,215.0331,-0.04713122980539078,0.056480953769408905
5-17B,7.0,216.1351,-0.29814706329671525,0.37390913235617756
5-17B,7.0,218.0335,-0.20146653096103734,0.09058364661346983
5-17B,7.0,218.1034,2.113249857997835,0.06374087951511054
5-17B,7.0,220.0828,0.28134326999934434,0.20704847268541612
5-17B,7.0,221.0443,-0.3980534460066487,0.14855358068911204
5-17B,7.0,221.0664,-0.1132524899709744,0.37098805547718117
5-17B,7.0,225.0399,0.9258147190002325,1.9587028170912817
5-17B,7.0,225.0861,-0.21248509547252448,0.5729056014692467
5-17B,7.0,225.0901,-0.7985321267679345,0.49061508817018556
5-17B,7.0,226.0135,-0.1569378945878312,0.2714769650132994
5-17B,7.0,226.0697,0.0055297678886604695,0.416132521045338
5-17B,7.0,228.0501,0.6462569106144509,0.4134313018890204
5-17B,7.0,229.0122,0.38154242515636505,0.3788486631184076
5-17B,7.0,237.0614,0.5146830220082481,0.2866275871642074
5-17B,7.0,238.0945,-0.5366776283827299,0.20917599222090935
5-17B,7.0,240.0515,1.8914726130246897,0.08467298549578624
5-17B,7.0,241.0844,0.959232565346773,0.2327362251266985
5-17B,7.0,242.0804,-1.1158841852311763,0.2956917582591897
5-17B,7.0,243.029,1.252266950208662,0.1838183505209637
5-17B,7.0,243.0625,0.5398682953534368,0.4409462492480049
5-17B,7.0,245.0444,0.7166547227518525,0.012376574147737915
5-17B,7.0,246.0198,0.18074494274080466,0.31065614265501973
5-17B,7.0,246.064,0.11632127637867883,0.46103781755045486
5-17B,7.0,251.0816,0.4071971725426235,0.9142246941469068
5-17B,7.0,253.0119,-0.1826925228014099,0.04961378300499077
5-17B,7.0,253.0499,0.8620910475380467,0.7185798550783834
5-17B,7.0,257.0072,0.1161420163337669,0.23597614506872053
5-17B,7.0,257.1028,0.18928203741935873,0.5759230973753267
5-17B,7.0,259.005,0.647286597680172,0.5220163683773352
5-17B,7.0,259.0227,-0.4652552739819177,0.13488503982149494
5-17B,7.0,261.0385,0.681904178861367,0.04979043022538472
5-17B,7.0,266.0703,-0.25574902292263946,0.09768422928185522
5-17B,7.0,267.0724,2.0819808944842793,0.22720711455313775
5-17B,7.0,268.02,0.07028058569375595,0.6069842405986994
5-17B,7.0,269.0398,0.6330519494255858,0.5431465328683779
5-17B,7.0,271.0612,0.2940476719406818,0.500472798181928
5-17B,7.0,271.0815,0.6746700404987711,0.2297827097068848
5-17B,7.0,273.0021,0.07418295901394259,0.3210642213756182
5-17B,7.0,274.0933,1.8319097865993066,0.46239603503201965
5-17B,7.0,275.0184,0.36726304126299586,0.658148986976407
5-17B,7.0,275.0991,1.7537850731228275,0.564519979252081
5-17B,7.0,277.1207,-0.7506063385830682,0.050234424068745016
5-17B,7.0,277.2169,-0.6341622887860017,0.2043749258497727
5-17B,7.0,279.2331,-0.36340924460516977,0.037025729464707675
5-17B,7.0,282.0839,-0.91611187065621,0.21293860116575652
5-17B,7.0,283.2063,-0.7552082054691895,0.23948058226405755
5-17B,7.0,285.0972,-0.6661883259689126,0.6985869318084833
5-17B,7.0,287.0157,0.10655638807232146,0.5767259654911157
5-17B,7.0,288.0725,0.16492092666928326,0.08840883369012799
5-17B,7.0,289.0333,0.7819503753404148,0.12079009066814637
5-17B,7.0,289.1044,-0.2022930467986778,0.32667400568833355
5-17B,7.0,290.9677,-0.11884683065114925,0.15449191057916625
5-17B,7.0,294.0479,-0.005584530179435859,0.6498300440699902
5-17B,7.0,300.0509,-0.22838498575186061,0.7034535625709356
5-17B,7.0,301.0333,-0.7753949610081348,1.0520292665211146
5-17B,7.0,303.2326,-0.4374448146409639,0.5554499817837697
5-17B,7.0,305.0207,-0.468094025203617,0.0963321216640735
5-17B,7.0,306.0481,2.263059680232655,0.35206230198715927
5-17B,7.0,306.0765,0.5806639538420393,0.08326130437181611
5-17B,7.0,308.0986,-0.33351635107053745,0.024694981284260547
5-17B,7.0,313.0441,0.7732678727525983,0.4796538827074394
5-17B,7.0,313.1037,0.7579963523366472,0.4013563154960467
5-17B,7.0,317.026,0.6557665998561067,0.5311584599782571
5-17B,7.0,323.0256,-0.9678069029537293,0.4843737022062903
5-17B,7.0,325.1163,-0.9355335390491974,0.557407214698506
5-17B,7.0,328.0457,0.04932115607244758,0.3096118585313087
5-17B,7.0,333.0589,0.8871056824962463,0.21791589541777887
5-17B,7.0,338.9884,0.011429468548288746,0.575554470696713
5-17B,7.0,339.0928,0.2029792275874461,1.207522165085601
5-17B,7.0,341.1089,0.7372080865558759,0.1857104616994245
5-17B,7.0,344.0393,-0.06023417964747724,0.19924623816934914
5-17B,7.0,346.0556,-0.5350092824486234,0.11959744440970102
5-17B,7.0,348.087,1.4751334583868856,0.3824303945376111
5-17B,7.0,353.0489,0.28915217544040817,0.8070471597585952
5-17B,7.0,357.089,0.4162865075794612,0.3235978475383063
5-17B,7.0,375.131,0.050785923083978425,0.2799245544574104
5-17B,7.0,377.1496,0.38203513445176995,0.21471014585223072
5-17B,7.0,383.1188,-0.45121880302240985,0.26385704086540157
5-17B,7.0,388.9416,0.15249290670574153,0.2890237392011477
5-17B,7.0,388.9442,-0.1094592791373028,0.23297193332177094
5-17B,7.0,401.0756,-0.6044479208749426,0.037101578191876254
5-17B,7.0,407.2795,-0.7051326159994296,0.1358273093879803
5-17B,7.0,421.0743,-0.7326805130843999,0.4429784511429754
5-17B,7.0,426.0222,-0.3063691096636361,0.8602377497709239
5-17B,7.0,442.9997,-0.2087708077189157,0.3044390339035605
5-17B,7.0,466.9657,-0.3428611182657848,0.17470046370573034
5-17B,7.0,490.9787,0.1532720366092506,0.6071478001156665
5-17B,7.0,503.1614,-0.20901519231424823,0.2092313251962469
5-17B,7.0,547.0731,0.5221886934427904,0.13435187644115953
5-17B,7.0,565.0471,0.035633661228778535,0.5243674422157715
5-17B,7.0,578.8872,-0.5151015467556989,0.08395205871390163
5-17B,7.0,579.0269,-0.6688871835426945,0.057519342627919315
5-17B,7.0,612.2549,1.0408871397733601,0.2503050728041713
5-17B,7.0,624.2949,-0.3448797134541963,0.33202411907884044
5-17B,7.0,659.307,-0.3993629718291295,0.09312083100685559
5-17B,7.0,664.0939,-0.30995646824119805,0.08841567315003993
5-17B,7.0,665.2144,0.0169691999296762,0.339947233352587
5-17B,7.0,668.1374,-0.0731537435952639,0.0243911184949036
5-17B,7.0,787.255,-0.3434768137411499,0.1375735288698712
5-17B,7.0,790.2568,-0.15719506118294985,0.17926568532460718
5-17B,7.0,835.0407,-0.6577549155836215,0.10756619062120129
5-17B,7.0,863.2971,-0.4718736686965917,0.1590591287588208
5-17B,7.0,864.1473,-0.37977732528982855,0.19297301377571238
5-17B,7.0,974.2935,-0.47153524577804384,0.432716736511497
5-17B,7.0,976.7162,-0.42014457095596947,0.12304597910643579
5-17B,8.0,57.0342,0.21747522514873024,0.2589677078432139
5-17B,8.0,58.0295,0.34060245123530325,0.33414008586503585
5-17B,8.0,59.0135,-0.7991433524667295,0.0649897103330629
5-17B,8.0,71.0137,-0.6872922273112125,0.05579024785731704
5-17B,8.0,73.0293,1.0538607018348038,0.028825570133774205
5-17B,8.0,74.0247,-0.22223282237674413,0.6586334639921756
5-17B,8.0,75.0087,-0.1462424820221789,0.577890186690762
5-17B,8.0,87.0088,1.1745274442523255,0.08137186562333633
5-17B,8.0,87.0451,-0.950644824829369,0.3182768389345305
5-17B,8.0,88.0403,0.7596901678647157,0.10817736802585512
5-17B,8.0,88.9883,0.01919118891178012,0.8631961734377054
5-17B,8.0,89.0244,2.79539720204717,0.15407164099584633
5-17B,8.0,93.0338,-0.03328585142705232,0.018526311417644232
5-17B,8.0,94.9761,-0.495781633166667,0.4253543555154072
5-17B,8.0,94.9806,0.7722623093965499,0.33236198708718256
5-17B,8.0,95.0139,-0.7161101980156018,0.04753895529204591
5-17B,8.0,101.0242,-0.1588762368779369,0.20211818386304808
5-17B,8.0,102.056,-0.1985772087016902,0.08048124941148185
5-17B,8.0,103.0402,2.850540499369215,0.08171062799475479
5-17B,8.0,103.0509,2.7501508165770545,0.20728517892894321
5-17B,8.0,104.0352,-0.7273126836156364,0.07004631665952875
5-17B,8.0,105.0193,-0.5222222633808062,0.4706356255304745
5-17B,8.0,107.0503,-0.24340380440341147,0.43130705062514396
5-17B,8.0,109.0295,1.349957581377709,0.11787583936110656
5-17B,8.0,111.02,0.09873499981894361,0.021562114739825736
5-17B,8.0,112.0516,0.5741048127926509,1.125265668440509
5-17B,8.0,113.0244,-0.7731541552117165,0.05044891151852571
5-17B,8.0,113.0357,0.18445195413318835,0.05439692754670306
5-17B,8.0,114.056,-0.2327333496467206,0.0025757775631976023
5-17B,8.0,115.0037,0.4671064261209864,0.15404878833748567
5-17B,8.0,115.0402,3.4286385534534514,0.6161768076969111
5-17B,8.0,115.0764,0.02974225856101992,0.31703525085670214
5-17B,8.0,116.0354,0.07395141328597447,0.42072791730787756
5-17B,8.0,116.0717,-0.46084593593092027,0.02190859212034201
5-17B,8.0,117.0194,0.9604569448977079,0.03290523416848161
5-17B,8.0,118.0508,0.7385066678343781,0.18124571383896657
5-17B,8.0,118.9804,-0.7575444426556304,0.0567015735761361
5-17B,8.0,119.0503,-0.6844937173321834,0.2744776891640214
5-17B,8.0,120.9273,-0.46349217948221655,0.09504938664445123
5-17B,8.0,121.0295,-0.1353531659271154,0.16520683157326913
5-17B,8.0,121.0409,-0.713813450529267,0.6329247170915429
5-17B,8.0,122.0248,0.12414678077329777,0.33218549311133855
5-17B,8.0,124.0075,-0.5091805035087479,0.17353563913806233
5-17B,8.0,124.0144,-0.361176204541291,0.2431032869804834
5-17B,8.0,125.0439,-0.11883718764844468,0.3441694390056197
5-17B,8.0,127.0764,-0.6053342495197681,0.5922294762133997
5-17B,8.0,128.0354,-0.3343290638392462,0.007910805012844763
5-17B,8.0,129.0193,0.7910662788004774,0.141222820982678
5-17B,8.0,129.0556,1.8283121107905251,0.3550909385166105
5-17B,8.0,130.0142,-0.18261310115553228,0.8354621225871528
5-17B,8.0,130.0509,0.42111331200873947,0.04777423889013119
5-17B,8.0,130.0874,-0.5996214831152936,0.030341603225156267
5-17B,8.0,131.0008,1.364363928835861,0.6330400365455634
5-17B,8.0,131.0123,2.554392946008458,0.18850816206774829
5-17B,8.0,131.035,-0.5550883074248009,0.04671042999643949
5-17B,8.0,131.0462,-0.5862313443978625,0.24265914412791478
5-17B,8.0,131.0828,-0.1753490083418964,0.07602353992268901
5-17B,8.0,132.0302,0.16755956733329663,0.02903000382205971
5-17B,8.0,133.0142,0.4314333287696889,0.12503358014800986
5-17B,8.0,133.0257,0.4642814568256552,0.11509836681343542
5-17B,8.0,133.0505,0.9140151055259309,0.037265840629836004
5-17B,8.0,134.0472,-0.31410653391796095,0.09102498715826966
5-17B,8.0,134.0604,0.22693802348882225,0.16900040234041447
5-17B,8.0,135.0302,-0.239236454707064,0.21849123058683537
5-17B,8.0,135.0453,-0.11251507920271725,0.07451152044326828
5-17B,8.0,136.0404,0.356163387030861,0.09486751453655448
5-17B,8.0,136.0487,0.13650546957629442,0.26300571796737376
5-17B,8.0,136.0767,-0.3157810330638406,0.7969566469178814
5-17B,8.0,137.0239,0.38544990986387495,0.09505852637219786
5-17B,8.0,138.9789,1.22441791326558,0.22755566967488114
5-17B,8.0,139.0014,1.5447428370650547,0.0362866222048294
5-17B,8.0,139.0067,-0.603903145927495,0.023391647893204453
5-17B,8.0,139.976,0.3840038896635105,0.48825957122939445
5-17B,8.0,143.0713,-0.5346475296061258,0.22911431357569792
5-17B,8.0,143.1077,0.5426038407106758,0.5494021522383022
5-17B,8.0,145.0141,-0.19438144825059317,0.07096403820308347
5-17B,8.0,145.0506,0.07506990547262204,0.1861712936719495
5-17B,8.0,145.0623,-0.23788542122004303,0.12306286590408938
5-17B,8.0,145.0982,-0.7543420843004646,0.1702690013491274
5-17B,8.0,145.1106,-0.902254730416507,0.5842004930594729
5-17B,8.0,146.0459,-0.22845699350814452,0.009798979653192787
5-17B,8.0,147.0298,0.57174854039822,0.08704304468452079
5-17B,8.0,147.0662,0.8770796137816443,0.023160360025257096
5-17B,8.0,149.0092,-0.8640009875061392,1.1661075436822215
5-17B,8.0,149.0456,-0.00955396309779781,0.2589491730496442
5-17B,8.0,149.0608,-0.4569190536343466,0.7769985636719013
5-17B,8.0,150.0422,0.643364313203505,1.141267548545439
5-17B,8.0,150.9707,-0.6660297422684676,0.582541764505362
5-17B,8.0,151.0259,-0.6007633447978982,0.044115923783021455
5-17B,8.0,151.04,0.16527062083017424,0.32051027607227023
5-17B,8.0,151.06,-0.19680673748284602,0.5491584477621898
5-17B,8.0,152.0353,0.4779738297630826,0.4304382445068925
5-17B,8.0,152.0716,-0.5866568975335089,0.2896876148453173
5-17B,8.0,153.0192,1.1311869293635557,0.15401719115223578
5-17B,8.0,154.062,-0.5856457280580438,0.06422932121427226
5-17B,8.0,154.9751,0.6451437837020079,0.03574683754795947
5-17B,8.0,155.0099,0.13871507767220545,0.023069988438368525
5-17B,8.0,157.0128,1.6546294412015867,0.19003146684381675
5-17B,8.0,157.0255,0.5218872402610983,0.029815457658886536
5-17B,8.0,157.0379,0.5652945607472193,0.0161278323544761
5-17B,8.0,157.0504,1.0077752636872161,0.07739387435118067
5-17B,8.0,159.0297,-0.6775245375433131,0.2025965844403981
5-17B,8.0,159.0775,0.9878433806173517,0.13807894442269975
5-17B,8.0,160.0616,0.002300340543875401,0.465815537789649
5-17B,8.0,161.0453,-0.1965383316472439,0.0839325455892858
5-17B,8.0,162.0424,0.526923988023448,0.24732115227473342
5-17B,8.0,163.0351,-0.6601893058248348,0.5804426893173685
5-17B,8.0,163.0398,1.684325881696791,0.04664568544472542
5-17B,8.0,163.0611,0.38051675171200916,0.47377979398420045
5-17B,8.0,164.0716,-0.4372053521824335,0.07026152944595064
5-17B,8.0,165.03,0.1948921056457977,1.9161786375623322
5-17B,8.0,165.0405,0.20408123878129414,0.6727981677821808
5-17B,8.0,165.0556,-0.27002545402852407,0.2516498282099619
5-17B,8.0,166.0508,0.8453921364321513,0.4109331773601736
5-17B,8.0,166.0632,0.44178308933555255,1.201375388368772
5-17B,8.0,166.9759,0.07236046341817931,0.6110135789228486
5-17B,8.0,167.0207,-0.20263958055006903,0.6459762879269242
5-17B,8.0,167.0358,-0.10040705998559325,0.28429404179810436
5-17B,8.0,167.0828,-0.2465191210665157,0.8259201585143932
5-17B,8.0,168.0277,-0.1372954315304746,0.06075810476991891
5-17B,8.0,168.0664,-0.26958289061626006,0.6942873216090117
5-17B,8.0,170.0455,0.8260085415443602,0.05199871249137892
5-17B,8.0,171.0065,0.5999992614921691,0.20727373981353878
5-17B,8.0,171.0092,0.25329687685904967,0.2230205704438251
5-17B,8.0,171.0284,2.0774718550203186,0.19511246333594764
5-17B,8.0,172.0616,1.1777788060539103,0.23700182332936068
5-17B,8.0,172.962,0.1175729939843173,0.12836584143576382
5-17B,8.0,173.0089,1.3382959231208713,0.28112324187444027
5-17B,8.0,173.0453,0.6453417049731582,0.12328955934131275
5-17B,8.0,173.0932,-0.021006495766753324,0.08008003105370395
5-17B,8.0,173.1041,1.6490618783065365,0.2232553133287579
5-17B,8.0,174.0407,0.43072607952806996,0.016011208034631335
5-17B,8.0,174.088,-0.23079551442848523,0.10160437514584497
5-17B,8.0,175.022,0.3969635073519374,0.17375623101714677
5-17B,8.0,175.0361,0.25945218774811757,0.05281538720836611
5-17B,8.0,175.0611,0.9390876319061414,0.04472657406569616
5-17B,8.0,176.0776,0.902491120206227,0.2621210492069463
5-17B,8.0,177.0402,-0.5716986601438381,0.4396739632499052
5-17B,8.0,177.0553,-0.5429961901835318,0.4107237516647117
5-17B,8.0,178.0509,0.7172817123012906,0.07275068638163319
5-17B,8.0,179.0348,0.7508599455255238,0.3445958814776451
5-17B,8.0,179.0561,-0.5964437428944791,0.028936812363652493
5-17B,8.0,180.0663,-0.5980557608396125,0.03980456734663486
5-17B,8.0,181.0505,-0.04337497348776886,0.1320298938032034
5-17B,8.0,182.9725,-0.5425906707285362,0.057944069921239176
5-17B,8.0,183.0661,-0.5665406461541682,0.2698737507458108
5-17B,8.0,184.0017,-0.20927528939694676,0.027157712106246998
5-17B,8.0,184.9856,0.3351930683630464,0.24324088000006225
5-17B,8.0,186.1136,0.22319894203710586,0.6169901173678849
5-17B,8.0,187.0234,1.7733886041049503,0.6306913008873049
5-17B,8.0,188.035,-0.5984652120652799,0.2666160925305535
5-17B,8.0,188.0565,0.4498813557322676,0.058152543432051444
5-17B,8.0,189.0405,-0.5819260010671128,0.05975330798012611
5-17B,8.0,191.0197,0.8127431252487314,0.3041450984436819
5-17B,8.0,191.0561,0.7909998315927635,0.12407370015792431
5-17B,8.0,192.0663,-0.9752029753913907,0.6489921661712258
5-17B,8.0,193.0349,0.26689266219387375,0.827130081842035
5-17B,8.0,194.0682,1.0176012439022175,0.2765632038102555
5-17B,8.0,194.0822,-0.626608828984224,0.8658269463307355
5-17B,8.0,195.0509,-0.911508492247032,0.10889416777876879
5-17B,8.0,195.0657,-0.5353874948983899,0.6558869986018764
5-17B,8.0,196.0603,1.081968507610948,0.13891399214505765
5-17B,8.0,198.0182,0.844581646397913,0.478120818644096
5-17B,8.0,199.0019,2.477593953555327,0.15868547809371455
5-17B,8.0,200.9937,-0.3865773810383233,0.25095549848518917
5-17B,8.0,201.0051,1.1958294484558947,0.799537395034644
5-17B,8.0,203.0348,4.172404120030684,0.4858152078498365
5-17B,8.0,203.0826,-0.07908695090255874,0.012741735208158946
5-17B,8.0,204.0498,-0.47424561685028654,0.2486073886049228
5-17B,8.0,205.0351,1.079730669305886,0.3164123101701125
5-17B,8.0,206.0822,-0.409209186974523,0.4129622210179229
5-17B,8.0,209.0292,1.9890804075630242,0.2362017479582003
5-17B,8.0,209.0814,-0.3510510505365606,0.5590697781537399
5-17B,8.0,211.0235,1.6541516986126394,0.415915912326164
5-17B,8.0,211.9968,0.10399711557711323,0.09584945229901065
5-17B,8.0,212.0331,0.3599867522170788,0.14285570856348165
5-17B,8.0,212.9807,0.46043460193971214,0.10270478837359807
5-17B,8.0,213.014,1.7663037763768203,0.8820831159319137
5-17B,8.0,213.0384,3.4470051111080164,0.4518869476123105
5-17B,8.0,213.1252,-0.03691952020284171,0.461356025377039
5-17B,8.0,214.0488,0.03337616092130366,0.5387148322181157
5-17B,8.0,215.0331,-0.4527038252083643,0.043393737186467794
5-17B,8.0,216.1351,-0.620536370170812,0.060531048040093585
5-17B,8.0,218.0335,-0.5918522880063577,0.02929843981230564
5-17B,8.0,218.1034,1.8593924816188798,0.08330679081271712
5-17B,8.0,220.0828,-0.12495361707569402,0.33275918241145147
5-17B,8.0,221.0443,-0.5181465690811919,0.06760483112839653
5-17B,8.0,221.0664,0.33332200809051055,0.31544569450156285
5-17B,8.0,225.0399,0.9004453935546111,1.322785616170923
5-17B,8.0,225.0861,-0.003556877969409584,0.24599831118734453
5-17B,8.0,225.0901,-0.6286467504356946,0.2121019976922555
5-17B,8.0,226.0135,-0.06802191816479644,0.09787639792966672
5-17B,8.0,226.0697,-0.777549686792021,0.2707244872979397
5-17B,8.0,228.0501,0.6692308255041767,0.3524434736597841
5-17B,8.0,229.0122,1.0761218521695888,0.2760637177431404
5-17B,8.0,237.0614,0.5426624888356693,0.3053631464875181
5-17B,8.0,238.0945,-0.64955563302524,0.31811284579531507
5-17B,8.0,240.0515,1.3017674117095344,0.09681874520854719
5-17B,8.0,241.0844,0.9763799222176315,0.7721995470350607
5-17B,8.0,242.0804,-0.2656963900362991,0.7138784979871993
5-17B,8.0,243.029,3.0198678310642215,0.4080626816461581
5-17B,8.0,243.0625,0.6804858016111265,0.7389354213061137
5-17B,8.0,245.0444,1.0401335469496258,0.3363795107266337
5-17B,8.0,246.0198,0.8040753788239828,0.5611421681809164
5-17B,8.0,246.064,-0.5464105659816227,0.11512321967443312
5-17B,8.0,251.0816,-0.15191417539439656,0.7168849136293912
5-17B,8.0,253.0119,-0.16168459623181441,0.006258218389292519
5-17B,8.0,253.0499,0.09935987575460495,0.6527226818164203
5-17B,8.0,257.0072,0.6750198556957727,0.8766042929845391
5-17B,8.0,257.1028,-0.10909895611330249,0.623540247488986
5-17B,8.0,259.005,1.145155544182789,0.24554800791792541
5-17B,8.0,259.0227,-0.5649914416390889,0.08068701737486385
5-17B,8.0,261.0385,0.8490523959506472,0.2623870644361247
5-17B,8.0,266.0703,-0.22293004258118437,0.16569854594797534
5-17B,8.0,267.0724,2.3566742292873237,0.192077055825655
5-17B,8.0,268.02,-0.11904790150655406,0.5584057572950987
5-17B,8.0,269.0398,1.5208586003436397,0.478416194976394
5-17B,8.0,271.0612,-0.16052218758479866,0.604232829653414
5-17B,8.0,271.0815,0.7236654178861666,0.49893933732370965
5-17B,8.0,273.0021,0.2835133743895156,0.22081770521575167
5-17B,8.0,274.0933,1.5991098286202288,0.4807158941729885
5-17B,8.0,275.0184,-0.1299448868752383,0.4289321171721535
5-17B,8.0,275.0991,2.5847443117319475,0.23291113678099284
5-17B,8.0,277.1207,-0.9313824714030063,0.015473927276248198
5-17B,8.0,277.2169,-0.6613149382475421,0.34757371716133184
5-17B,8.0,279.2331,-0.37242422508612416,0.019045196773977594
5-17B,8.0,282.0839,-0.8414771396036765,0.5003907514103191
5-17B,8.0,283.2063,-0.7943326656185057,0.1652651059109072
5-17B,8.0,285.0972,-1.0105452543983238,0.8318889594345308
5-17B,8.0,287.0157,-0.2912836686887934,0.14843494929734113
5-17B,8.0,288.0725,-0.10120386052810537,0.2537083105687111
5-17B,8.0,289.0333,0.5036193883483486,0.5262486407482202
5-17B,8.0,289.1044,-0.15291501058439005,0.15234296936305577
5-17B,8.0,290.9677,-0.04295954760683904,0.06671308860916686
5-17B,8.0,294.0479,-0.5329463342496567,0.7282079139746802
5-17B,8.0,300.0509,-0.5671448766187956,0.07569527263350964
5-17B,8.0,301.0333,1.0941464012367892,0.7239804529166156
5-17B,8.0,303.2326,-0.817134033911538,0.07778286793537034
5-17B,8.0,305.0207,-0.6470328769392322,0.06641736058469574
5-17B,8.0,306.0481,1.65686053428912,0.3396951173605773
5-17B,8.0,306.0765,0.424693466199239,0.06948209920610217
5-17B,8.0,308.0986,-0.39254957595291995,0.017131683803282394
5-17B,8.0,313.0441,1.0898231077275986,0.24700672002163007
5-17B,8.0,313.1037,0.4843946248998917,0.6869120105183887
5-17B,8.0,317.026,0.260811638889664,0.5824349214941601
5-17B,8.0,323.0256,0.32634121991937814,0.4261818800841603
5-17B,8.0,325.1163,-0.5120396136382878,0.22648679803094787
5-17B,8.0,328.0457,-0.19369829123755844,0.07016372454491966
5-17B,8.0,333.0589,0.4558936626987248,0.18444578067824924
5-17B,8.0,338.9884,1.1068991556996042,0.2903029097326341
5-17B,8.0,339.0928,-0.4735805169217976,0.6900665718431716
5-17B,8.0,341.1089,-0.10609866521667236,0.15026843917574995
5-17B,8.0,344.0393,-0.33820773044111196,0.41497931799506604
5-17B,8.0,346.0556,-0.3659194100970085,0.09198042085749161
5-17B,8.0,348.087,0.6662836884499594,0.366823400223836
5-17B,8.0,353.0489,0.38415001042287694,0.3312195252803537
5-17B,8.0,357.089,0.10435138405736977,0.12110264797903966
5-17B,8.0,375.131,-0.11732908422453497,0.32372491853977264
5-17B,8.0,377.1496,-0.6144515902209529,0.4032068434315684
5-17B,8.0,383.1188,-1.0364151885949942,0.4908728548217511
5-17B,8.0,388.9416,0.12861122594512212,0.1257012149623567
5-17B,8.0,388.9442,-0.21170272489370473,0.2094846945422211
5-17B,8.0,401.0756,-0.9213034170139267,0.02094969198531144
5-17B,8.0,407.2795,-0.7264472914449835,0.26475112509790105
5-17B,8.0,421.0743,0.46592875666818034,0.5784887867363889
5-17B,8.0,426.0222,-0.3979674900379965,0.36563418556327404
5-17B,8.0,442.9997,-0.05730748753543697,0.2840339025482112
5-17B,8.0,466.9657,-0.4885883293396339,0.09312179122361831
5-17B,8.0,490.9787,0.6596357377116193,0.5828162126228091
5-17B,8.0,503.1614,-0.02426462771528809,0.30495614831286116
5-17B,8.0,547.0731,0.4895170290789569,0.13186676897818736
5-17B,8.0,565.0471,-0.3730563460839308,0.40043069828759553
5-17B,8.0,578.8872,-0.8620329509403777,0.02370495945549313
5-17B,8.0,579.0269,-0.9289250035155134,0.05353933860416927
5-17B,8.0,612.2549,0.17066797316049995,0.29541401089117086
5-17B,8.0,624.2949,0.03795079698468413,0.3503074321372236
5-17B,8.0,659.307,0.00020760964243027574,0.13700928999716303
5-17B,8.0,664.0939,-0.032718392335643234,0.16517098279540365
5-17B,8.0,665.2144,0.18746786820081246,0.24118821208116312
5-17B,8.0,668.1374,0.3028773161504622,0.01563720795972985
5-17B,8.0,787.255,0.1054822387720665,0.5831836028553691
5-17B,8.0,790.2568,-0.5731196168406175,0.20823888483802727
5-17B,8.0,835.0407,0.42384062659788674,0.2889967088824458
5-17B,8.0,863.2971,0.051539203398069236,0.18036189985364937
5-17B,8.0,864.1473,0.32239665871803064,0.2563835000528425
5-17B,8.0,974.2935,-0.15240668421502737,0.39202810469494787
5-17B,8.0,976.7162,-0.7966302549911541,0.06942732501085402
5-17B,9.0,57.0342,-0.396960670419358,0.6004246926263992
5-17B,9.0,58.0295,-0.028296693319383046,0.3594385302548604
5-17B,9.0,59.0135,-1.475011394912741,0.1242132920311636
5-17B,9.0,71.0137,-1.1764804346341402,0.09982609775508447
5-17B,9.0,73.0293,0.7917120307063158,0.19665482808191795
5-17B,9.0,74.0247,-0.2909157812817642,0.5617347011676895
5-17B,9.0,75.0087,-0.7812573940651337,0.39299833105007564
5-17B,9.0,87.0088,1.7389249743981772,0.19782942884439733
5-17B,9.0,87.0451,-0.8240475695219072,0.2724382909065185
5-17B,9.0,88.0403,0.7772811148435641,0.2000496525317524
5-17B,9.0,88.9883,0.31296961689210473,0.3012463985725134
5-17B,9.0,89.0244,2.4299881228921567,0.3251510889784537
5-17B,9.0,93.0338,-0.027269439005478777,0.01598683984191025
5-17B,9.0,94.9761,-0.8322283929122141,0.18478700129431957
5-17B,9.0,94.9806,0.5996390154904868,0.5132726172809842
5-17B,9.0,95.0139,-1.2062233797325277,0.09875376511090316
5-17B,9.0,101.0242,-0.8975756520568021,0.2820046869615057
5-17B,9.0,102.056,-0.16187903919477015,0.13260294849043155
5-17B,9.0,103.0402,2.4830217889465906,0.5010066510387557
5-17B,9.0,103.0509,2.349781181583916,0.37963313724940007
5-17B,9.0,104.0352,-0.5501380524531352,0.15939170429920194
5-17B,9.0,105.0193,-0.905782927717816,0.3201219757399996
5-17B,9.0,107.0503,-0.6031043225913133,0.9382294310240926
5-17B,9.0,109.0295,0.6477799257954695,0.18249710441398181
5-17B,9.0,111.02,0.09639927428273842,0.13322603738101071
5-17B,9.0,112.0516,-0.6230676276127561,0.30281950403956864
5-17B,9.0,113.0244,-1.1649076753106482,0.038972290488757735
5-17B,9.0,113.0357,-0.3700506214455307,0.09762945060094881
5-17B,9.0,114.056,-0.2289483898139263,0.0037140683586345175
5-17B,9.0,115.0037,0.31826251539709294,0.08078047354045408
5-17B,9.0,115.0402,2.3419639992831023,1.2065260607265187
5-17B,9.0,115.0764,-0.34661356524613723,1.0666614718227838
5-17B,9.0,116.0354,-0.11284470700538066,0.3552422463290339
5-17B,9.0,116.0717,-0.38666345416142567,0.05281463219392909
5-17B,9.0,117.0194,0.7324598723847424,0.18223261316230605
5-17B,9.0,118.0508,0.37701512404479215,0.2140290406148652
5-17B,9.0,118.9804,-1.1202333333645291,0.04710461088484945
5-17B,9.0,119.0503,-1.4755132226411822,0.2926603675742145
5-17B,9.0,120.9273,-0.4529991472928362,0.05614126692639823
5-17B,9.0,121.0295,-1.0533398779679528,0.9036921281978602
5-17B,9.0,121.0409,-1.1246262794718889,0.552316089815919
5-17B,9.0,122.0248,-0.4429259355197436,0.6168855124273437
5-17B,9.0,124.0075,-0.6830170230670333,0.17335419112566383
5-17B,9.0,124.0144,-1.1038387083954504,0.17246438636924438
5-17B,9.0,125.0439,-0.5169807872193528,0.37158823530113483
5-17B,9.0,127.0764,-1.1409712998447705,0.4764539640869386
5-17B,9.0,128.0354,-0.22406090731593686,0.022672594320037633
5-17B,9.0,129.0193,0.27535139695150307,0.13185414036358736
5-17B,9.0,129.0556,1.3753079965769075,0.4748075938385612
5-17B,9.0,130.0142,-0.4390406250018481,0.6296687086152714
5-17B,9.0,130.0509,0.043855074585751185,0.06268672081803785
5-17B,9.0,130.0874,-0.37959344758790636,0.059831062968675665
5-17B,9.0,131.0008,1.072691619762451,0.4187723792336836
5-17B,9.0,131.0123,2.465303657181966,0.4233692852454887
5-17B,9.0,131.035,-1.08469993613625,0.26588930390522414
5-17B,9.0,131.0462,-1.294222416951163,0.3052490246796361
5-17B,9.0,131.0828,-0.14557752613494299,0.0989908377485178
5-17B,9.0,132.0302,-0.1947160317139276,0.06746851035527586
5-17B,9.0,133.0142,0.08448397459987153,0.08351878230615271
5-17B,9.0,133.0257,0.13437957310088597,0.12315268251957212
5-17B,9.0,133.0505,0.4316448620565503,0.14516229274685782
5-17B,9.0,134.0472,-0.3992119538950033,0.31610306998621884
5-17B,9.0,134.0604,0.18035268585079162,0.6118180146016833
5-17B,9.0,135.0302,-0.3251578197642029,0.34184377909935926
5-17B,9.0,135.0453,-0.12853516614844768,0.27751735225051416
5-17B,9.0,136.0404,0.3142327053105718,0.08729013062756939
5-17B,9.0,136.0487,0.24923919869964326,0.403172796839563
5-17B,9.0,136.0767,-1.2448273317581218,0.9772339448634181
5-17B,9.0,137.0239,0.25009392412792014,0.062307591316005294
5-17B,9.0,138.9789,-0.020821731349655037,0.7404052094739104
5-17B,9.0,139.0014,1.4085238356231709,0.09393438814429685
5-17B,9.0,139.0067,-0.7174537745879263,0.05083012968629237
5-17B,9.0,139.976,0.4610808818152833,0.5903618189229941
5-17B,9.0,143.0713,-0.9102065776918022,0.3202637368177163
5-17B,9.0,143.1077,-0.33736334870868495,0.7352443544723177
5-17B,9.0,145.0141,-0.13171172983134474,0.12122213602499413
5-17B,9.0,145.0506,0.3385579168773112,0.3043372161723195
5-17B,9.0,145.0623,0.28990622343947303,0.45923489920366284
5-17B,9.0,145.0982,-0.27051583969000265,0.4654491078638135
5-17B,9.0,145.1106,-0.20647718266435625,0.3499481842855677
5-17B,9.0,146.0459,-0.22814495663693124,0.016599198908286768
5-17B,9.0,147.0298,0.19217576520922316,0.0944471725204225
5-17B,9.0,147.0662,0.315369159946154,0.09262314669931038
5-17B,9.0,149.0092,-1.0429391831202575,0.7054152580699604
5-17B,9.0,149.0456,-1.1004234466285576,0.1400018875765232
5-17B,9.0,149.0608,-0.8553954016867842,0.9780876891309037
5-17B,9.0,150.0422,0.5663726698307489,0.8279788365023868
5-17B,9.0,150.9707,-0.9336727250010121,0.30844633916207514
5-17B,9.0,151.0259,-0.46795816707922744,0.08090787275886194
5-17B,9.0,151.04,-0.47403485007541873,0.9790248369735319
5-17B,9.0,151.06,0.37841362474294277,1.3016396701536115
5-17B,9.0,152.0353,0.0692997704716817,0.7335911942755435
5-17B,9.0,152.0716,-1.276328425446564,0.49422382119944586
5-17B,9.0,153.0192,0.4273914966858393,0.19742448100629167
5-17B,9.0,154.062,-0.54232999502529,0.03711268133711821
5-17B,9.0,154.9751,0.450779487763905,0.14306537791027124
5-17B,9.0,155.0099,0.05203197492305682,0.12590106083936733
5-17B,9.0,157.0128,1.7234667528413443,0.24947949288951143
5-17B,9.0,157.0255,0.09598285564903757,0.08339954561318288
5-17B,9.0,157.0379,0.09338733652021652,0.1454044825831911
5-17B,9.0,157.0504,0.38368704786887114,0.12805412492998972
5-17B,9.0,159.0297,-1.2876198849229337,0.09888076814053177
5-17B,9.0,159.0775,0.5736190261725913,0.0851952718218399
5-17B,9.0,160.0616,-0.4663881021416345,0.2997027320920825
5-17B,9.0,161.0453,-1.2094092242040315,0.25492487495597077
5-17B,9.0,162.0424,0.2679142659726495,0.2503850795317641
5-17B,9.0,163.0351,-1.1085672785939527,0.07856438112531235
5-17B,9.0,163.0398,1.1795807579559847,0.1821018560046276
5-17B,9.0,163.0611,-0.48976364664873373,0.44845594261000327
5-17B,9.0,164.0716,-0.17801075907592429,0.09203331240415395
5-17B,9.0,165.03,-0.6749696753259435,0.4530604178108099
5-17B,9.0,165.0405,-0.6363820754924564,0.6504103893373194
5-17B,9.0,165.0556,-0.25991771117367657,0.27467539301666105
5-17B,9.0,166.0508,0.23215364838759378,0.12859362470290855
5-17B,9.0,166.0632,-0.2632570884256304,0.3657207397821752
5-17B,9.0,166.9759,0.5415481923699778,0.25234478135523347
5-17B,9.0,167.0207,-0.10405896717793826,0.3207288980949629
5-17B,9.0,167.0358,-0.6673201367235035,0.7160455668634561
5-17B,9.0,167.0828,-1.1918302937201948,0.2789745164045965
5-17B,9.0,168.0277,-0.17124288919164682,0.03095936540302747
5-17B,9.0,168.0664,-1.037666550989755,0.8552397227027119
5-17B,9.0,170.0455,0.4965443500166623,0.021203469982282595
5-17B,9.0,171.0065,0.1746999092596262,0.1378190386037389
5-17B,9.0,171.0092,-0.0589435995590971,0.2271271222287439
5-17B,9.0,171.0284,1.7820210882183851,0.37003661111564345
5-17B,9.0,172.0616,0.18138650252954705,0.1815005972750215
5-17B,9.0,172.962,0.27431545351114606,0.15342280067636194
5-17B,9.0,173.0089,0.6920065185234576,0.16792411543406174
5-17B,9.0,173.0453,0.1902192228611681,0.15310831852962917
5-17B,9.0,173.0932,-0.0901264463483017,0.13339709042873799
5-17B,9.0,173.1041,1.4563767094853652,0.37190271202056635
5-17B,9.0,174.0407,-0.08689933449471356,0.04100760903507942
5-17B,9.0,174.088,-0.6077113112207635,0.1366157571696268
5-17B,9.0,175.022,0.13784767540586293,0.36501082556432213
5-17B,9.0,175.0361,-0.07366347203946053,0.11219383889719717
5-17B,9.0,175.0611,0.24095787280549819,0.0657919353090956
5-17B,9.0,176.0776,0.1568740111218327,0.08345484035396808
5-17B,9.0,177.0402,-1.5336819313469456,0.44842060535202155
5-17B,9.0,177.0553,-1.9011238361960525,0.8857089264106276
5-17B,9.0,178.0509,0.4469813274883194,0.17986853176456238
5-17B,9.0,179.0348,-0.04610453974131003,0.30451703392199747
5-17B,9.0,179.0561,-1.0251287028531668,0.02194919247262983
5-17B,9.0,180.0663,-1.0894225211847155,0.05004388020563426
5-17B,9.0,181.0505,-0.2959002844076527,0.07476488926395368
5-17B,9.0,182.9725,-1.255065438048979,0.03620104808415703
5-17B,9.0,183.0661,-1.2899653164058265,0.5569716751096768
5-17B,9.0,184.0017,-0.25893917497087526,0.08300939072463162
5-17B,9.0,184.9856,0.8758030424589329,0.33289665443501604
5-17B,9.0,186.1136,-1.0796566218442096,0.579238123061221
5-17B,9.0,187.0234,0.9293366254265776,0.3891703111047149
5-17B,9.0,188.035,-0.10361597325344658,0.8111892758713789
5-17B,9.0,188.0565,-0.06448720438766412,0.021833290992835475
5-17B,9.0,189.0405,-0.834193670293895,0.0720116857513687
5-17B,9.0,191.0197,0.3162212051432682,0.255754942436147
5-17B,9.0,191.0561,0.13763241233128595,0.0853399963842207
5-17B,9.0,192.0663,-1.1611740834679827,0.46166913657361713
5-17B,9.0,193.0349,-0.5088968402044018,0.1610805233048821
5-17B,9.0,194.0682,0.9889631367140213,0.3118096662612735
5-17B,9.0,194.0822,-0.2935773547300308,0.7286045218554712
5-17B,9.0,195.0509,-0.8028044071830043,0.09501684348365588
5-17B,9.0,195.0657,-0.06364292802817215,0.2299300336601357
5-17B,9.0,196.0603,0.40235562434343053,0.07612732955345479
5-17B,9.0,198.0182,0.8285772179384943,0.37642723506965386
5-17B,9.0,199.0019,1.443452548525979,0.4921393681858238
5-17B,9.0,200.9937,-0.8251092971097905,0.21777423098878737
5-17B,9.0,201.0051,0.5768835257942407,0.18610149177342833
5-17B,9.0,203.0348,1.1875667780046357,0.24986108808074609
5-17B,9.0,203.0826,-0.09286039469603653,0.00653197053290848
5-17B,9.0,204.0498,-0.8172596869162954,0.3021536495298695
5-17B,9.0,205.0351,0.1768855136365063,0.049657405203811546
5-17B,9.0,206.0822,-1.0765234254589204,0.8887686257936972
5-17B,9.0,209.0292,2.1636142881609146,0.6761613172926987
5-17B,9.0,209.0814,-0.36740805585424896,0.3276037015184086
5-17B,9.0,211.0235,2.423693001071656,0.4298465078445478
5-17B,9.0,211.9968,-0.04063212916692242,0.11640035236525414
5-17B,9.0,212.0331,0.1452659154791364,0.08438690828371645
5-17B,9.0,212.9807,0.8580267675569901,0.20665978533081097
5-17B,9.0,213.014,2.2673602986548733,0.6926685180109492
5-17B,9.0,213.0384,4.116549393224291,0.41259106199792744
5-17B,9.0,213.1252,-0.9017386220171169,0.5192016768176437
5-17B,9.0,214.0488,-0.20868907766848738,0.7190922767190742
5-17B,9.0,215.0331,-1.098099639441237,0.029774666652196004
5-17B,9.0,216.1351,-0.8983365092284914,0.06201786153371195
5-17B,9.0,218.0335,-1.106570611679515,0.012062775882170544
5-17B,9.0,218.1034,0.7553806381174095,0.10271256213285578
5-17B,9.0,220.0828,-0.9939775144306371,0.5210900707365758
5-17B,9.0,221.0443,-0.9802211599652048,0.10324177568745568
5-17B,9.0,221.0664,-0.9304681246045794,0.5360351978506104
5-17B,9.0,225.0399,0.6400760008232332,1.012757267005623
5-17B,9.0,225.0861,-0.36359525057951825,0.6760889030934178
5-17B,9.0,225.0901,-1.0499403006654822,0.7214910991459507
5-17B,9.0,226.0135,0.04541741554580965,0.10601377467456588
5-17B,9.0,226.0697,-0.999809862047924,0.197242641796526
5-17B,9.0,228.0501,0.49101888571673236,0.12632655000594026
5-17B,9.0,229.0122,0.9649254209642608,0.18063414328715122
5-17B,9.0,237.0614,0.21790082030310381,0.2672699012300729
5-17B,9.0,238.0945,-0.5575971041465927,0.33486545773857956
5-17B,9.0,240.0515,0.6259537560173887,0.06266096565130183
5-17B,9.0,241.0844,0.05191372570177892,0.17255926431973365
5-17B,9.0,242.0804,-0.26569639003629913,1.11241046415707
5-17B,9.0,243.029,2.7190272574911294,0.5406625086249437
5-17B,9.0,243.0625,0.17653866935813461,0.5072059482016188
5-17B,9.0,245.0444,0.77133647918447,0.6137286787715259
5-17B,9.0,246.0198,0.4303959562718167,0.11026655807195153
5-17B,9.0,246.064,-0.9471530608069367,0.05228684281885692
5-17B,9.0,251.0816,1.0925029312992844,1.139378728734728
5-17B,9.0,253.0119,-0.17957086303002423,0.040236425786100864
5-17B,9.0,253.0499,-0.7331895207344021,0.3659587950906107
5-17B,9.0,257.0072,0.37346706467310775,0.4434570201685479
5-17B,9.0,257.1028,-0.5943779346059823,0.4210056846496627
5-17B,9.0,259.005,0.899760423631736,0.5676595542162203
5-17B,9.0,259.0227,-0.9038804481738654,0.11385661675681136
5-17B,9.0,261.0385,0.6408311426034641,0.16122639374733566
5-17B,9.0,266.0703,-0.538634364344095,0.06074440772864226
5-17B,9.0,267.0724,1.6428308307359343,0.05038466320848271
5-17B,9.0,268.02,0.4810876805623532,0.7736716715194357
5-17B,9.0,269.0398,2.0340360351594957,0.28745129614036524
5-17B,9.0,271.0612,-0.7397706568751419,0.24939337135587125
5-17B,9.0,271.0815,-0.4169181468821701,0.4946394733002525
5-17B,9.0,273.0021,0.5309820709225561,0.30485330320672854
5-17B,9.0,274.0933,0.43322828386819706,0.12784369201742524
5-17B,9.0,275.0184,-0.4111583977122367,0.5364975158563967
5-17B,9.0,275.0991,1.5055638769922153,0.6345154128530898
5-17B,9.0,277.1207,-1.0333066370653825,0.019449419134810405
5-17B,9.0,277.2169,-1.1364863038244999,0.26433789133764357
5-17B,9.0,279.2331,-0.31278879694148554,0.023695773617533195
5-17B,9.0,282.0839,-1.1415392215903926,0.30311860278032104
5-17B,9.0,283.2063,-0.6480010233277564,0.3692356597471614
5-17B,9.0,285.0972,-0.669753097484745,0.6573093272495525
5-17B,9.0,287.0157,-0.9200504350886907,0.25425797906120357
5-17B,9.0,288.0725,-0.18814970711798068,0.18745257403275745
5-17B,9.0,289.0333,0.04915707365036575,0.397612208209134
5-17B,9.0,289.1044,-0.4943288609803225,0.26129821138528736
5-17B,9.0,290.9677,-0.08861531138959478,0.125581040528157
5-17B,9.0,294.0479,-0.680493409395657,0.2647674680386833
5-17B,9.0,300.0509,0.7965438755519297,0.39705753289038
5-17B,9.0,301.0333,-0.3216987308399105,0.21700739106304648
5-17B,9.0,303.2326,-0.04022602936333847,0.6809262360815821
5-17B,9.0,305.0207,-1.0316541587948618,0.0964339248119077
5-17B,9.0,306.0481,0.596519854883818,0.2353129261729718
5-17B,9.0,306.0765,0.628114130364356,0.1899336438033186
5-17B,9.0,308.0986,-0.3424277873403507,0.024363725797938617
5-17B,9.0,313.0441,0.9369290826716461,0.20169206446016158
5-17B,9.0,313.1037,0.1826280137564114,0.7163253092998566
5-17B,9.0,317.026,-0.8635466759154785,0.6418354851470154
5-17B,9.0,323.0256,0.34364016520344787,0.280605893616007
5-17B,9.0,325.1163,0.47874135534057677,0.21414530084786543
5-17B,9.0,328.0457,0.2302930849203244,0.13525141289235584
5-17B,9.0,333.0589,0.6174391686405691,0.4366460557189129
5-17B,9.0,338.9884,0.7860218854399761,0.6382586184006982
5-17B,9.0,339.0928,-0.3087998574987988,0.726909880617426
5-17B,9.0,341.1089,-0.2063688749920874,0.1883906089724695
5-17B,9.0,344.0393,0.0567784020107129,0.3239871130596702
5-17B,9.0,346.0556,-0.21270078930186287,0.21514983577054933
5-17B,9.0,348.087,0.34202586647820343,0.14245124516207214
5-17B,9.0,353.0489,-0.08410703445133938,0.5629364118289691
5-17B,9.0,357.089,-0.10165455117673186,0.12481443167349456
5-17B,9.0,375.131,-0.22881587854491753,0.5702359425711065
5-17B,9.0,377.1496,-0.8473882959247041,0.8517953643828727
5-17B,9.0,383.1188,-1.278446190013493,0.32686340887263576
5-17B,9.0,388.9416,0.31294794931615333,0.2726827793072168
5-17B,9.0,388.9442,-0.08781650594799142,0.5049409928986226
5-17B,9.0,401.0756,-1.0795129450447556,0.08794165464309564
5-17B,9.0,407.2795,-0.5965097507480487,0.6880449262796536
5-17B,9.0,421.0743,0.024832989154819442,0.23757650367488825
5-17B,9.0,426.0222,-0.06363340167158113,0.3353702839199005
5-17B,9.0,442.9997,-0.22311392516053302,0.1324446912867288
5-17B,9.0,466.9657,-0.9328877440789269,0.28698432968765514
5-17B,9.0,490.9787,0.017730237829323633,0.3369512127127172
5-17B,9.0,503.1614,-0.955558290081475,0.28212955293551156
5-17B,9.0,547.0731,0.4103856585096721,0.1634770747081865
5-17B,9.0,565.0471,-0.021189548344111554,0.5679076014523537
5-17B,9.0,578.8872,-1.1281980920096255,0.031007689780166436
5-17B,9.0,579.0269,-0.9539684720574286,0.08142283548008318
5-17B,9.0,612.2549,0.2604770686472364,0.26779977955358797
5-17B,9.0,624.2949,0.6287108199560545,0.41332202702715265
5-17B,9.0,659.307,-0.5339122492634303,0.1759382013455731
5-17B,9.0,664.0939,0.38414320730495544,0.45860909184728277
5-17B,9.0,665.2144,0.27563670008074936,0.3977957542121192
5-17B,9.0,668.1374,0.41983971234911827,0.09387228653077206
5-17B,9.0,787.255,-0.6880122426196768,0.5917755665546391
5-17B,9.0,790.2568,-0.821770166418571,0.3103447636987489
5-17B,9.0,835.0407,1.6996663541711445,0.3852609264181812
5-17B,9.0,863.2971,0.4287392146707455,0.25169306499243166
5-17B,9.0,864.1473,-0.060853558204291724,0.5293522239897718
5-17B,9.0,974.2935,0.3613627888185358,0.42602131794058024
5-17B,9.0,976.7162,-1.0911777476405087,0.04387482984131486
5-17B,10.0,57.0342,-0.6816209376893397,0.18861249414074083
5-17B,10.0,58.0295,-0.09989225097966756,0.3794298591748137
5-17B,10.0,59.0135,-0.818393948330433,0.11680510555011166
5-17B,10.0,71.0137,-1.3684012962301058,0.051735499416107986
5-17B,10.0,73.0293,0.9615624560854772,0.050747432376300285
5-17B,10.0,74.0247,1.0767273712211165,0.31984888441696746
5-17B,10.0,75.0087,-1.0798633238411957,0.2659592324276797
5-17B,10.0,87.0088,3.879250480508995,0.12731229876255395
5-17B,10.0,87.0451,-1.2917852163437242,0.3898590385696501
5-17B,10.0,88.0403,2.3431335440299534,0.07804412517037353
5-17B,10.0,88.9883,-0.1316950104930804,0.5454002791393007
5-17B,10.0,89.0244,-0.8701135418198884,0.03721239486453915
5-17B,10.0,93.0338,-0.012856207508578667,0.006697941961902478
5-17B,10.0,94.9761,-1.6249913652333143,0.3164119031609663
5-17B,10.0,94.9806,1.7298415486723377,0.11695577750493337
5-17B,10.0,95.0139,-1.4316397338008768,0.05071427020878649
5-17B,10.0,101.0242,-0.895585085052817,0.10235473030573437
5-17B,10.0,102.056,1.3964401668849113,0.11941233951711551
5-17B,10.0,103.0402,2.2333934682743,0.15517459947311177
5-17B,10.0,103.0509,1.8265593255404737,0.2766423607814027
5-17B,10.0,104.0352,-0.2958382558698459,0.07348905027572336
5-17B,10.0,105.0193,0.28603566087255505,0.46805350088012854
5-17B,10.0,107.0503,0.7191803904783329,0.19970342444900496
5-17B,10.0,109.0295,0.5242158373175935,0.040728997793524506
5-17B,10.0,111.02,-0.035058168790271925,0.028135474455322412
5-17B,10.0,112.0516,0.2726183487864925,0.43368714372297923
5-17B,10.0,113.0244,-1.4539172864608292,0.00546157666969943
5-17B,10.0,113.0357,-0.3556786647422965,0.03735878958020354
5-17B,10.0,114.056,-0.23300035542921713,0.0026324958922516978
5-17B,10.0,115.0037,1.6543583414938183,0.1006188465117404
5-17B,10.0,115.0402,2.43113890061859,0.23195613744687396
5-17B,10.0,115.0764,1.1484804709195222,0.610160719477543
5-17B,10.0,116.0354,1.5472983042013897,0.1440398325132341
5-17B,10.0,116.0717,0.8580994443723786,0.04015673546987387
5-17B,10.0,117.0194,1.0479734048228262,0.024804177979389695
5-17B,10.0,118.0508,1.4068894701536645,0.09401910524383456
5-17B,10.0,118.9804,-1.4105968345071171,0.012026201152088035
5-17B,10.0,119.0503,-0.22898836763264452,0.13648829570063942
5-17B,10.0,120.9273,-0.27479851442146236,0.17111934503160164
5-17B,10.0,121.0295,0.9069643779901302,0.1721518166974836
5-17B,10.0,121.0409,-0.4587335894211033,0.3668485638133396
5-17B,10.0,122.0248,-0.8030643059183973,0.07743637916082409
5-17B,10.0,124.0075,-0.5423507227884208,0.16045202967118996
5-17B,10.0,124.0144,-1.6792504966791868,0.11028706271068996
5-17B,10.0,125.0439,-1.2427464165417654,0.18958752926702624
5-17B,10.0,127.0764,-0.47342800764841575,0.6125168397135955
5-17B,10.0,128.0354,-0.1061452145014492,0.018240449015726384
5-17B,10.0,129.0193,0.9067721845945059,0.23385866418723297
5-17B,10.0,129.0556,0.9232689186442351,0.4103327087893728
5-17B,10.0,130.0142,0.5391086112119197,0.3796779713942694
5-17B,10.0,130.0509,0.18999098259533675,0.040137983045455405
5-17B,10.0,130.0874,0.6714204979847338,0.1226657893713739
5-17B,10.0,131.0008,-0.3251942186637835,0.16665875495392837
5-17B,10.0,131.0123,0.46262413406019787,0.06640748302977238
5-17B,10.0,131.035,-1.5798019741667868,0.10412362714815337
5-17B,10.0,131.0462,-1.8969017822328178,0.2386197353209462
5-17B,10.0,131.0828,-0.468074196521997,0.209874903765316
5-17B,10.0,132.0302,-0.11339665966611862,0.030598560659506578
5-17B,10.0,133.0142,0.5123198537191658,0.07764014144162458
5-17B,10.0,133.0257,0.5415472384527442,0.05737466617012405
5-17B,10.0,133.0505,0.6619090107696044,0.04585978837990956
5-17B,10.0,134.0472,0.2588327825996988,0.19700323209364337
5-17B,10.0,134.0604,-0.37989729574341863,0.26108395747771385
5-17B,10.0,135.0302,0.3006665909711277,0.1914519407446266
5-17B,10.0,135.0453,0.9773866966424177,0.10628835267640306
5-17B,10.0,136.0404,0.0949907923592957,0.0529540638118221
5-17B,10.0,136.0487,0.9708277546916437,0.4023072841101113
5-17B,10.0,136.0767,0.57964124537872,0.26991967133456096
5-17B,10.0,137.0239,-0.11151510789778532,0.16955607703671247
5-17B,10.0,138.9789,1.555993588256414,0.3123483664828394
5-17B,10.0,139.0014,1.7712830391117789,0.06431172453145616
5-17B,10.0,139.0067,-0.5443269044922804,0.1414792713511322
5-17B,10.0,139.976,1.3687638814973444,0.7229895376677408
5-17B,10.0,143.0713,-0.5352053596069958,0.30019988310687545
5-17B,10.0,143.1077,1.1416647946158864,0.14768202658090102
5-17B,10.0,145.0141,0.02794253841826788,0.08911345186380956
5-17B,10.0,145.0506,2.7947731002048233,0.10650224045293617
5-17B,10.0,145.0623,1.345092228870918,0.3321682165798742
5-17B,10.0,145.0982,-0.4768964510731373,0.051589710247332804
5-17B,10.0,145.1106,-0.13786006750142227,0.33307985065816936
5-17B,10.0,146.0459,0.639752856032797,0.04063190221375595
5-17B,10.0,147.0298,0.22017611848146673,0.057078834767564465
5-17B,10.0,147.0662,0.027985412690207725,0.02956482659722176
5-17B,10.0,149.0092,-0.33796581003812903,0.45434668116143745
5-17B,10.0,149.0456,-1.6884585410362463,0.09321267013202471
5-17B,10.0,149.0608,0.45251512732587806,0.5486755237417243
5-17B,10.0,150.0422,1.0177029930503536,0.4963663315738465
5-17B,10.0,150.9707,0.7316613897792652,0.3144987778601275
5-17B,10.0,151.0259,0.16709967958813599,0.09168010668328806
5-17B,10.0,151.04,1.1594191607912923,0.5680196764689945
5-17B,10.0,151.06,0.41834449416574615,0.8408537517932698
5-17B,10.0,152.0353,1.4425345104920995,0.5552303441911619
5-17B,10.0,152.0716,-1.1512693955189481,0.09108309869142607
5-17B,10.0,153.0192,-0.36151857518094277,0.07132427790222665
5-17B,10.0,154.062,-0.41311696089368566,0.1536893779102485
5-17B,10.0,154.9751,0.7333236288227047,0.05622585296025556
5-17B,10.0,155.0099,-0.10664812165988062,0.019070609705021748
5-17B,10.0,157.0128,0.05467210351921614,0.05792736039843603
5-17B,10.0,157.0255,0.144150881389964,0.029208901103886756
5-17B,10.0,157.0379,0.07022457396251755,0.026900508795966983
5-17B,10.0,157.0504,0.5094116076841342,0.0450609009683647
5-17B,10.0,159.0297,-1.6752733888331706,0.14036851524757665
5-17B,10.0,159.0775,2.26621561012612,0.10655592717951615
5-17B,10.0,160.0616,0.08581039339474704,0.4120748597301123
5-17B,10.0,161.0453,-1.6535116943537447,0.08573409057757356
5-17B,10.0,162.0424,0.8074120017824268,0.07818639728340596
5-17B,10.0,163.0351,-1.1030009424594045,0.11825389754535084
5-17B,10.0,163.0398,0.4836607793872497,0.11217642961276203
5-17B,10.0,163.0611,-0.11449086022039674,0.6523539657690951
5-17B,10.0,164.0716,2.420027252463557,0.19253865512061344
5-17B,10.0,165.03,0.0060985750900648126,0.24294565417795103
5-17B,10.0,165.0405,0.1923782582610494,0.38333472727883283
5-17B,10.0,165.0556,0.03274738875986177,0.07563382119955077
5-17B,10.0,166.0508,0.17333422053468756,0.1917907836627275
5-17B,10.0,166.0632,0.23386468739869887,0.55859377925704
5-17B,10.0,166.9759,1.7994607294694336,0.948571262175793
5-17B,10.0,167.0207,-0.2791747402988963,0.35193829053381986
5-17B,10.0,167.0358,0.35041432978012654,0.23257674876373516
5-17B,10.0,167.0828,-0.1114746678302758,0.6931427884785338
5-17B,10.0,168.0277,0.7132811802472265,0.0482999268608502
5-17B,10.0,168.0664,-0.7316490504187847,0.46957091401511775
5-17B,10.0,170.0455,1.314938385073089,0.022534581491163667
5-17B,10.0,171.0065,1.4792098950128079,0.37670847539494506
5-17B,10.0,171.0092,1.520900005004362,0.391208500176473
5-17B,10.0,171.0284,0.3233027142575158,0.17778700738136563
5-17B,10.0,172.0616,0.6999413727096859,0.2116250051708068
5-17B,10.0,172.962,2.3540324963703148,0.11533272903001328
5-17B,10.0,173.0089,1.7370687149804682,0.15902677572928067
5-17B,10.0,173.0453,0.3839798725027399,0.1482796879429858
5-17B,10.0,173.0932,2.0928530167852184,0.11286035386905999
5-17B,10.0,173.1041,0.29508978237754996,3.3362400506084247
5-17B,10.0,174.0407,-0.23289760874639648,0.01650261640640825
5-17B,10.0,174.088,-0.42676338922687657,0.1336890026011412
5-17B,10.0,175.022,0.9465346172525269,0.41306310728503753
5-17B,10.0,175.0361,-0.03960109238127686,0.019888306156216364
5-17B,10.0,175.0611,0.051679684186379526,0.06689589785318177
5-17B,10.0,176.0776,-0.13793639222748513,0.08545565399232954
5-17B,10.0,177.0402,-1.6116130277150764,0.5218307840721552
5-17B,10.0,177.0553,-0.8984521561039902,0.7788681713803914
5-17B,10.0,178.0509,0.6176133660473382,0.062464870158498914
5-17B,10.0,179.0348,-0.11677478821536641,0.44916289982410246
5-17B,10.0,179.0561,-1.441451740468787,0.0033870616806050934
5-17B,10.0,180.0663,-1.3294714732470427,0.024771707484179117
5-17B,10.0,181.0505,-0.3399495951486104,0.21112895833440537
5-17B,10.0,182.9725,-1.2796028770033638,0.07117596357642197
5-17B,10.0,183.0661,-0.37657918288966563,0.502089726048802
5-17B,10.0,184.0017,0.6924059682130845,0.18560125677179254
5-17B,10.0,184.9856,3.0565104555315674,0.197468197704771
5-17B,10.0,186.1136,0.06217501844917705,0.6280170491849311
5-17B,10.0,187.0234,0.514293197128741,0.7803262363389895
5-17B,10.0,188.035,0.37394595590557156,1.0847921325337992
5-17B,10.0,188.0565,-0.020236101155151454,0.04332637816759983
5-17B,10.0,189.0405,-0.9685162983586266,0.07123890839581112
5-17B,10.0,191.0197,1.2166059122902155,0.31677558741053147
5-17B,10.0,191.0561,-0.25124395415205114,0.07287842987692886
5-17B,10.0,192.0663,-0.7794204419486476,0.7558880573483894
5-17B,10.0,193.0349,-0.058417389652125874,0.1737059290207522
5-17B,10.0,194.0682,0.5134796427639698,0.07043976982197703
5-17B,10.0,194.0822,-0.7821929986358012,0.372470116729148
5-17B,10.0,195.0509,-1.2713370026646484,0.011708945312338633
5-17B,10.0,195.0657,-0.674150792077606,0.7231997868350974
5-17B,10.0,196.0603,0.28307941310909457,0.1948100138009914
5-17B,10.0,198.0182,2.703622362710401,0.3010103649955633
5-17B,10.0,199.0019,0.38645030053979257,0.4220403445661426
5-17B,10.0,200.9937,-0.32844139871133665,0.24638077891711238
5-17B,10.0,201.0051,0.7765116740703427,0.35365744887676775
5-17B,10.0,203.0348,0.0918588006200666,0.187795847753363
5-17B,10.0,203.0826,-0.09728056888167617,0.008960286473232687
5-17B,10.0,204.0498,-0.9838543162136097,0.14784192476464653
5-17B,10.0,205.0351,-0.21197443590613668,0.2338967533268107
5-17B,10.0,206.0822,-0.23093160855589723,0.2507656591809229
5-17B,10.0,209.0292,-0.6948933625761914,0.4209890451089778
5-17B,10.0,209.0814,-0.754172084817655,0.3280634238058117
5-17B,10.0,211.0235,6.640855909820944,0.1422964707353281
5-17B,10.0,211.9968,0.11606617669023621,0.12172112066654248
5-17B,10.0,212.0331,0.5995427700716989,0.3948147763522752
5-17B,10.0,212.9807,3.712166644993354,0.3173201746245576
5-17B,10.0,213.014,0.10450919900489088,0.10017589218482752
5-17B,10.0,213.0384,2.7607588490877473,0.17740942763397347
5-17B,10.0,213.1252,-0.2139972680407181,0.5487466339748359
5-17B,10.0,214.0488,-1.0991745582569243,0.4217774867061142
5-17B,10.0,215.0331,-1.5549034280908784,0.0024768055610419316
5-17B,10.0,216.1351,-1.1257733436302173,0.21717738817189797
5-17B,10.0,218.0335,-1.4931266192927437,0.005897891776939662
5-17B,10.0,218.1034,0.28551305230623614,0.05950820277197027
5-17B,10.0,220.0828,-0.9287693720605693,0.4707768565338497
5-17B,10.0,221.0443,-1.0356932461489363,0.08166008937071167
5-17B,10.0,221.0664,-0.21724391526648715,0.4255463498872668
5-17B,10.0,225.0399,1.8664826019707743,1.1164171440497754
5-17B,10.0,225.0861,0.7651238957989415,0.4909476398967777
5-17B,10.0,225.0901,-0.43990576106113877,1.1560614495932116
5-17B,10.0,226.0135,0.8310675490163468,0.1649676107457386
5-17B,10.0,226.0697,-0.7674273726088549,0.19991415109101374
5-17B,10.0,228.0501,1.1782671397036721,0.4207757583767236
5-17B,10.0,229.0122,0.9505877722415108,0.24182281459966826
5-17B,10.0,237.0614,0.5289225720900607,0.14969390529145465
5-17B,10.0,238.0945,-0.5541105248526156,0.10658330905609102
5-17B,10.0,240.0515,0.5125629005855281,0.03900257718216105
5-17B,10.0,241.0844,0.8995895849263953,0.7031607389149855
5-17B,10.0,242.0804,-0.6262000487761764,0.7125580753180956
5-17B,10.0,243.029,-0.44538914733560814,0.3105488716911368
5-17B,10.0,243.0625,1.3856053777876918,0.5086501828002951
5-17B,10.0,245.0444,0.6471495986115978,0.13918031245506873
5-17B,10.0,246.0198,0.9488283291982862,0.4027321924567655
5-17B,10.0,246.064,-1.2316159755016383,0.00445431815906592
5-17B,10.0,251.0816,-0.9114175738459389,0.38610651957243847
5-17B,10.0,253.0119,-0.08638510039501124,0.008885541095082475
5-17B,10.0,253.0499,-1.0658140818316717,0.45971480994898856
5-17B,10.0,257.0072,1.7954560036733194,0.5560439485997261
5-17B,10.0,257.1028,-1.091542969159716,0.6858354091588915
5-17B,10.0,259.005,0.2894187135432202,0.5811014570109964
5-17B,10.0,259.0227,-1.125673066742543,0.14180280401070408
5-17B,10.0,261.0385,1.0497254588597058,0.1751204954177106
5-17B,10.0,266.0703,0.13807874117482177,0.4316892351784824
5-17B,10.0,267.0724,-0.6604914936676243,0.05708766245421159
5-17B,10.0,268.02,0.7263811922809937,0.5544902072459165
5-17B,10.0,269.0398,0.17865254679128176,0.18726188823743106
5-17B,10.0,271.0612,0.03693532357390743,0.4538312722704965
5-17B,10.0,271.0815,-1.3110837842021357,0.6762770008405321
5-17B,10.0,273.0021,0.6944318473117023,0.13173997786827762
5-17B,10.0,274.0933,0.09209301057091131,0.2556079993380763
5-17B,10.0,275.0184,0.3343028542072878,0.4483174336145248
5-17B,10.0,275.0991,0.3269980023954999,0.3244669176339787
5-17B,10.0,277.1207,-1.1086206161977366,0.025431996025369892
5-17B,10.0,277.2169,-0.6703990967071016,0.19210632567135785
5-17B,10.0,279.2331,-0.30758186856024466,0.020850398723978376
5-17B,10.0,282.0839,-1.036441335006213,0.1605679715511711
5-17B,10.0,283.2063,-0.2891034164462347,0.24267692204161437
5-17B,10.0,285.0972,-0.18423121702837034,0.35394788533362426
5-17B,10.0,287.0157,-0.7375824391305854,0.2252091805418163
5-17B,10.0,288.0725,-0.26099622723382215,0.07982181482277796
5-17B,10.0,289.0333,1.3531087548970504,0.7613438049787502
5-17B,10.0,289.1044,0.1306559973890911,0.15822161383996336
5-17B,10.0,290.9677,-0.07565894599178571,0.08940205390085604
5-17B,10.0,294.0479,-0.5967247473772825,0.4713003147760755
5-17B,10.0,300.0509,0.8109591900569058,0.8925148195588539
5-17B,10.0,301.0333,0.22373231702690446,1.1742398095782316
5-17B,10.0,303.2326,-0.08980459988833184,0.18715248045686766
5-17B,10.0,305.0207,-1.3018453416239113,0.06808556071327936
5-17B,10.0,306.0481,0.9398102281012435,0.19521148555856913
5-17B,10.0,306.0765,0.07992650900732645,0.10512486728975949
5-17B,10.0,308.0986,-0.42424364341026466,0.011565016714242659
5-17B,10.0,313.0441,0.2700814334839473,0.40663587721251543
5-17B,10.0,313.1037,0.9350327642074889,0.5467755383163171
5-17B,10.0,317.026,-0.5084861554506968,0.4173563587275164
5-17B,10.0,323.0256,0.014025126682660007,0.3186887225889819
5-17B,10.0,325.1163,0.30897270616161404,0.343621784797761
5-17B,10.0,328.0457,1.1317719348845285,0.20623334098009324
5-17B,10.0,333.0589,0.3172443701974568,0.20831025507692172
5-17B,10.0,338.9884,0.8143606323994281,0.13882288464700715
5-17B,10.0,339.0928,-0.5982558306651248,0.4714932098525413
5-17B,10.0,341.1089,-0.1781025439628211,0.013149764135459771
5-17B,10.0,344.0393,0.9555229259205676,0.15181952272049687
5-17B,10.0,346.0556,-0.30212918749504547,0.16551660165737286
5-17B,10.0,348.087,0.5075449268942904,0.1845439436769026
5-17B,10.0,353.0489,-0.16414458046019104,0.5484388002614883
5-17B,10.0,357.089,1.117408980336432,0.24240955216628438
5-17B,10.0,375.131,0.4401048873773779,0.49692525705102747
5-17B,10.0,377.1496,-0.4741818028625633,0.36507397203933556
5-17B,10.0,383.1188,-0.3418726541672667,0.3165087017203636
5-17B,10.0,388.9416,0.5554962695411944,0.5699489458183493
5-17B,10.0,388.9442,0.1323427385639689,0.718652130547457
5-17B,10.0,401.0756,-1.1824036932744602,0.019920349232349605
5-17B,10.0,407.2795,-0.5399438812963862,0.14888483142338738
5-17B,10.0,421.0743,0.44609361508835044,0.44120092754470475
5-17B,10.0,426.0222,-0.09683781455728677,0.037645290653076896
5-17B,10.0,442.9997,-0.07337177907004835,0.366656766917048
5-17B,10.0,466.9657,-1.311628644838982,0.08328903334870223
5-17B,10.0,490.9787,-0.71368399709632,0.809163167827927
5-17B,10.0,503.1614,0.10928760641478728,0.24494379623169701
5-17B,10.0,547.0731,0.7915051194143903,0.0887589931226926
5-17B,10.0,565.0471,0.39697099389741275,0.42103505906488636
5-17B,10.0,578.8872,-1.2864114567425933,0.01605072224890248
5-17B,10.0,579.0269,-0.9735513346766705,0.07115657756350369
5-17B,10.0,612.2549,1.03546762539054,0.541475454884533
5-17B,10.0,624.2949,2.0511888930573847,0.5992715466064115
5-17B,10.0,659.307,-0.8342697271723238,0.2874700121021519
5-17B,10.0,664.0939,0.8632829254460773,0.4036883269485164
5-17B,10.0,665.2144,1.0860892739175205,0.5128844367691976
5-17B,10.0,668.1374,0.21110568351520162,0.013394747659670156
5-17B,10.0,787.255,-0.9806485052606033,0.21694960151963652
5-17B,10.0,790.2568,-0.9929192459982015,0.188561472914356
5-17B,10.0,835.0407,1.5854133039407037,0.0704905244841501
5-17B,10.0,863.2971,1.9156620237282356,0.2560805870267536
5-17B,10.0,864.1473,0.7042926345911575,0.3108691227152896
5-17B,10.0,974.2935,0.5663203563740937,0.15628135505244134
5-17B,10.0,976.7162,-1.315850835099323,0.045448394265993064
5-17C,1.0,57.0342,0.4904151317245729,0.5008573057806288
5-17C,1.0,58.0295,-0.9936232377050835,0.06688763150251537
5-17C,1.0,59.0135,0.5376947892748627,0.2865849062696644
5-17C,1.0,71.0137,0.7012967159367062,0.13404730790235694
5-17C,1.0,73.0293,-0.973420185628014,0.012266777101525086
5-17C,1.0,74.0247,-0.3966975647048243,0.33143039584709866
5-17C,1.0,75.0087,-1.0065483129498862,0.5257234965696475
5-17C,1.0,87.0088,-0.6883510654788999,0.014368328681890504
5-17C,1.0,87.0451,0.2811576726091648,0.5564151566876898
5-17C,1.0,88.0403,-0.9367114275797949,0.010183997683724081
5-17C,1.0,88.9883,-1.1359375959360265,0.7150369332919324
5-17C,1.0,89.0244,-0.5977102004531838,0.06373280355357439
5-17C,1.0,93.0338,-0.08515778982696687,0.0044184844813142145
5-17C,1.0,94.9761,-0.9723600139570615,0.41513818975141514
5-17C,1.0,94.9806,0.6473385963436882,0.3328253642552336
5-17C,1.0,95.0139,0.8913762279025026,0.16075508842266492
5-17C,1.0,101.0242,0.6397613625320347,0.3150434499485154
5-17C,1.0,102.056,-0.5295904410313002,0.06062219846263189
5-17C,1.0,103.0402,-1.021399673028708,0.020088001248399368
5-17C,1.0,103.0509,-0.9915961694619478,0.07402905935188213
5-17C,1.0,104.0352,1.620206752348899,0.05657873688763412
5-17C,1.0,105.0193,-0.9716776595254651,0.27406263305467016
5-17C,1.0,107.0503,-0.7790896387409907,0.5446237548011392
5-17C,1.0,109.0295,-1.2243109102660623,0.08787731476078242
5-17C,1.0,111.02,-1.210315879064188,0.0017444210557168685
5-17C,1.0,112.0516,-0.829907547363013,0.5187549435144433
5-17C,1.0,113.0244,0.7616080532107364,0.08990203806753215
5-17C,1.0,113.0357,-1.2239998027837689,0.024521952497326978
5-17C,1.0,114.056,-0.24162606895231115,0.0014183627756428408
5-17C,1.0,115.0037,-0.9210877854277382,0.04098855759515486
5-17C,1.0,115.0402,-1.7706179778691027,0.6214700960130592
5-17C,1.0,115.0764,0.09622031047910327,0.574612430258993
5-17C,1.0,116.0354,-1.2849753460683373,0.1822377020536231
5-17C,1.0,116.0717,-0.7608804388275148,0.017482124399368342
5-17C,1.0,117.0194,-0.94699939112683,0.00140831990294009
5-17C,1.0,118.0508,-0.8744610694809254,0.20016452832506562
5-17C,1.0,118.9804,0.713380955230319,0.13858936006247008
5-17C,1.0,119.0503,-0.6470222051077592,0.04927048659780086
5-17C,1.0,120.9273,0.6183756221125198,0.25508210426840144
5-17C,1.0,121.0295,-0.2011788159643659,0.6963114388789082
5-17C,1.0,121.0409,0.3582891236020378,0.4850542861247293
5-17C,1.0,122.0248,-1.3663452427739975,0.1269845806077848
5-17C,1.0,124.0075,-0.025345761793520338,0.41540708085294104
5-17C,1.0,124.0144,-0.16931450284547897,0.16609031679454858
5-17C,1.0,125.0439,-0.9368511862211426,0.16134098391754226
5-17C,1.0,127.0764,0.4788373503354356,0.715333975159328
5-17C,1.0,128.0354,-0.159818151805046,0.026274445065716766
5-17C,1.0,129.0193,-1.2293677498042763,0.06260386911804851
5-17C,1.0,129.0556,-0.0004316416003255774,0.45544990777391015
5-17C,1.0,130.0142,-0.954187762293106,0.10790738563232863
5-17C,1.0,130.0509,-1.070945968941569,0.008847734329627004
5-17C,1.0,130.0874,-0.6955859279676047,0.07362964760661773
5-17C,1.0,131.0008,0.13633091325297164,0.7572878250301144
5-17C,1.0,131.0123,-0.7867637235480494,0.059031250658793236
5-17C,1.0,131.035,0.2836250281581699,0.18908761581569272
5-17C,1.0,131.0462,0.448473020437408,0.11599030257896766
5-17C,1.0,131.0828,1.6164285213536855,0.25547490378678955
5-17C,1.0,132.0302,-1.1933993176010378,0.008384068372433232
5-17C,1.0,133.0142,-0.4982103565357669,0.0675395285034985
5-17C,1.0,133.0257,-0.5825278017858357,0.11606986409846545
5-17C,1.0,133.0505,-1.3373243950413638,0.00897896401095146
5-17C,1.0,134.0472,-1.1519913425771287,0.23308163882599867
5-17C,1.0,134.0604,-1.428884679224336,0.44591805386219574
5-17C,1.0,135.0302,-0.8146571467310639,0.09472091106067158
5-17C,1.0,135.0453,-1.9561089176821045,0.09233855175366966
5-17C,1.0,136.0404,-0.5322191509049936,0.03909437564782172
5-17C,1.0,136.0487,-1.8318741029587244,0.1807537362721345
5-17C,1.0,136.0767,0.27458853990658777,0.6721079964633137
5-17C,1.0,137.0239,-0.34107461251193294,0.12114841556136334
5-17C,1.0,138.9789,-0.39709572657916226,0.32645030358582133
5-17C,1.0,139.0014,-0.3954906832808275,0.04981719087134689
5-17C,1.0,139.0067,-0.7752076736986151,0.019977296089362363
5-17C,1.0,139.976,-0.8641870062679942,0.18609990863988987
5-17C,1.0,143.0713,0.5970500846587329,0.5470539482423215
5-17C,1.0,143.1077,0.31128699957204786,0.37492932177183785
5-17C,1.0,145.0141,-0.2848642405504302,0.09977619468134058
5-17C,1.0,145.0506,-0.3900964480931068,0.15464669582356694
5-17C,1.0,145.0623,0.24342400859177762,0.21761884503626858
5-17C,1.0,145.0982,1.210816693272277,0.1612432012727479
5-17C,1.0,145.1106,1.3401525931081761,0.4400313822332599
5-17C,1.0,146.0459,-0.4754361032269623,0.0010600869605645062
5-17C,1.0,147.0298,-0.9763518865393499,0.0035284852491876593
5-17C,1.0,147.0662,-1.4364709168957706,0.011171214761658773
5-17C,1.0,149.0092,0.26232752089758754,0.6863790218816629
5-17C,1.0,149.0456,0.23681986477812433,0.2915838285350076
5-17C,1.0,149.0608,-0.464732315360865,0.3073016695341777
5-17C,1.0,150.0422,-1.1314258107512347,0.3477020056151644
5-17C,1.0,150.9707,-0.9584544826614327,0.1086049776306851
5-17C,1.0,151.0259,-0.48573083048309584,0.06833094145059722
5-17C,1.0,151.04,-0.528333448361693,0.40575154344471404
5-17C,1.0,151.06,-0.40941163684209625,0.2926371651577661
5-17C,1.0,152.0353,-1.1064207685739345,0.4677327919816396
5-17C,1.0,152.0716,0.6101105281029171,0.5184662689560109
5-17C,1.0,153.0192,-0.31763959969838096,0.04806280859639333
5-17C,1.0,154.062,2.0013884666703032,0.15541880396637783
5-17C,1.0,154.9751,-0.9856096449510559,0.013616317549412543
5-17C,1.0,155.0099,-1.177726760599655,0.003438426171996851
5-17C,1.0,157.0128,-0.9999263941712998,0.03852684495775733
5-17C,1.0,157.0255,-1.3382217185315644,0.002570139399889389
5-17C,1.0,157.0379,-1.365049195348078,0.05056546432698823
5-17C,1.0,157.0504,-1.1950475473216748,0.04170803334915506
5-17C,1.0,159.0297,0.5223158018574519,0.18506505021916506
5-17C,1.0,159.0775,-1.2239699457683122,0.013023599342930117
5-17C,1.0,160.0616,-1.452088220342091,0.3998642273131282
5-17C,1.0,161.0453,-0.17080964997711356,0.1883446892092485
5-17C,1.0,162.0424,-1.378408340928034,0.297132704280998
5-17C,1.0,163.0351,-1.1582164376791175,0.11240486254432312
5-17C,1.0,163.0398,-0.08909601459521932,0.0570933510223907
5-17C,1.0,163.0611,-0.7598149197553133,0.6467574924264704
5-17C,1.0,164.0716,-0.18288442345543554,0.07171565906009784
5-17C,1.0,165.03,0.2376794244866998,0.5758898462080674
5-17C,1.0,165.0405,-0.47667081192205796,0.8079105064169341
5-17C,1.0,165.0556,-0.7763314824849752,0.15488957394828112
5-17C,1.0,166.0508,-1.2220188472414826,0.19169754158063815
5-17C,1.0,166.0632,-0.703051568242679,0.42229340841960916
5-17C,1.0,166.9759,-0.9897826702269653,0.514483529841998
5-17C,1.0,167.0207,0.3975790907410056,0.5652814106881453
5-17C,1.0,167.0358,-0.41888233303147204,0.429121822447174
5-17C,1.0,167.0828,0.0019626728881656707,0.11677673188028218
5-17C,1.0,168.0277,-0.49313888249329685,0.04016057437895527
5-17C,1.0,168.0664,0.5525435954651325,0.33280863110382186
5-17C,1.0,170.0455,-0.8619489757091647,0.004483579369306984
5-17C,1.0,171.0065,-1.114776690040638,0.16393993090446393
5-17C,1.0,171.0092,-1.2009637552565766,0.22690102111816968
5-17C,1.0,171.0284,-0.958189863381347,0.02011521042179236
5-17C,1.0,172.0616,-1.5938075690468319,0.10780106964272718
5-17C,1.0,172.962,-0.63893054869469,0.029255221754930966
5-17C,1.0,173.0089,-0.9570076555616547,0.09872313308883895
5-17C,1.0,173.0453,-0.9789614302406784,0.20690018308207858
5-17C,1.0,173.0932,-0.7840781686260769,0.04521646623776382
5-17C,1.0,173.1041,0.7003403358506479,0.08404233113535325
5-17C,1.0,174.0407,-1.0024784239873674,0.0014539463235819117
5-17C,1.0,174.088,0.1683668162346155,0.0813324453643533
5-17C,1.0,175.022,-0.9175700939505502,0.08463410511603954
5-17C,1.0,175.0361,-1.2439547686591328,0.011403655267535987
5-17C,1.0,175.0611,-1.2361289355047886,0.006420426707672657
5-17C,1.0,176.0776,-1.3153693528434722,0.18969669666624164
5-17C,1.0,177.0402,0.5456923950703525,0.4875056685645707
5-17C,1.0,177.0553,-0.9692947786825432,0.47514342634980855
5-17C,1.0,178.0509,-1.0582788096489228,0.0166617292355171
5-17C,1.0,179.0348,-1.4872178442677113,0.2760961025120818
5-17C,1.0,179.0561,0.7583014769098461,0.05380577416083335
5-17C,1.0,180.0663,0.8683088037143324,0.08559811007964653
5-17C,1.0,181.0505,-1.1123289847966165,0.5483719028048853
5-17C,1.0,182.9725,0.7390459958164478,0.18265841819019285
5-17C,1.0,183.0661,-0.11306121317311883,0.7742777642295803
5-17C,1.0,184.0017,-0.4604775813368436,0.06548573369545017
5-17C,1.0,184.9856,-0.753171106652677,0.09570070028062529
5-17C,1.0,186.1136,0.04581882305845923,0.5801767050775947
5-17C,1.0,187.0234,-1.0889028179651903,0.166960885193055
5-17C,1.0,188.035,-0.36724744545887744,0.7237251866541299
5-17C,1.0,188.0565,-1.129481435752112,0.002017606646970373
5-17C,1.0,189.0405,0.5209195685892387,0.1625325475718962
5-17C,1.0,191.0197,-0.9439685304588197,0.09785808815300387
5-17C,1.0,191.0561,-1.0439515073549268,0.03414670093206893
5-17C,1.0,192.0663,-0.625113479371907,0.2582691946811232
5-17C,1.0,193.0349,-0.20216662097886517,0.7110352514638217
5-17C,1.0,194.0682,-1.189805875238748,0.07885457256909141
5-17C,1.0,194.0822,-0.950996738257774,0.604798193577663
5-17C,1.0,195.0509,-0.13778211089768266,0.1571586295857468
5-17C,1.0,195.0657,-0.8243088855580349,0.2515532696284187
5-17C,1.0,196.0603,-1.414076667809588,0.07371256247880303
5-17C,1.0,198.0182,-1.238521068346438,0.12934671373913026
5-17C,1.0,199.0019,-0.7854796397657728,0.03725748049335213
5-17C,1.0,200.9937,0.024680864311841515,0.16412295101321125
5-17C,1.0,201.0051,-0.17328419449865645,0.45902055509407924
5-17C,1.0,203.0348,-0.506888728005381,0.2509424576876106
5-17C,1.0,203.0826,-0.053093912944002036,0.011784256076836776
5-17C,1.0,204.0498,-0.10004844950554959,0.567778925864284
5-17C,1.0,205.0351,-1.1618159240801602,0.06839887425553072
5-17C,1.0,206.0822,-0.5784911077665209,0.19636598187161958
5-17C,1.0,209.0292,-0.9010357412351173,0.46179761235598504
5-17C,1.0,209.0814,0.26972368353635484,0.28862967369639303
5-17C,1.0,211.0235,-1.0588642489247773,0.035404512086295865
5-17C,1.0,211.9968,-1.0875483725003003,0.021183633773353066
5-17C,1.0,212.0331,-0.283658358390151,0.379712094681723
5-17C,1.0,212.9807,-0.8151871861892251,0.05047443008765069
5-17C,1.0,213.014,-0.7086507623150311,0.22693096830041795
5-17C,1.0,213.0384,-0.6824861658568226,0.21648630177832098
5-17C,1.0,213.1252,0.29934933427716603,0.7207835562159708
5-17C,1.0,214.0488,-0.8221540505566943,0.7495743973619877
5-17C,1.0,215.0331,0.5953702620029538,0.0460526397444043
5-17C,1.0,216.1351,0.4085431287865038,0.11423248004836653
5-17C,1.0,218.0335,0.8173197655836503,0.04957806570362097
5-17C,1.0,218.1034,-1.2367841071069774,0.011347762908888389
5-17C,1.0,220.0828,-0.30929201954492436,0.6431750581186589
5-17C,1.0,221.0443,0.6617000108967741,0.12941883165412962
5-17C,1.0,221.0664,-0.4216949816021933,0.2048551388091694
5-17C,1.0,225.0399,-0.4481345380284229,0.6855021156577927
5-17C,1.0,225.0861,-0.967575169315094,0.5412915522973516
5-17C,1.0,225.0901,-0.012696724386703107,0.430257769813231
5-17C,1.0,226.0135,-1.0029184959866881,0.17622050886547988
5-17C,1.0,226.0697,0.03051250076626195,0.23418325605750112
5-17C,1.0,228.0501,-0.7728746320023248,0.2272949756677408
5-17C,1.0,229.0122,-1.1290085213893661,0.09757493882193653
5-17C,1.0,237.0614,-1.460867189342157,0.055715091355012056
5-17C,1.0,238.0945,0.923763273381947,0.16365117053029163
5-17C,1.0,240.0515,-1.418594575682407,0.013499248064857474
5-17C,1.0,241.0844,-1.4585447534442835,0.3906150414750307
5-17C,1.0,242.0804,-0.24827204653053836,0.6117639178313825
5-17C,1.0,243.029,-0.9347426127328078,0.264120392054236
5-17C,1.0,243.0625,-1.2519888869880482,0.3396875704626251
5-17C,1.0,245.0444,-1.060502361308215,0.34903133964257765
5-17C,1.0,246.0198,-1.100988230177035,0.31812686593220224
5-17C,1.0,246.064,0.5508445550132544,0.7897416246278676
5-17C,1.0,251.0816,0.39025440442331993,1.0561756282633858
5-17C,1.0,253.0119,-0.3688531251139099,0.006270859306886135
5-17C,1.0,253.0499,0.7632916729546992,0.4057232669984453
5-17C,1.0,257.0072,-0.3951574937779963,0.42618407474604353
5-17C,1.0,257.1028,1.4569913959310636,0.44305723575683315
5-17C,1.0,259.005,-0.5702507312077435,0.39259597418805225
5-17C,1.0,259.0227,0.23664226086138296,0.0743468085444517
5-17C,1.0,261.0385,-0.5574950907355495,0.23648831553352942
5-17C,1.0,266.0703,-0.948514890565094,0.23327677800500884
5-17C,1.0,267.0724,-0.6880955541241265,0.012258853982204792
5-17C,1.0,268.02,-0.5560513908305401,0.4797954583064818
5-17C,1.0,269.0398,-0.6565122401399976,0.12343675178940802
5-17C,1.0,271.0612,-0.4892203406012551,0.31374739352932474
5-17C,1.0,271.0815,0.16021857793111965,0.38431769664715276
5-17C,1.0,273.0021,-0.991394881445824,0.22312402997338604
5-17C,1.0,274.0933,-1.4157302738455393,0.08332893207745805
5-17C,1.0,275.0184,-0.8676920524625759,0.47554941882618995
5-17C,1.0,275.0991,-0.7521824323442321,0.148856020985712
5-17C,1.0,277.1207,0.9360729951791406,0.08212758906812796
5-17C,1.0,277.2169,2.28654439483808,0.2530936661344516
5-17C,1.0,279.2331,2.4090136657805585,0.06646540563733022
5-17C,1.0,282.0839,0.5811522237242062,0.5143922786158764
5-17C,1.0,283.2063,3.183885571690105,0.3498699566323779
5-17C,1.0,285.0972,1.536127516512352,0.73726909798711
5-17C,1.0,287.0157,0.7610481506236892,0.6804180767778422
5-17C,1.0,288.0725,-0.667233071266922,0.05496840475943367
5-17C,1.0,289.0333,-0.817003159306715,0.5318488670350325
5-17C,1.0,289.1044,-1.2120738873808623,0.08930585993196088
5-17C,1.0,290.9677,-0.49848890246631633,0.08249564200338955
5-17C,1.0,294.0479,0.5589020218307462,0.5592799724534285
5-17C,1.0,300.0509,-0.32785065583619466,1.1062658984472808
5-17C,1.0,301.0333,-0.059294484864871766,1.511949202741273
5-17C,1.0,303.2326,1.1542043655346268,1.8765777124602177
5-17C,1.0,305.0207,0.8637361783394544,0.14751266733118795
5-17C,1.0,306.0481,-1.2267205634805805,0.062479292489207125
5-17C,1.0,306.0765,-0.30965450378899634,0.027101864636722442
5-17C,1.0,308.0986,0.1171361907911476,0.05173568206388648
5-17C,1.0,313.0441,-0.8561661031958152,0.283739629315764
5-17C,1.0,313.1037,-0.9057435637677409,0.36662354981199613
5-17C,1.0,317.026,-0.1740377625784396,0.748475024073761
5-17C,1.0,323.0256,-0.007014131095262666,0.9100965388528369
5-17C,1.0,325.1163,-0.37798731961446197,0.11422992075027963
5-17C,1.0,328.0457,-1.0810573533465986,0.06614381912058266
5-17C,1.0,333.0589,-1.3215309066141663,0.25407096149942127
5-17C,1.0,338.9884,-0.7711332209257444,0.2237325131138745
5-17C,1.0,339.0928,-0.44306557999161267,0.4924892093011236
5-17C,1.0,341.1089,-0.2855647787930199,0.18745866291700317
5-17C,1.0,344.0393,-0.7183612821193635,0.16400979421273063
5-17C,1.0,346.0556,-0.4812912002574966,0.158382695701048
5-17C,1.0,348.087,-1.183142536006415,0.10966970183078219
5-17C,1.0,353.0489,-0.6451178709619819,0.16906671042240135
5-17C,1.0,357.089,-0.7963393384576372,0.1991768450499903
5-17C,1.0,375.131,-0.19253842959939624,0.2576318718749431
5-17C,1.0,377.1496,2.2944010589351547,0.48924456167042646
5-17C,1.0,383.1188,0.09507974303648717,0.2899737624382399
5-17C,1.0,388.9416,-0.27513843941410004,0.19335621584501583
5-17C,1.0,388.9442,-0.7236662561994837,0.314498117400716
5-17C,1.0,401.0756,0.9241834499608592,0.134720905779743
5-17C,1.0,407.2795,2.079711710483144,0.480620279677866
5-17C,1.0,421.0743,-1.2672848051883876,0.7862141288035691
5-17C,1.0,426.0222,-0.9647324686043512,0.42449368412839117
5-17C,1.0,442.9997,0.20488469929732736,0.2477366009155611
5-17C,1.0,466.9657,0.801977845851652,0.18671219118509735
5-17C,1.0,490.9787,-0.3722721077166927,0.869765368007011
5-17C,1.0,503.1614,-0.24731471859523566,0.2144112712928774
5-17C,1.0,547.0731,-1.3490883764967732,0.046281777579009815
5-17C,1.0,565.0471,-1.1882508526488538,0.3061962454934454
5-17C,1.0,578.8872,1.0130562124058353,0.09722333124744094
5-17C,1.0,579.0269,0.8764642925738333,0.08410016965342317
5-17C,1.0,612.2549,-0.7901345052794997,0.3465478016680911
5-17C,1.0,624.2949,-1.1225511032869024,0.48221976451552895
5-17C,1.0,659.307,0.25118504970506533,0.2048492644792283
5-17C,1.0,664.0939,-0.3551583284431906,0.18760234280631438
5-17C,1.0,665.2144,-0.8220944518019089,0.3113630314871265
5-17C,1.0,668.1374,-0.6167004005875505,0.0002949204783809602
5-17C,1.0,787.255,-0.06459695660898485,0.24688445106920304
5-17C,1.0,790.2568,-0.1223193996837044,0.21854661294503286
5-17C,1.0,835.0407,-0.7279389321537495,0.15431780287940366
5-17C,1.0,863.2971,-0.6592886573811306,0.032005541176123566
5-17C,1.0,864.1473,-0.6865129229326059,0.21743442543137523
5-17C,1.0,974.2935,-0.6187195392575384,0.4115352106449951
5-17C,1.0,976.7162,0.5096030700750832,0.15878705830367482
5-17C,2.0,57.0342,1.354831871138889,0.39346141723652994
5-17C,2.0,58.0295,-0.9911962696488028,0.18212066776444233
5-17C,2.0,59.0135,1.2854805254151818,0.17292525216411983
5-17C,2.0,71.0137,1.1854647032667418,0.23811522762174864
5-17C,2.0,73.0293,-0.9355921628524744,0.016675547712894402
5-17C,2.0,74.0247,-1.1998369819737449,0.24876529882370113
5-17C,2.0,75.0087,0.6239469813516275,0.2946861069154911
5-17C,2.0,87.0088,-0.6510406073209544,0.013383926782101747
5-17C,2.0,87.0451,0.942712356317627,0.5932977890758492
5-17C,2.0,88.0403,-0.9148057200212287,0.03442610123975453
5-17C,2.0,88.9883,0.004202493606661528,1.038248538070091
5-17C,2.0,89.0244,-0.2718961683275168,0.06740631124973827
5-17C,2.0,93.0338,-0.06642843637545964,0.011231181471942355
5-17C,2.0,94.9761,-0.7077221076009721,0.4845105743903344
5-17C,2.0,94.9806,1.6808558391017132,0.43823425651847153
5-17C,2.0,95.0139,1.1307416137820119,0.42490057671090503
5-17C,2.0,101.0242,1.5347202875237291,0.412703061304841
5-17C,2.0,102.056,-0.49885154345756666,0.09412495787205934
5-17C,2.0,103.0402,-0.8773045192675016,0.03522824113553077
5-17C,2.0,103.0509,-0.8436996939826567,0.07285809819528725
5-17C,2.0,104.0352,-0.5547584540682053,0.11403355810615445
5-17C,2.0,105.0193,0.6341731456829095,0.2769153832473317
5-17C,2.0,107.0503,1.3886454155618675,0.682321169714724
5-17C,2.0,109.0295,-0.6963416381158487,0.1277470162728879
5-17C,2.0,111.02,-0.866229437599657,0.011912214031074331
5-17C,2.0,112.0516,1.1313496351532402,0.38655225738517374
5-17C,2.0,113.0244,1.278074284651269,0.1056104809689829
5-17C,2.0,113.0357,-0.6577707522793301,0.045158637675105404
5-17C,2.0,114.056,-0.23255194877158936,0.003585153249293755
5-17C,2.0,115.0037,-0.8040398783323377,0.03347980567263828
5-17C,2.0,115.0402,0.668456917160053,0.6276864119178353
5-17C,2.0,115.0764,1.7310241967913322,0.7581732662759061
5-17C,2.0,116.0354,-0.7996658116779356,0.1620374788914341
5-17C,2.0,116.0717,-0.8053873052099904,0.005293845145746053
5-17C,2.0,117.0194,-0.93117028286799,0.002335302441190418
5-17C,2.0,118.0508,-1.475252484185388,0.1268147635778802
5-17C,2.0,118.9804,1.3192264463742722,0.12649197416061442
5-17C,2.0,119.0503,0.4019330722603527,0.170620813268374
5-17C,2.0,120.9273,1.1367856865723387,1.06369873180073
5-17C,2.0,121.0295,1.3426786451406139,0.45819259549099317
5-17C,2.0,121.0409,2.4514782996430147,0.39506071413552846
5-17C,2.0,122.0248,-0.1025532238907293,0.18878254931305435
5-17C,2.0,124.0075,0.2129884063641288,0.3319000630709593
5-17C,2.0,124.0144,0.07506219037140896,0.05658194210715433
5-17C,2.0,125.0439,-0.42382713465944727,0.1210014350685599
5-17C,2.0,127.0764,1.4582656233120543,0.8553936997069465
5-17C,2.0,128.0354,-0.3790216454980414,0.006034808623095575
5-17C,2.0,129.0193,-0.8720855900034794,0.03904945497286018
5-17C,2.0,129.0556,1.297542156270753,0.619645389588538
5-17C,2.0,130.0142,-0.6536375136732342,0.12524035648550286
5-17C,2.0,130.0509,-1.0043353889145759,0.017545059837338645
5-17C,2.0,130.0874,-1.0272352675271479,0.039004370359034826
5-17C,2.0,131.0008,-0.7586516779812125,0.7880670544332485
5-17C,2.0,131.0123,-0.5911126273204204,0.12833862548826244
5-17C,2.0,131.035,1.2947954227014136,0.23157785868069186
5-17C,2.0,131.0462,0.7852908475322227,0.367656597021797
5-17C,2.0,131.0828,-0.5086565521560564,0.2290977418627273
5-17C,2.0,132.0302,-1.0827225375697593,0.005823280817598597
5-17C,2.0,133.0142,-0.3338946027250091,0.045055953433958566
5-17C,2.0,133.0257,-0.4012035506819839,0.11070307082710468
5-17C,2.0,133.0505,-0.817020472184409,0.020876195205501002
5-17C,2.0,134.0472,-0.6616085316278811,0.404726746074696
5-17C,2.0,134.0604,-0.7644306529134783,0.4272313881362258
5-17C,2.0,135.0302,-0.8549627110891747,0.16090107429803496
5-17C,2.0,135.0453,-1.0916828882083403,0.04987170922657633
5-17C,2.0,136.0404,-0.4170809994661596,0.1214088284188672
5-17C,2.0,136.0487,-1.0791186681032285,0.20300110792808926
5-17C,2.0,136.0767,1.766471699336193,0.30482544551936175
5-17C,2.0,137.0239,-0.1883588875719724,0.19414397583105708
5-17C,2.0,138.9789,1.6706435170041967,0.4187449821132582
5-17C,2.0,139.0014,-0.30737021111562923,0.07490078873758814
5-17C,2.0,139.0067,-0.6501227924256721,0.026979023863922345
5-17C,2.0,139.976,0.6017971010397369,0.6577412709440024
5-17C,2.0,143.0713,2.3016391098170037,0.3475280159258498
5-17C,2.0,143.1077,2.4958540832075418,0.2299318936517178
5-17C,2.0,145.0141,-0.05928937511630554,0.1544417000546874
5-17C,2.0,145.0506,-0.5361072139290484,0.028175788950691373
5-17C,2.0,145.0623,-0.7807738536078703,0.11383431323171539
5-17C,2.0,145.0982,-0.024708743585089836,0.18616014858782234
5-17C,2.0,145.1106,-0.11178556373950733,0.6766190346170472
5-17C,2.0,146.0459,-0.48675418134578385,0.008182368796656856
5-17C,2.0,147.0298,-0.8976624255791563,0.009745221881472997
5-17C,2.0,147.0662,-0.7772069434577804,0.0185166881862941
5-17C,2.0,149.0092,1.8433075624681101,0.2304603601448084
5-17C,2.0,149.0456,1.3445363391523162,0.18351654697313985
5-17C,2.0,149.0608,1.5627353926543677,0.46162466475848757
5-17C,2.0,150.0422,-0.672130834768931,0.5567471211794913
5-17C,2.0,150.9707,-0.1555255344637992,0.7039234242931619
5-17C,2.0,151.0259,-0.6454049166548591,0.07478975122708167
5-17C,2.0,151.04,1.0397547339947897,0.4349549570597961
5-17C,2.0,151.06,0.4043147292334098,0.6448609627433503
5-17C,2.0,152.0353,1.2182106062692957,0.30727924023589176
5-17C,2.0,152.0716,1.816903783142823,0.42778688317094343
5-17C,2.0,153.0192,0.2519302839647519,0.08724146187180477
5-17C,2.0,154.062,-0.2039615192816694,0.11943467064259897
5-17C,2.0,154.9751,-0.9627834668813295,0.013919863385411171
5-17C,2.0,155.0099,-0.8101860624680159,0.004842721997583988
5-17C,2.0,157.0128,-0.8243640410663449,0.03367770644698702
5-17C,2.0,157.0255,-0.9415011123991196,0.014035217363747606
5-17C,2.0,157.0379,-0.9094240306836929,0.03948903790897444
5-17C,2.0,157.0504,-0.9361357992437467,0.053816224441955864
5-17C,2.0,159.0297,1.013631524083518,0.3071904186786599
5-17C,2.0,159.0775,-1.0436759996462996,0.04728516600146711
5-17C,2.0,160.0616,-0.9965361904645835,0.11940468015173626
5-17C,2.0,161.0453,1.0178102093685155,0.2074821195549633
5-17C,2.0,162.0424,-1.0103905147238903,0.10670410907419808
5-17C,2.0,163.0351,-1.0313423623364861,0.0323970537465386
5-17C,2.0,163.0398,0.3672155866875073,0.06338929216479774
5-17C,2.0,163.0611,0.3763700910884916,0.8183530321339026
5-17C,2.0,164.0716,-0.5170116063969309,0.05532490028212222
5-17C,2.0,165.03,1.2932469913555522,0.7708927680341836
5-17C,2.0,165.0405,1.642687329497846,0.6201903353580119
5-17C,2.0,165.0556,-0.5805169368151571,0.0851903532833878
5-17C,2.0,166.0508,-0.7624920671406525,0.38971652743081237
5-17C,2.0,166.0632,0.27579062029954593,0.4868303905314509
5-17C,2.0,166.9759,-0.3991802631712912,0.16886240728816831
5-17C,2.0,167.0207,-0.047489501276631166,0.49178821317376215
5-17C,2.0,167.0358,1.5660703820345605,0.3288047102482868
5-17C,2.0,167.0828,1.5792818866874474,0.9841219469622933
5-17C,2.0,168.0277,-0.43408996393344046,0.043244693951373134
5-17C,2.0,168.0664,1.6948738238658183,0.6379298859205665
5-17C,2.0,170.0455,-0.842174328806196,0.015261444225429414
5-17C,2.0,171.0065,-0.7500958315698598,0.24824823328023585
5-17C,2.0,171.0092,-0.7057449635140484,0.2273931288125629
5-17C,2.0,171.0284,-0.8618947986459021,0.06599332522795164
5-17C,2.0,172.0616,-1.071590283913198,0.21054643868685943
5-17C,2.0,172.962,-0.42226205831575103,0.053736675991335914
5-17C,2.0,173.0089,-0.7338779728855531,0.08920819641075972
5-17C,2.0,173.0453,-0.33482030641801425,0.25110696768662977
5-17C,2.0,173.0932,-0.8978626606528124,0.03707348693665606
5-17C,2.0,173.1041,-0.39812981460850716,0.22145153451961927
5-17C,2.0,174.0407,-0.9474145650538865,0.0036039405299479305
5-17C,2.0,174.088,-0.6951387723564161,0.14827731730852445
5-17C,2.0,175.022,-0.764965300156873,0.07177810738377834
5-17C,2.0,175.0361,-1.0546188254252695,0.007805546623124267
5-17C,2.0,175.0611,-1.0143354971773668,0.02513553894890242
5-17C,2.0,176.0776,-1.0422627828695643,0.193134563290582
5-17C,2.0,177.0402,1.5672032092718573,0.6489740413868781
5-17C,2.0,177.0553,-0.06729419383368765,1.194921425188206
5-17C,2.0,178.0509,-0.9193942460281828,0.037898258558141114
5-17C,2.0,179.0348,-0.48789854851872794,0.3724651645199512
5-17C,2.0,179.0561,1.5729900083529322,0.1653895549749237
5-17C,2.0,180.0663,1.4720665987069452,0.20891549256293773
5-17C,2.0,181.0505,-0.6224428797693097,0.6133258504787031
5-17C,2.0,182.9725,1.4012012325275354,0.44743811684504725
5-17C,2.0,183.0661,1.9275962352416032,0.5178745650899014
5-17C,2.0,184.0017,-0.5254730621934889,0.04286373300819605
5-17C,2.0,184.9856,-0.23697811030953203,0.14157434467645277
5-17C,2.0,186.1136,1.564124960707161,0.6478271509491975
5-17C,2.0,187.0234,-0.11190287705951572,0.3631663583376945
5-17C,2.0,188.035,-0.3186268870603349,0.9779487487077333
5-17C,2.0,188.0565,-1.027119187678159,0.005836840506611308
5-17C,2.0,189.0405,0.8211973413573483,0.139106006356299
5-17C,2.0,191.0197,-1.0485397651104544,0.13331059056807817
5-17C,2.0,191.0561,-1.1121924447467395,0.03741847741991793
5-17C,2.0,192.0663,0.21822312823681123,0.4328333702818472
5-17C,2.0,193.0349,0.12477324074612241,0.6076477971673591
5-17C,2.0,194.0682,-0.8897876094576446,0.15619752766320166
5-17C,2.0,194.0822,1.194132711938319,1.0028683748627958
5-17C,2.0,195.0509,-0.2088123924856195,0.1115216044944333
5-17C,2.0,195.0657,0.05106468807070528,0.6830924729448804
5-17C,2.0,196.0603,-1.014859529922311,0.09902929300752808
5-17C,2.0,198.0182,-0.6236140801687686,0.25138213809361715
5-17C,2.0,199.0019,-0.7601248866681883,0.2877319365852937
5-17C,2.0,200.9937,1.1683807141643503,0.4882399666792586
5-17C,2.0,201.0051,-1.1056495987206483,0.318505878225361
5-17C,2.0,203.0348,0.38411232405183915,0.2490112221677554
5-17C,2.0,203.0826,-0.07444048793608429,0.006875936023807744
5-17C,2.0,204.0498,0.7239542169419362,0.8682149923562601
5-17C,2.0,205.0351,-0.7078154883443717,0.07551696809554022
5-17C,2.0,206.0822,0.012768934420022415,1.1454542395506577
5-17C,2.0,209.0292,-0.30940711448399993,0.5520911008200738
5-17C,2.0,209.0814,1.141393773369297,0.6154708386553559
5-17C,2.0,211.0235,-0.36828707265092075,0.3562326276499407
5-17C,2.0,211.9968,-1.0227145731322844,0.05047824071945789
5-17C,2.0,212.0331,-0.5666759431989571,0.35511697279064747
5-17C,2.0,212.9807,-0.5626286407342246,0.10198410246838505
5-17C,2.0,213.014,-0.6873292081755396,0.40016330127098193
5-17C,2.0,213.0384,-0.5201546418776472,0.15493370001395468
5-17C,2.0,213.1252,0.875299180780158,1.0855491792791916
5-17C,2.0,214.0488,0.07794412903711358,0.5775999049672361
5-17C,2.0,215.0331,1.2057337109125046,0.16920001610325605
5-17C,2.0,216.1351,0.4727002047813489,0.0320592850970202
5-17C,2.0,218.0335,1.1907684143180393,0.13158382666270418
5-17C,2.0,218.1034,-1.1215181550149955,0.015062653369994483
5-17C,2.0,220.0828,1.046284940109756,0.30713511285562045
5-17C,2.0,221.0443,1.4881552247696592,0.05052463421267047
5-17C,2.0,221.0664,-0.07204834032558255,0.3954535417692703
5-17C,2.0,225.0399,0.8984425520720619,0.7087296492700232
5-17C,2.0,225.0861,1.3251068029103772,0.5752453465736743
5-17C,2.0,225.0901,1.0872140364150675,0.6183660872767963
5-17C,2.0,226.0135,-0.11074973086216001,0.13570049154691177
5-17C,2.0,226.0697,0.34236592496252893,0.23419738427879125
5-17C,2.0,228.0501,-0.7239730131656227,0.25925100382862937
5-17C,2.0,229.0122,-0.8011542872624822,0.33014906147845996
5-17C,2.0,237.0614,-1.2382805380632989,0.15076071987662054
5-17C,2.0,238.0945,0.8422644823852312,0.1675227502701703
5-17C,2.0,240.0515,-1.126148022965478,0.029937663331933734
5-17C,2.0,241.0844,-1.1446735689820464,0.47013479217692355
5-17C,2.0,242.0804,-0.022356420386881966,0.3270706663888213
5-17C,2.0,243.029,0.26341932592303485,0.37915297466928566
5-17C,2.0,243.0625,-0.9110117547620318,0.18456576488389892
5-17C,2.0,245.0444,-0.5574960837623906,0.2691329941342489
5-17C,2.0,246.0198,0.3484543081524424,0.5314192416269444
5-17C,2.0,246.064,0.7742419982862739,0.49617880172142226
5-17C,2.0,251.0816,0.41654490667741173,0.2769116271918283
5-17C,2.0,253.0119,-0.3229984741477446,0.010286872152210705
5-17C,2.0,253.0499,-0.16871576061487756,0.7672219402882069
5-17C,2.0,257.0072,-0.7047516925612658,0.5401805091709961
5-17C,2.0,257.1028,0.75735354433731,0.4975833951148603
5-17C,2.0,259.005,-0.30597906292199434,0.5695270718778785
5-17C,2.0,259.0227,0.5939126771350236,0.36110718674791514
5-17C,2.0,261.0385,0.3047666638177755,0.6351828264931801
5-17C,2.0,266.0703,-0.622822183480871,0.21418184859057804
5-17C,2.0,267.0724,-0.7103404748607655,0.007553477479932212
5-17C,2.0,268.02,-0.04045871814038765,0.9221348472456184
5-17C,2.0,269.0398,-0.6594188461269975,0.11954950592586434
5-17C,2.0,271.0612,0.42170902356594797,0.49472278374814765
5-17C,2.0,271.0815,0.17895210457924138,0.14508720962743027
5-17C,2.0,273.0021,-0.7886598079245497,0.10355221002769145
5-17C,2.0,274.0933,-0.8676019663174339,0.1668156253096563
5-17C,2.0,275.0184,0.011713789406740963,0.42205206819143937
5-17C,2.0,275.0991,-0.7381230286571467,0.23473806726257707
5-17C,2.0,277.1207,0.3260711661946022,0.07759465849800198
5-17C,2.0,277.2169,0.4849860682482995,0.33958542933394026
5-17C,2.0,279.2331,-0.2731539689648757,0.032124183896467096
5-17C,2.0,282.0839,-0.061620357993531036,0.480997212646491
5-17C,2.0,283.2063,-0.11982081131198906,0.16814577645650608
5-17C,2.0,285.0972,0.7333409711468928,0.27150082455450397
5-17C,2.0,287.0157,2.808877495425638,1.0030432383939132
5-17C,2.0,288.0725,-0.6863259092005095,0.07462897820731379
5-17C,2.0,289.0333,-0.29295809786071547,0.15750240695451959
5-17C,2.0,289.1044,-1.0004537321767721,0.2671940552548603
5-17C,2.0,290.9677,-0.44275596559637576,0.10129250117130387
5-17C,2.0,294.0479,0.39517236424937807,0.5595054048108578
5-17C,2.0,300.0509,0.07721968175362962,0.6852032319593897
5-17C,2.0,301.0333,0.8509424659428508,0.39279124564523343
5-17C,2.0,303.2326,0.380070400051516,1.1129244553901656
5-17C,2.0,305.0207,2.4411210561392807,0.295769943055458
5-17C,2.0,306.0481,-1.1141282855360657,0.08573993953718231
5-17C,2.0,306.0765,-0.28159864544842017,0.03422507507663656
5-17C,2.0,308.0986,-0.3507343749945657,0.019687585858144258
5-17C,2.0,313.0441,-0.7398805066743865,0.24525662918060254
5-17C,2.0,313.1037,-0.517470524096463,0.29572158482296845
5-17C,2.0,317.026,0.10854785764165831,0.820392917669977
5-17C,2.0,323.0256,0.9467655548372298,0.7094753393400057
5-17C,2.0,325.1163,-0.3427348132275735,0.5024804718824052
5-17C,2.0,328.0457,-1.002503604011531,0.12482310129709695
5-17C,2.0,333.0589,-0.9700316299060587,0.22589292241742606
5-17C,2.0,338.9884,-0.5270067236812987,0.3217383006952927
5-17C,2.0,339.0928,-0.5686127490758022,0.7133716249354243
5-17C,2.0,341.1089,-0.3130366419383275,0.15585757165198835
5-17C,2.0,344.0393,-0.4151174085263074,0.13741157261479642
5-17C,2.0,346.0556,-0.4706086270944885,0.017037526959506666
5-17C,2.0,348.087,-1.134882761764616,0.04866951142933306
5-17C,2.0,353.0489,-1.38565217515603,0.5214621125203472
5-17C,2.0,357.089,-0.7764410378952523,0.14042729441369475
5-17C,2.0,375.131,-0.7420090587498532,0.24691012522975642
5-17C,2.0,377.1496,-0.219665129872906,0.6473678011282963
5-17C,2.0,383.1188,-0.25500081258669843,0.36846716720262335
5-17C,2.0,388.9416,-0.06020331256852522,0.5132961119656629
5-17C,2.0,388.9442,-0.4967902889735991,0.2596174708126587
5-17C,2.0,401.0756,1.4978839316064443,0.11817669121929153
5-17C,2.0,407.2795,0.02940389166273885,0.13511624467751998
5-17C,2.0,421.0743,-0.7515711241128094,0.6489257138195014
5-17C,2.0,426.0222,-0.21706068879863477,0.18261380184314532
5-17C,2.0,442.9997,0.0763703670204363,0.37536549443136863
5-17C,2.0,466.9657,2.5405896365810445,0.38466070553897036
5-17C,2.0,490.9787,1.3130495035280596,1.1352498993865812
5-17C,2.0,503.1614,-0.49120133931717125,0.5361460562769875
5-17C,2.0,547.0731,-1.0435034056809178,0.08801985913949667
5-17C,2.0,565.0471,-0.34173073055015807,0.20668773735723994
5-17C,2.0,578.8872,0.8761012867903346,0.16036952503110188
5-17C,2.0,579.0269,0.5428024410229028,0.15697773272514245
5-17C,2.0,612.2549,-1.2476963624576138,0.3285168803129916
5-17C,2.0,624.2949,-0.7689958671757011,0.36508026456483217
5-17C,2.0,659.307,1.7398346310152075,0.1786445007258579
5-17C,2.0,664.0939,-0.3089519824589315,0.15156200405013914
5-17C,2.0,665.2144,-0.9558074484939986,0.2409414162124895
5-17C,2.0,668.1374,-0.6163125446917015,0.0003856290953542977
5-17C,2.0,787.255,1.3573151400693635,0.11291772696307747
5-17C,2.0,790.2568,1.3747506624505716,0.7232313300604593
5-17C,2.0,835.0407,-0.8220616830578749,0.21058883278363416
5-17C,2.0,863.2971,-0.6578301749789164,0.10814715035378594
5-17C,2.0,864.1473,0.842425221609097,0.46168746841039426
5-17C,2.0,974.2935,-0.2493832514141337,0.17412581330617993
5-17C,2.0,976.7162,1.4374396162633176,0.1617786748544832
5-17C,3.0,57.0342,0.6098664790730594,0.1658886361931037
5-17C,3.0,58.0295,-0.7127016851905774,0.06698296269624378
5-17C,3.0,59.0135,0.1297325213308109,0.1286227344670793
5-17C,3.0,71.0137,0.47189024279848546,0.11693871929509068
5-17C,3.0,73.0293,-0.8595367754907366,0.010611887949429525
5-17C,3.0,74.0247,-0.6934881608491444,0.36098613758663795
5-17C,3.0,75.0087,0.5128289179694869,0.3737480733357684
5-17C,3.0,87.0088,-0.6857585182572836,0.00862820687971669
5-17C,3.0,87.0451,0.39655163098676277,0.7088326351179205
5-17C,3.0,88.0403,-0.7447230209301401,0.04929874585843398
5-17C,3.0,88.9883,-0.500416914998998,0.1514498421584959
5-17C,3.0,89.0244,-0.6709625072068071,0.06329551267395986
5-17C,3.0,93.0338,-0.05086423902399764,0.007671658926604131
5-17C,3.0,94.9761,-1.3221983069270056,0.20150617051042208
5-17C,3.0,94.9806,0.9828602459591591,0.15343321194630433
5-17C,3.0,95.0139,0.5625138539225891,0.11139344317646302
5-17C,3.0,101.0242,0.47868025708733053,0.187005438807785
5-17C,3.0,102.056,-0.5198914219155524,0.03448246520947133
5-17C,3.0,103.0402,-0.7892515444631962,0.023237876399650026
5-17C,3.0,103.0509,-0.8173016960710211,0.09706975612092972
5-17C,3.0,104.0352,-0.2688266771971276,0.08686371275296076
5-17C,3.0,105.0193,0.20966633296831427,0.0995426915633351
5-17C,3.0,107.0503,0.10889878618563566,0.5056093415541664
5-17C,3.0,109.0295,-0.3727475680882985,0.15744410201051015
5-17C,3.0,111.02,-0.33460636350398126,0.06277930305356061
5-17C,3.0,112.0516,-0.28781680652654285,0.4449552722670567
5-17C,3.0,113.0244,0.5875323858198593,0.15512538546898008
5-17C,3.0,113.0357,-0.03327942045195665,0.11053031186592768
5-17C,3.0,114.056,-0.2415791900744682,0.0015601023461644563
5-17C,3.0,115.0037,-0.6963135700236582,0.0409972489392187
5-17C,3.0,115.0402,-0.49261571751929867,0.5085278304429752
5-17C,3.0,115.0764,0.802847571504786,0.5337182482680244
5-17C,3.0,116.0354,-0.707168697450062,0.30726331164639775
5-17C,3.0,116.0717,-0.7872908185842342,0.007279986225000285
5-17C,3.0,117.0194,-0.8472457360854471,0.008913719154019572
5-17C,3.0,118.0508,-0.8808624822355327,0.17933195773003938
5-17C,3.0,118.9804,0.709281855723771,0.20458216694102332
5-17C,3.0,119.0503,-0.6757640903084714,0.15750525637734902
5-17C,3.0,120.9273,1.8131339769171417,1.1759062105288178
5-17C,3.0,121.0295,0.7721506356540533,0.742119583014244
5-17C,3.0,121.0409,0.988508990971531,0.46483724244830815
5-17C,3.0,122.0248,-0.8593762643723085,0.4903171333222788
5-17C,3.0,124.0075,-0.28661242723094327,0.25801472504223444
5-17C,3.0,124.0144,0.0019224992100424984,0.2804108059013045
5-17C,3.0,125.0439,-0.48837383463535844,0.307662189858808
5-17C,3.0,127.0764,0.9603439873295274,0.8590570666474666
5-17C,3.0,128.0354,-0.3207032504473498,0.004629470511153908
5-17C,3.0,129.0193,-0.7498913148394039,0.09442447167976119
5-17C,3.0,129.0556,0.2734778228079082,0.3644014376289066
5-17C,3.0,130.0142,-0.690597458451083,0.32637683687930213
5-17C,3.0,130.0509,-0.7767701500809439,0.032280020937363346
5-17C,3.0,130.0874,-0.9058378811326974,0.044479802071318596
5-17C,3.0,131.0008,-0.03612612663567166,0.8667756372718789
5-17C,3.0,131.0123,-0.6934810302636429,0.02158829300836739
5-17C,3.0,131.035,0.30113735775743866,0.38966606576283597
5-17C,3.0,131.0462,0.20349418753044615,0.46596178888487827
5-17C,3.0,131.0828,0.14265699154466746,0.09922849017276135
5-17C,3.0,132.0302,-0.6195689224804413,0.0452648682210788
5-17C,3.0,133.0142,-0.38212813917443256,0.04934336639754821
5-17C,3.0,133.0257,-0.37711719493833784,0.03868035675578983
5-17C,3.0,133.0505,-0.39477352557165724,0.09275340020116157
5-17C,3.0,134.0472,-0.5643249650318276,0.23279533660009358
5-17C,3.0,134.0604,-1.0288228761749327,0.49932952243057344
5-17C,3.0,135.0302,-0.5803103232925454,0.05978010029823319
5-17C,3.0,135.0453,-1.3635443218685679,0.20835016093555458
5-17C,3.0,136.0404,-0.37758549345376385,0.15033683831033698
5-17C,3.0,136.0487,-1.2511737428701073,0.18770793568916389
5-17C,3.0,136.0767,0.36059780910120653,0.5724732995178134
5-17C,3.0,137.0239,-0.2087940661781465,0.10346272889501051
5-17C,3.0,138.9789,-0.417550890078216,0.3523842493974514
5-17C,3.0,139.0014,-0.2993588637128211,0.025672713321281675
5-17C,3.0,139.0067,-0.7498775503142749,0.027143451370129124
5-17C,3.0,139.976,-1.1780729150965952,0.575485419945587
5-17C,3.0,143.0713,0.8667608900793412,0.36110617876855416
5-17C,3.0,143.1077,0.19480083493880257,0.5585111129401908
5-17C,3.0,145.0141,-0.3103294575449951,0.2012103508648859
5-17C,3.0,145.0506,-0.7699732329037622,0.1302134598635391
5-17C,3.0,145.0623,-0.6460946157158298,0.13239447057284753
5-17C,3.0,145.0982,0.2061714529543761,0.2907131460390022
5-17C,3.0,145.1106,-0.08022169076455771,0.5220315082360835
5-17C,3.0,146.0459,-0.44051493980044176,0.0043021715902470435
5-17C,3.0,147.0298,-0.8084805775063737,0.023564913278198308
5-17C,3.0,147.0662,-0.19395359967170345,0.11379582660288136
5-17C,3.0,149.0092,0.17585270347229076,0.5450672778692318
5-17C,3.0,149.0456,0.44123717405670954,0.308091782867671
5-17C,3.0,149.0608,-0.0708259883182778,0.7966815481926632
5-17C,3.0,150.0422,-0.8991234385058499,0.339392799396326
5-17C,3.0,150.9707,0.14185555746125028,0.1385810227129467
5-17C,3.0,151.0259,-0.698582964634938,0.06154844317210072
5-17C,3.0,151.04,-0.8070893096275344,0.5145158199413001
5-17C,3.0,151.06,-0.38027289429032085,0.4820671254670155
5-17C,3.0,152.0353,-1.0127205881602583,0.9122773469032182
5-17C,3.0,152.0716,0.25498509712702877,0.6993312017418029
5-17C,3.0,153.0192,0.07234915082029147,0.13401459412590044
5-17C,3.0,154.062,-0.08845289786099274,0.18442316620421897
5-17C,3.0,154.9751,-0.8662543673222944,0.016922535112308984
5-17C,3.0,155.0099,-0.3507192566351379,0.08935480078982531
5-17C,3.0,157.0128,-0.7100546515301663,0.06593500279651315
5-17C,3.0,157.0255,-0.29139353934835155,0.07606316795294156
5-17C,3.0,157.0379,-0.25834602549566554,0.07216380328554424
5-17C,3.0,157.0504,-0.7319499931134349,0.051427899928750014
5-17C,3.0,159.0297,0.5515538634337115,0.18043264587959398
5-17C,3.0,159.0775,-0.7936502670163812,0.06695441438631003
5-17C,3.0,160.0616,-1.1208629545403195,0.39995935365804186
5-17C,3.0,161.0453,-0.2810163794953349,0.3316059982658916
5-17C,3.0,162.0424,-0.7087706333165406,0.18483309901803127
5-17C,3.0,163.0351,-0.9786221212460533,0.2410949473214241
5-17C,3.0,163.0398,0.5394521024829504,0.045633272441046785
5-17C,3.0,163.0611,-0.2938339321875302,0.9261806442518666
5-17C,3.0,164.0716,-0.43280030937787517,0.044322675146196935
5-17C,3.0,165.03,-0.38251614551647883,0.11054211540651246
5-17C,3.0,165.0405,-0.2516465908894116,0.4714289435693887
5-17C,3.0,165.0556,-0.8115248053341259,0.11691783534308807
5-17C,3.0,166.0508,-0.7978756292084164,0.30649908036472906
5-17C,3.0,166.0632,-1.0632723386764873,0.8508829018335169
5-17C,3.0,166.9759,-0.761071299845246,0.34287473798315304
5-17C,3.0,167.0207,-0.377755353671027,0.22372132287496563
5-17C,3.0,167.0358,-0.17673913693779536,0.6368508902378108
5-17C,3.0,167.0828,-0.2972958354833419,0.7010489729262368
5-17C,3.0,168.0277,-0.4221440879635847,0.037252143541755385
5-17C,3.0,168.0664,-0.5208820301579841,0.19601391988073633
5-17C,3.0,170.0455,-0.8230339202918677,0.006758515248458577
5-17C,3.0,171.0065,-0.5469026404804238,0.14145857723305433
5-17C,3.0,171.0092,-0.5588226969198065,0.23264142501286844
5-17C,3.0,171.0284,-0.7647511224865362,0.07270705787329092
5-17C,3.0,172.0616,-0.4625522207643603,0.02156479152507264
5-17C,3.0,172.962,-0.4510287787897909,0.16293766632182935
5-17C,3.0,173.0089,-0.6385472462806674,0.05001090714974171
5-17C,3.0,173.0453,-0.3629415162407808,0.17199476004708433
5-17C,3.0,173.0932,-0.6811452729363763,0.08457604558686259
5-17C,3.0,173.1041,0.19027752021658323,0.14620279226063
5-17C,3.0,174.0407,-0.6694453458079761,0.009387636559297304
5-17C,3.0,174.088,-0.5110735016672546,0.18786216397779656
5-17C,3.0,175.022,-0.7218870238566113,0.09321518791540793
5-17C,3.0,175.0361,-0.6593422642450693,0.03403293622125494
5-17C,3.0,175.0611,-0.7404300252793412,0.018590503405755122
5-17C,3.0,176.0776,-0.7985468205915239,0.14776814980121125
5-17C,3.0,177.0402,0.595677354839999,0.2445344940249698
5-17C,3.0,177.0553,-0.49390349558962243,0.5020716994054187
5-17C,3.0,178.0509,-0.6708830129154778,0.05988031220559536
5-17C,3.0,179.0348,-0.27252921703046495,0.28589791500874095
5-17C,3.0,179.0561,0.4871942466168929,0.06317124115438943
5-17C,3.0,180.0663,0.4373215419629529,0.16807326046710097
5-17C,3.0,181.0505,-0.6321192857353561,0.35114963928865106
5-17C,3.0,182.9725,0.4486863015228908,0.15514638341255574
5-17C,3.0,183.0661,-0.5329760267051771,0.6644666057530372
5-17C,3.0,184.0017,-0.4894372613153085,0.015130166521370697
5-17C,3.0,184.9856,-0.3705480219421222,0.13282174706921981
5-17C,3.0,186.1136,0.49617820304081006,0.41547994427860846
5-17C,3.0,187.0234,-0.5280635151239682,0.2594814385509844
5-17C,3.0,188.035,-0.5584883084931449,0.4006786022337172
5-17C,3.0,188.0565,-0.7134528701731552,0.02529269496117542
5-17C,3.0,189.0405,1.8591269113147662,0.165582359610482
5-17C,3.0,191.0197,-0.37932640655994826,0.16397316253007177
5-17C,3.0,191.0561,-0.6936616395015152,0.10357993694571903
5-17C,3.0,192.0663,-0.7276874718362143,0.4531050728361131
5-17C,3.0,193.0349,-0.11350496356191939,0.4507218126959063
5-17C,3.0,194.0682,-0.3688468025104563,0.22869847790550435
5-17C,3.0,194.0822,-0.33679517963324673,0.4622443662287122
5-17C,3.0,195.0509,0.5411173026298552,0.2408061300416441
5-17C,3.0,195.0657,-0.020849137474727813,0.32348089024370585
5-17C,3.0,196.0603,-0.5677727209867449,0.08565203442650447
5-17C,3.0,198.0182,-0.803032146582253,0.28902394821252864
5-17C,3.0,199.0019,-0.09258827232850471,0.1646009994676208
5-17C,3.0,200.9937,-0.024124651715752204,0.27426765614031484
5-17C,3.0,201.0051,0.8268298069966089,0.19572446023812487
5-17C,3.0,203.0348,-0.6615921435096859,0.1539219743495352
5-17C,3.0,203.0826,-0.09105008444935818,0.0026184102601584337
5-17C,3.0,204.0498,1.1224998301070497,1.0450682942201484
5-17C,3.0,205.0351,-0.22337649969945741,0.11958478528528735
5-17C,3.0,206.0822,-0.9963802938762355,1.1569098352396194
5-17C,3.0,209.0292,-0.9127171426924565,0.41714153403778864
5-17C,3.0,209.0814,0.183981316951698,0.3241944414194438
5-17C,3.0,211.0235,-0.7061578186310613,0.1613636650867957
5-17C,3.0,211.9968,-0.7662719605551014,0.051468191135984685
5-17C,3.0,212.0331,-0.5123489845062247,0.09944307374770699
5-17C,3.0,212.9807,-0.802793008754068,0.03782173367505863
5-17C,3.0,213.014,-0.5757586619456135,0.28650780029461415
5-17C,3.0,213.0384,-0.6467380685184483,0.03133457762766444
5-17C,3.0,213.1252,0.738466375632708,0.5132507720810918
5-17C,3.0,214.0488,-1.0519849449578316,0.5627345988867359
5-17C,3.0,215.0331,0.4384479724387994,0.10421548689707882
5-17C,3.0,216.1351,1.4071480166462682,0.2101670652710257
5-17C,3.0,218.0335,0.5377812150446794,0.05960780114473288
5-17C,3.0,218.1034,-0.2034747649280691,0.04068435901223709
5-17C,3.0,220.0828,-0.7406689613776811,0.721099915378194
5-17C,3.0,221.0443,0.22491648489842464,0.07098915164528044
5-17C,3.0,221.0664,-0.6347792983397911,0.30047400963276205
5-17C,3.0,225.0399,-0.6116999257699296,0.9691351612538385
5-17C,3.0,225.0861,-0.5695289070820373,0.20129320869571476
5-17C,3.0,225.0901,-0.07222130673597538,0.7883659596837876
5-17C,3.0,226.0135,-1.019016650770554,0.077031010584267
5-17C,3.0,226.0697,-0.002654230812622796,0.3005080566336576
5-17C,3.0,228.0501,-0.155532719036979,0.3959343484402713
5-17C,3.0,229.0122,-0.6281466593412983,0.09513632973961127
5-17C,3.0,237.0614,-0.5153111005761879,0.190600349668879
5-17C,3.0,238.0945,1.08501756572839,0.11701784412719092
5-17C,3.0,240.0515,-0.26292246029374355,0.02556201640512342
5-17C,3.0,241.0844,-0.3066896940757413,0.20185710885630806
5-17C,3.0,242.0804,0.33153800460943084,0.6651278934644047
5-17C,3.0,243.029,-0.5298949264291735,0.22643533241123098
5-17C,3.0,243.0625,-0.8573657697157455,0.20728239072041554
5-17C,3.0,245.0444,-1.0058206048755975,0.3700081346830397
5-17C,3.0,246.0198,-0.778004224165649,0.33473565293507285
5-17C,3.0,246.064,0.49927671214291736,0.4512465151678313
5-17C,3.0,251.0816,-0.20157401298545893,0.35516328558071303
5-17C,3.0,253.0119,-0.27353704060788364,0.020101197619817796
5-17C,3.0,253.0499,0.3219877998157477,0.5029433427612056
5-17C,3.0,257.0072,-0.6075846821206293,0.3230067403125107
5-17C,3.0,257.1028,0.7880933444952076,0.800626674334598
5-17C,3.0,259.005,-0.2847429467204609,0.406043628998438
5-17C,3.0,259.0227,0.6792063085688015,0.2031115393222021
5-17C,3.0,261.0385,-0.3749784859073851,0.38168584600060107
5-17C,3.0,266.0703,-0.9303217601584177,0.16925145060683244
5-17C,3.0,267.0724,-0.6550425359636294,0.015161513389603806
5-17C,3.0,268.02,-0.713229757562873,0.6306184793824574
5-17C,3.0,269.0398,-0.6742748322827744,0.14329008621639266
5-17C,3.0,271.0612,0.1472967724088338,0.22332989619934757
5-17C,3.0,271.0815,0.7481631065798642,0.5331414965796153
5-17C,3.0,273.0021,-0.7883730539308845,0.12638653129092686
5-17C,3.0,274.0933,-0.02672636752002666,0.5514663564821732
5-17C,3.0,275.0184,-0.3305111315121001,0.334457903563009
5-17C,3.0,275.0991,-0.6969144316432756,0.1712926883152738
5-17C,3.0,277.1207,0.8827773457781345,0.15136904234840948
5-17C,3.0,277.2169,-0.23625618307386853,0.1300026675441811
5-17C,3.0,279.2331,-0.20228312179717567,0.02669707382804304
5-17C,3.0,282.0839,0.7822090502330719,0.3069518806600736
5-17C,3.0,283.2063,-0.14431210723223026,0.07563746457228562
5-17C,3.0,285.0972,-0.44374658338097,0.6302208214722804
5-17C,3.0,287.0157,0.3805575098717058,0.1651225538220298
5-17C,3.0,288.0725,-0.4204948579713299,0.06335715290377698
5-17C,3.0,289.0333,-0.7061056566770636,0.4319951156474286
5-17C,3.0,289.1044,-0.4777519488226688,0.07616692540751284
5-17C,3.0,290.9677,-0.445429501313384,0.10229660238872887
5-17C,3.0,294.0479,-0.06079569378245537,0.5116484648270231
5-17C,3.0,300.0509,0.4332779500265357,0.9236246473326934
5-17C,3.0,301.0333,-0.45396753775415766,0.6081173981461385
5-17C,3.0,303.2326,0.1875993066205596,0.520880450717485
5-17C,3.0,305.0207,0.3345374909148313,0.18388124850617282
5-17C,3.0,306.0481,-0.5854088772502254,0.11177697900585458
5-17C,3.0,306.0765,-0.23747500246536635,0.01905994011323672
5-17C,3.0,308.0986,-0.2094820616318704,0.027928873454540926
5-17C,3.0,313.0441,-0.4707008850970055,0.3312582683218403
5-17C,3.0,313.1037,-0.5909003994747097,0.7760166780804536
5-17C,3.0,317.026,-0.1201802679011974,0.7032162438397458
5-17C,3.0,323.0256,0.9177781330098698,0.607094025713159
5-17C,3.0,325.1163,-0.16090609607414894,0.37118297946717027
5-17C,3.0,328.0457,-0.49876525700969365,0.11084764509364674
5-17C,3.0,333.0589,-0.624468408534397,0.5167337289502312
5-17C,3.0,338.9884,-0.6627965528620062,0.9644618932213724
5-17C,3.0,339.0928,0.4270460501890899,0.54562891701941
5-17C,3.0,341.1089,-0.6176941683868988,0.1539743645946737
5-17C,3.0,344.0393,-0.6425503137210995,0.326614901671252
5-17C,3.0,346.0556,-0.05063089360022477,0.14172955023009975
5-17C,3.0,348.087,-0.8373472941250957,0.17679716601905832
5-17C,3.0,353.0489,-0.23969403977695758,0.20208530157053756
5-17C,3.0,357.089,-0.7542017607961163,0.1543872842779182
5-17C,3.0,375.131,-0.08105163527901366,0.2661869560372829
5-17C,3.0,377.1496,0.17194780587427233,0.614006401436504
5-17C,3.0,383.1188,-0.3336608880477105,0.23992918693484958
5-17C,3.0,388.9416,-0.21095642236993536,0.2762650259542485
5-17C,3.0,388.9442,-0.6535138189651641,0.3768965673010817
5-17C,3.0,401.0756,0.40029169214015237,0.1334587673217261
5-17C,3.0,407.2795,1.175067696861266,0.6303577944038485
5-17C,3.0,421.0743,-0.8063538960951968,0.2784656977253932
5-17C,3.0,426.0222,-0.2021759519878012,0.2829026951258593
5-17C,3.0,442.9997,-0.12558072655753533,0.28600180974009926
5-17C,3.0,466.9657,0.17786079276930586,0.20396254382960807
5-17C,3.0,490.9787,-0.3518129682782132,0.3016666332315436
5-17C,3.0,503.1614,-0.6434072287343597,0.1637856931837953
5-17C,3.0,547.0731,-0.7554532272071198,0.17708202536396297
5-17C,3.0,565.0471,-0.2543104081303272,0.27353570177495906
5-17C,3.0,578.8872,0.6971036488681711,0.09251862639372438
5-17C,3.0,579.0269,0.23098301316266512,0.1276403881303937
5-17C,3.0,612.2549,-0.13592169763904866,0.6521585964277409
5-17C,3.0,624.2949,-0.9551565859773528,0.27894766010774374
5-17C,3.0,659.307,0.4541415355318893,0.17968005221959807
5-17C,3.0,664.0939,-0.5108536246944986,0.21386506452120718
5-17C,3.0,665.2144,-0.8244300499974039,0.23223841486420208
5-17C,3.0,668.1374,-0.6135586088738385,0.00018444702497741677
5-17C,3.0,787.255,0.33121234734765304,0.6498075951473595
5-17C,3.0,790.2568,0.16766526722668815,0.12816197682433964
5-17C,3.0,835.0407,-0.7839773329810611,0.09369407267312198
5-17C,3.0,863.2971,-0.650355452667568,0.1100771818830906
5-17C,3.0,864.1473,-0.06897900449946465,0.500836564654531
5-17C,3.0,974.2935,-0.48941744965873013,0.32772727849879163
5-17C,3.0,976.7162,0.6821988230671017,0.15636470761902807
5-17C,4.0,57.0342,0.6464725371314666,0.5167626122162514
5-17C,4.0,58.0295,-0.45787003928109016,0.1464885162109707
5-17C,4.0,59.0135,0.47588712074638456,0.3751213506928523
5-17C,4.0,71.0137,0.5667079386953624,0.14534903240851138
5-17C,4.0,73.0293,-0.6512400870513868,0.021258252723811048
5-17C,4.0,74.0247,-0.5255407795850444,0.4190016947935924
5-17C,4.0,75.0087,1.0985853070698433,0.5230827924487002
5-17C,4.0,87.0088,-0.6371149251019872,0.018939938044498766
5-17C,4.0,87.0451,0.506904105745922,0.6304025099220616
5-17C,4.0,88.0403,-0.6028890962327578,0.05021830497073289
5-17C,4.0,88.9883,1.3861602007385962,1.6017915932602254
5-17C,4.0,89.0244,-0.486450175949787,0.12144210798523143
5-17C,4.0,93.0338,-0.04178730376188451,0.013342920268476456
5-17C,4.0,94.9761,-1.0478241805434059,0.24070529460855367
5-17C,4.0,94.9806,0.8924814989830483,0.279379475564722
5-17C,4.0,95.0139,0.6446457532267005,0.2977328961530909
5-17C,4.0,101.0242,0.6531423962810456,0.36487184193637723
5-17C,4.0,102.056,-0.4742239400602135,0.02107798132814531
5-17C,4.0,103.0402,-0.6369596398739445,0.012478313392612567
5-17C,4.0,103.0509,-0.6595905803425319,0.05521243526973915
5-17C,4.0,104.0352,-0.31236507703144334,0.13485602861499574
5-17C,4.0,105.0193,1.0449677598710574,0.6017277314969595
5-17C,4.0,107.0503,-0.17473586104993993,0.5734285160989696
5-17C,4.0,109.0295,-0.09265564885469743,0.23740184386385316
5-17C,4.0,111.02,-0.15608282154720662,0.04583091027507502
5-17C,4.0,112.0516,-0.18971406823882458,0.21785705467403257
5-17C,4.0,113.0244,0.6275974203780771,0.22678507343275134
5-17C,4.0,113.0357,0.46098704284029324,0.1794981069629026
5-17C,4.0,114.056,-0.24643828767348905,0.0012838708516824818
5-17C,4.0,115.0037,-0.4642087769329334,0.12483189234817245
5-17C,4.0,115.0402,0.10102699742299925,0.684143907061701
5-17C,4.0,115.0764,-0.009455955318965488,0.35941835386303644
5-17C,4.0,116.0354,-0.3966426711136292,0.19186199836229892
5-17C,4.0,116.0717,-0.7973356800011395,0.003988571157325659
5-17C,4.0,117.0194,-0.6648646896521555,0.019057861759369868
5-17C,4.0,118.0508,-0.7437969385486479,0.33077169784442007
5-17C,4.0,118.9804,0.49374284971884375,0.1702121537505915
5-17C,4.0,119.0503,-0.3775567369795923,0.5441580885804628
5-17C,4.0,120.9273,-0.12310183354567869,0.240575657226244
5-17C,4.0,121.0295,-0.4792980437463077,0.4540535484353727
5-17C,4.0,121.0409,-0.017234461397800313,0.4771341257928388
5-17C,4.0,122.0248,0.40780415315718355,0.45246535580809877
5-17C,4.0,124.0075,-0.12977052619249033,0.32985722098519776
5-17C,4.0,124.0144,1.1796101803510024,0.25239037003011117
5-17C,4.0,125.0439,1.0627385880676745,0.16514514828688784
5-17C,4.0,127.0764,-0.03452220136240509,0.6087680146506158
5-17C,4.0,128.0354,-0.2985909578378036,0.015842497296103403
5-17C,4.0,129.0193,-0.5136584238432624,0.054887860062767274
5-17C,4.0,129.0556,0.0015788506516432599,0.464798507362909
5-17C,4.0,130.0142,-0.7183890448344268,0.2762435538407271
5-17C,4.0,130.0509,-0.4566024784776785,0.06096730107622797
5-17C,4.0,130.0874,-0.9008269298251383,0.05791620179440795
5-17C,4.0,131.0008,-0.2514080690469982,1.2243380356286189
5-17C,4.0,131.0123,-0.7469263811978556,0.09640272588369932
5-17C,4.0,131.035,1.1473646340681234,0.28100291441098524
5-17C,4.0,131.0462,1.397176566754469,0.2451788386834015
5-17C,4.0,131.0828,0.43055886696498236,0.3030868596297994
5-17C,4.0,132.0302,-0.3024829936029151,0.013125554802067013
5-17C,4.0,133.0142,-0.2620113252999808,0.054064024274729075
5-17C,4.0,133.0257,-0.3005279963377557,0.1347022036891352
5-17C,4.0,133.0505,0.02979463908970064,0.045919855183335245
5-17C,4.0,134.0472,-0.16485343465705796,0.1924202516682558
5-17C,4.0,134.0604,0.0030014881761838627,0.3494760518673258
5-17C,4.0,135.0302,-0.6090378313663607,0.025481179098661235
5-17C,4.0,135.0453,-0.8460787677859923,0.056299038726164846
5-17C,4.0,136.0404,-0.3283492846097945,0.08121012059766707
5-17C,4.0,136.0487,-0.8999960111405387,0.21219807736840723
5-17C,4.0,136.0767,-0.2397615090164722,0.629682627149837
5-17C,4.0,137.0239,-0.31426753219025144,0.20682104942220064
5-17C,4.0,138.9789,-0.3594683270562115,0.38957718884114934
5-17C,4.0,139.0014,-0.009141062684276299,0.07963000935943503
5-17C,4.0,139.0067,-0.687569970025117,0.042436564600010974
5-17C,4.0,139.976,-0.7784895610466153,0.4344112553791117
5-17C,4.0,143.0713,0.040196286290331076,0.3053446303491115
5-17C,4.0,143.1077,0.1830619191230492,0.24788609874403883
5-17C,4.0,145.0141,-0.25632874916644965,0.0615316926273579
5-17C,4.0,145.0506,-0.8087306166999373,0.15798225537225544
5-17C,4.0,145.0623,-0.6343747410320091,0.30513135461523416
5-17C,4.0,145.0982,0.9567349028430404,0.36962233816904255
5-17C,4.0,145.1106,0.5071408150301573,0.24858596005844638
5-17C,4.0,146.0459,-0.39840922372191234,0.004015390309124853
5-17C,4.0,147.0298,-0.7330682663267523,0.016697072710953227
5-17C,4.0,147.0662,0.27481134092781795,0.0433762260855475
5-17C,4.0,149.0092,-0.01817666526590969,0.39355130070751415
5-17C,4.0,149.0456,0.6906155608091673,0.12119194557007423
5-17C,4.0,149.0608,-0.3858625979328021,0.4176137622151153
5-17C,4.0,150.0422,-0.25000423834588903,0.7258745996769433
5-17C,4.0,150.9707,-0.32569360373202194,0.6190914633094338
5-17C,4.0,151.0259,-0.6372882672263207,0.08358835903097202
5-17C,4.0,151.04,0.4640858368769323,0.9342667808051682
5-17C,4.0,151.06,1.3831606364356432,0.7226976318148048
5-17C,4.0,152.0353,-0.8753543042528307,0.27118077777177896
5-17C,4.0,152.0716,0.21039654004313196,0.32795486157516296
5-17C,4.0,153.0192,0.2775248338515474,0.18390530681158523
5-17C,4.0,154.062,-0.07050664312049212,0.06194065407911557
5-17C,4.0,154.9751,-0.5959411516249202,0.01663695837347778
5-17C,4.0,155.0099,-0.15803793479432965,0.02668757035666444
5-17C,4.0,157.0128,-0.6203008642686445,0.03095102068788649
5-17C,4.0,157.0255,0.11416323065165426,0.08921528868842418
5-17C,4.0,157.0379,0.15463240575366183,0.07062987965860974
5-17C,4.0,157.0504,-0.49705858035058265,0.07924889381925271
5-17C,4.0,159.0297,1.2099916876240795,0.4478666104921012
5-17C,4.0,159.0775,-0.3452617228296974,0.11756826691527131
5-17C,4.0,160.0616,-0.6639034518619544,0.0722619476657406
5-17C,4.0,161.0453,0.7347167216619188,0.27661269298644064
5-17C,4.0,162.0424,0.2611012594630654,0.21988380626938958
5-17C,4.0,163.0351,-1.0218092119451336,0.3456676544267901
5-17C,4.0,163.0398,0.8921786669629942,0.13002279746428194
5-17C,4.0,163.0611,-0.2259323644774305,0.8686911743329903
5-17C,4.0,164.0716,-0.29240128552195377,0.048720502215583286
5-17C,4.0,165.03,0.18254112701131053,0.5318640060152396
5-17C,4.0,165.0405,-0.16266951840460991,0.5419375392977533
5-17C,4.0,165.0556,-0.5952191082403898,0.13793287726553416
5-17C,4.0,166.0508,0.31808515626644895,0.43244332798746626
5-17C,4.0,166.0632,0.2466991566540602,0.4665537004394378
5-17C,4.0,166.9759,-0.6909519702426202,0.40969475207543615
5-17C,4.0,167.0207,-0.2067991001016357,0.3597945942354549
5-17C,4.0,167.0358,0.003254768944276229,0.2816612646844212
5-17C,4.0,167.0828,-0.058537242161669785,0.15828346771465757
5-17C,4.0,168.0277,-0.39885719050335966,0.02250176034103169
5-17C,4.0,168.0664,0.9308433754204157,0.25015216764147713
5-17C,4.0,170.0455,-0.7504362761635575,0.017896704756289523
5-17C,4.0,171.0065,-0.1861013656103988,0.15047143525808032
5-17C,4.0,171.0092,-0.13179153474856262,0.255845415911302
5-17C,4.0,171.0284,-0.689090714480115,0.020592447231189234
5-17C,4.0,172.0616,0.23869252474305636,0.1578087251524781
5-17C,4.0,172.962,-0.5818422407520112,0.09692655671130371
5-17C,4.0,173.0089,-0.2613722634493342,0.18549520806033895
5-17C,4.0,173.0453,-1.063435338963185,0.14806638497988375
5-17C,4.0,173.0932,-0.42172921267638985,0.0878288859369321
5-17C,4.0,173.1041,0.47318828396195356,0.19090404198909297
5-17C,4.0,174.0407,-0.33482006458449964,0.01158289431426801
5-17C,4.0,174.088,-0.4162777617973169,0.17447780342664837
5-17C,4.0,175.022,-0.8594144209451968,0.21090068503376896
5-17C,4.0,175.0361,-0.2754786592888544,0.05294255933761154
5-17C,4.0,175.0611,-0.48955870681082736,0.026352758235142545
5-17C,4.0,176.0776,-0.5846736292046721,0.1095517178892497
5-17C,4.0,177.0402,1.3488598168235373,0.2725468883705372
5-17C,4.0,177.0553,0.4901253890870312,0.3828980453268731
5-17C,4.0,178.0509,-0.4572471896042734,0.05581260071466983
5-17C,4.0,179.0348,0.5444468435468444,0.4481645927462151
5-17C,4.0,179.0561,0.5428876554762968,0.1798180943590801
5-17C,4.0,180.0663,0.5404334359272882,0.17383738168812893
5-17C,4.0,181.0505,-0.6175324648014653,0.1284228516981136
5-17C,4.0,182.9725,0.5270994216597301,0.25464726182863373
5-17C,4.0,183.0661,0.2700753471329173,0.8688928192521294
5-17C,4.0,184.0017,-0.39574417903203973,0.02451088400930064
5-17C,4.0,184.9856,-0.15450298545582702,0.23590978357363834
5-17C,4.0,186.1136,0.6089795505630018,0.5608963826454472
5-17C,4.0,187.0234,-0.3130006350503921,0.423241174065335
5-17C,4.0,188.035,-0.5487641968134364,0.47494241862437014
5-17C,4.0,188.0565,-0.39605476014383423,0.02838932214510083
5-17C,4.0,189.0405,-0.5893883692929311,0.07567023486994585
5-17C,4.0,191.0197,0.3056875038821841,0.17686498653357036
5-17C,4.0,191.0561,-0.4336621368284453,0.04211130330246953
5-17C,4.0,192.0663,1.1801887879999022,0.8125735071634785
5-17C,4.0,193.0349,0.3444716124337013,0.23647082969379798
5-17C,4.0,194.0682,-0.7470516466466348,0.14516644215500327
5-17C,4.0,194.0822,1.5175037312141462,1.3960871384486515
5-17C,4.0,195.0509,0.6141520567083345,0.2142786569514716
5-17C,4.0,195.0657,0.5025518392943222,0.4128570676747913
5-17C,4.0,196.0603,-0.1651444426447207,0.3017284370868925
5-17C,4.0,198.0182,-0.7895547331427425,0.28490924411084306
5-17C,4.0,199.0019,-0.42988961886440336,0.19316686552721885
5-17C,4.0,200.9937,-0.032378525749830564,0.1663179225141031
5-17C,4.0,201.0051,-0.31174127921733674,0.5952351846751611
5-17C,4.0,203.0348,-0.460768985935583,0.3846601526952804
5-17C,4.0,203.0826,-0.08397478856859028,0.009739803740892158
5-17C,4.0,204.0498,-0.17309378696667974,0.34336471996617174
5-17C,4.0,205.0351,-0.1265085316466369,0.0965686057512068
5-17C,4.0,206.0822,1.061989728507623,0.9917910684446543
5-17C,4.0,209.0292,-0.852935852881368,0.4872485694551272
5-17C,4.0,209.0814,-0.14395025740131256,0.23501269222324514
5-17C,4.0,211.0235,-0.5865152031990002,0.3012709071936663
5-17C,4.0,211.9968,-0.33966556071355614,0.11844108991364344
5-17C,4.0,212.0331,-0.2324357973370033,0.19764642397855897
5-17C,4.0,212.9807,-0.7643058261922642,0.023487311587556053
5-17C,4.0,213.014,-0.3382806623919654,0.21058383372561262
5-17C,4.0,213.0384,-0.4902668883652358,0.1648212367885506
5-17C,4.0,213.1252,-0.30432480607923085,0.8692760404731668
5-17C,4.0,214.0488,0.1583412479911236,0.5337033077066314
5-17C,4.0,215.0331,0.6877146533785703,0.14466110860202694
5-17C,4.0,216.1351,0.9731253975411409,0.26914403165045236
5-17C,4.0,218.0335,0.6402328150037936,0.1696994179331869
5-17C,4.0,218.1034,0.19892744734895212,0.08516692924943081
5-17C,4.0,220.0828,0.27005724535837106,1.4404236242786432
5-17C,4.0,221.0443,0.2896952623186686,0.12620461498544353
5-17C,4.0,221.0664,1.229806578232393,0.7851483141776288
5-17C,4.0,225.0399,0.13602756104838637,0.7232451976048107
5-17C,4.0,225.0861,-0.3486224455765387,0.1819572911471519
5-17C,4.0,225.0901,0.32541029771521934,0.7074258376205629
5-17C,4.0,226.0135,-0.6988589556297452,0.2430745562622533
5-17C,4.0,226.0697,0.34387350367066005,0.07564388566597853
5-17C,4.0,228.0501,-0.5684067894837652,0.3206649924657574
5-17C,4.0,229.0122,-0.18718430751271958,0.2844608230363036
5-17C,4.0,237.0614,-0.2597486491078692,0.22683440587513412
5-17C,4.0,238.0945,-0.4660743976796927,0.08709581327047382
5-17C,4.0,240.0515,0.12515280560637068,0.09526544145746627
5-17C,4.0,241.0844,-0.2865601881838639,0.419945987957103
5-17C,4.0,242.0804,-0.3221752965722132,0.3035755719552465
5-17C,4.0,243.029,-0.37570438180614507,0.40196100030894727
5-17C,4.0,243.0625,-0.44933115618187147,0.16055023645656175
5-17C,4.0,245.0444,-0.0528427653601619,0.4782847838768986
5-17C,4.0,246.0198,-0.24139802266795646,0.7029696430404004
5-17C,4.0,246.064,-0.22814519576390885,0.629859117987129
5-17C,4.0,251.0816,0.004660371363306055,0.417264810476439
5-17C,4.0,253.0119,-0.2587091566938017,0.02423034794913082
5-17C,4.0,253.0499,-0.08638294846208808,1.1405693525989855
5-17C,4.0,257.0072,-0.36902291855603203,0.5860380564248943
5-17C,4.0,257.1028,0.3282259341330568,0.6395876207749432
5-17C,4.0,259.005,-0.35317043225873523,0.31309799770131413
5-17C,4.0,259.0227,1.3603882864048105,0.32356961576574733
5-17C,4.0,261.0385,0.016235384277573785,0.13231286346639168
5-17C,4.0,266.0703,-0.5432718289575613,0.16027996663278432
5-17C,4.0,267.0724,-0.5516320968999,0.037909227139004575
5-17C,4.0,268.02,-0.8525469462574407,0.34969546479276337
5-17C,4.0,269.0398,-0.6093606319064452,0.03638337502451902
5-17C,4.0,271.0612,0.4879258928669038,0.37375108392692524
5-17C,4.0,271.0815,0.18327522611342334,0.8432278032769885
5-17C,4.0,273.0021,-0.6794065363381205,0.16683292149479337
5-17C,4.0,274.0933,0.3684421523751743,0.16913248849915385
5-17C,4.0,275.0184,-0.45954675743231876,0.44955148111098003
5-17C,4.0,275.0991,-0.5558355877487283,0.1161339683870337
5-17C,4.0,277.1207,1.2497495079672656,0.12204572451639839
5-17C,4.0,277.2169,0.12082112252881588,0.29602395713750584
5-17C,4.0,279.2331,-0.045109379594132054,0.028148614358048506
5-17C,4.0,282.0839,-0.09512982907834197,0.2460312394720797
5-17C,4.0,283.2063,-0.37582416866696294,0.16925926726917848
5-17C,4.0,285.0972,-0.0173999100874134,0.990971602447609
5-17C,4.0,287.0157,0.044337792729229816,0.32171402066561283
5-17C,4.0,288.0725,-0.32708682008085577,0.10213271844528965
5-17C,4.0,289.0333,0.18614810631052328,0.581814009697931
5-17C,4.0,289.1044,-0.2601358892211292,0.1738303062732259
5-17C,4.0,290.9677,-0.32676564679694226,0.06133062141079137
5-17C,4.0,294.0479,0.46942186012930087,0.8437431101272403
5-17C,4.0,300.0509,-0.30334462117773553,0.9342740191555926
5-17C,4.0,301.0333,-0.6687265683353547,0.6636328708271357
5-17C,4.0,303.2326,-0.7340309061744064,0.10143276781303391
5-17C,4.0,305.0207,0.10421855222252215,0.20262704778357868
5-17C,4.0,306.0481,0.25293929538303056,0.12458288926840416
5-17C,4.0,306.0765,0.012454366465672351,0.02836718266671855
5-17C,4.0,308.0986,-0.2214580642207144,0.031700701800097354
5-17C,4.0,313.0441,-0.16921970893033864,0.13455359627260202
5-17C,4.0,313.1037,-0.4209052085305492,0.24730410169591735
5-17C,4.0,317.026,-0.25914590231531615,0.4879101671614039
5-17C,4.0,323.0256,-0.5530997551977876,0.30267981992873844
5-17C,4.0,325.1163,-0.46797398065467716,0.6003221004571078
5-17C,4.0,328.0457,-0.4456668998642177,0.14621977220808166
5-17C,4.0,333.0589,-0.21276057055662567,0.26666522890189465
5-17C,4.0,338.9884,-0.396235214274661,0.1661929331792166
5-17C,4.0,339.0928,0.2831899189467894,0.7025387038105525
5-17C,4.0,341.1089,1.732676345156087,0.2369381862063387
5-17C,4.0,344.0393,-0.512353215819733,0.384894589737608
5-17C,4.0,346.0556,-0.020719688743801916,0.21079199897729872
5-17C,4.0,348.087,-0.27857089980476357,0.18600482992243864
5-17C,4.0,353.0489,0.02211101726134229,0.76291741217144
5-17C,4.0,357.089,-0.36735538809798796,0.13572070988976265
5-17C,4.0,375.131,-0.07662755613931595,0.9733836094281886
5-17C,4.0,377.1496,0.6302047582396901,0.6102055435214506
5-17C,4.0,383.1188,0.9629337624085323,0.5998671999502854
5-17C,4.0,388.9416,-0.17289499365769814,0.2679894669510107
5-17C,4.0,388.9442,-0.5288812974956815,0.4105532213639407
5-17C,4.0,401.0756,0.3505920783346058,0.09693450935506374
5-17C,4.0,407.2795,0.08678955632384576,0.24261171748579635
5-17C,4.0,421.0743,0.5037099787249992,0.44434415593041826
5-17C,4.0,426.0222,0.5145813744415687,0.5018234357614395
5-17C,4.0,442.9997,-0.185821819812328,0.2935056529505106
5-17C,4.0,466.9657,0.15276124741725472,0.2569295706115806
5-17C,4.0,490.9787,-0.06027023127987964,0.4032741086306726
5-17C,4.0,503.1614,0.6383370212599299,0.5016854422894504
5-17C,4.0,547.0731,-0.22041725574434218,0.06965173237755126
5-17C,4.0,565.0471,0.1631216314243652,0.35861551415763354
5-17C,4.0,578.8872,0.6476323370186019,0.10268758089281221
5-17C,4.0,579.0269,0.2262755942638089,0.1392881475722699
5-17C,4.0,612.2549,0.4788060766408544,0.5820835255347852
5-17C,4.0,624.2949,-0.7795049400112781,0.20037476348279276
5-17C,4.0,659.307,0.0749572082170418,0.19300103854042783
5-17C,4.0,664.0939,-0.4355171910245109,0.34080896508790925
5-17C,4.0,665.2144,-0.1634557606723139,0.28494517345364173
5-17C,4.0,668.1374,-0.615800702075048,0.00018116720097941883
5-17C,4.0,787.255,0.27743730763158536,0.3225506529856226
5-17C,4.0,790.2568,0.18704063472626895,0.5868359244631615
5-17C,4.0,835.0407,-0.7584064122152006,0.29944365221529073
5-17C,4.0,863.2971,-0.43413543653929637,0.09849273548021245
5-17C,4.0,864.1473,-0.21320567623878384,0.3170891145257647
5-17C,4.0,974.2935,-0.4701596916333757,0.28508919654235987
5-17C,4.0,976.7162,0.834847523637205,0.39640284148419697
5-17C,5.0,57.0342,0.6652572248193334,0.5302357695350935
5-17C,5.0,58.0295,0.43100701133176417,0.2988293222010473
5-17C,5.0,59.0135,0.8631545035173287,0.27965885129814977
5-17C,5.0,71.0137,0.526135966223625,0.11852703812876116
5-17C,5.0,73.0293,-0.22386448128491415,0.049862855569910866
5-17C,5.0,74.0247,-0.48192459400302434,0.5126478939019307
5-17C,5.0,75.0087,1.2230680859790457,0.4352386475717029
5-17C,5.0,87.0088,-0.5380944357917996,0.01726285222261024
5-17C,5.0,87.0451,0.2509087708985323,0.26114237897974396
5-17C,5.0,88.0403,-0.3531861570424364,0.05003470139096341
5-17C,5.0,88.9883,-0.4294704238881033,0.770024841917575
5-17C,5.0,89.0244,-0.08911079253669865,0.16409395341074312
5-17C,5.0,93.0338,-0.036764907305614415,0.007191713204640561
5-17C,5.0,94.9761,-0.8900477760419817,0.3759068427686156
5-17C,5.0,94.9806,0.9558064155698551,0.20693897619970877
5-17C,5.0,95.0139,0.5174305831089192,0.20338027440731013
5-17C,5.0,101.0242,0.48987166713195784,0.22766408492789506
5-17C,5.0,102.056,-0.4473160030149572,0.04240248198984889
5-17C,5.0,103.0402,-0.18607624773426812,0.08624463088595105
5-17C,5.0,103.0509,-0.1143703927060601,0.06744390925328696
5-17C,5.0,104.0352,-0.6050497485707007,0.14529276310659628
5-17C,5.0,105.0193,0.17138644541531575,0.20335014273721547
5-17C,5.0,107.0503,0.15338119700439,0.3143399630016245
5-17C,5.0,109.0295,0.5653206250367899,0.16789497154654434
5-17C,5.0,111.02,-0.1517134342283506,0.06492001302062349
5-17C,5.0,112.0516,-0.17004034836540682,0.3631635096257725
5-17C,5.0,113.0244,0.5753376598279283,0.17026132454200665
5-17C,5.0,113.0357,0.8972516608395191,0.2526620401204675
5-17C,5.0,114.056,-0.24370912169820008,0.0032652047258112586
5-17C,5.0,115.0037,0.009654244885250476,0.10397399081006244
5-17C,5.0,115.0402,0.7175416611228143,0.2504848262583638
5-17C,5.0,115.0764,1.0790890382400886,0.5032669333882424
5-17C,5.0,116.0354,-0.28462506200000304,0.22361555118034188
5-17C,5.0,116.0717,-0.7880645089544658,0.021200792931454042
5-17C,5.0,117.0194,-0.23884581776095398,0.04659544372294348
5-17C,5.0,118.0508,-0.3527459299804344,0.07009859911197484
5-17C,5.0,118.9804,0.6085034766638222,0.2058490959220717
5-17C,5.0,119.0503,0.014041154508620948,0.3469049076645236
5-17C,5.0,120.9273,-0.45191366120427956,0.10871176144261678
5-17C,5.0,121.0295,-0.32867209010235016,0.2771651979013463
5-17C,5.0,121.0409,-0.39582667630570656,0.7964943002538437
5-17C,5.0,122.0248,0.40933700016380864,0.41831088025762625
5-17C,5.0,124.0075,-0.03496922047342541,0.13826828455873608
5-17C,5.0,124.0144,0.5894664637527731,0.4851314116717912
5-17C,5.0,125.0439,0.37734859435431733,0.2338697707192358
5-17C,5.0,127.0764,-0.03803970114564115,0.5409593282650611
5-17C,5.0,128.0354,-0.3003400136562316,0.039011476124209674
5-17C,5.0,129.0193,-0.14129030306133444,0.06414445343038189
5-17C,5.0,129.0556,0.26897432016349804,0.576678459508884
5-17C,5.0,130.0142,-0.3949179002282921,0.5052491580885783
5-17C,5.0,130.0509,0.16169661478861264,0.09842589102354447
5-17C,5.0,130.0874,-0.9706020631266216,0.03625393802067279
5-17C,5.0,131.0008,-1.0213882421068639,0.28537804189885985
5-17C,5.0,131.0123,-0.547205215937544,0.07536850051975236
5-17C,5.0,131.035,0.5553691184277916,0.08800841758043489
5-17C,5.0,131.0462,0.28927046083059227,0.12521867653236163
5-17C,5.0,131.0828,-0.34624396905499494,0.09526483418386378
5-17C,5.0,132.0302,0.1375476122844121,0.061462757248892615
5-17C,5.0,133.0142,-0.13272261517223627,0.043565187841903955
5-17C,5.0,133.0257,-0.18510293201567685,0.03572119175928497
5-17C,5.0,133.0505,0.7210233787827862,0.11451564742336118
5-17C,5.0,134.0472,0.09017961256199915,0.10307983071171004
5-17C,5.0,134.0604,0.8636043045419073,0.3699323571648864
5-17C,5.0,135.0302,-0.5714309117060934,0.06639555757513647
5-17C,5.0,135.0453,-0.28673771117140634,0.18500331824136226
5-17C,5.0,136.0404,-0.2785042818388519,0.04201695846124978
5-17C,5.0,136.0487,-0.37097010448359036,0.102511271314544
5-17C,5.0,136.0767,-0.08041289130179613,0.7852236907818609
5-17C,5.0,137.0239,-0.18305989104335366,0.12980556542063887
5-17C,5.0,138.9789,0.10468711135441547,0.5242850254847575
5-17C,5.0,139.0014,0.4141599192229468,0.06004454905865475
5-17C,5.0,139.0067,-0.6622267988437041,0.012698898545974842
5-17C,5.0,139.976,-0.7642911677554991,0.3425061157212999
5-17C,5.0,143.0713,-0.2087353515978726,0.13966418577215528
5-17C,5.0,143.1077,0.6891897894868786,0.26918258163180286
5-17C,5.0,145.0141,-0.31069066629669106,0.07402987832556268
5-17C,5.0,145.0506,-0.46473453925524943,0.10229208908682237
5-17C,5.0,145.0623,-0.5793509226011901,0.20319646843602013
5-17C,5.0,145.0982,-0.7428224118097393,0.05007326569121314
5-17C,5.0,145.1106,-0.8103077960981754,0.7497407151641505
5-17C,5.0,146.0459,-0.3644087616808236,0.002426101301451276
5-17C,5.0,147.0298,-0.4946022628346495,0.027979080124297277
5-17C,5.0,147.0662,1.0617618822586332,0.15002777107647966
5-17C,5.0,149.0092,0.5488202678246095,0.2975330420583677
5-17C,5.0,149.0456,0.9524414057644157,0.05090226500206692
5-17C,5.0,149.0608,-0.2608504103085079,0.22744396562225463
5-17C,5.0,150.0422,0.25309632783125857,0.4175651323099207
5-17C,5.0,150.9707,-0.4809926184039923,0.4355608839338665
5-17C,5.0,151.0259,-0.6339296536696841,0.02623260585481302
5-17C,5.0,151.04,-0.3540245723344174,0.4370096864309032
5-17C,5.0,151.06,-0.16227193149555663,1.2031796945184523
5-17C,5.0,152.0353,-0.23224250059117602,0.8161162373089187
5-17C,5.0,152.0716,0.1718762481244992,0.15580097109279778
5-17C,5.0,153.0192,0.8898069898684993,0.17089867875933495
5-17C,5.0,154.062,-0.4171956551528903,0.09934144189218384
5-17C,5.0,154.9751,-0.1418344796730704,0.038271745641083064
5-17C,5.0,155.0099,-0.12005996324812006,0.05353010074282297
5-17C,5.0,157.0128,-0.49521013689165405,0.03583073979941253
5-17C,5.0,157.0255,0.6043388100907936,0.1463728598753255
5-17C,5.0,157.0379,0.5185602809984502,0.06376964088788332
5-17C,5.0,157.0504,-0.06585858037412104,0.10777096301253639
5-17C,5.0,159.0297,0.5073645203695919,0.2754424763461113
5-17C,5.0,159.0775,0.32026020186053417,0.16776903431133366
5-17C,5.0,160.0616,-0.3369006044627549,0.6364956457342537
5-17C,5.0,161.0453,0.43343612099541184,0.27651280002637146
5-17C,5.0,162.0424,0.13500290169245827,0.3107096528000685
5-17C,5.0,163.0351,-0.8132315590873533,0.23518781393111424
5-17C,5.0,163.0398,1.338317309103271,0.20744354735807893
5-17C,5.0,163.0611,-0.24977566306265636,1.1511516190926343
5-17C,5.0,164.0716,-0.6103141619700749,0.027470499194005293
5-17C,5.0,165.03,-0.6926139305180682,1.0075107904182488
5-17C,5.0,165.0405,0.2955537997593833,0.6556696364667478
5-17C,5.0,165.0556,-0.19035806261804442,0.1608799985534512
5-17C,5.0,166.0508,1.5307763289525391,0.22613962925227077
5-17C,5.0,166.0632,0.20648448632059466,0.27526160635167124
5-17C,5.0,166.9759,-0.32341373923825256,0.24515841623258752
5-17C,5.0,167.0207,-0.2704397492406062,0.3579400509274692
5-17C,5.0,167.0358,-0.11530695392093959,0.12871774309790568
5-17C,5.0,167.0828,-0.9779198797939908,0.6808915083892899
5-17C,5.0,168.0277,-0.36105378553546186,0.04803987826934648
5-17C,5.0,168.0664,-0.4681902750927838,0.17345479336075947
5-17C,5.0,170.0455,-0.6103828491291294,0.026222762188981456
5-17C,5.0,171.0065,-0.06357118355328459,0.21734791096130396
5-17C,5.0,171.0092,-0.12664067064425696,0.33563555498035813
5-17C,5.0,171.0284,-0.3946225503795636,0.14740831473778257
5-17C,5.0,172.0616,0.4991548587886683,0.23469333049997543
5-17C,5.0,172.962,-0.32327560623970264,0.12151266074726036
5-17C,5.0,173.0089,0.1297483245492555,0.07946689297451007
5-17C,5.0,173.0453,-0.6558432154143805,0.16164114990401346
5-17C,5.0,173.0932,-0.07353451281848747,0.14055607227775663
5-17C,5.0,173.1041,0.41343000205648656,1.548678280116366
5-17C,5.0,174.0407,0.2876822719005532,0.10249907426698378
5-17C,5.0,174.088,-0.08328824207481543,0.17404550226123922
5-17C,5.0,175.022,-0.677085616504339,0.03248026569002251
5-17C,5.0,175.0361,0.09497178062061454,0.06620912294451138
5-17C,5.0,175.0611,0.12327895907263538,0.07154596842939964
5-17C,5.0,176.0776,0.16229996946568517,0.4733400748815094
5-17C,5.0,177.0402,0.814020747288319,0.6745527126229409
5-17C,5.0,177.0553,0.22197984836206996,0.6489792656194777
5-17C,5.0,178.0509,-0.08706567385277704,0.02372760735990025
5-17C,5.0,179.0348,1.0528528093017886,0.6927762183214259
5-17C,5.0,179.0561,0.6757830360756016,0.18566787516652378
5-17C,5.0,180.0663,0.6712153926903486,0.1477619284821657
5-17C,5.0,181.0505,-0.2054908794114575,0.19147728224887578
5-17C,5.0,182.9725,0.19584399577553133,0.3481548902076736
5-17C,5.0,183.0661,-0.5572568152427451,0.5268809280765294
5-17C,5.0,184.0017,-0.4184139737663132,0.0806048139613401
5-17C,5.0,184.9856,-0.6383208779638553,0.06622404593362671
5-17C,5.0,186.1136,-0.24210661649193538,0.6444657483364993
5-17C,5.0,187.0234,-0.5677244618388355,0.2544269970805636
5-17C,5.0,188.035,-0.9420504914149808,0.16815370927488127
5-17C,5.0,188.0565,0.07275562220461082,0.09495963794853232
5-17C,5.0,189.0405,-0.44364105359044204,0.059755448839534604
5-17C,5.0,191.0197,0.2711679352099561,0.22820683180677542
5-17C,5.0,191.0561,-0.12456182505221618,0.08239272494988177
5-17C,5.0,192.0663,-0.3075800766128338,0.48144748032020196
5-17C,5.0,193.0349,0.1381376817538238,0.33171656237542635
5-17C,5.0,194.0682,0.5293897023129678,0.5665467062236854
5-17C,5.0,194.0822,-0.6205074889978877,0.8100703840796061
5-17C,5.0,195.0509,-0.005435529791360459,0.0568828076143302
5-17C,5.0,195.0657,-0.5331085356381473,0.2917168596258471
5-17C,5.0,196.0603,0.4648931993471338,0.13925142718325506
5-17C,5.0,198.0182,-0.5612810430110323,0.3240025709729573
5-17C,5.0,199.0019,-0.5209173390016331,0.1144793470815482
5-17C,5.0,200.9937,-0.008334631824471889,0.16143978758863178
5-17C,5.0,201.0051,-0.9829785949200125,0.22086185539235834
5-17C,5.0,203.0348,-0.17951947113800787,0.2778667998971994
5-17C,5.0,203.0826,-0.08711265966283276,0.0026040585597061606
5-17C,5.0,204.0498,0.7542829827883704,1.0949723870023373
5-17C,5.0,205.0351,0.050669624863486265,0.10823685624281915
5-17C,5.0,206.0822,0.420844675846143,0.7285087441487774
5-17C,5.0,209.0292,-0.14586749408125202,0.3956963282381875
5-17C,5.0,209.0814,-0.6781911568903283,0.36428739118887227
5-17C,5.0,211.0235,-0.5582795459570338,0.39011017890277044
5-17C,5.0,211.9968,0.1589562285798468,0.1556372076706117
5-17C,5.0,212.0331,-0.2583057776668759,0.5797071046574175
5-17C,5.0,212.9807,-0.5494734173162069,0.11741400972546509
5-17C,5.0,213.014,-0.29049097207931174,0.25960565007835895
5-17C,5.0,213.0384,-0.3929851808542497,0.20787754203250638
5-17C,5.0,213.1252,0.29934933427716603,0.09546619474427359
5-17C,5.0,214.0488,-0.4507543162582784,0.6491074806142074
5-17C,5.0,215.0331,0.8670577620426081,0.14687552344092492
5-17C,5.0,216.1351,0.4807198392807045,0.17565872715777145
5-17C,5.0,218.0335,0.7789857974586156,0.12388075807929506
5-17C,5.0,218.1034,0.8426923278122807,0.12336744758470108
5-17C,5.0,220.0828,0.8418824938343509,0.8312326252745346
5-17C,5.0,221.0443,0.2881704372008219,0.21137871618888232
5-17C,5.0,221.0664,0.6653097280905248,0.668047842717025
5-17C,5.0,225.0399,-0.49086182298946957,1.058432191294966
5-17C,5.0,225.0861,-0.2905740323342179,0.6559049731991564
5-17C,5.0,225.0901,-0.6365956853456906,0.6812945241873151
5-17C,5.0,226.0135,-0.4283497752429153,0.3712426215929725
5-17C,5.0,226.0697,0.016298187232454214,0.40854202250453603
5-17C,5.0,228.0501,-0.35770317006656593,0.4714258424596359
5-17C,5.0,229.0122,0.22478413245429807,0.14681637973978542
5-17C,5.0,237.0614,0.04327896929982447,0.12240532388976286
5-17C,5.0,238.0945,-0.6591437260836771,0.24921980425543855
5-17C,5.0,240.0515,0.9895632039810593,0.1577958172327801
5-17C,5.0,241.0844,0.403061772926752,0.917414719227837
5-17C,5.0,242.0804,-0.29874255875412115,0.9104578539271254
5-17C,5.0,243.029,-0.032480909795356824,0.31274882880221416
5-17C,5.0,243.0625,-0.09209766485091994,0.21646559458694425
5-17C,5.0,245.0444,0.19618981212814413,0.2959393428699382
5-17C,5.0,246.0198,-0.204093848232288,0.40091063631370516
5-17C,5.0,246.064,0.06528980842367743,0.9723193725825728
5-17C,5.0,251.0816,0.5450762510307497,1.348408117600341
5-17C,5.0,253.0119,-0.1872484586839728,0.011606667004203384
5-17C,5.0,253.0499,0.9068800973491641,1.0512699157683933
5-17C,5.0,257.0072,-0.688668877040057,0.2674901497280967
5-17C,5.0,257.1028,-0.6013456226417724,0.8385483268312417
5-17C,5.0,259.005,-0.42395748626384666,0.2710766624844
5-17C,5.0,259.0227,1.1318363663713122,0.2768383801444168
5-17C,5.0,261.0385,0.3703883194284978,0.0801195278882034
5-17C,5.0,266.0703,-0.3784634711559064,0.05152178945297434
5-17C,5.0,267.0724,-0.14766074360317147,0.05800776808091802
5-17C,5.0,268.02,-0.4298323993636667,0.518240985537556
5-17C,5.0,269.0398,-0.6532826779322202,0.22461312998931424
5-17C,5.0,271.0612,0.06974548403834499,0.48103393530893895
5-17C,5.0,271.0815,-0.07250946465900843,0.6767732376063169
5-17C,5.0,273.0021,-0.5179640379046306,0.08456779934421661
5-17C,5.0,274.0933,1.2501787137739901,0.46319757470789835
5-17C,5.0,275.0184,-0.054206584704675154,0.3284769071066222
5-17C,5.0,275.0991,-0.17671649522111355,0.4192848342800606
5-17C,5.0,277.1207,0.3576872293985889,0.17423527747606118
5-17C,5.0,277.2169,-0.06215978358516806,0.31770690340288466
5-17C,5.0,279.2331,-0.331185130262842,0.036741866008365286
5-17C,5.0,282.0839,1.0068748222789634,0.5073990408875
5-17C,5.0,283.2063,-0.5682117699523795,0.3722631651692546
5-17C,5.0,285.0972,-1.0960997707783018,0.6598238325990388
5-17C,5.0,287.0157,0.2603081092566921,0.4363122105774237
5-17C,5.0,288.0725,-0.06624928031122983,0.23600120656271564
5-17C,5.0,289.0333,-0.35601746210110546,0.27062470093722185
5-17C,5.0,289.1044,-0.18959583748643238,0.3351527905953641
5-17C,5.0,290.9677,-0.30990180612042884,0.05992422845843673
5-17C,5.0,294.0479,0.6026901860676238,1.1086724514651136
5-17C,5.0,300.0509,1.1439529551218501,0.5717067208019798
5-17C,5.0,301.0333,-0.075650305074698,0.571176679146975
5-17C,5.0,303.2326,0.16399046351341995,0.9321706002615208
5-17C,5.0,305.0207,0.5951658184427927,0.15723608752818433
5-17C,5.0,306.0481,0.5167186269592263,0.2416460246470946
5-17C,5.0,306.0765,0.005236416333309355,0.0311806239743664
5-17C,5.0,308.0986,-0.2621845376709919,0.015096104523276302
5-17C,5.0,313.0441,0.015975870714899552,0.2340992783131742
5-17C,5.0,313.1037,0.07902147726381649,0.30575211188007045
5-17C,5.0,317.026,0.1816876652280366,0.41180906173078946
5-17C,5.0,323.0256,-0.6129447550994342,0.4849934527361282
5-17C,5.0,325.1163,-0.4791063510926419,0.12362505168305044
5-17C,5.0,328.0457,-0.4629686117430807,0.16513608987516679
5-17C,5.0,333.0589,0.0043294531762465074,0.6232448507760167
5-17C,5.0,338.9884,-0.36081178057534613,0.10208181179898211
5-17C,5.0,339.0928,1.147198561741455,0.5198588107984312
5-17C,5.0,341.1089,0.25333533112589135,0.35426454126679463
5-17C,5.0,344.0393,-0.5101557964458703,0.26765460246950995
5-17C,5.0,346.0556,-0.7132556460828168,0.1441589859086821
5-17C,5.0,348.087,0.313309306598786,0.25017608632472116
5-17C,5.0,353.0489,0.2106106583289182,0.39586175064472984
5-17C,5.0,357.089,-0.08526771541947378,0.26043210536112876
5-17C,5.0,375.131,-0.0898997935584091,0.2821235417698935
5-17C,5.0,377.1496,0.34776106876238966,0.3335922354943098
5-17C,5.0,383.1188,0.5838959262584907,0.4671466297514329
5-17C,5.0,388.9416,-0.23856961574940158,0.13167957651375484
5-17C,5.0,388.9442,-0.5982874322062317,0.19995105314321604
5-17C,5.0,401.0756,0.19778349626069142,0.05890508800824528
5-17C,5.0,407.2795,-0.6936554830672081,0.22315138317728633
5-17C,5.0,421.0743,-0.571165788791499,0.7472305301926384
5-17C,5.0,426.0222,-0.5033056274685109,0.14397029645880147
5-17C,5.0,442.9997,0.05342137911384863,0.24946822713181918
5-17C,5.0,466.9657,0.21382432043791644,0.25628577142279646
5-17C,5.0,490.9787,-0.09095894043759897,1.0992115249511687
5-17C,5.0,503.1614,0.29721326127538367,0.1969742529309782
5-17C,5.0,547.0731,0.20041776046503587,0.14199802796369101
5-17C,5.0,565.0471,0.10484141647781128,0.32944005230687945
5-17C,5.0,578.8872,0.4746408008545331,0.12729811482174902
5-17C,5.0,579.0269,0.04833515988704286,0.1899394156453002
5-17C,5.0,612.2549,0.18150700192614055,0.30877516835167995
5-17C,5.0,624.2949,-0.5130248788234301,0.39999775861724124
5-17C,5.0,659.307,0.4754338454288999,0.22588425718141614
5-17C,5.0,664.0939,-0.3310506696687946,0.25483799676865126
5-17C,5.0,665.2144,-0.02507156758923411,0.4459290462105591
5-17C,5.0,668.1374,-0.5623512983950245,0.0036810550211078866
5-17C,5.0,787.255,0.9427471013280508,0.5419770416289726
5-17C,5.0,790.2568,0.5887565875509108,0.3948471227640052
5-17C,5.0,835.0407,-0.5059615774203213,0.14385754821569466
5-17C,5.0,863.2971,-0.5400577210001107,0.07109042050598696
5-17C,5.0,864.1473,0.1659818175359521,0.1609302442452888
5-17C,5.0,974.2935,-0.18610776075939764,0.526209543747244
5-17C,5.0,976.7162,0.6993986766524654,0.08923703135672928
5-17C,6.0,57.0342,0.6106692435041647,0.1044755269954552
5-17C,6.0,58.0295,0.4431418516131684,0.4853272443112642
5-17C,6.0,59.0135,0.6373507516237563,0.29210464172088707
5-17C,6.0,71.0137,0.36912223741870176,0.12481179270889527
5-17C,6.0,73.0293,0.2838823614858918,0.08598372569192911
5-17C,6.0,74.0247,0.09661653429181605,0.5182217361051478
5-17C,6.0,75.0087,1.2391057446115195,0.4615088867712731
5-17C,6.0,87.0088,-0.2339664248628885,0.030301532003374813
5-17C,6.0,87.0451,0.8945381795192123,0.7098832906298911
5-17C,6.0,88.0403,-0.15699362469972344,0.06607916553205317
5-17C,6.0,88.9883,-0.8871252538710579,0.8112083518394393
5-17C,6.0,89.0244,0.46359579286125185,0.21893453601161805
5-17C,6.0,93.0338,-0.028760462953433957,0.018939366648028585
5-17C,6.0,94.9761,-0.6683597997493118,0.3007557161899107
5-17C,6.0,94.9806,1.1455442468823296,0.17968165890798668
5-17C,6.0,95.0139,0.38697923761094877,0.15129806920972627
5-17C,6.0,101.0242,0.45116619761002563,0.19886904769967786
5-17C,6.0,102.056,-0.3932872977839738,0.04151023883953218
5-17C,6.0,103.0402,0.7593754926627356,0.07362279643200555
5-17C,6.0,103.0509,0.7598094612138697,0.2725121272863157
5-17C,6.0,104.0352,-0.7411738884608472,0.12116906510356948
5-17C,6.0,105.0193,0.7492032555436612,0.44979855429539567
5-17C,6.0,107.0503,0.8271142572411101,0.383915314543887
5-17C,6.0,109.0295,1.0175731800760657,0.1323790664456796
5-17C,6.0,111.02,0.42400462562165186,0.10103377439813413
5-17C,6.0,112.0516,0.7870595373684297,0.7233007228777264
5-17C,6.0,113.0244,0.28504735616157223,0.08573111284468919
5-17C,6.0,113.0357,0.8128498264092234,0.0888049427798425
5-17C,6.0,114.056,-0.23643474278422974,0.002201813446056167
5-17C,6.0,115.0037,0.19472870623326155,0.025788144969853245
5-17C,6.0,115.0402,2.5115762035523304,0.34610380587338185
5-17C,6.0,115.0764,1.36274638327701,0.7450609036893611
5-17C,6.0,116.0354,-0.3702149241913796,0.19709311667222823
5-17C,6.0,116.0717,-0.733132492668022,0.009853202574608816
5-17C,6.0,117.0194,0.25058956510949637,0.06650903433323545
5-17C,6.0,118.0508,0.05186101147988858,0.21237060688925002
5-17C,6.0,118.9804,0.28460381945470986,0.05188191931810857
5-17C,6.0,119.0503,0.36775575891280093,0.32414083832925744
5-17C,6.0,120.9273,-0.46439675122268037,0.09045070612720191
5-17C,6.0,121.0295,0.20982155054935644,0.48634117042726016
5-17C,6.0,121.0409,0.4043185722230598,0.32599348791672866
5-17C,6.0,122.0248,1.5626833584118267,0.28220981035596654
5-17C,6.0,124.0075,-0.06936796639308611,0.2515187794818309
5-17C,6.0,124.0144,0.7995264298370768,0.2897138861875974
5-17C,6.0,125.0439,1.828155626351446,0.3914292158317053
5-17C,6.0,127.0764,0.06514029249594996,0.7266314315671609
5-17C,6.0,128.0354,-0.34214050671760143,0.00818866217172324
5-17C,6.0,129.0193,0.14463988149981158,0.13113541697857659
5-17C,6.0,129.0556,1.4673885417170802,0.5945823481795073
5-17C,6.0,130.0142,0.22652489219925986,0.5973282123886509
5-17C,6.0,130.0509,0.3822509904463479,0.10806694609986954
5-17C,6.0,130.0874,-0.9752159201796193,0.008225987506516918
5-17C,6.0,131.0008,-0.4163418152492242,0.0854044120672176
5-17C,6.0,131.0123,0.18257049516492374,0.05071161703957902
5-17C,6.0,131.035,0.8200234420430379,0.32573860663175475
5-17C,6.0,131.0462,0.8650043999446622,0.4569426223546845
5-17C,6.0,131.0828,-0.3337698843314111,0.09072015962726922
5-17C,6.0,132.0302,0.2018552412954424,0.07178355191356794
5-17C,6.0,133.0142,0.08330343349796257,0.04544322317530926
5-17C,6.0,133.0257,0.08431242913937465,0.09568954031978341
5-17C,6.0,133.0505,0.8101601969752973,0.16446525841965667
5-17C,6.0,134.0472,-0.4830429166677306,0.08907610104010148
5-17C,6.0,134.0604,0.6180096736607108,0.7172309865891621
5-17C,6.0,135.0302,-0.4977840273714028,0.10500590475128936
5-17C,6.0,135.0453,0.16244989743375665,0.3598616903636705
5-17C,6.0,136.0404,-0.071818743631401,0.07790605040288795
5-17C,6.0,136.0487,-0.16033298264777515,0.3032078296964133
5-17C,6.0,136.0767,0.7068277567656633,0.5292558406041799
5-17C,6.0,137.0239,0.0455477711844963,0.25975973830563154
5-17C,6.0,138.9789,0.9352677625690794,0.512295615224326
5-17C,6.0,139.0014,0.9421868697035773,0.10590477315434828
5-17C,6.0,139.0067,-0.47625219789686646,0.0410034194649827
5-17C,6.0,139.976,0.38476451787553456,0.34039158276785064
5-17C,6.0,143.0713,0.25161385662003233,0.3237878718930614
5-17C,6.0,143.1077,1.513848625543555,0.7366390138398698
5-17C,6.0,145.0141,-0.31105187504838705,0.1480418376268125
5-17C,6.0,145.0506,-0.38613129950011793,0.162438068090851
5-17C,6.0,145.0623,-0.5344578433038433,0.27861591547924114
5-17C,6.0,145.0982,-0.7962023026470438,0.08942392898781489
5-17C,6.0,145.1106,-0.48917969713564435,0.29204248174742936
5-17C,6.0,146.0459,-0.37111948056543453,0.008272230897145467
5-17C,6.0,147.0298,-0.16269618198555388,0.05801621760514245
5-17C,6.0,147.0662,0.9928872198560882,0.15955538218566861
5-17C,6.0,149.0092,0.1085412804902731,0.32902330760205517
5-17C,6.0,149.0456,0.7436245638451889,0.3641466340183748
5-17C,6.0,149.0608,1.231629999489079,0.39554194005996923
5-17C,6.0,150.0422,-0.540714064184399,0.5067329572222327
5-17C,6.0,150.9707,-0.04979003511267048,0.6134940880733711
5-17C,6.0,151.0259,-0.6437256098765408,0.02969106762795483
5-17C,6.0,151.04,0.9185339779480435,0.37305026601521174
5-17C,6.0,151.06,-0.07161806577892199,0.812778282199191
5-17C,6.0,152.0353,1.0781151908935085,0.3975890017450536
5-17C,6.0,152.0716,0.6346474263798545,0.5037712195047919
5-17C,6.0,153.0192,1.1557788437490877,0.21126267207030566
5-17C,6.0,154.062,-0.5390670396179262,0.0605730270291457
5-17C,6.0,154.9751,0.33988332318451253,0.0902612646383624
5-17C,6.0,155.0099,0.549025597599037,0.1341165364161387
5-17C,6.0,157.0128,0.026137269297004363,0.11779385713725503
5-17C,6.0,157.0255,0.7837695292092968,0.09210977639185969
5-17C,6.0,157.0379,0.6754539344407466,0.1352817231681059
5-17C,6.0,157.0504,0.47437871302827356,0.07411469620715316
5-17C,6.0,159.0297,0.8436022284965768,0.2755624323161658
5-17C,6.0,159.0775,0.47252986397087904,0.07566379900341413
5-17C,6.0,160.0616,1.456688901429842,0.5079562210144369
5-17C,6.0,161.0453,0.9467229303678371,0.2639660180368081
5-17C,6.0,162.0424,-0.09040368655683224,0.2362144630676278
5-17C,6.0,163.0351,-0.5614028346553831,0.3695635832017939
5-17C,6.0,163.0398,1.7730033745989024,0.12157880951767752
5-17C,6.0,163.0611,1.4871568056132516,0.8979512656470422
5-17C,6.0,164.0716,-0.5076391748978708,0.06957999449413624
5-17C,6.0,165.03,0.6412917620065492,1.3166991202691638
5-17C,6.0,165.0405,1.4841807845104138,0.47736860937434
5-17C,6.0,165.0556,0.4230900400997899,0.2403750231463903
5-17C,6.0,166.0508,2.1938734726380367,0.3095021176673742
5-17C,6.0,166.0632,0.8944120384079625,0.33055691726107267
5-17C,6.0,166.9759,0.027653508302411117,0.18977301577641975
5-17C,6.0,167.0207,-0.09074850461292484,0.5324476942617073
5-17C,6.0,167.0358,0.8220318281935758,0.49587314314723124
5-17C,6.0,167.0828,0.3001408256337833,0.6227957365328598
5-17C,6.0,168.0277,-0.3855503919546597,0.03710348509536834
5-17C,6.0,168.0664,0.14924900861994647,0.4420052610133094
5-17C,6.0,170.0455,-0.1677977107132003,0.0572639128926122
5-17C,6.0,171.0065,-0.05548871771838259,0.14268165976664882
5-17C,6.0,171.0092,0.020036316706922727,0.16806783593988237
5-17C,6.0,171.0284,0.13066792102747204,0.20003751598192798
5-17C,6.0,172.0616,1.1633445824136655,0.4063889977100856
5-17C,6.0,172.962,-0.20242199527332988,0.095936597590731
5-17C,6.0,173.0089,0.5622051165820716,0.16366318801091653
5-17C,6.0,173.0453,-0.08250137279256389,0.17460142062057227
5-17C,6.0,173.0932,-0.1213444445062934,0.09411169981431317
5-17C,6.0,173.1041,0.2559175227820371,1.116512943788295
5-17C,6.0,174.0407,0.5253722287718935,0.08311108847482887
5-17C,6.0,174.088,-0.06940187061404729,0.0687520433689859
5-17C,6.0,175.022,-0.3216898370271794,0.13486222706074547
5-17C,6.0,175.0361,0.22702233146733392,0.060774323035918704
5-17C,6.0,175.0611,0.4910019561803646,0.08128097403263383
5-17C,6.0,176.0776,0.4842401645342653,0.16818363880380557
5-17C,6.0,177.0402,0.28122651701640416,0.40231460416638853
5-17C,6.0,177.0553,0.8390563766120965,0.7539350736957627
5-17C,6.0,178.0509,0.22666406508152556,0.08477339251910282
5-17C,6.0,179.0348,1.1368174609541328,0.20197236927226528
5-17C,6.0,179.0561,0.2242842873802369,0.09426290240512937
5-17C,6.0,180.0663,0.25843309833141,0.1686631395383643
5-17C,6.0,181.0505,0.4881052347965734,0.15906849175930485
5-17C,6.0,182.9725,0.5212317732141163,0.21051237489932398
5-17C,6.0,183.0661,0.10010982736994135,0.7935904068104234
5-17C,6.0,184.0017,-0.2838366373957998,0.09731011098347864
5-17C,6.0,184.9856,-0.4079873878296594,0.16482522859992363
5-17C,6.0,186.1136,0.5176104590700265,0.4320839812938881
5-17C,6.0,187.0234,0.11768372998006817,0.7481243332202474
5-17C,6.0,188.035,-1.2575438925788571,1.1063821903864133
5-17C,6.0,188.0565,0.38562632912067385,0.06368269380788577
5-17C,6.0,189.0405,-0.3173751416633197,0.1554343305848761
5-17C,6.0,191.0197,0.15055790663494212,0.2962117959492633
5-17C,6.0,191.0561,0.45719599423864565,0.1164226660451484
5-17C,6.0,192.0663,0.5170256280241412,0.7141527783984832
5-17C,6.0,193.0349,-0.17739351081824797,0.46363207099038334
5-17C,6.0,194.0682,0.9925997217537922,0.4067786118647378
5-17C,6.0,194.0822,1.3741222415352417,0.6906154972024018
5-17C,6.0,195.0509,-0.4826541727320213,0.12450375729654692
5-17C,6.0,195.0657,-0.38852123146053363,1.231198590263921
5-17C,6.0,196.0603,1.0875400370203687,0.3306942678777985
5-17C,6.0,198.0182,-0.12579212124684738,0.06016874904683749
5-17C,6.0,199.0019,-0.3480062359099092,0.3940688579705085
5-17C,6.0,200.9937,0.35196491296747007,0.27431327732850186
5-17C,6.0,201.0051,0.2943784526984061,0.6967054977682167
5-17C,6.0,203.0348,1.589051269496456,0.17929973497133395
5-17C,6.0,203.0826,-0.08694671455688724,0.009625474259337565
5-17C,6.0,204.0498,0.2711585578261586,0.8474385028638353
5-17C,6.0,205.0351,0.674709533690971,0.22550154370354575
5-17C,6.0,206.0822,0.6220202918598216,0.8440749667645747
5-17C,6.0,209.0292,-0.3533841552645708,0.5569461144235589
5-17C,6.0,209.0814,-0.6533918262473812,0.22594169108163897
5-17C,6.0,211.0235,0.032276403815619636,0.32192902934443096
5-17C,6.0,211.9968,0.3035854733238824,0.07809265814351649
5-17C,6.0,212.0331,-0.279001761930774,0.342759699400795
5-17C,6.0,212.9807,-0.30756951562125373,0.10861686782776886
5-17C,6.0,213.014,0.21240361521076662,0.17286165119458177
5-17C,6.0,213.0384,-0.16472478883299024,0.15492409416259853
5-17C,6.0,213.1252,-0.2846495007639112,0.6965254599172436
5-17C,6.0,214.0488,-0.1711121633747653,0.8296361461418549
5-17C,6.0,215.0331,0.5049459041561397,0.15600918293578644
5-17C,6.0,216.1351,-0.09990169847264382,0.1860352397442082
5-17C,6.0,218.0335,0.3144985336527837,0.12528785950894133
5-17C,6.0,218.1034,1.4442232793726153,0.170915148813871
5-17C,6.0,220.0828,0.7001801844532418,1.1435063417186464
5-17C,6.0,221.0443,0.3289726541473392,0.09167133739705684
5-17C,6.0,221.0664,0.7002351501709045,0.4826436279118909
5-17C,6.0,225.0399,0.8216669619076813,0.7393360216190918
5-17C,6.0,225.0861,0.8641747596648063,0.07158835874861853
5-17C,6.0,225.0901,1.500004074880673,0.48372529653936797
5-17C,6.0,226.0135,-0.18311620236720183,0.28716290902537
5-17C,6.0,226.0697,0.21056047219449342,0.3191214970968202
5-17C,6.0,228.0501,0.1703686736129882,0.19191772935039153
5-17C,6.0,229.0122,0.15182143117630342,0.1317980667167683
5-17C,6.0,237.0614,0.31333078751805765,0.38181174063614937
5-17C,6.0,238.0945,-0.3911129428591841,0.20212937277562845
5-17C,6.0,240.0515,1.4705649261979716,0.06366641965889247
5-17C,6.0,241.0844,0.46494136511289375,0.7217882657027234
5-17C,6.0,242.0804,-0.08183952407896171,0.8385281320430604
5-17C,6.0,243.029,-0.12478722234371276,0.2727324187487818
5-17C,6.0,243.0625,0.4342019611713579,0.22207477230150116
5-17C,6.0,245.0444,-0.006066805038284315,0.6319551893341554
5-17C,6.0,246.0198,0.1906289547707681,0.08656212375009319
5-17C,6.0,246.064,0.511835470261581,0.4426715281719236
5-17C,6.0,251.0816,0.37623280322113756,0.9162589477690178
5-17C,6.0,253.0119,-0.23015018824477324,0.03262377505771505
5-17C,6.0,253.0499,0.26534282505462853,0.8899340424594157
5-17C,6.0,257.0072,-0.7878462394208445,0.5546186044574745
5-17C,6.0,257.1028,-0.4226449177238599,0.6882744707048698
5-17C,6.0,259.005,0.8376251206716938,0.4697106568141539
5-17C,6.0,259.0227,0.1897648032204697,0.20063528388825697
5-17C,6.0,261.0385,0.29973453685902585,0.24854574048633768
5-17C,6.0,266.0703,-0.2632403119136238,0.2034350964429631
5-17C,6.0,267.0724,0.6813592499332113,0.07942868558131025
5-17C,6.0,268.02,-0.026169775710175567,0.48403609403091497
5-17C,6.0,269.0398,-0.06970078698681334,0.22194675293394758
5-17C,6.0,271.0612,0.43065724914715825,0.7582242453162628
5-17C,6.0,271.0815,-0.4327695925075039,0.7821177956203927
5-17C,6.0,273.0021,-0.04424644036977204,0.04342374595802288
5-17C,6.0,274.0933,1.5176567255397895,0.32237451839638337
5-17C,6.0,275.0184,0.13373660957042607,1.0564696637591677
5-17C,6.0,275.0991,2.1304801305319794,0.15536508253728157
5-17C,6.0,277.1207,-0.502194413408887,0.0714077734622858
5-17C,6.0,277.2169,-0.2596154476841644,0.5286138242554658
5-17C,6.0,279.2331,-0.35062506969898877,0.014463566287189741
5-17C,6.0,282.0839,-0.5863482120261387,0.3494806328092093
5-17C,6.0,283.2063,-0.8095819630782786,0.194603899255035
5-17C,6.0,285.0972,-0.004566732630416709,0.4069597453890418
5-17C,6.0,287.0157,0.6467813072532037,0.5102999759952768
5-17C,6.0,288.0725,-0.14438304785483397,0.2524058094300645
5-17C,6.0,289.0333,0.8058694445350455,0.7961165632595223
5-17C,6.0,289.1044,-0.1268151914425522,0.28187871459023905
5-17C,6.0,290.9677,-0.15545370431480027,0.12850207775091033
5-17C,6.0,294.0479,-0.007488363407126192,0.9151122520742562
5-17C,6.0,300.0509,-0.47776992668794466,0.45937304845802385
5-17C,6.0,301.0333,0.6489836424823874,0.5036587543338364
5-17C,6.0,303.2326,-0.41424912628819915,0.5481158471686141
5-17C,6.0,305.0207,0.37813762779606364,0.2831980907037084
5-17C,6.0,306.0481,1.2822300424685822,0.11349647659426407
5-17C,6.0,306.0765,0.02676473716287899,0.03518845529312399
5-17C,6.0,308.0986,-0.35012952637896755,0.03937967940164758
5-17C,6.0,313.0441,0.13585052885735993,0.4250408763222476
5-17C,6.0,313.1037,-0.03967338978595242,0.4733348572963318
5-17C,6.0,317.026,0.2987113573662419,0.5290752017892831
5-17C,6.0,323.0256,-0.6840106924826397,0.34268370069613907
5-17C,6.0,325.1163,-0.7601987046512524,0.48227982800263475
5-17C,6.0,328.0457,-0.41523975138759667,0.03702833778618461
5-17C,6.0,333.0589,0.34777265478489194,0.433265585052242
5-17C,6.0,338.9884,-0.23299222397698455,0.7722572404697073
5-17C,6.0,339.0928,0.3511946355340588,0.9769044749900728
5-17C,6.0,341.1089,0.2219747567591018,0.2501722095502737
5-17C,6.0,344.0393,-0.05419127636935474,0.20965211929490654
5-17C,6.0,346.0556,-0.723022570117567,0.15248197975318525
5-17C,6.0,348.087,0.7568206202920118,0.4841333098503741
5-17C,6.0,353.0489,-0.3691005393987458,0.9512002044692729
5-17C,6.0,357.089,-0.015623663451126923,0.13637193000524758
5-17C,6.0,375.131,-0.31641264551093246,0.20084799571892434
5-17C,6.0,377.1496,-0.3447019991471266,0.36600760622244755
5-17C,6.0,383.1188,-0.16034940310339268,0.487291877791031
5-17C,6.0,388.9416,-0.011693648523517015,0.2859342003777625
5-17C,6.0,388.9442,-0.4691770955941329,0.28512793709940676
5-17C,6.0,401.0756,-0.0039609294834482955,0.07377055144177648
5-17C,6.0,407.2795,-0.797769474666645,0.24511648278822365
5-17C,6.0,421.0743,-0.18957544601762794,0.5627299215180215
5-17C,6.0,426.0222,-0.29835425138087956,0.2534339686036594
5-17C,6.0,442.9997,-0.22139275106753895,0.1574624337505691
5-17C,6.0,466.9657,0.17149225141132274,0.12851944124958237
5-17C,6.0,490.9787,0.38471605150705046,0.9126998227089764
5-17C,6.0,503.1614,0.19878546316465948,0.4246645359840075
5-17C,6.0,547.0731,0.3391973990013194,0.07863288294341422
5-17C,6.0,565.0471,-0.11808040569275743,0.2621162385971718
5-17C,6.0,578.8872,-0.033032853013889946,0.191028150650471
5-17C,6.0,579.0269,-0.2536928366635738,0.08240602671356469
5-17C,6.0,612.2549,-0.3263789173781622,0.5189896933130106
5-17C,6.0,624.2949,-0.5355443206139524,0.2481789764785128
5-17C,6.0,659.307,-0.1800974826769357,0.3022013970186148
5-17C,6.0,664.0939,-0.48674596592010255,0.156968916223871
5-17C,6.0,665.2144,-0.2405305011236495,0.40878681895987323
5-17C,6.0,668.1374,-0.3853920459138761,0.01428576318198462
5-17C,6.0,787.255,-0.05584288037613662,0.50324958944697
5-17C,6.0,790.2568,0.131497914560804,0.17786724944357427
5-17C,6.0,835.0407,-0.5233715660268647,0.19752777872371094
5-17C,6.0,863.2971,-0.7316658465910159,0.05650325345416945
5-17C,6.0,864.1473,-0.42040455676569305,0.4658083965939315
5-17C,6.0,974.2935,-0.6627372718869201,0.4410896556440202
5-17C,6.0,976.7162,0.07578454075535261,0.20625160546234628
5-17C,7.0,57.0342,-0.389414684766967,0.21728484830914213
5-17C,7.0,58.0295,0.2186473064071915,0.41532410494764194
5-17C,7.0,59.0135,-0.5677998607562642,0.1350326214748437
5-17C,7.0,71.0137,-0.48593647755739966,0.09653449721582423
5-17C,7.0,73.0293,0.3824961240185918,0.1030497979357295
5-17C,7.0,74.0247,0.6345494898033963,0.24612712297619457
5-17C,7.0,75.0087,-0.05078022825745326,0.30457823118007654
5-17C,7.0,87.0088,0.2716099124633793,0.07963903138196098
5-17C,7.0,87.0451,-0.5658115752885446,0.3952462186062288
5-17C,7.0,88.0403,0.2228159412020812,0.06938563840648224
5-17C,7.0,88.9883,-0.7542254888323396,0.11805776043643483
5-17C,7.0,89.0244,0.8562466759022684,0.23623900251049232
5-17C,7.0,93.0338,-0.02985911217824304,0.01437117917141366
5-17C,7.0,94.9761,-0.7638153706099877,0.3677831814053113
5-17C,7.0,94.9806,0.2965413477511042,0.33238559415223673
5-17C,7.0,95.0139,-0.4798693952617923,0.08117196863715258
5-17C,7.0,101.0242,-0.5561049412287383,0.13560614843342944
5-17C,7.0,102.056,-0.34591716680486734,0.03049530327266801
5-17C,7.0,103.0402,1.2870102789195639,0.14849364397407552
5-17C,7.0,103.0509,1.3121368021342434,0.23791151070155728
5-17C,7.0,104.0352,0.6874187493679871,0.25401859130288273
5-17C,7.0,105.0193,-0.5648824365741976,0.5286985715882089
5-17C,7.0,107.0503,-0.95166052676812,0.660000429462992
5-17C,7.0,109.0295,0.7931200622023489,0.17933706580610598
5-17C,7.0,111.02,-0.1291594577085996,0.05165295283879243
5-17C,7.0,112.0516,0.2548056564686683,1.192833189913586
5-17C,7.0,113.0244,-0.5398710876499752,0.06515374325088272
5-17C,7.0,113.0357,0.2737678052331163,0.05040127879939328
5-17C,7.0,114.056,-0.2391414884266373,0.002647390614753608
5-17C,7.0,115.0037,0.1522837564179964,0.0927686252149713
5-17C,7.0,115.0402,1.2750775356108295,0.467950599328532
5-17C,7.0,115.0764,-0.5770354981892947,0.5099159184606634
5-17C,7.0,116.0354,-0.28072096302285254,0.29050928331544856
5-17C,7.0,116.0717,-0.5773846871215687,0.01846168094126155
5-17C,7.0,117.0194,0.31982580141988914,0.06300120671600544
5-17C,7.0,118.0508,0.7038637282212095,0.5107704686887706
5-17C,7.0,118.9804,-0.46714554341713116,0.08009032886883989
5-17C,7.0,119.0503,-0.6137507964513474,0.2807898293024297
5-17C,7.0,120.9273,-0.5129722536855879,0.06024366297988307
5-17C,7.0,121.0295,-0.763859283542571,0.5018803202625141
5-17C,7.0,121.0409,-0.9259324929244769,0.4324339516961441
5-17C,7.0,122.0248,-0.050839806456693226,0.4559341474712325
5-17C,7.0,124.0075,-0.3091354156307211,0.25460704849401344
5-17C,7.0,124.0144,-0.2252958304405533,0.45989561880855284
5-17C,7.0,125.0439,-0.34968443160156326,0.41491799671383434
5-17C,7.0,127.0764,-0.48163550714263326,0.2489299083362834
5-17C,7.0,128.0354,-0.24517035041183452,0.010191642877072271
5-17C,7.0,129.0193,0.19176593271383774,0.1297528690367146
5-17C,7.0,129.0556,1.6021719422890706,0.7394237504789779
5-17C,7.0,130.0142,0.7190376447040832,0.22196828444967778
5-17C,7.0,130.0509,0.4235486644803667,0.06774138381042198
5-17C,7.0,130.0874,-0.6086601047191172,0.030910640415714473
5-17C,7.0,131.0008,0.18118131792199804,0.2750222940412387
5-17C,7.0,131.0123,0.8530629785388264,0.07319378385807913
5-17C,7.0,131.035,-0.5351218278297869,0.17501461527688872
5-17C,7.0,131.0462,-0.0603464436938253,0.3352056260924005
5-17C,7.0,131.0828,1.3127261386168312,0.12416147113368957
5-17C,7.0,132.0302,0.10435365120464817,0.05840097819278588
5-17C,7.0,133.0142,0.09801479184482814,0.11577161088999083
5-17C,7.0,133.0257,0.12179512880785745,0.12452706199558791
5-17C,7.0,133.0505,0.5926883116050022,0.10224640622045174
5-17C,7.0,134.0472,-0.6618917443399511,0.1788056192468068
5-17C,7.0,134.0604,0.33195935483069827,0.5033071856426534
5-17C,7.0,135.0302,-0.1450450494468571,0.08179978325568267
5-17C,7.0,135.0453,-0.3568465237283311,0.2544167260573457
5-17C,7.0,136.0404,-0.07767838517851947,0.16084437035172564
5-17C,7.0,136.0487,-0.08548612857410266,0.1214651436766692
5-17C,7.0,136.0767,-0.15545780606650594,0.31367089149029725
5-17C,7.0,137.0239,0.03202205755516925,0.12162011916592912
5-17C,7.0,138.9789,-0.7006402515898116,0.3437681568846955
5-17C,7.0,139.0014,1.0700857258785925,0.07617643900903975
5-17C,7.0,139.0067,-0.7123433874010101,0.05142798946627418
5-17C,7.0,139.976,-0.3198307491960989,0.31264670797482275
5-17C,7.0,143.0713,-0.29059690422553397,0.37744946402599755
5-17C,7.0,143.1077,-0.09092136603822093,0.8065409673223587
5-17C,7.0,145.0141,-0.27673704363727114,0.1253175750362847
5-17C,7.0,145.0506,-0.022037361049790677,0.14505580248144248
5-17C,7.0,145.0623,1.2471617505806878,0.23360258807455925
5-17C,7.0,145.0982,0.12731848351081992,0.12791595271645878
5-17C,7.0,145.1106,-0.12139195986231811,0.566970618149559
5-17C,7.0,146.0459,-0.35647686146072366,0.0070652484100368635
5-17C,7.0,147.0298,0.0760469334365238,0.05875303849557072
5-17C,7.0,147.0662,0.7036381810749416,0.10175507025038355
5-17C,7.0,149.0092,0.06374684597910829,0.8168972769854694
5-17C,7.0,149.0456,-0.25367437181631824,0.066198005941188
5-17C,7.0,149.0608,-0.18728781405317446,0.5204422076273826
5-17C,7.0,150.0422,0.16017537893310466,0.5674976816523897
5-17C,7.0,150.9707,-0.28934702583007144,0.35527690570910314
5-17C,7.0,151.0259,-0.641906360866696,0.019189783137514904
5-17C,7.0,151.04,-0.903927574087132,0.6770221357049516
5-17C,7.0,151.06,0.0082436730666847,0.3342192348874836
5-17C,7.0,152.0353,0.26156975803669463,0.6925091468983937
5-17C,7.0,152.0716,-0.6811107640189236,0.45454137119557475
5-17C,7.0,153.0192,0.8411153639798734,0.20928806224267094
5-17C,7.0,154.062,1.6885526169893041,0.12223924040534484
5-17C,7.0,154.9751,0.3677385843369807,0.07985541046534929
5-17C,7.0,155.0099,-0.052059292435349264,0.05974779076789405
5-17C,7.0,157.0128,0.38845143970132157,0.07234040949970501
5-17C,7.0,157.0255,0.3899428632081493,0.045306508266429554
5-17C,7.0,157.0379,0.31929239723001024,0.11772650549550127
5-17C,7.0,157.0504,0.6393338960010609,0.07397857157477854
5-17C,7.0,159.0297,-0.6516089829643558,0.30501939393912797
5-17C,7.0,159.0775,0.5713384897584963,0.13337792622123146
5-17C,7.0,160.0616,-0.3134427244484651,0.5328347159882593
5-17C,7.0,161.0453,-0.3391808256595763,0.2435100494035171
5-17C,7.0,162.0424,0.015024702311816438,0.0860118224208512
5-17C,7.0,163.0351,-0.8134874825877925,0.12994852278445537
5-17C,7.0,163.0398,1.5595631752327814,0.13844063323015157
5-17C,7.0,163.0611,-0.1030875435057235,0.7500563742784369
5-17C,7.0,164.0716,-0.2639090937648108,0.06653808107149116
5-17C,7.0,165.03,-0.2303344444844044,0.8985183928690825
5-17C,7.0,165.0405,0.03843243362341865,0.4560604422577455
5-17C,7.0,165.0556,0.048276557327763814,0.2995929135092319
5-17C,7.0,166.0508,1.8333747136489356,0.20155999121523963
5-17C,7.0,166.0632,0.6420008097191894,0.5477882632428743
5-17C,7.0,166.9759,-0.28576577703550043,0.3109305127686375
5-17C,7.0,167.0207,-0.02877166329458103,0.6613147739622008
5-17C,7.0,167.0358,-0.7195096047858129,0.6897739698065282
5-17C,7.0,167.0828,0.15969459426809385,0.272822774697278
5-17C,7.0,168.0277,-0.3516407376984553,0.06262412160772188
5-17C,7.0,168.0664,-1.0457729748459397,0.4648350643186507
5-17C,7.0,170.0455,0.5034756695496617,0.06269057653947291
5-17C,7.0,171.0065,-0.13194884451655545,0.07143119727122718
5-17C,7.0,171.0092,-0.03956653935718541,0.26573524214437433
5-17C,7.0,171.0284,0.9117924048670815,0.2299291651545107
5-17C,7.0,172.0616,0.4664085603809487,0.1981267608174152
5-17C,7.0,172.962,-0.1552935383264985,0.10591914589553675
5-17C,7.0,173.0089,0.5771519446844131,0.26474035602099366
5-17C,7.0,173.0453,0.3003881978138888,0.22830759528579544
5-17C,7.0,173.0932,-0.1486307048610116,0.030714263289628244
5-17C,7.0,173.1041,1.5784812303866935,0.18986542914628485
5-17C,7.0,174.0407,0.44168857121863714,0.04385696909593031
5-17C,7.0,174.088,1.2074358154367872,0.20354829314046433
5-17C,7.0,175.022,-0.035973169465693275,0.16210263407096875
5-17C,7.0,175.0361,0.08124975979976595,0.06857233678864456
5-17C,7.0,175.0611,0.6004009643183621,0.0817289915241232
5-17C,7.0,176.0776,0.8165801130952295,0.13869425789606976
5-17C,7.0,177.0402,-0.5501142456978543,0.643221007866195
5-17C,7.0,177.0553,-0.29784343047090805,0.45743224960508233
5-17C,7.0,178.0509,0.4302777297493458,0.10339377734447912
5-17C,7.0,179.0348,0.19823259656701167,0.30775344216215567
5-17C,7.0,179.0561,-0.48201894283604674,0.047256419136818405
5-17C,7.0,180.0663,-0.5484802316585633,0.058609734998525086
5-17C,7.0,181.0505,-0.056661978694877414,0.0677341104003215
5-17C,7.0,182.9725,-0.5975331970829202,0.21655555506178145
5-17C,7.0,183.0661,-0.37907867582735644,0.4195330260205171
5-17C,7.0,184.0017,-0.41828293449039244,0.033228814773650535
5-17C,7.0,184.9856,-0.5146081906832978,0.08106593185808975
5-17C,7.0,186.1136,0.030872644511768813,1.0219963292014822
5-17C,7.0,187.0234,0.5154104068953571,0.6496197735641448
5-17C,7.0,188.035,-0.14791470423878533,1.0024037083004105
5-17C,7.0,188.0565,0.4803355610533876,0.051112305795035534
5-17C,7.0,189.0405,-0.5296233848295181,0.07082352694188697
5-17C,7.0,191.0197,0.22957768338105533,0.3420643084429273
5-17C,7.0,191.0561,0.9051260365352418,0.08877312949831949
5-17C,7.0,192.0663,0.04696915820944592,0.48338768542121074
5-17C,7.0,193.0349,-0.002677891790737158,0.3890309410030841
5-17C,7.0,194.0682,0.9098674120990031,0.2591465558518754
5-17C,7.0,194.0822,-0.5254282742108126,1.1596263567834018
5-17C,7.0,195.0509,-0.41743172169360465,0.17825678428226344
5-17C,7.0,195.0657,-0.41662839567019233,0.6524395403673685
5-17C,7.0,196.0603,0.9322194416475349,0.2062473381966844
5-17C,7.0,198.0182,0.010666689828197058,0.22455756446108582
5-17C,7.0,199.0019,0.37917639596261665,0.05340113296333797
5-17C,7.0,200.9937,-0.3033209125206634,0.22545453686475656
5-17C,7.0,201.0051,0.12632246625839277,0.7802003800191923
5-17C,7.0,203.0348,1.6555607922707962,0.43792407621232166
5-17C,7.0,203.0826,-0.0522943592517191,0.011560683799370449
5-17C,7.0,204.0498,0.1976860546488815,0.3381292998962531
5-17C,7.0,205.0351,0.8738986307412437,0.21740310022320697
5-17C,7.0,206.0822,-0.3249771201070072,0.40961799121852
5-17C,7.0,209.0292,0.29115434867567097,0.4301224386456316
5-17C,7.0,209.0814,-0.4225469931348437,0.14075864374138392
5-17C,7.0,211.0235,0.4333184507438883,0.19617809052866636
5-17C,7.0,211.9968,0.12185134647999764,0.1295350884919283
5-17C,7.0,212.0331,-0.1951830256619868,0.17939645378988314
5-17C,7.0,212.9807,-0.14155277050296455,0.12841516244579418
5-17C,7.0,213.014,0.4405074832030865,0.1334862155631938
5-17C,7.0,213.0384,0.8315336615807225,0.23700357598953617
5-17C,7.0,213.1252,-0.21131427186135637,1.0032140398423377
5-17C,7.0,214.0488,-1.6007826699917262,0.5668917760094694
5-17C,7.0,215.0331,-0.2495594903219192,0.0783567012287221
5-17C,7.0,216.1351,-0.5759472023543946,0.20703227645017758
5-17C,7.0,218.0335,-0.2826008503150268,0.06579157058643138
5-17C,7.0,218.1034,1.5868686767777846,0.17745146234319034
5-17C,7.0,220.0828,0.01424068682964319,1.1176459594859622
5-17C,7.0,221.0443,-0.38459292082841623,0.06761399090632342
5-17C,7.0,221.0664,-0.5190152588598808,0.6895754441549489
5-17C,7.0,225.0399,0.5045503938374134,0.8369846092607095
5-17C,7.0,225.0861,-0.32673911518756854,0.4980419511320188
5-17C,7.0,225.0901,-1.2433027638249194,0.6890033034992143
5-17C,7.0,226.0135,-0.16295589637619226,0.26332642014437724
5-17C,7.0,226.0697,-0.2613116634505486,0.308101370446015
5-17C,7.0,228.0501,0.5084134212760962,0.4272129674003448
5-17C,7.0,229.0122,0.3703909205942262,0.37742330883017494
5-17C,7.0,237.0614,0.3125813375137517,0.14186324389088142
5-17C,7.0,238.0945,-0.6090241487327557,0.21652187858546823
5-17C,7.0,240.0515,1.5354086976956232,0.09745275915247613
5-17C,7.0,241.0844,0.09366381199604323,0.46740290706581267
5-17C,7.0,242.0804,0.2936851204417438,0.5142655558056686
5-17C,7.0,243.029,0.29982181537872454,0.4328300649671591
5-17C,7.0,243.0625,0.9259568240956484,0.27193589697872705
5-17C,7.0,245.0444,0.3971287966094493,0.12980966981664957
5-17C,7.0,246.0198,0.33633842243829365,0.11593049807168489
5-17C,7.0,246.064,-0.08550197585529044,0.3689614313278504
5-17C,7.0,251.0816,0.07243144384052061,0.7204947119293474
5-17C,7.0,253.0119,-0.21791665670826182,0.020742136189221636
5-17C,7.0,253.0499,0.20211122532128623,0.864749026606057
5-17C,7.0,257.0072,0.35805436646528266,0.35332831633257117
5-17C,7.0,257.1028,-0.44354798183123045,0.48715045148903235
5-17C,7.0,259.005,-0.0251904153683859,0.7043989966118115
5-17C,7.0,259.0227,-0.7453043181250913,0.07059269834216783
5-17C,7.0,261.0385,0.4776270250223932,0.05065697272880862
5-17C,7.0,266.0703,-0.5058153840026398,0.10983439722505371
5-17C,7.0,267.0724,1.811898216199999,0.3088501779830974
5-17C,7.0,268.02,-0.0690366030008118,0.48782977123833493
5-17C,7.0,269.0398,0.4111810257512668,0.1946562639515191
5-17C,7.0,271.0612,-0.10981557595794061,0.2787481452741157
5-17C,7.0,271.0815,0.19048042867039325,0.5758382977853451
5-17C,7.0,273.0021,0.35290784085648647,0.17861467159801123
5-17C,7.0,274.0933,1.8501896909209892,0.3568151685739238
5-17C,7.0,275.0184,-0.08015396600384955,0.4331414877678874
5-17C,7.0,275.0991,1.3257004712022602,0.4004756432806686
5-17C,7.0,277.1207,-0.8486914108563888,0.026951619622489317
5-17C,7.0,277.2169,0.2669662652188718,0.21486949140220699
5-17C,7.0,279.2331,1.3720633155202364,0.1292279554173991
5-17C,7.0,282.0839,-0.6845918886156981,0.1797471386814621
5-17C,7.0,283.2063,-0.06298252078010858,0.054502838193346816
5-17C,7.0,285.0972,-0.27762823074317955,0.497961366593037
5-17C,7.0,287.0157,-0.5599004889681025,0.4153869766159766
5-17C,7.0,288.0725,-0.24395954107769796,0.09910516915708124
5-17C,7.0,289.0333,-0.014627110868649401,0.33927989982355217
5-17C,7.0,289.1044,-0.14162860230683855,0.1951750093634555
5-17C,7.0,290.9677,-0.25540280881218447,0.0497313477464521
5-17C,7.0,294.0479,-0.16645843791926854,0.3593540902905263
5-17C,7.0,300.0509,-0.31343534133121875,0.8949205576699906
5-17C,7.0,301.0333,0.21946558131999327,0.18315883022037166
5-17C,7.0,303.2326,-0.15142368039796644,0.8111147756806335
5-17C,7.0,305.0207,-0.3450735646353814,0.1968652316555405
5-17C,7.0,306.0481,1.9284748955160937,0.23562101719560652
5-17C,7.0,306.0765,0.2803972283357387,0.10745834454834212
5-17C,7.0,308.0986,-0.2861768660897198,0.020665336477473602
5-17C,7.0,313.0441,0.9283153347811699,0.19694412206456127
5-17C,7.0,313.1037,0.06091548059520768,0.4292729482152643
5-17C,7.0,317.026,0.15376155687687398,0.6564154401286685
5-17C,7.0,323.0256,-0.9140399108545937,0.1377921511330663
5-17C,7.0,325.1163,-0.8937871499068295,0.29954564320797894
5-17C,7.0,328.0457,-0.31858880916774157,0.06436384816750254
5-17C,7.0,333.0589,0.1841071290800313,0.23406707993524914
5-17C,7.0,338.9884,-0.3853129888840389,0.6165506611299352
5-17C,7.0,339.0928,0.7435295389221511,0.6329715809096302
5-17C,7.0,341.1089,-0.46340014250229433,0.12752328656033732
5-17C,7.0,344.0393,-0.2728345040686959,0.23339134335173325
5-17C,7.0,346.0556,-0.25359978369737984,0.16688043209091682
5-17C,7.0,348.087,1.3670475177296337,0.2243727326819374
5-17C,7.0,353.0489,0.07671607201504482,0.7884184656057379
5-17C,7.0,357.089,-0.07005136793059127,0.28935454854343257
5-17C,7.0,375.131,-0.38631309591815644,0.2699655113858439
5-17C,7.0,377.1496,0.24811239629511744,0.19746396702979263
5-17C,7.0,383.1188,-0.7796894478046581,0.10567813517266685
5-17C,7.0,388.9416,-0.045277262093138086,0.29071333289484647
5-17C,7.0,388.9442,-0.6288858356807754,0.30940848197893156
5-17C,7.0,401.0756,-0.5868266527528883,0.10780241083229151
5-17C,7.0,407.2795,-0.1726756274653019,0.29265071922799635
5-17C,7.0,421.0743,-0.36336906747899494,0.26618115536183423
5-17C,7.0,426.0222,-0.19416109370504467,0.19892684637052876
5-17C,7.0,442.9997,-0.20762335832358633,0.37207922886860934
5-17C,7.0,466.9657,-0.12258451129554498,0.07316097737208678
5-17C,7.0,490.9787,0.33101081048104164,0.5761591929788885
5-17C,7.0,503.1614,-0.8736012727029888,0.17864655743924507
5-17C,7.0,547.0731,0.2308413745286056,0.07192012264736211
5-17C,7.0,565.0471,-0.3410022278633261,0.2788820818951866
5-17C,7.0,578.8872,-0.5993450266784477,0.055093480172280995
5-17C,7.0,579.0269,-0.7074880185133157,0.07657915863535403
5-17C,7.0,612.2549,-0.5779992280091049,0.3258445321466321
5-17C,7.0,624.2949,-0.5745780197175245,0.3618224874733987
5-17C,7.0,659.307,-0.3816948848933122,0.12523469098389017
5-17C,7.0,664.0939,-0.6123066887034154,0.1438754222072863
5-17C,7.0,665.2144,-0.5949575272900184,0.5444711185029721
5-17C,7.0,668.1374,-0.16384367157017485,0.02611512265165845
5-17C,7.0,787.255,-0.9387539975748296,0.37346514542900006
5-17C,7.0,790.2568,-0.7352268582537769,0.3331951936954885
5-17C,7.0,835.0407,-0.6838698984934366,0.05326532327886933
5-17C,7.0,863.2971,-0.7342181907948909,0.07020840438139833
5-17C,7.0,864.1473,-0.7129206233919179,0.3044370324807218
5-17C,7.0,974.2935,-0.6620494948145861,0.5334163856150413
5-17C,7.0,976.7162,-0.657239774893102,0.05533484556066344
5-17C,8.0,57.0342,-0.13365393701678033,0.1758503936774858
5-17C,8.0,58.0295,0.2744675717016506,0.5491789523048372
5-17C,8.0,59.0135,-0.8220541335665944,0.07710736645457636
5-17C,8.0,71.0137,-0.7085842109386531,0.03141839784254239
5-17C,8.0,73.0293,0.8183289019085606,0.079447117086483
5-17C,8.0,74.0247,0.7022297777754964,0.39818409649214054
5-17C,8.0,75.0087,-0.10729388248617083,0.5469921055338783
5-17C,8.0,87.0088,1.0396557305060734,0.10228975650480418
5-17C,8.0,87.0451,-0.915914604346791,0.5266823678590192
5-17C,8.0,88.0403,0.5006938981950027,0.09717371163688159
5-17C,8.0,88.9883,-0.10971159071223982,0.6590563142587488
5-17C,8.0,89.0244,2.1357002139580072,0.1784582226850711
5-17C,8.0,93.0338,-0.0327888434444006,0.013478345145204131
5-17C,8.0,94.9761,-0.35149829836733093,0.3233845832395119
5-17C,8.0,94.9806,0.6905028811933449,0.28608187985534245
5-17C,8.0,95.0139,-0.8722277620461072,0.11690826612114515
5-17C,8.0,101.0242,-0.23969325723973134,0.16981213585347033
5-17C,8.0,102.056,-0.23822460972656495,0.02896829219006242
5-17C,8.0,103.0402,2.38792085036211,0.13247693049223122
5-17C,8.0,103.0509,2.2394510877481064,0.283325809182186
5-17C,8.0,104.0352,-0.6635155997767819,0.09241549344757481
5-17C,8.0,105.0193,-0.32834701199298294,0.45443510536996584
5-17C,8.0,107.0503,-0.3092263909880928,0.6238636547996901
5-17C,8.0,109.0295,1.0892942920624158,0.15535001446857044
5-17C,8.0,111.02,0.39179198496353895,0.019253273111670296
5-17C,8.0,112.0516,0.04716815348029993,1.4232271329761024
5-17C,8.0,113.0244,-0.733140723648656,0.037755188475482954
5-17C,8.0,113.0357,0.29883819990189586,0.05842300575301222
5-17C,8.0,114.056,-0.23704009177202723,0.0013681631747857826
5-17C,8.0,115.0037,0.42592848973304265,0.15260141033710958
5-17C,8.0,115.0402,2.9736409660918333,0.19512309460829871
5-17C,8.0,115.0764,0.3731239092056218,0.9432193925137393
5-17C,8.0,116.0354,0.07695456634532102,0.12180072058785206
5-17C,8.0,116.0717,-0.5289044617190901,0.029077264773374255
5-17C,8.0,117.0194,0.8120277380634717,0.05804758245144379
5-17C,8.0,118.0508,0.588638298638279,0.10212614660967298
5-17C,8.0,118.9804,-0.6812969440623289,0.08201548859363066
5-17C,8.0,119.0503,-0.6555047672157058,0.22758147937810422
5-17C,8.0,120.9273,-0.43264628313240006,0.1139988666802175
5-17C,8.0,121.0295,-0.1516338871996738,0.36912505847593924
5-17C,8.0,121.0409,-0.7989679304781578,0.468301519739285
5-17C,8.0,122.0248,-0.13224205012431006,0.3337708911616617
5-17C,8.0,124.0075,-0.34619596927035556,0.3293763531567191
5-17C,8.0,124.0144,-0.4471413391764516,0.13557229910546706
5-17C,8.0,125.0439,-0.08878178176905827,0.24681615996179568
5-17C,8.0,127.0764,-0.568009668486541,0.4219484838179079
5-17C,8.0,128.0354,-0.35214743519787994,0.013758583509393699
5-17C,8.0,129.0193,0.5640938778340318,0.11867038322213004
5-17C,8.0,129.0556,2.175644752240661,0.8012406906130057
5-17C,8.0,130.0142,1.163989538037411,0.6702582368496034
5-17C,8.0,130.0509,0.4604922234893549,0.061796234775997334
5-17C,8.0,130.0874,-0.6346603237677729,0.03191117170984115
5-17C,8.0,131.0008,0.8820050605567197,0.6535091926722354
5-17C,8.0,131.0123,2.0700958429276697,0.06334360722181008
5-17C,8.0,131.035,-0.7319385978589386,0.22992054069233375
5-17C,8.0,131.0462,-0.5613068251928464,0.2338803821840728
5-17C,8.0,131.0828,0.0193298739108353,0.1235044610131243
5-17C,8.0,132.0302,0.19761040636626526,0.044239476997828805
5-17C,8.0,133.0142,0.375441950793435,0.14028686747210695
5-17C,8.0,133.0257,0.4511557461114212,0.12682864801293087
5-17C,8.0,133.0505,0.7670216718311568,0.06440394837675618
5-17C,8.0,134.0472,-0.5483234467998712,0.3230451619696758
5-17C,8.0,134.0604,0.03201516337179942,0.5678291089331946
5-17C,8.0,135.0302,-0.01664179366237903,0.4014434104001642
5-17C,8.0,135.0453,-0.05024327085199653,0.12536350578219668
5-17C,8.0,136.0404,0.1543482002391969,0.047674904044039734
5-17C,8.0,136.0487,0.16952614049114995,0.2582767196244107
5-17C,8.0,136.0767,-0.4215261402322954,1.1862809043317653
5-17C,8.0,137.0239,0.3875002027986538,0.11419751825832243
5-17C,8.0,138.9789,0.4360102534625453,0.5290384082974003
5-17C,8.0,139.0014,1.3387790110024156,0.04283320631362724
5-17C,8.0,139.0067,-0.5529732446859734,0.06150889040938197
5-17C,8.0,139.976,0.4871957837614431,0.32969318166857386
5-17C,8.0,143.0713,-0.4282414569401878,0.34180108694969447
5-17C,8.0,143.1077,0.4212264611541999,0.5825154694174766
5-17C,8.0,145.0141,-0.26030204543510516,0.1511546418247683
5-17C,8.0,145.0506,-0.048588307020490384,0.11552026169042781
5-17C,8.0,145.0623,-0.09943198639592456,0.20926593306457295
5-17C,8.0,145.0982,-0.545852237109169,0.17679682176622905
5-17C,8.0,145.1106,-0.8871589650806615,0.4483528626640337
5-17C,8.0,146.0459,-0.2489320054896069,0.0044601442525986435
5-17C,8.0,147.0298,0.5278581415512682,0.0871010048112951
5-17C,8.0,147.0662,0.7259235061391771,0.032378688247731185
5-17C,8.0,149.0092,-0.3506615588568014,0.5563614506324042
5-17C,8.0,149.0456,-0.25539126260291,0.11260974294126859
5-17C,8.0,149.0608,-0.23519932464031548,0.41181297291694224
5-17C,8.0,150.0422,0.342034950348063,0.4209052246305284
5-17C,8.0,150.9707,-0.7866342962158487,1.110132594244356
5-17C,8.0,151.0259,-0.5919469842117271,0.0904857927325365
5-17C,8.0,151.04,-0.004023416501872143,0.5845246924990314
5-17C,8.0,151.06,0.6935437293769584,0.633571383959872
5-17C,8.0,152.0353,0.34173130587203815,0.559536801054375
5-17C,8.0,152.0716,-0.7702878781867173,0.44347691991426264
5-17C,8.0,153.0192,1.0952925784183276,0.1942598171537223
5-17C,8.0,154.062,-0.6224355502760701,0.09161300558471806
5-17C,8.0,154.9751,0.773238924163884,0.023714875499878173
5-17C,8.0,155.0099,0.5038069045159707,0.0292669456255751
5-17C,8.0,157.0128,1.414651145287491,0.09424029686974918
5-17C,8.0,157.0255,0.5861455731320377,0.044363813881355116
5-17C,8.0,157.0379,0.6354641061426015,0.04328674970461295
5-17C,8.0,157.0504,1.010496013641998,0.12638961048187314
5-17C,8.0,159.0297,-0.49337458721783745,0.13344766908698905
5-17C,8.0,159.0775,0.9756512820958436,0.1038946433304288
5-17C,8.0,160.0616,0.35416854075822213,0.5071367972336035
5-17C,8.0,161.0453,-0.2288883078726761,0.2195932507868011
5-17C,8.0,162.0424,0.3532500593723553,0.07518989485480572
5-17C,8.0,163.0351,-0.22748664745760544,0.292829058470844
5-17C,8.0,163.0398,1.6170819819564453,0.09752728286521074
5-17C,8.0,163.0611,1.03517079764984,0.3548428508847224
5-17C,8.0,164.0716,-0.35416560910076034,0.12451729103310513
5-17C,8.0,165.03,-0.17343172148980265,2.0167601084937807
5-17C,8.0,165.0405,0.5044864225766932,0.4964678936769076
5-17C,8.0,165.0556,0.3712648858258446,0.2357768052170773
5-17C,8.0,166.0508,0.7737059587364218,0.5407289423806307
5-17C,8.0,166.0632,0.5290574802720096,0.6364660335386377
5-17C,8.0,166.9759,0.43048670387185894,0.43605280908234173
5-17C,8.0,167.0207,-0.379003209536497,0.23660354891428448
5-17C,8.0,167.0358,-0.3686051508218274,0.8716056664298968
5-17C,8.0,167.0828,-1.425187108912417,0.39837835985186143
5-17C,8.0,168.0277,-0.193017650453156,0.0772385733992681
5-17C,8.0,168.0664,0.04994531638168459,0.47947464813390284
5-17C,8.0,170.0455,0.880915464903806,0.037685101696142975
5-17C,8.0,171.0065,0.28736948299816,0.14020662592708377
5-17C,8.0,171.0092,-0.015529173537092416,0.2929376342546165
5-17C,8.0,171.0284,1.7818424331817702,0.03422942229648076
5-17C,8.0,172.0616,1.0162016757526622,0.2819880938446576
5-17C,8.0,172.962,-0.003558825110431072,0.06205385166055526
5-17C,8.0,173.0089,1.24103426656975,0.2381563557636829
5-17C,8.0,173.0453,0.6733526355417179,0.201924416221301
5-17C,8.0,173.0932,-0.06205383843292881,0.07281657668724721
5-17C,8.0,173.1041,-0.05840162928766329,0.8427450733503824
5-17C,8.0,174.0407,0.45140019222501915,0.0427188878299038
5-17C,8.0,174.088,-0.2044397481866192,0.11364479824965094
5-17C,8.0,175.022,0.08787687489755928,0.11613429449139104
5-17C,8.0,175.0361,0.2557459184588851,0.0354405488633218
5-17C,8.0,175.0611,0.8924565029971028,0.06775987778784229
5-17C,8.0,176.0776,1.1267640650854627,0.2599309200347991
5-17C,8.0,177.0402,-0.48127132383329563,0.3362948982127042
5-17C,8.0,177.0553,-0.07475131199985113,0.40183493736690945
5-17C,8.0,178.0509,0.6401898210805242,0.08759756931035874
5-17C,8.0,179.0348,0.5195373302233155,0.15694428678974037
5-17C,8.0,179.0561,-0.6112350451548292,0.03398814752314091
5-17C,8.0,180.0663,-0.6197938679711379,0.06061534517682061
5-17C,8.0,181.0505,0.25507715977842493,0.13599138187079143
5-17C,8.0,182.9725,-0.7920546334314513,0.09230728477232443
5-17C,8.0,183.0661,0.059760869947218076,0.7788061932972329
5-17C,8.0,184.0017,-0.2992992719544372,0.12035827309331874
5-17C,8.0,184.9856,0.41992902449015346,0.16487912891774437
5-17C,8.0,186.1136,0.7423671440079938,0.8172186291734701
5-17C,8.0,187.0234,0.8701245077959306,0.2850804690499872
5-17C,8.0,188.035,-0.42451165868382756,0.4341460638672833
5-17C,8.0,188.0565,0.45627781229256087,0.11015125019468693
5-17C,8.0,189.0405,-0.4935002395240077,0.1651079960201204
5-17C,8.0,191.0197,0.6754391371630171,0.287977058906698
5-17C,8.0,191.0561,0.9464176732966305,0.21322032100440416
5-17C,8.0,192.0663,-0.708064621103912,0.5402155817571178
5-17C,8.0,193.0349,-0.3697110765388289,0.6669617210749114
5-17C,8.0,194.0682,1.0071460619128758,0.37162551186172027
5-17C,8.0,194.0822,-0.7715156536597125,0.15020283391869096
5-17C,8.0,195.0509,-0.6264108280152769,0.03826038120070583
5-17C,8.0,195.0657,-0.6364213554358118,0.42398823676784597
5-17C,8.0,196.0603,1.0026026396971572,0.13184363894030726
5-17C,8.0,198.0182,0.44784028827232086,0.3402529080101135
5-17C,8.0,199.0019,1.598074977252232,0.6396695404464174
5-17C,8.0,200.9937,-0.5161273169645095,0.12489638937432182
5-17C,8.0,201.0051,0.5393915836138855,0.6570628888460853
5-17C,8.0,203.0348,3.3794682037429293,0.34273943531652906
5-17C,8.0,203.0826,-0.08500063104170802,0.05097814091843603
5-17C,8.0,204.0498,-0.40333610796989117,0.5070683163953245
5-17C,8.0,205.0351,1.0702124247479834,0.1555239196414921
5-17C,8.0,206.0822,-0.4525519009937302,1.426449673737532
5-17C,8.0,209.0292,1.763010932300402,0.3528508853050653
5-17C,8.0,209.0814,-0.4391678211189464,0.3644016616997975
5-17C,8.0,211.0235,1.665158819232389,1.0175890216230257
5-17C,8.0,211.9968,0.24074656009026696,0.09483118818243876
5-17C,8.0,212.0331,0.35533015575770177,0.47084112812895146
5-17C,8.0,212.9807,0.550455469626643,0.07491960854896573
5-17C,8.0,213.014,1.5025414471512124,0.6537407441898605
5-17C,8.0,213.0384,2.3127355635928746,0.4457618824835269
5-17C,8.0,213.1252,-0.48050822185732,0.8093416907377965
5-17C,8.0,214.0488,-0.8876951801387676,1.235676591295529
5-17C,8.0,215.0331,-0.41073734282448815,0.04491682218206559
5-17C,8.0,216.1351,-0.45436954334416313,0.2523826078375396
5-17C,8.0,218.0335,-0.5614331353743132,0.04024847316891173
5-17C,8.0,218.1034,1.8552780014392185,0.10091315849460021
5-17C,8.0,220.0828,-0.18012973754267453,0.44754313579086397
5-17C,8.0,221.0443,-0.4938545275486004,0.035616255478084925
5-17C,8.0,221.0664,-0.1564187419804325,0.29857103927073797
5-17C,8.0,225.0399,1.7456444991903144,0.4241248588585669
5-17C,8.0,225.0861,-0.04709318790115019,0.6334814120929515
5-17C,8.0,225.0901,-0.2127141097963696,0.590605034187009
5-17C,8.0,226.0135,0.05835611939078594,0.3489005846505336
5-17C,8.0,226.0697,-0.644882760476482,0.2192889827141869
5-17C,8.0,228.0501,0.25405936356841785,0.2728048626077204
5-17C,8.0,229.0122,1.1688386472433723,0.23077854551391166
5-17C,8.0,237.0614,0.7107891064682973,0.4527220274008934
5-17C,8.0,238.0945,-0.5061700595604298,0.322244136237666
5-17C,8.0,240.0515,1.4226934064803594,0.1095564970937324
5-17C,8.0,241.0844,0.5059459141519034,0.5964228147510537
5-17C,8.0,242.0804,-0.7001032988178513,0.6757826927437477
5-17C,8.0,243.029,2.0031983041231745,0.27191259300341897
5-17C,8.0,243.0625,0.8771877467808427,0.5405972213015129
5-17C,8.0,245.0444,1.2302020617786635,0.3380222234497833
5-17C,8.0,246.0198,0.522859294616636,0.5951384926254174
5-17C,8.0,246.064,-0.37992304301854407,0.1191558691914561
5-17C,8.0,251.0816,-0.6753872869425366,0.17458577550987853
5-17C,8.0,253.0119,-0.17347518955752111,0.04199467785843255
5-17C,8.0,253.0499,0.6420977734657931,0.5403991631584953
5-17C,8.0,257.0072,0.16841116677769552,0.41862831600380557
5-17C,8.0,257.1028,-0.4894527500670245,0.4891775085866896
5-17C,8.0,259.005,1.1970660504532038,0.5774334672169065
5-17C,8.0,259.0227,-0.48742967303197626,0.046007009825225306
5-17C,8.0,261.0385,0.7904349170527791,0.10499159531512045
5-17C,8.0,266.0703,-0.6210385432449224,0.24020798109517155
5-17C,8.0,267.0724,2.475054332373017,0.19081132769785242
5-17C,8.0,268.02,0.49775811339760057,0.7703376058221391
5-17C,8.0,269.0398,1.2712134416824337,0.20348898862095374
5-17C,8.0,271.0612,0.16042083659460885,0.7854391715705661
5-17C,8.0,271.0815,0.5737972047011924,0.8567987682546605
5-17C,8.0,273.0021,0.6307724607180348,0.2225915446706368
5-17C,8.0,274.0933,1.462817012574741,0.3641882688428559
5-17C,8.0,275.0184,0.1063866671199449,0.38502177045665004
5-17C,8.0,275.0991,3.0336756156712967,0.23726173742745307
5-17C,8.0,277.1207,-0.9199028294063207,0.010097393587048132
5-17C,8.0,277.2169,-0.4267240329732037,0.32213547625842676
5-17C,8.0,279.2331,-0.3562316770178089,0.016178187888788668
5-17C,8.0,282.0839,-1.0425339661125421,0.492373561895339
5-17C,8.0,283.2063,-0.5563512052614452,0.18098406754902147
5-17C,8.0,285.0972,-0.20633280042653132,0.5957447465536388
5-17C,8.0,287.0157,-0.12137904294419698,0.2436350683756584
5-17C,8.0,288.0725,-0.08387343840377212,0.1356898036444562
5-17C,8.0,289.0333,1.1052202196072416,0.6039935108671863
5-17C,8.0,289.1044,0.2509267855967491,0.056098932165883894
5-17C,8.0,290.9677,-0.011082775596356433,0.09510463113903515
5-17C,8.0,294.0479,-0.7309449899294507,0.5271461182035106
5-17C,8.0,300.0509,-1.135108268114848,0.8192668515544282
5-17C,8.0,301.0333,-0.057161117011416136,0.26475258372682137
5-17C,8.0,303.2326,-0.7250595457936932,0.2014031624345569
5-17C,8.0,305.0207,-0.5591842740038124,0.13375639320278015
5-17C,8.0,306.0481,1.7415949290308683,0.3454209927898878
5-17C,8.0,306.0765,0.3121562089181359,0.04074628659335802
5-17C,8.0,308.0986,-0.3776703000092047,0.016558865479667707
5-17C,8.0,313.0441,1.2082621412216463,0.23904012617546708
5-17C,8.0,313.1037,0.362682091738688,0.9174021151780168
5-17C,8.0,317.026,0.29605172799946444,0.21889627596421635
5-17C,8.0,323.0256,-0.38198045860401697,0.7511151445607246
5-17C,8.0,325.1163,-0.5273466229904893,0.4009008705035736
5-17C,8.0,328.0457,-0.16386775351538094,0.06555713926394394
5-17C,8.0,333.0589,0.26042784054861917,0.23698243068113947
5-17C,8.0,338.9884,0.4837419178724883,0.7703596946220771
5-17C,8.0,339.0928,-0.4962487557842208,0.47144941027229664
5-17C,8.0,341.1089,-0.2553749992025905,0.15708627513942794
5-17C,8.0,344.0393,-0.15746998694090283,0.18909593840118905
5-17C,8.0,346.0556,-0.4458861006315268,0.08047686361647724
5-17C,8.0,348.087,1.284088566966872,0.3843660693752217
5-17C,8.0,353.0489,0.27942798760755705,0.4057749147384541
5-17C,8.0,357.089,-0.05600550871008435,0.2002649786609102
5-17C,8.0,375.131,0.22155537787631044,0.8282550447516882
5-17C,8.0,377.1496,-0.6195292295823426,0.6546958946121569
5-17C,8.0,383.1188,-0.6508943791926713,0.23625078884110842
5-17C,8.0,388.9416,0.12562601585004468,0.5823269043053971
5-17C,8.0,388.9442,-0.049755077235754216,0.536454484669041
5-17C,8.0,401.0756,-0.9321053089277558,0.03516374031062224
5-17C,8.0,407.2795,-0.5473220381813856,0.1406044383886771
5-17C,8.0,421.0743,0.060725150108797414,0.7216334980987518
5-17C,8.0,426.0222,0.009645302627907151,0.4870189926632834
5-17C,8.0,442.9997,-0.00739343883860874,0.20830842168484362
5-17C,8.0,466.9657,-0.6388109813720593,0.1407568170816972
5-17C,8.0,490.9787,1.0406872097533006,0.6919499288310019
5-17C,8.0,503.1614,-0.7086950222392554,0.2389208173047114
5-17C,8.0,547.0731,0.4862198886385701,0.09229349043455065
5-17C,8.0,565.0471,0.20756029532111256,0.4709937484980019
5-17C,8.0,578.8872,-0.9332368678356842,0.08686260956015107
5-17C,8.0,579.0269,-0.8601966875922122,0.06261954820503335
5-17C,8.0,612.2549,0.37041578898444827,0.8853686582621861
5-17C,8.0,624.2949,0.2196076274282313,0.3651350518957374
5-17C,8.0,659.307,-0.45961567855896784,0.138665755521308
5-17C,8.0,664.0939,-0.15024322886082409,0.2195171093732534
5-17C,8.0,665.2144,-0.47233862202653,0.612509235204669
5-17C,8.0,668.1374,0.25011778730158013,0.01373830335602364
5-17C,8.0,787.255,-0.838082120897075,0.4833177086090466
5-17C,8.0,790.2568,-0.3031561630131252,0.21073543210769943
5-17C,8.0,835.0407,0.5484308575634629,0.30273379680014895
5-17C,8.0,863.2971,-0.07170255958904007,0.1903467088752278
5-17C,8.0,864.1473,0.10233248822376426,0.48658715120015494
5-17C,8.0,974.2935,-0.41307419462964645,0.11686747194309025
5-17C,8.0,976.7162,-0.7129004121901819,0.06089209854673554
5-17C,9.0,57.0342,-0.42891069477735366,0.2609872148685848
5-17C,9.0,58.0295,0.46741153217597664,0.49536549953160214
5-17C,9.0,59.0135,-1.3376258474537934,0.10342439760799098
5-17C,9.0,71.0137,-1.0653714411727813,0.07874333024588105
5-17C,9.0,73.0293,0.9928176084663305,0.07594038890598095
5-17C,9.0,74.0247,0.7674033884152964,0.596776720020426
5-17C,9.0,75.0087,-0.7591101511917175,0.287122360903222
5-17C,9.0,87.0088,2.0186311904994634,0.10197993308710097
5-17C,9.0,87.0451,-1.2587354904006256,0.1029215574440294
5-17C,9.0,88.0403,0.862986273709065,0.04902583467140861
5-17C,9.0,88.9883,0.13610301229170524,0.13317995987349085
5-17C,9.0,89.0244,2.78345548871705,0.1291911575384082
5-17C,9.0,93.0338,-0.019762002635950043,0.012238699999743505
5-17C,9.0,94.9761,-0.7629579514650389,0.47743462231609535
5-17C,9.0,94.9806,0.6860127125132186,0.4253630858236471
5-17C,9.0,95.0139,-1.0839182688122748,0.1258061830904336
5-17C,9.0,101.0242,-0.5912937423769636,0.14530811403937954
5-17C,9.0,102.056,-0.15047737095525476,0.032351338244915886
5-17C,9.0,103.0402,2.672043830769091,0.14931181886023775
5-17C,9.0,103.0509,2.592778136719228,0.15548160368643832
5-17C,9.0,104.0352,-0.7166502183500897,0.1075077572514911
5-17C,9.0,105.0193,-1.4434153782756007,0.17061954247110037
5-17C,9.0,107.0503,-0.29419342272631754,0.6644861307627606
5-17C,9.0,109.0295,1.053933186709814,0.16665448515213596
5-17C,9.0,111.02,0.30519276547796415,0.04796493771172592
5-17C,9.0,112.0516,-1.357907650992846,0.93509889011331
5-17C,9.0,113.0244,-1.1145759903068289,0.027484663621332346
5-17C,9.0,113.0357,-0.1376800005475062,0.06308520913372778
5-17C,9.0,114.056,-0.23083169777596285,0.004693032333124418
5-17C,9.0,115.0037,0.444179516483743,0.14969559798581805
5-17C,9.0,115.0402,2.8518285648439328,0.8055468469887457
5-17C,9.0,115.0764,-0.34475959567073244,0.9868559345090737
5-17C,9.0,116.0354,-0.3050465028035596,0.5120293767788392
5-17C,9.0,116.0717,-0.3895090611163453,0.035536721968005884
5-17C,9.0,117.0194,0.8897501755342517,0.04984910036065494
5-17C,9.0,118.0508,0.6486986124241528,0.5428769924816071
5-17C,9.0,118.9804,-1.047129185688166,0.04586391485815579
5-17C,9.0,119.0503,-0.37558021765346883,0.13834448928239343
5-17C,9.0,120.9273,-0.37611054935341093,0.05168989719823446
5-17C,9.0,121.0295,-0.4665311472088338,0.8130953121001426
5-17C,9.0,121.0409,-0.9462621660654282,0.3562968179495986
5-17C,9.0,122.0248,-1.0090305379138638,0.4004579296557393
5-17C,9.0,124.0075,-0.6596750169072635,0.12685899484633764
5-17C,9.0,124.0144,-1.0057413975012954,0.15131949918630824
5-17C,9.0,125.0439,-1.2604899694103189,0.15249880033285843
5-17C,9.0,127.0764,-0.8881021487610226,0.37120832523221486
5-17C,9.0,128.0354,-0.35902935519369206,0.006716633300895138
5-17C,9.0,129.0193,0.5167669483113354,0.14382507957755
5-17C,9.0,129.0556,0.6347230706416682,0.4834104564749764
5-17C,9.0,130.0142,-0.19722517234677486,0.3413121313324094
5-17C,9.0,130.0509,0.2314805328846959,0.042264059106358075
5-17C,9.0,130.0874,-0.32681773023168964,0.049686960216380464
5-17C,9.0,131.0008,1.216502272152813,0.5939609383738638
5-17C,9.0,131.0123,2.352533966710778,0.08694015129606218
5-17C,9.0,131.035,-1.4086780337227214,0.13761973741768602
5-17C,9.0,131.0462,-1.5250549011201424,0.18113451891041626
5-17C,9.0,131.0828,-0.3488219465645356,0.11136425130178763
5-17C,9.0,132.0302,-0.032589260075416494,0.048456693486402226
5-17C,9.0,133.0142,0.17074131291407715,0.150480999692341
5-17C,9.0,133.0257,0.2414150078942791,0.045413994564305685
5-17C,9.0,133.0505,0.6211666916286507,0.0593586421825372
5-17C,9.0,134.0472,-0.17278339059501868,0.294244639660849
5-17C,9.0,134.0604,0.015260787554612965,0.5340351603978383
5-17C,9.0,135.0302,0.05465465819354471,0.17086593581327048
5-17C,9.0,135.0453,0.3796197590053899,0.12853686356784938
5-17C,9.0,136.0404,0.26849706154669917,0.13199580231678723
5-17C,9.0,136.0487,0.7946016478092044,0.21981567731042512
5-17C,9.0,136.0767,-0.4480842431847414,0.7477016451501066
5-17C,9.0,137.0239,0.36863884060016217,0.07410451047489501
5-17C,9.0,138.9789,0.24560045990345242,0.3814528210491309
5-17C,9.0,139.0014,1.6888340094076348,0.039547513955499505
5-17C,9.0,139.0067,-0.6566510402278516,0.039410595894056905
5-17C,9.0,139.976,1.1337297639819055,0.43978518352566454
5-17C,9.0,143.0713,-1.0302794853790536,0.31062495125628065
5-17C,9.0,143.1077,0.05927655683513672,0.36288160812715436
5-17C,9.0,145.0141,-0.07662739519771143,0.02713076099778708
5-17C,9.0,145.0506,0.15052435075685067,0.07048267852754857
5-17C,9.0,145.0623,-0.36084478442826295,0.29556283641045167
5-17C,9.0,145.0982,-0.9079918004795751,0.16035279403624883
5-17C,9.0,145.1106,-0.9557760802435955,0.6442875513884788
5-17C,9.0,146.0459,-0.21829845981197965,0.01196202979111042
5-17C,9.0,147.0298,0.4282768507399255,0.10222613079111144
5-17C,9.0,147.0662,0.5749392016635047,0.05638324419393848
5-17C,9.0,149.0092,-0.7174010200150543,1.0658783667106795
5-17C,9.0,149.0456,-0.9785242007805404,0.1013263149639523
5-17C,9.0,149.0608,-0.3686144541214313,0.36869715762942284
5-17C,9.0,150.0422,0.011501860696058422,1.1990349568882057
5-17C,9.0,150.9707,-0.1687424718826903,0.2846631935948939
5-17C,9.0,151.0259,-0.39112988197116605,0.1332174337938155
5-17C,9.0,151.04,-0.11279353854667007,0.6085700754713894
5-17C,9.0,151.06,-0.46445148388433877,0.5949647113305705
5-17C,9.0,152.0353,0.14946131830702525,0.4518485340383734
5-17C,9.0,152.0716,-0.705647662295861,0.5238354397228435
5-17C,9.0,153.0192,0.727361808927449,0.12450064718405841
5-17C,9.0,154.062,-0.6341821897425794,0.10198936817676597
5-17C,9.0,154.9751,0.7429667735687387,0.07172855579084586
5-17C,9.0,155.0099,0.17911077570429923,0.047758770946202476
5-17C,9.0,157.0128,1.8174378457566853,0.196346742583298
5-17C,9.0,157.0255,0.23828753837203087,0.05355331283951631
5-17C,9.0,157.0379,0.2825726059988345,0.021328045759983295
5-17C,9.0,157.0504,0.6531190291052902,0.1432740674116755
5-17C,9.0,159.0297,-1.2665219654900646,0.11688862430713655
5-17C,9.0,159.0775,0.9939394298781057,0.07496614052173771
5-17C,9.0,160.0616,-0.38663131009304924,0.4492386748143474
5-17C,9.0,161.0453,-1.21507904887035,0.14756713062874433
5-17C,9.0,162.0424,0.40867790894185296,0.2143037939135043
5-17C,9.0,163.0351,-0.5681208265419067,0.5058251212860077
5-17C,9.0,163.0398,1.3338386478455884,0.10616337950471502
5-17C,9.0,163.0611,-0.2663623055567265,0.71963430433744
5-17C,9.0,164.0716,-0.26001953469270084,0.07699745775326268
5-17C,9.0,165.03,-0.7918628659737688,0.38843217685328163
5-17C,9.0,165.0405,-0.5392301269089543,0.471456061278444
5-17C,9.0,165.0556,0.2485936429965593,0.1280477380931573
5-17C,9.0,166.0508,0.5956393314473503,0.18973689544610614
5-17C,9.0,166.0632,-0.21790863039002029,0.5442792484547055
5-17C,9.0,166.9759,0.5843727493756083,0.649023632265791
5-17C,9.0,167.0207,-0.552871126791985,0.4282667266612672
5-17C,9.0,167.0358,0.0043702690249973475,0.40987653497355786
5-17C,9.0,167.0828,-1.1399732236774787,0.9534073617727534
5-17C,9.0,168.0277,-0.20193925402557988,0.047539411349082836
5-17C,9.0,168.0664,-1.3909715240551357,0.4491917077327711
5-17C,9.0,170.0455,0.7909895219429974,0.07518951020713134
5-17C,9.0,171.0065,0.23741984413846567,0.15297241903779366
5-17C,9.0,171.0092,0.030828603401658355,0.10122824229824473
5-17C,9.0,171.0284,2.117043945630525,0.17811138098935336
5-17C,9.0,172.0616,0.5640011470829025,0.16275890438046123
5-17C,9.0,172.962,0.3262847318917133,0.1310455734322598
5-17C,9.0,173.0089,0.9466032077308044,0.45369279028830406
5-17C,9.0,173.0453,0.41221136157971333,0.28537909488940555
5-17C,9.0,173.0932,-0.037755698808698494,0.08720756348195374
5-17C,9.0,173.1041,1.4500244511725793,0.5214824333951611
5-17C,9.0,174.0407,0.08847293981868011,0.030028733943346996
5-17C,9.0,174.088,-0.44135824902747983,0.12305001880833612
5-17C,9.0,175.022,0.5861848360008373,0.2671148626034191
5-17C,9.0,175.0361,0.09151553743422718,0.08629738741953273
5-17C,9.0,175.0611,0.5790741636848722,0.05246362928761856
5-17C,9.0,176.0776,0.4421889873694087,0.19924806055427446
5-17C,9.0,177.0402,-0.871835623124307,0.4089755102175713
5-17C,9.0,177.0553,-0.6964885391037299,0.3061488587711495
5-17C,9.0,178.0509,0.8199716010761783,0.06727602865369596
5-17C,9.0,179.0348,0.3455905602168758,0.2250062354924265
5-17C,9.0,179.0561,-0.9484410253090052,0.023675022724047024
5-17C,9.0,180.0663,-0.991573145884385,0.0351494681765735
5-17C,9.0,181.0505,-0.028499304614592977,0.3615066760074761
5-17C,9.0,182.9725,-0.989065375181152,0.165693212632243
5-17C,9.0,183.0661,-1.0582266140399201,0.5456475322352894
5-17C,9.0,184.0017,-0.20599930749893036,0.07894653282698971
5-17C,9.0,184.9856,0.9665075931478212,0.2003161082930813
5-17C,9.0,186.1136,-0.6137870565775574,0.298771179325694
5-17C,9.0,187.0234,1.1561302080496214,0.3334783821458507
5-17C,9.0,188.035,-0.6287180039577065,0.5281846599994006
5-17C,9.0,188.0565,0.09879608306803578,0.04404635485353567
5-17C,9.0,189.0405,-0.7558057845943686,0.04635460575581682
5-17C,9.0,191.0197,0.44357007975929885,0.20209592262474416
5-17C,9.0,191.0561,0.4201917462139154,0.10305533805899818
5-17C,9.0,192.0663,-1.342239478861499,0.4566495969620345
5-17C,9.0,193.0349,-0.37688224000637593,0.559633204859713
5-17C,9.0,194.0682,1.2617070146968423,0.13515023090223421
5-17C,9.0,194.0822,-0.5981359090479876,0.4928980262340207
5-17C,9.0,195.0509,-1.0671891890124883,0.048073237083464525
5-17C,9.0,195.0657,0.11512876505308056,1.3797154985741096
5-17C,9.0,196.0603,0.8097594993221012,0.15134157221768368
5-17C,9.0,198.0182,1.2211068843642394,0.5161905429606656
5-17C,9.0,199.0019,2.4260531439799093,0.34483612546624126
5-17C,9.0,200.9937,-0.41959287717463667,0.2726298927510273
5-17C,9.0,201.0051,1.208326762516013,0.9513228699979781
5-17C,9.0,203.0348,2.0088218341598103,0.18171915182527332
5-17C,9.0,203.0826,-0.09586249252177814,0.0051002826591135504
5-17C,9.0,204.0498,-0.7706986238562767,0.3847230658437671
5-17C,9.0,205.0351,0.3958051384682645,0.15246750529641107
5-17C,9.0,206.0822,-0.7845734461219965,0.554659813633339
5-17C,9.0,209.0292,2.4192308376979828,0.20160112582255532
5-17C,9.0,209.0814,-0.5998358249652727,0.2092803961242037
5-17C,9.0,211.0235,3.342069717128157,0.38342415108934796
5-17C,9.0,211.9968,0.14269790658448278,0.12666499362147485
5-17C,9.0,212.0331,0.2828942108340585,0.11427857010054307
5-17C,9.0,212.9807,1.2521398658240486,0.07303473964153519
5-17C,9.0,213.014,1.5683441745817126,0.9434850252531516
5-17C,9.0,213.0384,5.417838739779379,0.3815470899829079
5-17C,9.0,213.1252,-0.010983890469011333,0.5853242203565998
5-17C,9.0,214.0488,-0.5425118976731812,0.5076550876731679
5-17C,9.0,215.0331,-1.0005733538831358,0.023306196474814887
5-17C,9.0,216.1351,-0.6750698847664303,0.227699780707106
5-17C,9.0,218.0335,-1.0412327653077647,0.0083024834013117
5-17C,9.0,218.1034,1.2903235685348433,0.07568745741227068
5-17C,9.0,220.0828,-0.24784588538851424,0.563230133187201
5-17C,9.0,221.0443,-0.9219623244281672,0.0667989496769004
5-17C,9.0,221.0664,0.22403290641201884,0.7339772560801715
5-17C,9.0,225.0399,-0.010847481005211414,0.787995133532124
5-17C,9.0,225.0861,0.6202332135393391,0.3188062368935605
5-17C,9.0,225.0901,-0.3789023071007044,0.5816370723685343
5-17C,9.0,226.0135,0.2962176400757571,0.1610780459778231
5-17C,9.0,226.0697,-0.9530749220958591,0.26538232939801454
5-17C,9.0,228.0501,0.5369667154961839,0.2711186171946722
5-17C,9.0,229.0122,1.3708401870261173,0.16267723235716952
5-17C,9.0,237.0614,0.6960499230502808,0.33260382040437103
5-17C,9.0,238.0945,-0.4203130444462426,0.25194455987559533
5-17C,9.0,240.0515,1.071244114415431,0.10729851218938445
5-17C,9.0,241.0844,0.4299011141159219,0.4935351517674257
5-17C,9.0,242.0804,-0.10827645905321938,0.3157741341132576
5-17C,9.0,243.029,3.448377135514054,0.40325385356645393
5-17C,9.0,243.0625,0.6008296419969439,0.3567104174245742
5-17C,9.0,245.0444,1.1732144481470803,0.259513087130719
5-17C,9.0,246.0198,0.572598193864194,0.41903318491603664
5-17C,9.0,246.064,-0.810285352612941,0.07448909623960862
5-17C,9.0,251.0816,-0.6543548851392631,0.42240248702677163
5-17C,9.0,253.0119,-0.123170064187556,0.02797595473669007
5-17C,9.0,253.0499,-0.6278035211788316,0.5499621496487026
5-17C,9.0,257.0072,1.0958535285007365,0.4698460692262303
5-17C,9.0,257.1028,-0.9177606322670671,0.42042964178091047
5-17C,9.0,259.005,1.6815641089770772,0.4052384086977163
5-17C,9.0,259.0227,-0.7128207686394792,0.07105648500294653
5-17C,9.0,261.0385,0.9555430826722959,0.17485230427415824
5-17C,9.0,266.0703,-0.4551600013016982,0.3169343504436685
5-17C,9.0,267.0724,1.9500382757946855,0.1740829036614311
5-17C,9.0,268.02,0.33581676585519704,0.9690615328800136
5-17C,9.0,269.0398,2.257198783716926,0.3313549711454664
5-17C,9.0,271.0612,-0.13248441409700656,0.336716900907617
5-17C,9.0,271.0815,0.09321019415129948,0.6890608863882072
5-17C,9.0,273.0021,0.5912004095922415,0.03335891098865336
5-17C,9.0,274.0933,0.7512448546410017,0.35143250164220313
5-17C,9.0,275.0184,1.0587256888572116,0.3638745266150427
5-17C,9.0,275.0991,1.6994866864692562,0.12426831264310666
5-17C,9.0,277.1207,-1.0370328159429951,0.01733541839844141
5-17C,9.0,277.2169,-0.5972266994449356,0.4781678797949231
5-17C,9.0,279.2331,-0.32056033183886007,0.027285909377583798
5-17C,9.0,282.0839,-1.0608118594315301,0.12457267341982743
5-17C,9.0,283.2063,-0.44791175665861627,0.31306444031635133
5-17C,9.0,285.0972,-0.41950613707330964,0.25739756863617697
5-17C,9.0,287.0157,-0.9104783434974457,0.33119006798546063
5-17C,9.0,288.0725,-0.1922620106729072,0.07556573061789217
5-17C,9.0,289.0333,0.99287307642034,0.5922704264340649
5-17C,9.0,289.1044,0.08586306453755863,0.2104053389026455
5-17C,9.0,290.9677,0.049380262926752516,0.06918258464601221
5-17C,9.0,294.0479,-0.9394147283615415,1.0790893313289163
5-17C,9.0,300.0509,-0.5210158702028725,0.9457482725442636
5-17C,9.0,301.0333,0.3133337668720397,0.6773760537158552
5-17C,9.0,303.2326,-0.3614243398359741,0.12689604927648698
5-17C,9.0,305.0207,-0.9084716159333874,0.047526976403370266
5-17C,9.0,306.0481,1.0013297201740197,0.08410397517554853
5-17C,9.0,306.0765,0.47741588455736866,0.10450882453667988
5-17C,9.0,308.0986,-0.3924689294708402,0.022207760358893987
5-17C,9.0,313.0441,0.6562644639069634,0.5038577245720011
5-17C,9.0,313.1037,0.3988940850759056,0.32640843036051426
5-17C,9.0,317.026,-0.04837027499820783,0.6634468200931342
5-17C,9.0,323.0256,0.789204891033676,0.4036465394425381
5-17C,9.0,325.1163,0.3173219839900876,0.31615935673309314
5-17C,9.0,328.0457,-0.06284166576293981,0.14539414830382436
5-17C,9.0,333.0589,1.0304190184761501,0.16266064910273445
5-17C,9.0,338.9884,1.144093761083885,0.2013098352543584
5-17C,9.0,339.0928,-0.511070296578882,0.21519349160455575
5-17C,9.0,341.1089,-0.19478636952595316,0.23842183251655852
5-17C,9.0,344.0393,-0.16516095474942238,0.0887413560403133
5-17C,9.0,346.0556,-0.36744549197743825,0.08255900809464092
5-17C,9.0,348.087,0.6539196140574324,0.26643740415899225
5-17C,9.0,353.0489,0.20986264388023734,0.35716573759857045
5-17C,9.0,357.089,0.2530033941410681,0.2951323365221599
5-17C,9.0,375.131,-0.12086834753629316,1.0809716907611413
5-17C,9.0,377.1496,-0.9876580832830937,0.7842702437673538
5-17C,9.0,383.1188,-0.4118887652919038,0.5553666363688323
5-17C,9.0,388.9416,0.876406354762018,0.4363691973637391
5-17C,9.0,388.9442,0.15174660418197217,0.1444739656897829
5-17C,9.0,401.0756,-1.1074451099936469,0.03630878055868374
5-17C,9.0,407.2795,-0.6916059950435973,0.15656353671837286
5-17C,9.0,421.0743,-0.30291911218808465,0.818084877773068
5-17C,9.0,426.0222,-0.0819530777464532,0.5489613762341212
5-17C,9.0,442.9997,-0.32351574725185417,0.14272259532644793
5-17C,9.0,466.9657,-0.8276195016322648,0.09169625214396289
5-17C,9.0,490.9787,-0.359485145567643,0.5579859709394186
5-17C,9.0,503.1614,0.025147714481426275,0.35950337983507924
5-17C,9.0,547.0731,0.6308444579555395,0.0734643923238537
5-17C,9.0,565.0471,-0.34173073055015807,0.3538683835506851
5-17C,9.0,578.8872,-1.0952435599948167,0.03647175496361894
5-17C,9.0,579.0269,-0.9483195693788011,0.05974874940831329
5-17C,9.0,612.2549,0.5616472250639648,0.48612402220196443
5-17C,9.0,624.2949,1.5685221906805218,0.9126014912317258
5-17C,9.0,659.307,-0.34545265528137936,0.14371840615649764
5-17C,9.0,664.0939,0.5478743898143954,0.4070316367504297
5-17C,9.0,665.2144,0.6335671235403608,0.41476326721622037
5-17C,9.0,668.1374,0.6180038732344753,0.0283233919585362
5-17C,9.0,787.255,-0.4635327163630685,0.23704033789175474
5-17C,9.0,790.2568,-0.5162852055085139,0.21364118940449578
5-17C,9.0,835.0407,2.126211075031458,0.46924447880331877
5-17C,9.0,863.2971,0.6146957209530701,0.1098294607726264
5-17C,9.0,864.1473,-0.09403246390958112,0.7508917567987491
5-17C,9.0,974.2935,0.23618736165373191,0.2663994792592531
5-17C,9.0,976.7162,-1.0779195271684574,0.06861568372413189
5-17C,10.0,57.0342,-1.125389115204416,0.1675439949494785
5-17C,10.0,58.0295,-0.349263218762523,0.17830921811833136
5-17C,10.0,59.0135,-0.5152910412061422,0.15716640407127078
5-17C,10.0,71.0137,-1.4027419450530783,0.020567685358773558
5-17C,10.0,73.0293,0.8515748471677325,0.11654474856592706
5-17C,10.0,74.0247,0.6746563271201964,0.5847668659761648
5-17C,10.0,75.0087,-1.1833444069221581,0.45445359113162376
5-17C,10.0,87.0088,4.586245515121515,0.22490946492702
5-17C,10.0,87.0451,-1.2492126880102412,0.2974301267262682
5-17C,10.0,88.0403,2.653095618154108,0.10319489878792103
5-17C,10.0,88.9883,1.9107645364177475,0.6018538569515437
5-17C,10.0,89.0244,-0.6654435984616254,0.06939565872983576
5-17C,10.0,93.0338,-0.027531022154242843,0.006767188583604624
5-17C,10.0,94.9761,-0.7203916036506753,0.48616727343570015
5-17C,10.0,94.9806,1.1282717638439541,0.5970987350608298
5-17C,10.0,95.0139,-1.4926806970065138,0.04081099269420312
5-17C,10.0,101.0242,-1.1511517709533465,0.15332979416609688
5-17C,10.0,102.056,1.1380327579045355,0.1661992266169093
5-17C,10.0,103.0402,2.032542024688598,0.11726984712627288
5-17C,10.0,103.0509,1.7609027666320471,0.26914561677421467
5-17C,10.0,104.0352,-0.24039343648900302,0.37580861248579306
5-17C,10.0,105.0193,-0.7808495633657413,0.3143162065715799
5-17C,10.0,107.0503,-0.17113174247613894,0.9154286215231148
5-17C,10.0,109.0295,0.32198827294939614,0.26383420877443564
5-17C,10.0,111.02,-0.07832634282847428,0.048570138028197735
5-17C,10.0,112.0516,-0.22135153668391533,0.615082559120071
5-17C,10.0,113.0244,-1.4856179446221964,0.014514334752143304
5-17C,10.0,113.0357,-0.4798449687921272,0.043514355186933425
5-17C,10.0,114.056,-0.23756595048869977,0.0023022306943807254
5-17C,10.0,115.0037,1.4624963082137286,0.1159051930587807
5-17C,10.0,115.0402,1.7471648374935143,0.3286507523438939
5-17C,10.0,115.0764,-0.29748337149791226,0.9520778717897848
5-17C,10.0,116.0354,1.3100492125130128,0.25498938914979985
5-17C,10.0,116.0717,0.6847010076677601,0.04748036776987853
5-17C,10.0,117.0194,0.9872603599332603,0.0982226591342927
5-17C,10.0,118.0508,1.4046301480049797,0.40639854079477217
5-17C,10.0,118.9804,-1.4200906038305727,0.014901876385822386
5-17C,10.0,119.0503,-0.4499467572988646,0.4215803915373399
5-17C,10.0,120.9273,-0.30464938185676865,0.0901680329402281
5-17C,10.0,121.0295,-0.14466480147508948,0.6864515232936276
5-17C,10.0,121.0409,-1.2362476923778671,0.6833409741669173
5-17C,10.0,122.0248,-0.8411434526092942,0.5156436160980442
5-17C,10.0,124.0075,-0.7028782037468373,0.24470282991566394
5-17C,10.0,124.0144,-1.4158089550553075,0.11935220631009619
5-17C,10.0,125.0439,-1.4671661489965813,0.0940310645814887
5-17C,10.0,127.0764,-0.9103796473881842,0.29860219013522254
5-17C,10.0,128.0354,-0.1702973900562686,0.02266855448597236
5-17C,10.0,129.0193,0.30759236549306834,0.17253174465455332
5-17C,10.0,129.0556,-0.6000408508275104,0.6367759979809181
5-17C,10.0,130.0142,-0.11299087959725881,0.387606910796548
5-17C,10.0,130.0509,0.09732951097790637,0.11280601169020986
5-17C,10.0,130.0874,0.6791921998240047,0.08420285158406904
5-17C,10.0,131.0008,-0.26674401386931046,0.27068643183268976
5-17C,10.0,131.0123,0.2944357258510718,0.1758737921231648
5-17C,10.0,131.035,-1.6582438795863488,0.09247369381668812
5-17C,10.0,131.0462,-1.6290193370834087,0.10831578145375054
5-17C,10.0,131.0828,-0.7349364490418673,0.10260823054849084
5-17C,10.0,132.0302,-0.156966163832314,0.037292551095947264
5-17C,10.0,133.0142,0.8860065179003498,0.26046917745746184
5-17C,10.0,133.0257,0.8073090512646585,0.2650497347176507
5-17C,10.0,133.0505,0.47800786924765326,0.10680671176756794
5-17C,10.0,134.0472,0.49828913065490454,0.3564266487351977
5-17C,10.0,134.0604,-0.15228297061725152,0.6014020444490507
5-17C,10.0,135.0302,0.09931287529011233,0.1455716233763032
5-17C,10.0,135.0453,1.0337305146320355,0.15230933683109746
5-17C,10.0,136.0404,0.008237657765593938,0.17404278487637603
5-17C,10.0,136.0487,0.9812553349805455,0.1398566524571756
5-17C,10.0,136.0767,-0.04045391071279478,1.0625485972680624
5-17C,10.0,137.0239,0.24953303684077854,0.15865121185575976
5-17C,10.0,138.9789,1.677714437719919,0.7264220487468375
5-17C,10.0,139.0014,1.8892307753858035,0.10136270373190932
5-17C,10.0,139.0067,-0.5350847148989215,0.0924220293791984
5-17C,10.0,139.976,1.568555558522334,0.7207934636466039
5-17C,10.0,143.0713,-1.2156185031680857,0.18966047415954657
5-17C,10.0,143.1077,0.959786848932066,0.45234560377380795
5-17C,10.0,145.0141,0.03895940534499455,0.10354050600007152
5-17C,10.0,145.0506,2.4309512797951913,0.3865211589601027
5-17C,10.0,145.0623,1.430110980814566,0.4294935123693225
5-17C,10.0,145.0982,-0.5612658833995761,0.06804422100299161
5-17C,10.0,145.1106,0.3603001885814786,1.236439036113162
5-17C,10.0,146.0459,0.5628261365110995,0.0541504729245108
5-17C,10.0,147.0298,0.053917566457101905,0.11556607622450087
5-17C,10.0,147.0662,-0.14628435671354115,0.07843649647336663
5-17C,10.0,149.0092,-0.9756277601382397,0.43315966099990305
5-17C,10.0,149.0456,-1.8915881822248877,0.09156963933761961
5-17C,10.0,149.0608,-0.021587697437954412,0.42717969934881034
5-17C,10.0,150.0422,0.41637170946658614,0.839330855562358
5-17C,10.0,150.9707,-0.9039346158085071,0.6099833496361647
5-17C,10.0,151.0259,0.2075429844993013,0.14792423445585295
5-17C,10.0,151.04,0.16181211138518858,0.5777405608279019
5-17C,10.0,151.06,-0.4946694391232169,0.46938846073810153
5-17C,10.0,152.0353,0.8511156675840776,0.24795401752669247
5-17C,10.0,152.0716,-1.2156457737939235,0.6111082168063496
5-17C,10.0,153.0192,-0.3963738311521343,0.1093845002995376
5-17C,10.0,154.062,-0.48889910022970867,0.16125930213802467
5-17C,10.0,154.9751,0.6601333808515393,0.14468574892596459
5-17C,10.0,155.0099,-0.11454822314743301,0.031374859444646595
5-17C,10.0,157.0128,0.05511424040227783,0.04054954731829318
5-17C,10.0,157.0255,0.04920392117113384,0.036164342766916754
5-17C,10.0,157.0379,-0.01929269074576622,0.05460252665587623
5-17C,10.0,157.0504,0.2787697472316082,0.16066349357395698
5-17C,10.0,159.0297,-1.788986190815839,0.16639594149769776
5-17C,10.0,159.0775,2.1231996630806607,0.14384074035293345
5-17C,10.0,160.0616,0.873526004274598,0.5869699717299853
5-17C,10.0,161.0453,-1.9157820295719366,0.12930108028190995
5-17C,10.0,162.0424,0.6311976300260655,0.23061675905055545
5-17C,10.0,163.0351,-0.8489328873985931,0.18115072742310986
5-17C,10.0,163.0398,0.37425348294957966,0.05994325132050128
5-17C,10.0,163.0611,-0.4990936330516482,1.2716611364906087
5-17C,10.0,164.0716,2.2359058356645196,0.15011094098809488
5-17C,10.0,165.03,0.08505661707482226,0.629169818630599
5-17C,10.0,165.0405,0.08429779110349535,0.3719285666697761
5-17C,10.0,165.0556,0.47656918865907383,0.17695687224043993
5-17C,10.0,166.0508,0.4180322309383795,0.24079360398681998
5-17C,10.0,166.0632,-0.10496530094284051,0.3535348635145898
5-17C,10.0,166.9759,1.5820437477485398,0.36574152405436205
5-17C,10.0,167.0207,-0.5091961715005346,0.5098403162787576
5-17C,10.0,167.0358,0.5516027371958994,0.4257445491186317
5-17C,10.0,167.0828,0.15645352739042406,1.2076853833648673
5-17C,10.0,168.0277,0.6433448810566156,0.06467103816528683
5-17C,10.0,168.0664,-1.4510941676551719,0.6284908977051685
5-17C,10.0,170.0455,1.1825637728154152,0.13429239947046037
5-17C,10.0,171.0065,2.0126526401163396,0.3428200917347117
5-17C,10.0,171.0092,1.814253979706721,0.6863900812248495
5-17C,10.0,171.0284,0.5542143490823075,0.11155551525330087
5-17C,10.0,172.0616,0.37420187802236976,0.2537760095318746
5-17C,10.0,172.962,2.5528956665332134,0.21823944848799984
5-17C,10.0,173.0089,1.1921888905223854,0.32490372948883806
5-17C,10.0,173.0453,0.20113686902765393,0.22912496950088948
5-17C,10.0,173.0932,2.2336092301424104,0.2516659924086171
5-17C,10.0,173.1041,0.34096720352544785,0.22762534547316376
5-17C,10.0,174.0407,-0.2557464377962427,0.017698347060373543
5-17C,10.0,174.088,-0.5178749897296717,0.0455626495589679
5-17C,10.0,175.022,0.6343248097663798,0.20191509851597073
5-17C,10.0,175.0361,-0.005318101455876988,0.02462986672425201
5-17C,10.0,175.0611,-0.0616779649477032,0.061516153588003615
5-17C,10.0,176.0776,-0.12572798595381707,0.2322053555551323
5-17C,10.0,177.0402,-1.5477686018274825,0.2569584912821087
5-17C,10.0,177.0553,-0.5234212549973528,0.30133782656892866
5-17C,10.0,178.0509,0.6485522591842396,0.05531352507214381
5-17C,10.0,179.0348,-0.09228509815009936,0.08384047873813351
5-17C,10.0,179.0561,-1.449832598206204,0.0015898065172581224
5-17C,10.0,180.0663,-1.3345852281325596,0.04029197179539846
5-17C,10.0,181.0505,-0.22802101867568503,0.13798244064976495
5-17C,10.0,182.9725,-1.2383515303554122,0.126000191033368
5-17C,10.0,183.0661,-1.17927348630809,0.5843225857564643
5-17C,10.0,184.0017,0.3112127145598974,0.11185717582640753
5-17C,10.0,184.9856,4.361371833288267,0.4705943722077326
5-17C,10.0,186.1136,0.5130984051691388,0.3014222043821351
5-17C,10.0,187.0234,0.6360690616898829,0.6880551261571439
5-17C,10.0,188.035,0.506842148861588,0.9933506659946876
5-17C,10.0,188.0565,-0.1424065271458271,0.05135335473480272
5-17C,10.0,189.0405,-1.0090640336741354,0.06698937395167219
5-17C,10.0,191.0197,1.0141767630959895,0.20337714139624966
5-17C,10.0,191.0561,-0.3508747019372558,0.09970006741357669
5-17C,10.0,192.0663,-0.9823385574758643,0.5517716499898603
5-17C,10.0,193.0349,-0.6021219652825139,0.5932061386741377
5-17C,10.0,194.0682,0.6784896889435765,0.17938310460890963
5-17C,10.0,194.0822,-0.3179827146753763,0.3416175316870654
5-17C,10.0,195.0509,-1.3034085625133258,0.0207183231943094
5-17C,10.0,195.0657,-0.699472561635857,0.42078744687809455
5-17C,10.0,196.0603,0.22929709860590974,0.1806958323060469
5-17C,10.0,198.0182,4.228254758055034,0.5388797673634831
5-17C,10.0,199.0019,0.9363574865742891,0.5061919045399775
5-17C,10.0,200.9937,-0.05857560420581838,0.10058847946531115
5-17C,10.0,201.0051,0.5867498263680184,0.8812634190550166
5-17C,10.0,203.0348,-0.16770634422188418,0.12343528340664288
5-17C,10.0,203.0826,-0.09501768107332824,0.010636974206434077
5-17C,10.0,204.0498,-0.9646318589869965,0.1413419427092366
5-17C,10.0,205.0351,-0.4238545257002795,0.18323153706642686
5-17C,10.0,206.0822,-0.21784701564443845,0.4910691546876106
5-17C,10.0,209.0292,-0.12387897369096658,0.7936236662768941
5-17C,10.0,209.0814,-0.7122242808577766,0.32011536865506746
5-17C,10.0,211.0235,7.199347638657805,0.21872083775474635
5-17C,10.0,211.9968,0.033178657805895774,0.07273696985205823
5-17C,10.0,212.0331,1.2390486838261492,0.3811971228632282
5-17C,10.0,212.9807,3.9904920330109186,0.24456160373802013
5-17C,10.0,213.014,0.2462240114320292,0.1451046877908828
5-17C,10.0,213.0384,2.543926127527116,0.5263892705574701
5-17C,10.0,213.1252,-0.027976199604969172,0.8427259568459514
5-17C,10.0,214.0488,-0.9506146645375582,0.21869403123826617
5-17C,10.0,215.0331,-1.5621374655595563,0.00042980956464793617
5-17C,10.0,216.1351,-0.7716262841386723,0.24465811146559108
5-17C,10.0,218.0335,-1.5038167596988599,0.002304771473656731
5-17C,10.0,218.1034,0.2487852659966125,0.1284702459225794
5-17C,10.0,220.0828,-0.838481174932783,0.20402255868864794
5-17C,10.0,221.0443,-1.0206553156763798,0.105359176586189
5-17C,10.0,221.0664,0.2711233631496095,0.6087954247296318
5-17C,10.0,225.0399,1.2696358401711545,0.4566392362212605
5-17C,10.0,225.0861,0.8019800311908911,0.43876823818931737
5-17C,10.0,225.0901,0.6036230195650789,1.0251029420503381
5-17C,10.0,226.0135,1.064114668270629,0.22116850814938188
5-17C,10.0,226.0697,-0.7997326306402361,0.2009851742177547
5-17C,10.0,228.0501,0.8142946880935881,0.15668011961816342
5-17C,10.0,229.0122,1.3593700680479173,0.14813160557967006
5-17C,10.0,237.0614,0.5294222054262646,0.3085500153190229
5-17C,10.0,238.0945,-0.7707142634909457,0.28082512816279104
5-17C,10.0,240.0515,0.37301212002791184,0.033210101826330954
5-17C,10.0,241.0844,0.38293226703487454,0.6229153011967207
5-17C,10.0,242.0804,-0.5793345731399924,0.39327775036844514
5-17C,10.0,243.029,-0.2118931792555416,0.34920542986668973
5-17C,10.0,243.0625,0.6589461257970873,0.5630059222396508
5-17C,10.0,245.0444,0.4597163491528066,0.25912623926716155
5-17C,10.0,246.0198,1.5692892134017975,0.29728983318599683
5-17C,10.0,246.064,-1.2376894732803363,0.003556786459325965
5-17C,10.0,251.0816,-1.1965234649569796,0.32912551418454744
5-17C,10.0,253.0119,-0.1121809781004483,0.01975363409503564
5-17C,10.0,253.0499,-0.839234182787195,0.6997301486161653
5-17C,10.0,257.0072,1.7639604899442856,0.3141706934577504
5-17C,10.0,257.1028,-1.2948355142039465,0.5705924714431964
5-17C,10.0,259.005,0.47346505395650973,0.40918744316697847
5-17C,10.0,259.0227,-0.8348772195509857,0.03872842247706368
5-17C,10.0,261.0385,1.4835084030470607,0.09541164155524545
5-17C,10.0,266.0703,-0.11947890889616283,0.08902753367140241
5-17C,10.0,267.0724,-0.7089932050987886,0.012175199944967895
5-17C,10.0,268.02,0.10838443217432148,0.7054610124401313
5-17C,10.0,269.0398,0.20804156288205763,0.2296787958466567
5-17C,10.0,271.0612,-0.33710050572068084,0.6165577785979067
5-17C,10.0,271.0815,-0.5552580359759923,0.44811552316810255
5-17C,10.0,273.0021,0.6505584862809315,0.17849363145147015
5-17C,10.0,274.0933,-0.1315669952473249,0.1399851893646335
5-17C,10.0,275.0184,0.736837904632318,0.48075652095527494
5-17C,10.0,275.0991,0.09622985911782138,0.3850181799635098
5-17C,10.0,277.1207,-1.101205896612992,0.01912862275760405
5-17C,10.0,277.2169,-0.3014425069649932,0.20547245581529644
5-17C,10.0,279.2331,-0.29636865392260436,0.03209865215990806
5-17C,10.0,282.0839,-0.8993571351138046,0.2500775062121043
5-17C,10.0,283.2063,-0.03772105832149503,0.1805984315472156
5-17C,10.0,285.0972,0.45314993000246506,0.35669263630570214
5-17C,10.0,287.0157,-0.8554388168477878,0.13301024602971856
5-17C,10.0,288.0725,-0.31533738135249423,0.09819440089897519
5-17C,10.0,289.0333,0.7710780711610372,0.6811238654579993
5-17C,10.0,289.1044,-0.09824647049000002,0.09698915095118579
5-17C,10.0,290.9677,-0.04604439651107929,0.19161338743224895
5-17C,10.0,294.0479,-0.8861073979862124,1.055858767820108
5-17C,10.0,300.0509,0.13343940832303583,0.30477397797053546
5-17C,10.0,301.0333,0.13626423503522492,0.6724572152971937
5-17C,10.0,303.2326,-0.14375080638814605,0.12352498524929961
5-17C,10.0,305.0207,-1.3297234960609818,0.08380323345282915
5-17C,10.0,306.0481,0.504530803058016,0.4752946598390976
5-17C,10.0,306.0765,0.08180945252011679,0.03945988560809995
5-17C,10.0,308.0986,-0.4182354804953228,0.016161573118013257
5-17C,10.0,313.0441,0.08129679221767738,0.7421761737998498
5-17C,10.0,313.1037,0.5517891680552689,0.900738746229413
5-17C,10.0,317.026,-0.4207183863470427,0.4002293009582982
5-17C,10.0,323.0256,1.3133161792348151,1.1322799631302372
5-17C,10.0,325.1163,1.1949238535163103,0.4021041806901917
5-17C,10.0,328.0457,0.9840113380340092,0.207660509588187
5-17C,10.0,333.0589,1.090627579745814,0.2859672227956833
5-17C,10.0,338.9884,0.9463129229293763,0.21452608313440782
5-17C,10.0,339.0928,-1.430877681188743,0.5675119763519074
5-17C,10.0,341.1089,-0.08799316028224587,0.15781200896389183
5-17C,10.0,344.0393,1.3279855097902997,0.41968073438207437
5-17C,10.0,346.0556,-0.33875515262535916,0.09615946758853879
5-17C,10.0,348.087,0.7767626757638295,0.22208347808809784
5-17C,10.0,353.0489,0.16348574806202423,0.9186567627022842
5-17C,10.0,357.089,0.7539723730058152,0.1141631158784194
5-17C,10.0,375.131,0.26668098510122723,0.17711941407155027
5-17C,10.0,377.1496,-0.6385703771875538,0.43675985172072707
5-17C,10.0,383.1188,-0.38249928654822896,0.3702570930585486
5-17C,10.0,388.9416,0.2510048398432967,0.38001653182585776
5-17C,10.0,388.9442,0.021143662522334697,0.32837989495682796
5-17C,10.0,401.0756,-1.1720382414379578,0.04885034812621121
5-17C,10.0,407.2795,-0.8608937057938626,0.2014790234908454
5-17C,10.0,421.0743,0.543380261884659,1.0840396519740685
5-17C,10.0,426.0222,0.2913103222790653,0.5216250976142295
5-17C,10.0,442.9997,-0.2758965973456847,0.1276439678995001
5-17C,10.0,466.9657,-1.33035964883305,0.192462866212279
5-17C,10.0,490.9787,-1.1254241782957208,0.9184573256877842
5-17C,10.0,503.1614,0.43056705226410674,0.13929007612489444
5-17C,10.0,547.0731,0.8629931189627782,0.11688913627084373
5-17C,10.0,565.0471,0.45962222496495825,0.3004432579624226
5-17C,10.0,578.8872,-1.2581195563557788,0.037665694499130944
5-17C,10.0,579.0269,-0.90971873440818,0.03991062160708132
5-17C,10.0,612.2549,1.3389604308284768,0.6277150461947696
5-17C,10.0,624.2949,1.9445968685822455,0.17708666485170108
5-17C,10.0,659.307,-0.7223718432454811,0.09116559786365035
5-17C,10.0,664.0939,2.314764880821174,0.7358329728382174
5-17C,10.0,665.2144,1.752902558731348,0.5198393989671274
5-17C,10.0,668.1374,0.15083462583093066,0.035403943344381725
5-17C,10.0,787.255,-0.4435233992594154,0.22973643102445793
5-17C,10.0,790.2568,-0.7410394685036511,0.3464077140795923
5-17C,10.0,835.0407,0.9080559347173749,0.5040442388358582
5-17C,10.0,863.2971,2.7719735041283133,0.10151453777331292
5-17C,10.0,864.1473,0.9676925186596794,0.6840070317380501
5-17C,10.0,974.2935,0.8648156057670876,0.53396725162508
5-17C,10.0,976.7162,-1.217548894121862,0.07789479119885187
5-18A,1.0,57.0342,0.6893401577524959,0.3658324845176543
5-18A,1.0,58.0295,-1.1635110016447419,0.1088737076566875
5-18A,1.0,59.0135,0.24721457501906402,0.2752313351543441
5-18A,1.0,71.0137,0.5623323383902737,0.15400823891571433
5-18A,1.0,73.0293,-0.9465193380270789,0.0100368966215599
5-18A,1.0,74.0247,-0.5049860254601843,0.30280371663828093
5-18A,1.0,75.0087,-1.489205467984339,0.34179817039927723
5-18A,1.0,87.0088,-0.6991138400874952,0.01688913641273044
5-18A,1.0,87.0451,0.5349123480705817,0.5502407218110391
5-18A,1.0,88.0403,-0.9279343932381472,0.029709314507812456
5-18A,1.0,88.9883,-0.16067315474964305,0.6746050205167614
5-18A,1.0,89.0244,-0.6777307028849859,0.10090576319056284
5-18A,1.0,93.0338,-0.08769514636997831,0.00840767739828788
5-18A,1.0,94.9761,-1.2970511059521272,0.18295427736842115
5-18A,1.0,94.9806,0.7441818323994784,0.1348369170704628
5-18A,1.0,95.0139,0.6289112453437118,0.28066096850495875
5-18A,1.0,101.0242,0.4707179890713902,0.28234961992405516
5-18A,1.0,102.056,-0.5135977010473398,0.03551338084364942
5-18A,1.0,103.0402,-1.0120851834513838,0.01968432747207345
5-18A,1.0,103.0509,-1.0582680359823606,0.041734325659201515
5-18A,1.0,104.0352,1.2001056208863583,0.26937353852258794
5-18A,1.0,105.0193,-0.7827540353833033,0.3119174596647737
5-18A,1.0,107.0503,-0.8028957903732026,0.2060210542434916
5-18A,1.0,109.0295,-1.2662647640742337,0.08494485232791087
5-18A,1.0,111.02,-1.1848139710519001,0.015699552987357684
5-18A,1.0,112.0516,-0.8687232649511074,0.3969433234240249
5-18A,1.0,113.0244,0.5906309111199826,0.1448274295945961
5-18A,1.0,113.0357,-1.230078928008265,0.028879061196562042
5-18A,1.0,114.056,-0.23263347725479439,0.0074442673724135254
5-18A,1.0,115.0037,-0.8775869910897054,0.0586874562123311
5-18A,1.0,115.0402,-1.2797705382414886,0.3333469661446245
5-18A,1.0,115.0764,-0.10467053565582193,0.43060169024455247
5-18A,1.0,116.0354,-1.1285110716763824,0.321225792243182
5-18A,1.0,116.0717,-0.7389679539350231,0.028408628399678962
5-18A,1.0,117.0194,-0.9371708746872962,0.007179855067578882
5-18A,1.0,118.0508,-0.8861342339157974,0.12389932599819059
5-18A,1.0,118.9804,0.7023509085443056,0.23959963133211787
5-18A,1.0,119.0503,0.19876335652924393,0.5357313156900889
5-18A,1.0,120.9273,0.8483177585384244,0.6602524509876597
5-18A,1.0,121.0295,-0.13347912606840365,0.1809207755422634
5-18A,1.0,121.0409,-0.032577610938140995,0.20356662546176513
5-18A,1.0,122.0248,-1.537459374408304,0.1208569690530777
5-18A,1.0,124.0075,-0.011217705433659693,0.24001724426287882
5-18A,1.0,124.0144,-0.4443682703172529,0.23811775675605673
5-18A,1.0,125.0439,-1.2124194256694927,0.1747370330670587
5-18A,1.0,127.0764,0.5765456776475484,0.30399301460034694
5-18A,1.0,128.0354,-0.18810497808679855,0.031985483003653954
5-18A,1.0,129.0193,-1.2699652559865213,0.02896954023043107
5-18A,1.0,129.0556,-0.35041813282306006,0.2153690500436619
5-18A,1.0,130.0142,-0.7461806312177705,0.11152256002738928
5-18A,1.0,130.0509,-1.0422088097763673,0.015516482537961137
5-18A,1.0,130.0874,-0.7110536946452777,0.16878698266683287
5-18A,1.0,131.0008,-1.1458119453822273,0.0414215972202794
5-18A,1.0,131.0123,-0.7617677440342023,0.01650414248848219
5-18A,1.0,131.035,0.06366047298396399,0.2474877881305171
5-18A,1.0,131.0462,0.12759790382508127,0.22046727272117309
5-18A,1.0,131.0828,1.521791798584096,0.18562163349771463
5-18A,1.0,132.0302,-1.1738601155987949,0.019235922311826453
5-18A,1.0,133.0142,-0.5450168652795861,0.041985993622134135
5-18A,1.0,133.0257,-0.7089135111373264,0.04868816067771362
5-18A,1.0,133.0505,-1.303470742091648,0.006923669292107222
5-18A,1.0,134.0472,-0.9470869453944659,0.34766226330295263
5-18A,1.0,134.0604,-1.5670061188879707,0.15727760416032113
5-18A,1.0,135.0302,-0.6043369664088273,0.2664510897746951
5-18A,1.0,135.0453,-1.3118223268723526,0.17109697683704667
5-18A,1.0,136.0404,-0.4841244306740994,0.06117134181474453
5-18A,1.0,136.0487,-1.3488454115761537,0.18871469920743802
5-18A,1.0,136.0767,-0.5643064001417758,0.6717448525105716
5-18A,1.0,137.0239,-0.3747633911130783,0.0571038421870987
5-18A,1.0,138.9789,-0.93473823385676,0.18722953235388692
5-18A,1.0,139.0014,-0.3782197492218964,0.037582848405764036
5-18A,1.0,139.0067,-0.7708149153507127,0.048727960085430816
5-18A,1.0,139.976,-1.0852762732296584,0.46668458123066386
5-18A,1.0,143.0713,0.2591445616317763,0.5589679000962938
5-18A,1.0,143.1077,0.02744603510395921,0.5784168882714493
5-18A,1.0,145.0141,-0.11636035788426662,0.23266685396564277
5-18A,1.0,145.0506,-0.28560312046610703,0.14525903989292221
5-18A,1.0,145.0623,0.8111426839538013,0.7661899249420207
5-18A,1.0,145.0982,1.365277653992988,0.4662074184110075
5-18A,1.0,145.1106,1.0327479171782317,1.0301273391493866
5-18A,1.0,146.0459,-0.45888659213150373,0.01383541244240662
5-18A,1.0,147.0298,-0.9714344406763797,0.012874933326644382
5-18A,1.0,147.0662,-1.3903969890578454,0.013552601943933606
5-18A,1.0,149.0092,-0.17052565108997822,0.46350568980439405
5-18A,1.0,149.0456,0.20967152921514162,0.19919397902142338
5-18A,1.0,149.0608,-0.7488107181344673,0.6700967918668852
5-18A,1.0,150.0422,-0.21283585878662742,0.5354404193067402
5-18A,1.0,150.9707,0.13359497157444336,0.7801416735123279
5-18A,1.0,151.0259,-0.5036434361184908,0.07766188670548844
5-18A,1.0,151.04,-1.7128729332692698,0.3790063900375438
5-18A,1.0,151.06,-0.8551264766155499,0.2966788195686728
5-18A,1.0,152.0353,-1.4905326446501,0.31466578046562926
5-18A,1.0,152.0716,0.6647249145902938,0.37490585622371453
5-18A,1.0,153.0192,-0.4296613297940778,0.10616565256073511
5-18A,1.0,154.062,1.0207072189871291,0.1415856034231815
5-18A,1.0,154.9751,-0.9765524127971859,0.020180544882827046
5-18A,1.0,155.0099,-1.1499509363337777,0.015124931109826337
5-18A,1.0,157.0128,-1.0474391038356978,0.02883985945407194
5-18A,1.0,157.0255,-1.3171859892660676,0.011521921770008815
5-18A,1.0,157.0379,-1.3598716366587098,0.013919180634582872
5-18A,1.0,157.0504,-1.2089622399475604,0.027857791818438712
5-18A,1.0,159.0297,0.3723046109292566,0.1979584131756193
5-18A,1.0,159.0775,-1.2247155057498433,0.028042763066466775
5-18A,1.0,160.0616,-1.1349376825488933,0.2533235277779994
5-18A,1.0,161.0453,-0.5426082074976123,0.185513311987481
5-18A,1.0,162.0424,-1.4849914766627141,0.1681851051749781
5-18A,1.0,163.0351,-1.28483458952131,0.08087394362150362
5-18A,1.0,163.0398,-0.1296598894147999,0.060604840527561335
5-18A,1.0,163.0611,-0.8660730982329502,0.7645457064851262
5-18A,1.0,164.0716,-0.28762134545743306,0.1418851994910499
5-18A,1.0,165.03,-0.16108074285531548,0.7543506783650533
5-18A,1.0,165.0405,-0.9652702486422746,0.5064050842340663
5-18A,1.0,165.0556,-0.9514710995880596,0.1136935948585351
5-18A,1.0,166.0508,-1.7587461263992519,0.1900258530655419
5-18A,1.0,166.0632,-0.3847567307097177,0.3777215612200729
5-18A,1.0,166.9759,-1.235435623599923,0.25966292892988263
5-18A,1.0,167.0207,0.848055058175679,0.47631106203543017
5-18A,1.0,167.0358,-0.9853173383062162,0.4210572677565304
5-18A,1.0,167.0828,0.03869476416842291,0.7225999072231668
5-18A,1.0,168.0277,-0.4265292829398609,0.023947305810830277
5-18A,1.0,168.0664,-0.09934798963638257,0.6237561891884963
5-18A,1.0,170.0455,-0.8416306959016471,0.01249208223115603
5-18A,1.0,171.0065,-1.1194645202248812,0.09373263192851886
5-18A,1.0,171.0092,-1.0201929531197547,0.10872807680949513
5-18A,1.0,171.0284,-0.9883379008101159,0.0066035434619931355
5-18A,1.0,172.0616,-1.5987626010427367,0.10363913112758767
5-18A,1.0,172.962,-0.6044327407761121,0.06364928551858012
5-18A,1.0,173.0089,-0.9489978720809742,0.11179620300973488
5-18A,1.0,173.0453,-0.8923922156882402,0.1438283324664616
5-18A,1.0,173.0932,-0.7577355253441445,0.0727402096758763
5-18A,1.0,173.1041,0.3447315047478395,0.6655495867020967
5-18A,1.0,174.0407,-0.9852360300465405,0.012560699696270602
5-18A,1.0,174.088,0.10091872628231306,0.15221838593168788
5-18A,1.0,175.022,-0.782412002058479,0.0835128060794885
5-18A,1.0,175.0361,-1.2214303582763573,0.016255174628184075
5-18A,1.0,175.0611,-1.2287669209042447,0.01830753001309949
5-18A,1.0,176.0776,-1.4767916135730834,0.03960839473634976
5-18A,1.0,177.0402,0.8846813040535921,0.488562625466629
5-18A,1.0,177.0553,-0.5774853617020379,0.7739290312110364
5-18A,1.0,178.0509,-1.078365683872606,0.00892242153279191
5-18A,1.0,179.0348,-1.6743190763663518,0.09550706586727706
5-18A,1.0,179.0561,0.6244718161456648,0.1415834388773306
5-18A,1.0,180.0663,0.687058735099296,0.17139335461613406
5-18A,1.0,181.0505,-1.0190311004075716,0.35737212507759236
5-18A,1.0,182.9725,0.7225098956515361,0.3288070998878544
5-18A,1.0,183.0661,0.04440684190140301,0.531387131113732
5-18A,1.0,184.0017,-0.3431974293878568,0.03688540315447623
5-18A,1.0,184.9856,-0.6237611245631464,0.09553009251825623
5-18A,1.0,186.1136,-0.4648892778482642,0.11973691684346995
5-18A,1.0,187.0234,-0.6476049601518781,0.5496721251147528
5-18A,1.0,188.035,-1.216486532153421,0.339882257766027
5-18A,1.0,188.0565,-1.1004795354742964,0.0165773725608146
5-18A,1.0,189.0405,0.6050528174360765,0.24880410524945895
5-18A,1.0,191.0197,-0.8211207285141247,0.1496760260334684
5-18A,1.0,191.0561,-0.985816557699523,0.019881092294227957
5-18A,1.0,192.0663,-1.105427348433033,0.33068083592961767
5-18A,1.0,193.0349,0.05566930187703231,0.4751979697523711
5-18A,1.0,194.0682,-1.0707077151862494,0.04558441577806192
5-18A,1.0,194.0822,-1.2591144075677603,0.5146745226988411
5-18A,1.0,195.0509,0.6819957410036142,0.9485245104744133
5-18A,1.0,195.0657,-0.6075545381394055,0.6382092523603343
5-18A,1.0,196.0603,-1.4521677362209346,0.05607028316022572
5-18A,1.0,198.0182,-1.20735454976757,0.17910735813068437
5-18A,1.0,199.0019,0.6919542927811795,0.25333538604441
5-18A,1.0,200.9937,-0.10307475117215384,0.17233200059722073
5-18A,1.0,201.0051,-1.1931307971414773,0.10445032415852656
5-18A,1.0,203.0348,-0.7073882382667133,0.13704734538246344
5-18A,1.0,203.0826,0.0005365281138441738,0.02159036899587195
5-18A,1.0,204.0498,0.19725888893273452,0.49142527254221846
5-18A,1.0,205.0351,-1.0294528356968278,0.04108569012458821
5-18A,1.0,206.0822,-0.8696233000464786,0.3983384147523659
5-18A,1.0,209.0292,-0.33895418875844596,0.2836786783210679
5-18A,1.0,209.0814,0.9250591869095475,0.4056458024796174
5-18A,1.0,211.0235,-0.8281932863717635,0.18363204481335718
5-18A,1.0,211.9968,-1.0636097388874948,0.0134562426538637
5-18A,1.0,212.0331,-0.6748124609778245,0.154187397735716
5-18A,1.0,212.9807,-0.8949882935348861,0.1018650396153232
5-18A,1.0,213.014,0.1519312763151395,0.2943492254397003
5-18A,1.0,213.0384,-0.2581972728571003,0.2511834790435251
5-18A,1.0,213.1252,0.836842902209306,0.471131944756674
5-18A,1.0,214.0488,-1.2756986672646422,0.28501944267576806
5-18A,1.0,215.0331,0.4004917533068253,0.19036310968884
5-18A,1.0,216.1351,0.20548598326281897,0.08800264227229378
5-18A,1.0,218.0335,0.6004465263149007,0.1668549501106939
5-18A,1.0,218.1034,-1.2239566100762687,0.02612043309943882
5-18A,1.0,220.0828,-0.07353950482237126,0.5680964579066902
5-18A,1.0,221.0443,0.6444537130121637,0.19306956568159372
5-18A,1.0,221.0664,-1.0731129664721977,0.7194587030748647
5-18A,1.0,225.0399,-1.638489992490081,0.5616304382637203
5-18A,1.0,225.0861,-1.1804193512036036,0.16224872132419776
5-18A,1.0,225.0901,-0.8721059894232462,0.6120473020537167
5-18A,1.0,226.0135,-1.2415322668952045,0.022265251169872366
5-18A,1.0,226.0697,0.4924776906150138,0.5842529540599394
5-18A,1.0,228.0501,-0.04558612635043418,0.4000359498838757
5-18A,1.0,229.0122,-1.0149445604394882,0.16466787072876526
5-18A,1.0,237.0614,-1.4301397391656143,0.06918914550293959
5-18A,1.0,238.0945,1.6280522907653303,0.4709336943146625
5-18A,1.0,240.0515,-1.4170251880407743,0.01624976179410304
5-18A,1.0,241.0844,-1.2035710121471692,0.5915295110767058
5-18A,1.0,242.0804,0.8122095495959338,0.9746232323059467
5-18A,1.0,243.029,-1.1565377806306885,0.2450963802966792
5-18A,1.0,243.0625,-1.0345600839595395,0.19646038655597123
5-18A,1.0,245.0444,-1.466992044668757,0.2623337820982732
5-18A,1.0,246.0198,-1.3229002422046012,0.2240970905468614
5-18A,1.0,246.064,1.1514056685505767,1.1326862162230291
5-18A,1.0,251.0816,-0.226111815089278,0.5173483651653301
5-18A,1.0,253.0119,-0.3554806096067577,0.010203462110038202
5-18A,1.0,253.0499,-0.5079269466843702,0.7448851621103487
5-18A,1.0,257.0072,-0.06814024484675064,0.1933513937599894
5-18A,1.0,257.1028,1.4852720120763294,0.3954392588296894
5-18A,1.0,259.005,-0.9021633622094879,0.4421172511103553
5-18A,1.0,259.0227,0.14570777352890601,0.1871412772146999
5-18A,1.0,261.0385,-0.3031006724560551,0.09940272369613733
5-18A,1.0,266.0703,-0.7326944220153077,0.2577380096243731
5-18A,1.0,267.0724,-0.6892931272458838,0.02077512531252821
5-18A,1.0,268.02,-0.8870785571304531,0.7157937099038932
5-18A,1.0,269.0398,-0.6465005972958873,0.07195089642978025
5-18A,1.0,271.0612,-0.549471726181404,0.3209666782617685
5-18A,1.0,271.0815,0.6336003859240427,0.6586342091570382
5-18A,1.0,273.0021,-0.8270848430756823,0.10229149083829311
5-18A,1.0,274.0933,-1.2982550063664897,0.24797467500095918
5-18A,1.0,275.0184,-0.5331812178759219,0.5516225934897915
5-18A,1.0,275.0991,-0.8927764692150867,0.16633238422356
5-18A,1.0,277.1207,0.7956073429442854,0.12048346790601153
5-18A,1.0,277.2169,0.41470862258313596,0.476527353381613
5-18A,1.0,279.2331,0.9027014653933045,0.14191053194883588
5-18A,1.0,282.0839,0.3648638194495173,0.6600477293784294
5-18A,1.0,283.2063,2.442523261852867,0.24274963492769613
5-18A,1.0,285.0972,2.2155729674300098,0.06811978964138475
5-18A,1.0,287.0157,0.2776575252658235,0.6898019948450665
5-18A,1.0,288.0725,-0.6666455993305039,0.09742651313680155
5-18A,1.0,289.0333,-1.1685409944399234,0.7906970923421027
5-18A,1.0,289.1044,0.36484896914828446,0.9385049910224078
5-18A,1.0,290.9677,-0.4614707156154333,0.10369953759685131
5-18A,1.0,294.0479,-0.366360926826753,0.6330875290303974
5-18A,1.0,300.0509,-0.8194128804558748,0.6739895674044386
5-18A,1.0,301.0333,-0.5073017340905477,0.17729072702325013
5-18A,1.0,303.2326,-0.4977654087797058,0.11104330009403415
5-18A,1.0,305.0207,0.7013297205141948,0.208653742976365
5-18A,1.0,306.0481,-1.1753575913254797,0.09690237852806699
5-18A,1.0,306.0765,-0.30551202806085753,0.014792262770032556
5-18A,1.0,308.0986,0.04947379232623103,0.09593738862276727
5-18A,1.0,313.0441,-0.6049317897235928,0.2874104172401189
5-18A,1.0,313.1037,-0.18150369702338814,0.11913731540011184
5-18A,1.0,317.026,-0.33959969066033224,0.49485368755454046
5-18A,1.0,323.0256,0.5446819617480418,0.615798642726673
5-18A,1.0,325.1163,0.8804343886438055,0.31997900503078136
5-18A,1.0,328.0457,-0.8432085325751032,0.23596104092386397
5-18A,1.0,333.0589,-1.4512761161107657,0.1773465487032704
5-18A,1.0,338.9884,-0.8714996164071369,0.19370389529402782
5-18A,1.0,339.0928,-0.33321180704294684,0.908820156098136
5-18A,1.0,341.1089,-0.19591535020315756,0.12942373344181354
5-18A,1.0,344.0393,-0.5821212809398746,0.33853023693586043
5-18A,1.0,346.0556,0.18438571598595477,0.5613643882435457
5-18A,1.0,348.087,-1.126905939575889,0.16424313690729853
5-18A,1.0,353.0489,-0.728147474765557,0.7284769816582692
5-18A,1.0,357.089,-0.5663383937218361,0.2434753933249099
5-18A,1.0,375.131,-0.2854440915330484,0.3657462331143752
5-18A,1.0,377.1496,0.9145525624775117,0.3058134066951755
5-18A,1.0,383.1188,-0.500489399739747,0.5977301859449505
5-18A,1.0,388.9416,-0.6296321382045447,0.1487939584491028
5-18A,1.0,388.9442,-0.9266605426647488,0.17199102578938644
5-18A,1.0,401.0756,0.8326946987513074,0.12076254270181619
5-18A,1.0,407.2795,1.6735031842034518,0.4884142243507258
5-18A,1.0,421.0743,0.03616735577186512,0.14528484716241535
5-18A,1.0,426.0222,-0.4311719029237021,0.43148978931851634
5-18A,1.0,442.9997,-0.15369323674310525,0.16616240010372957
5-18A,1.0,466.9657,0.5206381658607504,0.2153106435598186
5-18A,1.0,490.9787,-1.0998502539976216,0.49570331812016544
5-18A,1.0,503.1614,-0.6747612450680177,0.6193207078023956
5-18A,1.0,547.0731,-1.3772639402600793,0.05503278016607422
5-18A,1.0,565.0471,-0.8538681193930006,0.31558099591926214
5-18A,1.0,578.8872,0.8512866032108382,0.24087222951960655
5-18A,1.0,579.0269,0.5853575078685631,0.21154434511592948
5-18A,1.0,612.2549,-1.0913046616962279,0.4448457373916076
5-18A,1.0,624.2949,-0.9746734355291389,0.24427453477452965
5-18A,1.0,659.307,0.14698863957075836,0.139051269760362
5-18A,1.0,664.0939,-0.5028177384363666,0.25260370993254566
5-18A,1.0,665.2144,-0.7561138027791745,0.30455161611849196
5-18A,1.0,668.1374,-0.6164810394661276,0.0001412746816373778
5-18A,1.0,787.255,-0.15026184545899968,0.35464465480524343
5-18A,1.0,790.2568,-0.3309275230958576,0.337042094307578
5-18A,1.0,835.0407,-0.7208661242823413,0.23468930583447786
5-18A,1.0,863.2971,-0.6735088608027202,0.1028299050227681
5-18A,1.0,864.1473,-0.5632769874558168,0.30106517725826965
5-18A,1.0,974.2935,-0.6008373353768521,0.20890730894881637
5-18A,1.0,976.7162,0.40174565488353126,0.14733245532390296
5-18A,2.0,57.0342,0.6119536665939335,0.23626612374336217
5-18A,2.0,58.0295,-1.0002973998598559,0.23446110923625987
5-18A,2.0,59.0135,0.7697505332475,0.12336818284922232
5-18A,2.0,71.0137,0.8851500644701644,0.1810801036458595
5-18A,2.0,73.0293,-0.8903985022359044,0.01643936905268613
5-18A,2.0,74.0247,-0.7235682888367445,0.09271137379683005
5-18A,2.0,75.0087,0.5078648807737212,1.0314604472816955
5-18A,2.0,87.0088,-0.6700773112053935,0.01358557479709291
5-18A,2.0,87.0451,0.7124846044089242,0.7560675479411354
5-18A,2.0,88.0403,-0.8668270575065916,0.01709513534550402
5-18A,2.0,88.9883,-0.1576754156886193,0.6049249038801342
5-18A,2.0,89.0244,-0.5038961005317595,0.0801382728638344
5-18A,2.0,93.0338,-0.06362949668368412,0.004907920789397202
5-18A,2.0,94.9761,-0.8399790107093166,0.4392135798557649
5-18A,2.0,94.9806,0.8562329764472544,0.3621323567571878
5-18A,2.0,95.0139,0.7764362057785422,0.3739032832930974
5-18A,2.0,101.0242,0.9403148627226272,0.3165747842709761
5-18A,2.0,102.056,-0.5331173570733901,0.08516148748680209
5-18A,2.0,103.0402,-0.8289623183611887,0.06778232326893868
5-18A,2.0,103.0509,-0.8575755646797983,0.02836071056789939
5-18A,2.0,104.0352,-0.44706755488618355,0.17821102099440625
5-18A,2.0,105.0193,0.3136505051272057,0.8523025016545176
5-18A,2.0,107.0503,0.6205413558269373,0.9001808381274784
5-18A,2.0,109.0295,-0.4292853806012152,0.16932615965753822
5-18A,2.0,111.02,-0.6412569200323681,0.011238586054299426
5-18A,2.0,112.0516,0.0011741867492016805,0.6944912081147171
5-18A,2.0,113.0244,0.7616291635269372,0.10170408763165696
5-18A,2.0,113.0357,-0.5801676689456527,0.03949311597567829
5-18A,2.0,114.056,-0.2472678399901004,0.0034062199191661905
5-18A,2.0,115.0037,-0.7514286541121369,0.08307641895035457
5-18A,2.0,115.0402,0.12518388712194992,1.1319341345098282
5-18A,2.0,115.0764,1.2278038834671954,0.90246116077591
5-18A,2.0,116.0354,-0.7194816249933829,0.35241319773304863
5-18A,2.0,116.0717,-0.7837239748435054,0.010319990017279844
5-18A,2.0,117.0194,-0.8835545133834402,0.007450975953798176
5-18A,2.0,118.0508,-1.0567130561415083,0.22648890694192642
5-18A,2.0,118.9804,1.0243249093358342,0.3288601618629696
5-18A,2.0,119.0503,0.25888248603216624,0.3959242748116223
5-18A,2.0,120.9273,-0.39284512655199166,0.19798902351356984
5-18A,2.0,121.0295,0.9626585000412202,0.9579123548249057
5-18A,2.0,121.0409,0.49407599703405275,0.8522828399306639
5-18A,2.0,122.0248,-0.6588153349791515,0.6397816441015262
5-18A,2.0,124.0075,0.17367555388451658,1.175602379626492
5-18A,2.0,124.0144,0.10279287896339626,0.10840320674565776
5-18A,2.0,125.0439,-0.6983090341362534,0.3422809831126631
5-18A,2.0,127.0764,1.8111881015634057,1.5201717460836057
5-18A,2.0,128.0354,-0.35902072853120903,0.017220022304227697
5-18A,2.0,129.0193,-0.6019042648420762,0.15779273685908812
5-18A,2.0,129.0556,0.39105140970304564,0.6281861840024511
5-18A,2.0,130.0142,-0.6390254424819917,0.21968142319718142
5-18A,2.0,130.0509,-0.9033789591816634,0.016998216285649785
5-18A,2.0,130.0874,-0.927564609632265,0.018746141492888585
5-18A,2.0,131.0008,0.5130743124727931,0.8987228729462994
5-18A,2.0,131.0123,-0.772991267730387,0.06198324248795337
5-18A,2.0,131.035,0.6116933757375502,0.4164124842360384
5-18A,2.0,131.0462,0.6519109880026761,0.1939027377139143
5-18A,2.0,131.0828,0.01675189640129464,0.2719377893092012
5-18A,2.0,132.0302,-0.8698197633814728,0.01113717462289456
5-18A,2.0,133.0142,-0.3642384009378121,0.10316166197461374
5-18A,2.0,133.0257,-0.3703513646732688,0.07048614130912718
5-18A,2.0,133.0505,-0.43739054357712415,0.06844698451219217
5-18A,2.0,134.0472,-0.3966630394863731,0.20593120251116104
5-18A,2.0,134.0604,-0.05420857558981865,0.737961550105682
5-18A,2.0,135.0302,-0.7178541498277828,0.04502528405504262
5-18A,2.0,135.0453,-0.9831816860999403,0.11198804260806577
5-18A,2.0,136.0404,-0.36518131719168195,0.09681278109348314
5-18A,2.0,136.0487,-1.134037257624778,0.1742349328025293
5-18A,2.0,136.0767,0.7692027508558118,1.8380806585885607
5-18A,2.0,137.0239,-0.33828683609465504,0.2530691266717038
5-18A,2.0,138.9789,-0.45997641437254966,0.2609792642852193
5-18A,2.0,139.0014,-0.32055718469071837,0.11806832010117083
5-18A,2.0,139.0067,-0.7293707625812456,0.04339790207211146
5-18A,2.0,139.976,-0.3317472578511427,0.16532094714811024
5-18A,2.0,143.0713,1.3633690483537912,0.5500102149343575
5-18A,2.0,143.1077,1.4027051725956845,0.5820398679032418
5-18A,2.0,145.0141,-0.23899072908504373,0.12372384022251355
5-18A,2.0,145.0506,-0.793569754432627,0.14903158186130974
5-18A,2.0,145.0623,-0.5731930223435895,0.21733244315055508
5-18A,2.0,145.0982,0.7128747936379686,0.21505652642410406
5-18A,2.0,145.1106,0.8872796330328117,0.36786965903339636
5-18A,2.0,146.0459,-0.4174049497954008,0.013952619179139699
5-18A,2.0,147.0298,-0.7798726434187193,0.018156385918897486
5-18A,2.0,147.0662,-0.3745862220742442,0.07038189824237717
5-18A,2.0,149.0092,0.7246444118416948,0.4815929326299672
5-18A,2.0,149.0456,0.7033849360344437,0.05126183473205339
5-18A,2.0,149.0608,0.6127607027357929,0.6628132486424981
5-18A,2.0,150.0422,0.022121397712990293,0.15132063947270427
5-18A,2.0,150.9707,-0.7040284373477794,0.6927311104252547
5-18A,2.0,151.0259,-0.5417077230937053,0.04907079220744941
5-18A,2.0,151.04,-0.17106942269467787,0.8247294696072145
5-18A,2.0,151.06,-0.6522344914402247,0.5054200091982526
5-18A,2.0,152.0353,0.6303235805556213,0.6426602964131886
5-18A,2.0,152.0716,1.337774672702843,0.9691032059465149
5-18A,2.0,153.0192,0.17921186551857865,0.09801606510709453
5-18A,2.0,154.062,-0.12744521497898953,0.08419352354940741
5-18A,2.0,154.9751,-0.8888486216576224,0.020114706458553108
5-18A,2.0,155.0099,-0.6272263681054134,0.02272306903912613
5-18A,2.0,157.0128,-0.7637232670279617,0.04235041603831551
5-18A,2.0,157.0255,-0.7891190870411421,0.030226369318529095
5-18A,2.0,157.0379,-0.7593429544642492,0.018508992082019112
5-18A,2.0,157.0504,-0.9107162210947828,0.03994050320495214
5-18A,2.0,159.0297,0.6109436760104887,0.14748120418611338
5-18A,2.0,159.0775,-0.9067122453920924,0.04371234692461912
5-18A,2.0,160.0616,-0.768056439125401,0.5693743104202101
5-18A,2.0,161.0453,0.03129191316315883,0.10434912191908732
5-18A,2.0,162.0424,-0.6187003777661069,0.200878553596998
5-18A,2.0,163.0351,-0.7902624249229537,0.07159681958035907
5-18A,2.0,163.0398,0.6597361476892778,0.1834815331765252
5-18A,2.0,163.0611,0.18147704178316743,0.9038425721190417
5-18A,2.0,164.0716,-0.4344404848902107,0.07763983317934689
5-18A,2.0,165.03,1.1401830775638715,0.8117096927066358
5-18A,2.0,165.0405,0.6817521569274587,0.40821406181098013
5-18A,2.0,165.0556,-0.5902571253843738,0.1263191715444864
5-18A,2.0,166.0508,-0.7321632996539977,0.2973116959906462
5-18A,2.0,166.0632,-0.5045451104264236,0.4955348769790142
5-18A,2.0,166.9759,-0.7502475107119548,0.14008381279892715
5-18A,2.0,167.0207,-0.4018805670701139,0.4854164069054819
5-18A,2.0,167.0358,0.5763030961261526,0.1817682870302642
5-18A,2.0,167.0828,0.025730496657743893,0.8101262610119565
5-18A,2.0,168.0277,-0.4067581021416503,0.025566358281428177
5-18A,2.0,168.0664,0.04589210445359228,0.5340364859511333
5-18A,2.0,170.0455,-0.804505098795157,0.01385649370453775
5-18A,2.0,171.0065,-0.6558542799349026,0.21687248494570044
5-18A,2.0,171.0092,-0.6547268809571163,0.19956281583991473
5-18A,2.0,171.0284,-0.8248238785483051,0.07365277786692173
5-18A,2.0,172.0616,-0.9214312708199048,0.2842837932673319
5-18A,2.0,172.962,-0.6112210191084775,0.06441259416701378
5-18A,2.0,173.0089,-0.7164996033694337,0.1798321435642652
5-18A,2.0,173.0453,-0.6732673375790751,0.20558327663747705
5-18A,2.0,173.0932,-0.7067802034137196,0.05261307697596282
5-18A,2.0,173.1041,0.727278616473388,0.16527378294181738
5-18A,2.0,174.0407,-0.8296569447946649,0.005112742664633609
5-18A,2.0,174.088,-0.5164580130500014,0.07758254650231658
5-18A,2.0,175.022,-0.7957662677115601,0.20562466586135142
5-18A,2.0,175.0361,-0.8702319282859567,0.02293602003277664
5-18A,2.0,175.0611,-0.9185046555068676,0.015361009562770998
5-18A,2.0,176.0776,-0.8609453415458275,0.1392532956712183
5-18A,2.0,177.0402,1.332046693991929,0.25986230173343255
5-18A,2.0,177.0553,0.05761253544955034,0.42967588017518465
5-18A,2.0,178.0509,-0.7955535596067475,0.04017791075699841
5-18A,2.0,179.0348,-0.26721145575914984,0.312781319428373
5-18A,2.0,179.0561,0.8274482686548646,0.1673465041898798
5-18A,2.0,180.0663,0.7607897828122969,0.11865837179360429
5-18A,2.0,181.0505,-0.7549518719162891,0.33204333023960797
5-18A,2.0,182.9725,1.0087800167860288,0.1478746942380327
5-18A,2.0,183.0661,1.2320230577242142,0.5753501130686954
5-18A,2.0,184.0017,-0.3548599249447951,0.03669286919968717
5-18A,2.0,184.9856,-0.39930579573979574,0.1166503407919857
5-18A,2.0,186.1136,0.9761479367477363,0.5366346278809959
5-18A,2.0,187.0234,-0.48840256840910096,0.5175310699359947
5-18A,2.0,188.035,-0.5768560749992611,0.8006945892343038
5-18A,2.0,188.0565,-0.8454358267607665,0.028958586386414912
5-18A,2.0,189.0405,1.1328337631063496,0.1041049872624946
5-18A,2.0,191.0197,-1.0067878490457212,0.08683954404527401
5-18A,2.0,191.0561,-0.9648900174372618,0.05571629453271101
5-18A,2.0,192.0663,0.4487916243413629,0.31889055579383946
5-18A,2.0,193.0349,-0.15555405843980913,0.41401533966916126
5-18A,2.0,194.0682,-0.6811385428007865,0.1500033932210237
5-18A,2.0,194.0822,0.4818012685335486,0.9369063168235825
5-18A,2.0,195.0509,0.6144604370914948,0.0839081180416076
5-18A,2.0,195.0657,0.5914312504437835,0.8748572684328412
5-18A,2.0,196.0603,-0.665445042674347,0.13785922505677034
5-18A,2.0,198.0182,-0.5393802461718278,0.24840651429093247
5-18A,2.0,199.0019,-0.659537177658099,0.4846901508644254
5-18A,2.0,200.9937,0.4438341196076465,0.10291497962993756
5-18A,2.0,201.0051,-1.1891842769119663,0.3144305929422837
5-18A,2.0,203.0348,-0.3306627662018371,0.11836188292081078
5-18A,2.0,203.0826,-0.08070114420584693,0.011337025261622792
5-18A,2.0,204.0498,-0.06117636933617626,0.6401228981329234
5-18A,2.0,205.0351,-0.42861364797923074,0.07785128504249443
5-18A,2.0,206.0822,-0.4132981222593539,0.18738271846674617
5-18A,2.0,209.0292,-0.5128009280941401,0.3906644338769204
5-18A,2.0,209.0814,0.9453735322234507,0.7137927218315757
5-18A,2.0,211.0235,-0.7578434284977116,0.4931483809729295
5-18A,2.0,211.9968,-0.8809779132831296,0.028524023403138688
5-18A,2.0,212.0331,-0.2645145729460453,0.32781896300784097
5-18A,2.0,212.9807,-0.6529756709852386,0.15322780310208356
5-18A,2.0,213.014,-0.6957843072308552,0.28529382266927106
5-18A,2.0,213.0384,-0.5734837706939107,0.2957011940823952
5-18A,2.0,213.1252,0.7277343909152609,1.294658434264992
5-18A,2.0,214.0488,-0.0024529899168964503,0.5820417506262439
5-18A,2.0,215.0331,0.9355133201649198,0.09237768411707645
5-18A,2.0,216.1351,0.6693416427055492,0.18554340256909105
5-18A,2.0,218.0335,1.061995990989275,0.19339351226777932
5-18A,2.0,218.1034,-0.7696393390617564,0.09327310064822794
5-18A,2.0,220.0828,-0.2929899839524074,0.6869188463356349
5-18A,2.0,221.0443,0.7217465724340457,0.10928369845092127
5-18A,2.0,221.0664,0.08315395667206006,0.28036740136736404
5-18A,2.0,225.0399,0.8036413885647398,0.6415824458784785
5-18A,2.0,225.0861,-0.010928105047799536,0.515643134758488
5-18A,2.0,225.0901,0.5080509416937319,0.5557028064770696
5-18A,2.0,226.0135,-0.6055799279101487,0.18120255266878313
5-18A,2.0,226.0697,0.25104972892715793,0.26453749603543897
5-18A,2.0,228.0501,-0.5831757347700175,0.3636222833808777
5-18A,2.0,229.0122,-0.6972859876265596,0.22108771952869657
5-18A,2.0,237.0614,-0.6889336849070594,0.019462198902675382
5-18A,2.0,238.0945,1.219686690958257,0.1203319806279309
5-18A,2.0,240.0515,-0.659998320218055,0.02178299473884095
5-18A,2.0,241.0844,-0.3096718430967602,0.32413270005749384
5-18A,2.0,242.0804,0.1903407382696456,0.7398031758502246
5-18A,2.0,243.029,-0.23295461958347632,0.09833428822984411
5-18A,2.0,243.0625,-0.4940361437204433,0.363415004278122
5-18A,2.0,245.0444,-0.930386133652288,0.2663511040067949
5-18A,2.0,246.0198,-0.2761514843216989,0.19460950573409247
5-18A,2.0,246.064,0.6606768003029654,0.8493488240301333
5-18A,2.0,251.0816,-0.563214477325078,0.2180184899731627
5-18A,2.0,253.0119,-0.30876117451473556,0.017932570117902606
5-18A,2.0,253.0499,0.6954494357408008,0.5921889911717805
5-18A,2.0,257.0072,-0.601553626300176,0.3583693163321456
5-18A,2.0,257.1028,1.1483638023457698,0.9916270537892125
5-18A,2.0,259.005,-0.75665664008787,0.9367677223454123
5-18A,2.0,259.0227,0.7146075421399476,0.13333224811357183
5-18A,2.0,261.0385,-0.22279064626303638,0.43947307636523997
5-18A,2.0,266.0703,-0.5215114180789878,0.16758208898702628
5-18A,2.0,267.0724,-0.6746228565043586,0.018692269665289054
5-18A,2.0,268.02,-0.09642374265871827,0.6581378464729952
5-18A,2.0,269.0398,-0.4737190191797873,0.20455233923722582
5-18A,2.0,271.0612,-0.11637760805082813,0.1765729437444355
5-18A,2.0,271.0815,1.4160853836109748,0.9973176841537941
5-18A,2.0,273.0021,-0.8586277823788508,0.024771739074618188
5-18A,2.0,274.0933,-0.6253932340551374,0.1491185172036677
5-18A,2.0,275.0184,-0.019142555922007004,0.49743866745380466
5-18A,2.0,275.0991,-0.623223764042,0.09591340603730285
5-18A,2.0,277.1207,0.832041091969832,0.15288907766188586
5-18A,2.0,277.2169,0.09566499141003576,0.6234101670521001
5-18A,2.0,279.2331,-0.3365141827638988,0.03168179672736005
5-18A,2.0,282.0839,0.21711751512103272,0.7823639537014766
5-18A,2.0,283.2063,-0.2472063567587781,0.21615112318005808
5-18A,2.0,285.0972,0.6242589627624209,0.5450570230622345
5-18A,2.0,287.0157,0.759253383450331,0.37037650652250376
5-18A,2.0,288.0725,-0.45721185399745967,0.06504776218077103
5-18A,2.0,289.0333,-0.3589167432156062,0.18285019203307154
5-18A,2.0,289.1044,1.257180623592199,0.3151471711912136
5-18A,2.0,290.9677,-0.323680797892702,0.08901193387136236
5-18A,2.0,294.0479,0.6264881014137529,0.7818697553166291
5-18A,2.0,300.0509,0.5370682144623626,0.21336451073492052
5-18A,2.0,301.0333,0.07937442560974223,0.805834662127491
5-18A,2.0,303.2326,-0.1943917748529607,0.17656480391398932
5-18A,2.0,305.0207,1.0669873740608868,0.28117916142166544
5-18A,2.0,306.0481,-0.9928304190906863,0.09463973822278991
5-18A,2.0,306.0765,-0.2921431291200461,0.027457614238483124
5-18A,2.0,308.0986,-0.23920029027826106,0.02201362149813688
5-18A,2.0,313.0441,-0.30775748750216414,0.13380607050925253
5-18A,2.0,313.1037,-0.28008078999692504,0.5572087766715884
5-18A,2.0,317.026,0.5028379112664066,1.1090787333833962
5-18A,2.0,323.0256,0.04675286100387298,0.3376200752228397
5-18A,2.0,325.1163,-0.31722313097390425,0.15471216572300364
5-18A,2.0,328.0457,-0.7724107230478019,0.20594433279047955
5-18A,2.0,333.0589,-0.8848068354328023,0.3834923745437339
5-18A,2.0,338.9884,-0.5391097301952315,0.1780560251181438
5-18A,2.0,339.0928,0.1968762402014091,0.197588274098903
5-18A,2.0,341.1089,-0.5331042457948785,0.1005395762192999
5-18A,2.0,344.0393,-0.2580019232951225,0.18209103620469402
5-18A,2.0,346.0556,0.03330360982341079,0.1577257119540957
5-18A,2.0,348.087,-1.1029754730097077,0.16638256549223981
5-18A,2.0,353.0489,-0.6069691340792582,0.36234049465658125
5-18A,2.0,357.089,-0.8016065356653272,0.15321441059168497
5-18A,2.0,375.131,-0.13856466409508406,0.4638967116668016
5-18A,2.0,377.1496,0.7120816929420986,0.2319754589571654
5-18A,2.0,383.1188,0.31420423896359223,0.3317109347662164
5-18A,2.0,388.9416,-0.14528180027823193,0.31958802638084044
5-18A,2.0,388.9442,-0.649036003822548,0.3203565339906744
5-18A,2.0,401.0756,1.048296096950561,0.22635918389759965
5-18A,2.0,407.2795,0.1437653233802305,0.17524005497474074
5-18A,2.0,421.0743,-0.2500254013085382,0.4866107977708265
5-18A,2.0,426.0222,-0.5639895544665247,0.44328316704603693
5-18A,2.0,442.9997,0.04079943576522539,0.11316783287253449
5-18A,2.0,466.9657,0.7667635583428041,0.14484755350144607
5-18A,2.0,490.9787,-0.2904355499627745,0.787459224698309
5-18A,2.0,503.1614,-0.2481084911606447,0.2151403114298416
5-18A,2.0,547.0731,-0.832636287516176,0.05283501001329347
5-18A,2.0,565.0471,-0.5580960285392395,0.14064127546546315
5-18A,2.0,578.8872,1.1510384975325891,0.12919732548892854
5-18A,2.0,579.0269,0.9572436008782065,0.0924971598930406
5-18A,2.0,612.2549,-0.5516758724354063,0.2517524882430082
5-18A,2.0,624.2949,-0.7224556874752881,0.8027929784057581
5-18A,2.0,659.307,0.3064544498632629,0.26648656094677226
5-18A,2.0,664.0939,-0.37524804408852075,0.17233885021063888
5-18A,2.0,665.2144,-0.4168681648835233,0.22982289210640033
5-18A,2.0,668.1374,-0.615873027662184,0.00037029752743684307
5-18A,2.0,787.255,0.19740003921697294,0.24799055794027955
5-18A,2.0,790.2568,0.35302294963934444,0.06328847350542835
5-18A,2.0,835.0407,-0.8068279430271492,0.37023885276547724
5-18A,2.0,863.2971,-0.560476474631111,0.07826323058795527
5-18A,2.0,864.1473,-0.2856575723707423,0.41281478974162106
5-18A,2.0,974.2935,-0.5128018701180891,0.2719402472824635
5-18A,2.0,976.7162,0.8238587282910005,0.33561602475372965
5-18A,3.0,57.0342,0.01919241066569158,0.2576174832161924
5-18A,3.0,58.0295,0.2271416946041744,0.23137457885782672
5-18A,3.0,59.0135,0.2812444053228355,0.11459214969979745
5-18A,3.0,71.0137,0.26164655492496114,0.03793375863739385
5-18A,3.0,73.0293,-0.5488488467986083,0.014176391729579069
5-18A,3.0,74.0247,-0.028717332323184026,0.17661245161481506
5-18A,3.0,75.0087,1.3899361055597859,0.5071945387903514
5-18A,3.0,87.0088,-0.6592700929301418,0.008533278303104092
5-18A,3.0,87.0451,-0.07062585098856107,0.2621882665811642
5-18A,3.0,88.0403,-0.4812275992029438,0.07137393411160559
5-18A,3.0,88.9883,0.24002463307386085,0.6624684301879793
5-18A,3.0,89.0244,-0.6984321222394159,0.045194367989057904
5-18A,3.0,93.0338,-0.040845604426333865,0.007463085356784571
5-18A,3.0,94.9761,-0.6174787425951164,0.29140889138827486
5-18A,3.0,94.9806,0.47765986029067276,0.21366889084018045
5-18A,3.0,95.0139,0.5513546284736609,0.12112243042173967
5-18A,3.0,101.0242,0.19303389201547083,0.14734160212803318
5-18A,3.0,102.056,-0.5040811086234244,0.040939109315794975
5-18A,3.0,103.0402,-0.7554709955961003,0.05640452779316209
5-18A,3.0,103.0509,-0.7222012164150009,0.17225765228936887
5-18A,3.0,104.0352,0.1889484982036781,0.41448015327483934
5-18A,3.0,105.0193,-0.049913203025401885,0.2732395279778095
5-18A,3.0,107.0503,-1.0419057589515843,0.3976734655002841
5-18A,3.0,109.0295,-0.0005569507329498333,0.13512328247283625
5-18A,3.0,111.02,0.10224350544016973,0.04244116234730051
5-18A,3.0,112.0516,-0.35720654824224596,1.2309730011454025
5-18A,3.0,113.0244,0.35047291724888374,0.06091694647577831
5-18A,3.0,113.0357,0.40545248625168706,0.12183662359769284
5-18A,3.0,114.056,-0.24367651030491808,0.0030767460028359394
5-18A,3.0,115.0037,-0.47893026627895285,0.04325045018840647
5-18A,3.0,115.0402,-0.9440154702449031,0.35221716441971235
5-18A,3.0,115.0764,-0.4742726131525762,0.22428892178320872
5-18A,3.0,116.0354,-0.4861366322821563,0.26452624981165634
5-18A,3.0,116.0717,-0.7966013298192247,0.013448208082870476
5-18A,3.0,117.0194,-0.560570536875326,0.007382430965754061
5-18A,3.0,118.0508,-0.11871781074582227,0.16330347536714215
5-18A,3.0,118.9804,0.3046603805981475,0.13039471080508735
5-18A,3.0,119.0503,-0.33860283526057555,0.47152866640178065
5-18A,3.0,120.9273,0.7067522811558355,0.5088888434211751
5-18A,3.0,121.0295,-0.5064716216976282,0.1210018255875825
5-18A,3.0,121.0409,-0.18370763391049666,0.5445132240485073
5-18A,3.0,122.0248,-1.0428338482178594,0.28180775263909497
5-18A,3.0,124.0075,0.2183120218040763,1.0932972117122044
5-18A,3.0,124.0144,0.08996743548960212,0.24040706722666713
5-18A,3.0,125.0439,-0.7523544477205717,0.1848423591498568
5-18A,3.0,127.0764,-0.5684005017957894,0.5571698030457618
5-18A,3.0,128.0354,-0.3190469312506141,0.03216604557437836
5-18A,3.0,129.0193,-0.2650313412021704,0.08037157196126307
5-18A,3.0,129.0556,-0.7956215370990385,0.427296495504726
5-18A,3.0,130.0142,-0.1619842947678957,0.8460100036960396
5-18A,3.0,130.0509,-0.06536679383874462,0.02396138963493275
5-18A,3.0,130.0874,-0.7698614628207825,0.07121279114114777
5-18A,3.0,131.0008,0.7842022426332944,0.11172345555139096
5-18A,3.0,131.0123,-0.8117185912534857,0.047842388064790825
5-18A,3.0,131.035,-0.2023572672955853,0.18157878331733823
5-18A,3.0,131.0462,0.19720692142467627,0.15790580022912376
5-18A,3.0,131.0828,0.2634892922337829,0.2586517991765114
5-18A,3.0,132.0302,-0.058835949332160714,0.03541465471359716
5-18A,3.0,133.0142,-0.3454665001195454,0.10093030686862285
5-18A,3.0,133.0257,-0.2798245557266442,0.1708640297852891
5-18A,3.0,133.0505,0.9044882267508145,0.04493006844980073
5-18A,3.0,134.0472,0.046706461259250376,0.225317858680389
5-18A,3.0,134.0604,0.35280016377402773,0.4097882935766277
5-18A,3.0,135.0302,-0.7383116176985302,0.12734621212379194
5-18A,3.0,135.0453,-0.7770863375946238,0.05855033572001168
5-18A,3.0,136.0404,-0.4095471746198645,0.05234433054552838
5-18A,3.0,136.0487,-0.8325643252723075,0.30077730658465307
5-18A,3.0,136.0767,-1.6429552237241474,0.503773234761843
5-18A,3.0,137.0239,0.024108548800943992,0.018165979554675953
5-18A,3.0,138.9789,-0.5294229571162506,0.17365811924470234
5-18A,3.0,139.0014,0.14542749070790473,0.039518669339949616
5-18A,3.0,139.0067,-0.7617684427134483,0.02795426715446548
5-18A,3.0,139.976,-1.7006244967571336,0.3328274869470731
5-18A,3.0,143.0713,-0.2786035592068306,0.1594227166653129
5-18A,3.0,143.1077,0.07161746833374925,0.47659637052150344
5-18A,3.0,145.0141,-0.34049038831160744,0.04521353989331524
5-18A,3.0,145.0506,-0.7747158616130233,0.11736105276555779
5-18A,3.0,145.0623,-0.5197583394631191,0.31766739078324335
5-18A,3.0,145.0982,0.015366736769968555,0.5102768062373368
5-18A,3.0,145.1106,-0.30803051310549856,0.4196825303875176
5-18A,3.0,146.0459,-0.35150353305657167,0.012736776569983737
5-18A,3.0,147.0298,-0.6620140135738166,0.029963444116012487
5-18A,3.0,147.0662,1.3229701898879196,0.06412630668563499
5-18A,3.0,149.0092,-0.8771758211858935,0.6723906102648533
5-18A,3.0,149.0456,0.6206522612555518,0.133414458417732
5-18A,3.0,149.0608,-1.0119554762823035,0.5855167380877018
5-18A,3.0,150.0422,-0.5300945271674672,0.32845095949985686
5-18A,3.0,150.9707,-0.31247666631313087,0.47554483742186526
5-18A,3.0,151.0259,-0.5891481395811966,0.04374592068383156
5-18A,3.0,151.04,-1.1143778738145071,0.4821601592830349
5-18A,3.0,151.06,-0.17090563299237896,0.6920693455892659
5-18A,3.0,152.0353,-1.5543194036752865,0.411466146053461
5-18A,3.0,152.0716,-0.27216245940330175,0.346097936697051
5-18A,3.0,153.0192,0.5306447235795784,0.09105647060394227
5-18A,3.0,154.062,-0.030780161035838506,0.25289318314884734
5-18A,3.0,154.9751,-0.49640925003104397,0.04803495044798274
5-18A,3.0,155.0099,0.18903350961820967,0.03789880740998865
5-18A,3.0,157.0128,-0.5188814654001872,0.0705167984078117
5-18A,3.0,157.0255,0.20998480388794316,0.044441789698259564
5-18A,3.0,157.0379,0.41637162265566047,0.04059640623331743
5-18A,3.0,157.0504,-0.4661975022920546,0.03908913329611466
5-18A,3.0,159.0297,0.2725463383352573,0.12578789279982164
5-18A,3.0,159.0775,-0.4896810768992152,0.053311695350614564
5-18A,3.0,160.0616,-0.7042510054865329,0.4907143298961656
5-18A,3.0,161.0453,-0.5148518031132552,0.03100406749476829
5-18A,3.0,162.0424,0.44424411241561396,0.20970214744810164
5-18A,3.0,163.0351,-0.5139930061990594,0.10457327769617245
5-18A,3.0,163.0398,1.3783693369219734,0.227110177863275
5-18A,3.0,163.0611,0.19858201685517726,1.1779093483062166
5-18A,3.0,164.0716,-0.4684155490743039,0.06995668926635565
5-18A,3.0,165.03,-0.6617364839318501,0.5340006457490073
5-18A,3.0,165.0405,-1.1827219528677038,0.3923290559572922
5-18A,3.0,165.0556,-0.9378715910197193,0.07515923454079122
5-18A,3.0,166.0508,-0.4208339061356855,0.1027563943318211
5-18A,3.0,166.0632,-0.6089321270366959,0.1991765547850404
5-18A,3.0,166.9759,-0.7836600771668973,0.318437352233215
5-18A,3.0,167.0207,-0.37650749780555703,0.17288846747495001
5-18A,3.0,167.0358,-0.901814189406521,0.21803807407148748
5-18A,3.0,167.0828,-0.5230901612943349,0.6655458325467614
5-18A,3.0,168.0277,-0.37821653139088746,0.02618118017640837
5-18A,3.0,168.0664,-0.5587120081535124,0.622739882764187
5-18A,3.0,170.0455,-0.7669944283812782,0.007734307235897886
5-18A,3.0,171.0065,-0.3892945566998349,0.07266833516469151
5-18A,3.0,171.0092,-0.4187682491313055,0.1867950267086965
5-18A,3.0,171.0284,-0.666490852348327,0.04803021958814838
5-18A,3.0,172.0616,0.5280233060691579,0.1370370517821961
5-18A,3.0,172.962,-0.5317647776443981,0.07224314632167972
5-18A,3.0,173.0089,-0.1927169764720721,0.1220202226755127
5-18A,3.0,173.0453,-0.48105059749640033,0.2217588300044247
5-18A,3.0,173.0932,-0.38146821757086913,0.030882108991987497
5-18A,3.0,173.1041,0.19651214411616935,0.286669529934415
5-18A,3.0,174.0407,0.04183610675267551,0.03694514457172034
5-18A,3.0,174.088,0.09808477292297263,0.16759863356691876
5-18A,3.0,175.022,-0.7160714565560758,0.045561387171585324
5-18A,3.0,175.0361,-0.10565945949471897,0.06425273928629283
5-18A,3.0,175.0611,-0.49153047265048044,0.03882616998981467
5-18A,3.0,176.0776,-0.44450303865514995,0.28760328091597714
5-18A,3.0,177.0402,0.4804847430072226,0.37722463732393957
5-18A,3.0,177.0553,-0.1782188265553692,0.5787824346479703
5-18A,3.0,178.0509,-0.4335216972743936,0.07648465002891322
5-18A,3.0,179.0348,1.7326866055136023,0.34688143532940413
5-18A,3.0,179.0561,0.3811402447517064,0.15406749490956922
5-18A,3.0,180.0663,0.4269638638857419,0.22214602847625406
5-18A,3.0,181.0505,-0.43209208778051533,0.12644967374911487
5-18A,3.0,182.9725,0.22660469823284018,0.405313226853285
5-18A,3.0,183.0661,0.3136379383326716,0.7093937297656274
5-18A,3.0,184.0017,-0.32799687338106076,0.03967894374791471
5-18A,3.0,184.9856,-0.4147698816498654,0.08224082576091833
5-18A,3.0,186.1136,0.560192967759654,0.7738264248154657
5-18A,3.0,187.0234,-0.7358645317145405,0.49461100474864284
5-18A,3.0,188.035,-0.7961888162193531,0.2963026929861111
5-18A,3.0,188.0565,-0.12907689259619323,0.06142667448113747
5-18A,3.0,189.0405,1.628519921539917,0.25071846926236196
5-18A,3.0,191.0197,-0.2577974444338865,0.10516970986766283
5-18A,3.0,191.0561,-0.5532496583759526,0.07187748814638503
5-18A,3.0,192.0663,-0.9582559679407661,0.5112481898215041
5-18A,3.0,193.0349,-0.5496420871791011,0.8548319929010898
5-18A,3.0,194.0682,0.3784714231624734,0.11948501775331626
5-18A,3.0,194.0822,-0.8086321385765921,0.24946296566498294
5-18A,3.0,195.0509,0.5495977631667652,0.19984774316681975
5-18A,3.0,195.0657,-0.13175848813986757,0.8062597227675155
5-18A,3.0,196.0603,0.060445646095910834,0.15228532460554786
5-18A,3.0,198.0182,-0.07609415918865217,0.41371419912685087
5-18A,3.0,199.0019,-0.09154914310319386,0.4263144549911134
5-18A,3.0,200.9937,0.29024028975610155,0.28565160657917565
5-18A,3.0,201.0051,0.07600433333212658,0.46400743731406424
5-18A,3.0,203.0348,-0.4263005471255234,0.3288852731361408
5-18A,3.0,203.0826,-0.03161156468341892,0.07059368581828454
5-18A,3.0,204.0498,-0.05135155786479617,0.36700504598956996
5-18A,3.0,205.0351,-0.2547073880358866,0.2075931520562911
5-18A,3.0,206.0822,-1.4698789998596498,0.6237880402339123
5-18A,3.0,209.0292,-0.5732693591674252,0.26870532907744127
5-18A,3.0,209.0814,-0.22388852532485418,0.1871800282173961
5-18A,3.0,211.0235,-0.41231555512991924,0.162249738299221
5-18A,3.0,211.9968,0.16085137040752726,0.13803385611453334
5-18A,3.0,212.0331,-0.18380023431684286,0.22644908656568352
5-18A,3.0,212.9807,-0.5776321186820463,0.12397718304573424
5-18A,3.0,213.014,-0.450770241127904,0.11467969301788017
5-18A,3.0,213.0384,-0.6473241029010446,0.09386236051931184
5-18A,3.0,213.1252,0.14641855205354548,0.7123375909188961
5-18A,3.0,214.0488,-0.7400091681471623,0.482730874277168
5-18A,3.0,215.0331,0.49556825014459477,0.11233159060514124
5-18A,3.0,216.1351,1.2303952722804699,0.20249359547342557
5-18A,3.0,218.0335,0.5453611346998847,0.17732505413274857
5-18A,3.0,218.1034,0.38196130828241415,0.053982639547193914
5-18A,3.0,220.0828,0.42680758759411114,0.9344802824535192
5-18A,3.0,221.0443,0.3949081954500876,0.047932389960297125
5-18A,3.0,221.0664,-0.1542604293799596,0.5338257108686527
5-18A,3.0,225.0399,0.4057435473649931,1.04635769252757
5-18A,3.0,225.0861,-0.35438121673153083,0.15713614467962636
5-18A,3.0,225.0901,0.020762745815838174,0.5940998483139425
5-18A,3.0,226.0135,-0.4328632765841861,0.19125674567452736
5-18A,3.0,226.0697,-0.10301589909678054,0.10569388726519273
5-18A,3.0,228.0501,-0.49489026183664275,0.20125624715870513
5-18A,3.0,229.0122,-0.02341649765730807,0.1565781591079136
5-18A,3.0,237.0614,0.11597561971749872,0.1558778606571263
5-18A,3.0,238.0945,0.835291323797277,0.13559891394900064
5-18A,3.0,240.0515,0.2593302523181325,0.12866089487164284
5-18A,3.0,241.0844,0.016127937449552376,0.5990017983171714
5-18A,3.0,242.0804,-0.43152807305664265,0.6597807006136335
5-18A,3.0,243.029,-0.5452359755569284,0.26647023502964257
5-18A,3.0,243.0625,-0.4257594354797154,0.34825898046320913
5-18A,3.0,245.0444,0.04235619613999742,0.33839011888241005
5-18A,3.0,246.0198,-0.20568804372099178,0.3941657292003032
5-18A,3.0,246.064,0.06347480239703711,0.34106204710554966
5-18A,3.0,251.0816,-0.31783645628688734,0.44998197296776404
5-18A,3.0,253.0119,-0.20564094058024518,0.032077887067818056
5-18A,3.0,253.0499,-0.24050997281210998,0.38785546823123984
5-18A,3.0,257.0072,-0.4474266442219249,0.3467080601764585
5-18A,3.0,257.1028,0.7282532001878333,0.7559049390730374
5-18A,3.0,259.005,-0.09440442372893926,0.5248129153760888
5-18A,3.0,259.0227,0.6208526268581211,0.18541761845148316
5-18A,3.0,261.0385,-0.523698238053136,0.13555421245179575
5-18A,3.0,266.0703,-0.016384503258331046,0.37602289282863044
5-18A,3.0,267.0724,-0.5538176678471067,0.047185204194924855
5-18A,3.0,268.02,-0.8942230283455592,0.46689765727153676
5-18A,3.0,269.0398,-0.8066868828016547,0.05197087125572621
5-18A,3.0,271.0612,-0.08535709270263259,0.451805615332148
5-18A,3.0,271.0815,0.30144054804772985,0.5254160640523509
5-18A,3.0,273.0021,-0.7152507855462666,0.27195669743508816
5-18A,3.0,274.0933,0.3520440029101354,0.21238535587253715
5-18A,3.0,275.0184,-0.32490088690687313,0.4439519628750225
5-18A,3.0,275.0991,-0.5272319733508648,0.24822798207366756
5-18A,3.0,277.1207,0.581220323884871,0.09468623708413065
5-18A,3.0,277.2169,-0.08711626286967214,0.5365774690948972
5-18A,3.0,279.2331,-0.2450321148290906,0.030527072606874945
5-18A,3.0,282.0839,0.7814474713447807,0.20013302063937646
5-18A,3.0,283.2063,-0.4534569557348973,0.20674100909359594
5-18A,3.0,285.0972,0.2157361470480264,0.747630751886236
5-18A,3.0,287.0157,0.2621028764300506,0.5143709804443497
5-18A,3.0,288.0725,-0.036581947522116964,0.1819810683664261
5-18A,3.0,289.0333,-0.19510736024631725,0.1161786898536129
5-18A,3.0,289.1044,0.27208880111715816,0.37686013011660274
5-18A,3.0,290.9677,-0.29900200665877996,0.058933683001393164
5-18A,3.0,294.0479,0.9920240811302958,0.9485866968075597
5-18A,3.0,300.0509,0.845555944868848,1.0397333097893597
5-18A,3.0,301.0333,-0.4041889545068603,0.5709086481503051
5-18A,3.0,303.2326,-0.5507082394474666,0.12083684595127653
5-18A,3.0,305.0207,0.34669366290773995,0.08256906431670917
5-18A,3.0,306.0481,-0.17073267832571076,0.1728746474787699
5-18A,3.0,306.0765,-0.20452349099153527,0.027606993400608223
5-18A,3.0,308.0986,-0.23387762246099703,0.052321462807692565
5-18A,3.0,313.0441,-0.38671684316486254,0.401033807592973
5-18A,3.0,313.1037,-0.11913859738706889,0.45400397843128615
5-18A,3.0,317.026,-0.2897316400332562,0.2214158087102522
5-18A,3.0,323.0256,0.22909309507920242,0.9666915171276369
5-18A,3.0,325.1163,-0.3510840910560471,0.22649123118123035
5-18A,3.0,328.0457,0.01392225130879695,0.13363701107200288
5-18A,3.0,333.0589,-0.26406504882162085,0.23380476585940177
5-18A,3.0,338.9884,-0.6155653079295862,0.26061424775074304
5-18A,3.0,339.0928,0.17072057997553625,0.6076931794466774
5-18A,3.0,341.1089,-0.4733937122005113,0.10836762525460293
5-18A,3.0,344.0393,-0.6985845077545989,0.2599557335494995
5-18A,3.0,346.0556,-0.4175009776555336,0.23674791788463756
5-18A,3.0,348.087,-0.509898743277849,0.29580318266538347
5-18A,3.0,353.0489,-0.5733084838886198,0.3819261471931918
5-18A,3.0,357.089,-0.4288060221877058,0.16292647319426917
5-18A,3.0,375.131,-0.3836586484343378,0.27045661410946753
5-18A,3.0,377.1496,0.27477000294241316,0.3014592250943186
5-18A,3.0,383.1188,-0.011673216517743508,0.4496238183267097
5-18A,3.0,388.9416,-0.31543877569764533,0.0861357271664359
5-18A,3.0,388.9442,-0.4564899526900539,0.12690361839950887
5-18A,3.0,401.0756,0.37830602324483376,0.09708582706508452
5-18A,3.0,407.2795,0.32084108862021754,0.24875922084118088
5-18A,3.0,421.0743,-0.5607759527258738,0.555005541187905
5-18A,3.0,426.0222,-0.5720044127492812,0.9294320999059311
5-18A,3.0,442.9997,0.18480433487906311,0.1964351593927822
5-18A,3.0,466.9657,0.38652417726322347,0.2537989525345354
5-18A,3.0,490.9787,0.18651813819677987,0.6572063176422298
5-18A,3.0,503.1614,-0.7094887948046644,0.15850228993100668
5-18A,3.0,547.0731,0.05804124144833034,0.16574140353024785
5-18A,3.0,565.0471,0.2141168195025999,0.26581830874793017
5-18A,3.0,578.8872,0.5367565374579858,0.07426697871707529
5-18A,3.0,579.0269,0.0875008851255268,0.13072388424358947
5-18A,3.0,612.2549,-0.5021260266496206,0.2496880706804976
5-18A,3.0,624.2949,-0.31410314300714903,0.6481571070666255
5-18A,3.0,659.307,0.4183523337901056,0.2611960069727479
5-18A,3.0,664.0939,-0.5259209114284962,0.2386726705349549
5-18A,3.0,665.2144,-0.6632737745082476,0.3924256769452498
5-18A,3.0,668.1374,-0.6006854491503391,0.00036230272920625175
5-18A,3.0,787.255,0.7007594226057463,0.23844809710768694
5-18A,3.0,790.2568,0.07078842972878419,0.1399817225293163
5-18A,3.0,835.0407,-0.7181458135625689,0.10497439037441106
5-18A,3.0,863.2971,-0.6297543887362909,0.11175740369009543
5-18A,3.0,864.1473,-0.3418585759123549,0.6009478034893055
5-18A,3.0,974.2935,-0.27001656358415627,0.29869274828373704
5-18A,3.0,976.7162,0.592019035171618,0.1265522328117578
5-18A,4.0,57.0342,0.015339141396385564,0.7232647890792782
5-18A,4.0,58.0295,0.7252768881558149,0.5254067047400593
5-18A,4.0,59.0135,0.47746990355121116,0.11553569585685097
5-18A,4.0,71.0137,0.28014518657192083,0.10234501547177112
5-18A,4.0,73.0293,0.5999628836656499,0.06666632153589173
5-18A,4.0,74.0247,0.5282663709138763,0.5469337111052827
5-18A,4.0,75.0087,3.3961708306792597,0.5259113204626654
5-18A,4.0,87.0088,-0.5927897748901259,0.01466752416345922
5-18A,4.0,87.0451,-0.29133080050687954,0.4883921143067524
5-18A,4.0,88.0403,-0.18697567898442752,0.04310021585328899
5-18A,4.0,88.9883,-0.8391614288946783,0.6640037759277511
5-18A,4.0,89.0244,-0.30553138181179995,0.09314283376854494
5-18A,4.0,93.0338,-0.012254566266421314,0.009630287033518887
5-18A,4.0,94.9761,-0.5386751540758137,0.3929105987865772
5-18A,4.0,94.9806,0.5768271535025082,0.3767692827789572
5-18A,4.0,95.0139,0.12239400221686161,0.13240020094027238
5-18A,4.0,101.0242,0.2431298282824288,0.27070872201059953
5-18A,4.0,102.056,-0.42472549767639745,0.02978636278497402
5-18A,4.0,103.0402,-0.4038490140521094,0.006727744338343199
5-18A,4.0,103.0509,-0.2862958150023529,0.05530605467304244
5-18A,4.0,104.0352,-0.5101538077073349,0.24298137507536807
5-18A,4.0,105.0193,1.5159436898141685,0.28863677188750225
5-18A,4.0,107.0503,0.025861791149773293,0.5533125249366534
5-18A,4.0,109.0295,0.7979647334159116,0.13369718997037944
5-18A,4.0,111.02,0.7696955173492482,0.011310371803778753
5-18A,4.0,112.0516,0.5570897037129383,0.4788088412188679
5-18A,4.0,113.0244,0.24648115405360338,0.05215430770855646
5-18A,4.0,113.0357,0.9059831214212646,0.056169518344138816
5-18A,4.0,114.056,-0.2453274620898203,0.0011446189650189964
5-18A,4.0,115.0037,0.4537424511613827,0.016432665710765494
5-18A,4.0,115.0402,0.4115972229674872,0.35128210290583195
5-18A,4.0,115.0764,0.774111043086013,0.8096754415921223
5-18A,4.0,116.0354,-0.20113740695016913,0.5836879902156156
5-18A,4.0,116.0717,-0.6465971917670331,0.0022565585463756427
5-18A,4.0,117.0194,0.52438148778328,0.0049903195787414515
5-18A,4.0,118.0508,0.5187875888747704,0.3168966484600291
5-18A,4.0,118.9804,0.2738215594400768,0.08419802175551981
5-18A,4.0,119.0503,0.6250326911965398,0.19558282291278897
5-18A,4.0,120.9273,-0.2002618030072431,0.2278943689476736
5-18A,4.0,121.0295,0.06311936785957667,0.41126913529426246
5-18A,4.0,121.0409,0.31916409227416903,0.390243439708814
5-18A,4.0,122.0248,0.7702014559866531,0.5220655599980725
5-18A,4.0,124.0075,-0.46126796454922053,0.3570174573560667
5-18A,4.0,124.0144,0.5622557255718856,0.14566037479912172
5-18A,4.0,125.0439,0.5322425686303118,0.22954802097835622
5-18A,4.0,127.0764,0.015699878876020895,0.6228659636295608
5-18A,4.0,128.0354,-0.33166342513199965,0.01597755644310514
5-18A,4.0,129.0193,0.42416204801437857,0.1032605711970912
5-18A,4.0,129.0556,-0.5508240004993133,0.6233531042423593
5-18A,4.0,130.0142,0.05175306030400556,0.8270814306970825
5-18A,4.0,130.0509,0.6243545455499973,0.07741985935596934
5-18A,4.0,130.0874,-0.4426557970622822,0.06591531646185105
5-18A,4.0,131.0008,0.12562468762230083,1.2297899938396466
5-18A,4.0,131.0123,-0.5676788965261886,0.09890532496669803
5-18A,4.0,131.035,0.9870874306422901,0.19127264406609282
5-18A,4.0,131.0462,1.054296018771948,0.39989193938590983
5-18A,4.0,131.0828,-0.49352132935810805,0.07656679807735253
5-18A,4.0,132.0302,0.7324272041225162,0.058747118365384834
5-18A,4.0,133.0142,0.0578504484216396,0.10660137382700004
5-18A,4.0,133.0257,0.16252542700357342,0.1048210324180897
5-18A,4.0,133.0505,1.9703090679207298,0.06121614873140957
5-18A,4.0,134.0472,0.5613039590904851,0.20710538347472784
5-18A,4.0,134.0604,1.1991004641982506,0.3353441490620949
5-18A,4.0,135.0302,-0.7442312254228316,0.15108868765902647
5-18A,4.0,135.0453,0.18392909414705652,0.07533246512248316
5-18A,4.0,136.0404,-0.19829568196011357,0.0743236265479041
5-18A,4.0,136.0487,0.11136341487972024,0.28636927201768647
5-18A,4.0,136.0767,0.21050797957178685,0.5916388107048756
5-18A,4.0,137.0239,-0.003543749789083551,0.13837605832234257
5-18A,4.0,138.9789,0.15014303024120157,0.31397140217325376
5-18A,4.0,139.0014,1.2641760566048221,0.09581461891427738
5-18A,4.0,139.0067,-0.6206478188378161,0.03693590724780718
5-18A,4.0,139.976,-0.025974716617465143,0.45801291396651567
5-18A,4.0,143.0713,0.15008879646170614,0.3002276529138384
5-18A,4.0,143.1077,1.9201957114734804,0.49532564836426074
5-18A,4.0,145.0141,-0.25596754041475367,0.0864979954056388
5-18A,4.0,145.0506,-0.7820630487117968,0.018334510429884234
5-18A,4.0,145.0623,-0.8350031042635151,0.20437990845034254
5-18A,4.0,145.0982,-0.6015036126629545,0.04238228040830328
5-18A,4.0,145.1106,-0.35743483602281106,0.9872712938511541
5-18A,4.0,146.0459,-0.2923475059658216,0.008605142273716254
5-18A,4.0,147.0298,-0.3551013633779204,0.04681375611018993
5-18A,4.0,147.0662,2.6414060993531168,0.07453417975654596
5-18A,4.0,149.0092,0.47887387810664095,1.1007661141729121
5-18A,4.0,149.0456,1.1364706369522233,0.3154896009904326
5-18A,4.0,149.0608,0.786421501110107,0.50556801221931
5-18A,4.0,150.0422,-0.7889457419551816,0.5299021945153841
5-18A,4.0,150.9707,0.09229204214040873,0.5633784173344085
5-18A,4.0,151.0259,-0.677451687674433,0.038921303421366696
5-18A,4.0,151.04,-0.1587917141649789,0.3959554306151403
5-18A,4.0,151.06,-0.2173117785377991,0.7797292370410708
5-18A,4.0,152.0353,0.34531663544811825,0.25400403629989227
5-18A,4.0,152.0716,0.7507359773675149,0.2858436748339773
5-18A,4.0,153.0192,1.221369435268098,0.09371169889428765
5-18A,4.0,154.062,-0.42298740100096094,0.08203445631565477
5-18A,4.0,154.9751,0.6443869799371292,0.0359646769794834
5-18A,4.0,155.0099,0.7599995964256094,0.018296269406041895
5-18A,4.0,157.0128,-0.17942237079721257,0.029188056201946904
5-18A,4.0,157.0255,0.6752596362417864,0.08159961612439455
5-18A,4.0,157.0379,0.621293945519068,0.1380910747438074
5-18A,4.0,157.0504,0.16074102300272874,0.06990379958862536
5-18A,4.0,159.0297,1.302938820873609,0.33874992569501905
5-18A,4.0,159.0775,0.1541318953876118,0.09809335465128569
5-18A,4.0,160.0616,1.0119274963589078,0.28227176756566047
5-18A,4.0,161.0453,0.7498076580158752,0.1541477260240599
5-18A,4.0,162.0424,1.7790160148610794,0.4698014503155951
5-18A,4.0,163.0351,-1.0429868816064605,0.09932488399426204
5-18A,4.0,163.0398,2.063476547597161,0.15671950039595292
5-18A,4.0,163.0611,2.183795790364198,0.8892957281924089
5-18A,4.0,164.0716,-0.5061395858580211,0.031131842485695234
5-18A,4.0,165.03,0.08946768087285341,0.29147442660515144
5-18A,4.0,165.0405,0.14298479635942837,0.5221992168696474
5-18A,4.0,165.0556,0.09008585731826929,0.15679399231194377
5-18A,4.0,166.0508,0.23353222872789625,0.43498837934010154
5-18A,4.0,166.0632,0.3322622850231358,0.4509276985246473
5-18A,4.0,166.9759,-0.21188165121259933,0.34007385710920196
5-18A,4.0,167.0207,-0.18433769452317555,0.26278201647369703
5-18A,4.0,167.0358,0.28396239640002574,0.519132525955792
5-18A,4.0,167.0828,-0.4064117536982237,0.5796253086039367
5-18A,4.0,168.0277,-0.31538727233424124,0.03165494399534632
5-18A,4.0,168.0664,0.3323190807054497,0.1852572740194547
5-18A,4.0,170.0455,-0.5991024663597383,0.02954000488083929
5-18A,4.0,171.0065,0.24129942773921864,0.0988675113584757
5-18A,4.0,171.0092,-0.07783010127488446,0.15648482513625153
5-18A,4.0,171.0284,-0.3363810084430978,0.0754410248428349
5-18A,4.0,172.0616,1.2286217430553696,0.35922531165182514
5-18A,4.0,172.962,-0.02887576479261321,0.11154750888542575
5-18A,4.0,173.0089,0.4557179058433809,0.20697983475838594
5-18A,4.0,173.0453,-0.627722005591614,0.21046932659304082
5-18A,4.0,173.0932,-0.04970818173064998,0.05029254661771331
5-18A,4.0,173.1041,-0.6115186401528323,1.0466766088116526
5-18A,4.0,174.0407,0.7224231957516432,0.04498272852722875
5-18A,4.0,174.088,0.06776147197802992,0.21559395251431338
5-18A,4.0,175.022,-0.47580237049136587,0.09142486723132046
5-18A,4.0,175.0361,0.6384255762810396,0.025765746060534712
5-18A,4.0,175.0611,0.12316563919679324,0.04571652196943471
5-18A,4.0,176.0776,0.27036697314741365,0.12803273211184682
5-18A,4.0,177.0402,1.7514659473317817,0.20055454051628782
5-18A,4.0,177.0553,1.115280462017068,0.5617733206655757
5-18A,4.0,178.0509,-0.2704647934861706,0.08410255999311886
5-18A,4.0,179.0348,2.675189820311166,0.5103848379818249
5-18A,4.0,179.0561,0.3262478270969138,0.07460235333205255
5-18A,4.0,180.0663,0.3228664098889251,0.10187100249480574
5-18A,4.0,181.0505,0.9664374222524814,0.2374943461444922
5-18A,4.0,182.9725,-0.1649274798653916,0.23226888416831973
5-18A,4.0,183.0661,0.52109585216101,0.6823663366488896
5-18A,4.0,184.0017,-0.37503997343657614,0.03649108574882745
5-18A,4.0,184.9856,-0.06452190077442738,0.04982426231857264
5-18A,4.0,186.1136,0.03425668493743457,0.4587360741900981
5-18A,4.0,187.0234,-0.33422762061609573,0.2220342570248029
5-18A,4.0,188.035,0.6602670220303224,0.17476591386454102
5-18A,4.0,188.0565,0.22322073906071016,0.039959296011789665
5-18A,4.0,189.0405,-0.3867817700291176,0.17127755540980688
5-18A,4.0,191.0197,0.12167956892886822,0.10089520278558213
5-18A,4.0,191.0561,-0.2542553343361327,0.1134505760406507
5-18A,4.0,192.0663,0.8287613703395798,0.40583418904434976
5-18A,4.0,193.0349,-0.1581617542461899,0.49883596761513815
5-18A,4.0,194.0682,-0.20429132946082096,0.07325400503826314
5-18A,4.0,194.0822,0.5697622533365645,1.002415788325149
5-18A,4.0,195.0509,-0.2192459287825451,0.06743394029921772
5-18A,4.0,195.0657,0.3402392964259327,0.4265192329995233
5-18A,4.0,196.0603,0.2574958596984887,0.07159074077132423
5-18A,4.0,198.0182,0.07047271196602517,0.20937262269427193
5-18A,4.0,199.0019,-0.3908183599927158,0.3263860179542551
5-18A,4.0,200.9937,-0.02950761304232505,0.07670938493543064
5-18A,4.0,201.0051,-0.15716923689481954,0.1143524934956417
5-18A,4.0,203.0348,-0.22984662827382252,0.107226907658516
5-18A,4.0,203.0826,-0.09257376224031247,0.013805110402409077
5-18A,4.0,204.0498,0.4040070955478632,0.282131664446654
5-18A,4.0,205.0351,-0.06077315516862253,0.16531753966278628
5-18A,4.0,206.0822,0.7455061374617138,0.7351901093809381
5-18A,4.0,209.0292,-0.5066166567343724,0.5357093597497691
5-18A,4.0,209.0814,-0.11097242409952147,0.3169195517320382
5-18A,4.0,211.0235,-0.42523695759658187,0.3121248145073382
5-18A,4.0,211.9968,0.6341381057940438,0.0769813265078903
5-18A,4.0,212.0331,-0.19673522448177916,0.48508321763519063
5-18A,4.0,212.9807,-0.28930441203260115,0.058324761433521735
5-18A,4.0,213.014,-0.7262961864304724,0.11576653314415868
5-18A,4.0,213.0384,-0.605422644545409,0.1867277580692119
5-18A,4.0,213.1252,-0.2640798633888044,0.5296769238209433
5-18A,4.0,214.0488,-0.8405055668396748,0.41167775800981377
5-18A,4.0,215.0331,0.46325079791773804,0.06062964071633696
5-18A,4.0,216.1351,0.21767582770183952,0.04215694370401256
5-18A,4.0,218.0335,0.3328680677253286,0.03563909568201441
5-18A,4.0,218.1034,0.8933367382589941,0.09666309860630097
5-18A,4.0,220.0828,0.5835579298298512,0.6679978932083356
5-18A,4.0,221.0443,0.14368011224073235,0.09525086304187842
5-18A,4.0,221.0664,-0.08911863089295917,0.2952841722757689
5-18A,4.0,225.0399,0.5252464224904204,0.3588302701266123
5-18A,4.0,225.0861,0.2201137936904852,0.5777899050096803
5-18A,4.0,225.0901,-0.5907506653996673,0.30909817088162844
5-18A,4.0,226.0135,-0.3374779482386632,0.14249906780657162
5-18A,4.0,226.0697,0.1944078431788028,0.11689696623999678
5-18A,4.0,228.0501,-0.03377097012143234,0.1104080417204485
5-18A,4.0,229.0122,0.30284466438927043,0.314500404357686
5-18A,4.0,237.0614,0.6425891560764585,0.24533455300134374
5-18A,4.0,238.0945,-0.7493589653153359,0.3096236313105747
5-18A,4.0,240.0515,0.5950856679667356,0.11963386125237016
5-18A,4.0,241.0844,-0.09570265083865562,0.43663370248838507
5-18A,4.0,242.0804,-0.8154644696146119,0.8649110917116867
5-18A,4.0,243.029,-0.07252364819661546,0.3175588273658103
5-18A,4.0,243.0625,0.37893034021457817,0.8001072606669953
5-18A,4.0,245.0444,0.2699772424950496,0.307598509427434
5-18A,4.0,246.0198,-0.44417968883107734,0.32813175138138395
5-18A,4.0,246.064,-0.0966304008663928,0.5454301375824457
5-18A,4.0,251.0816,0.0566571424880655,0.4893736117577756
5-18A,4.0,253.0119,-0.13323108926154903,0.013969932402672611
5-18A,4.0,253.0499,0.08223465082682474,0.40640419047481136
5-18A,4.0,257.0072,0.24011371930975145,0.23576196293807042
5-18A,4.0,257.1028,-0.0258965636859258,0.535198220972365
5-18A,4.0,259.005,-0.17777584289051485,0.4791215312500988
5-18A,4.0,259.0227,0.44540255718134203,0.15824089418030762
5-18A,4.0,261.0385,-0.15064082594907127,0.4453539186394959
5-18A,4.0,266.0703,0.1576987837702569,0.1196543013507019
5-18A,4.0,267.0724,-0.38615743080110665,0.04509084129005405
5-18A,4.0,268.02,-0.610825670146353,0.3065708363348184
5-18A,4.0,269.0398,-0.6022555950493345,0.0807097685188082
5-18A,4.0,271.0612,0.13536580496722014,0.4924436051443952
5-18A,4.0,271.0815,-0.8326583344193338,0.6244202192195282
5-18A,4.0,273.0021,0.3600766906981157,0.40308551702960344
5-18A,4.0,274.0933,1.085928397001223,0.33047890820345227
5-18A,4.0,275.0184,0.642165026919114,0.8989082150202555
5-18A,4.0,275.0991,-0.5068700783557756,0.34334139296716504
5-18A,4.0,277.1207,-0.16608555101412387,0.056116055091975425
5-18A,4.0,277.2169,-0.2795806311117676,0.45714012701086143
5-18A,4.0,279.2331,-0.33546502555275326,0.02368891828146529
5-18A,4.0,282.0839,0.2384417239931851,0.499847225171005
5-18A,4.0,283.2063,-0.5411019078016723,0.09712407734626125
5-18A,4.0,285.0972,-0.40524705100997993,0.6816966669606133
5-18A,4.0,287.0157,0.3099633343862749,0.415643089003538
5-18A,4.0,288.0725,0.17960772507973516,0.2018568163392058
5-18A,4.0,289.0333,-0.43284841163537374,0.8600913217853102
5-18A,4.0,289.1044,0.6177350546171725,0.30033961291661726
5-18A,4.0,290.9677,-0.1305692564872622,0.1461271745321888
5-18A,4.0,294.0479,0.1819430427480614,0.6144447848610077
5-18A,4.0,300.0509,-1.1509651140703219,0.5732216174654394
5-18A,4.0,301.0333,0.8879208420694145,0.2813227799984719
5-18A,4.0,303.2326,-0.7428252002318159,0.12592557229740406
5-18A,4.0,305.0207,0.10227356470365676,0.1522664014785972
5-18A,4.0,306.0481,0.3771390246620314,0.6402882364895945
5-18A,4.0,306.0765,-0.1969289521566142,0.006733893998580224
5-18A,4.0,308.0986,-0.35710544707886654,0.007568032486341418
5-18A,4.0,313.0441,0.3009473634248203,0.3436402335230294
5-18A,4.0,313.1037,0.4994829554570657,0.4390943271431581
5-18A,4.0,317.026,0.1856771092782027,0.7901549332592576
5-18A,4.0,323.0256,0.29735379809201806,0.5292615833589126
5-18A,4.0,325.1163,-0.3733488319319766,0.1405352052305845
5-18A,4.0,328.0457,0.15631335136932423,0.12383001853765643
5-18A,4.0,333.0589,0.3511646864057181,0.27072168157095705
5-18A,4.0,338.9884,-0.46088298077591083,1.1318565065311559
5-18A,4.0,339.0928,0.9702119275463823,0.2257527388216386
5-18A,4.0,341.1089,0.2471886585500006,0.0493453142914522
5-18A,4.0,344.0393,-0.6430996685645651,0.31401448337469356
5-18A,4.0,346.0556,-0.6677784060460106,0.1741359511908655
5-18A,4.0,348.087,0.40304855622196567,0.2937684310429728
5-18A,4.0,353.0489,-0.11776768464197791,0.4036820832982312
5-18A,4.0,357.089,0.010712322587323568,0.17996709138425127
5-18A,4.0,375.131,0.015393289966396658,0.29060554265558014
5-18A,4.0,377.1496,-0.28059680220958205,0.2864800497808589
5-18A,4.0,383.1188,-0.243763658949411,0.24126521070384965
5-18A,4.0,388.9416,-0.25200306117725,0.3620657036951368
5-18A,4.0,388.9442,-0.2982738176509501,0.1773056273393904
5-18A,4.0,401.0756,-0.07395500688467363,0.041500982306357986
5-18A,4.0,407.2795,-0.6973445615097079,0.2755426701837346
5-18A,4.0,421.0743,-0.06962006598722784,0.40608626198549413
5-18A,4.0,426.0222,-0.5044506072231905,0.22426799250843552
5-18A,4.0,442.9997,-0.017720483396573207,0.12664639702337543
5-18A,4.0,466.9657,0.161377509254526,0.12893390599219112
5-18A,4.0,490.9787,0.6199961550495652,1.3115665054451764
5-18A,4.0,503.1614,0.06721766044810679,0.4067593745699459
5-18A,4.0,547.0731,0.6677124828798653,0.0640286518427881
5-18A,4.0,565.0471,0.4581652195912944,0.3271023034397425
5-18A,4.0,578.8872,0.08724723745742696,0.025349529217905335
5-18A,4.0,579.0269,-0.32750516499763965,0.06505473520621363
5-18A,4.0,612.2549,-0.21411754801974162,0.5356793851519991
5-18A,4.0,624.2949,-0.5415495050914251,0.26607659077864615
5-18A,4.0,659.307,0.3870934107498135,0.1682801888850184
5-18A,4.0,664.0939,-0.18339125967561867,0.2365324080121313
5-18A,4.0,665.2144,-0.6650254731548689,0.29268902848890943
5-18A,4.0,668.1374,-0.6027367935503114,0.0012932598974208945
5-18A,4.0,787.255,0.5500642531688589,0.43421492571196235
5-18A,4.0,790.2568,0.30135530297379565,0.5438478736294327
5-18A,4.0,835.0407,-0.7137933164109331,0.16287582627398164
5-18A,4.0,863.2971,-0.4523664665669752,0.12754930324337452
5-18A,4.0,864.1473,0.06238237727249744,0.08424279202312913
5-18A,4.0,974.2935,-0.4852907872247256,0.5345585524181445
5-18A,4.0,976.7162,0.522502960264106,0.050778443529265097
5-18A,5.0,57.0342,-0.2543897074550354,0.4230349195046884
5-18A,5.0,58.0295,1.1857940768351027,0.432658820311232
5-18A,5.0,59.0135,-0.36158304607242076,0.2466477890289749
5-18A,5.0,71.0137,-0.31274865476759506,0.1612550734513781
5-18A,5.0,73.0293,1.1371663616256038,0.1883615166450942
5-18A,5.0,74.0247,0.19086760198629613,0.9013100797847371
5-18A,5.0,75.0087,2.6294180084409833,0.7809636697525144
5-18A,5.0,87.0088,-0.12656830438799244,0.048186141053918795
5-18A,5.0,87.0451,0.7248082310317745,1.0446441616937612
5-18A,5.0,88.0403,0.23649778885229672,0.09002170467342319
5-18A,5.0,88.9883,0.44586938193082293,0.3933778781017697
5-18A,5.0,89.0244,0.05360921643823318,0.19888813258786214
5-18A,5.0,93.0338,0.16292766846087453,0.06514508667296127
5-18A,5.0,94.9761,-1.3887159816456611,0.45620375621990733
5-18A,5.0,94.9806,0.9634216513967027,0.4956284389808854
5-18A,5.0,95.0139,-0.3971795346852345,0.11686694759998197
5-18A,5.0,101.0242,-0.008942306655549181,0.3388864552028115
5-18A,5.0,102.056,-0.37042315240766566,0.11477694395531626
5-18A,5.0,103.0402,-0.06806166478956971,0.02834306084104808
5-18A,5.0,103.0509,-0.05277506424557725,0.1586937069066207
5-18A,5.0,104.0352,0.5369002813693526,0.6759270665018132
5-18A,5.0,105.0193,0.8539492165095774,0.641090958145456
5-18A,5.0,107.0503,0.44403439093631486,0.8663792712526038
5-18A,5.0,109.0295,0.9124887652994078,0.35484617021666465
5-18A,5.0,111.02,0.9044479139944603,0.14617048357746432
5-18A,5.0,112.0516,0.31223164961269856,0.6760291039534593
5-18A,5.0,113.0244,-0.289430024198452,0.10322402945781863
5-18A,5.0,113.0357,0.8838803267775208,0.14377137036675505
5-18A,5.0,114.056,-0.23925359009104424,0.0025623452428322575
5-18A,5.0,115.0037,0.8822041585005516,0.2370488670404303
5-18A,5.0,115.0402,0.35171897509668393,0.7442905911196117
5-18A,5.0,115.0764,0.5281952215484018,0.6219055872772835
5-18A,5.0,116.0354,-0.2687083507854664,0.23850273213382195
5-18A,5.0,116.0717,-0.2078622982612917,0.04061615430890825
5-18A,5.0,117.0194,1.1202805135520548,0.1670001461447229
5-18A,5.0,118.0508,1.1382184113058837,0.06163644492804009
5-18A,5.0,118.9804,-0.3947139595630858,0.130266311398348
5-18A,5.0,119.0503,-0.25600079842299867,0.2344293549464412
5-18A,5.0,120.9273,-0.3866035815427913,0.2050967366199766
5-18A,5.0,121.0295,0.20759612821713622,0.3673734273052325
5-18A,5.0,121.0409,0.08978400664607591,0.296828402739788
5-18A,5.0,122.0248,0.14036268858022638,0.32268559283865794
5-18A,5.0,124.0075,-0.4715056865491195,0.10489664084567704
5-18A,5.0,124.0144,-0.16948781964917892,0.2429192517319358
5-18A,5.0,125.0439,0.06140471929691184,0.3135935358598052
5-18A,5.0,127.0764,-0.3407400991585666,0.2478528320936504
5-18A,5.0,128.0354,-0.2149338984089243,0.04721728226825935
5-18A,5.0,129.0193,0.8963867760362572,0.37606607447901225
5-18A,5.0,129.0556,-0.17984797016602425,0.3573941507153904
5-18A,5.0,130.0142,1.135911440454239,0.23740209212883018
5-18A,5.0,130.0509,1.151556696665479,0.20933197713682858
5-18A,5.0,130.0874,0.3298059835607239,0.09298069558275511
5-18A,5.0,131.0008,-0.6119474510960747,0.16362210728268015
5-18A,5.0,131.0123,-0.17308775939805576,0.059196107607066416
5-18A,5.0,131.035,-0.036141626843010435,0.21046555671470243
5-18A,5.0,131.0462,0.09930520634911684,0.0820566594708265
5-18A,5.0,131.0828,0.3780013899962825,0.2352849737541379
5-18A,5.0,132.0302,1.273880201829114,0.17958165794996517
5-18A,5.0,133.0142,0.17434780111551335,0.11186499741454145
5-18A,5.0,133.0257,0.33329498289391746,0.10242909890241428
5-18A,5.0,133.0505,1.934696606581762,0.2670409713420401
5-18A,5.0,134.0472,0.6322487434640263,0.2352037241412181
5-18A,5.0,134.0604,1.2199412731415802,0.6308448261772969
5-18A,5.0,135.0302,-0.19483939677480383,0.0791676102369154
5-18A,5.0,135.0453,-0.15444640085300537,0.2722357755028262
5-18A,5.0,136.0404,-0.1951756130843752,0.13058028819569376
5-18A,5.0,136.0487,-0.386611474916943,0.1891961236925598
5-18A,5.0,136.0767,0.19540153569057905,0.42599029742996625
5-18A,5.0,137.0239,0.175606981727623,0.08648149588986548
5-18A,5.0,138.9789,-0.20264540689679944,0.39220386542695523
5-18A,5.0,139.0014,1.7245197344022278,0.13608062717267908
5-18A,5.0,139.0067,-0.6661193916371422,0.06630587006840451
5-18A,5.0,139.976,-0.883202711568596,0.4901796019473001
5-18A,5.0,143.0713,-0.437585109454759,0.3540294205444859
5-18A,5.0,143.1077,0.4180659838191894,0.9187483801373123
5-18A,5.0,145.0141,-0.31972088508908997,0.12467245342144764
5-18A,5.0,145.0506,-0.4460361424589002,0.07729188339833494
5-18A,5.0,145.0623,-0.2418582600959144,0.1331837078529024
5-18A,5.0,145.0982,0.27123326519072594,0.19047227159873814
5-18A,5.0,145.1106,-0.4191902396694516,0.32699013289415313
5-18A,5.0,146.0459,-0.37374290166785706,0.013451156493378125
5-18A,5.0,147.0298,0.012151118675920308,0.10954225570955767
5-18A,5.0,147.0662,2.542410660315018,0.2685501197373556
5-18A,5.0,149.0092,-0.37725076864685103,0.2920681435964288
5-18A,5.0,149.0456,0.4572257195068456,0.2442230861237196
5-18A,5.0,149.0608,-0.4849288598237521,0.49963931699424724
5-18A,5.0,150.0422,-0.09469350947326033,0.14241006355114755
5-18A,5.0,150.9707,-1.057581513303116,0.31335688109372895
5-18A,5.0,151.0259,-0.5722151295664873,0.07558862757394974
5-18A,5.0,151.04,-0.7415505556450568,0.651567208415688
5-18A,5.0,151.06,0.1647295126965897,0.965842297233558
5-18A,5.0,152.0353,-0.34510011366510096,0.5664116548217334
5-18A,5.0,152.0716,-0.32334695688422477,0.13050622170530993
5-18A,5.0,153.0192,0.3956535256367574,0.2213383423079728
5-18A,5.0,154.062,-0.09701815580532258,0.31449449634554644
5-18A,5.0,154.9751,1.4055606762323136,0.2333921900397849
5-18A,5.0,155.0099,0.8645847313584232,0.13672720262996096
5-18A,5.0,157.0128,0.2697887023934587,0.006554391727944641
5-18A,5.0,157.0255,0.8080529023999159,0.11053152754373094
5-18A,5.0,157.0379,0.7448059705693866,0.19661291430150105
5-18A,5.0,157.0504,0.6715423930848143,0.06833468492780573
5-18A,5.0,159.0297,0.333348216385888,0.4618293590244064
5-18A,5.0,159.0775,0.3727125393847198,0.12247283264792816
5-18A,5.0,160.0616,0.11536732221275216,0.2634037566443171
5-18A,5.0,161.0453,-0.1596883707829317,0.27801663441865626
5-18A,5.0,162.0424,1.0600706160700537,0.20630276956959842
5-18A,5.0,163.0351,-1.0366527749705954,0.0675137298152165
5-18A,5.0,163.0398,2.2649523233177593,0.1829502330120871
5-18A,5.0,163.0611,0.09906216189075637,0.9688578762916402
5-18A,5.0,164.0716,-0.24778851158642728,0.0986192217053694
5-18A,5.0,165.03,-0.4769129107943453,0.8983063285607881
5-18A,5.0,165.0405,0.7073094011518166,0.25680886097855093
5-18A,5.0,165.0556,0.20963288871969266,0.18133744919164194
5-18A,5.0,166.0508,0.6330907640255679,0.3060134110878208
5-18A,5.0,166.0632,-0.08100762499949934,0.5055641846974696
5-18A,5.0,166.9759,0.010711925311172661,0.2212710403361628
5-18A,5.0,167.0207,-0.3735958341194603,0.222925931038497
5-18A,5.0,167.0358,-0.8990254392047183,0.7402403282017109
5-18A,5.0,167.0828,-0.5155276719131054,1.0091491197437608
5-18A,5.0,168.0277,-0.4132602877961288,0.024567521281692734
5-18A,5.0,168.0664,-0.36753551221182457,0.47196606111315786
5-18A,5.0,170.0455,-0.04951225123175386,0.011002039295865745
5-18A,5.0,171.0065,0.4160423390897997,0.18067168407245396
5-18A,5.0,171.0092,0.3388993326877482,0.37414682734106464
5-18A,5.0,171.0284,0.22879419988822003,0.04624643442961363
5-18A,5.0,172.0616,0.8365279068576743,0.36729047679391985
5-18A,5.0,172.962,0.07411688433204422,0.11496144724064553
5-18A,5.0,173.0089,0.7221147224999445,0.22784015609703073
5-18A,5.0,173.0453,-0.12032715698554006,0.19518895282484947
5-18A,5.0,173.0932,0.3531376735927543,0.13816240019889994
5-18A,5.0,173.1041,1.0645364791170375,1.4507376741392612
5-18A,5.0,174.0407,1.3121382085759832,0.10304406803452562
5-18A,5.0,174.088,0.7511693245829767,0.2593857896917093
5-18A,5.0,175.022,-0.018741858945588573,0.2958075010819341
5-18A,5.0,175.0361,1.1717680221940547,0.10592534509951879
5-18A,5.0,175.0611,0.5865910487824004,0.12392338113253387
5-18A,5.0,176.0776,0.7496599601877156,0.1591518103024157
5-18A,5.0,177.0402,0.7401793294467955,0.5268937097442307
5-18A,5.0,177.0553,-0.3854645689233287,0.3346655358954671
5-18A,5.0,178.0509,0.2224083713900673,0.08466922208213425
5-18A,5.0,179.0348,1.9511346408957846,0.4241723048117793
5-18A,5.0,179.0561,-0.302765410367973,0.03623964650552276
5-18A,5.0,180.0663,-0.35324636786567665,0.06923200895324745
5-18A,5.0,181.0505,0.6850995293889219,0.241266033739016
5-18A,5.0,182.9725,-0.5041842445390639,0.09689493438530614
5-18A,5.0,183.0661,-0.5815376037803132,0.36756285100938596
5-18A,5.0,184.0017,-0.46729162368471766,0.032424653161391835
5-18A,5.0,184.9856,-0.42688793727530017,0.12701777463573558
5-18A,5.0,186.1136,-0.7550707443491027,1.00739417601258
5-18A,5.0,187.0234,-0.44371417774446176,0.5696019793341776
5-18A,5.0,188.035,-0.5066263795346995,1.1046354357162596
5-18A,5.0,188.0565,0.5617656733944953,0.02827383561348633
5-18A,5.0,189.0405,-0.3130826289670524,0.16779451117040878
5-18A,5.0,191.0197,0.5482434181388277,0.17227097928545557
5-18A,5.0,191.0561,0.5836739619700684,0.06340968438662656
5-18A,5.0,192.0663,0.3484475012784536,0.5980046892639788
5-18A,5.0,193.0349,0.3281735136438216,0.42534911322551844
5-18A,5.0,194.0682,0.05072419645311675,0.13125649898522188
5-18A,5.0,194.0822,-0.5777981090935331,0.36370181160981874
5-18A,5.0,195.0509,-0.0510758264990941,0.16478548205312132
5-18A,5.0,195.0657,1.1545874054192877,0.6864063079158995
5-18A,5.0,196.0603,0.5955398787639612,0.17613814350071713
5-18A,5.0,198.0182,0.07552674200584164,0.43914919770085104
5-18A,5.0,199.0019,0.03273071224398261,0.3554910540091926
5-18A,5.0,200.9937,-0.20965738543829604,0.1861177709057198
5-18A,5.0,201.0051,0.7071186933681063,0.7415982582824154
5-18A,5.0,203.0348,-0.6609448488841447,0.1796227035187394
5-18A,5.0,203.0826,-0.09115568588041442,0.006068590906376608
5-18A,5.0,204.0498,-0.04793423213562045,0.47308900374822727
5-18A,5.0,205.0351,0.2669122434133344,0.19276589755209692
5-18A,5.0,206.0822,-0.028938205485252395,0.2409795199274213
5-18A,5.0,209.0292,-0.1877831110752336,0.29888249029644204
5-18A,5.0,209.0814,-0.5966699529683006,0.4395091366987073
5-18A,5.0,211.0235,-0.46543687638175435,0.33102964798660806
5-18A,5.0,211.9968,1.2279159636983503,0.17236319340794123
5-18A,5.0,212.0331,-0.13982126775605946,0.29662058117976353
5-18A,5.0,212.9807,0.003372128804618617,0.1336472968617566
5-18A,5.0,213.014,-0.37412293012645564,0.337535654761472
5-18A,5.0,213.0384,-0.5128292120951934,0.2092553093849557
5-18A,5.0,213.1252,-0.5806734125534925,0.8195394062163519
5-18A,5.0,214.0488,-0.6727202751095669,0.44186165603219524
5-18A,5.0,215.0331,-0.14085495892193342,0.07610600111698132
5-18A,5.0,216.1351,-0.2801830820181586,0.19745271722043561
5-18A,5.0,218.0335,-0.26434736925557556,0.05376876568919204
5-18A,5.0,218.1034,0.657752494442652,0.07054532412326489
5-18A,5.0,220.0828,-0.6817308326970428,0.5054087391242689
5-18A,5.0,221.0443,-0.4899110143127901,0.05526704325492724
5-18A,5.0,221.0664,-0.5233318840608265,0.33194272311390743
5-18A,5.0,225.0399,-0.14437024650848213,0.5980661144477836
5-18A,5.0,225.0861,-0.5409654021532763,0.3432740577351625
5-18A,5.0,225.0901,-0.015839326560422445,0.6104316516976592
5-18A,5.0,226.0135,-0.33853109855162633,0.27297094903689173
5-18A,5.0,226.0697,-0.4163769020011786,0.0916753682156616
5-18A,5.0,228.0501,0.7384807689574929,0.3988533537899609
5-18A,5.0,229.0122,0.32737797442597605,0.16876902661736334
5-18A,5.0,237.0614,0.9633537579193923,0.2881995206036228
5-18A,5.0,238.0945,-0.5083491716191656,0.34029665850432067
5-18A,5.0,240.0515,0.9209986326443055,0.05806159548002844
5-18A,5.0,241.0844,0.8779690045240085,0.3536841625510085
5-18A,5.0,242.0804,1.241809742927621,0.7742934549888079
5-18A,5.0,243.029,-0.1658700318722768,0.1313602010583948
5-18A,5.0,243.0625,0.4642762255154881,0.37324742995611804
5-18A,5.0,245.0444,0.572044535559569,0.4144621151149723
5-18A,5.0,246.0198,-0.375310443719074,0.01210329341656928
5-18A,5.0,246.064,-0.34660820105492757,0.42582483090501705
5-18A,5.0,251.0816,-0.2646712183952793,1.1351400557208777
5-18A,5.0,253.0119,-0.09317681962735036,0.03327715264179703
5-18A,5.0,253.0499,-0.628462183676054,1.0119685691504123
5-18A,5.0,257.0072,0.19387562468627612,0.735102402906788
5-18A,5.0,257.1028,-0.3878064775449091,0.6378026032706952
5-18A,5.0,259.005,-0.49238497180212093,0.5089963469472595
5-18A,5.0,259.0227,0.060657282435589335,0.20292059317775477
5-18A,5.0,261.0385,-0.5094178777647923,0.4520621266897785
5-18A,5.0,266.0703,0.5147835590071761,0.27680709662225433
5-18A,5.0,267.0724,0.9610225131915483,0.16346045738370468
5-18A,5.0,268.02,-0.286942975061546,0.3226253022780482
5-18A,5.0,269.0398,0.016851480181625522,0.16182609754090227
5-18A,5.0,271.0612,0.4515364421699821,0.5016413770173397
5-18A,5.0,271.0815,-0.7980733621458782,0.6867545877383933
5-18A,5.0,273.0021,1.5727593299081137,0.2761826050003807
5-18A,5.0,274.0933,1.5087855955013256,0.6062078732928603
5-18A,5.0,275.0184,0.7719019334149861,0.18529030768897178
5-18A,5.0,275.0991,-0.38130505921939156,0.1921312519821186
5-18A,5.0,277.1207,-0.5084047115382416,0.06718291483473789
5-18A,5.0,277.2169,-0.6142969312755364,0.54433922948425
5-18A,5.0,279.2331,-0.417454718720054,0.037556774540820924
5-18A,5.0,282.0839,2.4691062877979864,0.6452091067840524
5-18A,5.0,283.2063,-0.6315194594065878,0.2268947047370728
5-18A,5.0,285.0972,-0.9506570929323391,0.19580300562451006
5-18A,5.0,287.0157,-0.9230417137109547,0.16999167352782368
5-18A,5.0,288.0725,0.5955378560637333,0.16702973265348112
5-18A,5.0,289.0333,-0.34949407959347895,0.8370845811101109
5-18A,5.0,289.1044,0.8173634010263644,0.4765871516885059
5-18A,5.0,290.9677,-0.02280520143246939,0.09264139049195078
5-18A,5.0,294.0479,-0.663358910346444,0.6512007217500326
5-18A,5.0,300.0509,-0.16495760192996645,0.8661241118760044
5-18A,5.0,301.0333,-0.8287291573445247,1.5359894625611208
5-18A,5.0,303.2326,-0.4931616843738136,0.3053092709186167
5-18A,5.0,305.0207,-0.6010015056594182,0.08720308555369302
5-18A,5.0,306.0481,1.5999840227501383,0.2065720770553757
5-18A,5.0,306.0765,-0.20414690228897722,0.02567767572026583
5-18A,5.0,308.0986,-0.18186064151955345,0.07784758589035126
5-18A,5.0,313.0441,0.2384976912188679,0.4427971229640049
5-18A,5.0,313.1037,0.1765926815335418,0.6959838850358405
5-18A,5.0,317.026,0.17636840649448182,0.4387051720674088
5-18A,5.0,323.0256,-0.5456191302100819,0.32600796195608966
5-18A,5.0,325.1163,-0.5588883392313895,0.35527020685884453
5-18A,5.0,328.0457,0.46476111141663956,0.09066353503087805
5-18A,5.0,333.0589,0.4809098959023175,0.42502570171954324
5-18A,5.0,338.9884,1.137009074344022,0.9984524989071752
5-18A,5.0,339.0928,-0.10304199705526595,0.4358332092015449
5-18A,5.0,341.1089,-0.3352399285900145,0.1553654138531071
5-18A,5.0,344.0393,-0.4755464413075323,0.20844716782947573
5-18A,5.0,346.0556,-0.16417138550419724,0.12470769124859339
5-18A,5.0,348.087,0.8457621876963188,0.16259417126070874
5-18A,5.0,353.0489,0.21734278836704593,0.6463934156274803
5-18A,5.0,357.089,0.06514002706678793,0.24114046940192638
5-18A,5.0,375.131,0.20651350880133823,0.3499055998443628
5-18A,5.0,377.1496,0.15290665826906108,0.2903167409913674
5-18A,5.0,383.1188,-0.5069723729920284,0.2652897997779985
5-18A,5.0,388.9416,0.3756373613127793,0.2739855358451838
5-18A,5.0,388.9442,0.03383080542641376,0.23566306815900454
5-18A,5.0,401.0756,-0.7362528242275228,0.06330370968878854
5-18A,5.0,407.2795,-0.5620783519513846,0.10051187418111095
5-18A,5.0,421.0743,-0.23113479028012873,1.1070182815067637
5-18A,5.0,426.0222,-0.49643574894043385,0.29238861467094635
5-18A,5.0,442.9997,-0.47096299455168006,0.17808399828786894
5-18A,5.0,466.9657,-0.6886354519962802,0.08708043555390244
5-18A,5.0,490.9787,-0.8658488466700117,1.2373769575451488
5-18A,5.0,503.1614,-0.8898736102938747,0.32217918812236745
5-18A,5.0,547.0731,0.7964508300749705,0.12358171346915431
5-18A,5.0,565.0471,0.029805639734123125,0.23752427642390836
5-18A,5.0,578.8872,-0.489417558974373,0.08996383625881
5-18A,5.0,579.0269,-0.7217985719658386,0.05996909264841988
5-18A,5.0,612.2549,0.9224320396917163,0.24720466280946163
5-18A,5.0,624.2949,-0.07239446778887551,0.3944199019877801
5-18A,5.0,659.307,-0.17375509249484744,0.5020284713161014
5-18A,5.0,664.0939,-0.3189968402815965,0.2047213326064438
5-18A,5.0,665.2144,-0.603132120974251,0.23577277659470045
5-18A,5.0,668.1374,-0.18032834193043312,0.024213590260901138
5-18A,5.0,787.255,0.05858540181037955,0.21282691941224433
5-18A,5.0,790.2568,-0.15202829651639493,0.28731540089015856
5-18A,5.0,835.0407,-0.3460073070977039,0.16114161862310059
5-18A,5.0,863.2971,-0.2631283748796684,0.10315278326449134
5-18A,5.0,864.1473,-0.12450288751647953,0.1940723185097889
5-18A,5.0,974.2935,2.0058377687693385,0.5323175347138898
5-18A,5.0,976.7162,-0.11245830126223977,0.1766908664195175
5-18A,6.0,57.0342,0.02738060786296686,0.21751408519431423
5-18A,6.0,58.0295,1.7179068231746748,1.0350814850982757
5-18A,6.0,59.0135,-0.5260737490640235,0.10829007647934907
5-18A,6.0,71.0137,-0.6091174397176193,0.10002241704083159
5-18A,6.0,73.0293,2.5742111786730506,0.16157532048778667
5-18A,6.0,74.0247,0.3192094814000562,0.15201077766381885
5-18A,6.0,75.0087,2.7775754262838377,0.5175345140520711
5-18A,6.0,87.0088,0.6796175869235644,0.08762807187974246
5-18A,6.0,87.0451,0.41895822484649053,0.4609930936266728
5-18A,6.0,88.0403,1.0820802275902788,0.17998825199380247
5-18A,6.0,88.9883,-0.004790723576409604,0.37881498238846206
5-18A,6.0,89.0244,1.1822003342145644,0.19159366995063395
5-18A,6.0,93.0338,0.0601516493114725,0.026823435558996977
5-18A,6.0,94.9761,-1.5671607002726922,0.08110790673778874
5-18A,6.0,94.9806,1.4661400342771793,0.1408497556851543
5-18A,6.0,95.0139,-0.6952424464261062,0.09382159306222022
5-18A,6.0,101.0242,-0.017944092995792835,0.17232353169649656
5-18A,6.0,102.056,-0.15388266920279003,0.06696846752201986
5-18A,6.0,103.0402,0.7804572874060796,0.09312580256251893
5-18A,6.0,103.0509,0.7696241014630676,0.1623254301388405
5-18A,6.0,104.0352,-0.5764388001081504,0.20806373188943939
5-18A,6.0,105.0193,1.2106568253989614,0.7846702905177335
5-18A,6.0,107.0503,1.8457994030808353,0.3082753431353975
5-18A,6.0,109.0295,1.48246183632185,0.12272982342174457
5-18A,6.0,111.02,0.47162813750180077,0.07053457145190432
5-18A,6.0,112.0516,1.0688722815011702,0.5677674626010569
5-18A,6.0,113.0244,-0.6673820886835113,0.029132430374299273
5-18A,6.0,113.0357,0.8313339309531542,0.14527729846958434
5-18A,6.0,114.056,-0.24297128892519443,0.002937180532406203
5-18A,6.0,115.0037,0.8961111392147216,0.08290969461423475
5-18A,6.0,115.0402,1.6943537648005953,0.32357136397888964
5-18A,6.0,115.0764,1.5503945895876157,0.38203033653419893
5-18A,6.0,116.0354,1.059285932057576,0.3970057788114328
5-18A,6.0,116.0717,0.41373890393732604,0.07162476931601634
5-18A,6.0,117.0194,2.486979409286001,0.10965954599846137
5-18A,6.0,118.0508,1.8640256515709117,0.1598526599184879
5-18A,6.0,118.9804,-0.7299410074638679,0.06147559369227957
5-18A,6.0,119.0503,0.38628562759520846,0.3755383589181147
5-18A,6.0,120.9273,-0.13838909595951737,0.06314532772862748
5-18A,6.0,121.0295,1.2259611001902222,0.18274019255006643
5-18A,6.0,121.0409,0.5539142802413813,0.5160928508115256
5-18A,6.0,122.0248,1.583175102605657,0.2001006997692081
5-18A,6.0,124.0075,-0.47457700314908924,0.10449747375122016
5-18A,6.0,124.0144,-0.06671095505512603,0.15248635255675347
5-18A,6.0,125.0439,1.1630439787735787,0.1893249353907105
5-18A,6.0,127.0764,0.08487737461299676,0.37437429812916
5-18A,6.0,128.0354,-0.3209577369905983,0.02572118453033036
5-18A,6.0,129.0193,3.0695485827229554,0.10807620903713644
5-18A,6.0,129.0556,0.06921181000787482,0.5914265200001239
5-18A,6.0,130.0142,3.321132361544575,0.585272443842999
5-18A,6.0,130.0509,1.679614911074018,0.07393628841183424
5-18A,6.0,130.0874,0.5273509205798554,0.07612530345384005
5-18A,6.0,131.0008,1.1137803775882689,0.44150447518585323
5-18A,6.0,131.0123,1.6761624947341116,0.06148153310968891
5-18A,6.0,131.035,0.3464330891603915,0.07491439779702887
5-18A,6.0,131.0462,0.006792576507074419,0.1617567395454543
5-18A,6.0,131.0828,-0.48262729536617816,0.037548169193649436
5-18A,6.0,132.0302,1.323651701456718,0.04626541319127536
5-18A,6.0,133.0142,0.3905814174519819,0.07400423036093982
5-18A,6.0,133.0257,0.4408716841085161,0.06440255428849484
5-18A,6.0,133.0505,2.754475151686203,0.1421472047535347
5-18A,6.0,134.0472,-0.2030871507865113,0.13848898910255542
5-18A,6.0,134.0604,2.175757981346436,0.13903644581488184
5-18A,6.0,135.0302,0.2234505313909026,0.14767204774513507
5-18A,6.0,135.0453,0.8967838898492655,0.1409674675231416
5-18A,6.0,136.0404,0.38972315225526666,0.08477344995125892
5-18A,6.0,136.0487,0.762276148913609,0.12055905856681097
5-18A,6.0,136.0767,0.9982359322805756,0.41264784675325383
5-18A,6.0,137.0239,0.05027477374702019,0.05242019557392517
5-18A,6.0,138.9789,0.9769356882153,0.5108528208255249
5-18A,6.0,139.0014,3.05635622356363,0.19815617755753076
5-18A,6.0,139.0067,-0.4768697936249874,0.022252255579801605
5-18A,6.0,139.976,0.03132594202168172,0.3874118645852985
5-18A,6.0,143.0713,-0.3929587093851651,0.29451266953838984
5-18A,6.0,143.1077,2.0727263676179173,0.3990490423919077
5-18A,6.0,145.0141,-0.28071033990592664,0.11660442882338459
5-18A,6.0,145.0506,0.25972143308729795,0.16890342922687104
5-18A,6.0,145.0623,-0.14214000431154217,0.35534615692369803
5-18A,6.0,145.0982,-0.8929026520058081,0.1096707810940667
5-18A,6.0,145.1106,0.06661893568412107,0.5986155448877641
5-18A,6.0,146.0459,-0.39254601238874476,0.003306123438126688
5-18A,6.0,147.0298,1.023014130613573,0.04071424127394967
5-18A,6.0,147.0662,3.138960342045533,0.22845631837022545
5-18A,6.0,149.0092,0.29298895200683406,0.6097998646574952
5-18A,6.0,149.0456,0.25667141449809194,0.1961791513910729
5-18A,6.0,149.0608,0.6549228320524769,0.47582646784918975
5-18A,6.0,150.0422,0.012829302823174897,0.46275528673930766
5-18A,6.0,150.9707,0.269068580118077,0.8849037364634075
5-18A,6.0,151.0259,-0.5787924144482339,0.04291095267353693
5-18A,6.0,151.04,0.6994374046082041,0.5603535572842887
5-18A,6.0,151.06,0.2035811694322903,0.5442696168919796
5-18A,6.0,152.0353,1.223294282533887,0.3173034923618166
5-18A,6.0,152.0716,-0.047372810672650284,0.16405997747639275
5-18A,6.0,153.0192,0.22586176093190463,0.040434618281859985
5-18A,6.0,154.062,-0.5500795141177789,0.1049201691851396
5-18A,6.0,154.9751,2.405896568741481,0.17695565941941552
5-18A,6.0,155.0099,0.5771920666670136,0.05682693199116495
5-18A,6.0,157.0128,1.5740584968959612,0.20403028502015075
5-18A,6.0,157.0255,1.0605523943446413,0.03698646794476818
5-18A,6.0,157.0379,1.0891136234123593,0.11693155915402186
5-18A,6.0,157.0504,1.7203785447011377,0.040950677684163946
5-18A,6.0,159.0297,0.26772870318916914,0.25655715386620276
5-18A,6.0,159.0775,0.604976401866398,0.13920098459133812
5-18A,6.0,160.0616,1.3032743661363868,0.5328277622561292
5-18A,6.0,161.0453,0.4819688842670764,0.13479841678076185
5-18A,6.0,162.0424,0.8927477951821325,0.24874218699309206
5-18A,6.0,163.0351,-0.7768904220250162,0.09505088472131969
5-18A,6.0,163.0398,2.941230173227801,0.38232577496322206
5-18A,6.0,163.0611,2.0122277070661596,0.5961082304613485
5-18A,6.0,164.0716,-0.42220946178393715,0.06878453806077864
5-18A,6.0,165.03,-0.286796061099203,0.7270293174344797
5-18A,6.0,165.0405,0.7135050967213579,0.45839247004721356
5-18A,6.0,165.0556,0.7692342885926122,0.09090512421150436
5-18A,6.0,166.0508,2.052339224366981,0.2850418046321138
5-18A,6.0,166.0632,0.8097045413225776,0.6042015131927578
5-18A,6.0,166.9759,0.2935422413593481,0.835779593829502
5-18A,6.0,167.0207,0.007000204848892577,0.596627271262377
5-18A,6.0,167.0358,0.15320985122407205,0.3019031103374473
5-18A,6.0,167.0828,0.08515005608168942,0.30224931795760024
5-18A,6.0,168.0277,-0.4868257138636579,0.011389035188002801
5-18A,6.0,168.0664,0.7545286565483997,0.4927505779617539
5-18A,6.0,170.0455,1.621026361705181,0.09636367388034758
5-18A,6.0,171.0065,0.22820583308667736,0.3686733311585245
5-18A,6.0,171.0092,0.02052687519304708,0.20773877670403829
5-18A,6.0,171.0284,1.3809405310178766,0.06835374542952015
5-18A,6.0,172.0616,0.9089144612326334,0.19097040658025127
5-18A,6.0,172.962,0.3500993476806671,0.14445830195118375
5-18A,6.0,173.0089,1.964417837168714,0.18374297098318743
5-18A,6.0,173.0453,1.3180451556354167,0.1728203523929482
5-18A,6.0,173.0932,0.6116887515360205,0.08724148477674727
5-18A,6.0,173.1041,-0.6618661690023202,0.13284092353720153
5-18A,6.0,174.0407,1.7551692165693198,0.07009176380676149
5-18A,6.0,174.088,1.0541189386964693,0.11579890265848362
5-18A,6.0,175.022,1.1129244594622878,0.12595705119567352
5-18A,6.0,175.0361,1.4154331668343647,0.04875530818844621
5-18A,6.0,175.0611,1.3263734169134178,0.050918326183010613
5-18A,6.0,176.0776,1.4830686629984418,0.17654526526524764
5-18A,6.0,177.0402,0.5620511091767822,0.4261023835149497
5-18A,6.0,177.0553,0.7964886604135801,0.30233123716692967
5-18A,6.0,178.0509,1.8665530721480499,0.09916279223730654
5-18A,6.0,179.0348,2.773568403830496,0.22141327513504666
5-18A,6.0,179.0561,-0.7573046562890052,0.04208880824977451
5-18A,6.0,180.0663,-0.8401688103284575,0.03857193308392184
5-18A,6.0,181.0505,1.7822884267628754,0.20673316382153312
5-18A,6.0,182.9725,-0.5873981679495872,0.11236854357829706
5-18A,6.0,183.0661,0.19116278438582135,0.3319095198571691
5-18A,6.0,184.0017,-0.5541706636201124,0.026548419319697755
5-18A,6.0,184.9856,-0.19483621537331874,0.02623972371029779
5-18A,6.0,186.1136,-0.2700249500036779,0.6498339985305466
5-18A,6.0,187.0234,1.2829335165605351,0.6155169342277167
5-18A,6.0,188.035,0.3080380878542139,0.3679522741956267
5-18A,6.0,188.0565,1.3232155219687964,0.06671022240418878
5-18A,6.0,189.0405,0.004365194586126105,0.1196304744799603
5-18A,6.0,191.0197,0.5942921994191082,0.33065711966785466
5-18A,6.0,191.0561,1.4173158695396109,0.1201150348093367
5-18A,6.0,192.0663,0.715484004748562,0.7041208250536163
5-18A,6.0,193.0349,0.4474755967857412,0.252644644268597
5-18A,6.0,194.0682,2.242221256045084,0.21957340904213712
5-18A,6.0,194.0822,-0.3017124747118127,0.8530509110874787
5-18A,6.0,195.0509,-0.9399822809588387,0.07245429751617442
5-18A,6.0,195.0657,1.5630275483938778,0.6597460108182721
5-18A,6.0,196.0603,1.7789782071976774,0.20297236938310967
5-18A,6.0,198.0182,0.7055958203029604,0.7813696498011227
5-18A,6.0,199.0019,1.146469415932141,0.32603759817024625
5-18A,6.0,200.9937,-0.5455541722164411,0.2722697842138874
5-18A,6.0,201.0051,1.4378826891992407,0.443161629016483
5-18A,6.0,203.0348,1.9499180232355773,0.2917785383513879
5-18A,6.0,203.0826,-0.084291592861759,0.00818610010616283
5-18A,6.0,204.0498,-0.5571157657827968,0.19211173575744803
5-18A,6.0,205.0351,1.274854682742888,0.151747776394049
5-18A,6.0,206.0822,-0.1974023392202841,0.6735817328916054
5-18A,6.0,209.0292,1.0250212167014472,0.15429955564119655
5-18A,6.0,209.0814,-0.4423336931159183,0.2565851871762865
5-18A,6.0,211.0235,0.5936395554228502,0.1548821908944517
5-18A,6.0,211.9968,0.967184345932206,0.21020688457440373
5-18A,6.0,212.0331,0.1602705040704625,0.14732327287359026
5-18A,6.0,212.9807,0.3757410561328049,0.199770441037991
5-18A,6.0,213.014,1.0068153134080322,0.8701561026452661
5-18A,6.0,213.0384,0.6267146448633151,0.2147885967431568
5-18A,6.0,213.1252,-0.3231057793347632,0.7607894526791583
5-18A,6.0,214.0488,-1.2888068931810568,0.9383726638582326
5-18A,6.0,215.0331,-0.6131719373704805,0.046609632940527515
5-18A,6.0,216.1351,-0.637537995309446,0.09647110312487907
5-18A,6.0,218.0335,-0.6870323377450585,0.038270917308510115
5-18A,6.0,218.1034,1.2562580929297065,0.06267818992442208
5-18A,6.0,220.0828,0.20108709477464543,0.8834906882238697
5-18A,6.0,221.0443,-0.5288729250825959,0.08812807241557022
5-18A,6.0,221.0664,-0.06949760725229638,0.43079594691495654
5-18A,6.0,225.0399,0.6727890783715345,1.0162535719565549
5-18A,6.0,225.0861,-0.02336705074258255,0.18222033234126964
5-18A,6.0,225.0901,-0.3445185421411868,0.12098661779261935
5-18A,6.0,226.0135,0.2695879821622593,0.354154878080104
5-18A,6.0,226.0697,-0.4417903716525319,0.12871818557915618
5-18A,6.0,228.0501,0.6475697057510066,0.24436061723362937
5-18A,6.0,229.0122,1.1156300397611667,0.12673753661428744
5-18A,6.0,237.0614,1.5976382782303027,0.3718416558407136
5-18A,6.0,238.0945,-0.6866005380237472,0.149725773098468
5-18A,6.0,240.0515,1.9161982633521322,0.06693685846414206
5-18A,6.0,241.0844,0.5111646749386863,0.34333697229865057
5-18A,6.0,242.0804,-0.22904518473107827,0.4907844392417047
5-18A,6.0,243.029,1.1656810288604857,0.25963718393635266
5-18A,6.0,243.0625,1.1949995672823261,0.5362810417645454
5-18A,6.0,245.0444,0.9462522181345897,0.26561058726549497
5-18A,6.0,246.0198,0.3242225367241449,0.18067076858910935
5-18A,6.0,246.064,-0.46426935293716187,0.23996763711809713
5-18A,6.0,251.0816,-0.22552758170585374,0.6394993279984645
5-18A,6.0,253.0119,-0.10770941140089585,0.034417014953637595
5-18A,6.0,253.0499,0.8667016850186029,0.9447025924162382
5-18A,6.0,257.0072,0.350683076018062,0.5446690823131276
5-18A,6.0,257.1028,-0.7251245512775741,0.1374024875815249
5-18A,6.0,259.005,1.16009947780609,0.4663410483585576
5-18A,6.0,259.0227,-1.0221439097741776,0.14964698099647109
5-18A,6.0,261.0385,-0.28174813373919827,0.39273776115094267
5-18A,6.0,266.0703,0.4955202444589306,0.14372126919833547
5-18A,6.0,267.0724,1.2692778347318372,0.10681986808843115
5-18A,6.0,268.02,0.4072614780062574,0.7419565748296907
5-18A,6.0,269.0398,1.1329881791895535,0.15378900336142715
5-18A,6.0,271.0612,0.00830100171403464,0.29277501786851334
5-18A,6.0,271.0815,-0.13519472690464662,0.36732944247354027
5-18A,6.0,273.0021,3.1292600075226487,0.3413948102989835
5-18A,6.0,274.0933,1.7270691588720082,0.23366380107869256
5-18A,6.0,275.0184,0.8497440773125093,0.5709250888999438
5-18A,6.0,275.0991,1.0042734144940648,0.34903176540531267
5-18A,6.0,277.1207,-0.9923563075821236,0.009150643528993049
5-18A,6.0,277.2169,-0.7738187468620865,0.30221627740105383
5-18A,6.0,279.2331,-0.3161416591400671,0.01163821032517757
5-18A,6.0,282.0839,-0.9282971328688685,0.08874926835739551
5-18A,6.0,283.2063,-0.6888198498614917,0.0910107898095903
5-18A,6.0,285.0972,-0.22059188648986094,0.3749432487195215
5-18A,6.0,287.0157,-0.36905691286765796,0.4269635048770159
5-18A,6.0,288.0725,1.0135241388251948,0.24931661148316833
5-18A,6.0,289.0333,0.6840996377260166,0.4982313930627363
5-18A,6.0,289.1044,0.4681901449396153,0.5374449890134515
5-18A,6.0,290.9677,0.20382836473238114,0.1406933116879776
5-18A,6.0,294.0479,-0.7147624074940828,0.8010478700123891
5-18A,6.0,300.0509,-0.22982651720235822,0.9142673866061104
5-18A,6.0,301.0333,0.5309372879245109,0.3585948178526762
5-18A,6.0,303.2326,-1.0381718275021337,0.16170139914227452
5-18A,6.0,305.0207,-0.5823620419369582,0.0774540274412081
5-18A,6.0,306.0481,2.322547868321896,0.19231178699642928
5-18A,6.0,306.0765,-0.25122049010873587,0.014628189825465142
5-18A,6.0,308.0986,-0.38500912987846264,0.050049416213075536
5-18A,6.0,313.0441,0.4983457525815665,0.45887674559913866
5-18A,6.0,313.1037,1.1533106129346065,0.4163391045504225
5-18A,6.0,317.026,0.28607811787404924,0.42629549561548163
5-18A,6.0,323.0256,-0.35018780240626723,0.1138656806012525
5-18A,6.0,325.1163,-1.1424100896880427,0.25370605447018135
5-18A,6.0,328.0457,0.27583437250951537,0.08978575237594144
5-18A,6.0,333.0589,0.7628725243834893,0.3271296058531796
5-18A,6.0,338.9884,-0.6808034649924913,0.5199926387888004
5-18A,6.0,339.0928,-0.2407951409115295,0.8263312273986748
5-18A,6.0,341.1089,-0.24793208955287244,0.1696066233437497
5-18A,6.0,344.0393,-0.3052464398331711,0.29138583927685086
5-18A,6.0,346.0556,-0.38209587802956374,0.1480400110531117
5-18A,6.0,348.087,1.9736848451823281,0.35484241466849653
5-18A,6.0,353.0489,0.47989585985402666,0.4620838697130286
5-18A,6.0,357.089,0.45374213216747966,0.22577254275003886
5-18A,6.0,375.131,0.12157118931914196,0.2679550947160497
5-18A,6.0,377.1496,-0.3472408188278215,0.08438393360266627
5-18A,6.0,383.1188,-1.1423037517155874,0.6154895134560451
5-18A,6.0,388.9416,0.6614712279164431,0.08533885874389513
5-18A,6.0,388.9442,0.14055206632543182,0.3597629736990645
5-18A,6.0,401.0756,-0.9480353717501702,0.05698109930164788
5-18A,6.0,407.2795,-0.9744353423019099,0.1206490040855516
5-18A,6.0,421.0743,-0.2009098126346736,0.5911008228992217
5-18A,6.0,426.0222,-0.043023766087350056,0.20982307221851415
5-18A,6.0,442.9997,-0.22254020046286832,0.147575182261748
5-18A,6.0,466.9657,-0.5616392449164991,0.2521179221512633
5-18A,6.0,490.9787,0.44225738117777413,0.38982412584464715
5-18A,6.0,503.1614,-0.5207693673786589,0.21896864615467154
5-18A,6.0,547.0731,0.9109515253684053,0.1517180879437955
5-18A,6.0,565.0471,-0.24411137051468024,0.33594533648114044
5-18A,6.0,578.8872,-0.932288535979143,0.06580727918103807
5-18A,6.0,579.0269,-0.8778965826519117,0.03828849898379373
5-18A,6.0,612.2549,-0.22031127874296483,0.32530448000404083
5-18A,6.0,624.2949,-0.6323779203131987,0.26356478058617755
5-18A,6.0,659.307,-0.4913276294694091,0.1601342983488339
5-18A,6.0,664.0939,-0.36821664361265516,0.07885479969561424
5-18A,6.0,665.2144,-0.052514846386300565,0.46960760260449325
5-18A,6.0,668.1374,2.578284000709488,0.1317762517204902
5-18A,6.0,787.255,-0.6561223934857296,0.4783749820354723
5-18A,6.0,790.2568,-0.5957242122567952,0.04693539568087555
5-18A,6.0,835.0407,-0.4765822216467793,0.29168006579479966
5-18A,6.0,863.2971,-0.3916571365748046,0.21733495781054726
5-18A,6.0,864.1473,-0.13465969538544567,0.42994451853870524
5-18A,6.0,974.2935,-0.22187216852077019,0.17695173285197033
5-18A,6.0,976.7162,-1.033964345783639,0.07209859638320631
5-18A,7.0,57.0342,-0.7004056253772066,0.2860867277096317
5-18A,7.0,58.0295,0.9886029222622851,0.42351737089536995
5-18A,7.0,59.0135,-1.3710225646356342,0.10727991095055324
5-18A,7.0,71.0137,-1.0568155798619383,0.05185542349044489
5-18A,7.0,73.0293,2.2411601085840593,0.0883770631317394
5-18A,7.0,74.0247,0.11717128841667607,0.3908911271003301
5-18A,7.0,75.0087,2.27582582049644,0.3371332534144109
5-18A,7.0,87.0088,1.537195171445331,0.06636293044002838
5-18A,7.0,87.0451,0.010037886906458848,0.7902014866984146
5-18A,7.0,88.0403,1.2885986826878715,0.12479275742803946
5-18A,7.0,88.9883,-0.054753041260138274,0.7158126903475579
5-18A,7.0,89.0244,1.6814006951469118,0.15137631929700185
5-18A,7.0,93.0338,0.05379517879650567,0.04374880996958961
5-18A,7.0,94.9761,-1.455391601996281,0.18833395706568284
5-18A,7.0,94.9806,1.2180300101230626,0.16118255364014958
5-18A,7.0,95.0139,-0.9440931739372045,0.17523850164309895
5-18A,7.0,101.0242,-0.7622170957858163,0.038806225372187635
5-18A,7.0,102.056,-0.15728796745032528,0.02082356272058083
5-18A,7.0,103.0402,0.905023061353496,0.15054963120309894
5-18A,7.0,103.0509,0.9324117552514865,0.326118919309184
5-18A,7.0,104.0352,-0.47123580948808946,0.3027367606062155
5-18A,7.0,105.0193,0.15805514129238096,0.2807181202178704
5-18A,7.0,107.0503,0.6763103484952263,0.4250607865992483
5-18A,7.0,109.0295,1.377926817249823,0.11850760089230751
5-18A,7.0,111.02,0.20323957515183694,0.04741949439667454
5-18A,7.0,112.0516,0.206684801102606,0.6907866094066394
5-18A,7.0,113.0244,-1.0932780268510234,0.04072398801595418
5-18A,7.0,113.0357,0.3255328929677507,0.0793765950105565
5-18A,7.0,114.056,-0.18925217134138872,0.018960568233727774
5-18A,7.0,115.0037,0.8709820395728483,0.07976255401864504
5-18A,7.0,115.0402,1.35859869680401,0.5597637920524019
5-18A,7.0,115.0764,0.5601099835250116,0.3111786302690349
5-18A,7.0,116.0354,0.8790967484967833,0.34137326640552673
5-18A,7.0,116.0717,0.44805666154573454,0.08390066391347431
5-18A,7.0,117.0194,2.1614231346055917,0.11283849709283228
5-18A,7.0,118.0508,1.7041786095514542,0.31698768970891306
5-18A,7.0,118.9804,-1.108750191050849,0.029983506730860945
5-18A,7.0,119.0503,0.019970712486991365,0.11036361077781641
5-18A,7.0,120.9273,-0.22179061043028214,0.07200883475806322
5-18A,7.0,121.0295,0.45713624815372367,0.12107464853029258
5-18A,7.0,121.0409,-0.157240700953409,0.1529948729856641
5-18A,7.0,122.0248,1.605361046122599,0.35571734766626345
5-18A,7.0,124.0075,-0.47908160082904483,0.39412861213455047
5-18A,7.0,124.0144,-0.5417723139966082,0.15433320454571142
5-18A,7.0,125.0439,0.5938923620154388,0.12091859598887165
5-18A,7.0,127.0764,-0.4878888400906085,0.5154861703375684
5-18A,7.0,128.0354,-0.34336980612142876,0.007347685601829152
5-18A,7.0,129.0193,2.7617427503476257,0.2723677006150243
5-18A,7.0,129.0556,0.7340413878889285,0.5393504483278517
5-18A,7.0,130.0142,2.934342241776389,0.26189667868838423
5-18A,7.0,130.0509,1.2072450898500227,0.1796163425209181
5-18A,7.0,130.0874,0.5303574913643909,0.07197396441055487
5-18A,7.0,131.0008,1.912985653045371,0.59701129541659
5-18A,7.0,131.0123,2.0765915086565974,0.18739617923370228
5-18A,7.0,131.035,-0.2824655708604063,0.03927294528259273
5-18A,7.0,131.0462,-0.413331526489191,0.2453813526701948
5-18A,7.0,131.0828,-0.23248031637591038,0.10488639768823634
5-18A,7.0,132.0302,0.8611396721047869,0.12076060507302831
5-18A,7.0,133.0142,0.03817043906344289,0.04553049896681911
5-18A,7.0,133.0257,0.039657949389918595,0.07858850913753819
5-18A,7.0,133.0505,2.1136826285352988,0.17253252888867787
5-18A,7.0,134.0472,-0.3226029152800617,0.27538999623092714
5-18A,7.0,134.0604,1.8749965032623086,0.5928509429921509
5-18A,7.0,135.0302,0.770056662286318,0.2406217402218855
5-18A,7.0,135.0453,0.28306384820844055,0.18334466151947643
5-18A,7.0,136.0404,0.5283759691234462,0.022667654875023393
5-18A,7.0,136.0487,0.6254431231225761,0.2638581882898451
5-18A,7.0,136.0767,0.07649920320623357,0.5569229054926774
5-18A,7.0,137.0239,0.25533849792966773,0.05735812946779953
5-18A,7.0,138.9789,-0.21552458391472218,0.15886566468485872
5-18A,7.0,139.0014,3.0210923773410627,0.3568269301679491
5-18A,7.0,139.0067,-0.43502115914625794,0.09284153895741595
5-18A,7.0,139.976,0.002929155439449646,0.4103785602757879
5-18A,7.0,143.0713,-0.4347959594504094,0.2489345546292904
5-18A,7.0,143.1077,0.7618807681921207,0.46530413403435167
5-18A,7.0,145.0141,-0.005649875489456044,0.24962730634243127
5-18A,7.0,145.0506,-0.0024059881139146056,0.1411033310252149
5-18A,7.0,145.0623,-0.24285146981488226,0.10726634310188032
5-18A,7.0,145.0982,-0.6081558179040776,0.16853892522709885
5-18A,7.0,145.1106,0.08994875483951864,0.8616925556305048
5-18A,7.0,146.0459,-0.37862377470276076,0.015334088582366406
5-18A,7.0,147.0298,0.8457709305326886,0.05030664455434515
5-18A,7.0,147.0662,2.1687080933994727,0.1706892566954984
5-18A,7.0,149.0092,-0.2546050442098651,0.3607837445250373
5-18A,7.0,149.0456,-0.3870553247996681,0.17889984275051116
5-18A,7.0,149.0608,0.19497233041592305,0.46868037263374296
5-18A,7.0,150.0422,0.9194722756437337,0.6863564731608349
5-18A,7.0,150.9707,0.20794024455570576,0.796781362217025
5-18A,7.0,151.0259,-0.5058825118229152,0.10989971519459654
5-18A,7.0,151.04,0.2605525560395282,0.3986148817701729
5-18A,7.0,151.06,0.5608005688633149,0.5614312931215634
5-18A,7.0,152.0353,0.7905396514628433,0.22411307461548274
5-18A,7.0,152.0716,-0.40883034442968375,0.0745129931325954
5-18A,7.0,153.0192,-0.23190514947217067,0.09159395730855308
5-18A,7.0,154.062,-0.4045517029493558,0.1043804402570718
5-18A,7.0,154.9751,2.209554817804824,0.1357647649105775
5-18A,7.0,155.0099,0.10441931157266085,0.06126088974176334
5-18A,7.0,157.0128,1.7888690010050072,0.237215186086033
5-18A,7.0,157.0255,0.4942404655401046,0.12862869026912865
5-18A,7.0,157.0379,0.5802141048652666,0.15236388992121772
5-18A,7.0,157.0504,1.3088715920164322,0.11436423018428722
5-18A,7.0,159.0297,-0.3952775681224893,0.15202151098389668
5-18A,7.0,159.0775,0.4870024989064822,0.06476452316713603
5-18A,7.0,160.0616,0.9640734211297566,0.3232860140532578
5-18A,7.0,161.0453,-0.5685708571732304,0.16186094358127254
5-18A,7.0,162.0424,0.9947119434526877,0.3159052013343163
5-18A,7.0,163.0351,-0.6757366584765038,0.3174074018454943
5-18A,7.0,163.0398,1.9146570320918856,0.18542519716912287
5-18A,7.0,163.0611,1.0828573948202918,1.2643827713852442
5-18A,7.0,164.0716,0.02752666369846542,0.07053504561491879
5-18A,7.0,165.03,-0.4345666983332463,0.6563964801766631
5-18A,7.0,165.0405,0.3426238758224263,0.3479770518553375
5-18A,7.0,165.0556,0.4516673858075859,0.19869810257593243
5-18A,7.0,166.0508,1.9978853009250328,0.17779589361395975
5-18A,7.0,166.0632,0.6360113907333542,0.8671976779806604
5-18A,7.0,166.9759,0.4841350500107807,0.45493873180990657
5-18A,7.0,167.0207,-0.06038401188648793,0.3639801441903154
5-18A,7.0,167.0358,-0.12247802586843248,0.4211206782788664
5-18A,7.0,167.0828,-0.08878719968658752,0.5381758052338168
5-18A,7.0,168.0277,-0.4436542253903186,0.020236889238346954
5-18A,7.0,168.0664,-0.1506886740588853,0.43342404477702706
5-18A,7.0,170.0455,1.790911644376734,0.10621529387448943
5-18A,7.0,171.0065,0.3041810119347561,0.1562745413629585
5-18A,7.0,171.0092,0.04309256555476702,0.1370909845463723
5-18A,7.0,171.0284,1.6963113344023744,0.24371758354725837
5-18A,7.0,172.0616,0.5385796785821728,0.29132982734891105
5-18A,7.0,172.962,0.6937976694759177,0.08583851704874278
5-18A,7.0,173.0089,1.1140935015857498,0.1405524209485161
5-18A,7.0,173.0453,0.725183885018974,0.2730810875425337
5-18A,7.0,173.0932,1.1942150244690244,0.09287785577578757
5-18A,7.0,173.1041,-0.3630747594749852,0.17251794239058735
5-18A,7.0,174.0407,0.9799819662193296,0.0651738872214595
5-18A,7.0,174.088,0.5663955655539801,0.24531598804623717
5-18A,7.0,175.022,1.6808038367904885,0.4535615747017886
5-18A,7.0,175.0361,0.9076007371204513,0.08221462212828763
5-18A,7.0,175.0611,0.9032030045561319,0.028604129793977886
5-18A,7.0,176.0776,0.9341425438786998,0.14134036139728579
5-18A,7.0,177.0402,-0.6593995441033089,0.278924395359135
5-18A,7.0,177.0553,-0.30467912212322457,0.7267032214482071
5-18A,7.0,178.0509,1.9877977854176954,0.13427037265919048
5-18A,7.0,179.0348,1.84841788370775,0.1639046292755597
5-18A,7.0,179.0561,-1.1127246986076946,0.017495851509612668
5-18A,7.0,180.0663,-1.2371449532230707,0.055991222396053746
5-18A,7.0,181.0505,1.5014560177930645,0.13641710398061427
5-18A,7.0,182.9725,-1.093971817087581,0.0642613726601853
5-18A,7.0,183.0661,-0.4754876891382882,0.7019732919381043
5-18A,7.0,184.0017,-0.4886510256597846,0.046346920374351556
5-18A,7.0,184.9856,0.13859118082800842,0.07699490737701638
5-18A,7.0,186.1136,-0.599968891506089,0.2952834279364033
5-18A,7.0,187.0234,1.0706636609034992,0.5317926312684115
5-18A,7.0,188.035,-0.5001436384148938,0.8129102994329036
5-18A,7.0,188.0565,0.8269944605204174,0.01779791188282695
5-18A,7.0,189.0405,-0.5047928498480337,0.06460048000480152
5-18A,7.0,191.0197,0.2786129987022409,0.22382600171330896
5-18A,7.0,191.0561,0.7327628012531537,0.10239194281290298
5-18A,7.0,192.0663,0.2356161095677155,0.7150109760620962
5-18A,7.0,193.0349,-0.5242170530668888,0.2461051053807959
5-18A,7.0,194.0682,2.1044855976637593,0.4435400889161826
5-18A,7.0,194.0822,-0.0042721503779149655,0.32509322754612013
5-18A,7.0,195.0509,-0.9582281202958269,0.07165154034873587
5-18A,7.0,195.0657,1.670645069016445,1.2499313480151149
5-18A,7.0,196.0603,1.3133575351246503,0.14907835822966534
5-18A,7.0,198.0182,1.3609350487991614,0.29251666896878215
5-18A,7.0,199.0019,1.2123502088168483,1.0702883322091696
5-18A,7.0,200.9937,-0.6833579821767057,0.10083761605958624
5-18A,7.0,201.0051,0.7821025777288168,0.7647357960630377
5-18A,7.0,203.0348,2.0254896707674916,0.26399260124889634
5-18A,7.0,203.0826,-0.09209101284119824,0.003334534089520846
5-18A,7.0,204.0498,-0.6169189660433712,0.2671558729246643
5-18A,7.0,205.0351,0.5016956091749301,0.17693931628479198
5-18A,7.0,206.0822,-0.5498685607727049,0.1340996234341752
5-18A,7.0,209.0292,1.655129754135564,0.3279180846539858
5-18A,7.0,209.0814,-0.3600210211946478,0.2192878492913605
5-18A,7.0,211.0235,1.5565233244200776,0.284417449168399
5-18A,7.0,211.9968,0.9208032433073945,0.1381252182333746
5-18A,7.0,212.0331,0.20424947063124588,0.40219491911048755
5-18A,7.0,212.9807,1.2431160348844168,0.24487588395163257
5-18A,7.0,213.014,2.114800902656787,0.7327758482680659
5-18A,7.0,213.0384,1.5066452703316617,0.21842834795919167
5-18A,7.0,213.1252,-0.34099242053050827,0.6167667318622391
5-18A,7.0,214.0488,-0.5809626936946641,0.4608718900078582
5-18A,7.0,215.0331,-1.163438114726185,0.013904310564771555
5-18A,7.0,216.1351,-0.6513317666483376,0.07160990263810962
5-18A,7.0,218.0335,-1.1547624543167656,0.022792945548045097
5-18A,7.0,218.1034,0.7502072843621,0.1337292253077309
5-18A,7.0,220.0828,0.334011384990553,0.6018795126424863
5-18A,7.0,221.0443,-0.9878978657309156,0.06340052328381288
5-18A,7.0,221.0664,-0.3957952303965184,0.03413080681192447
5-18A,7.0,225.0399,0.2288258830731595,0.7516549019209736
5-18A,7.0,225.0861,-0.23229526824569743,0.3222156331599932
5-18A,7.0,225.0901,-0.41901669955347476,1.0674023021667896
5-18A,7.0,226.0135,0.5807186746205265,0.2059508898033078
5-18A,7.0,226.0697,-0.6338989727458124,0.1739099390635063
5-18A,7.0,228.0501,0.6734974096979829,0.12237135675017526
5-18A,7.0,229.0122,1.0388439654904387,0.2832013815410092
5-18A,7.0,237.0614,1.415272110515862,0.29052676065839844
5-18A,7.0,238.0945,-0.5763374678517199,0.10327765143558983
5-18A,7.0,240.0515,1.3883539576859627,0.10753307834054697
5-18A,7.0,241.0844,0.41200821998980863,0.41968737196767697
5-18A,7.0,242.0804,-0.7277419126545751,0.5671572032951131
5-18A,7.0,243.029,2.6225606604335514,0.4797243750211984
5-18A,7.0,243.0625,0.9442452280887006,0.3721434140972063
5-18A,7.0,245.0444,1.9575353039667318,0.4491408843761527
5-18A,7.0,246.0198,0.6669745667954579,0.326170786686345
5-18A,7.0,246.064,-0.8492456760086746,0.12238515619108294
5-18A,7.0,251.0816,-0.6748030535591123,0.40872793803958424
5-18A,7.0,253.0119,0.01954040887457572,0.05741285580241368
5-18A,7.0,253.0499,0.15468752552127948,0.5301556669018216
5-18A,7.0,257.0072,0.9082206807533004,0.32690623046323136
5-18A,7.0,257.1028,-1.3722998106018491,0.555540328726256
5-18A,7.0,259.005,1.2293134861666435,1.0153205413126787
5-18A,7.0,259.0227,-1.2783165724840644,0.10008472361306543
5-18A,7.0,261.0385,0.14265057368724499,0.07736259446817803
5-18A,7.0,266.0703,0.32571769399661943,0.15848684839086952
5-18A,7.0,267.0724,0.9023414302254482,0.1284251806745469
5-18A,7.0,268.02,0.7168552306608524,0.4873373564571134
5-18A,7.0,269.0398,2.0498608899776056,0.4059027394854553
5-18A,7.0,271.0612,-0.06925028665645416,0.165542262824193
5-18A,7.0,271.0815,0.5031862196428873,0.4973007977506203
5-18A,7.0,273.0021,2.517326985041179,0.24225327452086434
5-18A,7.0,274.0933,0.7708688695745729,0.2012233097403682
5-18A,7.0,275.0184,0.11760715633039873,1.0282405125635707
5-18A,7.0,275.0991,0.8985854833290776,0.1759012348127001
5-18A,7.0,277.1207,-1.0735418413095035,0.012338184198176597
5-18A,7.0,277.2169,-0.7246045697130444,0.24559439855541543
5-18A,7.0,279.2331,-0.36150521855531303,0.009339011475554247
5-18A,7.0,282.0839,-1.2329286881853316,0.16714993994959243
5-18A,7.0,283.2063,-0.500283081267937,0.09294579619266721
5-18A,7.0,285.0972,-0.43590408604613873,0.5770760648663544
5-18A,7.0,287.0157,-0.9726969388405375,0.33531935382701056
5-18A,7.0,288.0725,0.4422076806586153,0.15443278522052473
5-18A,7.0,289.0333,0.2948711481042991,0.32457384094513675
5-18A,7.0,289.1044,0.7785663725722811,0.38373026329488225
5-18A,7.0,290.9677,0.40454920010161355,0.07829180223645048
5-18A,7.0,294.0479,-0.4615525882112693,1.1704776386738054
5-18A,7.0,300.0509,0.44336867018001885,0.3820566019274391
5-18A,7.0,301.0333,0.288444475248391,0.6536574736481097
5-18A,7.0,303.2326,-0.7588792135446709,0.10412625652963751
5-18A,7.0,305.0207,-1.0624497945102305,0.16418064269593263
5-18A,7.0,306.0481,1.6908123294424917,0.45359683711879484
5-18A,7.0,306.0765,-0.18450152497219793,0.01689585544434272
5-18A,7.0,308.0986,-0.40420299261344494,0.011383135007912286
5-18A,7.0,313.0441,0.15379583696251867,0.5609813915995435
5-18A,7.0,313.1037,1.0275745249581563,0.403751245881471
5-18A,7.0,317.026,0.4529698606393306,0.08603380295835679
5-18A,7.0,323.0256,-0.905156668681693,0.5179828529280862
5-18A,7.0,325.1163,-1.2078127660110858,0.7330008227155151
5-18A,7.0,328.0457,0.4452718267714836,0.16056220538674643
5-18A,7.0,333.0589,0.5826708445271014,0.33261616981396946
5-18A,7.0,338.9884,0.38839384216516554,0.6799277189499481
5-18A,7.0,339.0928,-0.6331300442996218,0.2346889263879719
5-18A,7.0,341.1089,-0.45829882240529657,0.15116381344089508
5-18A,7.0,344.0393,-0.3914951502572831,0.2683417066498495
5-18A,7.0,346.0556,-0.3671402756013523,0.14256708874432736
5-18A,7.0,348.087,0.8274154966622465,0.35902760119761273
5-18A,7.0,353.0489,0.19789441270134364,0.4948321470889432
5-18A,7.0,357.089,0.34488672320855096,0.26194954748003957
5-18A,7.0,375.131,-0.678302319138206,0.3228058278673246
5-18A,7.0,377.1496,-0.3859578189584177,0.6096669225460689
5-18A,7.0,383.1188,-1.0900077674805189,0.60799357737796
5-18A,7.0,388.9416,0.8801378673808646,0.5873617383795462
5-18A,7.0,388.9442,0.3286203023153098,0.5058947686796998
5-18A,7.0,401.0756,-1.143124086315082,0.028562434956386395
5-18A,7.0,407.2795,-0.618644221403047,0.4552811135358901
5-18A,7.0,421.0743,-0.5806110943057037,0.5607987919447727
5-18A,7.0,426.0222,-0.628108420728577,0.3798267924450691
5-18A,7.0,442.9997,-0.1881167186029868,0.18750179824872332
5-18A,7.0,466.9657,-0.8755708718570789,0.23531499223329114
5-18A,7.0,490.9787,-0.09863111772702879,0.6774612514890178
5-18A,7.0,503.1614,-0.2080229766074869,0.2094725043301734
5-18A,7.0,547.0731,0.8752824606042202,0.23142318792975583
5-18A,7.0,565.0471,-0.437893085211972,0.35819225878529465
5-18A,7.0,578.8872,-1.16407664724877,0.038014273449136216
5-18A,7.0,579.0269,-0.9805183146469778,0.02105558539816431
5-18A,7.0,612.2549,-0.11656628912897615,0.14629206493904545
5-18A,7.0,624.2949,-0.23603574480000483,0.337612535919342
5-18A,7.0,659.307,-0.7092340350111555,0.17899130576285466
5-18A,7.0,664.0939,-0.0939920250538999,0.12071673703980317
5-18A,7.0,665.2144,0.31067067301317464,0.4020976948435216
5-18A,7.0,668.1374,3.334997211804442,0.22745648163894225
5-18A,7.0,787.255,-0.6304854559466742,0.31573591930076045
5-18A,7.0,790.2568,-0.8482498353346648,0.32324705861600933
5-18A,7.0,835.0407,-0.5266359388905917,0.14649287875949107
5-18A,7.0,863.2971,0.21014916463887556,0.11324952872326036
5-18A,7.0,864.1473,-0.3107110317808588,0.6000621306193316
5-18A,7.0,974.2935,-0.21155551243575887,0.41783254354284544
5-18A,7.0,976.7162,-1.3095203334324879,0.07492099513967684
5-18A,8.0,57.0342,-1.240505534624933,0.2631571515648098
5-18A,8.0,58.0295,0.3903552963890603,0.3334182165478057
5-18A,8.0,59.0135,-1.5148381672391897,0.057770048972805764
5-18A,8.0,71.0137,-1.2832919635101443,0.04122479991317893
5-18A,8.0,73.0293,2.564283837068835,0.2158133639532931
5-18A,8.0,74.0247,0.5132263069200763,0.977442519107447
5-18A,8.0,75.0087,0.8477105041761444,0.6184693656663145
5-18A,8.0,87.0088,2.368039890473346,0.15860901313180922
5-18A,8.0,87.0451,-0.7058527869118432,0.8023679846878867
5-18A,8.0,88.0403,1.5155477135219044,0.20573339023180445
5-18A,8.0,88.9883,0.01919118891178015,0.8099862014903149
5-18A,8.0,89.0244,2.0643438838438737,0.22542397658145086
5-18A,8.0,93.0338,0.02572730693412125,0.01740723992370848
5-18A,8.0,94.9761,-0.5202632061211248,0.5761431576827877
5-18A,8.0,94.9806,1.0187815954001698,0.48283582729207086
5-18A,8.0,95.0139,-1.220730372816134,0.042803497557989956
5-18A,8.0,101.0242,-0.9550809210608157,0.1189515819084239
5-18A,8.0,102.056,-0.10529636027813526,0.05938835921413345
5-18A,8.0,103.0402,1.1054708770575141,0.06287096727633117
5-18A,8.0,103.0509,1.0275122349075068,0.17213526216222647
5-18A,8.0,104.0352,-0.7841791650318856,0.07607628632195534
5-18A,8.0,105.0193,-0.2386463799658074,0.23690498986101519
5-18A,8.0,107.0503,0.7310834662944388,0.538755058707536
5-18A,8.0,109.0295,0.7413270307748803,0.13980300589092629
5-18A,8.0,111.02,0.9188500327743938,0.08170001231930216
5-18A,8.0,112.0516,-0.05758111179168106,1.0448041744084868
5-18A,8.0,113.0244,-1.2716648899282188,0.039085354110034845
5-18A,8.0,113.0357,0.15755165367529878,0.042491555234323505
5-18A,8.0,114.056,-0.17803385205237418,0.04604206674622071
5-18A,8.0,115.0037,0.7663930978461075,0.09845781572226238
5-18A,8.0,115.0402,0.34156794165935894,0.8307225072378492
5-18A,8.0,115.0764,-0.017136686417070737,0.5208156555924285
5-18A,8.0,116.0354,0.9451661158024074,0.40421067986768544
5-18A,8.0,116.0717,0.6228451182375487,0.043808590674360784
5-18A,8.0,117.0194,2.6724533407471016,0.09501045883272193
5-18A,8.0,118.0508,1.9190024905222445,0.38668605187262156
5-18A,8.0,118.9804,-1.3099317293540849,0.03884847947259566
5-18A,8.0,119.0503,0.06954840558392184,0.19285461372631968
5-18A,8.0,120.9273,-0.26864742658630836,0.11829386850297233
5-18A,8.0,121.0295,0.3753812593174233,0.5702580456188195
5-18A,8.0,121.0409,-0.1277051380882532,0.6363143132098602
5-18A,8.0,122.0248,0.11139994777083645,0.6864178300524478
5-18A,8.0,124.0075,-0.43956399390943457,0.21048660162461338
5-18A,8.0,124.0144,-0.727567927562923,0.2582763884023017
5-18A,8.0,125.0439,-0.4938960628240409,0.6199464268967907
5-18A,8.0,127.0764,-0.6186225820342154,0.5327070430654567
5-18A,8.0,128.0354,-0.3585764554133346,0.028201951960555402
5-18A,8.0,129.0193,2.0631884319470455,0.2724409474914264
5-18A,8.0,129.0556,-0.16601578347247867,0.7618688557412217
5-18A,8.0,130.0142,2.610298074770598,1.6702501098707325
5-18A,8.0,130.0509,0.881985317624264,0.11001395008351922
5-18A,8.0,130.0874,0.7503098898909094,0.061889960554653824
5-18A,8.0,131.0008,2.2194151920421383,0.4885691499349708
5-18A,8.0,131.0123,2.4714704284436064,0.13051327830691153
5-18A,8.0,131.035,-0.9681429604123972,0.10366706220904887
5-18A,8.0,131.0462,-1.0465490414274425,0.11225224841897086
5-18A,8.0,131.0828,-0.6165989652974686,0.12993970644677916
5-18A,8.0,132.0302,0.7556474232847172,0.019121394016916433
5-18A,8.0,133.0142,-0.06861015225318014,0.0829603406771197
5-18A,8.0,133.0257,0.13397362328498183,0.08143418064477137
5-18A,8.0,133.0505,2.0006962322427917,0.12802968753930982
5-18A,8.0,134.0472,0.20303987832190395,0.18389883041976673
5-18A,8.0,134.0604,1.773244318421347,1.01953965069976
5-18A,8.0,135.0302,1.053414355559861,0.08787852453243315
5-18A,8.0,135.0453,0.4978781429887504,0.12916277639911253
5-18A,8.0,136.0404,0.5369751833419447,0.08720614413710508
5-18A,8.0,136.0487,0.8682898818507767,0.09345700467696895
5-18A,8.0,136.0767,-0.6900309976047312,1.0504217778952107
5-18A,8.0,137.0239,0.473492553926673,0.055680582449032935
5-18A,8.0,138.9789,0.18372990364088243,0.28183982126130386
5-18A,8.0,139.0014,3.3483006830714985,0.09585061292622875
5-18A,8.0,139.0067,-0.2378950409677157,0.04335709795467611
5-18A,8.0,139.976,0.8571146375424843,0.4558495118029636
5-18A,8.0,143.0713,-0.809518262534781,0.3232502020209767
5-18A,8.0,143.1077,0.22971658454463323,0.24602353912513963
5-18A,8.0,145.0141,-0.08547700961426236,0.10560168126216474
5-18A,8.0,145.0506,0.12350691671638755,0.04439873820380165
5-18A,8.0,145.0623,-0.20113666161823252,0.08081545937803268
5-18A,8.0,145.0982,-0.7768946825569549,0.1724064717544168
5-18A,8.0,145.1106,-0.09806214070692054,0.3477301649650772
5-18A,8.0,146.0459,-0.34334819902745484,0.002301624781106481
5-18A,8.0,147.0298,0.5532285132769179,0.039336555907232465
5-18A,8.0,147.0662,1.6041199365201702,0.1335818621116353
5-18A,8.0,149.0092,-0.05913842088841867,0.6844657985881626
5-18A,8.0,149.0456,-0.9713347206116874,0.14577461682819595
5-18A,8.0,149.0608,0.2274047375826031,0.7338664579081225
5-18A,8.0,150.0422,1.3469086405752417,0.9844657824195244
5-18A,8.0,150.9707,-0.0035307541465516706,0.6204948312813338
5-18A,8.0,151.0259,0.07585734463284272,0.12008500428563233
5-18A,8.0,151.04,0.13794839621478777,0.39415036328365066
5-18A,8.0,151.06,0.09781832609621655,1.1573622307093572
5-18A,8.0,152.0353,1.0103685156201139,0.14950850945729255
5-18A,8.0,152.0716,-1.0985018723427389,0.19382633719222406
5-18A,8.0,153.0192,-0.7431216469617763,0.055611763216543
5-18A,8.0,154.062,-0.5654969784175726,0.07215773085365824
5-18A,8.0,154.9751,2.8373601603086556,0.09267787692417372
5-18A,8.0,155.0099,0.7812884033627804,0.06637282515861256
5-18A,8.0,157.0128,2.587470243402808,0.16054049754114427
5-18A,8.0,157.0255,0.5511610524336881,0.05221210617094037
5-18A,8.0,157.0379,0.6236783475470664,0.07458486164974143
5-18A,8.0,157.0504,1.0094595374687478,0.12706230818221273
5-18A,8.0,159.0297,-0.8899988600207902,0.14805804726337615
5-18A,8.0,159.0775,0.8419767630542736,0.10090325609727042
5-18A,8.0,160.0616,0.49444666324367503,0.4999141532917605
5-18A,8.0,161.0453,-1.374029112865175,0.0871450383612449
5-18A,8.0,162.0424,1.2912509386495001,0.16063211003447914
5-18A,8.0,163.0351,-0.5638980887846634,0.12839546135056706
5-18A,8.0,163.0398,1.438319416899808,0.01765346628030307
5-18A,8.0,163.0611,-0.39439045230783043,0.922295108120409
5-18A,8.0,164.0716,1.4543856351153868,0.07791884194219333
5-18A,8.0,165.03,-0.3309066990795145,0.5995773792929733
5-18A,8.0,165.0405,-0.09357030253875329,0.40052156853734777
5-18A,8.0,165.0556,0.611094057199953,0.4442232899446704
5-18A,8.0,166.0508,0.735105709207952,0.030010007293891975
5-18A,8.0,166.0632,0.05931590552578463,1.099543018206438
5-18A,8.0,166.9759,1.2935662373699517,0.34759905318772727
5-18A,8.0,167.0207,-0.6497879323434892,0.30511335271208684
5-18A,8.0,167.0358,0.32459847076915216,0.18548467127414936
5-18A,8.0,167.0828,-0.3210636592529201,0.5332810902405589
5-18A,8.0,168.0277,-0.3636622204782468,0.03648817860453748
5-18A,8.0,168.0664,-0.37699300671070657,0.510670150581516
5-18A,8.0,170.0455,1.4782094674059625,0.06970056171050726
5-18A,8.0,171.0065,0.9048698727846722,0.18344196836623897
5-18A,8.0,171.0092,0.8488348790140067,0.27539663886202903
5-18A,8.0,171.0284,2.069432378372647,0.20271787518448045
5-18A,8.0,172.0616,0.5674481258626625,0.18440812135567783
5-18A,8.0,172.962,0.9741201796272003,0.04743551114054624
5-18A,8.0,173.0089,0.9420261885989869,0.20946190454383784
5-18A,8.0,173.0453,0.6540537660555057,0.13666045577065847
5-18A,8.0,173.0932,2.1136125923865032,0.0788529923211395
5-18A,8.0,173.1041,-0.45977024712516995,0.1148139995466315
5-18A,8.0,174.0407,0.62961451831351,0.04023531124561315
5-18A,8.0,174.088,0.08079765743099596,0.12006891059989651
5-18A,8.0,175.022,1.822208278746098,0.24885746251366317
5-18A,8.0,175.0361,1.007442042953603,0.03862918407916664
5-18A,8.0,175.0611,0.4698224713854695,0.04316640752008913
5-18A,8.0,176.0776,0.6601316475141499,0.1356818620382786
5-18A,8.0,177.0402,-0.13046778799541228,0.16121602511384867
5-18A,8.0,177.0553,0.8598741648259696,0.5104692580276246
5-18A,8.0,178.0509,1.749606609506777,0.18247963426301864
5-18A,8.0,179.0348,1.469457422583503,0.1648909651357684
5-18A,8.0,179.0561,-1.3149492001901164,0.01696167079081652
5-18A,8.0,180.0663,-1.346207398326917,0.007863928282945779
5-18A,8.0,181.0505,1.3007066999900112,0.20190386588001916
5-18A,8.0,182.9725,-1.225193773234945,0.17070890208866119
5-18A,8.0,183.0661,-0.6461673497406044,0.4668684016887427
5-18A,8.0,184.0017,-0.498741049905675,0.0649832828439275
5-18A,8.0,184.9856,1.3028288533791028,0.10240803379001942
5-18A,8.0,186.1136,-0.17639983156025865,0.6177178494792767
5-18A,8.0,187.0234,1.35108331232411,0.9064986966999169
5-18A,8.0,188.035,0.20647514364392494,0.8116036324509366
5-18A,8.0,188.0565,0.40398851636384553,0.035015482190967846
5-18A,8.0,189.0405,-0.7828155952524194,0.03174777092065317
5-18A,8.0,191.0197,0.0788895982972107,0.22057649579978036
5-18A,8.0,191.0561,0.10700820706944025,0.12741226133308067
5-18A,8.0,192.0663,-0.3227431885423401,0.2002139623254302
5-18A,8.0,193.0349,0.06610008510255534,0.4272227985980985
5-18A,8.0,194.0682,2.0181167029691993,0.08122625294741856
5-18A,8.0,194.0822,0.11775464934881227,0.5204559008278633
5-18A,8.0,195.0509,-1.0901635275579353,0.04434462730398733
5-18A,8.0,195.0657,1.9233563292077906,0.7212044650740237
5-18A,8.0,196.0603,0.7008304141338326,0.21039438624604298
5-18A,8.0,198.0182,2.2403362757272256,0.7099673071085675
5-18A,8.0,199.0019,2.5698686287629298,0.3638997313741969
5-18A,8.0,200.9937,-0.6593140882513471,0.21331383723976846
5-18A,8.0,201.0051,1.6921043673169125,0.514785904424031
5-18A,8.0,203.0348,2.00849818684704,0.24433469808403535
5-18A,8.0,203.0826,-0.06078773149238504,0.01669135162752114
5-18A,8.0,204.0498,-0.9039743272941283,0.3459008510792643
5-18A,8.0,205.0351,0.044026683349116795,0.09836751990824483
5-18A,8.0,206.0822,-0.15978413459984014,1.3094201788608963
5-18A,8.0,209.0292,2.384873774588162,0.5766388594678399
5-18A,8.0,209.0814,-0.23338614131577,0.42377320085009945
5-18A,8.0,211.0235,1.9719224852001935,0.33548665483278856
5-18A,8.0,211.9968,1.0547598472323876,0.0864727915737869
5-18A,8.0,212.0331,0.4344922955671119,0.31678647425109374
5-18A,8.0,212.9807,2.4852517997674908,0.2459423938890545
5-18A,8.0,213.014,2.1017506410714084,0.43411064416035583
5-18A,8.0,213.0384,1.2625619499803022,0.4307179622486372
5-18A,8.0,213.1252,0.9298534364271804,0.605477996041203
5-18A,8.0,214.0488,0.2107741516567823,0.5053555601732088
5-18A,8.0,215.0331,-1.4242583944486709,0.015059195554192006
5-18A,8.0,216.1351,-1.1687585845467634,0.13383582277641493
5-18A,8.0,218.0335,-1.37825403113223,0.009918070336468894
5-18A,8.0,218.1034,0.2120574796869889,0.08511985758091271
5-18A,8.0,220.0828,-0.868577240642045,0.3085458383214734
5-18A,8.0,221.0443,-1.096055288745073,0.07279684448882916
5-18A,8.0,221.0664,0.4196545121094268,0.3399062836122171
5-18A,8.0,225.0399,0.47116970246159573,0.36103425801786465
5-18A,8.0,225.0861,0.29359571362818493,0.2694703233232043
5-18A,8.0,225.0901,0.36811271548752333,0.5847422241993767
5-18A,8.0,226.0135,1.0984172784642872,0.3645576782337846
5-18A,8.0,226.0697,-0.6282993946870397,0.22846498692636394
5-18A,8.0,228.0501,0.8887958120931274,0.47679693275648627
5-18A,8.0,229.0122,1.1812646094697556,0.2667827716118405
5-18A,8.0,237.0614,1.5236925444721185,0.35307948764450164
5-18A,8.0,238.0945,-0.5048625923251884,0.1199989875524674
5-18A,8.0,240.0515,0.7778205919083465,0.0666610793550933
5-18A,8.0,241.0844,1.308144000805982,0.289660173317861
5-18A,8.0,242.0804,-0.7355528252606058,0.26785917822083977
5-18A,8.0,243.029,3.4150948594402806,0.24176695156305636
5-18A,8.0,243.0625,1.1872777967074821,0.47917824532688663
5-18A,8.0,245.0444,1.7453964416618786,0.4373929859702475
5-18A,8.0,246.0198,0.8142782299516871,0.3243701168221572
5-18A,8.0,246.064,-1.0724805814285623,0.06746851263520742
5-18A,8.0,251.0816,-0.7244628911501747,0.835835785878393
5-18A,8.0,253.0119,0.08878641583038098,0.09172099541275515
5-18A,8.0,253.0499,-0.4565512719010296,0.7053315883647664
5-18A,8.0,257.0072,1.8061778806874587,0.2205120442111575
5-18A,8.0,257.1028,-1.0259647288228673,0.5521127753786037
5-18A,8.0,259.005,3.5959606584042003,0.47115977706857426
5-18A,8.0,259.0227,-1.182276138001903,0.052901639175691954
5-18A,8.0,261.0385,0.3068067152875389,0.13241550450660217
5-18A,8.0,266.0703,0.7359549482648082,0.21743084151412426
5-18A,8.0,267.0724,0.1269727125437855,0.10171063209558706
5-18A,8.0,268.02,1.770664734888993,0.48851860831727567
5-18A,8.0,269.0398,2.804286621714446,0.7529982447132435
5-18A,8.0,271.0612,0.35310596077666945,0.2446330851616633
5-18A,8.0,271.0815,-1.2102109484045571,0.17538514860914844
5-18A,8.0,273.0021,2.839351719927163,0.5455759307947019
5-18A,8.0,274.0933,0.10150178485413039,0.19763015553741883
5-18A,8.0,275.0184,0.9430143938744066,0.3170437182067818
5-18A,8.0,275.0991,1.0226960813943837,0.33578991137130115
5-18A,8.0,277.1207,-1.1146050853042055,0.01825038624559719
5-18A,8.0,277.2169,-0.34666364742851463,0.021134430005410827
5-18A,8.0,279.2331,-0.3404388078870729,0.03357131419899052
5-18A,8.0,282.0839,-0.9488597628527298,0.4795577054377557
5-18A,8.0,283.2063,-0.4728651525018809,0.24811910046249347
5-18A,8.0,285.0972,-0.4473113548968024,0.44676472337123246
5-18A,8.0,287.0157,-0.6915167483477195,0.6153601305014664
5-18A,8.0,288.0725,0.362605233273966,0.1454610053954611
5-18A,8.0,289.0333,1.4473353911183229,0.3699074447465557
5-18A,8.0,289.1044,0.3990608942396124,0.2981572589956683
5-18A,8.0,290.9677,0.26470271644272214,0.34151486512268237
5-18A,8.0,294.0479,-1.0003373916476321,0.37301975333911974
5-18A,8.0,300.0509,0.8686204480768096,0.308375441165341
5-18A,8.0,301.0333,0.3616901048836999,0.37731851594346594
5-18A,8.0,303.2326,-0.5044939290652406,0.2596074623244055
5-18A,8.0,305.0207,-1.2044338833874035,0.16336016418048266
5-18A,8.0,306.0481,1.3298205929399751,0.2653534206990432
5-18A,8.0,306.0765,0.6188249423679237,0.052489112046887235
5-18A,8.0,308.0986,-0.3994448501707393,0.02436497152480332
5-18A,8.0,313.0441,-0.10389878742756083,0.5090396180896131
5-18A,8.0,313.1037,0.2962934372871223,0.420129259287118
5-18A,8.0,317.026,0.3392707052095971,0.5586282255055899
5-18A,8.0,323.0256,-0.3847856929744067,0.33864494683421514
5-18A,8.0,325.1163,-1.2374990871789917,0.3538914816069033
5-18A,8.0,328.0457,0.32217114110463113,0.16794868453403772
5-18A,8.0,333.0589,1.3039015679052568,0.6724017813064354
5-18A,8.0,338.9884,1.1724325080433369,0.838767561349012
5-18A,8.0,339.0928,-1.0524924632544495,0.8779941137032928
5-18A,8.0,341.1089,-0.05328745798299879,0.1362878376207591
5-18A,8.0,344.0393,0.473738728201165,0.41123787735622874
5-18A,8.0,346.0556,-0.2108694910453472,0.1854664414266776
5-18A,8.0,348.087,1.0479746301805504,0.3016922137387327
5-18A,8.0,353.0489,0.7716214948395608,0.26449266274633776
5-18A,8.0,357.089,0.6170252456058727,0.574335248251495
5-18A,8.0,375.131,-0.25359072172722474,0.4605010921159559
5-18A,8.0,377.1496,-0.6392050821077275,0.170616033753309
5-18A,8.0,383.1188,-0.1629425924043052,0.5633703341773004
5-18A,8.0,388.9416,1.0271594645634279,0.7188071171901352
5-18A,8.0,388.9442,0.8973028254275599,0.5363866488275787
5-18A,8.0,401.0756,-1.2121907285519886,0.010114279078719281
5-18A,8.0,407.2795,-1.0568247608510704,0.21884028384235255
5-18A,8.0,421.0743,0.3780874153860763,0.3897360901806716
5-18A,8.0,426.0222,0.340544451730284,0.7307312463591097
5-18A,8.0,442.9997,-0.19787003846328655,0.2868531690903052
5-18A,8.0,466.9657,-1.1213216442592513,0.09986090663258988
5-18A,8.0,490.9787,0.761931434904017,0.6889313324463989
5-18A,8.0,503.1614,0.6000374949789424,0.17512911726038402
5-18A,8.0,547.0731,1.4351968553899168,0.15223103381465392
5-18A,8.0,565.0471,0.3991565019579085,0.42866569765514584
5-18A,8.0,578.8872,-1.1936329901109728,0.061092347089017965
5-18A,8.0,579.0269,-0.8940901036639772,0.1208624645652754
5-18A,8.0,612.2549,1.6308399911603704,0.5393902882898834
5-18A,8.0,624.2949,0.263895862949592,0.4545350140960877
5-18A,8.0,659.307,-0.899958768343952,0.2480821595379402
5-18A,8.0,664.0939,0.3349234039738968,0.11427469860302152
5-18A,8.0,665.2144,1.462704482941092,0.20793028313489365
5-18A,8.0,668.1374,2.27919146994281,0.08637826275851535
5-18A,8.0,787.255,-0.7317826237839179,0.4036745612556705
5-18A,8.0,790.2568,-0.8424372250847907,0.1808506023481006
5-18A,8.0,835.0407,-0.09465059659073369,0.5277910376320397
5-18A,8.0,863.2971,1.0797692969591586,0.15627470495330653
5-18A,8.0,864.1473,0.3440645155051584,0.2567096584745292
5-18A,8.0,974.2935,0.1020708325485849,0.261032617385357
5-18A,8.0,976.7162,-1.31501473110559,0.08350098016181301
5-18A,9.0,57.0342,-1.2512625780017457,0.3200204202607102
5-18A,9.0,58.0295,-0.17573500273844353,0.32142192794057584
5-18A,9.0,59.0135,-1.332956638179555,0.12406314573168577
5-18A,9.0,71.0137,-1.4065901292499645,0.03696881264418398
5-18A,9.0,73.0293,2.452846765282775,0.14225636231619398
5-18A,9.0,74.0247,0.15627545480055607,0.5611960348349351
5-18A,9.0,75.0087,0.4326406248071173,0.1944151551677348
5-18A,9.0,87.0088,3.0578796697565425,0.22720095402859836
5-18A,9.0,87.0451,-0.6442346537975918,0.20451541064287843
5-18A,9.0,88.0403,1.6644253926699366,0.09047919524870808
5-18A,9.0,88.9883,0.08114446283960369,0.2849446949442843
5-18A,9.0,89.0244,1.4918103799445914,0.2773623042858335
5-18A,9.0,93.0338,0.03216225239371731,0.02244102913439493
5-18A,9.0,94.9761,-1.6450278968310639,0.18977556603792822
5-18A,9.0,94.9806,1.823424335611152,0.14427050731055707
5-18A,9.0,95.0139,-1.369482848050347,0.10955932956598734
5-18A,9.0,101.0242,-1.5283642182085202,0.15826099707278818
5-18A,9.0,102.056,0.2581280143003369,0.158319841209185
5-18A,9.0,103.0402,0.8751545981088762,0.09170281301895188
5-18A,9.0,103.0509,0.6048058324506765,0.20635033870739514
5-18A,9.0,104.0352,-0.6590729059161374,0.1357851605783548
5-18A,9.0,105.0193,0.011220348738341974,0.20904692823134355
5-18A,9.0,107.0503,2.3705306138585724,0.18787924515556875
5-18A,9.0,109.0295,0.26550040550053683,0.1410731408112879
5-18A,9.0,111.02,-0.18088822674170582,0.01962477454787892
5-18A,9.0,112.0516,1.1403889118518376,0.4006321816658626
5-18A,9.0,113.0244,-1.3946160626624065,0.006728502321095152
5-18A,9.0,113.0357,-0.2811185708107345,0.041613811176373375
5-18A,9.0,114.056,-0.22886889954280135,0.0027635730688691847
5-18A,9.0,115.0037,0.6984570445525915,0.10077959562525036
5-18A,9.0,115.0402,-0.3091261510825884,0.45149094761951375
5-18A,9.0,115.0764,1.137489079865337,0.3421616166239135
5-18A,9.0,116.0354,1.3070460594536661,0.1627811461085191
5-18A,9.0,116.0717,0.727778513874723,0.10869961285234071
5-18A,9.0,117.0194,2.4803388632676766,0.13398115673121153
5-18A,9.0,118.0508,1.785702483749835,0.21732781431772666
5-18A,9.0,118.9804,-1.4095207323914083,0.007443311979269139
5-18A,9.0,119.0503,0.5383129057628724,0.33301329400307605
5-18A,9.0,120.9273,-0.25299833547628414,0.13145203624525653
5-18A,9.0,121.0295,0.5519509522554217,0.3003367680233406
5-18A,9.0,121.0409,-0.13115734673482984,0.2605584990764711
5-18A,9.0,122.0248,0.9763290402986067,0.14185364098406084
5-18A,9.0,124.0075,0.06249389296561324,0.23986185200043103
5-18A,9.0,124.0144,-1.3891181672855197,0.08914191669881746
5-18A,9.0,125.0439,0.03723365493005589,0.08626312871408576
5-18A,9.0,127.0764,-0.1507951108638193,0.42709098576349047
5-18A,9.0,128.0354,-0.3317583184193126,0.0040802204189702524
5-18A,9.0,129.0193,1.236634455261822,0.2043289827270289
5-18A,9.0,129.0556,0.4787892915789655,0.578418326922963
5-18A,9.0,130.0142,0.27781039696852305,1.3545684331137515
5-18A,9.0,130.0509,0.5183207749065407,0.04691633878215201
5-18A,9.0,130.0874,1.467613387630331,0.07091333140313952
5-18A,9.0,131.0008,1.0501217387031991,0.4630001306559245
5-18A,9.0,131.0123,2.0048925147879304,0.17328113543190649
5-18A,9.0,131.035,-1.0736714102294438,0.03962319787988838
5-18A,9.0,131.0462,-1.4251322790820142,0.18313765372587237
5-18A,9.0,131.0828,-0.4060364151633734,0.12723327261242362
5-18A,9.0,132.0302,0.3824454247098706,0.06700908021829334
5-18A,9.0,133.0142,-0.2672005169567235,0.05665621657735213
5-18A,9.0,133.0257,-0.3602026192756651,0.08164769686830278
5-18A,9.0,133.0505,1.4539726895697624,0.10202191300807856
5-18A,9.0,134.0472,2.2699262510089433,0.21044877089746505
5-18A,9.0,134.0604,1.7560812992915464,0.36076640006015326
5-18A,9.0,135.0302,1.515666076383982,0.12114186663378196
5-18A,9.0,135.0453,1.07966964897467,0.17946443320861633
5-18A,9.0,136.0404,0.4228263220344423,0.048063463629482724
5-18A,9.0,136.0487,1.0803173477251122,0.20213678588163514
5-18A,9.0,136.0767,1.0055455019005148,0.5857552464786505
5-18A,9.0,137.0239,0.06269315148470336,0.05413996302080147
5-18A,9.0,138.9789,1.1617897583548968,0.23414846523889032
5-18A,9.0,139.0014,3.7127778465080485,0.05985644637249059
5-18A,9.0,139.0067,-0.46105151430684777,0.08467831748176115
5-18A,9.0,139.976,0.8282107654855695,0.22027616364501515
5-18A,9.0,143.0713,-0.6520707447892449,0.2066097419954822
5-18A,9.0,143.1077,1.8095037552877544,0.36468967075639874
5-18A,9.0,145.0141,0.48776127932722013,0.18057147275364793
5-18A,9.0,145.0506,0.5460284859045796,0.11423071321163299
5-18A,9.0,145.0623,-0.02474261552954217,0.258650321592425
5-18A,9.0,145.0982,-0.8940383943640486,0.09206764229634103
5-18A,9.0,145.1106,0.23130001207516265,0.6794023094561283
5-18A,9.0,146.0459,-0.012342567890074905,0.0235114698606232
5-18A,9.0,147.0298,0.06660963708837336,0.06084339708560766
5-18A,9.0,147.0662,0.9072617486910535,0.08108454419444686
5-18A,9.0,149.0092,-0.05746162387463176,0.12447688971090293
5-18A,9.0,149.0456,-1.5208470779952226,0.04919934930536868
5-18A,9.0,149.0608,0.41801883970313647,0.29410296498875804
5-18A,9.0,150.0422,0.7800908522965029,1.3281154120090088
5-18A,9.0,150.9707,0.20628812737834437,0.5818768269417282
5-18A,9.0,151.0259,0.40947962459207465,0.163009894957241
5-18A,9.0,151.04,0.01707349111254018,0.46323331108042815
5-18A,9.0,151.06,-1.33429690968919,1.79716058114745
5-18A,9.0,152.0353,1.8499242726219194,0.4055104686218543
5-18A,9.0,152.0716,-0.5338893743572997,0.3200314391559833
5-18A,9.0,153.0192,-1.1181073244342716,0.03600619221669152
5-18A,9.0,154.062,-0.4517014085857619,0.07672287353368386
5-18A,9.0,154.9751,2.038688058114969,0.11016029261760854
5-18A,9.0,155.0099,-0.21688025411916517,0.017648664525857994
5-18A,9.0,157.0128,1.9863341350862487,0.3047815122632527
5-18A,9.0,157.0255,0.24718801202028756,0.032197651071061824
5-18A,9.0,157.0379,0.2524610146738258,0.10475061360685717
5-18A,9.0,157.0504,0.28615463996601664,0.12797468169972528
5-18A,9.0,159.0297,-1.1046328120465139,0.10523141630840972
5-18A,9.0,159.0775,1.021788288011766,0.05683965388336182
5-18A,9.0,160.0616,0.26690522710506415,0.4358353743427157
5-18A,9.0,161.0453,-1.6914691037773655,0.07656087260137392
5-18A,9.0,162.0424,1.1390553017065879,0.14687847538607857
5-18A,9.0,163.0351,-0.8559707836606654,0.27283140397254324
5-18A,9.0,163.0398,0.7301790911851108,0.16599736220858063
5-18A,9.0,163.0611,0.26959358003291506,0.1676309781848039
5-18A,9.0,164.0716,2.830399165649907,0.1984078943813259
5-18A,9.0,165.03,-1.000506183620642,0.9610377586938241
5-18A,9.0,165.0405,0.3821214350782522,0.37324674708821
5-18A,9.0,165.0556,0.8058059400128785,0.370141780521618
5-18A,9.0,166.0508,0.45042886893548795,0.12533061153769423
5-18A,9.0,166.0632,1.0373024627843188,0.6684315134424708
5-18A,9.0,166.9759,1.5307483992472901,0.5926377894445377
5-18A,9.0,167.0207,-0.6714174340116359,0.34895592609026616
5-18A,9.0,167.0358,0.5453081295975445,0.32148752769929584
5-18A,9.0,167.0828,-0.2810905010949931,0.9192878424357578
5-18A,9.0,168.0277,0.09534672264196865,0.10769475294382132
5-18A,9.0,168.0664,-0.12028958459819292,0.4003677737071885
5-18A,9.0,170.0455,1.0846418958835322,0.034728671531909866
5-18A,9.0,171.0065,1.0469596221622495,0.2975588090554787
5-18A,9.0,171.0092,1.170641245911578,0.2602782626480056
5-18A,9.0,171.0284,1.687244591294167,0.18630108613508817
5-18A,9.0,172.0616,0.6404809887588265,0.22418988405846219
5-18A,9.0,172.962,1.5573000583281915,0.18066004440537667
5-18A,9.0,173.0089,0.1250997894935034,0.10009289955454419
5-18A,9.0,173.0453,-0.014900189963717267,0.10864432057220928
5-18A,9.0,173.0932,2.161422524074309,0.14526868291838016
5-18A,9.0,173.1041,-0.5565833691885544,0.08310708256714283
5-18A,9.0,174.0407,0.15553555096050886,0.050387047577796426
5-18A,9.0,174.088,-0.37830278678215506,0.03252879761003023
5-18A,9.0,175.022,1.2518519005306321,0.20800611612776418
5-18A,9.0,175.0361,0.5977669197330912,0.09477000402636673
5-18A,9.0,175.0611,-0.17066902153266897,0.06708549184223363
5-18A,9.0,176.0776,0.09266683738624508,0.18109328841857394
5-18A,9.0,177.0402,-0.9554468285571703,0.3092409406655721
5-18A,9.0,177.0553,-0.3590539420848331,0.7723964726786046
5-18A,9.0,178.0509,1.3852128371756638,0.11131629724696045
5-18A,9.0,179.0348,0.66535594192622,0.08821469904063044
5-18A,9.0,179.0561,-1.4349419579471658,0.005709800275096546
5-18A,9.0,180.0663,-1.3327256809014627,0.008058364607584785
5-18A,9.0,181.0505,0.8306788907885462,0.14161696318312467
5-18A,9.0,182.9725,-1.1206429463858256,0.15161203564712608
5-18A,9.0,183.0661,-1.191413880576874,0.6724283552450084
5-18A,9.0,184.0017,-0.1533215185788268,0.15283696725282597
5-18A,9.0,184.9856,2.0735914511073132,0.1868747716705022
5-18A,9.0,186.1136,-0.4127186546192505,0.4400185234870746
5-18A,9.0,187.0234,-0.0029749248144576856,0.969065705789833
5-18A,9.0,188.035,-0.857774856857507,0.1794556111320111
5-18A,9.0,188.0565,-0.03421611578939561,0.015435774453344913
5-18A,9.0,189.0405,-0.9627048965544494,0.07202134459307104
5-18A,9.0,191.0197,-0.5603988593363061,0.12056436527840057
5-18A,9.0,191.0561,-0.3459237887532574,0.07611278816386324
5-18A,9.0,192.0663,-0.39454498326735526,0.28494485415220366
5-18A,9.0,193.0349,-0.6047296610888948,0.13111345233247537
5-18A,9.0,194.0682,1.4999033348018393,0.3037558880680396
5-18A,9.0,194.0822,-0.5971190190502649,0.4895628355472894
5-18A,9.0,195.0509,-1.2525771960223928,0.08079061973292578
5-18A,9.0,195.0657,0.9920216448553156,1.051850692039422
5-18A,9.0,196.0603,0.45090752348266927,0.13969291560555097
5-18A,9.0,198.0182,2.3784797634822086,0.19120647392552956
5-18A,9.0,199.0019,1.4365942956389275,0.42073601924292303
5-18A,9.0,200.9937,-0.25272107605087873,0.36972981757906065
5-18A,9.0,201.0051,0.6186508648898996,0.3998593686333664
5-18A,9.0,203.0348,1.3073162837297252,0.489632284235586
5-18A,9.0,203.0826,0.011036327544578622,0.0178239900936072
5-18A,9.0,204.0498,-1.1017520538701706,0.25262064246949634
5-18A,9.0,205.0351,-0.6382133250147093,0.12319644145416099
5-18A,9.0,206.0822,-0.009311316118064234,0.43801232580983296
5-18A,9.0,209.0292,1.2607106696348191,0.4516177246098623
5-18A,9.0,209.0814,-0.12469120275306658,0.4771736482939251
5-18A,9.0,211.0235,1.0698171648424533,0.5034831166312684
5-18A,9.0,211.9968,0.6244629080422015,0.14332276983348546
5-18A,9.0,212.0331,0.17993168912116564,0.10861120299017639
5-18A,9.0,212.9807,2.2882496110613086,0.3557682779598769
5-18A,9.0,213.014,1.6280812874725297,0.35838709252500334
5-18A,9.0,213.0384,1.1392017124437808,0.30484323422808657
5-18A,9.0,213.1252,0.056985346074820004,1.273827242888148
5-18A,9.0,214.0488,-0.5180432092958738,0.7960379840491544
5-18A,9.0,215.0331,-1.5568192663534126,0.0033781973530991045
5-18A,9.0,216.1351,-1.2694851938586704,0.12028838676907123
5-18A,9.0,218.0335,-1.5024672289465992,0.0031452296481926764
5-18A,9.0,218.1034,-0.22534806764788612,0.06869864526779003
5-18A,9.0,220.0828,-0.5864266246177128,0.8416392064316607
5-18A,9.0,221.0443,-1.247328456470756,0.06491529082192511
5-18A,9.0,221.0664,-0.6141772235170952,0.3565137115885377
5-18A,9.0,225.0399,0.1253457398081247,1.0820288163282952
5-18A,9.0,225.0861,0.4624428838925545,0.23032700365318834
5-18A,9.0,225.0901,-0.4874145115697194,0.7639292457300219
5-18A,9.0,226.0135,0.9974652984645302,0.33725315283462803
5-18A,9.0,226.0697,-0.7217692745911694,0.15751362223523438
5-18A,9.0,228.0501,1.1342885026290543,0.2782276035828404
5-18A,9.0,229.0122,1.1529079264403168,0.2530531357783629
5-18A,9.0,237.0614,0.8496871739329944,0.33326888712346014
5-18A,9.0,238.0945,-0.6482481657899986,0.27739163565016717
5-18A,9.0,240.0515,0.2832140456987389,0.031053415975947227
5-18A,9.0,241.0844,0.1309406747587792,0.1786698866280151
5-18A,9.0,242.0804,-0.4092970141010169,0.6179235557968358
5-18A,9.0,243.029,1.5385465279994786,0.3694943254857672
5-18A,9.0,243.0625,1.2368596919775345,0.2546455222570214
5-18A,9.0,245.0444,0.7018313550442152,0.2491458402562414
5-18A,9.0,246.0198,0.5719605156687124,0.21400058094243907
5-18A,9.0,246.064,-1.2152429957628108,0.023439626364521595
5-18A,9.0,251.0816,-0.6946669885955372,1.326551482855296
5-18A,9.0,253.0119,-0.05772067046721979,0.025119203386382846
5-18A,9.0,253.0499,-1.8410598410623373,0.5228640855516051
5-18A,9.0,257.0072,1.2627127395332778,0.6774135898435586
5-18A,9.0,257.1028,-1.046048064926027,0.5333657860918709
5-18A,9.0,259.005,1.1860547309412977,0.5106342565912637
5-18A,9.0,259.0227,-1.3382749804417886,0.10018393486964361
5-18A,9.0,261.0385,0.15312283789869707,0.08836346959915435
5-18A,9.0,266.0703,0.4598474397399577,0.2934143305173253
5-18A,9.0,267.0724,-0.6563598663975623,0.039234622206182755
5-18A,9.0,268.02,0.8204500632798899,0.8213506879165025
5-18A,9.0,269.0398,2.46389076501469,0.437424063005817
5-18A,9.0,271.0612,-0.4480585029276879,0.5043032374870888
5-18A,9.0,271.0815,-0.6654976350976319,0.3521496833913216
5-18A,9.0,273.0021,2.9047316304828215,0.2533401345678483
5-18A,9.0,274.0933,-0.17457853482775493,0.08044252163150264
5-18A,9.0,275.0184,0.005402264225860681,0.9039848458519609
5-18A,9.0,275.0991,1.21758850491881,0.45134492417881916
5-18A,9.0,277.1207,-1.1184818168637418,0.007100092785244474
5-18A,9.0,277.2169,-0.43630732101845326,0.14559812208854064
5-18A,9.0,279.2331,-0.292915871989628,0.020327868018196794
5-18A,9.0,282.0839,-1.2809081581476747,0.15742408544839484
5-18A,9.0,283.2063,-0.19868586484131917,0.33818927380910246
5-18A,9.0,285.0972,-0.644799696873918,1.0176276600519276
5-18A,9.0,287.0157,-1.0450858814993267,0.414884629736465
5-18A,9.0,288.0725,0.06240707376432892,0.17001291343484162
5-18A,9.0,289.0333,0.34778302844393666,0.8894045936807606
5-18A,9.0,289.1044,0.10385077772990631,0.2655601863662025
5-18A,9.0,290.9677,0.34100131267426437,0.15553386369046251
5-18A,9.0,294.0479,-0.8451749835908704,0.8519152017315543
5-18A,9.0,300.0509,0.2055159808479156,0.6099659961251871
5-18A,9.0,301.0333,0.2557328348287385,0.410238866212966
5-18A,9.0,303.2326,0.11895659528655095,0.7622450883454608
5-18A,9.0,305.0207,-1.2264770752678777,0.08197001176720986
5-18A,9.0,306.0481,0.5486391181290631,0.17116981743565457
5-18A,9.0,306.0765,1.0898746444843086,0.09075214033554975
5-18A,9.0,308.0986,-0.4050901039163223,0.023322222695635088
5-18A,9.0,313.0441,-0.46998307277279916,0.11417428750768217
5-18A,9.0,313.1037,0.42705896878263044,1.0580768230760431
5-18A,9.0,317.026,-0.3927922779958801,0.6018803545849334
5-18A,9.0,323.0256,0.7821918051077017,0.8490662116560718
5-18A,9.0,325.1163,-0.03241998726930556,0.48639905223732416
5-18A,9.0,328.0457,0.8907411900893343,0.14738146291571919
5-18A,9.0,333.0589,0.8154490145062944,0.44095459769559053
5-18A,9.0,338.9884,0.8515552377837088,0.7976412283816238
5-18A,9.0,339.0928,-0.5590223403263155,0.23743669401380454
5-18A,9.0,341.1089,-0.4173628193318474,0.10498980747374585
5-18A,9.0,344.0393,0.7802787308550152,0.2768361437656498
5-18A,9.0,346.0556,0.2365777162966518,0.23735520632452073
5-18A,9.0,348.087,0.5003657869244361,0.1602183342742154
5-18A,9.0,353.0489,-0.1596564937681059,0.2764278598587328
5-18A,9.0,357.089,1.117408980336432,0.30396865198190715
5-18A,9.0,375.131,-0.6367159752250474,0.7590961794277997
5-18A,9.0,377.1496,-0.36120432707164307,0.2583831162225855
5-18A,9.0,383.1188,-0.8358752159910953,0.7647938060051296
5-18A,9.0,388.9416,0.4435508909757908,0.35911345402257183
5-18A,9.0,388.9442,0.2472733272244499,0.3011094082959194
5-18A,9.0,401.0756,-1.1742749968342556,0.03937375306715601
5-18A,9.0,407.2795,-0.7018534351616521,0.1917881355227925
5-18A,9.0,421.0743,0.6576684586065363,0.8223572843204464
5-18A,9.0,426.0222,-0.029284009031196004,0.20022310000672164
5-18A,9.0,442.9997,-0.30286165813592525,0.2195739686877202
5-18A,9.0,466.9657,-1.238577729262117,0.09221844792135958
5-18A,9.0,490.9787,0.584192661032226,0.922743904388366
5-18A,9.0,503.1614,-0.2377894478103269,0.44000513024173155
5-18A,9.0,547.0731,0.8529518276216,0.24791882367860335
5-18A,9.0,565.0471,0.1019274057304836,0.27807403383723167
5-18A,9.0,578.8872,-1.2254021073051051,0.05550800681162641
5-18A,9.0,579.0269,-0.9679024319980432,0.043798867018271105
5-18A,9.0,612.2549,0.11956969469390852,0.30198407354919776
5-18A,9.0,624.2949,1.3200576829250914,0.6080260095234759
5-18A,9.0,659.307,-0.7862487729365127,0.103932137020141
5-18A,9.0,664.0939,0.6844844562026398,0.5516800767444183
5-18A,9.0,665.2144,0.7485953346684905,0.5686426203262832
5-18A,9.0,668.1374,1.190108010131995,0.10420888688913299
5-18A,9.0,787.255,-0.6717546724729586,0.10835894681307616
5-18A,9.0,790.2568,-0.8656876660842876,0.26992121819680215
5-18A,9.0,835.0407,1.4564705758234915,0.4547616475187999
5-18A,9.0,863.2971,1.8434671448186273,0.16604091797711376
5-18A,9.0,864.1473,0.6257466537378193,0.3104617911445895
5-18A,9.0,974.2935,0.5477503754210734,0.07195958349968
5-18A,9.0,976.7162,-1.2201766495307371,0.17418673034084908
5-18A,10.0,57.0342,-2.078109942040328,0.3909430800646311
5-18A,10.0,58.0295,0.5620632863709291,0.3866986027433854
5-18A,10.0,59.0135,-0.15829437957750653,0.09926890067259388
5-18A,10.0,71.0137,-1.0784201063683136,0.0975957906478903
5-18A,10.0,73.0293,2.1729939405484373,0.21318070517538357
5-18A,10.0,74.0247,0.5919359751542963,1.209961247540621
5-18A,10.0,75.0087,-0.08705588468804899,0.3359684043696436
5-18A,10.0,87.0088,-0.2818692902405803,0.02832086971080669
5-18A,10.0,87.0451,-1.749439895928664,0.5488872369518247
5-18A,10.0,88.0403,3.115438809503843,0.14708354364690415
5-18A,10.0,88.9883,0.4388746574551009,0.45332904526412565
5-18A,10.0,89.0244,-1.9687438194442812,0.008919937641254056
5-18A,10.0,93.0338,0.02101881025636804,0.016619754884956452
5-18A,10.0,94.9761,-1.049414918693903,0.7814241629865597
5-18A,10.0,94.9806,1.1434006990199577,0.7038874744959919
5-18A,10.0,95.0139,-1.4566363988064759,0.08063779133037648
5-18A,10.0,101.0242,-1.7921806984700102,0.048859937700867065
5-18A,10.0,102.056,4.620983967263047,0.2498104992047667
5-18A,10.0,103.0402,0.18103883480667216,0.09226610412176312
5-18A,10.0,103.0509,0.3594398262207311,0.0814468734445461
5-18A,10.0,104.0352,-0.608070780395939,0.13363213516468592
5-18A,10.0,105.0193,-0.7315237381108826,0.25429399173618933
5-18A,10.0,107.0503,0.4384859452371739,0.9929567119276304
5-18A,10.0,109.0295,0.3292802523017687,0.10310291647201177
5-18A,10.0,111.02,0.4026128920792396,0.08110854740133595
5-18A,10.0,112.0516,0.44968182764725223,0.7381674242329074
5-18A,10.0,113.0244,-1.4508211067513948,0.020469587070458817
5-18A,10.0,113.0357,0.1263884266225538,0.11857528988502397
5-18A,10.0,114.056,-0.2228337535735477,0.007366995126079676
5-18A,10.0,115.0037,3.9907311014743825,0.09015568621934174
5-18A,10.0,115.0402,-1.6593420923409579,0.5613600361195206
5-18A,10.0,115.0764,0.5297843383273202,1.0549637676602581
5-18A,10.0,116.0354,1.9289990580443357,0.2684719735894396
5-18A,10.0,116.0717,1.6693990346349008,0.04102520889334684
5-18A,10.0,117.0194,2.390878031861285,0.1290076766092304
5-18A,10.0,118.0508,2.433939663576681,0.45256109231629793
5-18A,10.0,118.9804,-1.41452602315329,0.007563675529305817
5-18A,10.0,119.0503,0.4080273401825667,0.5196371779459007
5-18A,10.0,120.9273,-0.09569330980962476,0.07824596099319894
5-18A,10.0,121.0295,-0.026600290376248698,0.7581528661185893
5-18A,10.0,121.0409,-0.9197952331083407,0.5084760711922691
5-18A,10.0,122.0248,-0.9407785080399254,0.5181781767275302
5-18A,10.0,124.0075,-0.5599596046282471,0.16102258534492
5-18A,10.0,124.0144,-1.5728339792074355,0.13408385807111992
5-18A,10.0,125.0439,-1.5071796712817886,0.2761249784565467
5-18A,10.0,127.0764,-0.6645454958709085,0.6892952630652865
5-18A,10.0,128.0354,0.2068991136816054,0.04096259736039597
5-18A,10.0,129.0193,2.5115689047297733,0.34032667550898965
5-18A,10.0,129.0556,-0.0072673152570195965,0.8332080728226465
5-18A,10.0,130.0142,-0.0892104500115111,0.35629339070778754
5-18A,10.0,130.0509,1.225591411802948,0.08776944794824544
5-18A,10.0,130.0874,3.0533809293455043,0.2985247904601703
5-18A,10.0,131.0008,0.7214116760966574,1.8221154814698914
5-18A,10.0,131.0123,-0.5328160829937176,0.10261107673446829
5-18A,10.0,131.035,-1.566137509375662,0.2009049037249454
5-18A,10.0,131.0462,-1.8901654256909217,0.15214668776913406
5-18A,10.0,131.0828,-0.6359753769014355,0.1692194894298077
5-18A,10.0,132.0302,0.9853091946132361,0.040097630749860655
5-18A,10.0,133.0142,2.305782328164296,0.4092328162062554
5-18A,10.0,133.0257,2.2271861906920596,0.26928075853089184
5-18A,10.0,133.0505,1.2897013494309582,0.10119473873570455
5-18A,10.0,134.0472,1.5968712407745298,0.11152837850932959
5-18A,10.0,134.0604,0.6429369157301833,0.37869749888096566
5-18A,10.0,135.0302,4.540759729611516,0.42845985119946883
5-18A,10.0,135.0453,1.4757956037449502,0.14969541236860945
5-18A,10.0,136.0404,-0.15332103060495766,0.09367841278886577
5-18A,10.0,136.0487,1.4243116352556595,0.3559927626298846
5-18A,10.0,136.0767,-0.008048152064397324,0.7207810020226029
5-18A,10.0,137.0239,0.018816216279697203,0.1742163646915048
5-18A,10.0,138.9789,0.6738962289700592,0.6635850947580705
5-18A,10.0,139.0014,3.3426509869388994,0.04672352651474551
5-18A,10.0,139.0067,-0.5223500649556955,0.06005718019854672
5-18A,10.0,139.976,1.1950871064185142,0.37903918452011914
5-18A,10.0,143.0713,-0.7740960574795408,0.45125749202493387
5-18A,10.0,143.1077,1.7340285465492886,0.6536181857965956
5-18A,10.0,145.0141,0.29451459716988354,0.13221802825900697
5-18A,10.0,145.0506,1.2600273506832642,0.21037511492993807
5-18A,10.0,145.0623,0.373137197888979,0.3376780613931436
5-18A,10.0,145.0982,-0.7767324336486349,0.08624334578849889
5-18A,10.0,145.1106,-0.3080305131054986,1.1990060276456906
5-18A,10.0,146.0459,5.072336771600444,0.11552014987069666
5-18A,10.0,147.0298,0.34064579675973516,0.1003845697440963
5-18A,10.0,147.0662,0.5000575642505284,0.03762250663016516
5-18A,10.0,149.0092,-0.8445980506323192,0.5355189490198513
5-18A,10.0,149.0456,-1.4513130011382551,0.15806326135855595
5-18A,10.0,149.0608,0.7700578774941912,0.5248772894593313
5-18A,10.0,150.0422,-0.029648845244552594,0.6192936039644393
5-18A,10.0,150.9707,-0.04483368358058633,0.5105585625959238
5-18A,10.0,151.0259,2.741337028518535,0.2686331382570548
5-18A,10.0,151.04,0.8680397400512534,0.4947587143357466
5-18A,10.0,151.06,-0.19248988673443485,0.245169000566506
5-18A,10.0,152.0353,1.3317638803057437,0.4474228147760787
5-18A,10.0,152.0716,-0.9198838063912704,0.15484098979785152
5-18A,10.0,153.0192,-1.1250163945247955,0.07966072193435325
5-18A,10.0,154.062,-0.40071773034570335,0.14439806610372083
5-18A,10.0,154.9751,2.261505734310041,0.10061411527355198
5-18A,10.0,155.0099,0.2879876643512902,0.050252242468346635
5-18A,10.0,157.0128,-0.4731032927385698,0.06799321845096498
5-18A,10.0,157.0255,0.6135093848179713,0.04976759750922667
5-18A,10.0,157.0379,0.4273398719844532,0.07888555541172756
5-18A,10.0,157.0504,0.37562844562184994,0.11545786601585006
5-18A,10.0,159.0297,-1.5846520104817525,0.0860741486156803
5-18A,10.0,159.0775,2.9605073788095506,0.036090081832894944
5-18A,10.0,160.0616,0.4292337568039495,0.4756017922642474
5-18A,10.0,161.0453,-2.128349761491025,0.13961158833485654
5-18A,10.0,162.0424,2.2768273888071304,0.05972066042026368
5-18A,10.0,163.0351,-1.125778133998475,0.17308853250904638
5-18A,10.0,163.0398,0.4033008002494055,0.07258822258884674
5-18A,10.0,163.0611,-0.5001302982075276,0.1468080379740372
5-18A,10.0,164.0716,5.408567622411381,0.426351929495526
5-18A,10.0,165.03,-0.155346359917875,0.9424045878767233
5-18A,10.0,165.0405,-0.20276943695191896,0.5901718395418211
5-18A,10.0,165.0556,0.8552419914302234,0.22055724590823542
5-18A,10.0,166.0508,0.7897893960399509,0.4044983231113616
5-18A,10.0,166.0632,0.5230680612861743,0.4540221255785571
5-18A,10.0,166.9759,2.0549962729206133,0.6694668779931777
5-18A,10.0,167.0207,-0.21054266769804575,0.3637316125146253
5-18A,10.0,167.0358,0.19241171120369985,0.3222662545573372
5-18A,10.0,167.0828,0.1856231292894519,0.5419822341440256
5-18A,10.0,168.0277,5.346957937377367,0.12623892251448252
5-18A,10.0,168.0664,-0.7147606673850667,0.3643156831431187
5-18A,10.0,170.0455,2.297690768271487,0.07174737178465214
5-18A,10.0,171.0065,2.4552484692355727,0.20741793199743677
5-18A,10.0,171.0092,1.343072553784286,0.0786561492969053
5-18A,10.0,171.0284,-0.2945757298752052,0.09878286415673994
5-18A,10.0,172.0616,0.6318635418094267,0.39223680293418794
5-18A,10.0,172.962,5.430012846942606,0.3059360224530729
5-18A,10.0,173.0089,3.7501704578168735,0.5880327746401399
5-18A,10.0,173.0453,0.4263271061182001,0.2659954128445594
5-18A,10.0,173.0932,3.0865604291845665,0.24662588749441916
5-18A,10.0,173.1041,-0.005348508934581369,0.06122325951218093
5-18A,10.0,174.0407,0.4768979239001986,0.0222874795197213
5-18A,10.0,174.088,-0.17482493558151158,0.03653565673416975
5-18A,10.0,175.022,1.2113583208083862,0.3754945975615056
5-18A,10.0,175.0361,0.9777771812219294,0.03805243852095942
5-18A,10.0,175.0611,0.013018719878237682,0.043809415798721926
5-18A,10.0,176.0776,0.012633951814421056,0.2196804377858953
5-18A,10.0,177.0402,-1.3421486536841636,0.17975392960747444
5-18A,10.0,177.0553,-0.09867623278295891,0.3836696891986227
5-18A,10.0,178.0509,1.7292643936616066,0.01929143628146442
5-18A,10.0,179.0348,0.469158539231909,0.1964212439583754
5-18A,10.0,179.0561,-1.4378189875800556,0.0038332921064124946
5-18A,10.0,180.0663,-1.2474840358279708,0.024218359346150322
5-18A,10.0,181.0505,0.8333507342269322,0.15884415439797384
5-18A,10.0,182.9725,-1.1019731558770545,0.10891462250305055
5-18A,10.0,183.0661,-0.9382509530307606,0.487775575963232
5-18A,10.0,184.0017,4.9649415596060615,0.19220710381138886
5-18A,10.0,184.9856,0.5906670022574726,0.1035640389417674
5-18A,10.0,186.1136,-0.17893786187950797,0.7947413816342996
5-18A,10.0,187.0234,-0.5291807248905842,0.2912333939528058
5-18A,10.0,188.035,0.20863605735052682,1.1695240498738584
5-18A,10.0,188.0565,0.4630594454078175,0.03307657319123987
5-18A,10.0,189.0405,-0.8405333813529973,0.0852334724260838
5-18A,10.0,191.0197,3.1742066526295893,0.36325252696414795
5-18A,10.0,191.0561,-0.1972432722069966,0.09745012902482192
5-18A,10.0,192.0663,-0.8396269157863931,0.2740630752502047
5-18A,10.0,193.0349,-0.0812347279579575,0.3924352961693162
5-18A,10.0,194.0682,0.8548640633724676,0.4770278094874665
5-18A,10.0,194.0822,-0.4237392744385399,0.5850098867269131
5-18A,10.0,195.0509,-1.2705146549762207,0.030072958605102645
5-18A,10.0,195.0657,-0.3900405376340287,0.19478877185527155
5-18A,10.0,196.0603,0.5009375834856319,0.1775765736169454
5-18A,10.0,198.0182,1.5302450551330127,0.12823477367429087
5-18A,10.0,199.0019,0.11315931428304161,0.5522652915896137
5-18A,10.0,200.9937,-0.2502090274318114,0.161803138129159
5-18A,10.0,201.0051,1.3155405620843972,0.7598426619849321
5-18A,10.0,203.0348,-0.998508996103789,0.21597996646282808
5-18A,10.0,203.0826,0.10306043175072825,0.02223525053072842
5-18A,10.0,204.0498,-1.0684331280107078,0.24965585683274702
5-18A,10.0,205.0351,-0.26581200668677285,0.2758649594584213
5-18A,10.0,206.0822,-0.7788489367232334,0.310513289648077
5-18A,10.0,209.0292,-0.7526132286006906,0.07406158854501524
5-18A,10.0,209.0814,-1.3733638828920844,0.4675954664939849
5-18A,10.0,211.0235,0.3423900630155219,0.11784985888659669
5-18A,10.0,211.9968,0.7922328319452829,0.14110587033242256
5-18A,10.0,212.0331,0.9720704868218641,0.23608319071634046
5-18A,10.0,212.9807,3.1188769409262265,0.18920980556133773
5-18A,10.0,213.014,-0.889516359498305,0.3326770223380124
5-18A,10.0,213.0384,-0.5957530772325701,0.1913675213865155
5-18A,10.0,213.1252,-0.23456690541582498,0.7793615158649958
5-18A,10.0,214.0488,0.006285827360713342,0.3972539844447326
5-18A,10.0,215.0331,-1.561825781953857,0.0005056108043497924
5-18A,10.0,216.1351,-1.1309059097098049,0.25116074961527357
5-18A,10.0,218.0335,-1.5058758717311795,0.0014034886443372873
5-18A,10.0,218.1034,-0.32878488922334176,0.04761386747606757
5-18A,10.0,220.0828,-0.39581820845905286,0.9057994902983252
5-18A,10.0,221.0443,-1.1639362965774875,0.01982265679690178
5-18A,10.0,221.0664,-1.0054204349119111,0.5157999907551478
5-18A,10.0,225.0399,-0.02553498521057118,0.5732242631973441
5-18A,10.0,225.0861,1.0459215773163582,0.7678888871752139
5-18A,10.0,225.0901,-0.8207152009353652,0.2850937197016573
5-18A,10.0,226.0135,1.938530328119492,0.2891766621422903
5-18A,10.0,226.0697,-1.4428226338515988,0.13603436336251978
5-18A,10.0,228.0501,2.3709415212645792,0.9142013510281352
5-18A,10.0,229.0122,0.41276663793035406,0.17673539074152386
5-18A,10.0,237.0614,1.5886448781786315,0.2668885130324952
5-18A,10.0,238.0945,-0.8256278873710858,0.3294087137956245
5-18A,10.0,240.0515,0.7262178790559919,0.024004822499785663
5-18A,10.0,241.0844,0.1540523296716755,0.7398119113994166
5-18A,10.0,242.0804,-0.1923939794258574,0.34801969783154074
5-18A,10.0,243.029,-0.35386288813273126,0.4927247319261404
5-18A,10.0,243.0625,0.39315465443139647,0.7724640572268326
5-18A,10.0,245.0444,-0.35029834402674964,0.21169987921617045
5-18A,10.0,246.0198,0.9325675352135077,0.16984949076132352
5-18A,10.0,246.064,-1.2509200545252788,0.005342839338696976
5-18A,10.0,251.0816,-0.44519933387337673,0.32827331600731263
5-18A,10.0,253.0119,-0.06814026456900713,0.030735279589139144
5-18A,10.0,253.0499,-0.5975050463066052,0.2643209674327394
5-18A,10.0,257.0072,1.6058128039857325,0.3865277868002006
5-18A,10.0,257.1028,-1.195648425694463,0.3774293368036787
5-18A,10.0,259.005,0.8281868468043456,0.7483999201912953
5-18A,10.0,259.0227,-1.4146210473465954,0.0761172857669646
5-18A,10.0,261.0385,0.45994657895111046,0.11250561379000651
5-18A,10.0,266.0703,1.2100465229799586,0.3181656899601373
5-18A,10.0,267.0724,-0.7388127758305416,0.014130094164190327
5-18A,10.0,268.02,1.4027244673110322,0.595205873585341
5-18A,10.0,269.0398,-0.5163492403224512,0.0491385433991066
5-18A,10.0,271.0612,-0.28937663595422625,0.436755982843989
5-18A,10.0,271.0815,-1.377371647726259,0.9994555297320132
5-18A,10.0,273.0021,3.2643211385389432,0.365224600490109
5-18A,10.0,274.0933,0.6197908367983123,0.26166999575030137
5-18A,10.0,275.0184,0.6183214873468996,0.48207773308958496
5-18A,10.0,275.0991,0.24991368562837624,0.0834882176488043
5-18A,10.0,277.1207,-1.0986088628498072,0.005794159701457982
5-18A,10.0,277.2169,-0.33478436328909067,0.3057495757159479
5-18A,10.0,279.2331,-0.3033075243666887,0.04248360871170349
5-18A,10.0,282.0839,-1.2123660582014704,0.47810415923447824
5-18A,10.0,283.2063,-0.21778599499295379,0.19209106314691662
5-18A,10.0,285.0972,-0.3189795803268356,0.5200904315992471
5-18A,10.0,287.0157,-0.8709934656835607,0.37766129573321466
5-18A,10.0,288.0725,0.3382251479126158,0.1926480285319041
5-18A,10.0,289.0333,0.7776014536686637,0.7712028725100093
5-18A,10.0,289.1044,0.9083600677641233,0.2465987794603097
5-18A,10.0,290.9677,0.20053785923452488,0.06713441023626812
5-18A,10.0,294.0479,-0.3663609268267529,0.6501404639430556
5-18A,10.0,300.0509,-0.02080445688020687,0.48974179138647916
5-18A,10.0,301.0333,0.33537856802441424,0.34193957225554045
5-18A,10.0,303.2326,0.038686528722275966,0.3027163967400861
5-18A,10.0,305.0207,-1.3268060147826837,0.00607322158111215
5-18A,10.0,306.0481,1.480717460288294,0.3316140706010503
5-18A,10.0,306.0765,-0.27431793053229747,0.015825481925763177
5-18A,10.0,308.0986,-0.4096869533948685,0.016819045705937192
5-18A,10.0,313.0441,-0.26468874804978315,0.5221272637082448
5-18A,10.0,313.1037,3.198282347783591,0.46055937326530544
5-18A,10.0,317.026,-0.6421325311312607,0.4201498931967186
5-18A,10.0,323.0256,0.29454856372162835,0.4641734460673909
5-18A,10.0,325.1163,0.3075811598568684,0.45618011218540916
5-18A,10.0,328.0457,1.595537361338648,0.34124379348915185
5-18A,10.0,333.0589,1.3581740738384749,0.714775261025182
5-18A,10.0,338.9884,0.9849835047177953,0.6908701481042102
5-18A,10.0,339.0928,-1.0019248534844287,0.21983206137680703
5-18A,10.0,341.1089,-0.2552495569051233,0.25330764880682766
5-18A,10.0,344.0393,2.425047132191265,0.10195923284825045
5-18A,10.0,346.0556,0.3415721496702177,0.33098793963451417
5-18A,10.0,348.087,1.3646544710730155,0.19792273220318968
5-18A,10.0,353.0489,-0.05942255764487109,1.0608869462552062
5-18A,10.0,357.089,1.7096760441344743,0.4519934072783801
5-18A,10.0,375.131,-0.27128703828601564,0.2286520009768888
5-18A,10.0,377.1496,-1.1793389691755536,0.2236720310834745
5-18A,10.0,383.1188,0.4978884811115599,0.5092708553237116
5-18A,10.0,388.9416,0.16741895718112867,0.24788742871531877
5-18A,10.0,388.9442,-0.11990751447007379,0.4267615117847806
5-18A,10.0,401.0756,-1.2092447580300352,0.03377096109933661
5-18A,10.0,407.2795,-0.4206636783222282,0.24211535780083146
5-18A,10.0,421.0743,0.742676208234379,0.7651690519571114
5-18A,10.0,426.0222,0.3416894314849635,0.40528401842500655
5-18A,10.0,442.9997,0.19800000292535105,0.37698500648697203
5-18A,10.0,466.9657,-1.2985169420431344,0.07188899791705207
5-18A,10.0,490.9787,-0.94257061956431,1.1519456189376924
5-18A,10.0,503.1614,0.550625152782228,0.49494254962259565
5-18A,10.0,547.0731,1.6706426568375425,0.2838567192892207
5-18A,10.0,565.0471,1.2048804735940164,0.5391567948470616
5-18A,10.0,578.8872,-1.303481430160336,0.019610326769443454
5-18A,10.0,579.0269,-0.9694088060456771,0.03742813478125048
5-18A,10.0,612.2549,2.1967921359948908,0.6086213746721189
5-18A,10.0,624.2949,2.0767109270866433,0.54629217294533
5-18A,10.0,659.307,-0.6575888578141511,0.2540204737446415
5-18A,10.0,664.0939,0.7085921149770358,0.36949924507725285
5-18A,10.0,665.2144,0.987410250157856,0.4220559875353957
5-18A,10.0,668.1374,1.4814179898081927,0.020118215024786855
5-18A,10.0,787.255,-0.6692535078350019,0.282313245658569
5-18A,10.0,790.2568,-0.6338291016726374,0.147416523912866
5-18A,10.0,835.0407,2.3536290512044307,0.40465936371118444
5-18A,10.0,863.2971,2.0830228793823276,0.260597126194172
5-18A,10.0,864.1473,1.2439576926955584,0.2942081536746954
5-18A,10.0,974.2935,1.4391094611660504,0.60114968679197
5-18A,10.0,976.7162,-1.4059111795671306,0.03553042133233636
5-18B,1.0,57.0342,1.6162119699068134,0.2978404471389549
5-18B,1.0,58.0295,-1.126499738786459,0.08113950465966803
5-18B,1.0,59.0135,1.5190399130524044,0.22824417141181222
5-18B,1.0,71.0137,1.5097279401617063,0.14912985725128064
5-18B,1.0,73.0293,-0.9381982379279552,0.009472213537025584
5-18B,1.0,74.0247,-1.387336446429785,0.21528316289125998
5-18B,1.0,75.0087,-0.576968171008621,0.4765230926638787
5-18B,1.0,87.0088,-0.6904843614784012,0.011143441329287167
5-18B,1.0,87.0451,0.32373020094264754,0.3751827858864635
5-18B,1.0,88.0403,-0.9385184640618988,0.017258306838615584
5-18B,1.0,88.9883,-0.05974927302851114,0.8481859450279947
5-18B,1.0,89.0244,-0.4341638434305223,0.08602549943616064
5-18B,1.0,93.0338,-0.06914890112260594,0.010929074182674312
5-18B,1.0,94.9761,-0.7275555662433393,0.31182324028266967
5-18B,1.0,94.9806,1.0533039978152114,0.23260030186150865
5-18B,1.0,95.0139,1.6824537199770213,0.10386569605325709
5-18B,1.0,101.0242,1.7318527731517188,0.11606512908368201
5-18B,1.0,102.056,-0.5338470638407191,0.07033810998619283
5-18B,1.0,103.0402,-0.9721881197618447,0.020013255772888625
5-18B,1.0,103.0509,-0.9279702257774931,0.07692030150107096
5-18B,1.0,104.0352,-0.29708221015082636,0.19833384938061
5-18B,1.0,105.0193,-0.8372219350855798,0.7916109474495464
5-18B,1.0,107.0503,0.22883057399014506,0.24981512708545361
5-18B,1.0,109.0295,-0.9616997634525325,0.03820327300276014
5-18B,1.0,111.02,-1.1831961737857704,0.003195951062400578
5-18B,1.0,112.0516,0.06338567932190105,0.15337857242777886
5-18B,1.0,113.0244,1.5120774485545225,0.2209412099890506
5-18B,1.0,113.0357,-0.9705681313616437,0.062106610142569005
5-18B,1.0,114.056,-0.22212853219382406,0.008564446137961298
5-18B,1.0,115.0037,-0.8390637495018634,0.0394968193348766
5-18B,1.0,115.0402,0.4131391520972074,0.3518802029005027
5-18B,1.0,115.0764,1.4357133287090098,0.11048296125568252
5-18B,1.0,116.0354,-1.0945754421057665,0.062099706020147215
5-18B,1.0,116.0717,-0.7851795618112294,0.019468953877759338
5-18B,1.0,117.0194,-0.9455483744074954,0.0017144626987943262
5-18B,1.0,118.0508,-1.3698174505800922,0.13600714141151446
5-18B,1.0,118.9804,1.6485136937811098,0.20803211643099057
5-18B,1.0,119.0503,0.284330172356006,0.3755343013452187
5-18B,1.0,120.9273,0.21014239564119494,0.6110315150749022
5-18B,1.0,121.0295,1.1151584935438896,0.38464014810341346
5-18B,1.0,121.0409,1.3406342729223497,0.35712389089257973
5-18B,1.0,122.0248,-1.2652580164949847,0.09136886281803835
5-18B,1.0,124.0075,0.3528356888827494,0.2153358422577034
5-18B,1.0,124.0144,-0.0765900128660215,0.4702783295609377
5-18B,1.0,125.0439,-0.8493102901808816,0.07383642218233649
5-18B,1.0,127.0764,1.510832703405971,0.39290976230698405
5-18B,1.0,128.0354,-0.3236406290228109,0.013757315956867086
5-18B,1.0,129.0193,-1.1734432286704959,0.053985855165403156
5-18B,1.0,129.0556,1.0780768220458352,0.45667197462009884
5-18B,1.0,130.0142,-0.8286958567683168,0.1982549851172478
5-18B,1.0,130.0509,-1.0681711430951086,0.020101737890100835
5-18B,1.0,130.0874,-0.9308926376704929,0.08972704896771129
5-18B,1.0,131.0008,-0.9400787988036611,0.6713969781433264
5-18B,1.0,131.0123,-0.7128858038336032,0.06492703528825773
5-18B,1.0,131.035,0.34991737619138785,0.1604808095787564
5-18B,1.0,131.0462,0.655054621055561,0.24538316772222188
5-18B,1.0,131.0828,0.1468150197858621,0.06354909236901717
5-18B,1.0,132.0302,-1.2193414156491236,0.0045455964413844765
5-18B,1.0,133.0142,-0.49341035425327984,0.029686141237598208
5-18B,1.0,133.0257,-0.5173051980305696,0.08927050900438485
5-18B,1.0,133.0505,-1.292713379152733,0.00685998805578226
5-18B,1.0,134.0472,-1.086002780664813,0.22713157759254993
5-18B,1.0,134.0604,-1.0737736405625062,0.1689015634025721
5-18B,1.0,135.0302,-0.6121717413380497,0.11332337388139051
5-18B,1.0,135.0453,-1.5536530748991209,0.10336068901853933
5-18B,1.0,136.0404,-0.5286424865840252,0.12441345396334069
5-18B,1.0,136.0487,-1.6459155878066434,0.14234400389639684
5-18B,1.0,136.0767,0.3520699778779441,0.8624796917410699
5-18B,1.0,137.0239,-0.18097294606802883,0.2820180705957549
5-18B,1.0,138.9789,-0.12158235154869756,0.26595713283198186
5-18B,1.0,139.0014,-0.34864039325745666,0.07649798126060613
5-18B,1.0,139.0067,-0.6026418588771073,0.01944845387879691
5-18B,1.0,139.976,-0.37662432236056304,0.27719148483345407
5-18B,1.0,143.0713,2.1017965120053534,0.019332350983491044
5-18B,1.0,143.1077,1.8709073149393876,0.5335904851057846
5-18B,1.0,145.0141,0.004463969558030731,0.12781210604605456
5-18B,1.0,145.0506,-0.617431634091133,0.07785354771504706
5-18B,1.0,145.0623,-0.030304589955762136,0.4160085752651327
5-18B,1.0,145.0982,0.5738274792076647,0.252584033270065
5-18B,1.0,145.1106,0.7308326104613221,0.7550938629863354
5-18B,1.0,146.0459,-0.469387981155298,0.0076920257165456855
5-18B,1.0,147.0298,-0.9770644600735711,0.006369444297338637
5-18B,1.0,147.0662,-1.3798004151630396,0.0124836344846507
5-18B,1.0,149.0092,2.1422565157832634,0.40669750135113497
5-18B,1.0,149.0456,0.2955160685447312,0.16583319214103392
5-18B,1.0,149.0608,0.5893209175562377,0.4160888743813832
5-18B,1.0,150.0422,-0.9123978597770146,0.2380270676308101
5-18B,1.0,150.9707,0.8588744124360919,0.6677572053486743
5-18B,1.0,151.0259,-0.5499643147537701,0.07166390529012871
5-18B,1.0,151.04,-0.29868842121464745,0.48956721114425517
5-18B,1.0,151.06,-0.4784812488166751,0.32968784752667724
5-18B,1.0,152.0353,-0.20773382975767313,0.2797631598919739
5-18B,1.0,152.0716,2.3765033664265225,0.34801945074796586
5-18B,1.0,153.0192,-0.0826218382022502,0.09576490478849028
5-18B,1.0,154.062,-0.1057465615200206,0.05641862833506179
5-18B,1.0,154.9751,-0.992994584914791,0.004024349697716835
5-18B,1.0,155.0099,-1.1502347989576265,0.003125571347829855
5-18B,1.0,157.0128,-0.9508492001514529,0.0456318527325377
5-18B,1.0,157.0255,-1.3216555190244046,0.00967783001901223
5-18B,1.0,157.0379,-1.3155898847101677,0.024028479124443985
5-18B,1.0,157.0504,-1.1278320674863922,0.035150791568202965
5-18B,1.0,159.0297,0.9059822973709261,0.2763547124293949
5-18B,1.0,159.0775,-1.1836658502961328,0.014764113978570588
5-18B,1.0,160.0616,-0.7610190751211141,0.7387681587639472
5-18B,1.0,161.0453,-0.2673448490413372,0.2412620870236174
5-18B,1.0,162.0424,-1.5453847377561458,0.08523510382334445
5-18B,1.0,163.0351,-0.8411272206352038,0.05734270241354267
5-18B,1.0,163.0398,0.1851899970002727,0.11596297249701376
5-18B,1.0,163.0611,-0.4602186897061713,1.0539567447507225
5-18B,1.0,164.0716,-0.44624974857902655,0.09390555877864919
5-18B,1.0,165.03,1.7325889456394539,0.43341524580078045
5-18B,1.0,165.0405,1.316036490859251,0.6287555053573972
5-18B,1.0,165.0556,-0.627196331090271,0.03531104562396115
5-18B,1.0,166.0508,-1.4062890860619153,0.23926019103335994
5-18B,1.0,166.0632,-0.43695023901485386,1.115160810222461
5-18B,1.0,166.9759,-0.6998933612657738,0.1776266472181547
5-18B,1.0,167.0207,0.3422574807051685,0.1993395227948121
5-18B,1.0,167.0358,0.6053060982249017,0.33481420718028015
5-18B,1.0,167.0828,0.2850158468713244,0.7908577066244088
5-18B,1.0,168.0277,-0.4351862626775095,0.038863199624100016
5-18B,1.0,168.0664,0.08034440584237701,0.5255352203758588
5-18B,1.0,170.0455,-0.8413815308203954,0.010368647044607293
5-18B,1.0,171.0065,-0.932759559438645,0.059328822814367334
5-18B,1.0,171.0092,-0.829856260503508,0.29937424349489333
5-18B,1.0,171.0284,-0.8647979429908946,0.049503163644289604
5-18B,1.0,172.0616,-1.5427491958716375,0.1371580227434149
5-18B,1.0,172.962,-0.5460090338172303,0.0451776193960261
5-18B,1.0,173.0089,-0.7202184314140354,0.10699269021374723
5-18B,1.0,173.0453,-0.7500216985070967,0.11164262698058554
5-18B,1.0,173.0932,-0.7744060936300241,0.03627517693059329
5-18B,1.0,173.1041,-0.02569926241813608,0.15244488044650656
5-18B,1.0,174.0407,-0.9973666142142511,0.004273819859956831
5-18B,1.0,174.088,-0.6730339361535607,0.17158052756617342
5-18B,1.0,175.022,-0.5426813944475222,0.16493936381866386
5-18B,1.0,175.0361,-1.2219965938622122,0.011790855316726507
5-18B,1.0,175.0611,-1.2319625414029929,0.00837268029314774
5-18B,1.0,176.0776,-1.1643468456062451,0.10347953373840059
5-18B,1.0,177.0402,0.916262710453505,0.8165801495224662
5-18B,1.0,177.0553,-0.04958353818904945,0.5919950845656295
5-18B,1.0,178.0509,-1.0875792607146129,0.029061558576457813
5-18B,1.0,179.0348,-1.3917780235562134,0.13354542479938125
5-18B,1.0,179.0561,0.7173289535015958,0.151506837519364
5-18B,1.0,180.0663,0.784554796425718,0.2258746523712699
5-18B,1.0,181.0505,-0.6815122833530858,0.4962259289721068
5-18B,1.0,182.9725,1.3266998780211054,0.25964143078083113
5-18B,1.0,183.0661,1.061343397121898,0.5471298820621547
5-18B,1.0,184.0017,-0.37386061995329023,0.05365056927707206
5-18B,1.0,184.9856,-0.7984781653716531,0.04364704434822746
5-18B,1.0,186.1136,1.4067670809137034,0.6089467328922259
5-18B,1.0,187.0234,-0.7917250200453394,0.25870020838268476
5-18B,1.0,188.035,-0.5606492221997468,1.2555571893128985
5-18B,1.0,188.0565,-1.1039271813597065,0.007197608798056434
5-18B,1.0,189.0405,1.1313809126553054,0.25287234211518184
5-18B,1.0,191.0197,-0.026609078549462914,0.2755862726786973
5-18B,1.0,191.0561,-1.009346155409041,0.039119417285421676
5-18B,1.0,192.0663,-0.8668313224834485,0.6297245942492323
5-18B,1.0,193.0349,0.7982106827439532,0.40250532178709814
5-18B,1.0,194.0682,-0.9543369939135788,0.13918947093672523
5-18B,1.0,194.0822,0.4650225835711236,0.5493433905798725
5-18B,1.0,195.0509,0.5771464107290909,0.41116580054681123
5-18B,1.0,195.0657,-0.5460226381128555,0.5738515636675802
5-18B,1.0,196.0603,-1.24408816848134,0.13189826409512823
5-18B,1.0,198.0182,-0.667415673847178,0.5036272300798955
5-18B,1.0,199.0019,0.06930806097492417,0.22235215841727235
5-18B,1.0,200.9937,0.7230303804125577,0.3632035528112289
5-18B,1.0,201.0051,-1.0013956893243974,0.16837715490205135
5-18B,1.0,203.0348,-0.2915014413566051,0.24793544177551247
5-18B,1.0,203.0826,-0.09295091020837046,0.0021079119002181497
5-18B,1.0,204.0498,0.3493298838810523,0.5867917360282873
5-18B,1.0,205.0351,-0.5825910833794665,0.20847136379981748
5-18B,1.0,206.0822,-0.4296538633986774,1.12774337485883
5-18B,1.0,209.0292,-0.06684624892866374,0.534568816042951
5-18B,1.0,209.0814,0.6636109244929477,0.2170029236721392
5-18B,1.0,211.0235,-0.21562309535961088,0.43241474113193357
5-18B,1.0,211.9968,-1.0742823797065373,0.046728335902686796
5-18B,1.0,212.0331,-0.4782006104707929,0.13015557073871398
5-18B,1.0,212.9807,-0.5972018725270314,0.08438258317865614
5-18B,1.0,213.014,-0.7766591677599614,0.1502625735653184
5-18B,1.0,213.0384,-0.37745526971544774,0.3600056164056588
5-18B,1.0,213.1252,0.6338295246375992,1.1076789070753703
5-18B,1.0,214.0488,-1.1070394938067734,0.5068782707411768
5-18B,1.0,215.0331,1.2331858059098277,0.23013990076422172
5-18B,1.0,216.1351,0.8784937104487442,0.1717709112008589
5-18B,1.0,218.0335,1.4582275040941437,0.22191196093609525
5-18B,1.0,218.1034,-1.2179664109911736,0.018261307820672368
5-18B,1.0,220.0828,0.7164822200457588,0.6827258951747499
5-18B,1.0,221.0443,1.3237895931010857,0.16794057882835006
5-18B,1.0,221.0664,1.7407380338352518,0.44523315045825074
5-18B,1.0,225.0399,0.33898216461335773,0.6106507643850752
5-18B,1.0,225.0861,0.2666446646228217,0.596166666366939
5-18B,1.0,225.0901,0.6335701696911104,0.667141408476978
5-18B,1.0,226.0135,-0.8833107104430118,0.16769478106257124
5-18B,1.0,226.0697,1.1818718970046895,0.4077415024393246
5-18B,1.0,228.0501,-0.6648972320206135,0.21528606123349925
5-18B,1.0,229.0122,-0.943574931241799,0.19854859829636726
5-18B,1.0,237.0614,-1.0621597870514075,0.1256952757950888
5-18B,1.0,238.0945,1.7291630902906676,0.27873231235834633
5-18B,1.0,240.0515,-1.3963737096041928,0.007851580550244826
5-18B,1.0,241.0844,-1.1372181964294992,0.4348987913299408
5-18B,1.0,242.0804,0.2768616163672161,0.6696255050879601
5-18B,1.0,243.029,-0.32396084322270047,0.38324289512791126
5-18B,1.0,243.0625,-0.7537314804217835,0.2652374154013169
5-18B,1.0,245.0444,-1.1026666072321611,0.09236125800242231
5-18B,1.0,246.0198,-1.0534812046136623,0.2965418446189682
5-18B,1.0,246.064,1.9752829564343526,1.008484905846369
5-18B,1.0,251.0816,-0.3043990884681293,0.4756822323884682
5-18B,1.0,253.0119,-0.35244331901838244,0.0025708385150285695
5-18B,1.0,253.0499,1.1426812713547532,1.2796893053254257
5-18B,1.0,257.0072,-0.8910443056819345,0.2576145715944488
5-18B,1.0,257.1028,1.507404668190016,0.4001433633435417
5-18B,1.0,259.005,0.09986671337397753,0.14346874817816704
5-18B,1.0,259.0227,0.9856117656179658,0.36382667714774725
5-18B,1.0,261.0385,-0.4518884263174648,0.35906177228413383
5-18B,1.0,266.0703,-0.9374563211022124,0.1020508271122954
5-18B,1.0,267.0724,-0.6876165248754237,0.019239662288744255
5-18B,1.0,268.02,-0.7108482671578376,0.3779467290031599
5-18B,1.0,269.0398,-0.6978506363995507,0.16838092052825937
5-18B,1.0,271.0612,-0.05075728712195299,0.3550278170106838
5-18B,1.0,271.0815,1.3469154390640636,0.5906379555504958
5-18B,1.0,273.0021,-0.6894429261164013,0.07169385095768648
5-18B,1.0,274.0933,-1.3539011856986711,0.0818950613259362
5-18B,1.0,275.0184,0.24874662397757755,0.46922885424244587
5-18B,1.0,275.0991,-0.5267471663271722,0.1985135289027371
5-18B,1.0,277.1207,2.8185084536127003,0.3451425972541861
5-18B,1.0,277.2169,0.9622537780851556,0.41759109359697344
5-18B,1.0,279.2331,-0.11830613613468914,0.055255596668919375
5-18B,1.0,282.0839,0.09145699855299168,0.30660621242133906
5-18B,1.0,283.2063,-0.012613629170555946,0.18359742926595593
5-18B,1.0,285.0972,0.7761182293368818,0.5429005408967715
5-18B,1.0,287.0157,0.14903254450847056,0.34291744671997676
5-18B,1.0,288.0725,-0.6619458238391593,0.11398267713514439
5-18B,1.0,289.0333,1.047234597317228,0.6791906366034329
5-18B,1.0,289.1044,-0.8851207475905427,0.2195109808183713
5-18B,1.0,290.9677,-0.5009567815897085,0.06687719275400157
5-18B,1.0,294.0479,0.34281695048789407,0.9593084217801996
5-18B,1.0,300.0509,-0.47921145813844224,0.5401589733344553
5-18B,1.0,301.0333,1.196548058202658,0.8898323662082943
5-18B,1.0,303.2326,-0.3694513464924015,0.12403035918449495
5-18B,1.0,305.0207,0.6330930750606677,0.23593873177569302
5-18B,1.0,306.0481,-1.141405796172108,0.08235089299489108
5-18B,1.0,306.0765,-0.3045705563044624,0.02927953056486777
5-18B,1.0,308.0986,-0.2049255353943641,0.05131072874560218
5-18B,1.0,313.0441,-0.3615934118176404,0.4037969209838122
5-18B,1.0,313.1037,-0.20463913721105498,0.44345129531993654
5-18B,1.0,317.026,1.582647434178028,0.28347415615120575
5-18B,1.0,323.0256,0.47174586811791,0.9029069039359348
5-18B,1.0,325.1163,-0.14513523795369884,0.23124865438713965
5-18B,1.0,328.0457,-1.0204019266448374,0.03407284514806368
5-18B,1.0,333.0589,-1.1387852030421586,0.29176525036936163
5-18B,1.0,338.9884,-0.2929168659849924,0.21947737697599629
5-18B,1.0,339.0928,0.7688133438071616,0.3795686085531092
5-18B,1.0,341.1089,1.0319556715045417,0.1412173335332752
5-18B,1.0,344.0393,-0.550258700018865,0.19595136376413025
5-18B,1.0,346.0556,0.13219371567525778,0.16513945381112743
5-18B,1.0,348.087,-1.0602994743000176,0.06821737730245989
5-18B,1.0,353.0489,1.4366063397168425,0.3576406152191912
5-18B,1.0,357.089,-0.4885009238748602,0.09969727300751531
5-18B,1.0,375.131,-0.17484211304060535,0.14066067245587094
5-18B,1.0,377.1496,1.2877590555396525,0.6342723271344969
5-18B,1.0,383.1188,1.7231704257927096,0.34304987598001857
5-18B,1.0,388.9416,-0.07662196809145108,0.266572115944952
5-18B,1.0,388.9442,-0.3893227255508117,0.2075646976249163
5-18B,1.0,401.0756,1.3624238426062552,0.15234476762442867
5-18B,1.0,407.2795,0.7418059286699089,0.4999077309019867
5-18B,1.0,421.0743,1.2546117671042754,0.2794320910675815
5-18B,1.0,426.0222,-0.3281237250025467,0.8314161512592144
5-18B,1.0,442.9997,0.2685681407381082,0.23955233358358308
5-18B,1.0,466.9657,0.05273768608893156,0.2932867724068574
5-18B,1.0,490.9787,0.7235705484568679,0.606824551104263
5-18B,1.0,503.1614,2.322523961916616,0.4253558258518758
5-18B,1.0,547.0731,-1.2425307922642705,0.044465620841722696
5-18B,1.0,565.0471,-0.7598912727916824,0.20592457158578092
5-18B,1.0,578.8872,1.5571616150963852,0.151615573357123
5-18B,1.0,579.0269,1.9650078387453511,0.3210151920430253
5-18B,1.0,612.2549,0.25196068890280454,0.5627927991247708
5-18B,1.0,624.2949,-0.6293753280744623,0.4066441441882701
5-18B,1.0,659.307,-0.21135640571722777,0.17745956164507984
5-18B,1.0,664.0939,-0.1542611719898901,0.22486127147131468
5-18B,1.0,665.2144,0.08294984895241045,0.26898172091742556
5-18B,1.0,668.1374,-0.6164556062926294,0.00025200294540453475
5-18B,1.0,787.255,-0.5823380366660088,0.5579396083452193
5-18B,1.0,790.2568,0.1973741640593787,0.48890695509250676
5-18B,1.0,835.0407,-0.4836550295181876,0.17806797410376654
5-18B,1.0,863.2971,-0.377436933153215,0.149246268573181
5-18B,1.0,864.1473,-0.7312028775560571,0.36340350559690177
5-18B,1.0,974.2935,-0.32778983766021963,0.36814259615040507
5-18B,1.0,976.7162,1.0842454006249798,0.11587243794699284
5-18B,2.0,57.0342,1.3344416545888111,0.1915521759958682
5-18B,2.0,58.0295,-0.8267691838357765,0.15297280605592914
5-18B,2.0,59.0135,0.9956927786364946,0.20064217716486019
5-18B,2.0,71.0137,0.8758714477517844,0.17772947196565764
5-18B,2.0,73.0293,-0.8932146015229168,0.008389304388223837
5-18B,2.0,74.0247,-1.242450496622845,0.37373855713693915
5-18B,2.0,75.0087,0.528102878571843,0.4245307066599672
5-18B,2.0,87.0088,-0.6402037599345985,0.1071727205502422
5-18B,2.0,87.0451,1.3661969802664817,0.1783706548843125
5-18B,2.0,88.0403,-0.8786649903791501,0.01217326412406403
5-18B,2.0,88.9883,-0.2566008047024021,0.5839073930106412
5-18B,2.0,89.0244,-0.5006846982392903,0.12829787597363757
5-18B,2.0,93.0338,-0.03945921373788431,0.010120710282810514
5-18B,2.0,94.9761,-1.1723530295163571,0.6560446025939443
5-18B,2.0,94.9806,2.076520929002997,0.11931971030869255
5-18B,2.0,95.0139,1.0466010538970933,0.11788767947255606
5-18B,2.0,101.0242,1.3555250223427606,0.21509957903357177
5-18B,2.0,102.056,-0.33396821848985525,0.02542488278818304
5-18B,2.0,103.0402,-0.7733548155845629,0.0231792202444715
5-18B,2.0,103.0509,-0.875174229954222,0.05356952716482695
5-18B,2.0,104.0352,-0.47638933436643704,0.17462153887697918
5-18B,2.0,105.0193,2.258497329461637,0.4660190103054366
5-18B,2.0,107.0503,2.1637205993803335,0.18420608759709187
5-18B,2.0,109.0295,-0.24418897320468774,0.04910145961207748
5-18B,2.0,111.02,-0.6180879276609035,0.022909130550314426
5-18B,2.0,112.0516,1.612292327734493,0.6267921584079368
5-18B,2.0,113.0244,1.0823183225222848,0.08213768759160418
5-18B,2.0,113.0357,-0.5384567826815212,0.050250433371031786
5-18B,2.0,114.056,-0.2445121772577698,0.0010640976737877335
5-18B,2.0,115.0037,-0.6595701806313392,0.03897457502116921
5-18B,2.0,115.0402,1.8364682329231456,0.5068035722618484
5-18B,2.0,115.0764,2.3736895074655524,0.5379879867424475
5-18B,2.0,116.0354,-0.41075749049255805,0.2547940729502545
5-18B,2.0,116.0717,-0.8050988104956667,0.005570585483044629
5-18B,2.0,117.0194,-0.8934218355563186,0.0017024522096669738
5-18B,2.0,118.0508,-1.0250825460599193,0.1990710782062969
5-18B,2.0,118.9804,1.2727983037767912,0.07419040704616534
5-18B,2.0,119.0503,0.7427179460728083,0.06822324512995828
5-18B,2.0,120.9273,2.7624820185339276,0.9234132569830166
5-18B,2.0,121.0295,1.642759277516834,0.48204379769852124
5-18B,2.0,121.0409,1.3621146822788266,0.735509872268763
5-18B,2.0,122.0248,1.0706394692851715,0.21155121927941106
5-18B,2.0,124.0075,0.7858913294784778,0.4516949619453307
5-18B,2.0,124.0144,0.3034937376479042,0.2679743651497209
5-18B,2.0,125.0439,0.7533127528395336,0.24093711790772832
5-18B,2.0,127.0764,1.7691735208191972,0.33325537965669644
5-18B,2.0,128.0354,-0.3615850039542804,0.0018482859244401241
5-18B,2.0,129.0193,-0.4153084039183383,0.04899194215201278
5-18B,2.0,129.0556,2.37564852146652,1.6904174831539103
5-18B,2.0,130.0142,-0.32615521226950345,0.102307101066717
5-18B,2.0,130.0509,-0.8984787348145103,0.00887602085147508
5-18B,2.0,130.0874,-0.9572710417234926,0.03851158222367655
5-18B,2.0,131.0008,-0.6758954474306219,0.2570777148715749
5-18B,2.0,131.0123,-0.5394350841478778,0.06245800684350606
5-18B,2.0,131.035,1.642890846171999,0.15512775305200105
5-18B,2.0,131.0462,1.5604209402864226,0.3874550348296621
5-18B,2.0,131.0828,-0.37377011601170324,0.037527565905665514
5-18B,2.0,132.0302,-0.8968700549759543,0.03066667924098151
5-18B,2.0,133.0142,-0.33840919946637527,0.04732540123806503
5-18B,2.0,133.0257,-0.31866042144814083,0.12329424551529691
5-18B,2.0,133.0505,-0.452149536455927,0.030876876303927055
5-18B,2.0,134.0472,-0.6100638180311366,0.1495668829476298
5-18B,2.0,134.0604,-0.30715878609807257,0.3733682209823938
5-18B,2.0,135.0302,-0.8676724570854688,0.055677194747398184
5-18B,2.0,135.0453,-0.650667198519048,0.1601319390866703
5-18B,2.0,136.0404,-0.23094225629405923,0.07220883697915025
5-18B,2.0,136.0487,-0.8376622534135483,0.133839872498915
5-18B,2.0,136.0767,2.513022409852657,0.22736491294903324
5-18B,2.0,137.0239,-0.19303368874341578,0.1096431661045828
5-18B,2.0,138.9789,0.666825308254337,0.3285548885420504
5-18B,2.0,139.0014,-0.3592917449346972,0.02171299216736078
5-18B,2.0,139.0067,-0.6301770599667806,0.029035293291123886
5-18B,2.0,139.976,0.592669562495448,0.5116517358207564
5-18B,2.0,143.0713,2.3083330698274427,0.6143363590174998
5-18B,2.0,143.1077,2.5195576632201204,0.19129359584853642
5-18B,2.0,145.0141,-0.16115024309456516,0.21342047954159724
5-18B,2.0,145.0506,-0.6070522745388975,0.052586803282081124
5-18B,2.0,145.0623,-0.8530795211487299,0.31489846363937773
5-18B,2.0,145.0982,-0.29809815410441526,0.13518528021912476
5-18B,2.0,145.1106,-0.20236015575458022,0.7014177420231265
5-18B,2.0,146.0459,-0.42456638860509766,0.00850381257476799
5-18B,2.0,147.0298,-0.8026474574400082,0.010551126605078872
5-18B,2.0,147.0662,-0.4218811795618893,0.04798685614455469
5-18B,2.0,149.0092,0.9804757276594703,0.14405531566112292
5-18B,2.0,149.0456,0.5159219232734524,0.16633076390477877
5-18B,2.0,149.0608,1.6880424203438134,0.6190679728794584
5-18B,2.0,150.0422,-0.7637243415399684,0.2586968678057466
5-18B,2.0,150.9707,-0.6660297422684676,0.5623891968395092
5-18B,2.0,151.0259,-0.612238607783073,0.03358924524977272
5-18B,2.0,151.04,1.202304677909114,0.30571221613654265
5-18B,2.0,151.06,0.8845643749941527,0.2700900897912018
5-18B,2.0,152.0353,0.7115553760256157,0.17520317716310546
5-18B,2.0,152.0716,1.4704849934910094,0.4279860084127076
5-18B,2.0,153.0192,0.23541414279848644,0.07428453545383279
5-18B,2.0,154.062,-0.20290105877427617,0.13029998515484983
5-18B,2.0,154.9751,-0.9407507121134921,0.008415387739977019
5-18B,2.0,155.0099,-0.5966190364129318,0.013773718230482844
5-18B,2.0,157.0128,-0.6959062712721924,0.05596553965509489
5-18B,2.0,157.0255,-0.7836913415504423,0.03637788595326738
5-18B,2.0,157.0379,-0.7622723626700758,0.06302955800725589
5-18B,2.0,157.0504,-0.8933811570971713,0.034961100184243796
5-18B,2.0,159.0297,0.9689438049698031,0.26372978761334254
5-18B,2.0,159.0775,-0.9317981459471377,0.037137246462178704
5-18B,2.0,160.0616,-0.13281704833843375,0.33304010704162507
5-18B,2.0,161.0453,0.8928089029699555,0.18348118661602283
5-18B,2.0,162.0424,-0.7769006984123814,0.14952540673855427
5-18B,2.0,163.0351,-0.3430361079058113,0.3381344557473604
5-18B,2.0,163.0398,1.0331285348297703,0.07405248494212437
5-18B,2.0,163.0611,0.3146885143136683,0.43433620557690833
5-18B,2.0,164.0716,-0.4858014095050605,0.07620289710128207
5-18B,2.0,165.03,1.3916137140516467,0.467896960485849
5-18B,2.0,165.0405,0.8718395390540804,0.45509293219344493
5-18B,2.0,165.0556,-0.37220554543389134,0.11002981468787872
5-18B,2.0,166.0508,0.08901105638618524,0.299477607647193
5-18B,2.0,166.0632,1.190460462564964,0.9263395848841584
5-18B,2.0,166.9759,-0.39070947167567194,0.5142671070781066
5-18B,2.0,167.0207,-0.22177337048727583,0.5823423931668132
5-18B,2.0,167.0358,1.8345075086023779,0.37865939214864613
5-18B,2.0,167.0828,2.2318166847249583,1.187685637763821
5-18B,2.0,168.0277,-0.43348510945395413,0.036296807595432426
5-18B,2.0,168.0664,1.427361836611725,0.4709161198970614
5-18B,2.0,170.0455,-0.830531524100439,0.018922053867566496
5-18B,2.0,171.0065,-0.8246161665676564,0.07298026560450376
5-18B,2.0,171.0092,-0.8511955546499173,0.0991627103204694
5-18B,2.0,171.0284,-0.7878869497281691,0.04983304094163577
5-18B,2.0,172.0616,-0.7992789603121613,0.10694223599020916
5-18B,2.0,172.962,-0.3867070595093458,0.08956149538174128
5-18B,2.0,173.0089,-0.7714238329512433,0.07783329165430057
5-18B,2.0,173.0453,-0.8234676818089105,0.1542094003812955
5-18B,2.0,173.0932,-0.8029505100817897,0.026533997047074126
5-18B,2.0,173.1041,-0.594108746999271,0.21857183059732208
5-18B,2.0,174.0407,-0.8491650089208171,0.0032395184315629592
5-18B,2.0,174.088,-0.5222676174366494,0.1778748271435093
5-18B,2.0,175.022,-0.40073847403815976,0.21185370245000937
5-18B,2.0,175.0361,-0.8617678093337613,0.024565119730680547
5-18B,2.0,175.0611,-0.9378219170087568,0.026894683870076947
5-18B,2.0,176.0776,-0.7356961364418995,0.13144086738452018
5-18B,2.0,177.0402,0.9328486289225242,0.2311808948315356
5-18B,2.0,177.0553,0.4972717939962712,0.9273254200711329
5-18B,2.0,178.0509,-0.7821481244786539,0.030113383485753296
5-18B,2.0,179.0348,0.07872290904850837,0.42912818628855687
5-18B,2.0,179.0561,0.8322755924138958,0.09608958759015374
5-18B,2.0,180.0663,0.8494715902633185,0.15182778617168596
5-18B,2.0,181.0505,-0.5035097407687239,0.2345621492003237
5-18B,2.0,182.9725,1.4301838596982948,0.30719062515815637
5-18B,2.0,183.0661,1.7251373072886467,0.8482015979113561
5-18B,2.0,184.0017,-0.4174966988348685,0.04468420094882971
5-18B,2.0,184.9856,-0.23128081550055898,0.13790477750078123
5-18B,2.0,186.1136,1.2432051270065254,0.6245271122382747
5-18B,2.0,187.0234,-0.7850217614456436,0.7933460526173108
5-18B,2.0,188.035,-0.8826253644834288,0.7955750920039991
5-18B,2.0,188.0565,-0.8619857898846841,0.024400687811809166
5-18B,2.0,189.0405,0.8855189931444912,0.1814240883536832
5-18B,2.0,191.0197,-0.8427667188276933,0.11000392565952297
5-18B,2.0,191.0561,-0.9424833072540113,0.027584884987872985
5-18B,2.0,192.0663,0.5576092511295847,0.41579652697691954
5-18B,2.0,193.0349,-0.5542055548402676,0.4870698025956452
5-18B,2.0,194.0682,-0.6320446447638787,0.1912047918364008
5-18B,2.0,194.0822,1.3776813565272712,0.6200700259865759
5-18B,2.0,195.0509,-0.12210610808703092,0.17461333532947385
5-18B,2.0,195.0657,0.33441528942753496,0.5516544367587417
5-18B,2.0,196.0603,-0.8055292106826424,0.18544421411559758
5-18B,2.0,198.0182,-0.8266176201013965,0.3175559683213302
5-18B,2.0,199.0019,-0.6516397955457367,0.3469769755523823
5-18B,2.0,200.9937,0.9333247362373365,0.443070293678001
5-18B,2.0,201.0051,-1.3388231689475945,0.20313187703114896
5-18B,2.0,203.0348,0.033116813352218624,0.1452040702065011
5-18B,2.0,203.0826,-0.0796903876514515,0.01066500479601184
5-18B,2.0,204.0498,1.099432881435114,1.125265093408207
5-18B,2.0,205.0351,-0.34493241457433765,0.12002546600682096
5-18B,2.0,206.0822,0.8608141124939441,0.5527046761960718
5-18B,2.0,209.0292,-0.3863669358499989,0.6051259760612209
5-18B,2.0,209.0814,0.19427040094185685,0.39312115105236917
5-18B,2.0,211.0235,0.55822534125496,0.4305006650284582
5-18B,2.0,211.9968,-0.9043180810556153,0.032387064964733335
5-18B,2.0,212.0331,-0.6830908546833837,0.20416665399936734
5-18B,2.0,212.9807,-0.5116385598825692,0.1625741321338678
5-18B,2.0,213.014,-1.021857040364115,0.15581429356751553
5-18B,2.0,213.0384,-0.5670373924853513,0.17555259633185713
5-18B,2.0,213.1252,0.10259628112397001,0.7358889319942301
5-18B,2.0,214.0488,-0.5529984784063129,0.8188644835789215
5-18B,2.0,215.0331,0.7551986371892123,0.15748731489925613
5-18B,2.0,216.1351,0.39025836212797294,0.1405323125282803
5-18B,2.0,218.0335,0.6996154839036504,0.13218523808029653
5-18B,2.0,218.1034,-0.8299648793429668,0.07552875190633468
5-18B,2.0,220.0828,-0.04971345280253876,0.4506251466718976
5-18B,2.0,221.0443,1.1351845000763983,0.12307946026045194
5-18B,2.0,221.0664,0.27995282378790776,0.2315922263866175
5-18B,2.0,225.0399,0.7422209164332353,1.2901540053961276
5-18B,2.0,225.0861,0.840218271660039,0.6098685294302979
5-18B,2.0,225.0901,1.698727447630573,0.6261739278733008
5-18B,2.0,226.0135,0.18488460699107734,0.17508722663693163
5-18B,2.0,226.0697,0.40073075780589107,0.2606104319143107
5-18B,2.0,228.0501,-0.41677895121157504,0.22439414338968
5-18B,2.0,229.0122,-0.6775318938307707,0.18951273673521637
5-18B,2.0,237.0614,-0.899529136117023,0.22229149808747994
5-18B,2.0,238.0945,0.6382995936875682,0.4193644400096856
5-18B,2.0,240.0515,-0.7127962620690038,0.03990735910380341
5-18B,2.0,241.0844,-0.4118104470666568,0.5725549764426721
5-18B,2.0,242.0804,-0.6400193556945384,0.9097565495292435
5-18B,2.0,243.029,-0.39572575100677443,0.17770917153610372
5-18B,2.0,243.0625,-0.8858143981493821,0.5861069404030553
5-18B,2.0,245.0444,-0.6069073094545148,0.3300152053309625
5-18B,2.0,246.0198,0.794829044989501,0.7427181871119821
5-18B,2.0,246.064,0.7933618677430316,0.6799587204037846
5-18B,2.0,251.0816,0.3663008357029251,0.4502677248249777
5-18B,2.0,253.0119,-0.3122624956096681,0.010626966208825235
5-18B,2.0,253.0499,0.6493430609352386,0.9697429139670934
5-18B,2.0,257.0072,-0.37773444363002007,0.4451260664439568
5-18B,2.0,257.1028,0.977450513467858,0.5211821690226018
5-18B,2.0,259.005,0.2941378504768943,0.3846890011798571
5-18B,2.0,259.0227,0.189618919016193,0.2526454153412025
5-18B,2.0,261.0385,-0.4148274912834299,0.6097975925066483
5-18B,2.0,266.0703,-0.38417111991094205,0.25041461965711226
5-18B,2.0,267.0724,-0.6972569885055686,0.016618988124903387
5-18B,2.0,268.02,0.3572501795005152,0.4215955542406037
5-18B,2.0,269.0398,-0.5783568347117805,0.12092931706604419
5-18B,2.0,271.0612,0.2982235105452466,0.3969995427883499
5-18B,2.0,271.0815,1.2071345094588475,0.8065438216758465
5-18B,2.0,273.0021,-0.6736714564648171,0.15489343742181727
5-18B,2.0,274.0933,-0.7364167705971223,0.15744280832793608
5-18B,2.0,275.0184,-0.17622940486836025,0.4920231697068594
5-18B,2.0,275.0991,-0.675582922600801,0.12952122688433074
5-18B,2.0,277.1207,0.4318344252460339,0.13661231677370167
5-18B,2.0,277.2169,0.5692391423127852,0.3624255318510535
5-18B,2.0,279.2331,-0.2639280468224211,0.04135480338174066
5-18B,2.0,282.0839,-0.1431092990406849,0.49508544267487137
5-18B,2.0,283.2063,-0.31575117867391855,0.37490609094120253
5-18B,2.0,285.0972,0.44602038697080026,0.37174214944980677
5-18B,2.0,287.0157,1.9210660003376767,0.497680207888615
5-18B,2.0,288.0725,-0.3373675789681721,0.10606702368090112
5-18B,2.0,289.0333,0.3173405767416794,0.36991194220655094
5-18B,2.0,289.1044,-0.5902633313395103,0.16544950715909154
5-18B,2.0,290.9677,-0.42877131723048656,0.06596363775649695
5-18B,2.0,294.0479,0.06200154940357072,1.7928287423352975
5-18B,2.0,300.0509,0.20407444939741803,0.29869398972416633
5-18B,2.0,301.0333,1.6943338906756313,0.19984780874510166
5-18B,2.0,303.2326,0.03656173284263339,0.650740180255803
5-18B,2.0,305.0207,1.434914179712922,0.19373463119782716
5-18B,2.0,306.0481,-1.0880115200334721,0.09131159186307493
5-18B,2.0,306.0765,-0.2810965271783427,0.01486465676399926
5-18B,2.0,308.0986,-0.3311372798491846,0.024994544543514522
5-18B,2.0,313.0441,-0.5388930558966087,0.32438975895528066
5-18B,2.0,313.1037,-0.6200711718852462,0.33740532054054556
5-18B,2.0,317.026,0.053360548281027424,0.5474847482185581
5-18B,2.0,323.0256,1.4535778977542995,0.7773446318666052
5-18B,2.0,325.1163,-0.7643733435654891,0.42320796660932536
5-18B,2.0,328.0457,-0.8064175360510843,0.09790719984443054
5-18B,2.0,333.0589,-0.9178791437358571,0.28051763119351114
5-18B,2.0,338.9884,-0.8650053202289292,0.14312395369282876
5-18B,2.0,339.0928,0.03209558077841031,0.3223535045079785
5-18B,2.0,341.1089,-0.23016109741169172,0.13213694638591789
5-18B,2.0,344.0393,-0.4387396667953317,0.2130798185748538
5-18B,2.0,346.0556,-0.5215797619008418,0.04668779753238161
5-18B,2.0,348.087,-1.0431493065942545,0.08397886616952276
5-18B,2.0,353.0489,-0.7094471135485356,0.7976115397937751
5-18B,2.0,357.089,-0.8607161932182938,0.21750305150631735
5-18B,2.0,375.131,-0.4261298081754359,0.5125235377777358
5-18B,2.0,377.1496,-0.20443221178873697,0.6144625503820016
5-18B,2.0,383.1188,0.4153386216991791,0.6855001166592134
5-18B,2.0,388.9416,-0.26543650660509843,0.0980083997368281
5-18B,2.0,388.9442,-0.7408312142461788,0.16517188407732517
5-18B,2.0,401.0756,1.2816824283008668,0.2166993359740961
5-18B,2.0,407.2795,0.10646464135051098,0.07807733476894496
5-18B,2.0,421.0743,-0.34731204810484695,0.30882682669772893
5-18B,2.0,426.0222,-0.32125384647446964,0.1608672786292989
5-18B,2.0,442.9997,0.12685814041492924,0.18421090076270558
5-18B,2.0,466.9657,1.2586397232270299,0.4022018948908934
5-18B,2.0,490.9787,0.07782895992985728,0.716849992886496
5-18B,2.0,503.1614,0.16782833311370593,0.25987556964821346
5-18B,2.0,547.0731,-0.8151014951741187,0.0644747143246557
5-18B,2.0,565.0471,-0.3249751687530238,0.4535171565663581
5-18B,2.0,578.8872,1.014952876118918,0.1667500743107188
5-18B,2.0,579.0269,0.8041583382874014,0.22850352478155317
5-18B,2.0,612.2549,-0.6306459391565021,0.27575871790241674
5-18B,2.0,624.2949,-0.749479017623915,0.19725911288594009
5-18B,2.0,659.307,0.8210941103527095,0.38769967024303986
5-18B,2.0,664.0939,-0.47569662231517096,0.05399052679030422
5-18B,2.0,665.2144,-0.7117374370647693,0.6278006381147992
5-18B,2.0,668.1374,-0.6162736001447822,0.0002854169570641713
5-18B,2.0,787.255,0.16738606356149327,0.06898258624307049
5-18B,2.0,790.2568,0.4531290150538452,0.4237882355004948
5-18B,2.0,835.0407,-0.8786441460291408,0.02140361956412064
5-18B,2.0,863.2971,-0.7311189156901855,0.08908359840983036
5-18B,2.0,864.1473,-0.18002677053349445,0.45877584801210236
5-18B,2.0,974.2935,-0.7672793868817014,0.2519593180933435
5-18B,2.0,976.7162,0.7912506725354149,0.14837130340510654
5-18B,3.0,57.0342,0.1278867146373654,0.5875925854038515
5-18B,3.0,58.0295,-0.023442757206821402,0.4043948040941899
5-18B,3.0,59.0135,0.1850112107893793,0.27203967775613674
5-18B,3.0,71.0137,0.4530595343426574,0.16553094333134544
5-18B,3.0,73.0293,-0.5065186148688324,0.04586575891650488
5-18B,3.0,74.0247,-0.16909126293198412,0.4414994401977148
5-18B,3.0,75.0087,2.0852831619820478,0.3390627177081591
5-18B,3.0,87.0088,-0.649211009710271,0.013899960858222381
5-18B,3.0,87.0451,0.9035008170631034,0.3476357342710766
5-18B,3.0,88.0403,-0.4691683965570665,0.028531338510114676
5-18B,3.0,88.9883,-0.5813558696466384,0.3257522678429256
5-18B,3.0,89.0244,-0.7801501851507615,0.08501731223129942
5-18B,3.0,93.0338,-0.0203636438781074,0.017034828088828065
5-18B,3.0,94.9761,-0.6626850388294536,0.29875624872007817
5-18B,3.0,94.9806,0.5218620735789516,0.20454545098408639
5-18B,3.0,95.0139,0.38653286859299163,0.1668115221074091
5-18B,3.0,101.0242,0.365859342783687,0.2175929599101502
5-18B,3.0,102.056,-0.5118038385776561,0.0235928595376644
5-18B,3.0,103.0402,-0.7241432623176998,0.030356726707063054
5-18B,3.0,103.0509,-0.66263650317849,0.12471289125840569
5-18B,3.0,104.0352,-0.3944660595761531,0.033257948080968894
5-18B,3.0,105.0193,0.7095902375783691,0.5149873928576343
5-18B,3.0,107.0503,-0.4668117333662599,0.32199215164943423
5-18B,3.0,109.0295,0.2085630324751614,0.03536960486814769
5-18B,3.0,111.02,0.24078469477095246,0.07905447592781323
5-18B,3.0,112.0516,0.39571202853503873,0.8563305027292696
5-18B,3.0,113.0244,0.4846641605645934,0.1264393768321053
5-18B,3.0,113.0357,0.5972567687012407,0.12994366759231057
5-18B,3.0,114.056,-0.24860083069050293,0.00332982643694426
5-18B,3.0,115.0037,-0.30559076262684665,0.07840066430428137
5-18B,3.0,115.0402,0.41545204579178785,0.386450903208705
5-18B,3.0,115.0764,0.20772333779987256,0.8696348273393576
5-18B,3.0,116.0354,0.047823981669659524,0.22398985770424526
5-18B,3.0,116.0717,-0.8213987618549529,0.005684986171547829
5-18B,3.0,117.0194,-0.5105676474547924,0.041484267748951364
5-18B,3.0,118.0508,-0.3583942353521467,0.1623784557163019
5-18B,3.0,118.9804,0.42559443547008596,0.17659229240767246
5-18B,3.0,119.0503,-0.3682506251524276,0.39678550261837436
5-18B,3.0,120.9273,0.5555078861502838,0.3373569431955712
5-18B,3.0,121.0295,0.5913643530339534,0.6930607814026458
5-18B,3.0,121.0409,0.9969477232187184,0.7121746096850757
5-18B,3.0,122.0248,0.2576658226661678,0.35141940628785273
5-18B,3.0,124.0075,-0.0861578304729205,0.14580140844324965
5-18B,3.0,124.0144,0.6840974385729297,0.34248973324383253
5-18B,3.0,125.0439,0.3415899036243244,0.42376322360054725
5-18B,3.0,127.0764,0.221082782886082,0.4069289274492684
5-18B,3.0,128.0354,-0.3653634821218338,0.017696953604241967
5-18B,3.0,129.0193,-0.01795102153783882,0.22455098600555948
5-18B,3.0,129.0556,-0.43140076073236466,0.4179245406114187
5-18B,3.0,130.0142,0.7797780190676797,1.0025971912260372
5-18B,3.0,130.0509,-0.06158830757973504,0.0934660496592895
5-18B,3.0,130.0874,-0.9156706912456436,0.02368666959885773
5-18B,3.0,131.0008,0.5405632701731641,0.8021827717482487
5-18B,3.0,131.0123,-0.8009061856414104,0.137230376912029
5-18B,3.0,131.035,0.7330071607124153,0.4796378769332798
5-18B,3.0,131.0462,0.3714540106417271,0.514663175026268
5-18B,3.0,131.0828,-0.4824609742365304,0.12785155469076326
5-18B,3.0,132.0302,-0.002460653074279749,0.09077963267179892
5-18B,3.0,133.0142,-0.23099293217180125,0.07435795498353144
5-18B,3.0,133.0257,-0.20526510620558275,0.12288364599001132
5-18B,3.0,133.0505,1.046375662447333,0.24866885762210128
5-18B,3.0,134.0472,-0.23933837793147444,0.1244815719989033
5-18B,3.0,134.0604,1.2285227827064804,0.5153955629009972
5-18B,3.0,135.0302,-0.8107397592664527,0.10003497038607163
5-18B,3.0,135.0453,-0.540692371688114,0.2314055036489305
5-18B,3.0,136.0404,-0.3135860318806909,0.0952632818320257
5-18B,3.0,136.0487,-0.8935077389607777,0.21918946557229843
5-18B,3.0,136.0767,0.6814879154165405,0.6189900769489688
5-18B,3.0,137.0239,-0.09857249491350645,0.13647527117086578
5-18B,3.0,138.9789,-0.15188629747322163,0.555471472689888
5-18B,3.0,139.0014,0.145840670948549,0.05304737774795405
5-18B,3.0,139.0067,-0.7040841318538154,0.025356846617750933
5-18B,3.0,139.976,-1.2001311332452933,0.4949215496693068
5-18B,3.0,143.0713,0.2760189191580915,0.8972252767194887
5-18B,3.0,143.1077,0.6681951900471658,0.7879459818212126
5-18B,3.0,145.0141,-0.3336274220293842,0.19829625755457905
5-18B,3.0,145.0506,-0.8230751248451615,0.057043357254754984
5-18B,3.0,145.0623,-1.0686060301647535,0.22629110286734333
5-18B,3.0,145.0982,-0.7087501410625237,0.06365508065523542
5-18B,3.0,145.1106,-1.1218294989378959,0.3406607696345181
5-18B,3.0,146.0459,-0.37143922205075186,0.01190016723679725
5-18B,3.0,147.0298,-0.610395462145578,0.03572235076389864
5-18B,3.0,147.0662,1.4534731025507015,0.28085501085292724
5-18B,3.0,149.0092,0.07524488264507574,0.4868409818890048
5-18B,3.0,149.0456,0.4970361246209428,0.42516526694528006
5-18B,3.0,149.0608,-0.29372507757291544,0.7481408289994509
5-18B,3.0,150.0422,-0.9508936814633927,0.299789415566811
5-18B,3.0,150.9707,-0.368648650343418,0.21448485720757474
5-18B,3.0,151.0259,-0.7316093312751976,0.0592784897198281
5-18B,3.0,151.04,-0.6749742488290835,0.47538060481016037
5-18B,3.0,151.06,0.10105596415752492,1.177588698391422
5-18B,3.0,152.0353,-0.6741477489384837,0.6549619217320991
5-18B,3.0,152.0716,0.6050976134011773,0.42598035432608977
5-18B,3.0,153.0192,0.5984046537285947,0.12746253017311104
5-18B,3.0,154.062,-0.24328013194040254,0.10342216493694917
5-18B,3.0,154.9751,-0.4363776223588974,0.055253558887393604
5-18B,3.0,155.0099,0.3380596074358333,0.13847890104487784
5-18B,3.0,157.0128,-0.4768784615093273,0.0867430647547982
5-18B,3.0,157.0255,0.4086441474343996,0.08401794249569518
5-18B,3.0,157.0379,0.4505707603143807,0.08667435964533189
5-18B,3.0,157.0504,-0.3961317129803334,0.052125812944246994
5-18B,3.0,159.0297,1.0675392001147466,0.22737713546120675
5-18B,3.0,159.0775,-0.3724965903903322,0.10952043766374885
5-18B,3.0,160.0616,0.3668357959659386,0.7182693052346911
5-18B,3.0,161.0453,0.2163840023044757,0.4495962264976648
5-18B,3.0,162.0424,0.5362774376383007,0.29994627828445447
5-18B,3.0,163.0351,-0.5917937503325137,0.3741405004384391
5-18B,3.0,163.0398,1.665707447039854,0.11572159524810022
5-18B,3.0,163.0611,-0.4016471083989861,0.8764918065738193
5-18B,3.0,164.0716,-0.5945216148941586,0.08051627377987933
5-18B,3.0,165.03,-0.20033921065779264,0.6156717441186077
5-18B,3.0,165.0405,-0.77440840456946,0.6427398989497111
5-18B,3.0,165.0556,-0.6960208710746415,0.2013862097584212
5-18B,3.0,166.0508,0.2604145453637948,0.34486793457461706
5-18B,3.0,166.0632,0.5590045752011861,0.8183621587291712
5-18B,3.0,166.9759,-0.4584758036406258,0.3583035731995605
5-18B,3.0,167.0207,-0.7071893021551096,0.17818076116473336
5-18B,3.0,167.0358,-0.44621208500913934,0.7103886768823428
5-18B,3.0,167.0828,0.48164057078328965,1.1464202263432044
5-18B,3.0,168.0277,-0.4190442087562171,0.007982040730889064
5-18B,3.0,168.0664,0.3404255045616343,0.43598134123218746
5-18B,3.0,170.0455,-0.75967803554089,0.02940652830420293
5-18B,3.0,171.0065,-0.478848278150549,0.20465720677940918
5-18B,3.0,171.0092,-0.5683885873992313,0.15788738744716652
5-18B,3.0,171.0284,-0.5883292738292969,0.0823714478575453
5-18B,3.0,172.0616,0.5848984559351973,0.11899853886773533
5-18B,3.0,172.962,-0.5298173207457688,0.055072608989604165
5-18B,3.0,173.0089,-0.021793918268263497,0.1603812640551289
5-18B,3.0,173.0453,-0.6915736937774251,0.23089441284351406
5-18B,3.0,173.0932,-0.41834791816557465,0.06793829041434521
5-18B,3.0,173.1041,0.5057730164182811,0.6944527233569149
5-18B,3.0,174.0407,0.12002165623328793,0.020137709857897177
5-18B,3.0,174.088,-0.014848268446743845,0.11831710022411537
5-18B,3.0,175.022,-0.5282501718869346,0.03426483574926557
5-18B,3.0,175.0361,0.01776519080384635,0.06386915777345088
5-18B,3.0,175.0611,-0.4188811002480875,0.049438409099216006
5-18B,3.0,176.0776,-0.38753047604469903,0.30226097831445475
5-18B,3.0,177.0402,1.1232458847723599,0.5622308032985116
5-18B,3.0,177.0553,-0.016647932955160816,0.6443151910174851
5-18B,3.0,178.0509,-0.2964245250040659,0.036016620262698446
5-18B,3.0,179.0348,2.468216953988138,0.31255847059941944
5-18B,3.0,179.0561,0.34664103801745777,0.07641451551800162
5-18B,3.0,180.0663,0.3207837169900964,0.1377018965912042
5-18B,3.0,181.0505,-0.37128959656102944,0.1742493947404332
5-18B,3.0,182.9725,0.46451117157318267,0.2227040775174801
5-18B,3.0,183.0661,0.7256972026319874,0.9793879238784721
5-18B,3.0,184.0017,-0.4630983668552567,0.06637174898633239
5-18B,3.0,184.9856,-0.450400582518681,0.1647305317035266
5-18B,3.0,186.1136,0.07571118015184006,0.8896348912549548
5-18B,3.0,187.0234,-0.4951058270087968,0.4186228377730188
5-18B,3.0,188.035,-0.47097130337576826,0.8782802863903005
5-18B,3.0,188.0565,-0.055779688497590636,0.013817981718593057
5-18B,3.0,189.0405,1.5142070065054773,0.23832053266242875
5-18B,3.0,191.0197,-0.12871280644365463,0.16039604225238474
5-18B,3.0,191.0561,-0.6756954390812324,0.11528823257440274
5-18B,3.0,192.0663,0.01798085599127211,0.35106388543137546
5-18B,3.0,193.0349,-0.6021219652825139,0.15950435621660514
5-18B,3.0,194.0682,0.2766470420488869,0.16343489788277848
5-18B,3.0,194.0822,-0.14612830506023541,0.8239915559600706
5-18B,3.0,195.0509,0.1304060289907792,0.12173964893568001
5-18B,3.0,195.0657,-0.19759508899132042,0.9429762046937411
5-18B,3.0,196.0603,0.27693936029054916,0.15936225315304697
5-18B,3.0,198.0182,-0.7440684627843943,0.34738806568807484
5-18B,3.0,199.0019,-0.9492464056747614,0.19226605318699666
5-18B,3.0,200.9937,0.2112901902996999,0.18263173693756263
5-18B,3.0,201.0051,-0.49032131960271297,0.4898122613213566
5-18B,3.0,203.0348,-0.3245134672591974,0.13511500082786435
5-18B,3.0,203.0826,-0.09634524192089236,0.011588892396348291
5-18B,3.0,204.0498,-0.16070598119841792,0.36014393629930913
5-18B,3.0,205.0351,-0.29962160454348913,0.07525013748121523
5-18B,3.0,206.0822,-0.4918056797281065,0.9323226764487349
5-18B,3.0,209.0292,-0.7299375669482089,0.3437620611329628
5-18B,3.0,209.0814,-0.4732009450863948,0.4691715566621394
5-18B,3.0,211.0235,-0.41662268928547347,0.45073131957205126
5-18B,3.0,211.9968,0.20633477427185845,0.0786996275254464
5-18B,3.0,212.0331,-0.4124908604329165,0.20151834613494415
5-18B,3.0,212.9807,-0.5487123713333464,0.052149304055771416
5-18B,3.0,213.014,-0.47558411879024337,0.35645295478078143
5-18B,3.0,213.0384,-0.7396245181599621,0.07992443390529286
5-18B,3.0,213.1252,0.0337327125203514,0.982824954685897
5-18B,3.0,214.0488,-1.1280126552730367,0.38466251353479564
5-18B,3.0,215.0331,0.5095988657483242,0.12939513199796604
5-18B,3.0,216.1351,1.0491515325950322,0.36849267871565555
5-18B,3.0,218.0335,0.5581468609424358,0.07721927899165172
5-18B,3.0,218.1034,0.6289208796542902,0.0626661073891811
5-18B,3.0,220.0828,-0.3042760085933807,1.5758637177988835
5-18B,3.0,221.0443,0.4613169583411332,0.19233973253413658
5-18B,3.0,221.0664,-0.25687838302062593,0.35726164732876325
5-18B,3.0,225.0399,-0.23383049939567346,0.40296066772482786
5-18B,3.0,225.0861,-0.7268585350364225,0.33632472570498595
5-18B,3.0,225.0901,0.38234685474495805,0.40590182290069476
5-18B,3.0,226.0135,-0.7301525649292226,0.2815028756016172
5-18B,3.0,226.0697,-0.08406348105170354,0.3411754977232219
5-18B,3.0,228.0501,-0.7252858083021785,0.10810501285296381
5-18B,3.0,229.0122,-0.024372340905491396,0.21874521405056102
5-18B,3.0,237.0614,0.3787827545607747,0.1279421539911678
5-18B,3.0,238.0945,0.9825992989678114,0.3429642711719202
5-18B,3.0,240.0515,0.4366502692313291,0.060159652108705775
5-18B,3.0,241.0844,-0.358131764688317,0.24752847371193928
5-18B,3.0,242.0804,-0.6063723475454832,0.5813231468904422
5-18B,3.0,243.029,-0.6362421991961524,0.48522541496203325
5-18B,3.0,243.0625,-0.47859260257075487,0.5210821907426754
5-18B,3.0,245.0444,-0.25839346423939863,0.3270602922134362
5-18B,3.0,246.0198,-0.05679018507605865,0.2781266424979616
5-18B,3.0,246.064,0.1255642622934503,0.17206063531250693
5-18B,3.0,251.0816,0.37214316953716775,1.505486186183952
5-18B,3.0,253.0119,-0.20950083070297204,0.024737261711226
5-18B,3.0,253.0499,-0.7575600331316279,1.1974336863016501
5-18B,3.0,257.0072,-0.6846481731597547,0.5296198184064151
5-18B,3.0,257.1028,-0.02548669968382049,0.41544119334492247
5-18B,3.0,259.005,-0.7181170217961983,0.6683764320813645
5-18B,3.0,259.0227,0.4021722046473464,0.1963175014729899
5-18B,3.0,261.0385,-0.2550914612009567,0.340953005041725
5-18B,3.0,266.0703,-0.17905249277684765,0.1466024968876436
5-18B,3.0,267.0724,-0.5880682591293611,0.02368392613703331
5-18B,3.0,268.02,-0.21311677250545022,0.8090021988011661
5-18B,3.0,269.0398,-0.8515777974897629,0.15009278162328793
5-18B,3.0,271.0612,-0.05195038386611436,0.2186578326529934
5-18B,3.0,271.0815,0.5111119424555542,0.6619141071471485
5-18B,3.0,273.0021,-0.7923876098421969,0.13726583509332335
5-18B,3.0,274.0933,0.3211294588367013,0.0880539162087526
5-18B,3.0,275.0184,-0.3817046135347955,0.4788171699700786
5-18B,3.0,275.0991,-0.545169833227491,0.12319568762060856
5-18B,3.0,277.1207,0.498190519803925,0.15055182878946471
5-18B,3.0,277.2169,-0.306533628739032,0.4598617983020376
5-18B,3.0,279.2331,-0.3320233458124874,0.04784417567188292
5-18B,3.0,282.0839,0.30165277172135124,0.28614969145922337
5-18B,3.0,283.2063,-0.06775755331801724,0.068254370078729
5-18B,3.0,285.0972,-0.09226011191989408,0.33122437942764604
5-18B,3.0,287.0157,0.08741220488983172,0.35611311239015997
5-18B,3.0,288.0725,0.10558626109105754,0.2486255338755969
5-18B,3.0,289.0333,-0.3038304020400931,0.4705676677402137
5-18B,3.0,289.1044,0.054120041256945056,0.31372768964085923
5-18B,3.0,290.9677,-0.25745937474834457,0.19140903054197134
5-18B,3.0,294.0479,-0.4996292527650759,0.46442443245122456
5-18B,3.0,300.0509,0.04838905274367769,0.9715565508031534
5-18B,3.0,301.0333,-0.2847203547133468,0.46602555064119733
5-18B,3.0,303.2326,0.7824831308127123,2.106017308143603
5-18B,3.0,305.0207,0.202440421925224,0.10845081958964121
5-18B,3.0,306.0481,0.051259828446335205,0.1348680621381035
5-18B,3.0,306.0765,-0.22140721782288875,0.022689621248907724
5-18B,3.0,308.0986,-0.33093566364398525,0.007949953059517657
5-18B,3.0,313.0441,-0.6752773974958151,0.32933195014623534
5-18B,3.0,313.1037,0.03778004040754086,0.38674774666471506
5-18B,3.0,317.026,-0.6195256815136527,0.6429182972247723
5-18B,3.0,323.0256,-0.8953383483853291,0.2094519336405977
5-18B,3.0,325.1163,-0.4053543969411253,0.2762528695027708
5-18B,3.0,328.0457,-0.09963266228695873,0.23427925710521555
5-18B,3.0,333.0589,-0.14576794604530965,0.2662865224145845
5-18B,3.0,338.9884,-0.8676620777563777,0.17315361056685374
5-18B,3.0,339.0928,0.7409139728995638,0.6095933736654332
5-18B,3.0,341.1089,-0.6385175897664471,0.10027885528433472
5-18B,3.0,344.0393,-0.6156319263912811,0.24432295468576223
5-18B,3.0,346.0556,-0.6949426635176599,0.1059733937776855
5-18B,3.0,348.087,-0.6092101795275012,0.2969046370760413
5-18B,3.0,353.0489,-0.5388998192493002,0.7767808616374039
5-18B,3.0,357.089,-0.6090612155175448,0.13372412257649252
5-18B,3.0,375.131,-0.9649826473906182,0.5963218881748026
5-18B,3.0,377.1496,0.31031347847214086,0.8084346138863944
5-18B,3.0,383.1188,-0.3781773043800415,0.5676257363484505
5-18B,3.0,388.9416,-0.3766355826467326,0.14893675588484917
5-18B,3.0,388.9442,-0.7565035672453353,0.14964001465111634
5-18B,3.0,401.0756,0.2597579872410437,0.03652704045054862
5-18B,3.0,407.2795,0.05440764555079258,0.32547900310685035
5-18B,3.0,421.0743,-0.21507777090598068,0.48257285112685433
5-18B,3.0,426.0222,-0.7632160317807585,0.08961127805395594
5-18B,3.0,442.9997,-0.2690119009737084,0.3214613152051626
5-18B,3.0,466.9657,0.16212674941428873,0.2556321161489241
5-18B,3.0,490.9787,-0.8684062390998215,0.9751356114545113
5-18B,3.0,503.1614,-0.3556646737735732,0.1685387152070564
5-18B,3.0,547.0731,0.08546745511154835,0.14762392232564955
5-18B,3.0,565.0471,0.40789853419989164,0.22701364094535145
5-18B,3.0,578.8872,0.5137594899368603,0.10444656930921581
5-18B,3.0,579.0269,0.2324893872102991,0.1601620446711439
5-18B,3.0,612.2549,-0.38754200826999136,0.25571612904430024
5-18B,3.0,624.2949,-1.10003166149638,0.25864446431749877
5-18B,3.0,659.307,0.1868550921438845,0.3086965282418191
5-18B,3.0,664.0939,-0.5871945441467528,0.09321534249225698
5-18B,3.0,665.2144,-0.2703093781162109,0.29408661747356873
5-18B,3.0,668.1374,-0.5965581219635678,0.0011181729562721487
5-18B,3.0,787.255,0.5187996951944008,0.4226962071562737
5-18B,3.0,790.2568,0.3278349718898894,0.16632707797401722
5-18B,3.0,835.0407,-0.8100923158908762,0.0955584405739525
5-18B,3.0,863.2971,-0.6133464617113799,0.1003192142335077
5-18B,3.0,864.1473,-0.289043174993731,0.33497876184547426
5-18B,3.0,974.2935,-0.26726545529481993,0.1755453578640793
5-18B,3.0,976.7162,0.545913872088629,0.17092621597577662
5-18B,4.0,57.0342,-0.08966244619220332,0.3571000702467861
5-18B,4.0,58.0295,0.3988496845860432,0.4292925931865277
5-18B,4.0,59.0135,-0.11923921386841059,0.20024462713041005
5-18B,4.0,71.0137,-0.08093950824756227,0.09348860433504586
5-18B,4.0,73.0293,0.3258901618796547,0.08504322971242788
5-18B,4.0,74.0247,-0.04676540911574404,0.28447993798671456
5-18B,4.0,75.0087,2.015786641241327,0.8551076518720595
5-18B,4.0,87.0088,-0.5968711849447275,0.010445616950523245
5-18B,4.0,87.0451,0.6727129003079074,0.5266796868607009
5-18B,4.0,88.0403,-0.40894613991878637,0.11157319730698098
5-18B,4.0,88.9883,0.46885204806533815,0.7969251224477264
5-18B,4.0,89.0244,-0.3982211234935267,0.07583242898644792
5-18B,4.0,93.0338,-0.01547203899621934,0.01258932599010972
5-18B,4.0,94.9761,-1.058113210282791,0.3732879566073106
5-18B,4.0,94.9806,0.7521129594902545,0.23853586206243557
5-18B,4.0,95.0139,-0.05459131340313933,0.13502361521496656
5-18B,4.0,101.0242,-0.15334688408908942,0.21781482946208083
5-18B,4.0,102.056,-0.4716091574772846,0.0180739465931157
5-18B,4.0,103.0402,-0.5425728121570588,0.027798216404478535
5-18B,4.0,103.0509,-0.5062791309326489,0.15417923931051658
5-18B,4.0,104.0352,-0.0868539366651303,0.19852557182284017
5-18B,4.0,105.0193,1.4770924606559013,0.491883044506351
5-18B,4.0,107.0503,0.037290640837747496,0.5007874340012729
5-18B,4.0,109.0295,0.431268073106871,0.1091224062743121
5-18B,4.0,111.02,1.144261245258182,0.09580232895247608
5-18B,4.0,112.0516,-0.1976899006199399,0.31846118094494935
5-18B,4.0,113.0244,-0.006373522216865154,0.04593204408120911
5-18B,4.0,113.0357,0.4358892338525756,0.039665082894360236
5-18B,4.0,114.056,-0.2409004654517862,0.002360427940272203
5-18B,4.0,115.0037,0.16416954904572525,0.06270060375532836
5-18B,4.0,115.0402,-0.09621143708704995,0.2999801520812594
5-18B,4.0,115.0764,0.5350813942570479,0.530518128563771
5-18B,4.0,116.0354,-0.3044458721916903,0.17362302880683383
5-18B,4.0,116.0717,-0.6548455179174684,0.017263545667023535
5-18B,4.0,117.0194,0.33191231228503737,0.036992370934281614
5-18B,4.0,118.0508,0.4683293942208074,0.19072940093794588
5-18B,4.0,118.9804,-0.1125557370527762,0.07025732976210604
5-18B,4.0,119.0503,0.1197849384562268,0.37377728299875784
5-18B,4.0,120.9273,-0.27127068463365345,0.09353713573901867
5-18B,4.0,121.0295,-0.5575977715931083,0.07580583163601401
5-18B,4.0,121.0409,0.20907699432222468,0.49808532466521305
5-18B,4.0,122.0248,0.28211069861392585,0.38171328127424564
5-18B,4.0,124.0075,-0.40557475686976985,0.1911730777480286
5-18B,4.0,124.0144,0.23208721452353698,0.16161678103820654
5-18B,4.0,125.0439,0.6445882273541628,0.372310477939129
5-18B,4.0,127.0764,-0.8156025698954348,0.10545742042566185
5-18B,4.0,128.0354,-0.31986430752087824,0.015671201849477227
5-18B,4.0,129.0193,0.06563444269982652,0.12153590500049612
5-18B,4.0,129.0556,-1.0775729705151476,0.5893795241323286
5-18B,4.0,130.0142,-0.5994868969056881,0.5661025338544243
5-18B,4.0,130.0509,0.040165146598437146,0.05028335871012333
5-18B,4.0,130.0874,-0.471454585143084,0.027080185401499975
5-18B,4.0,131.0008,-0.8008978656049406,0.3301061259838159
5-18B,4.0,131.0123,-0.559538758460824,0.026956088260773538
5-18B,4.0,131.035,0.6970129607748181,0.2334741242952426
5-18B,4.0,131.0462,0.5250429397969625,0.13817810435439257
5-18B,4.0,131.0828,-0.17493320551777694,0.12503905569154497
5-18B,4.0,132.0302,0.389217718604512,0.06930447054023496
5-18B,4.0,133.0142,-0.02542310468993897,0.0821627360809131
5-18B,4.0,133.0257,0.07105140181983921,0.17288984553492073
5-18B,4.0,133.0505,1.432478414952273,0.08062254560983796
5-18B,4.0,134.0472,0.8262494512319931,0.2300761226331572
5-18B,4.0,134.0604,1.5713745219898811,0.23117223442007903
5-18B,4.0,135.0302,-0.7334366466314585,0.11772769452514684
5-18B,4.0,135.0453,0.2934015489134903,0.10614566819328745
5-18B,4.0,136.0404,-0.18383682619449662,0.054898785630910746
5-18B,4.0,136.0487,0.16083649025039848,0.3362271615126396
5-18B,4.0,136.0767,-0.1483918887672313,0.8042737361282948
5-18B,4.0,137.0239,-0.054254624554054345,0.16585782793940926
5-18B,4.0,138.9789,0.1599918126666719,0.1856574740895656
5-18B,4.0,139.0014,1.004616229432083,0.03963219568099968
5-18B,4.0,139.0067,-0.6997609617569689,0.0215770310280286
5-18B,4.0,139.976,-0.835029591473738,0.42292213003165074
5-18B,4.0,143.0713,-0.4246155619345333,0.1895097441035099
5-18B,4.0,143.1077,0.7556350629824571,0.4637312574291086
5-18B,4.0,145.0141,-0.31087127067253906,0.07684350093659982
5-18B,4.0,145.0506,-0.776970553950213,0.09976284819839218
5-18B,4.0,145.0623,-0.7585259559029904,0.042888723157022
5-18B,4.0,145.0982,-0.20123555583733083,0.30863903513360585
5-18B,4.0,145.1106,-0.3656688898423631,0.8609779292767344
5-18B,4.0,146.0459,-0.31716021568785346,0.007670913289245295
5-18B,4.0,147.0298,-0.48620112413770944,0.04109675287358365
5-18B,4.0,147.0662,1.9071193644722837,0.058155314019869814
5-18B,4.0,149.0092,-0.7602791150818913,0.3127707512218615
5-18B,4.0,149.0456,0.6750562380556793,0.3386979761179933
5-18B,4.0,149.0608,-0.8256165551064687,0.4954289655997219
5-18B,4.0,150.0422,-0.8221317951330938,0.6355865357202364
5-18B,4.0,150.9707,0.026207355045953278,0.6043046270824622
5-18B,4.0,151.0259,-0.6398072273937983,0.0950226987915961
5-18B,4.0,151.04,-0.41835284801115014,0.3314228295598622
5-18B,4.0,151.06,0.14206604626743105,0.5678436626209037
5-18B,4.0,152.0353,-0.6483012685616674,0.5346561216416841
5-18B,4.0,152.0716,-0.10304254762355106,0.43190736151352765
5-18B,4.0,153.0192,0.8210079647454465,0.16547274878941706
5-18B,4.0,154.062,-0.2661208197919488,0.1516394751210062
5-18B,4.0,154.9751,0.3174965795589093,0.045375091607487116
5-18B,4.0,155.0099,1.146368662137235,0.04717008156885186
5-18B,4.0,157.0128,-0.09208333112779678,0.03946641688435555
5-18B,4.0,157.0255,0.3362120414370625,0.016876940125120223
5-18B,4.0,157.0379,0.30614412318990464,0.1343597924035557
5-18B,4.0,157.0504,-0.22348069442116242,0.0550101266529058
5-18B,4.0,159.0297,0.8574736952103137,0.32840100747469025
5-18B,4.0,159.0775,-0.07786882827705542,0.04056780323399428
5-18B,4.0,160.0616,0.999729398751477,0.4393633582025786
5-18B,4.0,161.0453,0.39710088974317254,0.24322104303896128
5-18B,4.0,162.0424,0.956605296873658,0.13654914648670707
5-18B,4.0,163.0351,-0.7295445744438023,0.46177313125187164
5-18B,4.0,163.0398,1.4042176104663118,0.2499574266220058
5-18B,4.0,163.0611,1.1901522384538081,0.5295823675207865
5-18B,4.0,164.0716,-0.44072001399458105,0.04779771602816009
5-18B,4.0,165.03,-0.8289158018772305,2.7185761228883094
5-18B,4.0,165.0405,-0.8799933832337268,0.5339360441278613
5-18B,4.0,165.0556,-0.17234790262213434,0.2034339301062591
5-18B,4.0,166.0508,-0.4989534587528266,0.13528362265055563
5-18B,4.0,166.0632,-0.5652949315684672,0.1543894917466197
5-18B,4.0,166.9759,-0.02975963405678589,0.4373024428050642
5-18B,4.0,167.0207,0.04443588081299287,0.32332249869314916
5-18B,4.0,167.0358,-0.6070831323645632,0.63700451339969
5-18B,4.0,167.0828,-0.24435840981473583,0.8258808242554995
5-18B,4.0,168.0277,-0.36475851922231584,0.05197066321806147
5-18B,4.0,168.0664,0.3924417243054858,1.0666172921257961
5-18B,4.0,170.0455,-0.6469421619600475,0.015271588388954788
5-18B,4.0,171.0065,0.2988465844837208,0.08266309416347188
5-18B,4.0,171.0092,0.30186216698535995,0.32055873246204136
5-18B,4.0,171.0284,-0.5179391894030161,0.05254945770202872
5-18B,4.0,172.0616,0.5833904027190523,0.17760178889255296
5-18B,4.0,172.962,-0.11456386833230658,0.05403517143460571
5-18B,4.0,173.0089,-0.07614602045859595,0.24401778203494617
5-18B,4.0,173.0453,-0.8466263251923654,0.22519757271969323
5-18B,4.0,173.0932,-0.07644399879290986,0.07486836832592512
5-18B,4.0,173.1041,0.2665046199700136,1.0859796381288014
5-18B,4.0,174.0407,0.1366917563970365,0.03841211445292685
5-18B,4.0,174.088,-0.11417833369162622,0.07011596177278781
5-18B,4.0,175.022,-0.6169914210654738,0.06090703106835542
5-18B,4.0,175.0361,0.2626878196672887,0.030312965739840145
5-18B,4.0,175.0611,-0.24354125635755147,0.06776505705705382
5-18B,4.0,176.0776,-0.26137694455012894,0.15289513619270206
5-18B,4.0,177.0402,0.3655193355370355,0.6116805059773612
5-18B,4.0,177.0553,0.41337921462693217,0.44408102781634656
5-18B,4.0,178.0509,-0.5004850375094893,0.022266142269693902
5-18B,4.0,179.0348,1.8696889287930105,0.15137408587872256
5-18B,4.0,179.0561,0.2356767211538297,0.0367907528769201
5-18B,4.0,180.0663,0.1934419226045656,0.05936058077003784
5-18B,4.0,181.0505,0.22626457783474935,0.1680878015471907
5-18B,4.0,182.9725,-0.4776909227694741,0.25437697962722616
5-18B,4.0,183.0661,-0.18626064920549296,0.6582345014609147
5-18B,4.0,184.0017,-0.34516301852666664,0.036841927990528246
5-18B,4.0,184.9856,-0.16879143910372768,0.14762262685302072
5-18B,4.0,186.1136,-1.0737345510992946,0.6632024380934215
5-18B,4.0,187.0234,-0.9017701820570136,0.38284327086394954
5-18B,4.0,188.035,-0.6827408466227537,0.5265107375617032
5-18B,4.0,188.0565,-0.16763243431105088,0.021612732699830543
5-18B,4.0,189.0405,-0.5967186602050183,0.05810875222089951
5-18B,4.0,191.0197,-0.15326024435821659,0.16750651746458636
5-18B,4.0,191.0561,-0.396606848461612,0.07805110297739982
5-18B,4.0,192.0663,0.1606924976807432,0.3084269719585843
5-18B,4.0,193.0349,-0.5499680491548988,0.3550071616849344
5-18B,4.0,194.0682,-0.5956787943661692,0.21087816857151073
5-18B,4.0,194.0822,-0.1029104801570195,0.5715063522780711
5-18B,4.0,195.0509,-0.22186716203940815,0.09967815629406984
5-18B,4.0,195.0657,-0.5128511199915464,0.4525544314908694
5-18B,4.0,196.0603,-0.21392375114760925,0.10858426029832262
5-18B,4.0,198.0182,-0.1687513765852873,0.19832193906280912
5-18B,4.0,199.0019,-0.005717069092518484,0.5594798743737397
5-18B,4.0,200.9937,-0.0047459909400899974,0.24322267859667404
5-18B,4.0,201.0051,-0.5623453137912902,0.4461263661030685
5-18B,4.0,203.0348,-0.6719488575183422,0.09319057059787121
5-18B,4.0,203.0826,-0.07934341152083817,0.007660334814329729
5-18B,4.0,204.0498,0.15667814589877335,0.4084130198330394
5-18B,4.0,205.0351,-0.4340668089238624,0.12408825542963009
5-18B,4.0,206.0822,-0.1859533204227577,0.9773084539839949
5-18B,4.0,209.0292,-0.7271890018994231,0.22906999096242553
5-18B,4.0,209.0814,-0.669221186232241,0.361953160702187
5-18B,4.0,211.0235,-0.5051582247051987,0.384671829214916
5-18B,4.0,211.9968,0.2878258728621186,0.10584194830328358
5-18B,4.0,212.0331,-0.193113427235597,0.12878262254535597
5-18B,4.0,212.9807,-0.2525567631459071,0.059164759684946076
5-18B,4.0,213.014,-0.3932388062515171,0.31798466272388365
5-18B,4.0,213.0384,-0.6716445297787911,0.15818369628204426
5-18B,4.0,213.1252,-0.5878280690317905,0.6317015391802763
5-18B,4.0,214.0488,-0.13353524908104322,0.5645077553329078
5-18B,4.0,215.0331,0.06450340717258825,0.03882326870033703
5-18B,4.0,216.1351,-0.06654001895532435,0.18306327232689115
5-18B,4.0,218.0335,-0.08494930581496726,0.02732863511832782
5-18B,4.0,218.1034,0.4485795829560477,0.05743324781590739
5-18B,4.0,220.0828,-0.12620761981357995,0.8901747278314387
5-18B,4.0,221.0443,-0.3532551356478436,0.117035343021879
5-18B,4.0,221.0664,-0.44190463595207596,0.37879865351313763
5-18B,4.0,225.0399,0.2642094159315262,0.8278284936647623
5-18B,4.0,225.0861,-0.4391503281330152,0.5679335810860001
5-18B,4.0,225.0901,-1.0745265412010512,0.7874599036821647
5-18B,4.0,226.0135,-0.6786986496387357,0.11096194835992139
5-18B,4.0,226.0697,0.2796937243816493,0.264576067638796
5-18B,4.0,228.0501,-0.3445752187010083,0.23258613697158745
5-18B,4.0,229.0122,0.021508135007308707,0.32906787286847916
5-18B,4.0,237.0614,0.12946571979500526,0.359930800543093
5-18B,4.0,238.0945,-0.5872330281453986,0.14083718850300114
5-18B,4.0,240.0515,-0.1282253487999842,0.015150258487587092
5-18B,4.0,241.0844,-0.010711403739617549,0.36232880500557596
5-18B,4.0,242.0804,-0.26028883515520096,1.0052714653372543
5-18B,4.0,243.029,0.07230625628066414,0.3439720780798101
5-18B,4.0,243.0625,-0.28798679206538935,0.25762183561719987
5-18B,4.0,245.0444,-0.5189553277225336,0.23591053232952125
5-18B,4.0,246.0198,-0.2911369219155144,0.2992581376976192
5-18B,4.0,246.064,-0.48467868936209985,0.5179976229957943
5-18B,4.0,251.0816,-0.47148983612746864,0.410385728876281
5-18B,4.0,253.0119,-0.12835876894269704,0.029575751180924106
5-18B,4.0,253.0499,-0.3235014474621218,0.614879933054945
5-18B,4.0,257.0072,-0.017211329029589426,0.5898071709516399
5-18B,4.0,257.1028,-0.18943230052594204,0.21701940906443715
5-18B,4.0,259.005,-0.4860927892238888,0.8398839927363136
5-18B,4.0,259.0227,0.6195396690196308,0.17901321017826158
5-18B,4.0,261.0385,-0.31840105847928046,0.32187146796101923
5-18B,4.0,266.0703,-0.11377126014112718,0.22422431725223385
5-18B,4.0,267.0724,-0.3935225054999131,0.02902188187296054
5-18B,4.0,268.02,-1.0049623321797028,0.5558161709692052
5-18B,4.0,269.0398,-0.7614730118927687,0.12750773499318807
5-18B,4.0,271.0612,-0.026298803866644987,0.4733402391824884
5-18B,4.0,271.0815,-0.37368693154035065,1.0983287726926831
5-18B,4.0,273.0021,0.25913928492797633,0.14648648444639836
5-18B,4.0,274.0933,0.44236823602903846,0.16972932936261032
5-18B,4.0,275.0184,-0.0703360379447025,0.6338659656338869
5-18B,4.0,275.0991,-0.25283119794085207,0.2156621237197591
5-18B,4.0,277.1207,-0.028367485224377112,0.06730231122189292
5-18B,4.0,277.2169,-0.4156433561708839,0.5988365068330792
5-18B,4.0,279.2331,-0.2499670394889234,0.008223981879894423
5-18B,4.0,282.0839,1.294751642053021,0.32152943100123554
5-18B,4.0,283.2063,0.036060896054577476,0.4313351418449949
5-18B,4.0,285.0972,-0.28190595656217843,0.7738488682727338
5-18B,4.0,287.0157,-0.12317381011755538,0.16452032422452117
5-18B,4.0,288.0725,-0.18491861146768127,0.1149550138096003
5-18B,4.0,289.0333,-0.5908592323756612,0.3662159986850265
5-18B,4.0,289.1044,-0.0009011990961184432,0.1215165430826657
5-18B,4.0,290.9677,-0.19103229501037117,0.11400197528461123
5-18B,4.0,294.0479,-0.5481770000711792,0.5505096543379796
5-18B,4.0,300.0509,-0.19955435674190872,0.9189119467213086
5-18B,4.0,301.0333,-0.3302322022537329,0.4049885451169221
5-18B,4.0,303.2326,-0.6556495470587025,0.19333858487045416
5-18B,4.0,305.0207,-0.26970529827934786,0.14181928974994862
5-18B,4.0,306.0481,-0.2130998756965849,0.10247808524106765
5-18B,4.0,306.0765,-0.22473375136215168,0.009818292803065507
5-18B,4.0,308.0986,-0.3036771527010272,0.01923543987241581
5-18B,4.0,313.0441,-0.25607500015930695,0.20230722503784693
5-18B,4.0,313.1037,-0.10405026682989489,0.42266321409454805
5-18B,4.0,317.026,-0.27044932712412006,0.1728861378816235
5-18B,4.0,323.0256,0.873829461207098,0.509887448873627
5-18B,4.0,325.1163,0.39895936720182923,0.07735388091437843
5-18B,4.0,328.0457,-0.02227213446077842,0.14826369667586373
5-18B,4.0,333.0589,0.0039054492236432377,0.3022673395144826
5-18B,4.0,338.9884,1.1553111817553345,1.0587829537890159
5-18B,4.0,339.0928,-0.06555221739818157,0.2723851529392794
5-18B,4.0,341.1089,-0.2607690179936783,0.09371756398631267
5-18B,4.0,344.0393,-0.5205935384717182,0.11059146571886744
5-18B,4.0,346.0556,-0.5682778674419917,0.08624977725121483
5-18B,4.0,348.087,-0.3491657761749983,0.02519442804954001
5-18B,4.0,353.0489,-0.2980391667740644,0.19195475212091262
5-18B,4.0,357.089,-0.01796463998787808,0.2164675573397061
5-18B,4.0,375.131,0.15342455912496555,0.39795962835252713
5-18B,4.0,377.1496,-0.6518991805112018,0.40703872804345415
5-18B,4.0,383.1188,-0.5208027159302282,0.5607408355253428
5-18B,4.0,388.9416,-0.2452863384633258,0.2956673781847467
5-18B,4.0,388.9442,-0.5408221378759912,0.24317402455789475
5-18B,4.0,401.0756,-0.4299264449540386,0.05252514286606919
5-18B,4.0,407.2795,-0.3870520747350084,0.13400642913935698
5-18B,4.0,421.0743,0.07583763893152498,0.6312543425440372
5-18B,4.0,426.0222,-0.3979674900379965,0.40379276646604967
5-18B,4.0,442.9997,-0.47038926985401536,0.18728984772158944
5-18B,4.0,466.9657,-0.3323717560291067,0.34856903745303763
5-18B,4.0,490.9787,-0.7788975040564736,0.5060164612262494
5-18B,4.0,503.1614,-0.68984292381079,0.18241357991644594
5-18B,4.0,547.0731,0.22484657372790218,0.1051462540647195
5-18B,4.0,565.0471,0.6461189127939307,0.2951083368566135
5-18B,4.0,578.8872,-0.2568391711576281,0.06826627894639355
5-18B,4.0,579.0269,-0.5866015011906873,0.1095597518507748
5-18B,4.0,612.2549,0.30383318370979884,0.171156102856581
5-18B,4.0,624.2949,-0.09716585375845015,0.4403637031954562
5-18B,4.0,659.307,0.8464636710810625,0.4078545949780909
5-18B,4.0,664.0939,-0.011624190908046677,0.2509981983999411
5-18B,4.0,665.2144,-0.5359836728537692,0.42834766372162075
5-18B,4.0,668.1374,-0.597453846542711,0.0005220361102872341
5-18B,4.0,787.255,0.9996485968415645,0.3512843587634261
5-18B,4.0,790.2568,0.35302294963934444,0.25005708698015855
5-18B,4.0,835.0407,-0.16755492388063414,0.26816690067500687
5-18B,4.0,863.2971,-0.3389694597948126,0.09600560349212182
5-18B,4.0,864.1473,0.25807020888124504,0.3786766895169976
5-18B,4.0,974.2935,-0.4687841374887075,0.4691108548793078
5-18B,4.0,976.7162,0.5748191815862542,0.13516188932151119
5-18B,5.0,57.0342,0.36743162087922265,0.05789929763886033
5-18B,5.0,58.0295,1.3429402584792864,0.019735444058672044
5-18B,5.0,59.0135,-0.16177650174812502,0.05968115093292449
5-18B,5.0,71.0137,-0.34253789791607825,0.052073405183204385
5-18B,5.0,73.0293,1.4623282123884793,0.05153490351667889
5-18B,5.0,74.0247,0.07455777376757604,0.3282648775924313
5-18B,5.0,75.0087,2.9620085005572876,0.14796439930977975
5-18B,5.0,87.0088,-0.03866613901965035,0.04892045746766849
5-18B,5.0,87.0451,1.2339980764940879,1.0623304416440014
5-18B,5.0,88.0403,0.29841644708602133,0.0016689211433105998
5-18B,5.0,88.9883,0.14309773676742726,0.45503357405693895
5-18B,5.0,89.0244,0.18066169752404732,0.13752656204293828
5-18B,5.0,93.0338,0.04429971049637003,0.02141920388321632
5-18B,5.0,94.9761,-1.5797060961829947,0.12344320213629167
5-18B,5.0,94.9806,1.2609912220173367,0.11903964471227495
5-18B,5.0,95.0139,-0.374414714769421,0.164285706224468
5-18B,5.0,101.0242,0.20059804663061415,0.05264212416695922
5-18B,5.0,102.056,-0.31885720751641755,0.007094733297520543
5-18B,5.0,103.0402,-0.0027981411511177074,0.028892072621124348
5-18B,5.0,103.0509,-0.1587054917627813,0.03972550965755026
5-18B,5.0,104.0352,0.20991801322591996,0.24779828241753427
5-18B,5.0,105.0193,1.702391500333499,0.2523650356543419
5-18B,5.0,107.0503,0.761101980205176,0.5081568255963326
5-18B,5.0,109.0295,0.8755294178969713,0.2230589728307107
5-18B,5.0,111.02,0.9875614582587868,0.023558626808311167
5-18B,5.0,112.0516,0.8920746637197812,0.09550002341484308
5-18B,5.0,113.0244,-0.2528294270878361,0.03642248448193768
5-18B,5.0,113.0357,0.8560136715770676,0.031335611354820325
5-18B,5.0,114.056,-0.19689954306602214,0.0019081932643601222
5-18B,5.0,115.0037,0.8494428113083854,0.05285891339248676
5-18B,5.0,115.0402,0.4858668093823461,0.4806443496961879
5-18B,5.0,115.0764,0.8285382927639656,0.24926862639603317
5-18B,5.0,116.0354,0.13521573569664402,0.13845545303697046
5-18B,5.0,116.0717,-0.13482068195298613,0.0009272571310669351
5-18B,5.0,117.0194,1.4070610101906667,0.012434239796486756
5-18B,5.0,118.0508,1.1056465169956762,0.6089450103245472
5-18B,5.0,118.9804,-0.4009511040626864,0.024539641080352854
5-18B,5.0,119.0503,-0.4535703760634242,0.2535497871664228
5-18B,5.0,120.9273,0.03167039124768199,0.06421873269986961
5-18B,5.0,121.0295,-0.18442958472712956,0.3627587975195787
5-18B,5.0,121.0409,-0.3609210111014315,0.0010849245084734456
5-18B,5.0,122.0248,1.383985667902638,0.47382954611568984
5-18B,5.0,124.0075,1.1503542326748828,1.8842092545501463
5-18B,5.0,124.0144,0.1258440138554857,0.20736050032512726
5-18B,5.0,125.0439,0.8990633656883653,0.5155622863243713
5-18B,5.0,127.0764,-0.6244850816729421,0.6356300315512653
5-18B,5.0,128.0354,-0.27661022183112305,0.0029920360407309737
5-18B,5.0,129.0193,1.1122506065332416,0.04289680910470026
5-18B,5.0,129.0556,-0.3182502567915587,0.04822178134987477
5-18B,5.0,130.0142,1.332171612336615,0.021474965302154415
5-18B,5.0,130.0509,0.8829446989009657,0.01600988615337987
5-18B,5.0,130.0874,0.24473326683352248,0.0772033401878326
5-18B,5.0,131.0008,-0.5184849949148133,0.07243074160820637
5-18B,5.0,131.0123,0.005584159955858096,0.014651501011163205
5-18B,5.0,131.035,0.38572978724041146,0.40619953250131285
5-18B,5.0,131.0462,0.25581322333917406,0.15179123873498535
5-18B,5.0,131.0828,-0.1550578305248667,0.1060813323629569
5-18B,5.0,132.0302,1.1464120213375333,0.07259630514197803
5-18B,5.0,133.0142,0.16249049817985625,0.11424404809240561
5-18B,5.0,133.0257,0.11191701662085657,0.15041413064716014
5-18B,5.0,133.0505,2.075581930521613,0.0723591488428225
5-18B,5.0,134.0472,0.013995393015162547,0.0989292448361361
5-18B,5.0,134.0604,1.125544667927676,0.2074693004391258
5-18B,5.0,135.0302,-0.42840274272040013,0.09430349379660007
5-18B,5.0,135.0453,-0.08107775178865674,0.04523270830398807
5-18B,5.0,136.0404,0.002986810145448833,0.05639318314815331
5-18B,5.0,136.0487,-0.195207445613991,0.015402239932512503
5-18B,5.0,136.0767,-0.08967167948705246,1.1684586279704043
5-18B,5.0,137.0239,-0.08429930179062241,0.01857535365186343
5-18B,5.0,138.9789,0.2592372355694882,0.29249391525820023
5-18B,5.0,139.0014,1.9664998296519753,0.05509263074644754
5-18B,5.0,139.0067,-0.6589952944352966,0.04361525562387611
5-18B,5.0,139.976,-0.8117036596383331,0.22983925336297178
5-18B,5.0,143.0713,-0.07150917138387125,0.9766467518783066
5-18B,5.0,143.1077,0.37803327090905603,0.6207409035565156
5-18B,5.0,145.0141,-0.33525286141201605,0.001277065788740696
5-18B,5.0,145.0506,-0.3672385326747006,0.07856091298465695
5-18B,5.0,145.0623,-0.5002914289713493,0.3601421719022849
5-18B,5.0,145.0982,-0.271327084231603,0.16222440688492007
5-18B,5.0,145.1106,-1.150648687306328,0.5647684633686461
5-18B,5.0,146.0459,-0.38545006279893224,0.00044128677523023373
5-18B,5.0,147.0298,0.11544674206419331,0.04266061894933936
5-18B,5.0,147.0662,2.7305658070922156,0.03531689714132175
5-18B,5.0,149.0092,-0.7468647389715959,0.4566540796390191
5-18B,5.0,149.0456,0.47128276282206594,0.1089587543185796
5-18B,5.0,149.0608,-0.4949534220389078,0.6244078112554472
5-18B,5.0,150.0422,-0.27124331237975274,0.22339711247258914
5-18B,5.0,150.9707,0.37645619664656715,0.6261676670528796
5-18B,5.0,151.0259,-0.6203552572116113,0.05303939807531555
5-18B,5.0,151.04,-0.13596555182807374,1.0183209744329154
5-18B,5.0,151.06,0.5985730129119127,0.4609236400733362
5-18B,5.0,152.0353,-0.22897824530549116,0.9770778317094665
5-18B,5.0,152.0716,-0.18720674708960483,0.0824601243561381
5-18B,5.0,153.0192,0.09008668432445958,0.017401999794587
5-18B,5.0,154.062,-0.21065057786676505,0.09875063791696619
5-18B,5.0,154.9751,1.422906130262838,0.02718861909105712
5-18B,5.0,155.0099,0.9179428959786197,0.011874640209681698
5-18B,5.0,157.0128,0.4152517369207529,0.0917231759301877
5-18B,5.0,157.0255,0.797113808703612,0.031249651728545522
5-18B,5.0,157.0379,0.729068917184597,0.00973078349430497
5-18B,5.0,157.0504,0.6960032307735218,0.029902292690258056
5-18B,5.0,159.0297,0.7889469883909552,0.5772395280012106
5-18B,5.0,159.0775,0.3299963380899399,0.008621115541452817
5-18B,5.0,160.0616,0.8284868746471616,0.18843088770494285
5-18B,5.0,161.0453,0.2776524240081871,0.41393178887912624
5-18B,5.0,162.0424,1.2831677105872816,0.4902442154505554
5-18B,5.0,163.0351,-0.9237905112769988,0.134004762164117
5-18B,5.0,163.0398,2.4931721048342323,0.06216156084182891
5-18B,5.0,163.0611,0.8750060310664753,1.9051526670479746
5-18B,5.0,164.0716,-0.42474001828868346,0.0624292589677872
5-18B,5.0,165.03,-0.04992193514493071,0.5339887428004335
5-18B,5.0,165.0405,-0.4559324420295655,1.209039370029466
5-18B,5.0,165.0556,0.16322916015880196,0.18050063877357925
5-18B,5.0,166.0508,1.082278191574129,0.028269301704112047
5-18B,5.0,166.0632,-0.6132102834551495,0.762328580445286
5-18B,5.0,166.9759,0.6083733252798629,0.5543850191598395
5-18B,5.0,167.0207,-0.502540940218028,0.004117714273947234
5-18B,5.0,167.0358,-0.8696240442199974,0.6193031546457523
5-18B,5.0,167.0828,-0.6732595932930336,0.8632372717505723
5-18B,5.0,168.0277,-0.47015441227281496,0.05848752428237496
5-18B,5.0,168.0664,0.22288235864695696,0.597094508320892
5-18B,5.0,170.0455,0.03950763688813977,0.05429742000118348
5-18B,5.0,171.0065,0.6043637930430161,0.01280197273727187
5-18B,5.0,171.0092,0.8821928560704622,0.2341421316723144
5-18B,5.0,171.0284,0.23616372014858575,0.0691646828662409
5-18B,5.0,172.0616,1.2654613287640541,0.37992693012608425
5-18B,5.0,172.962,0.1991992588497265,0.1214960347265134
5-18B,5.0,173.0089,0.648667868619061,0.0638185762085877
5-18B,5.0,173.0453,-0.22123267458487883,0.03384297647767852
5-18B,5.0,173.0932,0.0942720566252261,0.05916177208289805
5-18B,5.0,173.1041,-0.4418898163188098,0.10647051683127705
5-18B,5.0,174.0407,0.9907206501649324,0.02049378733695814
5-18B,5.0,174.088,0.5138257307382149,0.017033214922626147
5-18B,5.0,175.022,-0.04480421610724694,0.2992787482110233
5-18B,5.0,175.0361,1.0570281021149013,0.056158460299707696
5-18B,5.0,175.0611,0.6044691478610946,0.0461330817263793
5-18B,5.0,176.0776,0.3716515288993265,0.4668023859571474
5-18B,5.0,177.0402,1.1282443807493245,0.045948115213589956
5-18B,5.0,177.0553,0.0846445888018929,0.6226509160635723
5-18B,5.0,178.0509,0.3494833850170108,0.00899759730496999
5-18B,5.0,179.0348,2.4314124483471935,0.10825490028715448
5-18B,5.0,179.0561,-0.29645556128674905,0.038220850905868194
5-18B,5.0,180.0663,-0.29801781510209224,0.11678928095477611
5-18B,5.0,181.0505,1.0786548466646917,0.08588558454036793
5-18B,5.0,182.9725,-0.8761575944852495,0.04953719024763106
5-18B,5.0,183.0661,-0.4872710129874021,0.6978738333636711
5-18B,5.0,184.0017,-0.5256041014694094,0.03669286919968712
5-18B,5.0,184.9856,-0.17331310165053165,0.12674090259362414
5-18B,5.0,186.1136,-0.9152486578306152,0.6412912859897745
5-18B,5.0,187.0234,-0.16161871167392683,0.3302143996284758
5-18B,5.0,188.035,0.664588849443526,1.0191738225766027
5-18B,5.0,188.0565,0.4474187515284035,0.054838315354806544
5-18B,5.0,189.0405,-0.40500843932403696,0.016437126495733655
5-18B,5.0,191.0197,0.550259966764738,0.14920969264871203
5-18B,5.0,191.0561,0.570709715075887,0.07167667042212048
5-18B,5.0,192.0663,1.074047004493358,0.3954503483421368
5-18B,5.0,193.0349,0.13487806199584784,0.028580750513435116
5-18B,5.0,194.0682,-0.17247121036282514,0.08935802448392967
5-18B,5.0,194.0822,-0.6871137838487262,0.06111923411439363
5-18B,5.0,195.0509,-0.30569522952850003,0.10568537620366256
5-18B,5.0,195.0657,0.9818929370320153,0.9167459822736606
5-18B,5.0,196.0603,0.7535893865005932,0.04422074336408095
5-18B,5.0,198.0182,-0.02302684377057934,0.4884109848415472
5-18B,5.0,199.0019,0.0522663416798264,0.2518809802946724
5-18B,5.0,200.9937,0.0917884488497829,0.7566980972286559
5-18B,5.0,201.0051,-0.18972802878828593,0.4627763600492144
5-18B,5.0,203.0348,-0.23308310140152766,0.07323302706330646
5-18B,5.0,203.0826,-0.08904365725928967,0.005077661184195101
5-18B,5.0,204.0498,-0.2354599815241359,0.3153420526593519
5-18B,5.0,205.0351,0.10004551850760564,0.0639389450829059
5-18B,5.0,206.0822,-0.8042003354891847,0.13647001455717944
5-18B,5.0,209.0292,-0.3980483373073381,0.031096463752458992
5-18B,5.0,209.0814,-1.4303495788375793,0.06417347397958713
5-18B,5.0,211.0235,-0.7104649527866154,0.3499060330015816
5-18B,5.0,211.9968,0.893672791879548,0.42247395524221704
5-18B,5.0,212.0331,-0.4823398073235725,0.5421997337451154
5-18B,5.0,212.9807,-0.012066232561980639,0.1256174324000144
5-18B,5.0,213.014,0.0074593663699634785,0.11541409120270621
5-18B,5.0,213.0384,-0.21570978011886843,0.5171573296560109
5-18B,5.0,213.1252,-0.1004170964477368,0.7715136822118827
5-18B,5.0,214.0488,-0.7382614046916404,1.1530530800918648
5-18B,5.0,215.0331,-0.20337561369665796,0.004203939405797616
5-18B,5.0,216.1351,-0.12428138735068497,0.3243662100039479
5-18B,5.0,218.0335,-0.32660152127940784,0.02160806335111016
5-18B,5.0,218.1034,0.8530390353228996,0.025499832269313332
5-18B,5.0,220.0828,-0.12119160886203625,0.6047388385974005
5-18B,5.0,221.0443,-0.6028532333863972,0.013161648967494548
5-18B,5.0,221.0664,-0.1132524899709744,0.2921897858050266
5-18B,5.0,225.0399,0.41709298243277115,0.21621001321002956
5-18B,5.0,225.0861,-1.0350679672516019,0.5847486969854871
5-18B,5.0,225.0901,-1.609693205490316,0.33227757599652297
5-18B,5.0,226.0135,-0.3329644468973924,0.3940472503085907
5-18B,5.0,226.0697,-0.13725947261004465,0.023147843915597138
5-18B,5.0,228.0501,0.23535203287249826,0.2724520417783016
5-18B,5.0,229.0122,0.6189101651218933,0.05497183706006743
5-18B,5.0,237.0614,1.4824727942352929,0.04946117681913363
5-18B,5.0,238.0945,-0.5772091126752142,0.4912277344867321
5-18B,5.0,240.0515,0.7687368515190296,0.022473761327558146
5-18B,5.0,241.0844,0.9391030594548956,0.6326093385813821
5-18B,5.0,242.0804,0.32432793143463334,1.123323590190041
5-18B,5.0,243.029,0.10376840788165306,0.1651065824091327
5-18B,5.0,243.0625,0.7422599662098803,0.5075034447262238
5-18B,5.0,245.0444,0.28183593666115947,0.24969747781268048
5-18B,5.0,246.0198,-0.013746906881056578,0.256114935304194
5-18B,5.0,246.064,-0.4908984712086166,0.5274058714705601
5-18B,5.0,251.0816,0.5643559526837504,0.5932336960405346
5-18B,5.0,253.0119,-0.06314139047563952,0.009575112439489237
5-18B,5.0,253.0499,-0.5961877213121605,0.04564298239331822
5-18B,5.0,257.0072,0.0357279387277229,0.6330562473027912
5-18B,5.0,257.1028,-0.5660973184607163,0.4747212537842793
5-18B,5.0,259.005,-0.13137099637605296,0.6484774543092581
5-18B,5.0,259.0227,-0.0020729254033920834,0.06849539151440705
5-18B,5.0,261.0385,-0.3050047204945009,0.6407737041838856
5-18B,5.0,266.0703,0.368525059659387,0.20936320160205268
5-18B,5.0,267.0724,1.0367091344865997,0.03992718935328138
5-18B,5.0,268.02,-0.7108482671578376,0.27785472243064646
5-18B,5.0,269.0398,-0.13945933067480884,0.03608159633065641
5-18B,5.0,271.0612,-0.19452544479339756,0.5390903041827716
5-18B,5.0,271.0815,0.05286105983226798,0.3729428434310646
5-18B,5.0,273.0021,1.9079747485026959,0.2137150408994252
5-18B,5.0,274.0933,1.3472234999523354,0.6512344498524798
5-18B,5.0,275.0184,-0.17973580774662706,0.16264872218331866
5-18B,5.0,275.0991,0.018660735327005046,0.2536796471747305
5-18B,5.0,277.1207,-0.648117600363478,0.0036195319586794757
5-18B,5.0,277.2169,-0.6883677617919446,0.25425647377314076
5-18B,5.0,279.2331,-0.4043485802252675,0.04856279555976344
5-18B,5.0,282.0839,1.16909112548498,0.15509306773992662
5-18B,5.0,283.2063,-0.7800075680047798,0.02113009129873144
5-18B,5.0,285.0972,-1.1994781447374416,0.33575379174846953
5-18B,5.0,287.0157,-0.40016621053920376,0.5710914175197356
5-18B,5.0,288.0725,0.1790202531433171,0.03904810665981333
5-18B,5.0,289.0333,-0.2204760699981983,0.08302910413349589
5-18B,5.0,289.1044,0.7253086335125851,0.06584074058344733
5-18B,5.0,290.9677,0.1332881531220874,0.03810034704870222
5-18B,5.0,294.0479,-0.180737187126946,0.09827357714501152
5-18B,5.0,300.0509,0.542834340264353,1.0763983971211994
5-18B,5.0,301.0333,-0.2591199404718796,0.7804070984882816
5-18B,5.0,303.2326,-0.05232556145574757,0.10917858379296155
5-18B,5.0,305.0207,-0.6019739994188509,0.16159937900976692
5-18B,5.0,306.0481,1.2961589840699657,0.2240704161397869
5-18B,5.0,306.0765,-0.21952427431009838,0.004881954463779346
5-18B,5.0,308.0986,-0.2656523364004215,0.009010056548474903
5-18B,5.0,313.0441,0.6153491614272014,0.22942162285364498
5-18B,5.0,313.1037,0.7539727975214008,0.2148037585224072
5-18B,5.0,317.026,-0.21792164713026657,0.37612839213823546
5-18B,5.0,323.0256,-0.6662442081368383,0.10579201312640642
5-18B,5.0,325.1163,-1.0617004040127982,0.4034284496524842
5-18B,5.0,328.0457,0.39396330188933826,0.01068731025829504
5-18B,5.0,333.0589,0.4796378840445077,0.2776296809456294
5-18B,5.0,338.9884,0.43090196260434355,0.9146749508016604
5-18B,5.0,339.0928,0.2814462082650645,1.3624535604599441
5-18B,5.0,341.1089,-0.2786236383331705,0.17533250605894002
5-18B,5.0,344.0393,-0.5777264421921491,0.10721289968546316
5-18B,5.0,346.0556,-0.426962685314198,0.5149478782533031
5-18B,5.0,348.087,0.60605868092507,0.24874450923279937
5-18B,5.0,353.0489,-0.2591424154426598,0.3575540362233193
5-18B,5.0,357.089,0.22374118743167865,0.0976639026403851
5-18B,5.0,375.131,0.9081724603573968,0.0325342821459365
5-18B,5.0,377.1496,-0.25838213000350224,0.21991403502257498
5-18B,5.0,383.1188,-0.5752596912493905,0.36245380385611453
5-18B,5.0,388.9416,0.5271367736379587,0.1530375168584446
5-18B,5.0,388.9442,0.010695427189563698,0.14881579225545305
5-18B,5.0,401.0756,-0.730088108135287,0.023994407149644712
5-18B,5.0,407.2795,-0.8649926818410845,0.4788179529722377
5-18B,5.0,421.0743,0.25435391314999434,0.2564674398517576
5-18B,5.0,426.0222,-0.24225024340158388,0.2056442290092176
5-18B,5.0,442.9997,-0.32122084846119536,0.026775185200691755
5-18B,5.0,466.9657,-0.4646126442272268,0.0
5-18B,5.0,490.9787,-0.8850292898935862,0.13743456422480516
5-18B,5.0,503.1614,-0.2258828593291909,0.04237678826090479
5-18B,5.0,547.0731,1.0224548202614883,0.015260271472943714
5-18B,5.0,565.0471,-0.29219254784558724,0.43682955309580923
5-18B,5.0,578.8872,-0.5638616097128621,0.025705255652062935
5-18B,5.0,579.0269,-0.7899619976212771,0.04287298398943839
5-18B,5.0,612.2549,0.5802284172336343,0.14233794234512412
5-18B,5.0,624.2949,-0.47399117971985794,0.3874754832996098
5-18B,5.0,659.307,-0.07046473810083881,0.1313390224100778
5-18B,5.0,664.0939,-0.3350686127978606,0.0823923301565497
5-18B,5.0,665.2144,-0.1932346376648754,0.3303034644323182
5-18B,5.0,668.1374,0.09898751208130013,0.005105199326977972
5-18B,5.0,787.255,0.17051251935893907,0.48370949528531726
5-18B,5.0,790.2568,0.07078842972878419,0.2566551668592494
5-18B,5.0,835.0407,-0.3813713464547452,0.04539578370249838
5-18B,5.0,863.2971,0.003773904725550545,0.21992532142761959
5-18B,5.0,864.1473,0.14634532232261754,0.010533523321720441
5-18B,5.0,974.2935,2.572566076372626,0.11769230329367951
5-18B,5.0,976.7162,-0.15306906667212644,0.16216177474168633
5-18B,6.0,57.0342,-0.27943595770552454,0.38809476290266115
5-18B,6.0,58.0295,1.2367604060169999,0.5854893815133403
5-18B,6.0,59.0135,-0.6671788361143133,0.20433265611694704
5-18B,6.0,71.0137,-0.7382562505075356,0.09995875871258508
5-18B,6.0,73.0293,2.290867810704811,0.16798024072438092
5-18B,6.0,74.0247,0.0023654665973359967,0.6869451548397005
5-18B,6.0,75.0087,2.5098992667275475,0.5835575845497792
5-18B,6.0,87.0088,0.90070260670522,0.11673527379266047
5-18B,6.0,87.0451,0.9471936750895725,0.44202307165732313
5-18B,6.0,88.0403,0.8947384861803198,0.06201701010169262
5-18B,6.0,88.9883,-0.3964952942168424,0.9165262738282242
5-18B,6.0,89.0244,1.6110878870591643,0.2647244184494472
5-18B,6.0,93.0338,0.04466592690463972,0.028104403906457676
5-18B,6.0,94.9761,-1.4502809326191521,0.11416389994472831
5-18B,6.0,94.9806,1.1431750624028658,0.14358550061586817
5-18B,6.0,95.0139,-0.6542880890285397,0.10819613858734782
5-18B,6.0,101.0242,-0.09785429950021632,0.20260484602658627
5-18B,6.0,102.056,-0.15008211312295158,0.07907116905255338
5-18B,6.0,103.0402,0.7362755585109715,0.10774419180851595
5-18B,6.0,103.0509,0.5516714007567436,0.15640278345222897
5-18B,6.0,104.0352,-0.6603168601971179,0.12061435189388965
5-18B,6.0,105.0193,1.4673796533663344,0.5029446181584025
5-18B,6.0,107.0503,0.7266731633028138,0.28093924716347785
5-18B,6.0,109.0295,0.8782264513560679,0.1459536976645642
5-18B,6.0,111.02,0.3040312249744708,0.12443658141806138
5-18B,6.0,112.0516,-0.8413395737759449,0.6380270055006123
5-18B,6.0,113.0244,-0.722641859724847,0.08666432023588896
5-18B,6.0,113.0357,0.7190997092210778,0.2401670526616018
5-18B,6.0,114.056,-0.24561892641727834,0.0012094025260326352
5-18B,6.0,115.0037,0.7273871844764288,0.14337730526365067
5-18B,6.0,115.0402,0.6246404310571689,0.5269739564497573
5-18B,6.0,115.0764,0.8592612171563867,0.3586692987536367
5-18B,6.0,116.0354,0.49829694057164137,0.3913442233809336
5-18B,6.0,116.0717,0.3075203954818008,0.10024030118159953
5-18B,6.0,117.0194,2.2153996403469804,0.20596183062293558
5-18B,6.0,118.0508,1.618700921592875,0.3534000529181279
5-18B,6.0,118.9804,-0.811363707679426,0.06636577609250549
5-18B,6.0,119.0503,-0.324849554949633,0.21920587031918454
5-18B,6.0,120.9273,-0.2723561707222101,0.08821035579766669
5-18B,6.0,121.0295,0.10979467309061637,0.48023505963556495
5-18B,6.0,121.0409,-0.14573333879815348,0.7109665461052164
5-18B,6.0,122.0248,0.7980347305806351,0.27137315138983553
5-18B,6.0,124.0075,-0.7039019759468272,0.22537586383410552
5-18B,6.0,124.0144,-0.21351028778895875,0.148219378046714
5-18B,6.0,125.0439,0.6684877067281327,0.31676042817871675
5-18B,6.0,127.0764,-0.35051093188977783,0.4577130297756803
5-18B,6.0,128.0354,-0.373606258124339,0.006130787010733377
5-18B,6.0,129.0193,2.3703112780728968,0.22550720819109848
5-18B,6.0,129.0556,-0.7032997328886297,0.29819800369436034
5-18B,6.0,130.0142,2.696537945918912,0.30177101833060666
5-18B,6.0,130.0509,1.0796178606248046,0.07793378932083589
5-18B,6.0,130.0874,0.25882065824533956,0.10150854853185297
5-18B,6.0,131.0008,1.6869974850033733,0.36037120896392805
5-18B,6.0,131.0123,1.4421129694506714,0.1623441321855332
5-18B,6.0,131.035,0.11295555993553877,0.22127142811933645
5-18B,6.0,131.0462,-0.1755381405602519,0.12947850501488936
5-18B,6.0,131.0828,-0.6290730500210524,0.06427502955107545
5-18B,6.0,132.0302,1.0789288669596377,0.10842025639324694
5-18B,6.0,133.0142,0.17259644893136267,0.12617431834969192
5-18B,6.0,133.0257,0.2414150078942791,0.10926777475473748
5-18B,6.0,133.0505,2.347587101588898,0.16034029228145488
5-18B,6.0,134.0472,-0.2811122529618031,0.1099433000655489
5-18B,6.0,134.0604,2.266885440059426,0.28080466713849694
5-18B,6.0,135.0302,0.026536521503113246,0.10479881434949981
5-18B,6.0,135.0453,0.2925642621393232,0.1593020973215919
5-18B,6.0,136.0404,0.27123663421807925,0.14071159143081938
5-18B,6.0,136.0487,0.3031150301923023,0.28277433934961727
5-18B,6.0,136.0767,-0.5314133368520491,0.1775882800748695
5-18B,6.0,137.0239,-0.13503127924560449,0.11946284795611928
5-18B,6.0,138.9789,0.0698375735412128,0.3068191385334068
5-18B,6.0,139.0014,2.823152946478305,0.28843394872310063
5-18B,6.0,139.0067,-0.29242613420137914,0.11396043487682973
5-18B,6.0,139.976,-0.6676913848284418,0.4456567845899887
5-18B,6.0,143.0713,-0.5654676371541891,0.22716645111259257
5-18B,6.0,143.1077,0.378409518210843,0.47596793201894
5-18B,6.0,145.0141,-0.2938944593428291,0.12464489211078197
5-18B,6.0,145.0506,-0.16116742785672228,0.1366854268953859
5-18B,6.0,145.0623,-0.2893336846625777,0.07082163368065165
5-18B,6.0,145.0982,-0.8800849882485222,0.10359678557834086
5-18B,6.0,145.1106,-0.6209245582484776,0.5916705471932846
5-18B,6.0,146.0459,-0.40170294625138564,0.015387137851947393
5-18B,6.0,147.0298,0.8006171766757894,0.0968467403809594
5-18B,6.0,147.0662,2.8510489136344317,0.1867821909772243
5-18B,6.0,149.0092,-0.1707651935205192,0.735152558206378
5-18B,6.0,149.0456,0.018345512184318805,0.1657617172952009
5-18B,6.0,149.0608,-0.33175944597747664,0.3342514989173372
5-18B,6.0,150.0422,0.014156744950291388,0.5150446942778085
5-18B,6.0,150.9707,0.07081451883471071,0.24580483414474955
5-18B,6.0,151.0259,-0.6260928887041989,0.1438142086869635
5-18B,6.0,151.04,-0.38359482808904455,0.6455522893540081
5-18B,6.0,151.06,-0.285302177825275,0.697476215168561
5-18B,6.0,152.0353,0.028683872736684535,0.29515696898580984
5-18B,6.0,152.0716,-0.23786356933876573,0.4504593399680421
5-18B,6.0,153.0192,-0.29689415969042277,0.070380806774646
5-18B,6.0,154.062,-0.5145948740626982,0.07180026609743055
5-18B,6.0,154.9751,1.944807771733009,0.2561317572690622
5-18B,6.0,155.0099,0.24544208513042343,0.06919615730172997
5-18B,6.0,157.0128,1.9803142713707165,0.2761730461219308
5-18B,6.0,157.0255,0.7281544308638318,0.13916075336227224
5-18B,6.0,157.0379,0.8968626941834577,0.145102985230354
5-18B,6.0,157.0504,1.44252519455706,0.09287498746708574
5-18B,6.0,159.0297,0.295970012666238,0.23094388897869012
5-18B,6.0,159.0775,0.4229281969643123,0.15316975623444196
5-18B,6.0,160.0616,0.5371400048696824,0.09291057943914979
5-18B,6.0,161.0453,0.0002521577684577378,0.2399057342755808
5-18B,6.0,162.0424,1.7173525322150134,0.3131569250960481
5-18B,6.0,163.0351,-0.5958885263395376,0.16942043510655855
5-18B,6.0,163.0398,2.5925983847547815,0.394690841510684
5-18B,6.0,163.0611,0.9097343137884347,1.0928694653289592
5-18B,6.0,164.0716,-0.5292894916606997,0.019918181079771044
5-18B,6.0,165.03,-0.43677223023226186,0.39593239497771726
5-18B,6.0,165.0405,-0.6050593923353308,0.5438350824602052
5-18B,6.0,165.0556,0.2530961829955368,0.14682528607284415
5-18B,6.0,166.0508,1.8733535435177078,0.36757604301009317
5-18B,6.0,166.0632,1.1622246302031691,1.5087714664641216
5-18B,6.0,166.9759,0.3015424333274329,0.505917839134208
5-18B,6.0,167.0207,-0.715508341258243,0.08335937320219827
5-18B,6.0,167.0358,-0.6071628109417576,0.5647821896560952
5-18B,6.0,167.0828,-0.18385849476490038,0.8251559848486215
5-18B,6.0,168.0277,-0.46924713055358547,0.039360945674942915
5-18B,6.0,168.0664,-0.35537587642754753,0.2951700290389331
5-18B,6.0,170.0455,1.357477659854046,0.06470019740473779
5-18B,6.0,171.0065,0.6407348893000752,0.289394116052726
5-18B,6.0,171.0092,0.7252141405106712,0.4776732285362438
5-18B,6.0,171.0284,1.7889886346463673,0.13662295692295048
5-18B,6.0,172.0616,1.2053546362919898,0.5056479298455776
5-18B,6.0,172.962,0.46104874927686745,0.03849074893584726
5-18B,6.0,173.0089,1.3259951842041118,0.3460575160118157
5-18B,6.0,173.0453,0.7851757993075426,0.25189097348775136
5-18B,6.0,173.0932,0.5857392820344154,0.05775403877919916
5-18B,6.0,173.1041,-0.8119676802451861,0.11810971549693651
5-18B,6.0,174.0407,1.1409038226614996,0.14270287241559623
5-18B,6.0,174.088,0.5668206585578811,0.18796646522819171
5-18B,6.0,175.022,0.7428820660430394,0.1339704813811231
5-18B,6.0,175.0361,1.0942966988566272,0.15825931791719697
5-18B,6.0,175.0611,1.125022884187917,0.11504790161694958
5-18B,6.0,176.0776,1.1471114088749093,0.10321576181957878
5-18B,6.0,177.0402,0.6926936176656313,0.5362449590134957
5-18B,6.0,177.0553,-0.1309904115030006,0.26957641657265863
5-18B,6.0,178.0509,1.0509919331169897,0.07201984253855111
5-18B,6.0,179.0348,2.1828770794562544,0.2962370892115483
5-18B,6.0,179.0561,-0.7410459180227189,0.06649092394572201
5-18B,6.0,180.0663,-0.8304061873651977,0.094207158119108
5-18B,6.0,181.0505,1.4722101639404614,0.2094631739153165
5-18B,6.0,182.9725,-0.9273661627378793,0.11697568887507825
5-18B,6.0,183.0661,-0.7586445319366915,0.5759383528713922
5-18B,6.0,184.0017,-0.5010997568722468,0.09419342209923968
5-18B,6.0,184.9856,-0.03160419743369424,0.15342124734631657
5-18B,6.0,186.1136,-1.0218459312390862,0.5109814666821233
5-18B,6.0,187.0234,1.1673023057157814,0.3262647854184915
5-18B,6.0,188.035,-0.13602967885247497,1.09508144290496
5-18B,6.0,188.0565,0.9229791951433377,0.06717776679059057
5-18B,6.0,189.0405,-0.12738192586084524,0.16255519236278293
5-18B,6.0,191.0197,0.39361583088706553,0.22716518401261526
5-18B,6.0,191.0561,1.0262958086879446,0.16915840251891293
5-18B,6.0,192.0663,1.108386993274887,0.4320498802154652
5-18B,6.0,193.0349,0.12379535481872964,0.35711089522277534
5-18B,6.0,194.0682,-0.18065352670230977,0.12479143271028831
5-18B,6.0,194.0822,-0.24273285484389448,0.2852909611502358
5-18B,6.0,195.0509,-1.036556737618559,0.054650065665884054
5-18B,6.0,195.0657,1.0859654099164273,0.5232609961651038
5-18B,6.0,196.0603,1.198174692436011,0.1051584724381297
5-18B,6.0,198.0182,0.7367623388818285,0.1434549428427134
5-18B,6.0,199.0019,1.2894535973349126,0.35727245459195944
5-18B,6.0,200.9937,-0.3115747865547418,0.20792522520993081
5-18B,6.0,201.0051,0.47591838325591573,0.3880010424488128
5-18B,6.0,203.0348,-0.6803636876503755,0.22487091995142736
5-18B,6.0,203.0826,-0.09005441381368509,0.00674970259053592
5-18B,6.0,204.0498,-0.8454526241819947,0.20025037939453305
5-18B,6.0,205.0351,0.5404626260722206,0.2313531739790427
5-18B,6.0,206.0822,-0.03711607605491414,0.595543656845294
5-18B,6.0,209.0292,1.2126107812810698,0.5644988495025125
5-18B,6.0,209.0814,-0.5412671930212916,0.6044093798790078
5-18B,6.0,211.0235,0.767839203491931,0.37281959775133755
5-18B,6.0,211.9968,0.8662431075315411,0.15823739787028834
5-18B,6.0,212.0331,0.3786131380545871,0.2374894253618958
5-18B,6.0,212.9807,0.3651951332274519,0.21808977091228346
5-18B,6.0,213.014,1.5255172598015267,0.4207151606069484
5-18B,6.0,213.0384,0.6539652436540431,0.3511144850402472
5-18B,6.0,213.1252,0.6078938949037689,1.1573356033402278
5-18B,6.0,214.0488,-0.27947349761712664,1.027708071433329
5-18B,6.0,215.0331,-0.5948272718809486,0.0692194612710183
5-18B,6.0,216.1351,-0.8919208016290068,0.04199675672480678
5-18B,6.0,218.0335,-0.6897115044473358,0.05575601678632061
5-18B,6.0,218.1034,1.4132739174329574,0.09920512388453498
5-18B,6.0,220.0828,-0.18890775670787596,0.7939755412902185
5-18B,6.0,221.0443,-0.7790494047624017,0.07026481737296471
5-18B,6.0,221.0664,-0.42110635089297344,0.250539805199642
5-18B,6.0,225.0399,0.24484861493355195,0.41780092633087795
5-18B,6.0,225.0861,-1.0744579619517483,0.3928099975920435
5-18B,6.0,225.0901,-0.15355924534988785,0.31263753351497997
5-18B,6.0,226.0135,0.07701192493470524,0.1690006095559828
5-18B,6.0,226.0697,-0.3584428059315683,0.32917973559420954
5-18B,6.0,228.0501,0.5087416200602352,0.24142852229965034
5-18B,6.0,229.0122,1.2481736368425893,0.2563146209125585
5-18B,6.0,237.0614,1.4852207775844146,0.36789672701249826
5-18B,6.0,238.0945,-0.5872330281453986,0.1213027737211659
5-18B,6.0,240.0515,1.5525576355015416,0.1667554062826925
5-18B,6.0,241.0844,-0.3402388705622037,0.5146394585916495
5-18B,6.0,242.0804,-0.755380526491299,1.0490880720673204
5-18B,6.0,243.029,1.5606480394547186,0.508510826864418
5-18B,6.0,243.0625,0.30333827037662936,0.5691073933915171
5-18B,6.0,245.0444,1.3339656357321243,0.14885410610240404
5-18B,6.0,246.0198,0.21358536980810255,0.3287441382529676
5-18B,6.0,246.064,-0.6637574780144686,0.11281294859186598
5-18B,6.0,251.0816,0.918401383038854,1.506870224149754
5-18B,6.0,253.0119,-0.013785418414541646,0.03083119390370222
5-18B,6.0,253.0499,0.24031365016018053,0.5550035752685656
5-18B,6.0,257.0072,0.11078107782669729,1.0394102068421718
5-18B,6.0,257.1028,-0.5779833745217702,0.4400305729442263
5-18B,6.0,259.005,1.2890892206598485,0.5582315833573871
5-18B,6.0,259.0227,-0.54106643213771,0.18430716748347914
5-18B,6.0,261.0385,-0.10745973650574625,0.23805638550660474
5-18B,6.0,266.0703,0.6093164915124543,0.1318799033215833
5-18B,6.0,267.0724,1.580886361013046,0.21901798815402734
5-18B,6.0,268.02,0.914518934278786,0.37327408994584516
5-18B,6.0,269.0398,1.526994768538417,0.3241890139262194
5-18B,6.0,271.0612,0.771882917977309,0.6134068404080097
5-18B,6.0,271.0815,-0.34774820233525894,0.73595939002399
5-18B,6.0,273.0021,2.551163956293669,0.6570737141669917
5-18B,6.0,274.0933,1.57921699156428,0.2954205096036404
5-18B,6.0,275.0184,0.006804825377167409,0.26955793782582005
5-18B,6.0,275.0991,-0.39730369100124746,0.17882392559710927
5-18B,6.0,277.1207,-0.9623586857088171,0.01917947020732885
5-18B,6.0,277.2169,-0.7909888046098252,0.3309995149337997
5-18B,6.0,279.2331,-0.43218732844693397,0.023483614885845206
5-18B,6.0,282.0839,0.9101543034659862,0.35917333953732605
5-18B,6.0,283.2063,-0.7125409792433606,0.2041440372341477
5-18B,6.0,285.0972,-0.8280289527877042,0.45964711880395975
5-18B,6.0,287.0157,-0.5078522409407085,0.30631686273861963
5-18B,6.0,288.0725,0.4172401233608471,0.13464037834221315
5-18B,6.0,289.0333,0.14990709237926467,0.32329990828399835
5-18B,6.0,289.1044,0.6812211011783996,0.30658958997445557
5-18B,6.0,290.9677,0.26593665600441824,0.16255888647425168
5-18B,6.0,294.0479,-1.3811040371856977,0.46589616752539464
5-18B,6.0,300.0509,0.003701577778252252,0.758974180256649
5-18B,6.0,301.0333,-0.32098760822209194,0.1990275401820787
5-18B,6.0,303.2326,-0.43945156630507076,0.5250652441885213
5-18B,6.0,305.0207,-0.7791299459288396,0.1262411942128042
5-18B,6.0,306.0481,1.7958597640195906,0.2278886912999854
5-18B,6.0,306.0765,-0.2500907240010617,0.04830975139295998
5-18B,6.0,308.0986,-0.3414197063143537,0.08898681835687791
5-18B,6.0,313.0441,0.4710688842617252,0.4820229569105349
5-18B,6.0,313.1037,0.32546420969765877,0.35898202887321745
5-18B,6.0,317.026,-0.060338607148706085,0.3111700057121326
5-18B,6.0,323.0256,-1.014093270065159,0.39358162826942716
5-18B,6.0,325.1163,-1.024128653784667,0.2153422590037508
5-18B,6.0,328.0457,0.1958885314140797,0.12358854140101147
5-18B,6.0,333.0589,0.3151243504344404,0.47023006903020603
5-18B,6.0,338.9884,0.15017125053727237,0.860653826675013
5-18B,6.0,339.0928,-0.3750608634043433,0.28102608471295903
5-18B,6.0,341.1089,-0.39457413529198027,0.3209259205260129
5-18B,6.0,344.0393,-0.48818160270724303,0.18712367855818932
5-18B,6.0,346.0556,-0.42635225256202613,0.11059268759054595
5-18B,6.0,348.087,1.28648161362349,0.613097666073507
5-18B,6.0,353.0489,-0.4588622732404486,0.5192698487713074
5-18B,6.0,357.089,-0.09229064502972725,0.2677144902413714
5-18B,6.0,375.131,-0.33056969875796516,0.29000865178408397
5-18B,6.0,377.1496,-0.41134601576536606,0.3266231645408808
5-18B,6.0,383.1188,-0.7956807818269518,0.48649081902340824
5-18B,6.0,388.9416,0.41295248750124713,0.15103363588372515
5-18B,6.0,388.9442,0.09353500732796233,0.18332528188365463
5-18B,6.0,401.0756,-1.00237216137731,0.0062269232378034094
5-18B,6.0,407.2795,-1.0154251027741292,0.12083824953815137
5-18B,6.0,421.0743,-0.21791136256024213,0.6263104146663838
5-18B,6.0,426.0222,-0.5204803237887035,0.32633529957928376
5-18B,6.0,442.9997,-0.3952313344599407,0.061879872446447236
5-18B,6.0,466.9657,-0.5223041365289562,0.2532848258151253
5-18B,6.0,490.9787,-0.992439771945604,0.4940706339503626
5-18B,6.0,503.1614,-0.6164189615104514,0.40767960812008985
5-18B,6.0,547.0731,0.7454950232689916,0.09871524609289424
5-18B,6.0,565.0471,-0.13993548629771513,0.24025719668993045
5-18B,6.0,578.8872,-0.9422460204728262,0.03154259589038328
5-18B,6.0,579.0269,-0.9513323174740691,0.03097162067730233
5-18B,6.0,612.2549,0.7691372042919421,0.8122946346682447
5-18B,6.0,624.2949,0.14529346951950745,0.3203039694054896
5-18B,6.0,659.307,-0.3123816207604906,0.23176777732427223
5-18B,6.0,664.0939,-0.10403688287656494,0.35354998203074456
5-18B,6.0,665.2144,0.3655572306073076,0.5660637357523008
5-18B,6.0,668.1374,0.5685331716335922,0.06747813323480657
5-18B,6.0,787.255,-0.08022923559621385,0.42806633879361555
5-18B,6.0,790.2568,-0.26440542801396355,0.23539366028061187
5-18B,6.0,835.0407,-0.5037853288445033,0.14301971627032972
5-18B,6.0,863.2971,0.23239102127264383,0.07697353037546409
5-18B,6.0,864.1473,0.40703672429274845,0.2584910004573605
5-18B,6.0,974.2935,1.0457009757909526,0.521128102229828
5-18B,6.0,976.7162,-0.8620852533576775,0.13281686659126138
5-18B,7.0,57.0342,-1.335873949040257,0.3756689610121162
5-18B,7.0,58.0295,0.6385127801437752,0.22630826453787836
5-18B,7.0,59.0135,-1.5632911058519436,0.1330485180413477
5-18B,7.0,71.0137,-1.1775743347104124,0.04109627361708122
5-18B,7.0,73.0293,2.1511691710740917,0.4073419167710765
5-18B,7.0,74.0247,0.2630599091565362,0.4869839497839351
5-18B,7.0,75.0087,1.1298969263046734,0.24516173847862827
5-18B,7.0,87.0088,1.4177157809177032,0.21676643121030745
5-18B,7.0,87.0451,-0.509234925792732,0.37069131801436705
5-18B,7.0,88.0403,1.07164366994874,0.18874562417548454
5-18B,7.0,88.9883,1.0274307597694246,0.8223943187582883
5-18B,7.0,89.0244,1.374957959229366,0.3871696417881319
5-18B,7.0,93.0338,0.02342537522499746,0.027968164773951452
5-18B,7.0,94.9761,-1.01287306855589,0.5952669510187524
5-18B,7.0,94.9806,0.8131927917369981,0.2580325340067276
5-18B,7.0,95.0139,-1.1052323894197276,0.08467403789494364
5-18B,7.0,101.0242,-0.8708357019699358,0.3569033341872458
5-18B,7.0,102.056,-0.16899368017622773,0.050565063169290485
5-18B,7.0,103.0402,0.8032156902733418,0.2855946401241664
5-18B,7.0,103.0509,0.6237582412077483,0.15431141779172924
5-18B,7.0,104.0352,-0.35554806135690753,0.18124599642208725
5-18B,7.0,105.0193,0.2218549538807118,0.5284141255459417
5-18B,7.0,107.0503,0.35900564616229935,0.8921587315472732
5-18B,7.0,109.0295,0.6757991067316411,0.21244071986659344
5-18B,7.0,111.02,0.598539521083818,0.19458943459936492
5-18B,7.0,112.0516,-0.11686813249130479,0.8386846940678075
5-18B,7.0,113.0244,-1.1115103032763511,0.06081786098325287
5-18B,7.0,113.0357,0.19039400776299478,0.07357250479334479
5-18B,7.0,114.056,-0.20249035880180827,0.021293936888624916
5-18B,7.0,115.0037,0.7101618352621315,0.0978911347818824
5-18B,7.0,115.0402,0.65149569673313,0.603856711486931
5-18B,7.0,115.0764,-0.1420147799604026,0.6334984865679036
5-18B,7.0,116.0354,0.48628432833425517,0.19281053444096874
5-18B,7.0,116.0717,0.3342454967450552,0.06997335030934954
5-18B,7.0,117.0194,2.060166267998855,0.38823951890382796
5-18B,7.0,118.0508,1.7881500827442434,0.3194742967270633
5-18B,7.0,118.9804,-1.1665623612934581,0.03866386070516359
5-18B,7.0,119.0503,-0.8081908851587442,0.495400333144073
5-18B,7.0,120.9273,-0.32201715927367414,0.07304564764171881
5-18B,7.0,121.0295,-0.014828977513715508,0.6189085672248187
5-18B,7.0,121.0409,-0.5569297464792836,0.5170104508749586
5-18B,7.0,122.0248,0.5552801704261663,0.5941767653098828
5-18B,7.0,124.0075,-0.09189095479286395,0.29235059977825817
5-18B,7.0,124.0144,-0.7561652001734099,0.28044785048866044
5-18B,7.0,125.0439,-0.10335684305394144,0.4810030118892321
5-18B,7.0,127.0764,-0.7347000748810054,0.5727019500660631
5-18B,7.0,128.0354,-0.3112894050127776,0.017165725771738423
5-18B,7.0,129.0193,2.251793075957486,0.4490374761921474
5-18B,7.0,129.0556,0.2880337867121626,0.7112851607366002
5-18B,7.0,130.0142,2.104032784674017,0.7717155987252587
5-18B,7.0,130.0509,0.8575727540601943,0.17274220976118498
5-18B,7.0,130.0874,0.5178773862210362,0.08275788844877899
5-18B,7.0,131.0008,1.5990328203621864,0.42118545390749007
5-18B,7.0,131.0123,1.8365807711535715,0.2656679828094291
5-18B,7.0,131.035,-0.8338615680526065,0.251649594279656
5-18B,7.0,131.0462,-0.8958792001070288,0.13366860799566782
5-18B,7.0,131.0828,-0.1861598817690024,0.06075602579526099
5-18B,7.0,132.0302,0.7275083801358818,0.11323839738259789
5-18B,7.0,133.0142,0.16596725658987388,0.04520134633549031
5-18B,7.0,133.0257,0.33938423013247965,0.12007791525645838
5-18B,7.0,133.0505,1.8523427897353981,0.378826142485164
5-18B,7.0,134.0472,0.27568393896786525,0.3284072031974991
5-18B,7.0,134.0604,1.3143378783554842,0.7803635132733604
5-18B,7.0,135.0302,1.0703026481850737,0.39421504956795617
5-18B,7.0,135.0453,0.1439960969311139,0.3771508792298092
5-18B,7.0,136.0404,0.64305752511705,0.14884266454715206
5-18B,7.0,136.0487,0.696234807083898,0.3106320231621255
5-18B,7.0,136.0767,-0.03996660607146546,0.909401031500899
5-18B,7.0,137.0239,0.31142944797961636,0.17583524490594712
5-18B,7.0,138.9789,-0.06678271600184989,0.5553181247461987
5-18B,7.0,139.0014,2.749385051093382,0.3285397254069461
5-18B,7.0,139.0067,-0.38416954468717407,0.10156918711540651
5-18B,7.0,139.976,-0.005691297630156522,0.6207513993083204
5-18B,7.0,143.0713,-0.6427270922746736,0.2711272235802805
5-18B,7.0,143.1077,0.11006994257637742,1.1036887603581869
5-18B,7.0,145.0141,-0.055496683223497996,0.12822126346440882
5-18B,7.0,145.0506,0.31589437148797306,0.3320054966279236
5-18B,7.0,145.0623,0.6268029601133681,0.6642342154691655
5-18B,7.0,145.0982,-0.11832636368577278,0.273429159414677
5-18B,7.0,145.1106,0.15719352769919395,0.8100416343059218
5-18B,7.0,146.0459,-0.3835470231152366,0.0016158518652543347
5-18B,7.0,147.0298,0.6196682499785331,0.11514573719170731
5-18B,7.0,147.0662,1.8078109982375228,0.33846546343063083
5-18B,7.0,149.0092,-0.21747596747601192,0.5375616083423855
5-18B,7.0,149.0456,-0.6831116798125902,0.12404206400077931
5-18B,7.0,149.0608,-0.5565749956556,0.6882937598871188
5-18B,7.0,150.0422,1.2460230389143887,0.3243335304321102
5-18B,7.0,150.9707,0.9018294590474878,1.0377588766127757
5-18B,7.0,151.0259,-0.44626712119261625,0.07891898189623807
5-18B,7.0,151.04,-0.45362964435000347,0.927307772711106
5-18B,7.0,151.06,1.2309916475541494,1.017261054872461
5-18B,7.0,152.0353,0.3377178772420978,0.9326059242704843
5-18B,7.0,152.0716,-0.6739871483901353,0.4981528778208168
5-18B,7.0,153.0192,-0.892532566386403,0.07177022520098873
5-18B,7.0,154.062,-0.3242829999282076,0.16571270482133377
5-18B,7.0,154.9751,2.282623000652622,0.369851919864555
5-18B,7.0,155.0099,0.47375306044741977,0.15150987643535369
5-18B,7.0,157.0128,1.8022011285557904,0.3600493733380301
5-18B,7.0,157.0255,0.5180672392877859,0.1242040935996982
5-18B,7.0,157.0379,0.5902967191550885,0.201141216559495
5-18B,7.0,157.0504,1.0056504875320529,0.1600701019706343
5-18B,7.0,159.0297,-0.3966896335963428,0.3732670969163472
5-18B,7.0,159.0775,0.4211739381842391,0.129476063804616
5-18B,7.0,160.0616,0.3583909591607943,0.6696676549468075
5-18B,7.0,161.0453,-1.0705960065481812,0.3145114914815892
5-18B,7.0,162.0424,0.9711551073856511,0.1765784295590926
5-18B,7.0,163.0351,-0.34885836754079846,0.4781426639156462
5-18B,7.0,163.0398,1.7210509040097866,0.033665919385261575
5-18B,7.0,163.0611,0.1830320395169865,0.8990319805866804
5-18B,7.0,164.0716,0.18385882110278917,0.08707906468471292
5-18B,7.0,165.03,0.13049057419454302,0.5289792508574879
5-18B,7.0,165.0405,0.8896521638165117,0.7375587792929005
5-18B,7.0,165.0556,0.3163155201240374,0.12337031140404205
5-18B,7.0,166.0508,1.2093373462720085,0.1799219976247762
5-18B,7.0,166.0632,-0.05448305520508592,0.6456887563604641
5-18B,7.0,166.9759,0.6747278586622134,0.32122936685756304
5-18B,7.0,167.0207,-0.6502038842986457,0.37545879673195726
5-18B,7.0,167.0358,-0.3294032908421996,0.7779361822447544
5-18B,7.0,167.0828,-0.7413219977240986,0.5660194042754044
5-18B,7.0,168.0277,-0.3740581568444187,0.05705125005235393
5-18B,7.0,168.0664,-0.4776477695916659,0.4651092166573156
5-18B,7.0,170.0455,1.3187891181469773,0.09908543411353868
5-18B,7.0,171.0065,0.3735285687982152,0.06256329774326612
5-18B,7.0,171.0092,0.2881265293738783,0.1023117321531014
5-18B,7.0,171.0284,1.4075154677143469,0.3217514249286037
5-18B,7.0,172.0616,0.2552811101206512,0.2594377245346958
5-18B,7.0,172.962,0.46282928129847145,0.13525218756696003
5-18B,7.0,173.0089,0.9037651692939503,0.3560828603418544
5-18B,7.0,173.0453,0.39997036436274436,0.2923393205298903
5-18B,7.0,173.0932,1.311380811006575,0.1705527495212305
5-18B,7.0,173.1041,-0.12768829866230907,0.29604151680804186
5-18B,7.0,174.0407,0.6167011180150103,0.12995189880728947
5-18B,7.0,174.088,0.22674625543702853,0.1759752498585112
5-18B,7.0,175.022,1.2271895873487322,0.6022443300541795
5-18B,7.0,175.0361,0.7549230327890157,0.25103091131548194
5-18B,7.0,175.0611,0.6587153724267248,0.12802271688757993
5-18B,7.0,176.0776,0.6506362204124079,0.3088478741726499
5-18B,7.0,177.0402,-0.266108792461226,0.25006779341475677
5-18B,7.0,177.0553,-0.7228991659422254,0.8357922481548609
5-18B,7.0,178.0509,1.801483515605653,0.2514192723597954
5-18B,7.0,179.0348,1.0946951940418734,0.7607035769474407
5-18B,7.0,179.0561,-1.1723325275926166,0.008755033882940005
5-18B,7.0,180.0663,-1.249882851756086,0.01864831992971588
5-18B,7.0,181.0505,0.8749448374839677,0.21231821351119862
5-18B,7.0,182.9725,-1.2636001994244173,0.1408931418867855
5-18B,7.0,183.0661,-0.769713714946465,0.439671244040289
5-18B,7.0,184.0017,-0.49454779307621405,0.08673529828909009
5-18B,7.0,184.9856,0.3887295529172058,0.19970929914886001
5-18B,7.0,186.1136,-0.6656756764377657,0.33751204966450243
5-18B,7.0,187.0234,0.6567374423722785,0.5817238053860987
5-18B,7.0,188.035,1.0330246364191487,1.0691237489424679
5-18B,7.0,188.0565,0.4046073245996883,0.0822152101884743
5-18B,7.0,189.0405,-0.530415848711906,0.18404136812247135
5-18B,7.0,191.0197,0.26926199895593117,0.3091676687714687
5-18B,7.0,191.0561,0.4180990921876893,0.12588725219514385
5-18B,7.0,192.0663,-0.17869362521203022,0.7741527664544275
5-18B,7.0,193.0349,0.5403747598880557,0.4055384454281715
5-18B,7.0,194.0682,1.933566100794525,0.11308917067345049
5-18B,7.0,194.0822,-0.03376196031187406,0.630482937808882
5-18B,7.0,195.0509,-0.0063092742103148525,0.8197945349921157
5-18B,7.0,195.0657,1.9524763641997795,0.6078057969255561
5-18B,7.0,196.0603,0.8013453528670575,0.32245184994072423
5-18B,7.0,198.0182,0.8454239847378824,0.5952567312980479
5-18B,7.0,199.0019,1.8809259523818427,0.5531726327341897
5-18B,7.0,200.9937,-0.8513063755657783,0.17841416987886083
5-18B,7.0,201.0051,1.5391767084233585,0.711540905076939
5-18B,7.0,203.0348,1.283851853553863,0.3055948669223344
5-18B,7.0,203.0826,-0.08963200808946015,0.005798359423921418
5-18B,7.0,204.0498,-0.8386179727236434,0.28911725189645743
5-18B,7.0,205.0351,0.02251148471302461,0.3212202502689702
5-18B,7.0,206.0822,-0.6300116923553898,0.5733925676594444
5-18B,7.0,209.0292,1.6674982968550998,0.28876179875318886
5-18B,7.0,209.0814,-0.20357418001095087,0.39518237235069603
5-18B,7.0,211.0235,1.061681466993073,0.26903379550988743
5-18B,7.0,211.9968,0.6676521928519722,0.21770020796652673
5-18B,7.0,212.0331,-0.1563780551671779,0.12404648824173027
5-18B,7.0,212.9807,1.2875828644544103,0.3116828694901776
5-18B,7.0,213.014,1.3746121223142629,0.43331557827901906
5-18B,7.0,213.0384,1.1116580964617546,0.32925654804021687
5-18B,7.0,213.1252,-0.680838603249665,0.5239798858072003
5-18B,7.0,214.0488,-0.96110124527069,0.6813324685231222
5-18B,7.0,215.0331,-1.2366603179305407,0.00876686194327082
5-18B,7.0,216.1351,-0.8569551952118162,0.1513802262010681
5-18B,7.0,218.0335,-1.2336254504144928,0.007753073987477704
5-18B,7.0,218.1034,0.6073198587110684,0.12877784857854363
5-18B,7.0,220.0828,-0.8021150955340912,0.3801676362156647
5-18B,7.0,221.0443,-1.0258607531476494,0.09538565259432046
5-18B,7.0,221.0664,-0.8408000465667503,0.606722101833861
5-18B,7.0,225.0399,0.3269651157180634,0.9289407600762664
5-18B,7.0,225.0861,-0.2541785986346676,0.6941228342345587
5-18B,7.0,225.0901,-0.12176350570990391,0.734786652812972
5-18B,7.0,226.0135,0.4338794309845164,0.34147404403417525
5-18B,7.0,226.0697,-0.567350141201167,0.22042681721356633
5-18B,7.0,228.0501,0.5898067197425533,0.2504120160594383
5-18B,7.0,229.0122,0.8158138742476605,0.5860109097117556
5-18B,7.0,237.0614,1.3867930103522372,0.18556132557322522
5-18B,7.0,238.0945,-0.18409729727929103,0.3969746518318864
5-18B,7.0,240.0515,0.9638917637503814,0.14199166819337403
5-18B,7.0,241.0844,0.4679235141339126,0.8641982814982436
5-18B,7.0,242.0804,0.4372857445064615,1.06274687748387
5-18B,7.0,243.029,1.5817094797826534,0.3266630275069109
5-18B,7.0,243.0625,0.4598057267616309,0.37400012959935486
5-18B,7.0,245.0444,1.3267186559639461,0.43489614021997713
5-18B,7.0,246.0198,0.3085994209348479,0.49323391642368675
5-18B,7.0,246.064,-0.8904706934913804,0.08530924478012464
5-18B,7.0,251.0816,-0.15483534231151785,0.6941289261216934
5-18B,7.0,253.0119,0.03462140033768896,0.05583331086817159
5-18B,7.0,253.0499,0.011099101126814642,0.46913711266624414
5-18B,7.0,257.0072,0.45321102496576804,0.6430268267891287
5-18B,7.0,257.1028,-0.6689731829891475,0.41556915411095363
5-18B,7.0,259.005,1.311111859683661,0.8375946154194788
5-18B,7.0,259.0227,-1.195162576046345,0.06769225034633829
5-18B,7.0,261.0385,0.11714993031520267,0.07649960291090518
5-18B,7.0,266.0703,0.7830430504938526,0.5133524830805943
5-18B,7.0,267.0724,0.8045595848339775,0.04268096324464279
5-18B,7.0,268.02,0.4215504204364695,0.2523808731267086
5-18B,7.0,269.0398,1.7898811322515111,0.3354182947001179
5-18B,7.0,271.0612,-0.012578191308789274,0.368057453973149
5-18B,7.0,271.0815,-0.5646247993000533,0.4517248288436123
5-18B,7.0,273.0021,2.455388122409502,0.513315466550627
5-18B,7.0,274.0933,0.6687164630710516,0.30786584849593224
5-18B,7.0,275.0184,0.008908667104127521,0.49964440619282824
5-18B,7.0,275.0991,0.7672027799083825,0.4870654887784079
5-18B,7.0,277.1207,-1.0667669706229352,0.019255103376656566
5-18B,7.0,277.2169,-0.5436201819418208,0.3098944370484416
5-18B,7.0,279.2331,-0.38140589898894695,0.025375442800731018
5-18B,7.0,282.0839,-0.7630345141096873,0.3359276621846186
5-18B,7.0,283.2063,-0.6906682495535854,0.2166358960544294
5-18B,7.0,285.0972,-0.20490689182019833,0.47589259144585283
5-18B,7.0,287.0157,-0.8584300954700519,0.27648908961590307
5-18B,7.0,288.0725,0.8566691318015682,0.16350331876106738
5-18B,7.0,289.0333,0.7500582830809072,0.5353714132741648
5-18B,7.0,289.1044,0.7690434655880971,0.24668880787134548
5-18B,7.0,290.9677,0.003724499143996779,0.23973417139697092
5-18B,7.0,294.0479,-1.0127123076276192,0.3927714536099899
5-18B,7.0,300.0509,0.5067960540019131,0.7312127134826768
5-18B,7.0,301.0333,0.277777635981113,0.946730087465826
5-18B,7.0,303.2326,-0.8389131916778745,0.15808015386809438
5-18B,7.0,305.0207,-1.153377961017187,0.10388598383518875
5-18B,7.0,306.0481,1.6484451320716176,0.17181405181296017
5-18B,7.0,306.0765,-0.16002325930592343,0.013285196088758468
5-18B,7.0,308.0986,-0.35775061893550464,0.034946728771618966
5-18B,7.0,313.0441,0.2621854979176775,0.4794146297076497
5-18B,7.0,313.1037,0.965209425321837,1.1262803652729791
5-18B,7.0,317.026,-0.4313569038141523,0.9466153443774207
5-18B,7.0,323.0256,0.1641051654985081,0.36818535369631045
5-18B,7.0,325.1163,-1.065875042927035,0.19186002207952155
5-18B,7.0,328.0457,0.34524009027644836,0.1957404296472113
5-18B,7.0,333.0589,0.824353097510963,0.25882399712538806
5-18B,7.0,338.9884,-0.0641405233435832,0.8573536194332864
5-18B,7.0,339.0928,0.749632526308188,0.8168733994119896
5-18B,7.0,341.1089,-0.37906110450520836,0.2513515722748112
5-18B,7.0,344.0393,-0.2321822456522355,0.21798129755304946
5-18B,7.0,346.0556,0.5350793321087084,0.5123202720373643
5-18B,7.0,348.087,0.9885473048745337,0.22659932201862845
5-18B,7.0,353.0489,2.023049667482634,1.006250433399352
5-18B,7.0,357.089,0.5567450997845305,0.4323931107321167
5-18B,7.0,375.131,0.24190614191891996,0.29391161467751653
5-18B,7.0,377.1496,-0.1765051953010938,0.2602094077624936
5-18B,7.0,383.1188,-1.2965985151198802,0.31794938264755873
5-18B,7.0,388.9416,0.20921189851221267,0.4227479376945454
5-18B,7.0,388.9442,0.008456519618255623,0.40578090870138434
5-18B,7.0,401.0756,-1.18747730917338,0.04902125081920685
5-18B,7.0,407.2795,-0.06610225023753193,0.5473697165260654
5-18B,7.0,421.0743,0.7936808580110845,0.3167446271941471
5-18B,7.0,426.0222,1.329806959773376,0.9668122989333431
5-18B,7.0,442.9997,-0.5782495130149774,0.10952583296338522
5-18B,7.0,466.9657,-0.9860837954220802,0.04764994632208716
5-18B,7.0,490.9787,-0.10118851015683873,0.7908450953053441
5-18B,7.0,503.1614,-0.5987575219300997,0.5002081543909654
5-18B,7.0,547.0731,0.8225282135580303,0.16688574628246813
5-18B,7.0,565.0471,0.14199505350623942,0.5429965038457872
5-18B,7.0,578.8872,-1.1421859868936093,0.021265733479742234
5-18B,7.0,579.0269,-0.9876735913732393,0.08519694754295377
5-18B,7.0,612.2549,0.6584242676143273,0.22775606050141892
5-18B,7.0,624.2949,-0.09116066928097749,0.3000402049764508
5-18B,7.0,659.307,-0.9103784093573828,0.22715135448157917
5-18B,7.0,664.0939,-0.11609071226376298,0.37460003004237347
5-18B,7.0,665.2144,0.20848825196026766,0.3832487009843022
5-18B,7.0,668.1374,3.01269929458058,0.3173188222108782
5-18B,7.0,787.255,-0.7524172320470601,0.18104527806499193
5-18B,7.0,790.2568,-0.7223099465873897,0.32855940734432076
5-18B,7.0,835.0407,-0.30465858415716335,0.1647502461933369
5-18B,7.0,863.2971,0.5087734364922558,0.31200254766991875
5-18B,7.0,864.1473,0.24994476258607218,0.39371302797012575
5-18B,7.0,974.2935,0.001655379987808167,0.1317824663602864
5-18B,7.0,976.7162,-1.2398848150972996,0.10747773780606754
5-18B,8.0,57.0342,-1.6428510674949695,0.23485960612284693
5-18B,8.0,58.0295,-0.00827420685506619,0.2839950178255991
5-18B,8.0,59.0135,-1.1735901945185785,0.0792067843648789
5-18B,8.0,71.0137,-1.4067854685492986,0.013986343849293465
5-18B,8.0,73.0293,2.4882728210193923,0.07622981335685017
5-18B,8.0,74.0247,0.9714469232645166,0.22760317300576652
5-18B,8.0,75.0087,0.720172933146471,0.3043739872476244
5-18B,8.0,87.0088,2.781017848321258,0.09469313288030036
5-18B,8.0,87.0451,-0.9892961992373993,0.4720631170332336
5-18B,8.0,88.0403,1.556851404541423,0.11631338805406394
5-18B,8.0,88.9883,0.15109170759682383,0.8658777649166461
5-18B,8.0,89.0244,2.859228415576662,0.1623706223019881
5-18B,8.0,93.0338,0.01879535349187347,0.02475803548676118
5-18B,8.0,94.9761,-0.6319646134124084,0.31340574167411767
5-18B,8.0,94.9806,0.9456978951241435,0.32901431519327756
5-18B,8.0,95.0139,-1.247624106148051,0.05627448137551396
5-18B,8.0,101.0242,-1.276513257382096,0.14595669299172098
5-18B,8.0,102.056,-0.137038604656946,0.04989300849930976
5-18B,8.0,103.0402,0.8083697078394612,0.05006134503658524
5-18B,8.0,103.0509,0.8193741744503806,0.07854896546383357
5-18B,8.0,104.0352,-0.7360203635824996,0.16017966212784665
5-18B,8.0,105.0193,-0.6016387465131463,0.6139130069511731
5-18B,8.0,107.0503,0.8102318070796211,0.7483615544850983
5-18B,8.0,109.0295,0.17395110308342004,0.1487983970933526
5-18B,8.0,111.02,0.5947974429089714,0.03696000064693325
5-18B,8.0,112.0516,0.04105334865477821,1.1118564521260597
5-18B,8.0,113.0244,-1.3379536283890694,0.01593161318737483
5-18B,8.0,113.0357,-0.11893545997366467,0.03269132149626521
5-18B,8.0,114.056,-0.24528262142405752,0.0014216277219668328
5-18B,8.0,115.0037,0.5187824737638785,0.09189117580595761
5-18B,8.0,115.0402,-0.8891484920456908,0.686121405375588
5-18B,8.0,115.0764,-0.18809916654903408,0.7646290448977314
5-18B,8.0,116.0354,0.5070060844437464,0.5470511552361296
5-18B,8.0,116.0717,0.5798331790111138,0.02843503602625771
5-18B,8.0,117.0194,2.653670458071799,0.04124749270647254
5-18B,8.0,118.0508,1.8619546062679506,0.12766128150017417
5-18B,8.0,118.9804,-1.3514395366198722,0.01681577272302757
5-18B,8.0,119.0503,-0.7171886411851425,0.21756304901226553
5-18B,8.0,120.9273,-0.3054634964231861,0.06846646078739939
5-18B,8.0,121.0295,-0.2158197523605515,0.6500875386579361
5-18B,8.0,121.0409,-1.0762953584198156,0.6290189208762539
5-18B,8.0,122.0248,0.15940226192567492,0.4628973346397518
5-18B,8.0,124.0075,-0.5855539096279946,0.3644638809550598
5-18B,8.0,124.0144,-1.0785344550552622,0.1523297285033521
5-18B,8.0,125.0439,-0.6983995624672155,0.2342278177638324
5-18B,8.0,127.0764,-0.9510263115500233,0.5206663489058468
5-18B,8.0,128.0354,-0.3955287641592593,0.007062856884355611
5-18B,8.0,129.0193,1.043429697982835,0.12703496381791982
5-18B,8.0,129.0556,-0.2562466757408399,0.9786408749959813
5-18B,8.0,130.0142,-0.31698685387499836,0.4792834563323816
5-18B,8.0,130.0509,0.29934568842737586,0.07067977760959425
5-18B,8.0,130.0874,0.8606264556580783,0.1353676455297494
5-18B,8.0,131.0008,1.4404649380484673,0.5046266715043256
5-18B,8.0,131.0123,2.4869284684061173,0.12830338512605502
5-18B,8.0,131.035,-1.310875611670058,0.0911955988013856
5-18B,8.0,131.0462,-1.369220519784275,0.22599688844557067
5-18B,8.0,131.0828,-0.5691142827830261,0.10987580514046053
5-18B,8.0,132.0302,0.45371976753596266,0.024633614579990793
5-18B,8.0,133.0142,-0.29755728814866833,0.07112379349599378
5-18B,8.0,133.0257,-0.19701079328219845,0.03948556164419916
5-18B,8.0,133.0505,1.6538121799834649,0.061047795700989664
5-18B,8.0,134.0472,0.6046355040371988,0.25130283861263925
5-18B,8.0,134.0604,1.7712011018582756,0.7139072353100104
5-18B,8.0,135.0302,0.938330217155061,0.07706516412225524
5-18B,8.0,135.0453,0.33854805177658004,0.1355525627538958
5-18B,8.0,136.0404,0.36316451719105447,0.184262313008844
5-18B,8.0,136.0487,0.5930017622237707,0.08593576760080447
5-18B,8.0,136.0767,-0.12378300438010244,0.4376952457077133
5-18B,8.0,137.0239,0.3999941059532195,0.029665841009867012
5-18B,8.0,138.9789,1.4501823104032843,0.3972049244616389
5-18B,8.0,139.0014,3.7707448596375963,0.0531078475826686
5-18B,8.0,139.0067,-0.18770451489366272,0.013349868947374364
5-18B,8.0,139.976,0.9810970361024083,0.7611149147095321
5-18B,8.0,143.0713,-0.83503898507458,0.5317366782350172
5-18B,8.0,143.1077,0.6812133466889948,0.45784314557736305
5-18B,8.0,145.0141,-0.030753883732324988,0.201519174032112
5-18B,8.0,145.0506,0.19791176384364853,0.20350646004209488
5-18B,8.0,145.0623,-0.10499396082214453,0.32768142669961425
5-18B,8.0,145.0982,-0.63541363450185,0.06438617829756076
5-18B,8.0,145.1106,0.06524659338086236,0.5339916573019555
5-18B,8.0,146.0459,-0.33801660606746536,0.005045133550141542
5-18B,8.0,147.0298,0.12252772641150152,0.04243433155888956
5-18B,8.0,147.0662,1.303372357218545,0.11085988240929445
5-18B,8.0,149.0092,-0.39689324795121217,0.8365784156213889
5-18B,8.0,149.0456,-1.3992697491696915,0.08432305372044029
5-18B,8.0,149.0608,-0.31377420200322675,0.5898474037451726
5-18B,8.0,150.0422,1.7331942995661387,0.27638437452510695
5-18B,8.0,150.9707,-0.441341806147319,0.49537809053988396
5-18B,8.0,151.0259,0.21090159805593783,0.09523186244355886
5-18B,8.0,151.04,-0.8930332693354273,0.5515284462501276
5-18B,8.0,151.06,-0.6964822116114393,1.580651685410629
5-18B,8.0,152.0353,1.1581697139653868,0.500543815596092
5-18B,8.0,152.0716,-0.6850683282571393,0.5290130175443619
5-18B,8.0,153.0192,-1.1104508351518967,0.054540027220029416
5-18B,8.0,154.062,-0.5897244223172484,0.08599341103682567
5-18B,8.0,154.9751,2.1001966737798625,0.15913317921912826
5-18B,8.0,155.0099,0.4667650567324222,0.034794703913259624
5-18B,8.0,157.0128,2.8641459006110237,0.223301795027966
5-18B,8.0,157.0255,0.2622622246153118,0.03508121800773055
5-18B,8.0,157.0379,0.3562846915501001,0.0351200304626516
5-18B,8.0,157.0504,0.4330492256199173,0.05845574768697471
5-18B,8.0,159.0297,-1.0434156206212202,0.037850704922806906
5-18B,8.0,159.0775,0.8039093475266874,0.12101801323709373
5-18B,8.0,160.0616,0.23359503748477267,0.558780423285827
5-18B,8.0,161.0453,-1.733466360762407,0.10446007500532346
5-18B,8.0,162.0424,0.7536007978253728,0.1256655366006011
5-18B,8.0,163.0351,-0.8102244579571952,0.10495053204029033
5-18B,8.0,163.0398,1.072348811272046,0.1523398833369205
5-18B,8.0,163.0611,-1.6456452954542469,1.0432544663749
5-18B,8.0,164.0716,1.4996544792558475,0.1272744679678072
5-18B,8.0,165.03,0.05594359600781672,1.026848755136128
5-18B,8.0,165.0405,-0.4137672916257427,0.467236391237065
5-18B,8.0,165.0556,0.5342752115031122,0.17026787810593566
5-18B,8.0,166.0508,0.8111573913146395,0.3981780104269118
5-18B,8.0,166.0632,0.8601867870603322,0.9015392900532773
5-18B,8.0,166.9759,1.291683839259814,0.6269690436528921
5-18B,8.0,167.0207,-0.9854611601549217,0.12792827621363684
5-18B,8.0,167.0358,0.3971059760160247,0.19923683061829375
5-18B,8.0,167.0828,-0.17953707226134072,0.4146741164317738
5-18B,8.0,168.0277,-0.3378802982901405,0.06874393020024407
5-18B,8.0,168.0664,-0.9471448179290265,0.7096358415728853
5-18B,8.0,170.0455,0.942436588601931,0.05035090176353938
5-18B,8.0,171.0065,1.3285527318502348,0.4161777318664637
5-18B,8.0,171.0092,1.2559984224972145,0.36194463158112167
5-18B,8.0,171.0284,2.2726078187629715,0.1366071770427307
5-18B,8.0,172.0616,1.1883351785669252,0.26394838155524714
5-18B,8.0,172.962,1.0112331439525093,0.08642080734172117
5-18B,8.0,173.0089,0.2624818793719621,0.2157750466992508
5-18B,8.0,173.0453,-0.2939067031072441,0.050980355030072096
5-18B,8.0,173.0932,1.9340894442890342,0.07362311755643614
5-18B,8.0,173.1041,-0.529409819739415,0.13117406330337786
5-18B,8.0,174.0407,0.1370003862553894,0.02197169956016788
5-18B,8.0,174.088,-0.34188648611463046,0.031036210282173897
5-18B,8.0,175.022,0.9199337816371151,0.23550788820383803
5-18B,8.0,175.0361,0.6719952574424404,0.035044161843275766
5-18B,8.0,175.0611,-0.01866551740722336,0.03252236535706154
5-18B,8.0,176.0776,-0.13612773944620096,0.174187716122055
5-18B,8.0,177.0402,-0.2686080404497083,0.37955332588599616
5-18B,8.0,177.0553,-0.030940742773640777,0.22504021203454264
5-18B,8.0,178.0509,1.3887876198764886,0.04828827322259726
5-18B,8.0,179.0348,0.585589522856493,0.3026938631575745
5-18B,8.0,179.0561,-1.337873643912674,0.007126278587422685
5-18B,8.0,180.0663,-1.3503913795968852,0.04674678721132666
5-18B,8.0,181.0505,0.6858216492371344,0.048062161935619345
5-18B,8.0,182.9725,-1.2305279990945936,0.07111493557822544
5-18B,8.0,183.0661,-0.8125621653068792,0.8924441375201613
5-18B,8.0,184.0017,-0.46322940613117736,0.05025277926295007
5-18B,8.0,184.9856,2.053696135901376,0.30031895051863683
5-18B,8.0,186.1136,-0.18626994946845044,0.43763612686779885
5-18B,8.0,187.0234,2.0890003631739646,0.7688407712821556
5-18B,8.0,188.035,-0.6362812019308131,1.098896329205232
5-18B,8.0,188.0565,-0.012014791736097303,0.045367013160121164
5-18B,8.0,189.0405,-0.8957416984926805,0.16220672864433874
5-18B,8.0,191.0197,-0.4504416530382528,0.08289737106536277
5-18B,8.0,191.0561,-0.3122882033073302,0.12142965443769893
5-18B,8.0,192.0663,-0.40391043475322674,0.2562032285556273
5-18B,8.0,193.0349,-0.14153769348051254,0.4025623802674326
5-18B,8.0,194.0682,1.6676408197612744,0.31580631919803104
5-18B,8.0,194.0822,-0.4705162143337853,0.25133765402168506
5-18B,8.0,195.0509,-1.1123155184149547,0.08204365073498916
5-18B,8.0,195.0657,1.2214368770530706,0.4972685813511042
5-18B,8.0,196.0603,0.6183945198107692,0.1645702739538704
5-18B,8.0,198.0182,1.715559489926283,0.6581453459502823
5-18B,8.0,199.0019,2.656739831998916,0.28392438492824135
5-18B,8.0,200.9937,-0.3226995732963256,0.20652745208516343
5-18B,8.0,201.0051,0.4959798610892637,0.49830132463988824
5-18B,8.0,203.0348,1.627565299716147,0.14184650423539283
5-18B,8.0,203.0826,-0.045566039501564556,0.0173467162397712
5-18B,8.0,204.0498,-0.7702714581401298,0.18488513209928542
5-18B,8.0,205.0351,-0.5531440142784556,0.1674400113079323
5-18B,8.0,206.0822,-0.7755777884953687,1.022938292831244
5-18B,8.0,209.0292,2.8823640484183697,0.5476722774118999
5-18B,8.0,209.0814,-0.552083922344279,0.49021126690134414
5-18B,8.0,211.0235,0.9205031807832409,0.7317904165582158
5-18B,8.0,211.9968,0.6298491006050828,0.252940306269886
5-18B,8.0,212.0331,0.1804490887277631,0.2159573729778453
5-18B,8.0,212.9807,2.052542798083934,0.14345236471811756
5-18B,8.0,213.014,2.333346832586576,0.5284407074229887
5-18B,8.0,213.0384,1.3214584054312306,0.4305581952849728
5-18B,8.0,213.1252,-0.07895312701284268,0.9523516706365087
5-18B,8.0,214.0488,0.40652365867524154,0.4541775569040352
5-18B,8.0,215.0331,-1.4772983232778465,0.005319857133459929
5-18B,8.0,216.1351,-1.4106307610473297,0.24701244964112276
5-18B,8.0,218.0335,-1.431900365384884,0.0033540622438567955
5-18B,8.0,218.1034,0.05201630211045764,0.10170569759051838
5-18B,8.0,220.0828,-0.3857861865559655,0.774685501877318
5-18B,8.0,221.0443,-1.205422055818212,0.0765403821434204
5-18B,8.0,221.0664,0.02998098260586393,0.6784718089592686
5-18B,8.0,225.0399,0.5479452926259765,1.074334825128256
5-18B,8.0,225.0861,1.1495794581062169,0.3522443314272767
5-18B,8.0,225.0901,0.8873815099567963,0.4493156564297301
5-18B,8.0,226.0135,0.7582497273771779,0.32225705382482406
5-18B,8.0,226.0697,-0.7157389597586448,0.3078522409409734
5-18B,8.0,228.0501,0.34595502312732096,0.24939846985626907
5-18B,8.0,229.0122,0.9786258408548887,0.2612726282494315
5-18B,8.0,237.0614,1.0020753414751982,0.5257571072591509
5-18B,8.0,238.0945,-0.2098108195723725,0.20229719635160368
5-18B,8.0,240.0515,0.35503171857079735,0.030838475700500894
5-18B,8.0,241.0844,1.1732017576048777,0.5274181228216968
5-18B,8.0,242.0804,-0.2921333250105568,0.7579399899034586
5-18B,8.0,243.029,3.2042204383791066,0.8566224425125232
5-18B,8.0,243.0625,1.174272709423534,0.437347424583588
5-18B,8.0,245.0444,0.6692199460874133,0.490292019204997
5-18B,8.0,246.0198,1.1194072464895908,0.19420023297232675
5-18B,8.0,246.064,-1.125473339478023,0.09672695739298952
5-18B,8.0,251.0816,-0.4428624003396797,1.3404176237995618
5-18B,8.0,253.0119,-0.023044936249935647,0.02720356715885393
5-18B,8.0,253.0499,-0.7094776708343988,0.42219444020269264
5-18B,8.0,257.0072,1.512666497425398,0.6320115796954862
5-18B,8.0,257.1028,-1.0878541931407681,0.20760478215766875
5-18B,8.0,259.005,2.1896578521693213,0.33636336108966375
5-18B,8.0,259.0227,-1.063429139584484,0.0841806169035979
5-18B,8.0,261.0385,0.3505998201717929,0.08312684297017758
5-18B,8.0,266.0703,0.4619878080230961,0.1808701493052019
5-18B,8.0,267.0724,-0.09260231933038679,0.06272828443383126
5-18B,8.0,268.02,1.9730914193169973,0.7805211427851702
5-18B,8.0,269.0398,3.292919383751192,0.16776697541204003
5-18B,8.0,271.0612,-0.05195038386611435,0.2987693079478899
5-18B,8.0,271.0815,-0.3909794176770784,0.6198857322270899
5-18B,8.0,273.0021,2.509011119224889,0.30810543472034035
5-18B,8.0,274.0933,-0.07350141681374434,0.10243816090327716
5-18B,8.0,275.0184,0.5979843506529521,0.5145524862257611
5-18B,8.0,275.0991,1.4580527886703405,0.26157469326443367
5-18B,8.0,277.1207,-1.091156505094582,0.0047950891323757525
5-18B,8.0,277.2169,0.0623231350859383,0.20682853212789448
5-18B,8.0,279.2331,-0.36114994838857595,0.016462947146477478
5-18B,8.0,282.0839,-1.0630965960964034,0.1699441859192947
5-18B,8.0,283.2063,-0.6318275260219368,0.12565065069409648
5-18B,8.0,285.0972,0.05389552022923485,0.8420997411251616
5-18B,8.0,287.0157,-0.9930376334719329,0.6861012513323246
5-18B,8.0,288.0725,-0.07976113484884559,0.3311761558956494
5-18B,8.0,289.0333,0.05495563587936712,0.13159297970093164
5-18B,8.0,289.1044,0.6219674577212543,0.35336107018423396
5-18B,8.0,290.9677,0.2513350378576811,0.16622969428407267
5-18B,8.0,294.0479,-0.7357045729986765,0.48102347433805814
5-18B,8.0,300.0509,-0.9678906198571271,0.4044474179987733
5-18B,8.0,301.0333,0.19315404446070758,0.9514047288998905
5-18B,8.0,303.2326,-0.6775467490405747,0.11074338490584215
5-18B,8.0,305.0207,-1.2548414765846645,0.0970912621949103
5-18B,8.0,306.0481,0.709402319111695,0.38113144965048396
5-18B,8.0,306.0765,0.4505525571082264,0.03982610588214215
5-18B,8.0,308.0986,-0.3758557541624101,0.04773120480765617
5-18B,8.0,313.0441,-0.1541456501220053,0.6281952917858196
5-18B,8.0,313.1037,0.20475756524026661,0.9172386861037892
5-18B,8.0,317.026,0.046711474864083946,0.12176521326885785
5-18B,8.0,323.0256,0.44836891503132936,0.25044911535882736
5-18B,8.0,325.1163,-0.8687393164214088,0.40151650702226044
5-18B,8.0,328.0457,0.5695657339472231,0.13872778795438975
5-18B,8.0,333.0589,0.575886781285449,0.1982614856031789
5-18B,8.0,338.9884,1.5331611412146944,0.49486669296550856
5-18B,8.0,339.0928,-0.7455993832708749,0.8616948200017652
5-18B,8.0,341.1089,-0.0593505023605781,0.3085952237292966
5-18B,8.0,344.0393,0.3973784049594353,0.397071081521474
5-18B,8.0,346.0556,0.1703457626860012,0.12469175416338474
5-18B,8.0,348.087,0.4369500505240558,0.26423797925449605
5-18B,8.0,353.0489,0.6945760066254325,1.048449811970443
5-18B,8.0,357.089,0.26587876509319947,0.45063785664836
5-18B,8.0,375.131,-0.20846511450230804,0.20438798743837408
5-18B,8.0,377.1496,-1.089845575431061,0.75081156681249
5-18B,8.0,383.1188,-0.3781773043800415,0.5405533351888154
5-18B,8.0,388.9416,0.7875963544334644,0.1561586389327657
5-18B,8.0,388.9442,0.5241515635428814,0.46640086510139306
5-18B,8.0,401.0756,-1.1795122777621727,0.04157453273042439
5-18B,8.0,407.2795,-1.1170797087452327,0.2254584632687253
5-18B,8.0,421.0743,0.21846175219601638,0.5045228603174646
5-18B,8.0,426.0222,0.8202909689409965,0.327863641564436
5-18B,8.0,442.9997,-0.12443327716220597,0.429810813769745
5-18B,8.0,466.9657,-1.1029652603450646,0.203148194535264
5-18B,8.0,490.9787,-0.21115638463866626,0.8018557047856162
5-18B,8.0,503.1614,0.015622443696517482,0.5151556812563111
5-18B,8.0,547.0731,0.8252258739183469,0.23105148823651675
5-18B,8.0,565.0471,0.654132442349082,0.35411525722616977
5-18B,8.0,578.8872,-1.2099917146363097,0.023415090820642987
5-18B,8.0,579.0269,-0.9166857143784872,0.07077052850210214
5-18B,8.0,612.2549,1.009918486157244,0.1769486647394915
5-18B,8.0,624.2949,0.9957777211415693,0.6733336805872595
5-18B,8.0,659.307,-0.8496726747573953,0.1805884863018011
5-18B,8.0,664.0939,1.5845037171134264,0.7542700616450421
5-18B,8.0,665.2144,1.3762873497077763,0.8816310226000503
5-18B,8.0,668.1374,1.4570855958503648,0.03561632818373989
5-18B,8.0,787.255,-0.7111480155207757,0.5235914021917795
5-18B,8.0,790.2568,-0.7978738798357548,0.4691020898967046
5-18B,8.0,835.0407,0.4320015587572039,0.14973838276669113
5-18B,8.0,863.2971,2.778901295538831,0.38693975808137443
5-18B,8.0,864.1473,1.2419263311217652,0.6538979234946387
5-18B,8.0,974.2935,0.8593133891884149,0.45881827925082946
5-18B,8.0,976.7162,-1.141702317547515,0.08357273777249123
5-18B,9.0,57.0342,-1.453077555981648,0.31434143592123803
5-18B,9.0,58.0295,0.30601815643330144,0.07540137723954136
5-18B,9.0,59.0135,-1.0995753136078754,0.13339660746972182
5-18B,9.0,71.0137,-1.4337032239975676,0.07135039430439193
5-18B,9.0,73.0293,2.7024649778190524,0.11265936971517274
5-18B,9.0,74.0247,1.443203597203377,0.9015375989460761
5-18B,9.0,75.0087,0.40858413685840644,0.38826735070281554
5-18B,9.0,87.0088,3.2546465965994384,0.19228320943411698
5-18B,9.0,87.0451,-1.2497728528567347,0.2942927550400776
5-18B,9.0,88.0403,1.929727850879237,0.21429241046233
5-18B,9.0,88.9883,0.9884601519761163,0.6888441798555625
5-18B,9.0,89.0244,1.712926818338429,0.25250390966898373
5-18B,9.0,93.0338,0.026930589418435964,0.011649039027048459
5-18B,9.0,94.9761,-0.6255678153178565,0.49339879601948883
5-18B,9.0,94.9806,1.0146524453073904,0.49218666418656987
5-18B,9.0,95.0139,-1.3965997658912421,0.13780848255199263
5-18B,9.0,101.0242,-1.4344758078538904,0.16514397381776474
5-18B,9.0,102.056,0.18822818687994808,0.07347749862202839
5-18B,9.0,103.0402,0.6531282148840569,0.10408428747326039
5-18B,9.0,103.0509,0.7059981577786127,0.08518079692571293
5-18B,9.0,104.0352,-0.6775545123764184,0.2944243712420439
5-18B,9.0,105.0193,-0.579737318311182,0.44099034142880783
5-18B,9.0,107.0503,0.4323684281842749,1.074944633019558
5-18B,9.0,109.0295,-0.05529674093980198,0.0973497333116617
5-18B,9.0,111.02,0.35602588035808946,0.07002469042444454
5-18B,9.0,112.0516,0.027494433606882182,0.8454717151824555
5-18B,9.0,113.0244,-1.3954604753104338,0.047761455007295554
5-18B,9.0,113.0357,-0.16195537996708453,0.02432560478357617
5-18B,9.0,114.056,-0.21291377537957357,0.014642995385944981
5-18B,9.0,115.0037,0.756799996182103,0.043044427769595585
5-18B,9.0,115.0402,-1.08600144427331,0.5456486439678148
5-18B,9.0,115.0764,0.26519639463741873,0.887288241530862
5-18B,9.0,116.0354,0.987210258633259,0.40992544231861816
5-18B,9.0,116.0717,0.8633579162107323,0.059188984977472395
5-18B,9.0,117.0194,2.812898097745075,0.09176224999473305
5-18B,9.0,118.0508,2.041570717088401,0.1772093237848215
5-18B,9.0,118.9804,-1.3680483232215326,0.04293320380106677
5-18B,9.0,119.0503,-0.4351228623529385,0.17060425618950698
5-18B,9.0,120.9273,-0.13458989464956927,0.17557203088766818
5-18B,9.0,121.0295,-0.18642075207701078,0.37963177192726355
5-18B,9.0,121.0409,-1.060952208879475,0.5483991566975388
5-18B,9.0,122.0248,-0.5357841936579268,0.5080625566781474
5-18B,9.0,124.0075,-0.6045960725478068,0.27424896115852776
5-18B,9.0,124.0144,-1.23573279601109,0.11739370327161203
5-18B,9.0,125.0439,-1.291450658599325,0.18465888974924075
5-18B,9.0,127.0764,-1.004570474917061,0.5980790379421482
5-18B,9.0,128.0354,-0.3164761858306805,0.012514292134238006
5-18B,9.0,129.0193,1.0313569116317567,0.14031564589301937
5-18B,9.0,129.0556,0.041949535071177435,0.7412519805793216
5-18B,9.0,130.0142,-0.34191332826005916,0.37560164951691327
5-18B,9.0,130.0509,0.4211723508565365,0.018174032748764442
5-18B,9.0,130.0874,1.6785649830534601,0.11983935304983681
5-18B,9.0,131.0008,0.549822708556447,0.3586311372938195
5-18B,9.0,131.0123,1.6219771312485025,0.16916959829150752
5-18B,9.0,131.035,-1.5037233242986834,0.18208754121623216
5-18B,9.0,131.0462,-1.613301171818984,0.2471759110171773
5-18B,9.0,131.0828,-0.5515674036051849,0.07016051389292434
5-18B,9.0,132.0302,0.5704948524044253,0.0340151815807196
5-18B,9.0,133.0142,-0.24890861636670547,0.08362597796902292
5-18B,9.0,133.0257,-0.15641581169178387,0.07207092479982599
5-18B,9.0,133.0505,1.5929083266905206,0.07679742166473946
5-18B,9.0,134.0472,2.449907929529444,0.3446879345256992
5-18B,9.0,134.0604,1.775696178297033,0.8607448078798167
5-18B,9.0,135.0302,1.5315967854067343,0.050011910514313536
5-18B,9.0,135.0453,0.6020031262241703,0.09379023788718835
5-18B,9.0,136.0404,0.17413400286583064,0.08675388000704003
5-18B,9.0,136.0487,0.9697849966627536,0.34521656291766056
5-18B,9.0,136.0767,-0.731695544438385,1.1255354235826218
5-18B,9.0,137.0239,0.38153036286125586,0.07171409583337883
5-18B,9.0,138.9789,1.1971443619335083,0.4596951262724163
5-18B,9.0,139.0014,3.929649630923697,0.289829204380796
5-18B,9.0,139.0067,-0.43650860801257735,0.1460623715402846
5-18B,9.0,139.976,0.9935206302321348,0.3436434557258061
5-18B,9.0,143.0713,-0.46017722448999093,0.5052558576849225
5-18B,9.0,143.1077,1.3318201809390198,0.5278682796954561
5-18B,9.0,145.0141,0.4514597997817765,0.17239675499027704
5-18B,9.0,145.0506,0.22749488226781028,0.24323314671163557
5-18B,9.0,145.0623,-0.050168784335119156,0.21921153285148595
5-18B,9.0,145.0982,-0.6756513637652285,0.1742532125464663
5-18B,9.0,145.1106,0.1393530777568311,0.9399078827810085
5-18B,9.0,146.0459,0.1775761697742893,0.019226072046850475
5-18B,9.0,147.0298,0.12057589455689591,0.073758714639552
5-18B,9.0,147.0662,0.9686568375106406,0.08155791523119126
5-18B,9.0,149.0092,0.1451912723630443,0.3813955582895111
5-18B,9.0,149.0456,-1.535226038332929,0.24877540235460688
5-18B,9.0,149.0608,0.2980189331864202,0.6343718848499553
5-18B,9.0,150.0422,-0.10796793074442516,0.42670950139741526
5-18B,9.0,150.9707,-0.5933365864645666,0.8523515736672505
5-18B,9.0,151.0259,1.0056335308950644,0.30140350302916835
5-18B,9.0,151.04,-0.14858911130227132,0.4318649828520739
5-18B,9.0,151.06,0.22084857242593497,0.925446117097495
5-18B,9.0,152.0353,1.1651263235906169,0.23296106756978385
5-18B,9.0,152.0716,-0.6626421309072503,0.45976258964282396
5-18B,9.0,153.0192,-1.0608477224439405,0.07081190786734216
5-18B,9.0,154.062,-0.4055305895715649,0.06378987414915131
5-18B,9.0,154.9751,2.507051936476145,0.02434206681668581
5-18B,9.0,155.0099,0.3071052336640381,0.01634238618011945
5-18B,9.0,157.0128,2.0347991395757026,0.14746797196306655
5-18B,9.0,157.0255,0.3650356851447838,0.06252969261076494
5-18B,9.0,157.0379,0.3943669982258464,0.0301325201394276
5-18B,9.0,157.0504,0.37088656712922974,0.07173137145972658
5-18B,9.0,159.0297,-1.3644528592355476,0.09493104442337298
5-18B,9.0,159.0775,1.1505070259996297,0.20865769960565278
5-18B,9.0,160.0616,-0.2885773716333179,0.7996807008841685
5-18B,9.0,161.0453,-2.0470146838499854,0.10401942275329333
5-18B,9.0,162.0424,1.0187306782661365,0.265898062359691
5-18B,9.0,163.0351,-0.8263476384848518,0.1448266807757812
5-18B,9.0,163.0398,0.5949875020782122,0.15227810292454752
5-18B,9.0,163.0611,-0.34048386420210247,1.019128496956881
5-18B,9.0,164.0716,2.917609640748662,0.09005101817187836
5-18B,9.0,165.03,-0.6013049098988235,0.767235834358291
5-18B,9.0,165.0405,0.3624156811140166,0.20785148456701505
5-18B,9.0,165.0556,0.4739963086596581,0.058857744264485125
5-18B,9.0,166.0508,0.21882737176466968,0.18321480250061875
5-18B,9.0,166.0632,0.2484104192214417,0.7892209568722793
5-18B,9.0,166.9759,1.7166352126233788,0.47242153442865575
5-18B,9.0,167.0207,-0.6568591155811525,0.4477925809928134
5-18B,9.0,167.0358,0.7613167523714692,0.5402163189373074
5-18B,9.0,167.0828,-0.9865627248011101,1.5489923815672832
5-18B,9.0,168.0277,0.15946129746752338,0.054177629920522684
5-18B,9.0,168.0664,-0.6201857223962459,0.40913038870144836
5-18B,9.0,170.0455,1.1525507062101075,0.06397196739442179
5-18B,9.0,171.0065,1.6263107732080242,0.2400832862785428
5-18B,9.0,171.0092,1.6312756643823398,0.48804387694492607
5-18B,9.0,171.0284,1.8613439244754122,0.27517671257744347
5-18B,9.0,172.0616,0.7389353201557204,0.1532408069088373
5-18B,9.0,172.962,1.4629875028088537,0.17897869055975996
5-18B,9.0,173.0089,0.22751059256791922,0.2349749903471791
5-18B,9.0,173.0453,-0.08944896580760034,0.16703550544161827
5-18B,9.0,173.0932,2.1088158722665096,0.07981944208375746
5-18B,9.0,173.1041,-0.22991260373288158,0.14145742395222843
5-18B,9.0,174.0407,0.1672001244811701,0.039794411512640966
5-18B,9.0,174.088,-0.3702260197080348,0.02991968991732087
5-18B,9.0,175.022,0.9485808353767893,0.14249040713700725
5-18B,9.0,175.0361,0.8666994081785648,0.05556951037798417
5-18B,9.0,175.0611,-0.07705169477028623,0.07938993802855669
5-18B,9.0,176.0776,-0.14969263530583216,0.29525056401066124
5-18B,9.0,177.0402,-0.6598539528284875,0.8227564499939053
5-18B,9.0,177.0553,-0.035290728370569464,0.7589865046508135
5-18B,9.0,178.0509,1.300333026499529,0.17676995429806008
5-18B,9.0,179.0348,0.719513142241982,0.3786573753954171
5-18B,9.0,179.0561,-1.400230243342306,0.018673660414799443
5-18B,9.0,180.0663,-1.322814294159715,0.03491047727015538
5-18B,9.0,181.0505,0.6117321528105399,0.2118774946429724
5-18B,9.0,182.9725,-0.9910212579963567,0.1515274535144658
5-18B,9.0,183.0661,-0.37657918288966563,1.1409358202750295
5-18B,9.0,184.0017,0.053851576651729745,0.11361903722719635
5-18B,9.0,184.9856,3.158066996332785,0.49249976965794084
5-18B,9.0,186.1136,-0.07121257499581479,0.43610694203790407
5-18B,9.0,187.0234,1.4471633522530842,1.2380325973377269
5-18B,9.0,188.035,-1.299681709857594,1.0941016806152186
5-18B,9.0,188.0565,0.08266918271760237,0.03365637503831487
5-18B,9.0,189.0405,-0.8949492346102927,0.07598164806491946
5-18B,9.0,191.0197,-0.17428510366042888,0.12894973007926946
5-18B,9.0,191.0561,-0.24619096028384663,0.10094707884331923
5-18B,9.0,192.0663,-1.5875251130152774,0.5585675229119863
5-18B,9.0,193.0349,-0.10763764799756267,1.0016541380336914
5-18B,9.0,194.0682,1.1371539770846875,0.3836147464810671
5-18B,9.0,194.0822,-0.21222615491221267,0.673544109364463
5-18B,9.0,195.0509,-1.1065076878654345,0.043314028612808836
5-18B,9.0,195.0657,0.44811003474408234,0.6808232777238352
5-18B,9.0,196.0603,0.4038337852071544,0.2731529159454362
5-18B,9.0,198.0182,2.106404479672089,0.39941732432961746
5-18B,9.0,199.0019,1.9946066896308485,0.42342933620419315
5-18B,9.0,200.9937,-0.16946460753321885,0.20696919167347366
5-18B,9.0,201.0051,0.26806831783499896,0.5950436017693361
5-18B,9.0,203.0348,0.5108202470014946,0.18527395295164203
5-18B,9.0,203.0826,0.007098902758053204,0.023061764887841882
5-18B,9.0,204.0498,-0.9898346362396673,0.19319023080747594
5-18B,9.0,205.0351,-0.524589280604748,0.14678286298750554
5-18B,9.0,206.0822,-1.0233672667561193,0.5773157674518066
5-18B,9.0,209.0292,1.514265795385298,0.42813018137267034
5-18B,9.0,209.0814,-0.538365143690734,0.40631257392800013
5-18B,9.0,211.0235,1.1607455525708197,0.4129516823902378
5-18B,9.0,211.9968,0.6940844341327788,0.18852503395235512
5-18B,9.0,212.0331,0.48261045898067484,0.26166237185173247
5-18B,9.0,212.9807,2.5056913204500306,0.33075757363251096
5-18B,9.0,213.014,1.3270062385028116,0.22303243242473114
5-18B,9.0,213.0384,1.306807545866323,0.2603129721751735
5-18B,9.0,213.1252,-0.5735187560751944,0.23905949309572513
5-18B,9.0,214.0488,0.18630546327947492,0.7585472936593316
5-18B,9.0,215.0331,-1.5298416477450245,0.011104934352555261
5-18B,9.0,216.1351,-1.079901034293903,0.06858383421714438
5-18B,9.0,218.0335,-1.4755429299088618,0.011869173485996217
5-18B,9.0,218.1034,0.0067872736649162045,0.055911545154422114
5-18B,9.0,220.0828,-0.9425634021773144,0.35153255461036503
5-18B,9.0,221.0443,-1.2454881502940447,0.05840906638364916
5-18B,9.0,221.0664,-0.5115592698764289,0.44436651651818326
5-18B,9.0,225.0399,1.5440251232803757,1.2335780790327
5-18B,9.0,225.0861,0.9752038675330548,0.578181098122785
5-18B,9.0,225.0901,0.887936086810982,0.7490210063129594
5-18B,9.0,226.0135,1.2521772241569125,0.40116531360396906
5-18B,9.0,226.0697,-0.6285147630739154,0.3845826355549084
5-18B,9.0,228.0501,0.9987424047796722,0.2931432517377663
5-18B,9.0,229.0122,1.1312421461481614,0.27740924888351337
5-18B,9.0,237.0614,1.1082474254185368,0.16752618342999248
5-18B,9.0,238.0945,-0.40200850315286263,0.23457936355429962
5-18B,9.0,240.0515,0.3256810516835769,0.06693979223099905
5-18B,9.0,241.0844,1.316344910613784,0.6879640695836322
5-18B,9.0,242.0804,-0.4032886197886856,0.3603398927979015
5-18B,9.0,243.029,1.3081707733013284,0.3896940259240277
5-18B,9.0,243.0625,1.7615336820893188,0.43810127492299605
5-18B,9.0,245.0444,0.6800904157396805,0.3104449051448258
5-18B,9.0,246.0198,1.1414071442337028,0.2845661721466384
5-18B,9.0,246.064,-1.1515010676928892,0.08604704269516539
5-18B,9.0,251.0816,-0.3797651949298593,0.6130642553513482
5-18B,9.0,253.0119,-0.039264911683689604,0.04617016176780794
5-18B,9.0,253.0499,-1.3029325808317054,0.8226445852243306
5-18B,9.0,257.0072,1.9469025164980358,0.39346482691878504
5-18B,9.0,257.1028,-0.8087368077070562,0.11874178203401761
5-18B,9.0,259.005,2.248647063840247,0.8466615269537816
5-18B,9.0,259.0227,-1.125040901857344,0.07022747788293995
5-18B,9.0,261.0385,0.3633161409999847,0.2315006493857681
5-18B,9.0,266.0703,0.973535827693168,0.3666539650811796
5-18B,9.0,267.0724,-0.4155279116122006,0.08924971271778281
5-18B,9.0,268.02,1.5075100451325874,0.3800473689165563
5-18B,9.0,269.0398,1.7911729571346222,0.39915625131939714
5-18B,9.0,271.0612,-0.3072730871166467,0.36491535685127663
5-18B,9.0,271.0815,-0.8679638269484864,0.25190058637269713
5-18B,9.0,273.0021,2.793471080940736,0.7901134293928166
5-18B,9.0,274.0933,-0.08640487868787336,0.11260994750369772
5-18B,9.0,275.0184,-0.369081563173035,0.36041068757720157
5-18B,9.0,275.0991,1.302429734065015,0.26640855434086497
5-18B,9.0,277.1207,-1.095221427506523,0.021324373757338592
5-18B,9.0,277.2169,-0.16987194817708767,0.11136379352083954
5-18B,9.0,279.2331,-0.3030799294161227,0.01739117292918956
5-18B,9.0,282.0839,-1.003693442809693,0.12319700842179539
5-18B,9.0,283.2063,-0.620120994638677,0.14735793169077419
5-18B,9.0,285.0972,-0.8487046275795321,0.781858338695063
5-18B,9.0,287.0157,-0.6179312942400246,0.17625003539964704
5-18B,9.0,288.0725,-0.14526425575946111,0.1669897805963536
5-18B,9.0,289.0333,0.04698261281449023,0.4095833202096064
5-18B,9.0,289.1044,0.6533577807431943,0.556981013019759
5-18B,9.0,290.9677,0.22830149937268718,0.09272558413087392
5-18B,9.0,294.0479,-1.1136154686952064,0.45465753778488865
5-18B,9.0,300.0509,-0.28460471232126683,1.2319857754234027
5-18B,9.0,301.0333,-0.03013845753431188,0.4864279701296299
5-18B,9.0,303.2326,-0.47108741606863797,0.12385026729349928
5-18B,9.0,305.0207,-1.195843521845748,0.1553336750697208
5-18B,9.0,306.0481,0.6583295332399564,0.27669451061111283
5-18B,9.0,306.0765,0.9926519944405672,0.13585249564760737
5-18B,9.0,308.0986,-0.41170311544686244,0.009761556262068954
5-18B,9.0,313.0441,-0.5216655601156563,0.3898531624758417
5-18B,9.0,313.1037,0.6765193673279075,0.4583479904682129
5-18B,9.0,317.026,-0.3495733007857475,0.3404057191816774
5-18B,9.0,323.0256,0.3936668448087305,0.45380552954261705
5-18B,9.0,325.1163,-1.379900659031291,0.4204031925095442
5-18B,9.0,328.0457,0.686501441818159,0.09213339171002312
5-18B,9.0,333.0589,1.2509010738298485,0.6887158646481568
5-18B,9.0,338.9884,1.4510968531446147,1.020349466289155
5-18B,9.0,339.0928,-0.5363541014638924,0.35661903187248356
5-18B,9.0,341.1089,-0.20302374705962983,0.12373166174708977
5-18B,9.0,344.0393,1.470268414247911,0.6886618917380295
5-18B,9.0,346.0556,0.2606898100074416,0.12932149079608773
5-18B,9.0,348.087,0.6981909772048678,0.23861267292862604
5-18B,9.0,353.0489,-0.21351353407312756,0.7123035420440123
5-18B,9.0,357.089,0.9775356322655506,0.5608809123963555
5-18B,9.0,375.131,0.31357622398202306,0.4643327663473655
5-18B,9.0,377.1496,-0.4513324257363097,0.6762284748288933
5-18B,9.0,383.1188,-0.27790731807809205,0.42463073395076156
5-18B,9.0,388.9416,0.8070002200514678,0.3870915150421529
5-18B,9.0,388.9442,0.1062221502320414,0.31554714475687484
5-18B,9.0,401.0756,-1.1519074428712763,0.052907072221636084
5-18B,9.0,407.2795,-0.8350701566963645,0.2186353248420657
5-18B,9.0,421.0743,0.7558996359542655,0.6789142547160654
5-18B,9.0,426.0222,0.36000910755983556,0.7169837869154908
5-18B,9.0,442.9997,-0.12385955246454128,0.13773535687947658
5-18B,9.0,466.9657,-1.190626359037303,0.10070709389357603
5-18B,9.0,490.9787,-0.6075522112592074,1.3854152736018468
5-18B,9.0,503.1614,0.2366881031629424,0.3801277523814453
5-18B,9.0,547.0731,0.9704499233153865,0.19297926673596755
5-18B,9.0,565.0471,0.5973092327761919,0.1350673582213984
5-18B,9.0,578.8872,-1.2121254613135273,0.062105798700911624
5-18B,9.0,579.0269,-0.8950315874437484,0.08393185766432765
5-18B,9.0,612.2549,1.2762489072558418,0.606030750100402
5-18B,9.0,624.2949,0.6076926742849003,0.5813349622791237
5-18B,9.0,659.307,-0.6929250316857856,0.2496738482536651
5-18B,9.0,664.0939,1.811517503905656,0.5061399094947122
5-18B,9.0,665.2144,1.2390709557224442,0.4006560827711844
5-18B,9.0,668.1374,1.2247917057036313,0.09407262265996465
5-18B,9.0,787.255,-0.7542931055255276,0.16668398374161864
5-18B,9.0,790.2568,-0.7139139540042381,0.12642911874585708
5-18B,9.0,835.0407,0.5571358518667346,0.4143924122983247
5-18B,9.0,863.2971,2.6673273917694362,0.438329306180566
5-18B,9.0,864.1473,1.432197198533731,0.2942278926691501
5-18B,9.0,974.2935,1.9288067366679205,0.5190104811851508
5-18B,9.0,976.7162,-1.167024324214856,0.18639656203578453
5-18B,10.0,57.0342,-2.0156548693003264,0.18872962751456387
5-18B,10.0,58.0295,-0.038004565544506375,0.2991205310145429
5-18B,10.0,59.0135,-0.21731239341247774,0.05906499422560102
5-18B,10.0,71.0137,-1.0828152406033356,0.04913877881331137
5-18B,10.0,73.0293,2.0201377277783994,0.08277331749185518
5-18B,10.0,74.0247,1.7033967042961171,0.7804960292467027
5-18B,10.0,75.0087,-0.5636034554815594,0.42547251274325143
5-18B,10.0,87.0088,-0.6058562128870717,0.017642155716502114
5-18B,10.0,87.0451,-1.5472203863446206,0.6261132160220843
5-18B,10.0,88.0403,2.8330248221578858,0.2934497680963839
5-18B,10.0,88.9883,0.04317310139996991,0.6148995410280387
5-18B,10.0,89.0244,-2.0049878379945287,0.0159467305933502
5-18B,10.0,93.0338,0.016127205374479984,0.017821909041221547
5-18B,10.0,94.9761,-0.5815573931541056,0.38827095577290044
5-18B,10.0,94.9806,0.8956629752840424,0.30478977776426686
5-18B,10.0,95.0139,-1.4144545266095274,0.0841369831340725
5-18B,10.0,101.0242,-1.911813775409514,0.0755558994023379
5-18B,10.0,102.056,4.063275165883233,0.16848254789445263
5-18B,10.0,103.0402,0.01626551418380595,0.06953556508647839
5-18B,10.0,103.0509,0.15570143208221088,0.16242759418684516
5-18B,10.0,104.0352,-0.5375208018889048,0.0814438729329985
5-18B,10.0,105.0193,-0.9861516468589372,0.4348519093403576
5-18B,10.0,107.0503,-0.46396637659746964,0.4600142846126356
5-18B,10.0,109.0295,0.28947403624806334,0.1253597196329035
5-18B,10.0,111.02,0.26410928509918985,0.04143195487688262
5-18B,10.0,112.0516,-0.8051824669815555,1.285508745727335
5-18B,10.0,113.0244,-1.446742124543284,0.007314222765923168
5-18B,10.0,113.0357,0.01287258548012703,0.060204930396175284
5-18B,10.0,114.056,-0.23529742044351934,0.0023096099811973133
5-18B,10.0,115.0037,4.276321961389886,0.10293033511567017
5-18B,10.0,115.0402,-1.8297252611750459,0.3161584500593679
5-18B,10.0,115.0764,-0.27404389900886694,0.6156609074898568
5-18B,10.0,116.0354,1.839204781569874,0.2881868717700416
5-18B,10.0,116.0717,1.5563484468083475,0.06768314988223191
5-18B,10.0,117.0194,2.23001533190293,0.042364556228560855
5-18B,10.0,118.0508,2.1276132355841515,0.1595291982607775
5-18B,10.0,118.9804,-1.4181012308403482,0.01020529417522289
5-18B,10.0,119.0503,-0.23532970047062401,0.19894211315574675
5-18B,10.0,120.9273,-0.2501037059067999,0.02503011737410423
5-18B,10.0,121.0295,-0.4654184360427237,0.4322307270637166
5-18B,10.0,121.0409,-1.0440747443851002,0.5195139890685498
5-18B,10.0,122.0248,-1.2567063437211816,0.4043288697184473
5-18B,10.0,124.0075,-0.6789219342670736,0.4559804300208555
5-18B,10.0,124.0144,-1.5227454229381583,0.14196384927774136
5-18B,10.0,125.0439,-1.6921290514371696,0.14886535557464048
5-18B,10.0,127.0764,-0.8472600679445593,0.41213607194300983
5-18B,10.0,128.0354,0.1690927653498639,0.017456621555514192
5-18B,10.0,129.0193,2.165736808523177,0.2031592233350859
5-18B,10.0,129.0556,-0.31069080592415593,0.7201614573193947
5-18B,10.0,130.0142,-0.33904821626177634,0.30541444361893205
5-18B,10.0,130.0509,0.9546621392624015,0.0526666536416057
5-18B,10.0,130.0874,2.455243526474903,0.12171320775620145
5-18B,10.0,131.0008,1.3562619202504889,0.6874813716592904
5-18B,10.0,131.0123,-0.6755562817964762,0.07216409103932783
5-18B,10.0,131.035,-1.720597468367136,0.0948170286276856
5-18B,10.0,131.0462,-1.8901654256909217,0.17811305464180763
5-18B,10.0,131.0828,-0.42873924936029606,0.06935105819851772
5-18B,10.0,132.0302,1.0001563958693351,0.022582013632966788
5-18B,10.0,133.0142,2.4261586016215846,0.24624091811928592
5-18B,10.0,133.0257,2.487129389476014,0.19895167501949268
5-18B,10.0,133.0505,1.2017575214249554,0.03355172672198173
5-18B,10.0,134.0472,1.3126672842122602,0.23937002323957057
5-18B,10.0,134.0604,1.0634308844103018,0.8517646492898516
5-18B,10.0,135.0302,3.858786098550091,0.07826353662670368
5-18B,10.0,135.0453,1.1178499258766896,0.06925220994467117
5-18B,10.0,136.0404,-0.2227235382799191,0.08690221219531477
5-18B,10.0,136.0487,0.9192691632631852,0.27030320617228537
5-18B,10.0,136.0767,-0.29409597652468744,0.9632074355256252
5-18B,10.0,137.0239,0.12237378017235812,0.12750508518036804
5-18B,10.0,138.9789,0.5238916966436651,0.22231400686058853
5-18B,10.0,139.0014,3.1370742455227587,0.07937562565664182
5-18B,10.0,139.0067,-0.4869078988397979,0.16797070822601406
5-18B,10.0,139.976,0.8246611671627904,0.6592232090148715
5-18B,10.0,143.0713,-1.0850862829645236,0.2875302417015626
5-18B,10.0,143.1077,0.8280250438462697,0.8521748988734844
5-18B,10.0,145.0141,0.056658634178096405,0.20711857543121975
5-18B,10.0,145.0506,1.475972452977901,0.024531273938734166
5-18B,10.0,145.0623,0.6975194921038791,0.2794533761259873
5-18B,10.0,145.0982,-0.6837638091812321,0.18098085733396244
5-18B,10.0,145.1106,-0.6346479812810644,0.7345249849860357
5-18B,10.0,146.0459,4.720844571560447,0.13655526749045357
5-18B,10.0,147.0298,0.25898039463850697,0.07083840612657265
5-18B,10.0,147.0662,0.43679104807835545,0.05951812646270453
5-18B,10.0,149.0092,-1.297093701924246,0.8984855950257584
5-18B,10.0,149.0456,-1.4508837784416073,0.05541473221055696
5-18B,10.0,149.0608,-0.21854086095924802,0.602768215008029
5-18B,10.0,150.0422,-0.008409771210688838,0.8212919948987083
5-18B,10.0,150.9707,0.6589682339753642,0.40704604493114865
5-18B,10.0,151.0259,2.714887946760022,0.0390512384838421
5-18B,10.0,151.04,0.05373369122938779,0.5569898680580778
5-18B,10.0,151.06,-0.9198792378417175,0.6703787415796904
5-18B,10.0,152.0353,0.8271956329496327,0.6867812810317656
5-18B,10.0,152.0716,-1.1855682855834841,0.27349171064694233
5-18B,10.0,153.0192,-1.157884609229847,0.04098168540022801
5-18B,10.0,154.062,-0.34891831325380385,0.07721021738867358
5-18B,10.0,154.9751,1.8211191822247006,0.09893660001250809
5-18B,10.0,155.0099,0.18294247620051468,0.040430409943518424
5-18B,10.0,157.0128,-0.5143920755106379,0.08193319140629007
5-18B,10.0,157.0255,0.4515259092021562,0.048331365241929
5-18B,10.0,157.0379,0.32392494974155006,0.07149476577430877
5-18B,10.0,157.0504,0.3470735270488038,0.043405842976030916
5-18B,10.0,159.0297,-1.597609787771231,0.12001889708518965
5-18B,10.0,159.0775,2.494795529169645,0.09943106680335471
5-18B,10.0,160.0616,0.5268185376633949,0.620847262478663
5-18B,10.0,161.0453,-2.290419398892353,0.13633701055521144
5-18B,10.0,162.0424,2.1122759603976844,0.1628874184697811
5-18B,10.0,163.0351,-1.1333918581365352,0.07476846237228015
5-18B,10.0,163.0398,0.39555911436112595,0.06919867118000661
5-18B,10.0,163.0611,-1.2118009277187247,1.4073928700548122
5-18B,10.0,164.0716,4.676674446649772,0.11722521316899347
5-18B,10.0,165.03,-0.01419231838087845,0.6733128754365323
5-18B,10.0,165.0405,-0.27057788290745444,0.5469855471825869
5-18B,10.0,165.0556,0.684145471469078,0.11034604675118902
5-18B,10.0,166.0508,0.6567563932007606,0.25382716438303166
5-18B,10.0,166.0632,0.8695987311809306,1.5009057246129307
5-18B,10.0,166.9759,2.1848817425201084,0.4207011504864442
5-18B,10.0,167.0207,-0.3465589570342768,0.454621342623793
5-18B,10.0,167.0358,-0.49011498104323475,0.6870574567985325
5-18B,10.0,167.0828,0.10135539047003822,0.5865127213913752
5-18B,10.0,168.0277,5.248744691270769,0.16113472586978328
5-18B,10.0,168.0664,-0.6370741054299639,0.5452373594854344
5-18B,10.0,170.0455,2.349947481221257,0.1027963740123747
5-18B,10.0,171.0065,3.0641814452370886,0.3447093758817928
5-18B,10.0,171.0092,3.6298109368529285,0.5709205846513757
5-18B,10.0,171.0284,-0.406369119036995,0.05527130721135417
5-18B,10.0,172.0616,0.9203325784405882,0.2316080817368959
5-18B,10.0,172.962,6.063715321756611,0.29630677448624193
5-18B,10.0,173.0089,3.8826179489438415,0.40760176956365557
5-18B,10.0,173.0453,0.7032383134317953,0.2632243827254852
5-18B,10.0,173.0932,2.8935907377999026,0.16086717914671608
5-18B,10.0,173.1041,-0.050520123603280835,0.12213639967014164
5-18B,10.0,174.0407,0.297338707435574,0.016020379882846474
5-18B,10.0,174.088,0.00045507969369452256,0.10359058996203994
5-18B,10.0,175.022,1.0404452595870977,0.26682679790757524
5-18B,10.0,175.0361,0.8746928897606991,0.025411286719038646
5-18B,10.0,175.0611,0.015466429196427805,0.05276920142475746
5-18B,10.0,176.0776,-0.1845092013455522,0.061536293392045596
5-18B,10.0,177.0402,-1.4005401748696142,0.31848322393531364
5-18B,10.0,177.0553,-0.3565682360294453,0.2659581457257997
5-18B,10.0,178.0509,1.67385526179882,0.13733450100631794
5-18B,10.0,179.0348,0.1817195484087173,0.15212179670765552
5-18B,10.0,179.0561,-1.429749975711938,0.0018807428889212523
5-18B,10.0,180.0663,-1.3099834182651449,0.03240424012148172
5-18B,10.0,181.0505,0.5576453761794296,0.07376463969647859
5-18B,10.0,182.9725,-1.2072352128407933,0.0666288884622468
5-18B,10.0,183.0661,-0.6279567583374284,0.6599335014585326
5-18B,10.0,184.0017,4.454281501343266,0.29439117804667336
5-18B,10.0,184.9856,0.2930511734268331,0.12568503097106257
5-18B,10.0,186.1136,-0.6563695652671848,0.6032807887653082
5-18B,10.0,187.0234,-0.17279080934008662,0.538917854913662
5-18B,10.0,188.035,0.0919467171940247,0.722987389198266
5-18B,10.0,188.0565,0.4098861377136125,0.023313864834873126
5-18B,10.0,189.0405,-0.787042069291821,0.09738848898044919
5-18B,10.0,191.0197,3.37638054250408,0.27982409472024644
5-18B,10.0,191.0561,-0.035700589450760614,0.10400323576501828
5-18B,10.0,192.0663,-0.8784266433707182,0.7461107918433098
5-18B,10.0,193.0349,0.2326666547351263,0.237744294894208
5-18B,10.0,194.0682,0.8585006484122385,0.3477782528481626
5-18B,10.0,194.0822,-1.189965887722615,0.7718679619832768
5-18B,10.0,195.0509,-1.2863448479784525,0.07449391248093815
5-18B,10.0,195.0657,-0.129479528879625,0.4054053528629501
5-18B,10.0,196.0603,0.6530744477673682,0.23134201362747311
5-18B,10.0,198.0182,1.6549111294484855,1.236238487680564
5-18B,10.0,199.0019,-0.29812803309498886,0.2971106996966742
5-18B,10.0,200.9937,-0.23334241527521649,0.31848286463893033
5-18B,10.0,201.0051,0.5275520229253523,0.3912250021306256
5-18B,10.0,203.0348,-1.1180966781724933,0.29992979012994236
5-18B,10.0,203.0826,0.07951131262518733,0.017764910397292864
5-18B,10.0,204.0498,-1.3665947978812858,0.17634495547668924
5-18B,10.0,205.0351,-0.2472712594750252,0.13300224673151773
5-18B,10.0,206.0822,-0.956308728084893,0.7094400523011312
5-18B,10.0,209.0292,-0.9718112912413486,0.27116814931742905
5-18B,10.0,209.0814,-0.7842478687888883,0.3242955820053962
5-18B,10.0,211.0235,0.007869310267479182,0.27636176925367534
5-18B,10.0,211.9968,0.6216700674540409,0.18561908087254814
5-18B,10.0,212.0331,1.321315221275144,0.24439287032191342
5-18B,10.0,212.9807,3.2495594082688486,0.1617838772444355
5-18B,10.0,213.014,-0.7823571692972393,0.2516430940513712
5-18B,10.0,213.0384,-0.48733671645225424,0.2460722829654378
5-18B,10.0,213.1252,0.2671533801248248,1.0453498514572588
5-18B,10.0,214.0488,0.305153378254968,0.5267412274269831
5-18B,10.0,215.0331,-1.549866558505081,0.002013892530082173
5-18B,10.0,216.1351,-1.1533608863080007,0.15593425384386844
5-18B,10.0,218.0335,-1.4940384643956226,0.005738820320053886
5-18B,10.0,218.1034,-0.1719808394352205,0.07055584117096173
5-18B,10.0,220.0828,-1.0178035664504694,0.5919353414388372
5-18B,10.0,221.0443,-1.056094354622195,0.08167520462643768
5-18B,10.0,221.0664,-0.6750023968031498,0.3250592549077982
5-18B,10.0,225.0399,-0.02152930224547306,0.6128307058630953
5-18B,10.0,225.0861,0.1588404686013688,0.1961263523546789
5-18B,10.0,225.0901,0.4679365492409614,0.3095218281175617
5-18B,10.0,226.0135,1.6762959001916586,0.10096352654852385
5-18B,10.0,226.0697,-1.6090870285197743,0.13279011158655163
5-18B,10.0,228.0501,2.0086100635751896,0.5191755877910322
5-18B,10.0,229.0122,0.3844099549009151,0.44131627697113374
5-18B,10.0,237.0614,1.6053825949414637,0.2046320289363812
5-18B,10.0,238.0945,-0.7942486737252915,0.4014884116272833
5-18B,10.0,240.0515,0.7145150281654076,0.038151485524198225
5-18B,10.0,241.0844,0.7780670123198761,1.3520405997256613
5-18B,10.0,242.0804,-1.2618881670208266,0.7697657525208924
5-18B,10.0,243.029,-0.019740038485865447,0.20888967242344064
5-18B,10.0,243.0625,0.914983781699817,0.3468034917623812
5-18B,10.0,245.0444,-0.45010901992484054,0.2593323928357182
5-18B,10.0,246.0198,1.2437544946084855,0.24437943968738718
5-18B,10.0,246.064,-1.223098991997523,0.008394935734002448
5-18B,10.0,251.0816,-0.2991409880173109,0.5551160035619541
5-18B,10.0,253.0119,-0.06708564978137682,0.019080042238989146
5-18B,10.0,253.0499,-0.9083937449955382,0.6491774142088398
5-18B,10.0,257.0072,1.7485477917364605,0.8805762223566648
5-18B,10.0,257.1028,-0.7665208154902099,0.3499392991355792
5-18B,10.0,259.005,1.1192002910475813,0.18757044021647423
5-18B,10.0,259.0227,-1.3736762140129346,0.04195885660212278
5-18B,10.0,261.0385,0.1843356253860769,0.09990486584153753
5-18B,10.0,266.0703,0.992085686147034,0.21491841014234322
5-18B,10.0,267.0724,-0.7251305029144662,0.016712358896772295
5-18B,10.0,268.02,0.7168552306608524,0.7899955051494939
5-18B,10.0,269.0398,-0.23150185359646958,0.29830405132317184
5-18B,10.0,271.0612,-0.4391102773464777,0.31362543727350156
5-18B,10.0,271.0815,-0.7778987949863625,0.6052008447315256
5-18B,10.0,273.0021,2.6268670106212735,0.3075414858194811
5-18B,10.0,274.0933,0.5369936231059845,0.10804107916112288
5-18B,10.0,275.0184,-0.04158353434291462,0.6471412693762527
5-18B,10.0,275.0991,-0.19707839021620283,0.2710984638753367
5-18B,10.0,277.1207,-1.081671686133386,0.01768277140486971
5-18B,10.0,277.2169,-0.6045139913960108,0.33463295266173354
5-18B,10.0,279.2331,-0.29893881153509316,0.03787221727576894
5-18B,10.0,282.0839,-1.0097860739160225,0.35254303039891266
5-18B,10.0,283.2063,-0.16464450384526064,0.1560790454453556
5-18B,10.0,285.0972,-0.23556392685635713,0.8148252601890267
5-18B,10.0,287.0157,-1.41062012913999,0.3182276229457845
5-18B,10.0,288.0725,0.29240233687200584,0.15861524699597035
5-18B,10.0,289.0333,0.17092688045939466,0.15432829163334272
5-18B,10.0,289.1044,0.7475287498090146,0.33516695648227585
5-18B,10.0,290.9677,0.19765866692390066,0.22720884245854572
5-18B,10.0,294.0479,-1.4467862835410137,0.257599141987511
5-18B,10.0,300.0509,1.0401626906860235,0.2925740698144952
5-18B,10.0,301.0333,0.26853304194947203,0.817956304029915
5-18B,10.0,303.2326,-0.1435737400648425,0.12965610015850046
5-18B,10.0,305.0207,-1.2691047183896775,0.06145633940573433
5-18B,10.0,306.0481,1.33185189692351,0.12847389371702367
5-18B,10.0,306.0765,-0.25856396980861823,0.03060090579350886
5-18B,10.0,308.0986,-0.4123482873035005,0.009584696703695264
5-18B,10.0,313.0441,-0.3673359104112911,0.4485055839840978
5-18B,10.0,313.1037,2.6500730042062686,0.42193124483158545
5-18B,10.0,317.026,-0.6148713301217923,0.3350622849210341
5-18B,10.0,323.0256,0.7335677426876139,0.47724968172692545
5-18B,10.0,325.1163,0.5882096646472303,0.28008887356785067
5-18B,10.0,328.0457,1.5754514659390484,0.18585748804693075
5-18B,10.0,333.0589,0.7179281054075433,0.3076005730982123
5-18B,10.0,338.9884,0.3662541961030937,0.5185279395787727
5-18B,10.0,339.0928,-1.0830074001846344,0.19900468188923776
5-18B,10.0,341.1089,-0.3593248497037088,0.09924137246191359
5-18B,10.0,344.0393,2.815089071051899,0.5083793557163652
5-18B,10.0,346.0556,0.4575543725828778,0.1547616582119957
5-18B,10.0,348.087,0.8908312330626268,0.33585673880497746
5-18B,10.0,353.0489,-0.17312075384436132,0.33604197020805515
5-18B,10.0,357.089,1.1519383842535116,0.23120106371958696
5-18B,10.0,375.131,0.48876975791405275,0.4297460997907237
5-18B,10.0,377.1496,-0.36691667135320644,0.567411880912648
5-18B,10.0,383.1188,-0.2130775855552799,0.14035266939644214
5-18B,10.0,388.9416,0.17488198241882225,0.3479029385266733
5-18B,10.0,388.9442,-0.21991205265516767,0.4746020523041438
5-18B,10.0,401.0756,-1.1706198111866466,0.014497645254345876
5-18B,10.0,407.2795,-0.8834380740535832,0.21585834715052657
5-18B,10.0,421.0743,0.4517607983968732,0.6947756837400372
5-18B,10.0,426.0222,0.43786773087804187,0.7060961203424344
5-18B,10.0,442.9997,-0.04124319600082559,0.08686578439269504
5-18B,10.0,466.9657,-1.1966202803154045,0.19771282328641002
5-18B,10.0,490.9787,-0.5026991216369998,1.1040878507597411
5-18B,10.0,503.1614,0.36944656472760873,0.42721073727463477
5-18B,10.0,547.0731,1.4879511024361067,0.20630949674604063
5-18B,10.0,565.0471,0.9739451218682966,0.5654174317517683
5-18B,10.0,578.8872,-1.3199191823403844,0.016080461011843898
5-18B,10.0,579.0269,-0.9852257335458341,0.09836855135828881
5-18B,10.0,612.2549,1.3583158393385495,0.6250414951668947
5-18B,10.0,624.2949,2.0804641673850637,0.372690525078959
5-18B,10.0,659.307,-0.7241839547260778,0.08964001004192015
5-18B,10.0,664.0939,1.148556887609764,0.2745678177400979
5-18B,10.0,665.2144,1.103606260383733,0.6741080884524024
5-18B,10.0,668.1374,1.4685551623114268,0.03511975662942485
5-18B,10.0,787.255,-0.24092906358492777,0.17481445562953019
5-18B,10.0,790.2568,-0.5143476687585558,0.22006913816855941
5-18B,10.0,835.0407,1.9058659067298929,0.2430935169817398
5-18B,10.0,863.2971,1.8443786963200113,0.353853663389101
5-18B,10.0,864.1473,0.8295599316417399,0.30564948470886755
5-18B,10.0,974.2935,1.3393817856776078,0.034952792019703804
5-18B,10.0,976.7162,-1.4337414982156704,0.1064047883200594
5-18C,1.0,57.0342,1.6939195668378182,0.24648307217818308
5-18C,1.0,58.0295,-0.9456906185935371,0.07364358533484505
5-18C,1.0,59.0135,1.6550603103421888,0.3699413159112235
5-18C,1.0,71.0137,1.6763328285639445,0.265546674587786
5-18C,1.0,73.0293,-0.9232184828970409,0.014884087437602785
5-18C,1.0,74.0247,-1.2259064262296648,0.23377988292445823
5-18C,1.0,75.0087,-0.41811898074411746,0.16790867004130144
5-18C,1.0,87.0088,-0.6711513664829203,0.008878975059080377
5-18C,1.0,87.0451,0.8883763662077871,0.6825361360743943
5-18C,1.0,88.0403,-0.9512783543232858,0.00487723882298801
5-18C,1.0,88.9883,0.11312034615719005,0.5596362443928036
5-18C,1.0,89.0244,-0.22781838583271008,0.12540935440724738
5-18C,1.0,93.0338,-0.08225421687568571,0.01573243783316193
5-18C,1.0,94.9761,-0.8963656013205514,0.43982254575338475
5-18C,1.0,94.9806,1.2527216400009231,0.44207003242874177
5-18C,1.0,95.0139,1.483596322477121,0.20863358052223666
5-18C,1.0,101.0242,2.078498958190144,0.5693061237522389
5-18C,1.0,102.056,-0.49191932916794134,0.08086058209060892
5-18C,1.0,103.0402,-0.9869360615926083,0.03328806233248557
5-18C,1.0,103.0509,-1.0132560651843154,0.1361240231708693
5-18C,1.0,104.0352,-0.24536925361292483,0.049092283126380115
5-18C,1.0,105.0193,0.2555641085915612,0.8095346637239424
5-18C,1.0,107.0503,0.8012689332579318,0.7638625339128672
5-18C,1.0,109.0295,-0.9904681203495643,0.09281466098825351
5-18C,1.0,111.02,-1.1843998627199923,0.0037068847936369796
5-18C,1.0,112.0516,0.44622563361543566,0.5057353985418204
5-18C,1.0,113.0244,1.8455289664885306,0.2994116609580266
5-18C,1.0,113.0357,-0.9375681449400541,0.07151245749596954
5-18C,1.0,114.056,-0.24756745716587897,0.0014104835034644723
5-18C,1.0,115.0037,-0.8674810506574994,0.06048864173126064
5-18C,1.0,115.0402,0.27822035324668515,0.5521227752037629
5-18C,1.0,115.0764,1.1274246735988545,0.8401207069255835
5-18C,1.0,116.0354,-1.2351230052831847,0.13108284356702082
5-18C,1.0,116.0717,-0.7962341547282673,0.02926736394131088
5-18C,1.0,117.0194,-0.9442641542613093,0.0030991630997654392
5-18C,1.0,118.0508,-1.4244177358399777,0.1297278930175344
5-18C,1.0,118.9804,1.7108780591579338,0.23296685539781886
5-18C,1.0,119.0503,-0.27700131626306057,0.28972534914918946
5-18C,1.0,120.9273,1.263154358715135,1.168209740695521
5-18C,1.0,121.0295,1.704134082889644,0.43728013270789984
5-18C,1.0,121.0409,1.2290128600163712,0.2541089723790641
5-18C,1.0,122.0248,-0.6048429851142996,0.32127361308881297
5-18C,1.0,124.0075,-0.10233343123276095,0.35989323167050447
5-18C,1.0,124.0144,0.16640014592126706,0.2581556360704706
5-18C,1.0,125.0439,-0.37593764758054543,0.10845897302789943
5-18C,1.0,127.0764,1.5780560325967046,0.3943312959344943
5-18C,1.0,128.0354,-0.34048850085210725,0.021371113796927348
5-18C,1.0,129.0193,-1.0420487269693257,0.11392124195389576
5-18C,1.0,129.0556,1.0923915268798534,0.3205346858030234
5-18C,1.0,130.0142,-0.7017713952443863,0.13708136265355536
5-18C,1.0,130.0509,-1.062931445353123,0.0224127412587626
5-18C,1.0,130.0874,-0.956098668210026,0.03156503680909255
5-18C,1.0,131.0008,0.04026424002641199,1.2491423575230447
5-18C,1.0,131.0123,-0.6850942213478126,0.06827763771300994
5-18C,1.0,131.035,1.1080376378400076,0.3658981939415311
5-18C,1.0,131.0462,0.9029525417973445,0.3988954633630224
5-18C,1.0,131.0828,0.16619143138982898,0.14283078989651588
5-18C,1.0,132.0302,-1.2308575556020207,0.004308077155186595
5-18C,1.0,133.0142,-0.5062665765828599,0.027493995373173496
5-18C,1.0,133.0257,-0.6783319583392141,0.05193972384708227
5-18C,1.0,133.0505,-1.2826172736314827,0.008137414601097983
5-18C,1.0,134.0472,-1.1973053765083326,0.23764594231347932
5-18C,1.0,134.0604,-1.2478556917361994,0.2897216724879102
5-18C,1.0,135.0302,-0.8230142399889011,0.09322146597038533
5-18C,1.0,135.0453,-1.7585873857442589,0.055211430771273974
5-18C,1.0,136.0404,-0.39942597558393267,0.03343690724817383
5-18C,1.0,136.0487,-1.6514769639607243,0.19771173305421713
5-18C,1.0,136.0767,1.250659736489145,0.5848063630156723
5-18C,1.0,137.0239,-0.03085729467103549,0.2828432221463867
5-18C,1.0,138.9789,0.9135499346565037,0.35240346242152004
5-18C,1.0,139.0014,-0.3551990859194733,0.05520129016245204
5-18C,1.0,139.0067,-0.6433074930878868,0.02733113119729599
5-18C,1.0,139.976,-0.508466545778069,0.5917567995191271
5-18C,1.0,143.0713,1.648280721298105,0.646177958799538
5-18C,1.0,143.1077,0.870315240567125,0.3473919896433709
5-18C,1.0,145.0141,-0.06723596765361657,0.12717232898104555
5-18C,1.0,145.0506,-0.5621527978241712,0.06652105744591456
5-18C,1.0,145.0623,-0.5684256156925438,0.11934794151620877
5-18C,1.0,145.0982,0.5671752739665417,0.19204923369452342
5-18C,1.0,145.1106,0.6224175685038864,0.29496954055972147
5-18C,1.0,146.0459,-0.4808755607844082,0.005642711601410052
5-18C,1.0,147.0298,-0.9682588412303944,0.009091339775068576
5-18C,1.0,147.0662,-1.379665426960558,0.005838508710812565
5-18C,1.0,149.0092,1.757551372334436,0.9145797652751685
5-18C,1.0,149.0456,0.7439464808676749,0.18640928074685226
5-18C,1.0,149.0608,0.5095666799327199,0.1841296075223933
5-18C,1.0,150.0422,-0.44912055741336165,0.227423032122869
5-18C,1.0,150.9707,-0.2083932841393636,1.0480774941179543
5-18C,1.0,151.0259,-0.6599589087336175,0.05949432388498298
5-18C,1.0,151.04,0.39387809514372407,0.5176133612584117
5-18C,1.0,151.06,-0.8238293086895689,0.48993363745880425
5-18C,1.0,152.0353,0.33381147337562234,0.18911919739710556
5-18C,1.0,152.0716,1.7250882928162188,0.6413979446752526
5-18C,1.0,153.0192,0.052405819213343995,0.0968323667007908
5-18C,1.0,154.062,-0.07613524119819459,0.15326810462371643
5-18C,1.0,154.9751,-0.9677759304270612,0.015914575656716105
5-18C,1.0,155.0099,-1.1500817445021343,0.0033560936836700456
5-18C,1.0,157.0128,-0.9322454405333959,0.031682969913426416
5-18C,1.0,157.0255,-1.3238098966777037,0.006790027730201523
5-18C,1.0,157.0379,-1.3418864327903788,0.02689771943073775
5-18C,1.0,157.0504,-1.1709494762936052,0.03006329991049963
5-18C,1.0,159.0297,1.5753843946523913,0.2104245560658084
5-18C,1.0,159.0775,-1.1912530195199489,0.032775887310102524
5-18C,1.0,160.0616,-1.2024963769900479,0.2526123613748396
5-18C,1.0,161.0453,0.9230765639465471,0.22901427438640118
5-18C,1.0,162.0424,-1.2127021656525567,0.23934812610319425
5-18C,1.0,163.0351,-1.1632709268127877,0.22625505581516547
5-18C,1.0,163.0398,0.11212383762493987,0.09436109778398741
5-18C,1.0,163.0611,-0.3586255044299917,0.8216452641971075
5-18C,1.0,164.0716,-0.4250211912336552,0.08725275662438374
5-18C,1.0,165.03,0.7859746545819708,0.41778805756843257
5-18C,1.0,165.0405,1.3675812359447406,0.389488447837901
5-18C,1.0,165.0556,-0.5414642939668828,0.0722814255537278
5-18C,1.0,166.0508,-1.1540088837865596,0.08571734808857757
5-18C,1.0,166.0632,-0.5635836690010858,1.0292396737427834
5-18C,1.0,166.9759,-0.5474191143446278,0.29622960005541804
5-18C,1.0,167.0207,0.1875233533868873,0.48177334815290584
5-18C,1.0,167.0358,1.6903689624577707,0.11206365345093362
5-18C,1.0,167.0828,0.9321488667793858,1.0382652246138198
5-18C,1.0,168.0277,-0.4731786846702468,0.04967056210620688
5-18C,1.0,168.0664,0.5647032312494094,1.1083548182146412
5-18C,1.0,170.0455,-0.8436240165516599,0.006383561997563553
5-18C,1.0,171.0065,-0.7373255355507148,0.15216711126038998
5-18C,1.0,171.0092,-0.7425368499733744,0.18757411049665856
5-18C,1.0,171.0284,-0.8531407018517707,0.017967196487009014
5-18C,1.0,172.0616,-1.573987441063212,0.11208003529130424
5-18C,1.0,172.962,-0.49504130469881524,0.156014259927717
5-18C,1.0,173.0089,-0.8382912218301392,0.14683069709794092
5-18C,1.0,173.0453,-0.7668944244007567,0.30739227923353607
5-18C,1.0,173.0932,-0.8022427972772006,0.08073124461456141
5-18C,1.0,173.1041,0.09946375322638534,0.237755989428708
5-18C,1.0,174.0407,-0.9966890592603175,0.002355091623841263
5-18C,1.0,174.088,-0.6391681935094424,0.18644132378464168
5-18C,1.0,175.022,-0.6736393544003181,0.05795175735159726
5-18C,1.0,175.0361,-1.2126794446767808,0.013896328192781842
5-18C,1.0,175.0611,-1.231414828669756,0.007920737482296518
5-18C,1.0,176.0776,-1.2579446270377002,0.11835970835763718
5-18C,1.0,177.0402,2.103178300620022,0.26612592245558314
5-18C,1.0,177.0553,0.25056546799902996,0.7101721544015775
5-18C,1.0,178.0509,-1.0657475520774322,0.01161143622032044
5-18C,1.0,179.0348,-1.0249924369215564,0.13954355523981038
5-18C,1.0,179.0561,1.0836095311958394,0.22283623558505994
5-18C,1.0,180.0663,1.124126716296363,0.1291313991951129
5-18C,1.0,181.0505,-0.765061549791263,0.07582285915508073
5-18C,1.0,182.9725,1.8780810243801502,0.29012914983804
5-18C,1.0,183.0661,1.70621257504613,0.7533928342508234
5-18C,1.0,184.0017,-0.44698053591701603,0.04514976586405083
5-18C,1.0,184.9856,-0.4492249502565119,0.0877535613266563
5-18C,1.0,186.1136,1.1433759344493857,0.8488708000815137
5-18C,1.0,187.0234,-0.45041743634415765,0.6899783412553064
5-18C,1.0,188.035,-0.2494776484490743,0.5525136328349364
5-18C,1.0,188.0565,-1.1093259674989469,0.01096959239825066
5-18C,1.0,189.0405,0.6658744204093401,0.2083752368596351
5-18C,1.0,191.0197,-0.4081366751140927,0.2729670827204418
5-18C,1.0,191.0561,-1.0856004265110366,0.06341204666632067
5-18C,1.0,192.0663,0.13839380366676335,0.17064179098385143
5-18C,1.0,193.0349,0.6661960825459274,0.22805600655673505
5-18C,1.0,194.0682,-1.0934363716848177,0.10316940857905188
5-18C,1.0,194.0822,0.5148501934595372,0.2451870243423726
5-18C,1.0,195.0509,0.19824971328605892,0.23815741648128064
5-18C,1.0,195.0657,0.5283800442437383,0.3119858497713738
5-18C,1.0,196.0603,-1.2308984253896498,0.14208619722782495
5-18C,1.0,198.0182,-0.7162712975654038,0.2809203625776687
5-18C,1.0,199.0019,-0.12396997493289207,0.5375153701836456
5-18C,1.0,200.9937,0.374573350539076,0.2345579716043228
5-18C,1.0,201.0051,-0.7389520940619108,0.39937222636172065
5-18C,1.0,203.0348,-0.06575744069917284,0.2746289370671903
5-18C,1.0,203.0826,-0.09824606767990463,0.006831950514018474
5-18C,1.0,204.0498,1.3476161625164977,0.8527390407461395
5-18C,1.0,205.0351,-0.8005192244031099,0.14944126884218978
5-18C,1.0,206.0822,-0.2039446356760135,0.747813836644536
5-18C,1.0,209.0292,-0.1877831110752336,0.31788113346221736
5-18C,1.0,209.0814,0.38633330209148814,0.1413021821232876
5-18C,1.0,211.0235,-0.35488709972252996,0.31598832581245007
5-18C,1.0,211.9968,-1.0768757316812578,0.008410915623091292
5-18C,1.0,212.0331,-0.2520969823877065,0.380307482253653
5-18C,1.0,212.9807,-0.7099453988450837,0.05541380130515138
5-18C,1.0,213.014,-0.6417451958773162,0.14061357521037454
5-18C,1.0,213.0384,-0.37979940724583294,0.2386618577575945
5-18C,1.0,213.1252,-0.001146237811351536,0.5604855912355029
5-18C,1.0,214.0488,-0.1920853248410288,0.23819649953265867
5-18C,1.0,215.0331,1.452234724259976,0.1410760112627491
5-18C,1.0,216.1351,0.9856360273601356,0.1979582841682478
5-18C,1.0,218.0335,1.673519106584445,0.19832150094644435
5-18C,1.0,218.1034,-1.2174823544994486,0.028245172213072926
5-18C,1.0,220.0828,0.32523336582535156,0.6332999384865526
5-18C,1.0,221.0443,1.7525809322748596,0.18698148281623958
5-18C,1.0,221.0664,1.6171255848990764,0.23755679845708338
5-18C,1.0,225.0399,2.177590645593395,1.1832480311280291
5-18C,1.0,225.0861,0.7932266990353031,0.5676790232216734
5-18C,1.0,225.0901,-0.2306454280817094,0.8330926334936031
5-18C,1.0,226.0135,-0.624386183498777,0.37744934882255576
5-18C,1.0,226.0697,0.969303299158201,0.6071563841540377
5-18C,1.0,228.0501,0.12081065720800829,0.42617341936286335
5-18C,1.0,229.0122,-0.9161740914605434,0.06917651443811913
5-18C,1.0,237.0614,-1.2115501545763876,0.10423394040225768
5-18C,1.0,238.0945,1.2580390631920058,0.6384493397870535
5-18C,1.0,240.0515,-1.4093757224497707,0.008450226606710395
5-18C,1.0,241.0844,-1.217736219997009,0.8743372194453009
5-18C,1.0,242.0804,0.0641644577106886,0.6504809521665083
5-18C,1.0,243.029,-0.012979576158380222,0.2541544913538145
5-18C,1.0,243.0625,-1.095115021625423,0.30639535528808065
5-18C,1.0,245.0444,-0.8793278671037597,0.26228910599838134
5-18C,1.0,246.0198,-0.2758326452239581,0.5562136560910667
5-18C,1.0,246.064,1.8193062146404748,2.213394126795739
5-18C,1.0,251.0816,0.14546061676855354,0.5859077339796486
5-18C,1.0,253.0119,-0.3548478407341795,0.010344805276806252
5-18C,1.0,253.0499,1.0577138092130745,0.4693700927504699
5-18C,1.0,257.0072,-0.6511423074905698,0.37945349724437183
5-18C,1.0,257.1028,1.5045356201752789,0.3948134360417857
5-18C,1.0,259.005,0.06919232330509592,0.6100191437359533
5-18C,1.0,259.0227,1.4781654673242004,0.3796584037868628
5-18C,1.0,261.0385,-0.5040457422277487,0.5686276139025322
5-18C,1.0,266.0703,-0.6378047614628397,0.22128672043507597
5-18C,1.0,267.0724,-0.7058495756541763,0.019773469948445255
5-18C,1.0,268.02,-0.2143075177079679,0.7231797976100557
5-18C,1.0,269.0398,-0.6045162885947788,0.16547843113325228
5-18C,1.0,271.0612,-0.15574980060815322,0.6346507454916844
5-18C,1.0,271.0815,0.9059570425775052,0.8514369904946221
5-18C,1.0,273.0021,-0.8523191945182171,0.1311023035467896
5-18C,1.0,274.0933,-1.2740610153524978,0.11973292265391083
5-18C,1.0,275.0184,-0.562635002053363,0.3518015555696982
5-18C,1.0,275.0991,-0.8166617664953482,0.08903702404127746
5-18C,1.0,277.1207,2.367829000273966,0.2753669121255413
5-18C,1.0,277.2169,0.897566583779721,0.25134214668635857
5-18C,1.0,279.2331,-0.20424265881058512,0.037226301132716494
5-18C,1.0,282.0839,-0.1088382490675828,0.38456717586412204
5-18C,1.0,283.2063,-0.02986535963009691,0.23948258024474403
5-18C,1.0,285.0972,0.9208479528796777,0.6855772681799469
5-18C,1.0,287.0157,0.6653272347112407,0.22011556347149772
5-18C,1.0,288.0725,-0.7101185226254416,0.09575176839591261
5-18C,1.0,289.0333,0.3622794340164401,0.8110999088929066
5-18C,1.0,289.1044,-1.1306001276272877,0.4157107849244121
5-18C,1.0,290.9677,-0.49890021565354836,0.032336297723706935
5-18C,1.0,294.0479,1.0491390779610055,0.3227488685907566
5-18C,1.0,300.0509,0.08298580755562,0.4795196102503553
5-18C,1.0,301.0333,1.4617967946489707,0.2324877978978587
5-18C,1.0,303.2326,-0.18182006589840882,0.4317329435873853
5-18C,1.0,305.0207,1.3117316368514478,0.2920249771041747
5-18C,1.0,306.0481,-0.9771603597891301,0.15619751240759808
5-18C,1.0,306.0765,-0.3212659887845368,0.02413290291923898
5-18C,1.0,308.0986,-0.24057128047361692,0.05951066973923979
5-18C,1.0,313.0441,-0.4649583865033547,0.45632543854205315
5-18C,1.0,313.1037,-0.34848122185611397,0.43786093798261977
5-18C,1.0,317.026,0.6305001208717216,0.5023607084647413
5-18C,1.0,323.0256,-0.4633322553453178,1.0215622936457962
5-18C,1.0,325.1163,-0.5074011259558023,0.429946441741303
5-18C,1.0,328.0457,-1.0999500272373108,0.11834634825977788
5-18C,1.0,333.0589,-1.0696725587678264,0.2239067414631038
5-18C,1.0,338.9884,-0.45114153650859923,0.24580722733214636
5-18C,1.0,339.0928,-0.11437611648647752,0.7893154753223739
5-18C,1.0,341.1089,0.4944772409569249,0.14484481805570837
5-18C,1.0,344.0393,-0.49642192535922824,0.06754756592368102
5-18C,1.0,346.0556,-0.18278958444544002,0.30646373914399094
5-18C,1.0,348.087,-1.1432584250627793,0.1083135751164098
5-18C,1.0,353.0489,0.059511739695385146,0.46819948644430787
5-18C,1.0,357.089,-0.40129954788087974,0.025095079215205388
5-18C,1.0,375.131,-0.08547571441871138,0.16928756796830752
5-18C,1.0,377.1496,1.4965769742768027,0.5595380170640516
5-18C,1.0,383.1188,1.7296533990449907,0.5601935815992426
5-18C,1.0,388.9416,0.40399685721601486,0.36496762393301674
5-18C,1.0,388.9442,0.01965105747479598,0.06234492943677066
5-18C,1.0,401.0756,1.6732237326723352,0.13004115130801752
5-18C,1.0,407.2795,0.4942277754177048,0.42432223085419196
5-18C,1.0,421.0743,0.0824493527914683,0.817800384326051
5-18C,1.0,426.0222,-0.8788589870033885,0.5081061870223242
5-18C,1.0,442.9997,0.20488469929732736,0.178236421224538
5-18C,1.0,466.9657,0.7701351390617363,0.6648471119556619
5-18C,1.0,490.9787,-0.134434611744368,1.5747267187067144
5-18C,1.0,503.1614,1.7684707112610878,0.5515483204416456
5-18C,1.0,547.0731,-1.2692076558274006,0.06997004144993507
5-18C,1.0,565.0471,-0.9726140573466041,0.2030641619054267
5-18C,1.0,578.8872,1.9344396386903844,0.17953067345196685
5-18C,1.0,579.0269,1.6658042935340482,0.3042105668237362
5-18C,1.0,612.2549,0.3092526980926191,0.1659564224359439
5-18C,1.0,624.2949,-1.0084525982149224,0.2430318975273867
5-18C,1.0,659.307,0.18685509214388452,0.29107995466700626
5-18C,1.0,664.0939,-0.2366290061357433,0.10899172197451874
5-18C,1.0,665.2144,0.05317097195984896,0.4367677910220252
5-18C,1.0,668.1374,-0.6165144205063442,0.000170274890801062
5-18C,1.0,787.255,0.5450619238929455,0.1372795376060152
5-18C,1.0,790.2568,0.4292327284710289,0.19378919324734922
5-18C,1.0,835.0407,-0.5239156281708193,0.07049052448415005
5-18C,1.0,863.2971,-0.34589725120533055,0.10943762008908756
5-18C,1.0,864.1473,-0.022257688302220392,0.33322494626299753
5-18C,1.0,974.2935,-0.0856923081986209,0.30993140733564783
5-18C,1.0,976.7162,1.2292497218238103,0.202275437578665
5-18C,2.0,57.0342,0.6254401090365045,0.7919628625872547
5-18C,2.0,58.0295,-0.8237354737654254,0.11911526913354262
5-18C,2.0,59.0135,0.04463816078632174,0.522801361975931
5-18C,2.0,71.0137,0.4389755708606532,0.2425951579533385
5-18C,2.0,73.0293,-0.8955988200369209,0.010623006857714005
5-18C,2.0,74.0247,-0.48693794866762435,0.42411390302484037
5-18C,2.0,75.0087,0.37192663141275184,0.6694501528822226
5-18C,2.0,87.0088,-0.6966546238658479,0.01458244997874613
5-18C,2.0,87.0451,0.5427546559214864,0.43068517474902057
5-18C,2.0,88.0403,-0.8560217169095212,0.012310263773879681
5-18C,2.0,88.9883,1.1333508732589295,0.780544453132561
5-18C,2.0,89.0244,-0.7492046129457546,0.1626893379945741
5-18C,2.0,93.0338,-0.07215710733339271,0.01224406611839625
5-18C,2.0,94.9761,-1.1102578324927004,0.2891105800995704
5-18C,2.0,94.9806,0.6457704218549004,0.4000976605024484
5-18C,2.0,95.0139,0.5852786738384026,0.22686324760795717
5-18C,2.0,101.0242,0.31671445519641084,0.6672194420821702
5-18C,2.0,102.056,-0.5455527765666215,0.058423965731254024
5-18C,2.0,103.0402,-0.8887923897462016,0.03341402353838385
5-18C,2.0,103.0509,-0.8677286407996582,0.12925414883480998
5-18C,2.0,104.0352,0.8022179587270402,0.44626499297513195
5-18C,2.0,105.0193,0.7290158521575028,0.35936870563421297
5-18C,2.0,107.0503,-0.9949099496537319,0.8847550556385175
5-18C,2.0,109.0295,-0.7157203229700994,0.21783362048816976
5-18C,2.0,111.02,-0.7243420141059529,0.05288245005438807
5-18C,2.0,112.0516,-0.6228017665333856,0.3092994402712428
5-18C,2.0,113.0244,0.5330349317524377,0.37664608034556735
5-18C,2.0,113.0357,-0.7317208776145221,0.14283710524600263
5-18C,2.0,114.056,-0.23548901237905118,0.0027714695716415183
5-18C,2.0,115.0037,-0.7457270936891909,0.09182181831502056
5-18C,2.0,115.0402,-0.5936120755159754,1.0495537932799828
5-18C,2.0,115.0764,-0.4309691809270518,1.091800165256926
5-18C,2.0,116.0354,-0.7344973902901156,0.2994312278036375
5-18C,2.0,116.0717,-0.7190093650622689,0.04061426598490512
5-18C,2.0,117.0194,-0.8835340893132587,0.004194634996791998
5-18C,2.0,118.0508,-0.6675448160305322,0.1639902854837583
5-18C,2.0,118.9804,0.4593005023969856,0.38868831902580414
5-18C,2.0,119.0503,-1.0629971682848287,0.7989082755158061
5-18C,2.0,120.9273,0.8460563291872649,1.358684318533714
5-18C,2.0,121.0295,0.25649685578039616,0.9627881626512724
5-18C,2.0,121.0409,0.41045583203919606,0.8257264796341693
5-18C,2.0,122.0248,-0.9268215326638127,0.6947394862538907
5-18C,2.0,124.0075,-0.26204189443118564,0.17180622019709596
5-18C,2.0,124.0144,-0.09860124693591141,0.12241005652879525
5-18C,2.0,125.0439,-0.29310422475030873,0.4973885497853178
5-18C,2.0,127.0764,0.8626356600174147,0.674560742530228
5-18C,2.0,128.0354,-0.25824190073919817,0.038931157839650544
5-18C,2.0,129.0193,-0.7483646396935104,0.13348273777366873
5-18C,2.0,129.0556,-0.34366287885644475,1.049522922128342
5-18C,2.0,130.0142,-0.687445835252972,0.1304718022530361
5-18C,2.0,130.0509,-0.8984492153906118,0.01446970777986976
5-18C,2.0,130.0874,-0.5276339675383975,0.17514121431228527
5-18C,2.0,131.0008,0.23702730567117278,0.6771406995471014
5-18C,2.0,131.0123,-0.7489819716184022,0.049356610894655206
5-18C,2.0,131.035,0.45408240934413163,0.45944546908076184
5-18C,2.0,131.0462,0.8548998651318177,0.3210860265690182
5-18C,2.0,131.0828,0.8979212412752566,0.3548823425022273
5-18C,2.0,132.0302,-0.8913226065799609,0.008458968058717565
5-18C,2.0,133.0142,-0.3798059759080402,0.02772210702591284
5-18C,2.0,133.0257,-0.3868599905200374,0.028676054567826178
5-18C,2.0,133.0505,-0.6977555389674781,0.078149383809057
5-18C,2.0,134.0472,0.39222596998468034,0.8521386039298767
5-18C,2.0,134.0604,-0.3651861364893037,0.3200721625908394
5-18C,2.0,135.0302,-0.20119426977295088,0.2196546902140049
5-18C,2.0,135.0453,-1.5183084092056138,0.2158392054580469
5-18C,2.0,136.0404,-0.4047529224449494,0.08879234728055072
5-18C,2.0,136.0487,-1.3080619864462268,0.18872042539577855
5-18C,2.0,136.0767,-0.2960451950900046,1.4159140057914614
5-18C,2.0,137.0239,-0.13231680690941827,0.10650445520123786
5-18C,2.0,138.9789,-0.5193216418080759,0.9501209331600128
5-18C,2.0,139.0014,-0.3232058874965328,0.021991271095250647
5-18C,2.0,139.0067,-0.816825797095722,0.04563291955558739
5-18C,2.0,139.976,-1.2584459628338056,0.5009129331713083
5-18C,2.0,143.0713,0.7015037523216262,0.6193885359555298
5-18C,2.0,143.1077,-1.2131918178083891,0.9530604785756882
5-18C,2.0,145.0141,0.20330938736665463,0.3480231483071177
5-18C,2.0,145.0506,-0.3546044807852754,0.11402542884967432
5-18C,2.0,145.0623,0.8929831647967521,0.6830918002207238
5-18C,2.0,145.0982,2.206862741449214,1.0659768711255113
5-18C,2.0,145.1106,1.721663753414089,0.8131507413999834
5-18C,2.0,146.0459,-0.39581276876885396,0.004873388185139855
5-18C,2.0,147.0298,-0.8166579612287999,0.014680153534563837
5-18C,2.0,147.0662,-0.6721370353080094,0.11702100298167857
5-18C,2.0,149.0092,-0.3643154773976377,1.0071561800698892
5-18C,2.0,149.0456,0.10976994657033173,0.26141685508516704
5-18C,2.0,149.0608,-0.8340194969632904,0.9571921867012512
5-18C,2.0,150.0422,0.4840712579495268,1.2836889288629778
5-18C,2.0,150.9707,-0.2282186902677002,0.41254879945719647
5-18C,2.0,151.0259,-0.4097421987641936,0.09686294075277048
5-18C,2.0,151.04,-0.7474300217015324,0.8449296126163608
5-18C,2.0,151.06,0.000689184256965153,0.8824229683742952
5-18C,2.0,152.0353,-0.9169334248590135,0.7536788430492396
5-18C,2.0,152.0716,0.6871511119401827,0.8374701336280926
5-18C,2.0,153.0192,-0.09804419518531929,0.2450519494381095
5-18C,2.0,154.062,0.2872764172969428,0.15581858406638915
5-18C,2.0,154.9751,-0.9127977988623299,0.010752064431932197
5-18C,2.0,155.0099,-0.6565443049955226,0.048219037583447796
5-18C,2.0,157.0128,-0.8212690828849131,0.03981777562693709
5-18C,2.0,157.0255,-0.8154089253894607,0.05806375394483681
5-18C,2.0,157.0379,-0.8385051017937969,0.05171679503567009
5-18C,2.0,157.0504,-0.9737339724284018,0.027961702330069567
5-18C,2.0,159.0297,0.7601242401893584,0.34667130925181566
5-18C,2.0,159.0775,-0.9799964059296461,0.041737682290769726
5-18C,2.0,160.0616,0.09190944219846237,0.35532579357559246
5-18C,2.0,161.0453,0.045969506040753644,0.663191188852682
5-18C,2.0,162.0424,-0.7613116157209603,0.15426530724328266
5-18C,2.0,163.0351,-1.267303829741239,0.08643923571824753
5-18C,2.0,163.0398,0.2889029955531751,0.10981936544944082
5-18C,2.0,163.0611,-0.6691067186158672,1.1918876642106127
5-18C,2.0,164.0716,-0.08925383277982439,0.11599392813771528
5-18C,2.0,165.03,0.7118687827750476,0.36592054113870903
5-18C,2.0,165.0405,0.19134564233279253,0.6837787032892404
5-18C,2.0,165.0556,-0.6796647053640701,0.21070850878857073
5-18C,2.0,166.0508,-0.7255001613425358,0.3722690704671153
5-18C,2.0,166.0632,-0.14774686512737834,0.7332854948891683
5-18C,2.0,166.9759,-1.1239035355742697,0.2767664064588404
5-18C,2.0,167.0207,0.9699289810365833,0.48974693804946606
5-18C,2.0,167.0358,-0.6744912086709964,0.8865641653406443
5-18C,2.0,167.0828,-0.07150150967234883,0.7296901900991929
5-18C,2.0,168.0277,-0.3466128848377249,0.06038958366508201
5-18C,2.0,168.0664,1.0740568635463443,0.19884582326631006
5-18C,2.0,170.0455,-0.8023758699190069,0.020794781072602287
5-18C,2.0,171.0065,-0.8485402654389662,0.07841858104070185
5-18C,2.0,171.0092,-1.015042089015449,0.0531232033783269
5-18C,2.0,171.0284,-0.8849859621283813,0.055728273676253985
5-18C,2.0,172.0616,-0.7221528101150322,0.2418327747449521
5-18C,2.0,172.962,-0.551183705005017,0.05111608323272931
5-18C,2.0,173.0089,-0.8332851071547138,0.10729475857491087
5-18C,2.0,173.0453,-0.8577645298672649,0.18011627377734554
5-18C,2.0,173.0932,-0.667698729649181,0.07447574920043856
5-18C,2.0,173.1041,2.66742299337667,1.047888655723122
5-18C,2.0,174.0407,-0.8466274991913796,0.005306960059077571
5-18C,2.0,174.088,-0.39884894863737325,0.16595476978625007
5-18C,2.0,175.022,-0.8512295484481471,0.08476763781323404
5-18C,2.0,175.0361,-0.922560920869643,0.035737598903306717
5-18C,2.0,175.0611,-0.969793231313018,0.03579776664813235
5-18C,2.0,176.0776,-1.1105394253630414,0.13391640850045983
5-18C,2.0,177.0402,0.8119759080250152,0.26981048195784074
5-18C,2.0,177.0553,-0.9826554487302528,0.59125031765609
5-18C,2.0,178.0509,-0.8423449117443309,0.044389462480727906
5-18C,2.0,179.0348,-0.31661065914794567,0.6305901034308635
5-18C,2.0,179.0561,0.45783672439701756,0.3084253498347849
5-18C,2.0,180.0663,0.4311106542110885,0.23229898774457042
5-18C,2.0,181.0505,-0.8301967601000234,0.20158100701446302
5-18C,2.0,182.9725,0.2918600612492121,0.32933832817238784
5-18C,2.0,183.0661,0.3929075714994378,0.5748478523484477
5-18C,2.0,184.0017,-0.4395112971895387,0.060572990929267954
5-18C,2.0,184.9856,-0.7119335442258244,0.22123803135539472
5-18C,2.0,186.1136,-0.2170083166682477,0.3762200802611349
5-18C,2.0,187.0234,-0.19904523885556213,0.43872300268764836
5-18C,2.0,188.035,-0.2829718109014036,0.44801800598594504
5-18C,2.0,188.0565,-0.8772034209906139,0.021096433138715526
5-18C,2.0,189.0405,0.3296055796494513,0.2746999206916098
5-18C,2.0,191.0197,-1.0289783925747256,0.07142073591862962
5-18C,2.0,191.0561,-0.9203317987812762,0.07160479772466238
5-18C,2.0,192.0663,0.7186058219105191,0.16131087528759686
5-18C,2.0,193.0349,1.5436857213930526,0.6097309646677368
5-18C,2.0,194.0682,-0.8184196280521397,0.16496850740997
5-18C,2.0,194.0822,0.07402837944673502,0.5555219426891159
5-18C,2.0,195.0509,2.7908035945152263,1.1933094721622837
5-18C,2.0,195.0657,1.754966561645421,0.6902032536499801
5-18C,2.0,196.0603,-0.8535125864127566,0.16784037144005123
5-18C,2.0,198.0182,-0.7701809513234461,0.21840833133212015
5-18C,2.0,199.0019,-1.3836024218546923,0.39601893254092596
5-18C,2.0,200.9937,0.04513611735281829,0.4181998600165795
5-18C,2.0,201.0051,-1.4473524752591491,0.16829094863736205
5-18C,2.0,203.0348,-0.5015485473446675,0.381963342624354
5-18C,2.0,203.0826,-0.07561718959642522,0.007829906706093528
5-18C,2.0,204.0498,1.1327518072945768,0.366100291362906
5-18C,2.0,205.0351,-0.6542753627061699,0.026325466619504058
5-18C,2.0,206.0822,0.04875156492653407,0.40285483104401754
5-18C,2.0,209.0292,-0.2942900067156787,0.2876707408671338
5-18C,2.0,209.0814,1.418143750437928,0.2530962002445265
5-18C,2.0,211.0235,-0.9459216199569116,0.3717590054151332
5-18C,2.0,211.9968,-0.9145917446477778,0.03589076812210488
5-18C,2.0,212.0331,-0.40679946476034456,0.23570017787561315
5-18C,2.0,212.9807,-0.7651755930298191,0.10686657223608549
5-18C,2.0,213.014,-0.9093674616281765,0.17331497623843659
5-18C,2.0,213.0384,-0.5430099827989029,0.07224007904598641
5-18C,2.0,213.1252,0.7116364138390904,0.6619223397031037
5-18C,2.0,214.0488,-0.17373380855804824,0.18431793304263053
5-18C,2.0,215.0331,0.3425418000013769,0.30472480303771976
5-18C,2.0,216.1351,0.5477639836953176,0.1618013812675849
5-18C,2.0,218.0335,0.5057008464252079,0.29633531640027105
5-18C,2.0,218.1034,-0.8294203157897764,0.035624565496398926
5-18C,2.0,220.0828,0.3490594178451841,0.6924230223289424
5-18C,2.0,221.0443,0.4307152956312451,0.31211959322085975
5-18C,2.0,221.0664,-1.1665090390017525,0.4786376358149679
5-18C,2.0,225.0399,-0.5082197825048946,0.6637294770857768
5-18C,2.0,225.0861,-0.9850818336262702,0.4966174062081399
5-18C,2.0,225.0901,-1.2423784690679431,0.22279757805296896
5-18C,2.0,226.0135,-0.8900809624549181,0.1516274483766603
5-18C,2.0,226.0697,-0.008038440484519668,0.28738017582954056
5-18C,2.0,228.0501,0.6498670972399793,0.38335430343693033
5-18C,2.0,229.0122,-0.7250054418238763,0.19816962924233764
5-18C,2.0,237.0614,-0.9737246865433089,0.10945382171032995
5-18C,2.0,238.0945,1.3656871988935502,0.05501959480970208
5-18C,2.0,240.0515,-0.8572318915773969,0.0926878696949597
5-18C,2.0,241.0844,-0.19113141951125975,0.6439727381749144
5-18C,2.0,242.0804,1.040528533464523,1.0236566592033658
5-18C,2.0,243.029,-0.7711914279640306,0.538020879128117
5-18C,2.0,243.0625,-0.6748881387628476,0.19560111272009126
5-18C,2.0,245.0444,-0.6059190849406723,0.4721847539722291
5-18C,2.0,246.0198,-0.8982065640139141,0.40081726991589817
5-18C,2.0,246.064,0.26278955376433627,0.5352608603180861
5-18C,2.0,251.0816,1.2876368813629884,0.7969745702382306
5-18C,2.0,253.0119,-0.32268208971145546,0.005400987005948679
5-18C,2.0,253.0499,0.750118423010253,0.37297186774802277
5-18C,2.0,257.0072,-0.9359421656786423,0.3853021101747828
5-18C,2.0,257.1028,1.6082312127079208,0.6004097286534843
5-18C,2.0,259.005,-1.022501354018177,0.37953237517690674
5-18C,2.0,259.0227,0.17556540733753748,0.25641455652847306
5-18C,2.0,261.0385,-0.6440612747691759,0.24688241471538494
5-18C,2.0,266.0703,-0.44338797574443717,0.18257693207847664
5-18C,2.0,267.0724,-0.6483361264817893,0.027484515132215045
5-18C,2.0,268.02,-0.5119938183373861,0.47223819817339924
5-18C,2.0,269.0398,-0.625508442945333,0.6822383470278064
5-18C,2.0,271.0612,-0.25298718525730457,0.27969234732381115
5-18C,2.0,271.0815,0.764014552205198,0.7692298681061085
5-18C,2.0,273.0021,-0.9085229772765901,0.060711312829464056
5-18C,2.0,274.0933,-0.676469437306898,0.05502629720735909
5-18C,2.0,275.0184,-0.9258983402418051,0.2448781665082195
5-18C,2.0,275.0991,-0.6086795533312219,0.2688546732783802
5-18C,2.0,277.1207,0.710507439486888,0.21624199970224964
5-18C,2.0,277.2169,-0.5938326182622431,0.5807659523526523
5-18C,2.0,279.2331,-0.3533173514312935,0.04308928610020792
5-18C,2.0,282.0839,1.4120347908498592,0.4168715229985601
5-18C,2.0,283.2063,-0.1988398981489936,0.20852757412333936
5-18C,2.0,285.0972,1.4833688980780324,0.21264213187661338
5-18C,2.0,287.0157,0.0868139491653789,0.35947337440658306
5-18C,2.0,288.0725,-0.3121062857021948,0.08383147684801745
5-18C,2.0,289.0333,-0.8641164774173511,0.24770478953618771
5-18C,2.0,289.1044,3.540914798503008,1.4720326182018262
5-18C,2.0,290.9677,-0.3909305040051395,0.07672681587262965
5-18C,2.0,294.0479,0.24952912233106805,0.7112566955469205
5-18C,2.0,300.0509,1.1684589897803095,0.5381444976012111
5-18C,2.0,301.0333,-0.07707255031033507,0.9557645833056287
5-18C,2.0,303.2326,1.6280338466949205,1.6758332842812826
5-18C,2.0,305.0207,0.6637266284827974,0.31903071332533006
5-18C,2.0,306.0481,-0.9910893013905133,0.01541359985091334
5-18C,2.0,306.0765,-0.28850277166198474,0.0239258170205108
5-18C,2.0,308.0986,0.08270014294309114,0.17918468706538795
5-18C,2.0,313.0441,-0.4958243164442277,0.1407418683504675
5-18C,2.0,313.1037,-0.18955080665388097,0.43148600087808225
5-18C,2.0,317.026,-0.8296364014890667,0.5379189431430316
5-18C,2.0,323.0256,0.4595898525128881,0.34214607352228166
5-18C,2.0,325.1163,-0.4869917801528669,0.3238643342991467
5-18C,2.0,328.0457,-0.3937617642276289,0.23375016251913858
5-18C,2.0,333.0589,-0.9403513532238301,0.2777070524978754
5-18C,2.0,338.9884,-0.8670716871947226,0.18107545775020206
5-18C,2.0,339.0928,0.533412401774306,0.5558791761777169
5-18C,2.0,341.1089,-0.4691704881857836,0.14483181501486392
5-18C,2.0,344.0393,-0.1695557934971478,0.4585568787586382
5-18C,2.0,346.0556,1.194346704454355,0.6545735753894094
5-18C,2.0,348.087,-0.8760348817404222,0.05372524466030073
5-18C,2.0,353.0489,-0.9720001850355164,0.18020111572591918
5-18C,2.0,357.089,-0.5680941261243995,0.21587894277359296
5-18C,2.0,375.131,0.5002723636772669,0.724172972445231
5-18C,2.0,377.1496,0.5153231676882488,0.7057561015842546
5-18C,2.0,383.1188,-0.13268871722699285,0.7702029307023113
5-18C,2.0,388.9416,-0.6050041549201559,0.306182680895798
5-18C,2.0,388.9442,-0.8930769290951277,0.18998347055053053
5-18C,2.0,401.0756,0.683213972267007,0.20480871968396927
5-18C,2.0,407.2795,0.6360523466515833,0.2557501569865351
5-18C,2.0,421.0743,0.14667743028806046,0.16770759907409521
5-18C,2.0,426.0222,1.1878294701931174,1.0768208421782433
5-18C,2.0,442.9997,-0.15484068613843466,0.12618813553142136
5-18C,2.0,466.9657,0.8165880289670249,0.5076083650866723
5-18C,2.0,490.9787,-0.7072905160217952,0.7438994045877372
5-18C,2.0,503.1614,-1.1722582004381499,0.5831985202044527
5-18C,2.0,547.0731,-0.9318502407678171,0.07409603698944198
5-18C,2.0,565.0471,-0.6753849611191792,0.2614675203364805
5-18C,2.0,578.8872,0.5017472864206709,0.20989270999509277
5-18C,2.0,579.0269,0.36881623852117595,0.1353811772741944
5-18C,2.0,612.2549,-0.7390362268129083,0.30170738278714215
5-18C,2.0,624.2949,-0.9919383409018726,0.1954185513481762
5-18C,2.0,659.307,0.26296377432894347,0.38026645978072077
5-18C,2.0,664.0939,-0.4787100796619705,0.1953597882954611
5-18C,2.0,665.2144,-1.0486474767649256,0.1715204303646808
5-18C,2.0,668.1374,-0.6153079343385185,0.0003388324511869729
5-18C,2.0,787.255,0.23554279994581168,0.2679759901262377
5-18C,2.0,790.2568,0.5900482787175495,0.3199476693175556
5-18C,2.0,835.0407,-0.814444813042512,0.22576503139583254
5-18C,2.0,863.2971,-0.6975738204392563,0.09728630642294213
5-18C,2.0,864.1473,-0.4400410519790276,0.24023818893184373
5-18C,2.0,974.2935,-0.6262850870532135,0.07294653248454522
5-18C,2.0,976.7162,0.5257279328113618,0.22908809347471792
5-18C,3.0,57.0342,-0.4274657188013639,0.22464974987977895
5-18C,3.0,58.0295,0.16100681507052175,0.18114272414545315
5-18C,3.0,59.0135,-0.4732483729529362,0.12204813548639772
5-18C,3.0,71.0137,-0.05874896384318398,0.13560952347452657
5-18C,3.0,73.0293,-0.6481932569404386,0.019965091423049454
5-18C,3.0,74.0247,-0.007159907265404011,0.1751613316653713
5-18C,3.0,75.0087,0.6903887099718766,0.2167705435724812
5-18C,3.0,87.0088,-0.6874399703124462,0.005620505188517158
5-18C,3.0,87.0451,-0.08631046669037051,0.42989285373537345
5-18C,3.0,88.0403,-0.5123897589453483,0.007575146622858557
5-18C,3.0,88.9883,0.5128188876270194,0.2727973047386508
5-18C,3.0,89.0244,-1.0666484226203403,0.06354899144993657
5-18C,3.0,93.0338,-0.04327832770983969,0.011526371878785437
5-18C,3.0,94.9761,-1.2692978020498387,0.17783971539727342
5-18C,3.0,94.9806,0.37223115095454046,0.1509965872367883
5-18C,3.0,95.0139,-0.12188144286017624,0.07084611318457712
5-18C,3.0,101.0242,-0.4504058333171303,0.1291847894550377
5-18C,3.0,102.056,-0.4935915738430703,0.022336960194343145
5-18C,3.0,103.0402,-0.7506585093144826,0.02623762492857922
5-18C,3.0,103.0509,-0.7550294958692143,0.12253107971478001
5-18C,3.0,104.0352,0.430631044222737,0.11994172023882209
5-18C,3.0,105.0193,0.49800339642721836,0.3314159811876324
5-18C,3.0,107.0503,-1.0697428326729157,0.24698504114135722
5-18C,3.0,109.0295,-0.33543860523746044,0.1569083335203799
5-18C,3.0,111.02,0.018622423822487286,0.04970420708945122
5-18C,3.0,112.0516,-0.6246627940889791,0.40278585268777445
5-18C,3.0,113.0244,-0.07709308148917152,0.019711899253140912
5-18C,3.0,113.0357,-0.06442894034523261,0.05831899790661676
5-18C,3.0,114.056,-0.24035830103847264,0.0009000747007445671
5-18C,3.0,115.0037,-0.3072197798905455,0.03299683667757252
5-18C,3.0,115.0402,-1.373828215154424,0.2470700868100296
5-18C,3.0,115.0764,-1.118129761410985,0.26973464056108465
5-18C,3.0,116.0354,-0.28162190894065653,0.20381713432562376
5-18C,3.0,116.0717,-0.718484829218044,0.01308832336402024
5-18C,3.0,117.0194,-0.6606512039737251,0.012682000182010178
5-18C,3.0,118.0508,-0.1403696480040527,0.3002721357041818
5-18C,3.0,118.9804,0.0433941142947862,0.0549352858836769
5-18C,3.0,119.0503,-1.6156813848521052,0.2240346437041078
5-18C,3.0,120.9273,-0.08212473370266736,0.21007609030341695
5-18C,3.0,121.0295,-0.27994705377584445,0.3005209470405565
5-18C,3.0,121.0409,0.04720676667163053,0.33243532470959003
5-18C,3.0,122.0248,-1.3200371279422711,0.08715040516147715
5-18C,3.0,124.0075,0.04877534548574856,0.13367287149957993
5-18C,3.0,124.0144,-0.5523446390223035,0.08539454524337957
5-18C,3.0,125.0439,-1.062051867941599,0.05568316616161482
5-18C,3.0,127.0764,-0.23951427206321774,0.2276335627162501
5-18C,3.0,128.0354,-0.2888040092508416,0.0031276665966130527
5-18C,3.0,129.0193,-0.42872707493750684,0.07792175236258538
5-18C,3.0,129.0556,-0.7809851535047053,0.36864178625088506
5-18C,3.0,130.0142,0.15260500264356214,0.11753840434355324
5-18C,3.0,130.0509,-0.16213146537806822,0.055821198720674446
5-18C,3.0,130.0874,-0.3353079835792143,0.08226349724296618
5-18C,3.0,131.0008,-0.8749733726712035,0.6502773552923813
5-18C,3.0,131.0123,-0.7353328512259725,0.07611275188748465
5-18C,3.0,131.035,-0.26295356348682664,0.0869204109762468
5-18C,3.0,131.0462,0.0777488654150487,0.15008867321134242
5-18C,3.0,131.0828,0.552056452172689,0.1432862323701856
5-18C,3.0,132.0302,-0.1973990266157281,0.0384680430184407
5-18C,3.0,133.0142,-0.14656478391659744,0.03151261251449668
5-18C,3.0,133.0257,-0.16548202424697647,0.060627074412859916
5-18C,3.0,133.0505,0.0369798485558707,0.08056562502219568
5-18C,3.0,134.0472,1.0879379971846959,0.09511573602828748
5-18C,3.0,134.0604,0.707093915810629,0.7231093235643523
5-18C,3.0,135.0302,0.08695134151289478,0.18501215559483367
5-18C,3.0,135.0453,-1.3502147164238278,0.11082278804277354
5-18C,3.0,136.0404,-0.4423459474355535,0.043130728735226845
5-18C,3.0,136.0487,-1.2712178694254408,0.0696706141711152
5-18C,3.0,136.0767,-0.6490974077330713,0.4026486129769406
5-18C,3.0,137.0239,-0.5236561971573135,0.0330742245398373
5-18C,3.0,138.9789,-1.7153173742959593,0.13734159726965509
5-18C,3.0,139.0014,-0.08307423016545712,0.02686858715906191
5-18C,3.0,139.0067,-0.7819925281765634,0.03900032525703655
5-18C,3.0,139.976,-1.837537574921467,0.2930703999504971
5-18C,3.0,143.0713,-0.21933412161440116,0.2168781748888314
5-18C,3.0,143.1077,-1.6421889913058898,0.05941911050226113
5-18C,3.0,145.0141,-0.08945030588291789,0.15395076196069218
5-18C,3.0,145.0506,-0.7140335385379688,0.02653872507142835
5-18C,3.0,145.0623,1.6448429220554153,0.33836686819984263
5-18C,3.0,145.0982,1.7731714095096551,0.29893447363832665
5-18C,3.0,145.1106,0.6951517105765965,0.5048895639608253
5-18C,3.0,146.0459,-0.3520197422015417,0.008262855294173409
5-18C,3.0,147.0298,-0.7033277878296356,0.012132271996712704
5-18C,3.0,147.0662,0.2833769559580142,0.10309754397132305
5-18C,3.0,149.0092,-0.6694925339068567,0.02916914776549345
5-18C,3.0,149.0456,-0.10183684287710662,0.09639822821995515
5-18C,3.0,149.0608,-1.3763777968097268,0.31102161261663097
5-18C,3.0,150.0422,0.9274369284064327,0.6526678953864558
5-18C,3.0,150.9707,0.019598886336507734,0.18711032408212067
5-18C,3.0,151.0259,-0.43647116498575955,0.08211366077331614
5-18C,3.0,151.04,-1.7277445238827078,0.5059222078851572
5-18C,3.0,151.06,-0.9522556184548012,0.2123271539294756
5-18C,3.0,152.0353,-1.4954557837694935,0.15518808440944826
5-18C,3.0,152.0716,-0.7204225687851995,0.3201029197158344
5-18C,3.0,153.0192,0.025498728306712827,0.034433501425548345
5-18C,3.0,154.062,0.09084650177364517,0.06026072581122997
5-18C,3.0,154.9751,-0.5795233925319887,0.03649622467844847
5-18C,3.0,155.0099,0.0728197954739367,0.0672477870470578
5-18C,3.0,157.0128,-0.5839436082691875,0.04269957975704143
5-18C,3.0,157.0255,-0.14247138019179167,0.039229888865474745
5-18C,3.0,157.0379,-0.04831426971511849,0.05682352379788785
5-18C,3.0,157.0504,-0.6357131804271433,0.03902001280182535
5-18C,3.0,159.0297,-0.10198326293563566,0.14748338731168892
5-18C,3.0,159.0775,-0.6186629537040897,0.026059798089632352
5-18C,3.0,160.0616,-0.4687338901430635,0.4284245550365485
5-18C,3.0,161.0453,-1.1842264678800392,0.036342384173933005
5-18C,3.0,162.0424,-0.3790904030646326,0.12406668254739515
5-18C,3.0,163.0351,-0.9984561925300754,0.08598458337960331
5-18C,3.0,163.0398,1.0948060984355679,0.1493001409247171
5-18C,3.0,163.0611,-0.37002882114466484,0.4038712274125392
5-18C,3.0,164.0716,-0.05049882853121056,0.06938859895718522
5-18C,3.0,165.03,-0.22327674240755457,0.36268307330574207
5-18C,3.0,165.0405,-0.1269582175523926,0.28984030041226155
5-18C,3.0,165.0556,-0.9079159167408077,0.009395278782175723
5-18C,3.0,166.0508,-0.5890207076525893,0.06632750816146196
5-18C,3.0,166.0632,-1.2694794780459593,0.37032528551855676
5-18C,3.0,166.9759,-0.97425288581833,0.15725349212065243
5-18C,3.0,167.0207,-0.15230939397611198,0.3359363375804457
5-18C,3.0,167.0358,-1.7275232848717303,0.1984496500225433
5-18C,3.0,167.0828,-0.7467237758535481,0.4581739681024552
5-18C,3.0,168.0277,-0.3485030550861198,0.05442444060483359
5-18C,3.0,168.0664,-0.6796328306749333,0.15235780286491302
5-18C,3.0,170.0455,-0.7333571424123108,0.01958592768344841
5-18C,3.0,171.0065,-0.5983071231904005,0.047924592514300535
5-18C,3.0,171.0092,-0.7626497479044726,0.13630664309967322
5-18C,3.0,171.0284,-0.742329915391363,0.025584187213537883
5-18C,3.0,172.0616,0.052771106809753596,0.2688418738432901
5-18C,3.0,172.962,-0.5884635942073511,0.038024907822721415
5-18C,3.0,173.0089,-0.31028915542063334,0.04404086239469486
5-18C,3.0,173.0453,-0.5037681238630274,0.0705657119874467
5-18C,3.0,173.0932,-0.30267619199326784,0.060147244646684535
5-18C,3.0,173.1041,1.3986182126042939,0.08524859684481283
5-18C,3.0,174.0407,-0.02974455936855076,0.025402851138845262
5-18C,3.0,174.088,0.31828294894372466,0.2085254868486757
5-18C,3.0,175.022,-0.5439737427365301,0.16432083891566965
5-18C,3.0,175.0361,-0.26152867349188236,0.03967675610365277
5-18C,3.0,175.0611,-0.6109091845209753,0.03198769430337815
5-18C,3.0,176.0776,-0.6524981085028282,0.17034394492980903
5-18C,3.0,177.0402,0.6004486464543743,0.3206941891236812
5-18C,3.0,177.0553,-0.9233092166578685,0.9760423493858269
5-18C,3.0,178.0509,-0.5481488068538218,0.014042257693380265
5-18C,3.0,179.0348,0.718393613553284,0.21817437671455028
5-18C,3.0,179.0561,-0.20085845558725757,0.07105369174481367
5-18C,3.0,180.0663,-0.21476588556587417,0.06555221907335036
5-18C,3.0,181.0505,-0.8470221525633728,0.03978181335665975
5-18C,3.0,182.9725,0.06888942031588668,0.14117723693444237
5-18C,3.0,183.0661,-0.7593586727760318,0.36004881977180536
5-18C,3.0,184.0017,-0.30087174326548505,0.08623867879331656
5-18C,3.0,184.9856,-0.7368026882332465,0.061279032660921426
5-18C,3.0,186.1136,0.3427683704106292,0.7901926285397947
5-18C,3.0,187.0234,-0.5241532809408123,0.3247482370899652
5-18C,3.0,188.035,0.018475651169560327,0.5505737862228341
5-18C,3.0,188.0565,-0.22686122259886032,0.029813702734435503
5-18C,3.0,189.0405,1.3369592514780733,0.1527832930700886
5-18C,3.0,191.0197,-0.12159107142303477,0.22526459361700515
5-18C,3.0,191.0561,-0.4279966588550038,0.04540785516197538
5-18C,3.0,192.0663,0.4260469564471035,0.33900381167314625
5-18C,3.0,193.0349,1.9292987387616072,0.14143131659794136
5-18C,3.0,194.0682,0.022995235524863274,0.34612522685172725
5-18C,3.0,194.0822,-0.8076152485788695,0.30852669883524636
5-18C,3.0,195.0509,2.4622756929883867,0.10887777983743886
5-18C,3.0,195.0657,1.4055261417415559,0.37740877854373667
5-18C,3.0,196.0603,-0.17537786400896305,0.1552246603688653
5-18C,3.0,198.0182,-0.5082137275929596,0.10402679563913761
5-18C,3.0,199.0019,-0.3575662247827689,0.40572266219208625
5-18C,3.0,200.9937,-0.4425601788346808,0.30460578873094485
5-18C,3.0,201.0051,0.44960824839250857,0.19137571436690262
5-18C,3.0,203.0348,-0.9729408583949186,0.10151112534110754
5-18C,3.0,203.0826,-0.08741437803727915,0.0022703179964130133
5-18C,3.0,204.0498,-0.4404995252746767,0.12879807850237884
5-18C,3.0,205.0351,-0.17756994776455148,0.11225352688017053
5-18C,3.0,206.0822,-0.9677577468824194,0.12166443540047438
5-18C,3.0,209.0292,-0.46676246352698003,0.40672881358131685
5-18C,3.0,209.0814,0.6311607365239852,0.5570377210416063
5-18C,3.0,211.0235,-0.11081616424112539,0.32036292162179375
5-18C,3.0,211.9968,0.008940791272929799,0.1537575446361139
5-18C,3.0,212.0331,-0.40990386239992926,0.40091581385132363
5-18C,3.0,212.9807,-0.812143002257783,0.10349424014455813
5-18C,3.0,213.014,-0.8000025934126807,0.17907005046069352
5-18C,3.0,213.0384,-0.6845372861959098,0.2056874242290444
5-18C,3.0,213.1252,0.9379024249652658,0.611793512090879
5-18C,3.0,214.0488,-1.2162747097768956,0.8570867270183905
5-18C,3.0,215.0331,-0.1516228090106285,0.08356015487906494
5-18C,3.0,216.1351,1.0610205916540787,0.1458963506692246
5-18C,3.0,218.0335,0.017876979586420864,0.06764382416810635
5-18C,3.0,218.1034,-0.03847200831135804,0.08690445056953133
5-18C,3.0,220.0828,-1.217190001774331,0.43055230298915714
5-18C,3.0,221.0443,-0.2259059482194095,0.13418730253644265
5-18C,3.0,221.0664,-1.7151128599946839,0.41335302112832556
5-18C,3.0,225.0399,-0.7011601786571208,0.5478192172293804
5-18C,3.0,225.0861,-1.9426503012783636,0.33004367745310237
5-18C,3.0,225.0901,-0.30458900863981164,0.20128879161154886
5-18C,3.0,226.0135,-1.1222253814409462,0.14752481659693734
5-18C,3.0,226.0697,-0.19777798932216553,0.35463239412255143
5-18C,3.0,228.0501,-0.046570722702850995,0.1586011922730201
5-18C,3.0,229.0122,-0.42423343306218675,0.1566221316772111
5-18C,3.0,237.0614,-0.2267728489184087,0.15714792250563134
5-18C,3.0,238.0945,1.139495367196783,0.4537028528861084
5-18C,3.0,240.0515,0.0513084400845219,0.07097519294367027
5-18C,3.0,241.0844,-0.13968934889868406,0.3533885911273799
5-18C,3.0,242.0804,2.082984946654001,0.2317059969406804
5-18C,3.0,243.029,-1.0231486585537684,0.24563791451554998
5-18C,3.0,243.0625,-0.030729909229789465,0.19511073809278182
5-18C,3.0,245.0444,-0.8203638044444913,0.2703976290531731
5-18C,3.0,246.0198,-1.4051607294217163,0.16830517063927716
5-18C,3.0,246.064,0.14641786885028224,0.4614571575520552
5-18C,3.0,251.0816,0.12150704804815873,0.4236380966270926
5-18C,3.0,253.0119,-0.25704286532934584,0.029873847306891535
5-18C,3.0,253.0499,-0.20428353546488262,0.3798490117763805
5-18C,3.0,257.0072,-0.7402679101706019,0.27395343229807706
5-18C,3.0,257.1028,0.9274471052110109,0.522727025233279
5-18C,3.0,259.005,-1.4031784000012206,0.33284694266444115
5-18C,3.0,259.0227,0.0023036007249089482,0.1776475819944263
5-18C,3.0,261.0385,-0.9582972028283963,0.03266876781532913
5-18C,3.0,266.0703,-0.4187737404883458,0.07855877333826716
5-18C,3.0,267.0724,-0.5422012085660625,0.033902192207390165
5-18C,3.0,268.02,-0.3667229036302301,0.28926041656517787
5-18C,3.0,269.0398,-0.8018425394899884,0.0764970059926758
5-18C,3.0,271.0612,-0.22196666990910902,0.19204657816575615
5-18C,3.0,271.0815,0.8245382536837452,0.37320144025431373
5-18C,3.0,273.0021,-0.7528155587164036,0.08693691917880747
5-18C,3.0,274.0933,0.3095701075744607,0.27834000579381263
5-18C,3.0,275.0184,-1.1909823978387761,0.370507175695552
5-18C,3.0,275.0991,-0.32264340935258673,0.16623721086948057
5-18C,3.0,277.1207,0.09361782530433818,0.07286890752473409
5-18C,3.0,277.2169,-1.2338165730340658,0.2184495511767839
5-18C,3.0,279.2331,-0.28811972473867686,0.01605993576093099
5-18C,3.0,282.0839,2.6534083787644462,0.3215784328338573
5-18C,3.0,283.2063,-0.025244360399862723,0.06094452609212584
5-18C,3.0,285.0972,0.6149905568212566,0.39584825485576675
5-18C,3.0,287.0157,-0.6801498895831162,0.3870450999827872
5-18C,3.0,288.0725,0.05946971408223853,0.0573941340999249
5-18C,3.0,289.0333,-0.7611919978525767,0.41053652514136757
5-18C,3.0,289.1044,1.5224112181146587,0.25530074492259053
5-18C,3.0,290.9677,-0.4077943446816529,0.03559285303415435
5-18C,3.0,294.0479,-0.5576961662096309,0.5193764402171691
5-18C,3.0,300.0509,0.8469974763193456,0.6228010914360739
5-18C,3.0,301.0333,-1.5618965763154324,0.1799852141766259
5-18C,3.0,303.2326,-0.8868391431853679,0.2195598583154119
5-18C,3.0,305.0207,-0.329027417604742,0.08962212858640277
5-18C,3.0,306.0481,-0.14606684423992788,0.04461041954773593
5-18C,3.0,306.0765,-0.20910532020599182,0.01095828308657191
5-18C,3.0,308.0986,-0.043592247993809154,0.04828569071702906
5-18C,3.0,313.0441,-0.44557745374978325,0.16917391354285435
5-18C,3.0,313.1037,0.20878112005551303,0.649744930044345
5-18C,3.0,317.026,-0.3768345017952157,0.31835015467632466
5-18C,3.0,323.0256,0.1037926265351299,0.6045786879055294
5-18C,3.0,325.1163,-0.18873702216906085,0.14799877400971115
5-18C,3.0,328.0457,0.02346802337989375,0.09036590701032592
5-18C,3.0,333.0589,-0.6795889223728215,0.13658719887821238
5-18C,3.0,338.9884,-0.20406308645587734,1.0864692554867126
5-18C,3.0,339.0928,1.6877488730761598,0.36371592375288253
5-18C,3.0,341.1089,-0.2644904728185373,0.11246039106042183
5-18C,3.0,344.0393,-0.16790772896675077,0.12511146999442807
5-18C,3.0,346.0556,2.0095796449799206,0.28130001445810854
5-18C,3.0,348.087,-0.5453956020176846,0.1134698867458325
5-18C,3.0,353.0489,0.7746135526342842,0.3803435876716696
5-18C,3.0,357.089,-0.43641419593214703,0.15697930729282564
5-18C,3.0,375.131,-0.02530823811882238,0.4276971882284791
5-18C,3.0,377.1496,1.1677998256268216,0.4981572452456556
5-18C,3.0,383.1188,-0.8847136144916137,0.47708575597187436
5-18C,3.0,388.9416,-0.31543877569764533,0.2765588787349307
5-18C,3.0,388.9442,-0.5117163394489863,0.4202940114181164
5-18C,3.0,401.0756,-0.025892043369101128,0.08142193397098346
5-18C,3.0,407.2795,2.2043205823186907,0.38450776850406143
5-18C,3.0,421.0743,-0.38509327016166583,0.4970597448736829
5-18C,3.0,426.0222,1.3057623849251065,0.47467340316314677
5-18C,3.0,442.9997,-0.2971244111592783,0.18554887087492383
5-18C,3.0,466.9657,-0.4425100595142266,0.1376025670440501
5-18C,3.0,490.9787,-0.6382409204169267,0.7664970582681059
5-18C,3.0,503.1614,-1.4004678129932566,0.1684514229753612
5-18C,3.0,547.0731,-0.2973005760133632,0.1072311003779764
5-18C,3.0,565.0471,-0.04887265044372465,0.07592754962449132
5-18C,3.0,578.8872,0.06101005609311868,0.09056840466839806
5-18C,3.0,579.0269,-0.054098275352069014,0.1308997010389112
5-18C,3.0,612.2549,-0.6662598908150356,0.3633209019418594
5-18C,3.0,624.2949,-1.0947771250785916,0.2100992267909049
5-18C,3.0,659.307,-0.0727298774515846,0.26586110809684965
5-18C,3.0,664.0939,-0.5630868853723567,0.10904108416997262
5-18C,3.0,665.2144,-1.0416406821784405,0.25894436376868035
5-18C,3.0,668.1374,-0.6074037808872497,0.0011222690819143706
5-18C,3.0,787.255,-0.963765643954396,0.19241737428851352
5-18C,3.0,790.2568,-0.5589110140075917,0.1485215501948024
5-18C,3.0,835.0407,-0.8345751123688279,0.07903458515610114
5-18C,3.0,863.2971,-0.8405050958562588,0.10475314639459529
5-18C,3.0,864.1473,-1.1557574464788416,0.47564572114576115
5-18C,3.0,974.2935,-0.8154237819450875,0.11100517402220422
5-18C,3.0,976.7162,-0.16214676717551288,0.12564979286661979
5-18C,4.0,57.0342,-0.6071243984827568,0.46855918733009966
5-18C,4.0,58.0295,0.45952388599306393,0.5857013421141486
5-18C,4.0,59.0135,-0.11884351816720395,0.12670878460315124
5-18C,4.0,71.0137,-0.05179488478688233,0.03058073384272778
5-18C,4.0,73.0293,0.12151589744721494,0.07044442820331205
5-18C,4.0,74.0247,0.37636172457649625,0.4811653164821659
5-18C,4.0,75.0087,1.4380490814572076,0.5485185896175926
5-18C,4.0,87.0088,-0.5976415418334362,0.009703963612304654
5-18C,4.0,87.0451,0.09014145995498563,0.38110357443978926
5-18C,4.0,88.0403,-0.4453818959252902,0.03186503835415637
5-18C,4.0,88.9883,-0.38350509161907287,0.7525822215557686
5-18C,4.0,89.0244,-0.39858856082676114,0.042110384879055184
5-18C,4.0,93.0338,-0.021331501528534448,0.018609840993196416
5-18C,4.0,94.9761,-0.7181803648031759,0.35952882066160347
5-18C,4.0,94.9806,0.3939148298570601,0.33884400363713757
5-18C,4.0,95.0139,-0.008615304553555225,0.11212000961111118
5-18C,4.0,101.0242,-0.19548055234010706,0.11576722818677006
5-18C,4.0,102.056,-0.4971792987824378,0.04672303832776962
5-18C,4.0,103.0402,-0.5225156112672205,0.06589777134429677
5-18C,4.0,103.0509,-0.5458761278001021,0.092760862046841
5-18C,4.0,104.0352,0.11288957930944485,0.11955950914596877
5-18C,4.0,105.0193,0.8663282846237312,0.5410689018779913
5-18C,4.0,107.0503,-0.9730955477596732,0.6961838180711575
5-18C,4.0,109.0295,0.29966282931576205,0.17891557980233436
5-18C,4.0,111.02,1.0074123154211492,0.061516763463657996
5-18C,4.0,112.0516,0.06258809608378953,0.7615884248093465
5-18C,4.0,113.0244,-0.02545490247159856,0.07639376272288893
5-18C,4.0,113.0357,0.24032233612878473,0.02380619209999407
5-18C,4.0,114.056,-0.24678070730295026,0.002148339668782771
5-18C,4.0,115.0037,0.1033529045343006,0.07925292959295172
5-18C,4.0,115.0402,-0.7128545948810083,0.34897403161324003
5-18C,4.0,115.0764,-0.7069457948658678,0.6528623179376222
5-18C,4.0,116.0354,-0.3732180772507262,0.2704683506176821
5-18C,4.0,116.0717,-0.6555274145149605,0.02576264531592793
5-18C,4.0,117.0194,0.10036508250631186,0.04452059574703221
5-18C,4.0,118.0508,0.026820190998630804,0.12362373917029841
5-18C,4.0,118.9804,-0.13191849551634907,0.14362455686022046
5-18C,4.0,119.0503,-0.5768557690303759,0.7601679105168011
5-18C,4.0,120.9273,-0.2125639786775511,0.20863260370761072
5-18C,4.0,121.0295,-0.8032726843211028,0.2703963921708194
5-18C,4.0,121.0409,0.03991877063996871,0.10489294743102515
5-18C,4.0,122.0248,0.4963058987502219,0.8864159340484816
5-18C,4.0,124.0075,-0.2591753322712139,0.21901350127202188
5-18C,4.0,124.0144,0.541804342735295,0.17703701386269372
5-18C,4.0,125.0439,0.4085808685362098,0.4926449519344762
5-18C,4.0,127.0764,-0.7911754880674067,0.6073623818206146
5-18C,4.0,128.0354,-0.3229871593397238,0.026978509901444927
5-18C,4.0,129.0193,-0.27095725130794096,0.08224159372531366
5-18C,4.0,129.0556,-1.0460484520042763,0.44917557188427126
5-18C,4.0,130.0142,0.06350001949696524,0.7308269666883503
5-18C,4.0,130.0509,-0.0598171421458243,0.036849283392980936
5-18C,4.0,130.0874,-0.3444222421839067,0.09486642999995319
5-18C,4.0,131.0008,-0.7977149336606871,1.3439196591095601
5-18C,4.0,131.0123,-0.6101473946146823,0.1008200444302821
5-18C,4.0,131.035,0.7255841144289883,0.17063282466790464
5-18C,4.0,131.0462,0.7230918221287135,0.2641580841396762
5-18C,4.0,131.0828,-0.31406083046814864,0.20077384857322245
5-18C,4.0,132.0302,0.19816126280745616,0.035763388025307194
5-18C,4.0,133.0142,-0.17951615093691362,0.05232383600192403
5-18C,4.0,133.0257,-0.20526510620558275,0.11449757339264419
5-18C,4.0,133.0505,0.6524775712094087,0.043785759753491776
5-18C,4.0,134.0472,0.8925212258563788,0.2578686606890409
5-18C,4.0,134.0604,1.0119418270208995,0.6871057110535087
5-18C,4.0,135.0302,-0.8170946322645998,0.20105876252023278
5-18C,4.0,135.0453,-0.5118003960675215,0.06537992745756632
5-18C,4.0,136.0404,-0.2343667221332843,0.0985609740867022
5-18C,4.0,136.0487,-0.4938996898894209,0.16574583649972063
5-18C,4.0,136.0767,0.11523992219191172,0.6223657415546708
5-18C,4.0,137.0239,-0.044527395126755416,0.16955225535219506
5-18C,4.0,138.9789,-0.286233791071945,0.4154422027501669
5-18C,4.0,139.0014,0.8900652696627236,0.05829882449213767
5-18C,4.0,139.0067,-0.5771508126622005,0.013824124863812072
5-18C,4.0,139.976,-0.533820819512205,0.45056182840207165
5-18C,4.0,143.0713,-0.11948255145868472,0.11726407831880353
5-18C,4.0,143.1077,-0.3877804871481387,0.08382005154177118
5-18C,4.0,145.0141,-0.41435757803343043,0.0301675990533245
5-18C,4.0,145.0506,-0.789021495752434,0.1557431239070965
5-18C,4.0,145.0623,-0.48181772819854723,0.2050115743873918
5-18C,4.0,145.0982,-0.2661351191653606,0.23966053109733385
5-18C,4.0,145.1106,-0.6181798736419601,0.35574472603782925
5-18C,4.0,146.0459,-0.3281893707777738,0.00524190334592756
5-18C,4.0,147.0298,-0.5793434352593876,0.028535631699273208
5-18C,4.0,147.0662,1.1304463340122268,0.04208564674657595
5-18C,4.0,149.0092,-0.21651779775384794,0.28829473060193134
5-18C,4.0,149.0456,0.9975097889124501,0.23479222858790155
5-18C,4.0,149.0608,0.00701178888175439,0.4833503617184287
5-18C,4.0,150.0422,-0.5592982539640299,0.2874997764048435
5-18C,4.0,150.9707,-0.7370707808950071,0.9188009713556626
5-18C,4.0,151.0259,-0.6479238768223365,0.07560348028238836
5-18C,4.0,151.04,-0.5580766295885693,0.18373494857284034
5-18C,4.0,151.06,0.4464040240304188,1.180701919748241
5-18C,4.0,152.0353,-0.35805011004437537,0.1750279330009202
5-18C,4.0,152.0716,0.46209762559365014,0.5360815704520563
5-18C,4.0,153.0192,0.702624056650824,0.15006156353125946
5-18C,4.0,154.062,-0.0644701756168692,0.09881435221733673
5-18C,4.0,154.9751,0.0863174424131622,0.061852458893948
5-18C,4.0,155.0099,0.9593014133179372,0.0688804705407332
5-18C,4.0,157.0128,-0.10868046950734309,0.10989826759717843
5-18C,4.0,157.0255,0.14463963572324978,0.01424316466202124
5-18C,4.0,157.0379,0.18310897854518587,0.08245357649138757
5-18C,4.0,157.0504,-0.32443347369574294,0.09524212680164458
5-18C,4.0,159.0297,0.9465999454129457,0.09830569636862058
5-18C,4.0,159.0775,-0.11725193788969648,0.05930460716884155
5-18C,4.0,160.0616,1.5392606390801422,0.3735692740448271
5-18C,4.0,161.0453,0.49381546427827006,0.14089185455971762
5-18C,4.0,162.0424,0.416414712944262,0.3248709649418255
5-18C,4.0,163.0351,-0.9213592380228284,0.17699575668589795
5-18C,4.0,163.0398,1.2765117837472537,0.09385012298565686
5-18C,4.0,163.0611,0.7423128911139142,0.8356560757968091
5-18C,4.0,164.0716,-0.3740351638787679,0.11384504441021938
5-18C,4.0,165.03,-0.3295833799401051,0.7788318277927408
5-18C,4.0,165.0405,-0.5397464348730827,0.09858072511228554
5-18C,4.0,165.0556,-0.23308624832262695,0.08539087158330885
5-18C,4.0,166.0508,-0.4206041427456351,0.30742948332118925
5-18C,4.0,166.0632,-0.9041249199100067,0.49655201024766166
5-18C,4.0,166.9759,-0.4274162348233553,0.3524205042933999
5-18C,4.0,167.0207,-0.2608728542720028,0.37098585200490164
5-18C,4.0,167.0358,-0.18191824445542912,0.4000943952554184
5-18C,4.0,167.0828,-0.5879114988477301,0.7753519470271014
5-18C,4.0,168.0277,-0.38815882689744463,0.034123110401374286
5-18C,4.0,168.0664,0.39446833026953193,0.5575198095635757
5-18C,4.0,170.0455,-0.6865820612500766,0.025117783159202288
5-18C,4.0,171.0065,0.020486461129696147,0.04718046692426535
5-18C,4.0,171.0092,-0.0027746528978594004,0.16075180685503712
5-18C,4.0,171.0284,-0.5600124505258313,0.013945086129075298
5-18C,4.0,172.0616,0.5525830298749477,0.21025198283395186
5-18C,4.0,172.962,-0.2660760150456735,0.19978304751636908
5-18C,4.0,173.0089,-0.3992549647953354,0.1631707964102682
5-18C,4.0,173.0453,-0.7662327488755151,0.14775362471707332
5-18C,4.0,173.0932,-0.18047778106752704,0.0711243725336575
5-18C,4.0,173.1041,-0.22391324865969492,0.2729531005070233
5-18C,4.0,174.0407,0.06856733590809311,0.020512421454310023
5-18C,4.0,174.088,-0.06500924290706961,0.13742647999874572
5-18C,4.0,175.022,-0.6878551855794044,0.04419829049075162
5-18C,4.0,175.0361,0.11119406246991359,0.02268655151702833
5-18C,4.0,175.0611,-0.31203934397492755,0.04573226766239094
5-18C,4.0,176.0776,-0.2749418404097601,0.08668492463451638
5-18C,4.0,177.0402,0.7892554717660849,0.2503686237224197
5-18C,4.0,177.0553,-0.2611792661539377,0.3541198412095852
5-18C,4.0,178.0509,-0.603834558806553,0.06332447783597502
5-18C,4.0,179.0348,1.5108799840653262,0.34763491501542
5-18C,4.0,179.0561,0.5133591210055153,0.08169908871238686
5-18C,4.0,180.0663,0.6054060161818215,0.09885505359793606
5-18C,4.0,181.0505,0.009484199401380396,0.06230584630369265
5-18C,4.0,182.9725,-0.4376842288221071,0.1595039578707775
5-18C,4.0,183.0661,0.5360928097871549,0.6407151193015028
5-18C,4.0,184.0017,-0.4147448740405348,0.08484665785880889
5-18C,4.0,184.9856,-0.3015474514778932,0.11118268338324268
5-18C,4.0,186.1136,-0.41835872199536006,0.40200916362190015
5-18C,4.0,187.0234,-0.2571401467195931,0.377479566214473
5-18C,4.0,188.035,0.09626854460722846,0.6869901757432436
5-18C,4.0,188.0565,-0.24566541572477682,0.02207351942342407
5-18C,4.0,189.0405,-0.7576548669866068,0.0823977829789753
5-18C,4.0,191.0197,-0.5120272182464327,0.2541427950998354
5-18C,4.0,191.0561,-0.42610816619719,0.07792639565186552
5-18C,4.0,192.0663,0.4715362922356224,0.6974244430437536
5-18C,4.0,193.0349,-0.26149170057402743,0.6249103686862331
5-18C,4.0,194.0682,-0.48794496256295483,0.04854860890799588
5-18C,4.0,194.0822,-0.07291222522419905,0.31629842615828335
5-18C,4.0,195.0509,0.1169400855927767,0.1320554485448068
5-18C,4.0,195.0657,-0.16594287704350655,0.11346215620495291
5-18C,4.0,196.0603,-0.5747087065780648,0.11907023043294744
5-18C,4.0,198.0182,-0.27657068410137176,0.4503507139913939
5-18C,4.0,199.0019,-0.7707240047663588,0.2036773512115449
5-18C,4.0,200.9937,0.36057765108998663,0.24502928814902267
5-18C,4.0,201.0051,-0.6258185141492599,0.10730388335063255
5-18C,4.0,203.0348,-0.29279603060768716,0.12465002200622408
5-18C,4.0,203.0826,-0.08765575273683626,0.013714693258386144
5-18C,4.0,204.0498,-0.7583108180880149,0.2726271194773833
5-18C,4.0,205.0351,-0.6741050388684668,0.03327941162496333
5-18C,4.0,206.0822,0.47890755689074127,0.5971038469557325
5-18C,4.0,209.0292,-0.707261905295727,0.4792812356212845
5-18C,4.0,209.0814,-0.41304937714392786,0.3131986945189033
5-18C,4.0,211.0235,-0.7856005152779498,0.2532941639432123
5-18C,4.0,211.9968,0.13022986824447969,0.05025397586114348
5-18C,4.0,212.0331,-0.1020510964744455,0.3180605104546761
5-18C,4.0,212.9807,-0.3107224204073902,0.09086626877035472
5-18C,4.0,213.014,-0.5678549823939054,0.19904614703842033
5-18C,4.0,213.0384,-0.7750795983070383,0.18070863769112136
5-18C,4.0,213.1252,0.031049716340989637,0.5490917236944003
5-18C,4.0,214.0488,0.670435940459057,0.5425754705665629
5-18C,4.0,215.0331,0.20199256530088838,0.04649076051093952
5-18C,4.0,216.1351,0.1480654002474326,0.06101222114955118
5-18C,4.0,218.0335,0.020045513031085913,0.034818932174788514
5-18C,4.0,218.1034,0.21078683139621113,0.09131135059843729
5-18C,4.0,220.0828,-0.12871562528935176,0.33619125042810183
5-18C,4.0,221.0443,-0.29909755387604875,0.09865162155974734
5-18C,4.0,221.0664,-0.2833667649355207,0.5836164117898004
5-18C,4.0,225.0399,-0.6691147149363359,0.3921485426901067
5-18C,4.0,225.0861,-0.25141438848027137,0.4167204064760168
5-18C,4.0,225.0901,0.7489221553617498,0.17654549262319486
5-18C,4.0,226.0135,-0.6180672816209979,0.3118752011459016
5-18C,4.0,226.0697,0.018236502714337077,0.23067056856655704
5-18C,4.0,228.0501,-0.6320773536067195,0.1891377255008543
5-18C,4.0,229.0122,-0.2337020122576419,0.049173742406320116
5-18C,4.0,237.0614,0.14945105324316316,0.28129471456774385
5-18C,4.0,238.0945,0.20945034052837927,0.29110718762408405
5-18C,4.0,240.0515,-0.2997459067460884,0.06909071357822677
5-18C,4.0,241.0844,-0.4982927686762043,1.2653184702791211
5-18C,4.0,242.0804,-0.23685609733710894,0.3374576924520303
5-18C,4.0,243.029,-0.18095106321820537,0.23125873929885724
5-18C,4.0,243.0625,-0.04373499651373764,0.3391850793001049
5-18C,4.0,245.0444,-0.6991415974131466,0.5455243317006274
5-18C,4.0,246.0198,-0.15339843169150774,0.5684479375889702
5-18C,4.0,246.064,-0.4580224814484565,0.5508164577062327
5-18C,4.0,251.0816,-0.1624303762960333,0.5671927332281457
5-18C,4.0,253.0119,-0.2033418803432111,0.027702921870096094
5-18C,4.0,253.0499,-0.6343901461510548,0.7456563727857292
5-18C,4.0,257.0072,-0.35897115885527653,0.3393509627352973
5-18C,4.0,257.1028,-0.643971478860724,0.2771540467235556
5-18C,4.0,259.005,0.04009097888077236,0.49626598466680505
5-18C,4.0,259.0227,0.8129334958224441,0.19489758223418255
5-18C,4.0,261.0385,-0.2587635538465308,0.2940002147827106
5-18C,4.0,266.0703,-0.33244555306843127,0.34401631698129015
5-18C,4.0,267.0724,-0.4281922473747824,0.018871524231713874
5-18C,4.0,268.02,-0.6072534345388,0.1705871512442239
5-18C,4.0,269.0398,-0.6429480788673319,0.370352736295515
5-18C,4.0,271.0612,-0.09012947967927808,0.3799251369852047
5-18C,4.0,271.0815,-0.6964800060926025,0.7435148797653023
5-18C,4.0,273.0021,-0.1397355202602732,0.2650283355923059
5-18C,4.0,274.0933,0.22946111510590975,0.081150448608329
5-18C,4.0,275.0184,-0.13765897320742532,0.14805050012019216
5-18C,4.0,275.0991,-0.8496286441064451,0.1364379387170493
5-18C,4.0,277.1207,-0.04093863416500991,0.06806433787501802
5-18C,4.0,277.2169,-0.4516805122577078,0.37858582159752097
5-18C,4.0,279.2331,-0.24719704240764495,0.01669628416649356
5-18C,4.0,282.0839,0.8972074623650366,0.864191723107202
5-18C,4.0,283.2063,-0.05235422255056995,0.19287077916202802
5-18C,4.0,285.0972,-0.3995434165846481,0.89887488599948
5-18C,4.0,287.0157,-0.45939352726003135,0.4189423560485337
5-18C,4.0,288.0725,-0.09621034906855172,0.2786560080886077
5-18C,4.0,289.0333,-0.7677153803602033,0.27548510851053065
5-18C,4.0,289.1044,-0.05098463582775317,0.12820626102637453
5-18C,4.0,290.9677,-0.29098139950775537,0.11211535393083935
5-18C,4.0,294.0479,0.5141619409800235,0.873299321043033
5-18C,4.0,300.0509,-0.3076692155292283,0.7726949227575117
5-18C,4.0,301.0333,-0.7149495384935594,0.6098258258237481
5-18C,4.0,303.2326,-0.1945098190684964,0.25118437716826175
5-18C,4.0,305.0207,-0.12091375308614599,0.16364865173981658
5-18C,4.0,306.0481,-0.1814695708101104,0.13125618854695467
5-18C,4.0,306.0765,-0.23898135727559866,0.03861435523599644
5-18C,4.0,308.0986,-0.21532893158265282,0.02548692537475907
5-18C,4.0,313.0441,-0.20080345119541804,0.4968104883390668
5-18C,4.0,313.1037,0.1745809041259186,0.5379849765063075
5-18C,4.0,317.026,-0.3043596015505318,0.21131364843522277
5-18C,4.0,323.0256,-0.0663915919351776,0.39889412389619355
5-18C,4.0,325.1163,0.5209515932511932,0.3137496064202379
5-18C,4.0,328.0457,-0.11335470963916038,0.10916141298156842
5-18C,4.0,333.0589,-0.15340001719216845,0.2517212587541781
5-18C,4.0,338.9884,-0.7011719393695974,1.0441088240937475
5-18C,4.0,339.0928,-0.14227548739407517,0.5774859846743922
5-18C,4.0,341.1089,-0.24818297414780677,0.15313088693910804
5-18C,4.0,344.0393,-0.412370634308979,0.17748469586388949
5-18C,4.0,346.0556,-0.3390603690014451,0.333522928473173
5-18C,4.0,348.087,-0.4584482401605593,0.23295735276339696
5-18C,4.0,353.0489,-0.4416579409207889,0.5213789488690456
5-18C,4.0,357.089,-0.24152789924761336,0.1976274497727193
5-18C,4.0,375.131,0.2781835908644413,0.21694353709137748
5-18C,4.0,377.1496,-0.8892788206561688,0.42622865284009687
5-18C,4.0,383.1188,-0.0860113098105681,0.2012223492687854
5-18C,4.0,388.9416,-0.42813045678681827,0.547673519344632
5-18C,4.0,388.9442,-0.9296457527598262,0.5858297344182465
5-18C,4.0,401.0756,-0.3197798804387822,0.054407147060701246
5-18C,4.0,407.2795,-0.44115855855833774,0.26287222668389565
5-18C,4.0,421.0743,-0.15368328506364992,0.8922629725248824
5-18C,4.0,426.0222,-0.03042898878587552,0.5350388831748573
5-18C,4.0,442.9997,-0.07796157665136588,0.10948575471520372
5-18C,4.0,466.9657,0.17373997189061088,0.2532885196587514
5-18C,4.0,490.9787,-0.4208625638830816,0.988923900461133
5-18C,4.0,503.1614,-0.3951548589026742,0.36321398233683583
5-18C,4.0,547.0731,0.1684954462012903,0.172293606455216
5-18C,4.0,565.0471,-0.003705483860145367,0.4940249179705284
5-18C,4.0,578.8872,-0.1318174214036049,0.11774907511370816
5-18C,4.0,579.0269,-0.5640058904761773,0.07508634668215343
5-18C,4.0,612.2549,-0.44638245014061173,0.580955179289998
5-18C,4.0,624.2949,0.26389586294959194,0.6138851049982188
5-18C,4.0,659.307,1.1232636997421999,0.3274355367613774
5-18C,4.0,664.0939,0.08581092997180409,0.44243769487431955
5-18C,4.0,665.2144,-0.5429904674402543,0.3938710121387299
5-18C,4.0,668.1374,-0.6054565535412859,0.0003453607977882086
5-18C,4.0,787.255,1.3560645577503854,0.14379476260119148
5-18C,4.0,790.2568,1.1164124291228277,0.21473273021660536
5-18C,4.0,835.0407,-0.5886590233014024,0.12841096057432685
5-18C,4.0,863.2971,-0.26112296157662374,0.06369703783456372
5-18C,4.0,864.1473,0.4808428614739024,0.7341896625798616
5-18C,4.0,974.2935,-0.6194073163298726,0.3429390099534004
5-18C,4.0,976.7162,0.8192004346116311,0.2766521226835332
5-18C,5.0,57.0342,-0.03459280621837153,0.3621539202239163
5-18C,5.0,58.0295,1.3471874525777778,0.5030242594587548
5-18C,5.0,59.0135,-0.020058086360964844,0.21595318775264782
5-18C,5.0,71.0137,-0.051208866888879385,0.18014261602708506
5-18C,5.0,73.0293,1.4100262675421924,0.2539898233029672
5-18C,5.0,74.0247,-0.4142443060309243,0.10369244800346157
5-18C,5.0,75.0087,2.573286203227325,0.5603835191373175
5-18C,5.0,87.0088,-0.08102836062085944,0.04374083996408371
5-18C,5.0,87.0451,0.42007855453947696,0.4936464694321053
5-18C,5.0,88.0403,0.3927880054065105,0.11403866812877352
5-18C,5.0,88.9883,-0.18365582088415824,0.6817614096346417
5-18C,5.0,89.0244,0.14904738937255374,0.07865623557262029
5-18C,5.0,93.0338,0.02737528077133488,0.025232398754506117
5-18C,5.0,94.9761,-1.1850789347203334,0.15382977486410304
5-18C,5.0,94.9806,1.2893650266166277,0.023622235712642495
5-18C,5.0,95.0139,-0.06496939307064253,0.10133772853555789
5-18C,5.0,101.0242,0.43601577096858357,0.30131743248871323
5-18C,5.0,102.056,-0.35154198980302825,0.03749929111677673
5-18C,5.0,103.0402,0.167936452801236,0.12211452799946013
5-18C,5.0,103.0509,0.03860262083316106,0.0871974399847899
5-18C,5.0,104.0352,-0.27824518818169386,0.17735705754703324
5-18C,5.0,105.0193,0.8716608062729051,0.5226214875102375
5-18C,5.0,107.0503,1.0295139687277237,0.20925227769470015
5-18C,5.0,109.0295,1.141037378425827,0.3282150705371237
5-18C,5.0,111.02,1.4080847813233248,0.17383518607043247
5-18C,5.0,112.0516,0.8529930850523162,0.24735174371692967
5-18C,5.0,113.0244,-0.14716056654994553,0.055060639844010155
5-18C,5.0,113.0357,1.2070403184183895,0.15992353442980078
5-18C,5.0,114.056,-0.24357459970091178,0.002234608077085553
5-18C,5.0,115.0037,1.2785681923475798,0.1815573610914241
5-18C,5.0,115.0402,0.2683263079976469,0.6061594729910484
5-18C,5.0,115.0764,0.026564025003183257,0.186274366031338
5-18C,5.0,116.0354,-0.13987308453949956,0.24113473970426527
5-18C,5.0,116.0717,-0.17299377801644708,0.03775239242957456
5-18C,5.0,117.0194,1.2783249187594854,0.1866158985823073
5-18C,5.0,118.0508,1.2349927100078875,0.29797151067700384
5-18C,5.0,118.9804,-0.30325235934703537,0.08165884737878687
5-18C,5.0,119.0503,-0.9550298000953339,0.23010501850580942
5-18C,5.0,120.9273,-0.21563952259512814,0.25874219596989995
5-18C,5.0,121.0295,0.06470058899036471,0.15980491333224559
5-18C,5.0,121.0409,0.07520801458275225,0.48486173298440016
5-18C,5.0,122.0248,-0.033171727801382944,0.49210969948629374
5-18C,5.0,124.0075,-0.40577951130976786,0.17900769384057627
5-18C,5.0,124.0144,-0.12702520274269838,0.2509391708972374
5-18C,5.0,125.0439,-0.4620300903254143,0.1149404556288958
5-18C,5.0,127.0764,-0.5125113385732609,0.33460946746304543
5-18C,5.0,128.0354,-0.3330221244730719,0.004458658464757655
5-18C,5.0,129.0193,1.021011678735242,0.2629832030719904
5-18C,5.0,129.0556,-0.036942180896079584,0.524720016857908
5-18C,5.0,130.0142,1.5009267090354752,0.15896939943862634
5-18C,5.0,130.0509,1.4960778929850171,0.14579787702910926
5-18C,5.0,130.0874,0.2572700997275288,0.06415739919800606
5-18C,5.0,131.0008,-0.30551791209930745,0.29813367371248756
5-18C,5.0,131.0123,-0.1598086452813245,0.09382338902324842
5-18C,5.0,131.035,-0.1882686284311217,0.1346770404935095
5-18C,5.0,131.0462,-0.2866880235015407,0.23165591336980315
5-18C,5.0,131.0828,-0.14241742467163507,0.14204502853771142
5-18C,5.0,132.0302,1.7756650551059514,0.14348292629839515
5-18C,5.0,133.0142,0.5358917568199195,0.1994573814432561
5-18C,5.0,133.0257,0.6331565802417799,0.15120083150762217
5-18C,5.0,133.0505,1.634059671038277,0.24708362434865855
5-18C,5.0,134.0472,0.23164436224097645,0.11796231605965911
5-18C,5.0,134.0604,1.4618581142092477,0.8454935803918461
5-18C,5.0,135.0302,-0.3427425368275687,0.033975682013945095
5-18C,5.0,135.0453,-0.5077590919042082,0.17991260850256455
5-18C,5.0,136.0404,-0.21937517168156567,0.09184805330140576
5-18C,5.0,136.0487,-0.6294582336451435,0.1337284440876848
5-18C,5.0,136.0767,-0.19249295880753156,0.916354437603046
5-18C,5.0,137.0239,-0.0963800364881253,0.2126674906993642
5-18C,5.0,138.9789,-0.18118011186692826,0.25193181254118996
5-18C,5.0,139.0014,1.636864633665966,0.10938106937085293
5-18C,5.0,139.0067,-0.4555279468792873,0.017088598646613516
5-18C,5.0,139.976,-0.7594738557460134,0.42408931897766217
5-18C,5.0,143.0713,-0.710363979880152,0.17154464865833435
5-18C,5.0,143.1077,-0.1593231255030917,0.6213422671256346
5-18C,5.0,145.0141,-0.3202626982166339,0.07395898039237142
5-18C,5.0,145.0506,-0.7152386327181908,0.0922015480443725
5-18C,5.0,145.0623,-0.6019961041936572,0.21007175256540206
5-18C,5.0,145.0982,-0.27457206239800447,0.17382654243156953
5-18C,5.0,145.1106,-0.4836903279226096,0.49734866542812184
5-18C,5.0,146.0459,-0.37303792947733827,0.00634912055037253
5-18C,5.0,147.0298,0.2178697210518622,0.14473988751843556
5-18C,5.0,147.0662,2.278717342594593,0.21288318973103965
5-18C,5.0,149.0092,-0.4527066342672623,0.632273444107112
5-18C,5.0,149.0456,0.2702992351166643,0.23561494198300803
5-18C,5.0,149.0608,-0.5282703494010428,0.7337231125129486
5-18C,5.0,150.0422,-0.13451677328675485,0.441336079637097
5-18C,5.0,150.9707,0.5102776880128395,0.26243713654015416
5-18C,5.0,151.0259,-0.5709556494827486,0.03324730167970429
5-18C,5.0,151.04,-1.1408354710686472,0.11420502323967693
5-18C,5.0,151.06,0.02227343799902102,0.9155055219059818
5-18C,5.0,152.0353,-0.332203629667559,0.7617464489357618
5-18C,5.0,152.0716,-0.47742812455875583,0.36534117788682924
5-18C,5.0,153.0192,0.8684235090870098,0.20396813008282275
5-18C,5.0,154.062,-0.25151909434399605,0.10733035184132653
5-18C,5.0,154.9751,1.4886015796592378,0.16041546244292781
5-18C,5.0,155.0099,1.3469474159111394,0.15644681635309854
5-18C,5.0,157.0128,0.42018326369336395,0.024754806327582295
5-18C,5.0,157.0255,0.9736698806250266,0.07358455539132579
5-18C,5.0,157.0379,1.052598209497869,0.16272938891287686
5-18C,5.0,157.0504,0.7985625481166403,0.1294648637123236
5-18C,5.0,159.0297,0.15800290960326324,0.3143931646054359
5-18C,5.0,159.0775,0.4545487114751299,0.1287289981498905
5-18C,5.0,160.0616,0.20309979346619594,0.3046153024313187
5-18C,5.0,161.0453,-0.43928793627424545,0.17721871924287277
5-18C,5.0,162.0424,0.9784300126416476,0.3313256191877051
5-18C,5.0,163.0351,-0.5381137961154346,0.13202606153359286
5-18C,5.0,163.0398,2.3737198110043316,0.244345455481764
5-18C,5.0,163.0611,0.22553531090804124,1.167633384002034
5-18C,5.0,164.0716,-0.47877208588076536,0.029370811257689214
5-18C,5.0,165.03,-0.45970976198202385,0.5601679949281343
5-18C,5.0,165.0405,-0.21025590243178138,0.45384998299694157
5-18C,5.0,165.0556,-0.14845687405613123,0.099656816622126
5-18C,5.0,166.0508,0.5951798046672494,0.269105018797348
5-18C,5.0,166.0632,-0.3890348871281715,1.0402412182076786
5-18C,5.0,166.9759,0.21259912262343097,0.1603034507024735
5-18C,5.0,167.0207,-0.465937168164241,0.2526116325417921
5-18C,5.0,167.0358,-0.8634091151988369,0.5144882419873005
5-18C,5.0,167.0828,-1.0719108192464137,0.6499911237575428
5-18C,5.0,168.0277,-0.44588462628342457,0.053294073333958934
5-18C,5.0,168.0664,-0.38915264249498355,0.9500376607400157
5-18C,5.0,170.0455,0.02836316234488591,0.01137116874106232
5-18C,5.0,171.0065,0.5125469811585295,0.2024250515976932
5-18C,5.0,171.0092,0.6577623486685735,0.17898523450094478
5-18C,5.0,171.0284,0.17390243988828408,0.08368137201290454
5-18C,5.0,172.0616,0.7124366707863157,0.5730797676400904
5-18C,5.0,172.962,0.19491485367274186,0.12671191724925845
5-18C,5.0,173.0089,0.9360188509884766,0.25709920611354087
5-18C,5.0,173.0453,0.19661541960516987,0.1422935172821493
5-18C,5.0,173.0932,0.3801093949232106,0.08857708772437968
5-18C,5.0,173.1041,-0.5755225097137123,0.1249969938408545
5-18C,5.0,174.0407,1.674241766724599,0.11958468385998158
5-18C,5.0,174.088,1.191849071960415,0.19882089869205363
5-18C,5.0,175.022,0.07979969809126021,0.09594060198784495
5-18C,5.0,175.0361,1.5617057907076228,0.15212359160205602
5-18C,5.0,175.0611,0.9019602632510632,0.19101216213160005
5-18C,5.0,176.0776,0.7921633005478934,0.24247361139827836
5-18C,5.0,177.0402,1.211855586182188,0.4570431723362233
5-18C,5.0,177.0553,-0.38701813520794615,0.7663878584511178
5-18C,5.0,178.0509,0.22772798850439013,0.08821822408545192
5-18C,5.0,179.0348,2.142434105577042,0.4205802789721004
5-18C,5.0,179.0561,-0.22410354728026383,0.07100046925881645
5-18C,5.0,180.0663,-0.21649526449079448,0.0693624203701729
5-18C,5.0,181.0505,0.49807048870190485,0.26289635997031047
5-18C,5.0,182.9725,-0.6215372134513404,0.13490237395773916
5-18C,5.0,183.0661,-0.8200606441199516,0.30697113670455106
5-18C,5.0,184.0017,-0.42431074118274265,0.07423422207325381
5-18C,5.0,184.9856,-0.22268965666163137,0.09990480120296487
5-18C,5.0,186.1136,-0.640577376614078,0.9268476781791107
5-18C,5.0,187.0234,0.0824916223316648,0.43302736854078333
5-18C,5.0,188.035,0.47334798640925857,0.871344743831455
5-18C,5.0,188.0565,0.8013960055397372,0.12572408843847774
5-18C,5.0,189.0405,-0.25027986628781945,0.15900841044911893
5-18C,5.0,191.0197,1.2969870720749181,0.07770906685996218
5-18C,5.0,191.0561,1.1884509755494175,0.32385842483461835
5-18C,5.0,192.0663,-0.0471313305295491,0.6897624421918771
5-18C,5.0,193.0349,0.7786529641960975,0.1234937105493682
5-18C,5.0,194.0682,-0.2942968091951519,0.17854021561713412
5-18C,5.0,194.0822,-0.6611830889067967,0.4269690907535335
5-18C,5.0,195.0509,0.30207110895004763,0.13113817460875987
5-18C,5.0,195.0657,0.8264172719443537,0.41226484921163514
5-18C,5.0,196.0603,0.8060072448218791,0.26777323816810467
5-18C,5.0,198.0182,-0.17549008330504257,0.41922477648906775
5-18C,5.0,199.0019,0.8151950189030451,0.32387678201797526
5-18C,5.0,200.9937,-0.1777184815672972,0.16977723107440976
5-18C,5.0,201.0051,1.0455328030486812,1.460050802954578
5-18C,5.0,203.0348,-0.39571587606871006,0.12850832840425058
5-18C,5.0,203.0826,-0.10072015835036505,0.010815092221045151
5-18C,5.0,204.0498,-0.6899643035045013,0.30543832297652196
5-18C,5.0,205.0351,0.7003889643211454,0.12417065756819935
5-18C,5.0,206.0822,-1.2834235508713623,0.7044769156601518
5-18C,5.0,209.0292,-0.1554874717520019,0.5369563820517199
5-18C,5.0,209.0814,-1.1543910697681916,0.24113295494663242
5-18C,5.0,211.0235,-0.18595172673245974,0.42734984564066747
5-18C,5.0,211.9968,1.274596299243322,0.21907888815774912
5-18C,5.0,212.0331,-0.3297069233773242,0.1761437295728309
5-18C,5.0,212.9807,0.10578717392670665,0.042993886170363864
5-18C,5.0,213.014,0.31129151285771917,0.28185962337162646
5-18C,5.0,213.0384,-0.5427169656076047,0.3686469922887508
5-18C,5.0,213.1252,0.7867603068612198,0.9624159900762463
5-18C,5.0,214.0488,-0.32841087437174143,0.4702869573635335
5-18C,5.0,215.0331,0.05092653840682092,0.09002360597188633
5-18C,5.0,216.1351,-0.2185922890631073,0.138062489713818
5-18C,5.0,218.0335,-0.08482993700149948,0.06943424377868274
5-18C,5.0,218.1034,0.9280980450709855,0.18155448963838416
5-18C,5.0,220.0828,-0.6654287971045258,1.1301960125607715
5-18C,5.0,221.0443,-0.5154123999043634,0.120952278027423
5-18C,5.0,221.0664,0.5758378602891026,0.4684882934042725
5-18C,5.0,225.0399,0.03521787309341697,0.19190578536122171
5-18C,5.0,225.0861,-0.6796366115654869,0.8874873348158622
5-18C,5.0,225.0901,0.10357955604091264,0.7785357434756636
5-18C,5.0,226.0135,-0.45889113431884765,0.17879517748068216
5-18C,5.0,226.0697,-0.2117769344690974,0.33916309022999486
5-18C,5.0,228.0501,0.07125264080302839,0.11956334709161724
5-18C,5.0,229.0122,0.39428700179880954,0.17785496967658818
5-18C,5.0,237.0614,1.6990638454797038,0.3818437761280516
5-18C,5.0,238.0945,-0.5593403937935814,0.2336120603299712
5-18C,5.0,240.0515,1.209391800061654,0.13760274299808145
5-18C,5.0,241.0844,1.1485990281814717,0.9385217485176491
5-18C,5.0,242.0804,-0.42852387590047697,0.5440376822492099
5-18C,5.0,243.029,0.2392376722131839,0.7239225508899537
5-18C,5.0,243.0625,0.34235353222847387,0.6129935017562269
5-18C,5.0,245.0444,0.40108169466481924,0.16517381069675255
5-18C,5.0,246.0198,-0.32174547529862696,0.31626824260026587
5-18C,5.0,246.064,-0.08754453487631558,0.5625832577108945
5-18C,5.0,251.0816,0.08177917797530881,0.6910517013536461
5-18C,5.0,253.0119,-0.10003181574694728,0.012938044703421758
5-18C,5.0,253.0499,0.09409057577682645,0.6753158155127104
5-18C,5.0,257.0072,0.010933598132525976,0.563990281001458
5-18C,5.0,257.1028,-0.6378235188291446,0.43785651962536504
5-18C,5.0,259.005,0.1502041739998345,0.5002703539254476
5-18C,5.0,259.0227,0.5807830987501206,0.1142039781518588
5-18C,5.0,261.0385,-0.04279010491424688,0.09607982274737424
5-18C,5.0,266.0703,0.4173968021243799,0.21781210074439425
5-18C,5.0,267.0724,0.9825488900551329,0.09560129545558253
5-18C,5.0,268.02,-0.4965141307046564,0.24049515963842327
5-18C,5.0,269.0398,-0.17982885827202846,0.18886138128881028
5-18C,5.0,271.0612,0.01426648543484147,0.1903790146430009
5-18C,5.0,271.0815,-0.42628491020623094,0.6166928056060801
5-18C,5.0,273.0021,1.4196326972909137,0.41768577923950867
5-18C,5.0,274.0933,1.6845952635363335,0.20624012672369768
5-18C,5.0,275.0184,0.499103789485828,0.6054219288216957
5-18C,5.0,275.0991,-0.16556593367618372,0.12857170015905967
5-18C,5.0,277.1207,-0.3311665667435115,0.020163511847009756
5-18C,5.0,277.2169,-0.6938581872345354,0.42363930094498237
5-18C,5.0,279.2331,-0.3979870238021309,0.021078455566223186
5-18C,5.0,282.0839,1.4127963697381505,0.35959644384747363
5-18C,5.0,283.2063,-0.7809317678508265,0.15989367140368219
5-18C,5.0,285.0972,-0.9920084425159952,0.2874258273851901
5-18C,5.0,287.0157,-0.5575074660702913,0.17818381649171025
5-18C,5.0,288.0725,0.5955378560637332,0.26549718347603274
5-18C,5.0,289.0333,0.3158909361844291,0.09145765310738588
5-18C,5.0,289.1044,0.9326963856125936,0.48607312496528654
5-18C,5.0,290.9677,0.07097420525643428,0.14784878366551504
5-18C,5.0,294.0479,-0.413004840905166,0.4290047147753831
5-18C,5.0,300.0509,0.6754552337101317,0.6750734518529674
5-18C,5.0,301.0333,-0.23565289408386797,0.2505450259809126
5-18C,5.0,303.2326,-0.5209610971324705,0.3787812992377095
5-18C,5.0,305.0207,-0.5544838874998876,0.10285927583631072
5-18C,5.0,306.0481,1.8765315507942688,0.5647764409344613
5-18C,5.0,306.0765,-0.19385347775238998,0.028156587935106257
5-18C,5.0,308.0986,-0.3068223655021377,0.01558057196012911
5-18C,5.0,313.0441,0.7101003882224396,0.3472735667733417
5-18C,5.0,313.1037,0.571906942131501,0.40415660132615544
5-18C,5.0,317.026,0.19897525611208963,0.33606007140896804
5-18C,5.0,323.0256,-1.0935749105595334,0.09371174868195499
5-18C,5.0,325.1163,-0.5510029101711644,0.10167215132386966
5-18C,5.0,328.0457,0.4387091084726046,0.2812713488459127
5-18C,5.0,333.0589,0.34226060340104947,0.3166277255293586
5-18C,5.0,338.9884,-0.457635832686807,1.3906862725059403
5-18C,5.0,339.0928,0.7967127147147592,0.4894363238368313
5-18C,5.0,341.1089,-0.04425561256536341,0.15479885975480656
5-18C,5.0,344.0393,-0.3096412785808966,0.17667118526306036
5-18C,5.0,346.0556,-0.4187218431598774,0.15281640704178337
5-18C,5.0,348.087,1.5497167458514838,0.3023433087622506
5-18C,5.0,353.0489,0.7319767290594754,0.7475389343560025
5-18C,5.0,357.089,0.37590466232050374,0.2653325481973454
5-18C,5.0,375.131,0.8152667984237446,0.34242067693795575
5-18C,5.0,377.1496,-0.03242717842166187,0.5725366747079174
5-18C,5.0,383.1188,-0.008215630783193512,0.6096035962219878
5-18C,5.0,388.9416,0.10025173004188655,0.24356879929979383
5-18C,5.0,388.9442,-0.07438306052014301,0.2429815542112409
5-18C,5.0,401.0756,-0.6567661751444477,0.08796212190863081
5-18C,5.0,407.2795,-0.7936704986194231,0.1098431259371264
5-18C,5.0,421.0743,-0.4701010197895084,0.28786289294683515
5-18C,5.0,426.0222,-0.0029494746735674038,0.44768366767352075
5-18C,5.0,442.9997,-0.30228793343826055,0.08164111183323827
5-18C,5.0,466.9657,-0.5732524673928213,0.16292944655555844
5-18C,5.0,490.9787,-0.14210678903379784,0.7701516994636288
5-18C,5.0,503.1614,0.5323683837778195,0.656923043179494
5-18C,5.0,547.0731,1.238417519106828,0.3364217991450063
5-18C,5.0,565.0471,0.32193521715372464,0.14523841948255478
5-18C,5.0,578.8872,-0.34416472961413613,0.17276312939429075
5-18C,5.0,579.0269,-0.6696403705665115,0.061829039750088834
5-18C,5.0,612.2549,1.985431075064899,0.4739232806536238
5-18C,5.0,624.2949,0.28641530474011434,0.5727720155943274
5-18C,5.0,659.307,-0.20501401553513954,0.41720595664367094
5-18C,5.0,664.0939,-0.17033294450615413,0.5630403408343713
5-18C,5.0,665.2144,0.4046785003818491,0.19884701780203332
5-18C,5.0,668.1374,-0.3094978666216019,0.025313893307785867
5-18C,5.0,787.255,-0.03520827211299436,0.4263628367526452
5-18C,5.0,790.2568,0.19349909055946254,0.31075196540596867
5-18C,5.0,835.0407,-0.34546324495374947,0.08033656817385548
5-18C,5.0,863.2971,-0.00041923218081560236,0.15559586918317894
5-18C,5.0,864.1473,0.5708998912454022,0.4406343279459901
5-18C,5.0,974.2935,1.43567057580438,0.7582785110954969
5-18C,5.0,976.7162,0.28218278377971784,0.15158952173776044
5-18C,6.0,57.0342,0.20270435961639052,0.40393391700880965
5-18C,6.0,58.0295,1.8350080318902249,0.3520865930531236
5-18C,6.0,59.0135,-0.5211473375840007,0.06179506003625306
5-18C,6.0,71.0137,-0.5272702732965409,0.032218446693341056
5-18C,6.0,73.0293,2.2261892278156044,0.22974279736834857
5-18C,6.0,74.0247,0.1617901449316161,0.607048800554722
5-18C,6.0,75.0087,1.5021997159871034,0.3421759229578662
5-18C,6.0,87.0088,0.48869500224596973,0.0893107933322258
5-18C,6.0,87.0451,0.5853271842549692,0.6712282647887987
5-18C,6.0,88.0403,0.821535069507334,0.12012922930816304
5-18C,6.0,88.9883,-1.0380114532759184,0.26827671121288343
5-18C,6.0,89.0244,1.0010463801833074,0.245925407177811
5-18C,6.0,93.0338,0.035641308272279404,0.03008949166825353
5-18C,6.0,94.9761,-1.242762935879846,0.4668936397069634
5-18C,6.0,94.9806,1.1674309987402318,0.19822389947288782
5-18C,6.0,95.0139,-0.5041965067404557,0.11261547682888318
5-18C,6.0,101.0242,-0.07480795707630011,0.13666544028022576
5-18C,6.0,102.056,-0.18787484278086514,0.10334319427859288
5-18C,6.0,103.0402,0.6703600206021068,0.12409919111256842
5-18C,6.0,103.0509,0.5953296280721407,0.11068370825610736
5-18C,6.0,104.0352,-0.3754513298525948,0.1686440659656469
5-18C,6.0,105.0193,0.9223197619400574,0.613498478096572
5-18C,6.0,107.0503,1.0799716287609376,0.34370339882133105
5-18C,6.0,109.0295,1.3227874665305124,0.1523503235670258
5-18C,6.0,111.02,0.5424473357595423,0.0951029523146949
5-18C,6.0,112.0516,1.0683405593424293,0.7179781127079229
5-18C,6.0,113.0244,-0.5853685102438366,0.042116355994194526
5-18C,6.0,113.0357,0.6600424126489417,0.0751472525433332
5-18C,6.0,114.056,-0.23658149405399884,0.0040269808072711435
5-18C,6.0,115.0037,0.7553821478229577,0.1049354519363002
5-18C,6.0,115.0402,1.6155868850907191,0.37021908448579255
5-18C,6.0,115.0764,0.3793479499230519,0.3273915184835146
5-18C,6.0,116.0354,0.6766842322968263,0.5174876871376514
5-18C,6.0,116.0717,0.4379462331483012,0.03400593545651262
5-18C,6.0,117.0194,2.109272086870197,0.22121940436131435
5-18C,6.0,118.0508,1.3792127738322744,0.18015811847632973
5-18C,6.0,118.9804,-0.621346728826667,0.0638059360525022
5-18C,6.0,119.0503,-0.7005529368569368,0.08807260071679408
5-18C,6.0,120.9273,-0.36616026020830883,0.0923391718237903
5-18C,6.0,121.0295,1.022744903011166,0.3162530232497518
5-18C,6.0,121.0409,0.8143642436886644,0.41747531140416666
5-18C,6.0,122.0248,1.8790952510425436,0.2914127513346859
5-18C,6.0,124.0075,-0.2864076727909453,1.0672691316224259
5-18C,6.0,124.0144,-0.08265610099551873,0.4026624830164492
5-18C,6.0,125.0439,1.7456843168450575,0.25140812821674324
5-18C,6.0,127.0764,0.27697194610861053,0.38013550836758214
5-18C,6.0,128.0354,-0.3206471771412104,0.011922728707547235
5-18C,6.0,129.0193,2.3009680859199477,0.35360137924762247
5-18C,6.0,129.0556,0.7321917350171172,0.5493095761397914
5-18C,6.0,130.0142,2.19542985741924,0.48023858316694157
5-18C,6.0,130.0509,1.390354076292495,0.167435706779419
5-18C,6.0,130.0874,0.5526136788700402,0.09885563350481773
5-18C,6.0,131.0008,1.0888956369331961,0.2067761507395863
5-18C,6.0,131.0123,1.525611052333276,0.06520745819902206
5-18C,6.0,131.035,0.50037797963424,0.22038352260298968
5-18C,6.0,131.0462,0.4980975136293774,0.12323987228632416
5-18C,6.0,131.0828,-0.529862496186149,0.0252057006036772
5-18C,6.0,132.0302,1.0657407156911256,0.18186735210126875
5-18C,6.0,133.0142,0.15231968253264055,0.08791844116053014
5-18C,6.0,133.0257,0.27767985811504947,0.24358927162210073
5-18C,6.0,133.0505,1.877920499334136,0.29475791887809283
5-18C,6.0,134.0472,-0.027778482015166084,0.172020737331818
5-18C,6.0,134.0604,1.589763471057525,0.695983106555323
5-18C,6.0,135.0302,0.12864975474731172,0.16683026178717278
5-18C,6.0,135.0453,-0.044192478430682317,0.28439803542468667
5-18C,6.0,136.0404,0.30076313967628654,0.07699923357904649
5-18C,6.0,136.0487,0.03002828862628664,0.3150214573803498
5-18C,6.0,136.0767,0.6902593989604677,0.3295348170543064
5-18C,6.0,137.0239,-0.12251960540471357,0.2861008182800452
5-18C,6.0,138.9789,0.3418154882138163,0.4467731131880252
5-18C,6.0,139.0014,2.870533846915977,0.21619390082484372
5-18C,6.0,139.0067,-0.3225447991115019,0.12311379112404738
5-18C,6.0,139.976,-0.06882343922815463,0.3294433487939243
5-18C,6.0,143.0713,-0.23216421163440942,0.3818846835342434
5-18C,6.0,143.1077,0.3687775872850966,0.33383008260865765
5-18C,6.0,145.0141,-0.23303078468206045,0.09526208885530779
5-18C,6.0,145.0506,-0.16738726878690083,0.17983461164980727
5-18C,6.0,145.0623,-0.49711315787065213,0.09761784683170534
5-18C,6.0,145.0982,-0.6677011672575448,0.07724502231079575
5-18C,6.0,145.1106,-0.9310739187849393,0.9470272297600073
5-18C,6.0,146.0459,-0.38753801322112463,0.010466568912060428
5-18C,6.0,147.0298,0.8716473327391621,0.1203296331238454
5-18C,6.0,147.0662,2.2250043096616867,0.3296709613286974
5-18C,6.0,149.0092,-0.052431232833271,0.240178250565696
5-18C,6.0,149.0456,-0.03627307596413257,0.19272683595784054
5-18C,6.0,149.0608,0.018805391487819872,0.5253148362991046
5-18C,6.0,150.0422,0.1840693372212014,0.38508331177350985
5-18C,6.0,150.9707,-0.05309426946739325,0.17033106426080524
5-18C,6.0,151.0259,-0.6172765281180279,0.04272151591045775
5-18C,6.0,151.04,0.5806376051729478,0.4986466236402935
5-18C,6.0,151.06,0.2316406992969629,0.8581858301547425
5-18C,6.0,152.0353,0.6409190321386642,0.5349968022077659
5-18C,6.0,152.0716,-0.19749641410896565,0.10993008851305884
5-18C,6.0,153.0192,0.6181656879716761,0.1986869093594092
5-18C,6.0,154.062,-0.5091294237553639,0.07817773494243774
5-18C,6.0,154.9751,1.7630650095511076,0.23271714916340885
5-18C,6.0,155.0099,0.6286851025737712,0.13198295737900945
5-18C,6.0,157.0128,1.3641114985005938,0.17011395046420186
5-18C,6.0,157.0255,0.8268763752094876,0.1225525816476963
5-18C,6.0,157.0379,0.9083078239178499,0.11486886030998149
5-18C,6.0,157.0504,1.626655186734978,0.15251402259211516
5-18C,6.0,159.0297,0.29405957114278924,0.13726133212192465
5-18C,6.0,159.0775,0.40766614557767633,0.028538219433676508
5-18C,6.0,160.0616,1.6119800671244404,0.2569242268246487
5-18C,6.0,161.0453,0.6142699924368527,0.21223897040567694
5-18C,6.0,162.0424,0.7034847838396187,0.154918132834089
5-18C,6.0,163.0351,-0.041750167014005385,0.4865786733563614
5-18C,6.0,163.0398,2.618894524424888,0.2887099799834991
5-18C,6.0,163.0611,1.8401412911901818,0.6090867288154499
5-18C,6.0,164.0716,-0.4410480490970482,0.04436090904774607
5-18C,6.0,165.03,-0.5148480594574131,0.726702869389288
5-18C,6.0,165.0405,0.38521928286302287,0.3305655962878
5-18C,6.0,165.0556,0.31695874012389136,0.15174172754898632
5-18C,6.0,166.0508,1.8593379767246325,0.3104567370173346
5-18C,6.0,166.0632,0.49055407250592564,0.5739944715329311
5-18C,6.0,166.9759,0.20365773160027734,0.2647780751245524
5-18C,6.0,167.0207,-0.3078754252047065,0.2809507342538141
5-18C,6.0,167.0358,0.10699627645134006,0.213743527084497
5-18C,6.0,167.0828,0.22019450931792928,0.5544347460182183
5-18C,6.0,168.0277,-0.4574524682036013,0.02853243137834356
5-18C,6.0,168.0664,0.09790832419744373,0.33663807823664144
5-18C,6.0,170.0455,1.499818875361784,0.059909370785569065
5-18C,6.0,171.0065,0.30321111603456785,0.1917410759251055
5-18C,6.0,171.0092,0.05952627483993264,0.18461300335251396
5-18C,6.0,171.0284,1.2753107406193016,0.09480448657052984
5-18C,6.0,172.0616,0.8197238853063444,0.055621347883438775
5-18C,6.0,172.962,0.3662910607521286,0.038144610457728455
5-18C,6.0,173.0089,1.2348838971113703,0.30395831446867594
5-18C,6.0,173.0453,1.6076384771828087,0.22075268903137163
5-18C,6.0,173.0932,0.2779628467941647,0.04672201671264415
5-18C,6.0,173.1041,-0.49164917310229905,0.09894287299651856
5-18C,6.0,174.0407,1.5693311198076092,0.10168942770237226
5-18C,6.0,174.088,1.0400908695677344,0.07616782373891069
5-18C,6.0,175.022,0.8853634649061551,0.2999107719109366
5-18C,6.0,175.0361,1.140294148071208,0.10508079428899167
5-18C,6.0,175.0611,1.2905983321100558,0.14111344841841286
5-18C,6.0,176.0776,1.0349749364352916,0.12009622438823507
5-18C,6.0,177.0402,0.5802274581839264,0.42743131324257067
5-18C,6.0,177.0553,-0.5196926959142711,0.20008518438748588
5-18C,6.0,178.0509,1.1477876861292078,0.0970546347601383
5-18C,6.0,179.0348,2.3004275917695365,0.3150773371969956
5-18C,6.0,179.0561,-0.6729981314783757,0.023958649693210213
5-18C,6.0,180.0663,-0.7319803524232271,0.050753649703260045
5-18C,6.0,181.0505,1.2032205204813344,0.07943217670568475
5-18C,6.0,182.9725,-0.47342354208175497,0.2356581278163795
5-18C,6.0,183.0661,0.548590274475609,0.31755018768501125
5-18C,6.0,184.0017,-0.5210177268121865,0.07158295564385998
5-18C,6.0,184.9856,-0.468487232705897,0.08354954099409062
5-18C,6.0,186.1136,-0.32445160018313546,0.4690774052425727
5-18C,6.0,187.0234,0.5941736954417836,0.7104520118454236
5-18C,6.0,188.035,0.8828411338103173,0.8456298944737674
5-18C,6.0,188.0565,1.2074162950593998,0.021458767895019083
5-18C,6.0,189.0405,0.06980950353998505,0.13884353423775028
5-18C,6.0,191.0197,0.10160767775366834,0.3000048650399356
5-18C,6.0,191.0561,1.5900874275585237,0.09311431145040185
5-18C,6.0,192.0663,1.3460910714639123,0.16875265051798474
5-18C,6.0,193.0349,-0.03951159505586537,0.1710198991398206
5-18C,6.0,194.0682,1.6335478350134216,0.260566642017539
5-18C,6.0,194.0822,0.7583953479141303,0.7563043731831905
5-18C,6.0,195.0509,-0.7033003368832607,0.09287329001365581
5-18C,6.0,195.0657,1.569611208479023,0.6402361442903773
5-18C,6.0,196.0603,1.2684441858038087,0.1653786291166018
5-18C,6.0,198.0182,0.5522902424285276,0.387247283199664
5-18C,6.0,199.0019,0.6892525567953713,0.22175189719477556
5-18C,6.0,200.9937,-0.43035879982778236,0.3359455391695542
5-18C,6.0,201.0051,1.452024386688322,0.3642787483623945
5-18C,6.0,203.0348,0.8548573404765492,0.5100112428117959
5-18C,6.0,203.0826,-0.09393149492532123,0.012007329935146508
5-18C,6.0,204.0498,-0.3268734447795853,0.4460959426958337
5-18C,6.0,205.0351,0.605999705788612,0.16959532688004575
5-18C,6.0,206.0822,0.19922438340830997,0.5038442182899826
5-18C,6.0,209.0292,0.41552691713322293,0.38666682952386144
5-18C,6.0,209.0814,-0.2684745559488757,0.20092892003609245
5-18C,6.0,211.0235,1.0956599697757783,0.31412151403262883
5-18C,6.0,211.9968,0.7342813897409486,0.23810275983904253
5-18C,6.0,212.0331,0.4934758507192214,0.23023817410591274
5-18C,6.0,212.9807,0.36791315459481094,0.11952760744130948
5-18C,6.0,213.014,1.4385767847327378,0.5875006328636511
5-18C,6.0,213.0384,0.6147009400200909,0.4453939380707135
5-18C,6.0,213.1252,-0.5502661225207258,0.4244941257226409
5-18C,6.0,214.0488,-0.004200753372418403,0.5524278207113965
5-18C,6.0,215.0331,-0.49763989802922964,0.047042268472907496
5-18C,6.0,216.1351,-0.7270371163222549,0.18009397106353925
5-18C,6.0,218.0335,-0.60209479536197,0.042130140444154564
5-18C,6.0,218.1034,1.2983407541790362,0.0897530618057313
5-18C,6.0,220.0828,-0.28295796204932006,0.9610080069789336
5-18C,6.0,221.0443,-0.4732430983694319,0.1079875479161409
5-18C,6.0,221.0664,-0.3967762815785516,0.3789662262615823
5-18C,6.0,225.0399,0.9959141708894496,0.6177795975940853
5-18C,6.0,225.0861,0.04665960650212188,0.3896914329860095
5-18C,6.0,225.0901,0.27438922713012875,0.5574274473746706
5-18C,6.0,226.0135,-0.11165243113041418,0.23683384227839782
5-18C,6.0,226.0697,-0.20036240996467602,0.274379662977595
5-18C,6.0,228.0501,0.6902355476890688,0.29256020808326255
5-18C,6.0,229.0122,1.0484023979722723,0.39313778442986086
5-18C,6.0,237.0614,1.293361576482099,0.4061844639571359
5-18C,6.0,238.0945,-0.4386175857396227,0.14421793186538734
5-18C,6.0,240.0515,1.5128240662700105,0.08105227181083464
5-18C,6.0,241.0844,1.2447733341093308,0.378201283852455
5-18C,6.0,242.0804,0.0960089475660444,0.13083913815498313
5-18C,6.0,243.029,1.3141511822833345,0.37472823571527497
5-18C,6.0,243.0625,0.8796262006465829,0.5927909730604306
5-18C,6.0,245.0444,0.9432875445930622,0.23853973940006423
5-18C,6.0,246.0198,0.24132437131154832,0.23172467264498364
5-18C,6.0,246.064,-0.315482202180155,0.3315364640850579
5-18C,6.0,251.0816,0.22608482368110186,0.6396122047990296
5-18C,6.0,253.0119,-0.0990404778465748,0.020497902786578096
5-18C,6.0,253.0499,0.40497927446575943,0.2692039388966817
5-18C,6.0,257.0072,0.4451696172051637,0.19793281149422207
5-18C,6.0,257.1028,0.35650655027832273,0.6001121917725988
5-18C,6.0,259.005,0.899760423631736,0.3438592265471484
5-18C,6.0,259.0227,-0.883845684119865,0.08918839753300015
5-18C,6.0,261.0385,-0.40007111898547476,0.29814461515528157
5-18C,6.0,266.0703,0.28112668809790325,0.23685452919818897
5-18C,6.0,267.0724,1.2134110486018663,0.04393000368676529
5-18C,6.0,268.02,0.7442423703187588,0.43328020339366197
5-18C,6.0,269.0398,0.9666657254890088,0.28851663520793264
5-18C,6.0,271.0612,-0.013771288052950633,0.3060153602113453
5-18C,6.0,271.0815,-0.10565339642107002,0.5963579495137293
5-18C,6.0,273.0021,2.359325534531671,0.37772787051250545
5-18C,6.0,274.0933,1.793468223099297,0.3017474139679516
5-18C,6.0,275.0184,0.856756883069043,0.42444781142988836
5-18C,6.0,275.0991,-0.2950094090021085,0.13692058173000043
5-18C,6.0,277.1207,-0.9935230908670325,0.02268840863202764
5-18C,6.0,277.2169,-0.8923121105049119,0.16910290359727617
5-18C,6.0,279.2331,-0.38840028039658403,0.033494267239292795
5-18C,6.0,282.0839,-0.4264166454849956,0.39862792808012976
5-18C,6.0,283.2063,-0.894762382222262,0.11564431205260271
5-18C,6.0,285.0972,-0.5114772421817859,0.28247149920008185
5-18C,6.0,287.0157,-0.29906099310667983,0.39487098549200045
5-18C,6.0,288.0725,0.5382593422629709,0.05587369787580593
5-18C,6.0,289.0333,0.11511571900525641,0.3578613716654584
5-18C,6.0,289.1044,0.4932318633054326,0.19981011823270037
5-18C,6.0,290.9677,0.20526796088769328,0.16289750547825546
5-18C,6.0,294.0479,-0.6243303291787923,0.2298886834262448
5-18C,6.0,300.0509,0.0801027446546248,1.1962383521002409
5-18C,6.0,301.0333,0.07795218037410517,0.3990033747076102
5-18C,6.0,303.2326,-0.8518390332790334,0.2773563394023348
5-18C,6.0,305.0207,-0.46290739181997587,0.140888551403753
5-18C,6.0,306.0481,1.9435645822509258,0.0461031031855763
5-18C,6.0,306.0765,-0.24456742303021,0.04598066267379784
5-18C,6.0,308.0986,-0.3630732867527686,0.012408097486092682
5-18C,6.0,313.0441,0.8515094160910905,0.3635476718327034
5-18C,6.0,313.1037,0.43611196711693484,0.767194200480286
5-18C,6.0,317.026,0.07264286119016351,0.47749097549512365
5-18C,6.0,323.0256,-0.461929638160123,0.6853574077885819
5-18C,6.0,325.1163,-1.1396269970785515,0.3518223854072506
5-18C,6.0,328.0457,0.044349399785418,0.07293994047395763
5-18C,6.0,333.0589,0.45716567455653456,0.4241986670430113
5-18C,6.0,338.9884,0.21659018872348795,0.5560503377487109
5-18C,6.0,339.0928,-0.2852597632955133,0.7946896468987258
5-18C,6.0,341.1089,-0.33323285183053997,0.14316076920147958
5-18C,6.0,344.0393,-0.38984708572688603,0.16129217870528242
5-18C,6.0,346.0556,-0.2545154328256377,0.17329079178925588
5-18C,6.0,348.087,1.634271061051991,0.5267277863559985
5-18C,6.0,353.0489,-0.1873330283692976,0.5211213256319317
5-18C,6.0,357.089,0.027099158344581653,0.3580986383173054
5-18C,6.0,375.131,-0.4517894671856827,0.23493429297231225
5-18C,6.0,377.1496,-0.8258083286387979,0.4149286024301766
5-18C,6.0,383.1188,-0.5441414196384406,0.2860973739352926
5-18C,6.0,388.9416,0.3778762688840874,0.4186404612007807
5-18C,6.0,388.9442,0.08234046947142198,0.5263212678859679
5-18C,6.0,401.0756,-0.8342881765969709,0.046530956725567625
5-18C,6.0,407.2795,-0.6657824459460991,0.07625270690885404
5-18C,6.0,421.0743,-0.49371428357502023,0.5338216167276855
5-18C,6.0,426.0222,-0.5159004047699854,0.5059290555630493
5-18C,6.0,442.9997,-0.15311951204544055,0.27900093030238904
5-18C,6.0,466.9657,-0.18964150559430848,0.25459837693735654
5-18C,6.0,490.9787,0.7299640295313927,0.8572327035656665
5-18C,6.0,503.1614,-0.5156098457035,0.2703058803391048
5-18C,6.0,547.0731,0.610012525173095,0.16067967369466593
5-18C,6.0,565.0471,-0.150863026600194,0.24342311640826803
5-18C,6.0,578.8872,-0.8333459122800044,0.07329874972805189
5-18C,6.0,579.0269,-0.8436265730682383,0.034056736150027404
5-18C,6.0,612.2549,-0.6701309725170501,0.45785280539281165
5-18C,6.0,624.2949,-0.8162866949357981,0.5304504674458492
5-18C,6.0,659.307,-0.3776176340619698,0.10511938796724823
5-18C,6.0,664.0939,-0.35314935687865767,0.17994506073087596
5-18C,6.0,665.2144,-0.562843052101962,0.6468106676488622
5-18C,6.0,668.1374,1.0060409804447432,0.09544280867065522
5-18C,6.0,787.255,-0.5316894527473869,0.1852927379467708
5-18C,6.0,790.2568,-0.568598697757382,0.3329480666953984
5-18C,6.0,835.0407,-0.8046516944513313,0.09203659866016642
5-18C,6.0,863.2971,-0.5497201669147805,0.19624750475988267
5-18C,6.0,864.1473,-0.4224359183394863,0.2769709892982585
5-18C,6.0,974.2935,0.9769232685575437,0.5310676798926119
5-18C,6.0,976.7162,-0.9016210279184789,0.0713737531048907
5-18C,7.0,57.0342,-0.8644906750951544,0.1759357593800386
5-18C,7.0,58.0295,0.7659286030985188,0.27640989119768467
5-18C,7.0,59.0135,-1.5546649395656387,0.06291934106441617
5-18C,7.0,71.0137,-1.1159447857704357,0.056406368555508186
5-18C,7.0,73.0293,1.8808354718708522,0.13149995322614869
5-18C,7.0,74.0247,0.37134836991189624,0.4405917373211846
5-18C,7.0,75.0087,0.4509693775299447,0.8487967659398012
5-18C,7.0,87.0088,1.3298802810493455,0.07859443556873207
5-18C,7.0,87.0451,-0.4263305285117393,0.2911052265405275
5-18C,7.0,88.0403,0.9465893697280369,0.07019474295204395
5-18C,7.0,88.9883,-0.8901229929320815,0.7131903409331116
5-18C,7.0,89.0244,1.051649849716358,0.16041453051858268
5-18C,7.0,93.0338,0.01432228164800792,0.009618010784269524
5-18C,7.0,94.9761,-1.3212731967969291,0.6232541518097496
5-18C,7.0,94.9806,0.761341497129308,0.31572696150308904
5-18C,7.0,95.0139,-0.9931937659124885,0.06337637771166757
5-18C,7.0,101.0242,-0.8323956413818682,0.3324072932704647
5-18C,7.0,102.056,-0.16029800786555734,0.05597894978191162
5-18C,7.0,103.0402,1.011363484027948,0.18293146725877196
5-18C,7.0,103.0509,0.9178590128130208,0.150461549236939
5-18C,7.0,104.0352,-0.069438576731404,0.31176578975442376
5-18C,7.0,105.0193,-0.16284839366683523,0.4494858854923247
5-18C,7.0,107.0503,0.6000073644788342,0.29198780112092837
5-18C,7.0,109.0295,1.1529243036714756,0.12123151382682784
5-18C,7.0,111.02,0.3495487202658849,0.09384343370954859
5-18C,7.0,112.0516,0.058600179893231866,0.8185803917941961
5-18C,7.0,113.0244,-1.1421906294880184,0.03994054953172782
5-18C,7.0,113.0357,0.4202150969997875,0.08936268099652421
5-18C,7.0,114.056,-0.20676245132175275,0.02788566472539768
5-18C,7.0,115.0037,0.8259427289302108,0.1933662026293258
5-18C,7.0,115.0402,0.5900755197326066,0.39019165679697154
5-18C,7.0,115.0764,-0.254974497661847,0.3143521447611308
5-18C,7.0,116.0354,1.07760516571959,0.273140746855856
5-18C,7.0,116.0717,0.5422108455840889,0.0754679018196975
5-18C,7.0,117.0194,1.9577186781005405,0.14875010032163555
5-18C,7.0,118.0508,1.5098769047645517,0.3815415452090285
5-18C,7.0,118.9804,-1.1189802407692633,0.06076700647984453
5-18C,7.0,119.0503,-1.2650962693809538,0.29724872689538434
5-18C,7.0,120.9273,-0.3357666497287243,0.04308481308801914
5-18C,7.0,121.0295,0.10089298376173553,0.34021892471237053
5-18C,7.0,121.0409,-0.9750305714535672,0.324486982296646
5-18C,7.0,122.0248,0.5339816646499018,0.3126793360286298
5-18C,7.0,124.0075,-0.42461691978958205,0.26785689623122755
5-18C,7.0,124.0144,-0.7702038612731035,0.24973796742944315
5-18C,7.0,125.0439,-0.3256944238966314,0.2036305836434159
5-18C,7.0,127.0764,-0.5852063340934728,0.45451488595634687
5-18C,7.0,128.0354,-0.29211017764745084,0.030653665170451396
5-18C,7.0,129.0193,2.4733618504207033,0.31129354330038533
5-18C,7.0,129.0556,-0.534981321553799,0.6225139318416965
5-18C,7.0,130.0142,2.731492312297963,0.4825208148522458
5-18C,7.0,130.0509,1.0983036559525627,0.12048799824011061
5-18C,7.0,130.0874,0.6674873739395553,0.07839194675427155
5-18C,7.0,131.0008,2.648821647066881,0.4187851749512354
5-18C,7.0,131.0123,1.6602111130706698,0.21652226078492204
5-18C,7.0,131.035,-0.6820981442416427,0.19250715634741683
5-18C,7.0,131.0462,-0.6147485870918902,0.06840378586294772
5-18C,7.0,131.0828,-0.06923612762660991,0.20086288669093164
5-18C,7.0,132.0302,0.9993009482194857,0.11190390145202908
5-18C,7.0,133.0142,0.15645806287889286,0.052438907971551305
5-18C,7.0,133.0257,0.26076528245237673,0.12920196894557906
5-18C,7.0,133.0505,1.4868480905665418,0.15930482098489024
5-18C,7.0,134.0472,-0.3124072576455408,0.0987002057903186
5-18C,7.0,134.0604,0.23511088974110833,0.6496311016366854
5-18C,7.0,135.0302,0.44012558471128627,0.06551774297796883
5-18C,7.0,135.0453,-0.23939193504817102,0.05662606652504288
5-18C,7.0,136.0404,0.525179801006836,0.14305159507646217
5-18C,7.0,136.0487,0.33961156120345837,0.18486709981145724
5-18C,7.0,136.0767,-0.7397360710203182,0.5040708001818737
5-18C,7.0,137.0239,0.18486995197467404,0.12162757311838723
5-18C,7.0,138.9789,-0.6572045957646604,0.22036090344822143
5-18C,7.0,139.0014,2.715865260412903,0.1954592664302503
5-18C,7.0,139.0067,-0.27274135768394725,0.07476396894473081
5-18C,7.0,139.976,0.11448795986964709,0.21333111633752433
5-18C,7.0,143.0713,-0.8980737751728813,0.46446125214896
5-18C,7.0,143.1077,-0.4587407282651608,0.5904470984328305
5-18C,7.0,145.0141,-0.16277568247719698,0.043239946481519444
5-18C,7.0,145.0506,0.16168119042535845,0.19412269911699453
5-18C,7.0,145.0623,-0.26768171278907854,0.14868930015018605
5-18C,7.0,145.0982,-0.5258956213857997,0.21142609942272328
5-18C,7.0,145.1106,-0.6524884312234273,0.314537941961218
5-18C,7.0,146.0459,-0.38184815570529773,0.013876270776496736
5-18C,7.0,147.0298,0.9771873906410204,0.07637177439800855
5-18C,7.0,147.0662,1.5582239476764252,0.1342361325196276
5-18C,7.0,149.0092,-0.4361782065599341,0.8742558289462082
5-18C,7.0,149.0456,-0.5885753808758797,0.15697049938774435
5-18C,7.0,149.0608,-0.28193147496685,0.6882800931706573
5-18C,7.0,150.0422,0.10309536746709584,0.3762231096708775
5-18C,7.0,150.9707,0.8952209903380424,0.7431809986625181
5-18C,7.0,151.0259,-0.41589965695136066,0.08043724786830556
5-18C,7.0,151.04,-0.14046161410655508,0.7732256414602472
5-18C,7.0,151.06,-0.11478657326303371,1.1391702097337544
5-18C,7.0,152.0353,0.08802910407807035,0.7176892066720519
5-18C,7.0,152.0716,-1.0446789987030054,0.3712827761777423
5-18C,7.0,153.0192,0.04103046370810155,0.09152541932897454
5-18C,7.0,154.062,-0.3239567043874712,0.09090366745022874
5-18C,7.0,154.9751,2.306938373227432,0.1874643026594918
5-18C,7.0,155.0099,0.23350828685946545,0.09426649278604755
5-18C,7.0,157.0128,1.4852910149889615,0.16674759673538495
5-18C,7.0,157.0255,0.6163711700589208,0.11851170469362432
5-18C,7.0,157.0379,0.6881253280752525,0.10889867932157729
5-18C,7.0,157.0504,1.4920169318297625,0.13244485912374823
5-18C,7.0,159.0297,-0.48099824865288665,0.33686104429537966
5-18C,7.0,159.0775,0.4427513211791383,0.1251301138621365
5-18C,7.0,160.0616,0.6516144593394166,0.4990698383325226
5-18C,7.0,161.0453,-0.83138711773756,0.24724413772591597
5-18C,7.0,162.0424,0.9649194743090826,0.37958773687790387
5-18C,7.0,163.0351,-0.6083008161108288,0.19895610381167186
5-18C,7.0,163.0398,1.994249240728413,0.07863191417892382
5-18C,7.0,163.0611,0.956384245803007,0.10736201386818964
5-18C,7.0,164.0716,-0.07627301515362604,0.05909496438397761
5-18C,7.0,165.03,-0.2607707846908193,0.6297764935072439
5-18C,7.0,165.0405,-1.1575949652801196,0.9164968908105968
5-18C,7.0,165.0556,0.06463272303833519,0.22994927269607626
5-18C,7.0,166.0508,1.2049718418610507,0.2682322016168848
5-18C,7.0,166.0632,-0.16828201593595649,0.34607297461484415
5-18C,7.0,166.9759,0.1942457410495893,0.24443089259039663
5-18C,7.0,167.0207,-0.2596249984065328,0.29588299218682107
5-18C,7.0,167.0358,-0.6505079569354923,0.6794233765788851
5-18C,7.0,167.0828,-0.2594833885771947,0.49675491020249196
5-18C,7.0,168.0277,-0.4577926988483124,0.01722988074173533
5-18C,7.0,168.0664,-0.5397970191557482,0.5236328426951541
5-18C,7.0,170.0455,1.737431757391729,0.03658974525410252
5-18C,7.0,171.0065,0.3919565909017918,0.12803479683528668
5-18C,7.0,171.0092,0.5785371531594916,0.2638220847509738
5-18C,7.0,171.0284,1.3856748894881723,0.20697576659502542
5-18C,7.0,172.0616,0.1613509383721923,0.1592297295689462
5-18C,7.0,172.962,0.5285976828464699,0.024308089278405286
5-18C,7.0,173.0089,1.1446308011058446,0.04061928204019751
5-18C,7.0,173.0453,1.3855360592100565,0.1743990193668067
5-18C,7.0,173.0932,0.7964017935338102,0.08799830011779763
5-18C,7.0,173.1041,-0.46424035482676,0.17440488309831303
5-18C,7.0,174.0407,1.0080529759850143,0.06974326529840509
5-18C,7.0,174.088,0.8215930655625865,0.09890307750711945
5-18C,7.0,175.022,1.4877054632745654,0.3382169865354176
5-18C,7.0,175.0361,0.9637757194626069,0.11368892603456089
5-18C,7.0,175.0611,1.0277113294730809,0.05916740591435955
5-18C,7.0,176.0776,0.6827398072802018,0.11051544374316918
5-18C,7.0,177.0402,-0.10274885575951737,0.17122724341052561
5-18C,7.0,177.0553,-0.8838486330285868,0.5226691722407082
5-18C,7.0,178.0509,1.2322206489677394,0.05471012180500583
5-18C,7.0,179.0348,1.4157200455260028,0.30296684937444673
5-18C,7.0,179.0561,-1.1427562102870232,0.019224026598943185
5-18C,7.0,180.0663,-1.220818128534038,0.03974728449604749
5-18C,7.0,181.0505,0.5395923799741191,0.2563627844177272
5-18C,7.0,182.9725,-1.1464250380407957,0.02090278565993189
5-18C,7.0,183.0661,-0.7961369260020538,0.3883255868232161
5-18C,7.0,184.0017,-0.5552189778274776,0.037847143481650344
5-18C,7.0,184.9856,0.028081748184118592,0.13903104785175482
5-18C,7.0,186.1136,-0.6352193126067739,0.46653583106128516
5-18C,7.0,187.0234,0.2266116822251262,0.4377134145963609
5-18C,7.0,188.035,1.3204261593972002,0.24356734474462338
5-18C,7.0,188.0565,0.7563745491972979,0.06046493593854046
5-18C,7.0,189.0405,-0.4313578634134312,0.012404256164858901
5-18C,7.0,191.0197,0.42994774072941544,0.3241365167793056
5-18C,7.0,191.0561,1.1377168754989597,0.05011086444167839
5-18C,7.0,192.0663,0.3769898296163478,0.6111338864509094
5-18C,7.0,193.0349,-0.032340431588318286,0.7272788287962393
5-18C,7.0,194.0682,1.962204207982721,0.36442015808759665
5-18C,7.0,194.0822,-0.9698092032156445,0.5151016275866118
5-18C,7.0,195.0509,-0.84166033546121,0.015023414671603117
5-18C,7.0,195.0657,1.3181660367655899,0.37535333443830077
5-18C,7.0,196.0603,0.9400650646934539,0.10754184959939281
5-18C,7.0,198.0182,1.4721237096751234,0.23616489282402922
5-18C,7.0,199.0019,1.510372470635997,0.39754317398401695
5-18C,7.0,200.9937,-0.7325223622927377,0.16374521768166717
5-18C,7.0,201.0051,1.537861201680188,0.9920703916018974
5-18C,7.0,203.0348,1.5871093856198328,0.2092629543677612
5-18C,7.0,203.0826,-0.09881933259135278,0.004599490207033573
5-18C,7.0,204.0498,-1.0009409448594881,0.3844031819178789
5-18C,7.0,205.0351,0.5484936449179509,0.1885874138973401
5-18C,7.0,206.0822,-0.5048902726395653,0.321709223904259
5-18C,7.0,209.0292,1.6015327356842435,0.5840102480932237
5-18C,7.0,209.0814,-0.033672382840123166,0.25610047737546165
5-18C,7.0,211.0235,1.9389011233409448,0.419538188633091
5-18C,7.0,211.9968,0.8771152369640238,0.07755413301867523
5-18C,7.0,212.0331,-0.08549430906332704,0.35635225716780267
5-18C,7.0,212.9807,1.0565510482288933,0.23443060188731937
5-18C,7.0,213.014,1.3985069674705897,0.47465487070909657
5-18C,7.0,213.0384,1.143596970313253,0.25113943760967977
5-18C,7.0,213.1252,0.34585460138610324,0.8360883979019761
5-18C,7.0,214.0488,-0.5206648544791567,0.44779226666655514
5-18C,7.0,215.0331,-1.155964782559967,0.023125571454233378
5-18C,7.0,216.1351,-0.863691688191275,0.09356087493058401
5-18C,7.0,218.0335,-1.1515461279538832,0.023315849636994592
5-18C,7.0,218.1034,0.799974342417562,0.07156476158663176
5-18C,7.0,220.0828,-1.1983799607060424,0.4925406051078747
5-18C,7.0,221.0443,-0.9938394256728698,0.08454946330944442
5-18C,7.0,221.0664,-0.49017235410810645,0.2931040324076977
5-18C,7.0,225.0399,0.8043090023922561,1.4266053555914164
5-18C,7.0,225.0861,-0.9643502574682985,0.43202707024006126
5-18C,7.0,225.0901,0.010780362440494351,0.3387238015098054
5-18C,7.0,226.0135,0.533026010447765,0.3172016946724959
5-18C,7.0,226.0697,-0.5079084664234255,0.08992148138956521
5-18C,7.0,228.0501,0.7732698400762206,0.2804625201449815
5-18C,7.0,229.0122,0.9435782550881664,0.30772121634604305
5-18C,7.0,237.0614,1.2723769763615334,0.26039522293549405
5-18C,7.0,238.0945,-0.7136215275520701,0.36526147798564707
5-18C,7.0,240.0515,1.2470155302782748,0.06323204848246346
5-18C,7.0,241.0844,0.24873556108902498,0.7722379351769612
5-18C,7.0,242.0804,-0.591952201195888,0.30266487454959023
5-18C,7.0,243.029,1.8219659101902053,0.348291691566983
5-18C,7.0,243.0625,0.41997764695453954,0.7023557317459348
5-18C,7.0,245.0444,1.210108163330533,0.7504316274542184
5-18C,7.0,246.0198,0.0736150058999106,0.27337305889408064
5-18C,7.0,246.064,-0.7411525857474757,0.1820309453395688
5-18C,7.0,251.0816,-0.04383099946090785,1.9504412245514888
5-18C,7.0,253.0119,-0.013490126274005162,0.05030605690088714
5-18C,7.0,253.0499,-0.10284951089264599,0.623669104688596
5-18C,7.0,257.0072,0.7065153694248067,0.27691768593326754
5-18C,7.0,257.1028,-0.5546211264017678,0.6921995088863871
5-18C,7.0,259.005,1.930891843639525,0.4313002679538353
5-18C,7.0,259.0227,-1.1532938094189316,0.10794766293362108
5-18C,7.0,261.0385,0.14373860113778547,0.24363901261108906
5-18C,7.0,266.0703,0.19551195677236824,0.27479106715955093
5-18C,7.0,267.0724,0.9115627432629783,0.12840793511742982
5-18C,7.0,268.02,0.9490505451517988,0.25411369347439755
5-18C,7.0,269.0398,1.8489821206538408,0.5061518426630987
5-18C,7.0,271.0612,0.20993435147730552,0.49377151163393695
5-18C,7.0,271.0815,-0.34342508080107703,0.16689132240767648
5-18C,7.0,273.0021,2.656689425962451,0.36434367828333
5-18C,7.0,274.0933,0.9921094762914099,0.10006672563759128
5-18C,7.0,275.0184,0.041868854159835545,0.384191684714099
5-18C,7.0,275.0991,-0.08363354667213396,0.21690387603964872
5-18C,7.0,277.1207,-1.0706437021824715,0.006702976698136045
5-18C,7.0,277.2169,-0.8722471011601706,0.2359858992579487
5-18C,7.0,279.2331,-0.2509107258693189,0.03276867848870611
5-18C,7.0,282.0839,-0.7104855708175974,0.3886291622676343
5-18C,7.0,283.2063,-0.7106925795512669,0.09297672124532799
5-18C,7.0,285.0972,-0.24625824140385433,0.7281693079777677
5-18C,7.0,287.0157,-0.8524475382255239,0.16278822986501862
5-18C,7.0,288.0725,0.6713217358616651,0.26044708810237005
5-18C,7.0,289.0333,0.6514827251878837,0.2547451994254179
5-18C,7.0,289.1044,0.5263856876207401,0.3914521643139348
5-18C,7.0,290.9677,0.0981208756137485,0.10859602905389687
5-18C,7.0,294.0479,-0.8270885679278123,0.7753612575907307
5-18C,7.0,300.0509,2.644587195089847,1.2495342290850813
5-18C,7.0,301.0333,-0.3152986272795437,0.2309838941917251
5-18C,7.0,303.2326,-0.4614077903947107,0.5909486816509274
5-18C,7.0,305.0207,-1.119178597143804,0.12571579539280558
5-18C,7.0,306.0481,1.9807084265212813,0.06715853573507603
5-18C,7.0,306.0765,-0.21500520987940155,0.03586119990498128
5-18C,7.0,308.0986,-0.32762915787871516,0.08377360762522415
5-18C,7.0,313.0441,0.3727285958454553,0.1578120910783843
5-18C,7.0,313.1037,-0.10505615553370648,0.24692194541297094
5-18C,7.0,317.026,-0.40343079546298966,0.3052574084898756
5-18C,7.0,323.0256,-0.9720147545093138,0.2569218253866655
5-18C,7.0,325.1163,-1.038044116832123,0.42909362343930174
5-18C,7.0,328.0457,0.13801728823305537,0.11734648095473094
5-18C,7.0,333.0589,0.9248420342779369,0.6871901183273948
5-18C,7.0,338.9884,0.005820758212563865,0.6316808395418526
5-18C,7.0,339.0928,-0.32536510897518495,0.28073696848645857
5-18C,7.0,341.1089,-0.5056323826495709,0.15011458048117066
5-18C,7.0,344.0393,-0.43049934414334645,0.24776715481456613
5-18C,7.0,346.0556,-0.20995384191708935,0.014393792015234549
5-18C,7.0,348.087,1.1819852429511655,0.11541219453692762
5-18C,7.0,353.0489,0.5883579549127509,0.3225437377523782
5-18C,7.0,357.089,0.034122087954835116,0.3512340936349904
5-18C,7.0,375.131,0.2781835908644413,0.5779782425884051
5-18C,7.0,377.1496,-0.3929395730803285,0.11479272086658592
5-18C,7.0,383.1188,-1.4491644856568981,0.4016660273660415
5-18C,7.0,388.9416,0.3883245042168584,0.3594720616915682
5-18C,7.0,388.9442,0.2121971086072901,0.3583837656067255
5-18C,7.0,401.0756,-1.0944610176931855,0.03186074841282533
5-18C,7.0,407.2795,-0.7116909776749847,0.31355952226305445
5-18C,7.0,421.0743,0.1731242857278337,0.7274502216980699
5-18C,7.0,426.0222,0.2947452615431038,0.15388232567978946
5-18C,7.0,442.9997,-0.2896659900896373,0.19821863107957396
5-18C,7.0,466.9657,-0.7826650920465017,0.211988960053168
5-18C,7.0,490.9787,-0.9131606066214957,0.7986547256058353
5-18C,7.0,503.1614,-0.19571950184364637,0.247325019217236
5-18C,7.0,547.0731,0.7186682896858441,0.08225866499496172
5-18C,7.0,565.0471,-0.16834709108416018,0.30049977885119483
5-18C,7.0,578.8872,-1.1581495731453872,0.03385225945833477
5-18C,7.0,579.0269,-1.0403966830404294,0.09729775194612868
5-18C,7.0,612.2549,0.3069300490714104,0.2559878942291734
5-18C,7.0,624.2949,-0.2953369415150471,0.396362078560497
5-18C,7.0,659.307,-0.9257813569424542,0.15204918373946105
5-18C,7.0,664.0939,-0.32803721232199506,0.07994554193073294
5-18C,7.0,665.2144,0.35563093827645376,0.29093592148370667
5-18C,7.0,668.1374,1.9820636518288763,0.08528898036941447
5-18C,7.0,787.255,-0.5973450244937486,0.23500856513562093
5-18C,7.0,790.2568,-0.9050842466667686,0.33882608835281813
5-18C,7.0,835.0407,-0.35035980424933977,0.18119583824543656
5-18C,7.0,863.2971,0.2207231620549293,0.11399332090901523
5-18C,7.0,864.1473,-0.06288491977808496,0.09827582762193364
5-18C,7.0,974.2935,-0.5685118129771501,0.14602702086592334
5-18C,7.0,976.7162,-1.2449014390596975,0.04780896336565412
5-18C,8.0,57.0342,-1.1085310621512021,0.18319405608397207
5-18C,8.0,58.0295,-0.06955515027615718,0.20450596386711534
5-18C,8.0,59.0135,-1.4737649534539399,0.10009223204141106
5-18C,8.0,71.0137,-1.3637326869760154,0.03593204509915236
5-18C,8.0,73.0293,2.5095148472589255,0.049989204750282706
5-18C,8.0,74.0247,0.1848515763887761,0.649724059393587
5-18C,8.0,75.0087,0.41927590928005576,0.4801316229088797
5-18C,8.0,87.0088,2.3446477072565917,0.15408908415422473
5-18C,8.0,87.0451,-0.6599192694994013,0.16157203836995748
5-18C,8.0,88.0403,1.2403618721043623,0.047836684073779306
5-18C,8.0,88.9883,0.19805628621952878,0.6657970781093107
5-18C,8.0,89.0244,2.2942347257553504,0.2895236159994157
5-18C,8.0,93.0338,0.007024111797490445,0.013746271208350085
5-18C,8.0,94.9761,-0.752499694262835,0.44866644171425574
5-18C,8.0,94.9806,1.039957591914233,0.4848991635477983
5-18C,8.0,95.0139,-1.3535251556583796,0.08194144603752475
5-18C,8.0,101.0242,-1.2228785353302758,0.11949540076155206
5-18C,8.0,102.056,-0.07361492479660192,0.10664467594944912
5-18C,8.0,103.0402,0.8108225234281566,0.04694231682570685
5-18C,8.0,103.0509,0.9161668334597108,0.14160740828640994
5-18C,8.0,104.0352,-0.4548866960809178,0.17121472763038417
5-18C,8.0,105.0193,-0.7052420242685253,0.308318805449895
5-18C,8.0,107.0503,0.7250607944671661,0.6459699846487004
5-18C,8.0,109.0295,0.43516378810334405,0.1271617776438653
5-18C,8.0,111.02,0.48997710558253693,0.026833564833662865
5-18C,8.0,112.0516,-0.07938172030006288,0.945569355289202
5-18C,8.0,113.0244,-1.3111505635862621,0.022622332417649424
5-18C,8.0,113.0357,-0.3177029794334643,0.036246744835766655
5-18C,8.0,114.056,-0.24364593712371618,0.00177678636820135
5-18C,8.0,115.0037,0.7151393880123226,0.03525949491292581
5-18C,8.0,115.0402,-0.5488961307540879,0.26419044050748325
5-18C,8.0,115.0764,0.10641714314382919,0.5675597630189176
5-18C,8.0,116.0354,0.7172267985980045,0.30997830529076903
5-18C,8.0,116.0717,0.6720072402375196,0.044664950304551476
5-18C,8.0,117.0194,2.541756311644389,0.0874589266218354
5-18C,8.0,118.0508,1.665581856178087,0.25651615303106956
5-18C,8.0,118.9804,-1.294639751920331,0.023268142547514574
5-18C,8.0,119.0503,-1.2818966836530032,0.28857446570418005
5-18C,8.0,120.9273,-0.27959274464592065,0.05001234732892154
5-18C,8.0,121.0295,-0.3044266994302668,0.2840387545485924
5-18C,8.0,121.0409,-0.7824740447222915,0.29701480345101333
5-18C,8.0,122.0248,0.13560279524386426,0.5345566834111101
5-18C,8.0,124.0075,-0.6735983188271262,0.12856682213773132
5-18C,8.0,124.0144,-1.1965631983749079,0.1329472821737669
5-18C,8.0,125.0439,-0.7108019438090103,0.200509789939815
5-18C,8.0,127.0764,-1.0205946405962476,0.27296556768731645
5-18C,8.0,128.0354,-0.3696250533884351,0.003932338977311375
5-18C,8.0,129.0193,1.4164406293525076,0.15596751077839202
5-18C,8.0,129.0556,0.21758613820317468,0.7183184360647858
5-18C,8.0,130.0142,-0.07603093481940995,1.222450087721049
5-18C,8.0,130.0509,0.40055303326342556,0.06180930807308929
5-18C,8.0,130.0874,1.04234435024541,0.08780780609356835
5-18C,8.0,131.0008,1.0113478404732021,0.6733712593160985
5-18C,8.0,131.0123,2.4734849070557425,0.18986440713610636
5-18C,8.0,131.035,-1.0745500565242168,0.09951775771105342
5-18C,8.0,131.0462,-1.253579732481722,0.12118030904597588
5-18C,8.0,131.0828,-0.4919412786264541,0.16336919946070677
5-18C,8.0,132.0302,0.4158467670380829,0.07499519629464038
5-18C,8.0,133.0142,-0.1139896332913951,0.04453712479789295
5-18C,8.0,133.0257,-0.09376422343724403,0.1104746069608254
5-18C,8.0,133.0505,1.3677229076286017,0.14371384625556557
5-18C,8.0,134.0472,0.03339546379195922,0.30085761407507294
5-18C,8.0,134.0604,0.8427634955985779,0.2886540776263702
5-18C,8.0,135.0302,0.7261819226826726,0.09902157747784278
5-18C,8.0,135.0453,0.013669619576091703,0.10771975315722615
5-18C,8.0,136.0404,0.3472597758488758,0.18825290587474922
5-18C,8.0,136.0487,0.3620887898262021,0.1204611996779898
5-18C,8.0,136.0767,0.2348732116382511,0.8674347821534171
5-18C,8.0,137.0239,0.4230515714602674,0.09909873248058233
5-18C,8.0,138.9789,1.1787094614960894,0.3137742831761981
5-18C,8.0,139.0014,3.495762536324598,0.28569041319723787
5-18C,8.0,139.0067,-0.5060229215517098,0.045285036138579586
5-18C,8.0,139.976,1.191283965358394,0.8759973002232647
5-18C,8.0,143.0713,-0.6728499123216496,0.24276196954457438
5-18C,8.0,143.1077,0.1461896835479263,0.49727786450096234
5-18C,8.0,145.0141,-0.00203778797249648,0.08539990156366603
5-18C,8.0,145.0506,0.12782193136169892,0.11969179502766739
5-18C,8.0,145.0623,-0.18762900944026975,0.30741257577454173
5-18C,8.0,145.0982,-0.7037204249046014,0.19846295927576044
5-18C,8.0,145.1106,-0.2380410556393059,0.4868876317899458
5-18C,8.0,146.0459,-0.35308683125495,0.014716904049094395
5-18C,8.0,147.0298,0.2929636116908292,0.06394769171029312
5-18C,8.0,147.0662,1.130440198184841,0.1026390690068993
5-18C,8.0,149.0092,-0.5322347212068705,0.40798483001235
5-18C,8.0,149.0456,-1.3886464874276547,0.03410947909460635
5-18C,8.0,149.0608,-0.44940063197297986,0.2850534731393918
5-18C,8.0,150.0422,1.235403501897457,0.14152259723705352
5-18C,8.0,150.9707,0.2756770488275226,0.5625897676445251
5-18C,8.0,151.0259,0.062562832637823,0.129314774873478
5-18C,8.0,151.04,-0.5988870410393998,0.44234605081155515
5-18C,8.0,151.06,-0.42344140177443257,0.9574903656926991
5-18C,8.0,152.0353,0.7438233422103367,0.5533625560082505
5-18C,8.0,152.0716,-0.580852469984126,0.19553672445446377
5-18C,8.0,153.0192,-0.17154649229611663,0.042289578061500105
5-18C,8.0,154.062,-0.5752858446396638,0.08445840356786802
5-18C,8.0,154.9751,2.1917333097931664,0.059070352345013226
5-18C,8.0,155.0099,0.3856453054701149,0.021916373982568974
5-18C,8.0,157.0128,2.417927754013385,0.3848211734775004
5-18C,8.0,157.0255,0.23672481070113033,0.0959557514241122
5-18C,8.0,157.0379,0.318611139507725,0.08776566850183656
5-18C,8.0,157.0504,0.5977452895493921,0.10233338898784994
5-18C,8.0,159.0297,-0.9057807682579758,0.28501213719719015
5-18C,8.0,159.0775,0.5112989830104946,0.08060518440561426
5-18C,8.0,160.0616,0.2931780527210687,0.33430137474385796
5-18C,8.0,161.0453,-1.6011496547255981,0.1596230939294694
5-18C,8.0,162.0424,0.6708054475309357,0.20487387727736525
5-18C,8.0,163.0351,-0.8118879607100487,0.2756786952305555
5-18C,8.0,163.0398,1.1794527962057653,0.1682507089319989
5-18C,8.0,163.0611,-1.108652744708726,0.5192553388328817
5-18C,8.0,164.0716,1.1670737475116972,0.24325455185824998
5-18C,8.0,165.03,0.35324929599511573,1.0812026072102567
5-18C,8.0,165.0405,-0.3012121554457421,0.7971944452295008
5-18C,8.0,165.0556,0.057189748754311126,0.12015245031051461
5-18C,8.0,166.0508,0.08005028417421907,0.05021596152842733
5-18C,8.0,166.0632,-0.09897588195700524,0.37770217859135613
5-18C,8.0,166.9759,1.0836788480896085,0.5540480913118719
5-18C,8.0,167.0207,-0.7404654585676431,0.3559567031938631
5-18C,8.0,167.0358,0.10755402649170062,0.3772422073540602
5-18C,8.0,167.0828,-0.44098313372670106,1.0731122273385365
5-18C,8.0,168.0277,-0.35421136923627233,0.03484396114673031
5-18C,8.0,168.0664,-0.9815971193178112,0.4846916108710316
5-18C,8.0,170.0455,0.7677265639025062,0.05819351910486173
5-18C,8.0,171.0065,0.9173168701704213,0.22868878726084693
5-18C,8.0,171.0092,0.5581789759853312,0.23707106968237052
5-18C,8.0,171.0284,1.9094021293248273,0.27765344096106265
5-18C,8.0,172.0616,0.530608540153978,0.16566182607992255
5-18C,8.0,172.962,1.112222694552862,0.17909497671018626
5-18C,8.0,173.0089,0.17752096173760035,0.23617240319497868
5-18C,8.0,173.0453,0.09956967590307358,0.16839826276245629
5-18C,8.0,173.0932,1.1786453427680612,0.04624675288902035
5-18C,8.0,173.1041,-0.6571607924743306,0.07075280505245038
5-18C,8.0,174.0407,0.1966834735324297,0.02714648150389683
5-18C,8.0,174.088,-0.40423346002012006,0.14967859870320793
5-18C,8.0,175.022,0.987028196974773,0.1487576007463576
5-18C,8.0,175.0361,0.6328735260560983,0.07285828596567345
5-18C,8.0,175.0611,0.04465385188416714,0.017789050616050787
5-18C,8.0,176.0776,0.008112319861210669,0.0896374808266991
5-18C,8.0,177.0402,-0.6828015934500071,0.4556720996158382
5-18C,8.0,177.0553,-0.9761304703348597,0.21225938241113212
5-18C,8.0,178.0509,0.6526164466595824,0.1052663096940503
5-18C,8.0,179.0348,0.7189533778976331,0.3317078344747306
5-18C,8.0,179.0561,-1.2950426197188418,0.012363745464772515
5-18C,8.0,180.0663,-1.369991007412649,0.0037613144783020555
5-18C,8.0,181.0505,0.25117771259807786,0.17834332645256462
5-18C,8.0,182.9725,-1.1652726360782217,0.10151730320163752
5-18C,8.0,183.0661,-0.8479121368542208,0.7573962181472411
5-18C,8.0,184.0017,-0.47462982313627444,0.041608839194861774
5-18C,8.0,184.9856,1.7249712687487246,0.4055461770449682
5-18C,8.0,186.1136,-0.4538911464648505,0.5878260617694172
5-18C,8.0,187.0234,1.1181450759846783,1.1432323984564534
5-18C,8.0,188.035,-0.6146720648647941,0.6285136172233629
5-18C,8.0,188.0565,-0.02086122376074774,0.024521642005320646
5-18C,8.0,189.0405,-0.84944860002986,0.11882811752490348
5-18C,8.0,191.0197,-0.494056962137055,0.11304393943638427
5-18C,8.0,191.0561,-0.15671724057715414,0.061055706551510006
5-18C,8.0,192.0663,-1.2387735386366328,0.5981857592203844
5-18C,8.0,193.0349,-0.8847309982990287,0.833239489047988
5-18C,8.0,194.0682,1.5285414419900356,0.2738390943334118
5-18C,8.0,194.0822,-0.6123723690161058,0.5730530781979039
5-18C,8.0,195.0509,-1.2031335412556814,0.014937037105985427
5-18C,8.0,195.0657,0.4605177018276254,0.24722395463144525
5-18C,8.0,196.0603,-0.16025514132624935,0.18770503280152642
5-18C,8.0,198.0182,1.4064213191575095,0.779712794643095
5-18C,8.0,199.0019,2.238594231733834,0.3681361732550408
5-18C,8.0,200.9937,-0.4034439931949182,0.13252324901549759
5-18C,8.0,201.0051,1.0425729128765477,0.6316955534894988
5-18C,8.0,203.0348,1.7440783323135314,0.320550075809348
5-18C,8.0,203.0826,-0.06342776726879097,0.009545671944079936
5-18C,8.0,204.0498,-1.1261004996905475,0.16025243913890977
5-18C,8.0,205.0351,-0.5376768668718639,0.10443344965234938
5-18C,8.0,206.0822,-0.8442719012805273,0.6901102066405876
5-18C,8.0,209.0292,2.1450614740816114,0.21995498061608804
5-18C,8.0,209.0814,-0.0009583722047464063,0.2426848768347421
5-18C,8.0,211.0235,1.3325523483312591,0.08792986131873878
5-18C,8.0,211.9968,0.5374858725823402,0.15824551881226656
5-18C,8.0,212.0331,0.07127777173570081,0.5187148892712938
5-18C,8.0,212.9807,1.9504539155259293,0.21061728994028134
5-18C,8.0,213.014,1.724395894102647,0.354573666767846
5-18C,8.0,213.0384,1.676009206901993,0.3508293660779557
5-18C,8.0,213.1252,-0.28464950076391127,0.8132180319965654
5-18C,8.0,214.0488,-0.5739716398725764,0.9330187111735826
5-18C,8.0,215.0331,-1.4245070668002227,0.006026731391781014
5-18C,8.0,216.1351,-1.3076586540756032,0.13009959845291613
5-18C,8.0,218.0335,-1.3859135299964138,0.004884519100249876
5-18C,8.0,218.1034,-0.1013690987048568,0.0812608859319949
5-18C,8.0,220.0828,-1.1243937991707729,0.4902493191581441
5-18C,8.0,221.0443,-1.2143081056429046,0.03729650945155864
5-18C,8.0,221.0664,-0.4110996288362354,0.38428858858608966
5-18C,8.0,225.0399,0.8650618606962442,1.1788495015728744
5-18C,8.0,225.0861,0.013949786341766529,0.45811177646455753
5-18C,8.0,225.0901,-0.7001871646256586,0.4719763874999662
5-18C,8.0,226.0135,0.645863543979535,0.1369343378974836
5-18C,8.0,226.0697,-0.8641277783161228,0.13882443076633139
5-18C,8.0,228.0501,0.4650911817697561,0.30217746430466913
5-18C,8.0,229.0122,0.6080772749758157,0.0659154629356422
5-18C,8.0,237.0614,0.8039707236703333,0.21830084373876665
5-18C,8.0,238.0945,-0.549316478323397,0.12816637346656923
5-18C,8.0,240.0515,0.0944302236946768,0.10551094828653092
5-18C,8.0,241.0844,0.5797541024221206,0.7721961879818469
5-18C,8.0,242.0804,-0.6087757052704157,0.5962728214882157
5-18C,8.0,243.029,2.6017592378874435,0.438113013313841
5-18C,8.0,243.0625,0.33707021551936994,0.38659043844096763
5-18C,8.0,245.0444,0.6135499651409533,0.40563206826653025
5-18C,8.0,246.0198,0.8165101036358724,0.2723507448001285
5-18C,8.0,246.064,-1.1591945260744692,0.020546146692993088
5-18C,8.0,251.0816,-0.31842068967031156,0.670621886136187
5-18C,8.0,253.0119,-0.107540673034875,0.05681690163175222
5-18C,8.0,253.0499,-1.1514402064705727,0.25834128052957184
5-18C,8.0,257.0072,1.6473600774155217,0.646411314612405
5-18C,8.0,257.1028,-0.6820888310565173,0.39229388095895207
5-18C,8.0,259.005,1.6477436276190796,0.3937463966691831
5-18C,8.0,259.0227,-1.284686849404147,0.07765285337193216
5-18C,8.0,261.0385,-0.30901682171836886,0.3585694185166251
5-18C,8.0,266.0703,0.5197777516678322,0.27837377027938903
5-18C,8.0,267.0724,0.1630496028367195,0.12698392963313773
5-18C,8.0,268.02,1.1383790323521086,0.8207298587453606
5-18C,8.0,269.0398,2.188409108691263,0.695669464524948
5-18C,8.0,271.0612,-0.7672118819908533,0.6254515951815857
5-18C,8.0,271.0815,-1.0394476478043702,0.4925835028607674
5-18C,8.0,273.0021,2.4622702182574665,0.33150382267720224
5-18C,8.0,274.0933,-0.1071041821109553,0.17623171366191098
5-18C,8.0,275.0184,-0.8150960092885737,0.2246065678414684
5-18C,8.0,275.0991,1.6160998783941287,0.5690706614397156
5-18C,8.0,277.1207,-1.101770469170206,0.01357347097693715
5-18C,8.0,277.2169,-0.30843032116465435,0.3535897679139415
5-18C,8.0,279.2331,-0.10660442501778528,0.04881861027614516
5-18C,8.0,282.0839,-0.887171872901146,0.12387933745885558
5-18C,8.0,283.2063,0.458420225697982,0.350707863981144
5-18C,8.0,285.0972,-0.5720783579509369,0.4350781851115425
5-18C,8.0,287.0157,-1.1551649347986428,0.46300960725632223
5-18C,8.0,288.0725,0.06093839392328372,0.17400172665893943
5-18C,8.0,289.0333,-0.027673875883902493,0.46713303330681716
5-18C,8.0,289.1044,-0.07038315005479479,0.2812861404090807
5-18C,8.0,290.9677,0.06357056788625767,0.14393121253301783
5-18C,8.0,294.0479,-1.1374133840413356,0.9660835962634633
5-18C,8.0,300.0509,-0.476328395237447,0.24140379948597676
5-18C,8.0,301.0333,0.8246309290835651,0.9714101545994491
5-18C,8.0,303.2326,-0.6090220819221017,0.07411418238432843
5-18C,8.0,305.0207,-1.3000624363982847,0.043766921309374936
5-18C,8.0,306.0481,0.4003539273310036,0.3043237479402362
5-18C,8.0,306.0765,0.27600369347256126,0.08065467645360351
5-18C,8.0,308.0986,-0.38726723137669583,0.044483535132646274
5-18C,8.0,313.0441,-0.24459000297200534,0.2156306310297652
5-18C,8.0,313.1037,-0.04872638812025683,0.5558843500160767
5-18C,8.0,317.026,0.37783533102786926,0.5214573714313334
5-18C,8.0,323.0256,1.0505592265416481,0.4244252202350724
5-18C,8.0,325.1163,-0.65351348795409,0.3293142234301677
5-18C,8.0,328.0457,0.27563550225803424,0.11714223105696697
5-18C,8.0,333.0589,0.7459123662793588,0.4357134568514421
5-18C,8.0,338.9884,0.9359810881004095,0.8112618699694261
5-18C,8.0,339.0928,-0.8144759551990067,0.370497489108178
5-18C,8.0,341.1089,-0.22413986713326814,0.24771099017857012
5-18C,8.0,344.0393,0.09413453136637923,0.23710310329130413
5-18C,8.0,346.0556,-0.033233560163325765,0.4192896566377265
5-18C,8.0,348.087,0.42219292947491066,0.3131296444648684
5-18C,8.0,353.0489,0.024355060607384876,0.3564872900236989
5-18C,8.0,357.089,0.2325198494444955,0.06431919125565612
5-18C,8.0,375.131,-0.15272171734211676,0.5899227111526114
5-18C,8.0,377.1496,-0.7280637709320468,0.5813854339227226
5-18C,8.0,383.1188,-1.076177424542319,0.36347296163883525
5-18C,8.0,388.9416,0.335337025029234,0.3853080259230108
5-18C,8.0,388.9442,-0.33932045645826475,0.3781751349601293
5-18C,8.0,401.0756,-1.1977882060002165,0.029555190123100122
5-18C,8.0,407.2795,-0.9141803944077476,0.11472837963207615
5-18C,8.0,421.0743,-0.1867418543633665,0.3759959303203255
5-18C,8.0,426.0222,-0.15981170106465953,0.19084560652838034
5-18C,8.0,442.9997,-0.2472103624624501,0.3623765274598887
5-18C,8.0,466.9657,-1.1614059928065568,0.11373714875616259
5-18C,8.0,490.9787,-0.043647180486115,0.6639869423864575
5-18C,8.0,503.1614,-0.2959332882265409,0.3951962484618663
5-18C,8.0,547.0731,0.8210295133578545,0.18446661782035595
5-18C,8.0,565.0471,0.42465409599702586,0.3477176724606123
5-18C,8.0,578.8872,-1.2122835166229509,0.018623941771300723
5-18C,8.0,579.0269,-0.9370217640215461,0.05044233104776983
5-18C,8.0,612.2549,1.0757268750914908,0.20422637428176915
5-18C,8.0,624.2949,0.4673214871239775,0.6294608080078826
5-18C,8.0,659.307,-0.4659580687410561,0.2024387534828323
5-18C,8.0,664.0939,0.8210945225908841,0.6836298811777702
5-18C,8.0,665.2144,0.30191217978006835,0.3108795841030178
5-18C,8.0,668.1374,0.7988456586074738,0.061300927908968746
5-18C,8.0,787.255,-1.0375500007741167,0.20821194119581984
5-18C,8.0,790.2568,-0.7093930349210025,0.2567193543160139
5-18C,8.0,835.0407,1.1137114251321685,0.4204971569164249
5-18C,8.0,863.2971,1.5787525888167298,0.1607835941071613
5-18C,8.0,864.1473,0.18764967432307983,0.3412848659337239
5-18C,8.0,974.2935,0.39437608829057197,1.033939796856378
5-18C,8.0,976.7162,-1.2320015488706746,0.060694971414179975
5-18C,9.0,57.0342,-1.3233508239150122,0.15679376543840176
5-18C,9.0,58.0295,0.027523571975076072,0.4064682448902359
5-18C,9.0,59.0135,-1.664134155304457,0.04671539832114157
5-18C,9.0,71.0137,-1.3793207630628939,0.06780263097416307
5-18C,9.0,73.0293,2.6511155371433723,0.15496943236913688
5-18C,9.0,74.0247,0.24100114863229616,0.3477812226039299
5-18C,9.0,75.0087,-0.12562263520899813,0.6386075928184943
5-18C,9.0,87.0088,2.7702032227682305,0.20281834819931777
5-18C,9.0,87.0451,-1.1175739490843406,0.11105965616928139
5-18C,9.0,88.0403,1.6159304340175558,0.14427484756683293
5-18C,9.0,88.9883,0.14209849041375266,0.7058921711688362
5-18C,9.0,89.0244,1.2598471914736722,0.05236814755943389
5-18C,9.0,93.0338,0.028029238643245045,0.024026546304041847
5-18C,9.0,94.9761,-1.2964193234242702,0.4193001351729976
5-18C,9.0,94.9806,1.4861991295366381,0.41708651617204323
5-18C,9.0,95.0139,-1.3307603357425661,0.05228713404447283
5-18C,9.0,101.0242,-1.1814968590585413,0.08027427465696989
5-18C,9.0,102.056,0.2568510274575112,0.1872357492815402
5-18C,9.0,103.0402,1.1682815851072708,0.03905836473466337
5-18C,9.0,103.0509,1.0241278762008867,0.10515357358067201
5-18C,9.0,104.0352,-0.5986522694113727,0.0710655509628666
5-18C,9.0,105.0193,-0.29330472686984005,0.5146241319187226
5-18C,9.0,107.0503,1.3248620013281525,0.6672513831822958
5-18C,9.0,109.0295,0.6513759704075985,0.14393296024711105
5-18C,9.0,111.02,0.11421752337321806,0.021642445573829393
5-18C,9.0,112.0516,0.17876938776870244,1.1153163909645838
5-18C,9.0,113.0244,-1.4100359758516647,0.005207870588936869
5-18C,9.0,113.0357,-0.07940401206510235,0.022014873056508105
5-18C,9.0,114.056,-0.23752314803501712,0.0010405293922165764
5-18C,9.0,115.0037,0.9796435244588362,0.06453058969448405
5-18C,9.0,115.0402,-0.3744011509074125,0.34084462673533217
5-18C,9.0,115.0764,0.7451096618707534,1.1048684473503882
5-18C,9.0,116.0354,1.072499805518701,0.11134531689915722
5-18C,9.0,116.0717,0.9230369818874107,0.0561739824130871
5-18C,9.0,117.0194,2.72567143268242,0.03548920415668017
5-18C,9.0,118.0508,1.9478088479179771,0.31569161618229996
5-18C,9.0,118.9804,-1.4095702897256843,0.007348698137825111
5-18C,9.0,119.0503,-0.5524786973415197,0.4526394183534893
5-18C,9.0,120.9273,-0.20975980628211327,0.0872957972404794
5-18C,9.0,121.0295,0.6226959569217906,0.5994023774029975
5-18C,9.0,121.0409,-0.6923330411727902,0.3378794565442944
5-18C,9.0,122.0248,-0.7826532378828104,0.30696253752204183
5-18C,9.0,124.0075,-0.3664666588301556,0.37423861724012353
5-18C,9.0,124.0144,-1.4452728116842941,0.10822793677088943
5-18C,9.0,125.0439,-1.362696455066425,0.09813766575546662
5-18C,9.0,127.0764,-0.7040196601050019,0.2503032319859241
5-18C,9.0,128.0354,-0.34456244220970333,0.006423480023234332
5-18C,9.0,129.0193,1.6073151982509206,0.18257849550329194
5-18C,9.0,129.0556,0.2215267030170336,0.7453388448637659
5-18C,9.0,130.0142,-0.35394679865284717,0.18344855183992112
5-18C,9.0,130.0509,0.48660215392758915,0.08209673006632483
5-18C,9.0,130.0874,1.377302808592964,0.03228680322527963
5-18C,9.0,131.0008,1.8247316309547061,0.1670742162321357
5-18C,9.0,131.0123,2.107918706665728,0.11225782359485806
5-18C,9.0,131.035,-1.605040331530439,0.10009565854388269
5-18C,9.0,131.0462,-1.7853028088554026,0.09028048926951387
5-18C,9.0,131.0828,-0.5321078314363941,0.10587368743600051
5-18C,9.0,132.0302,0.5482791361643959,0.04080358981918147
5-18C,9.0,133.0142,-0.14424262065020507,0.04259880923916994
5-18C,9.0,133.0257,-0.06399457027094,0.07576521616570438
5-18C,9.0,133.0505,1.356709903935435,0.018332665598111378
5-18C,9.0,134.0472,1.1921602752264648,0.21070916337329496
5-18C,9.0,134.0604,0.9665824193207118,0.5505197956385584
5-18C,9.0,135.0302,1.4995612612516915,0.14798427850238555
5-18C,9.0,135.0453,0.8908447356645068,0.085520264719793
5-18C,9.0,136.0404,0.31765717114979686,0.06629641652005287
5-18C,9.0,136.0487,0.8848581483098095,0.26002533831599284
5-18C,9.0,136.0767,0.22512711881166542,1.2825326470766705
5-18C,9.0,137.0239,0.38607410522105035,0.0178845984402817
5-18C,9.0,138.9789,0.4569704827270078,0.3206355889474596
5-18C,9.0,139.0014,3.6268798491109475,0.18018872822961876
5-18C,9.0,139.0067,-0.20670210743191778,0.055727958724725996
5-18C,9.0,139.976,1.327943500785386,0.4172097167666159
5-18C,9.0,143.0713,-0.496436174546536,0.7732694379943101
5-18C,9.0,143.1077,0.8460096648716868,0.6182432206777958
5-18C,9.0,145.0141,0.3994457395375588,0.15269047039137684
5-18C,9.0,145.0506,0.472595488922659,0.32745603885073654
5-18C,9.0,145.0623,-0.047387797122009176,0.19851861507555874
5-18C,9.0,145.0982,-0.729031254602533,0.1646101867970688
5-18C,9.0,145.1106,0.4165662230150844,0.8729776352204972
5-18C,9.0,146.0459,-0.030348251051195353,0.021627568052915526
5-18C,9.0,147.0298,0.3415804040763585,0.02433269125427715
5-18C,9.0,147.0662,0.8323555679685352,0.042144627076366646
5-18C,9.0,149.0092,0.26448340277245647,0.16863713387111998
5-18C,9.0,149.0456,-1.5311484227147734,0.16199279828325536
5-18C,9.0,149.0608,0.21104111396668726,0.5198226500808035
5-18C,9.0,150.0422,-0.044250708642833925,0.69953555240249
5-18C,9.0,150.9707,0.7580952646170473,0.2795334744166757
5-18C,9.0,151.0259,0.46531657497115747,0.09575430658183302
5-18C,9.0,151.04,0.542594001278106,0.9181339000233253
5-18C,9.0,151.06,-0.45689699507461917,0.5751532027940399
5-18C,9.0,152.0353,1.0694996974345696,0.2849365980203836
5-18C,9.0,152.0716,-0.7101329017658387,0.4094626064165079
5-18C,9.0,153.0192,-0.4654098428482131,0.037503844871318665
5-18C,9.0,154.062,-0.4936303855703861,0.07201890023686107
5-18C,9.0,154.9751,2.8806688660794517,0.12797130559155645
5-18C,9.0,155.0099,0.06922746502729904,0.021501178236986263
5-18C,9.0,157.0128,1.7314592272659208,0.17000459500097262
5-18C,9.0,157.0255,0.3263019042318866,0.030559530286256378
5-18C,9.0,157.0379,0.33659634337605604,0.013426136208638445
5-18C,9.0,157.0504,0.7945721148496266,0.12922344281725368
5-18C,9.0,159.0297,-1.1489882804604985,0.17003005303677607
5-18C,9.0,159.0775,0.952933630893897,0.18452134620468139
5-18C,9.0,160.0616,0.5596595696834007,0.4988534621986385
5-18C,9.0,161.0453,-2.031011272274627,0.039182105623097305
5-18C,9.0,162.0424,1.2455229627546647,0.2786357049926239
5-18C,9.0,163.0351,-0.8685750160572858,0.1135123387348799
5-18C,9.0,163.0398,0.6802100277243972,0.06183051214459222
5-18C,9.0,163.0611,-0.3005722557007462,1.0841080449315785
5-18C,9.0,164.0716,2.5009581984579414,0.16104331163744595
5-18C,9.0,165.03,-0.07903495621193624,0.6948254432371325
5-18C,9.0,165.0405,0.2318758175168753,0.4692720569675962
5-18C,9.0,165.0556,0.46012113437709473,0.13418143808108196
5-18C,9.0,166.0508,0.34266983900184333,0.35880224510779607
5-18C,9.0,166.0632,-0.38047857429126397,0.6047328075862071
5-18C,9.0,166.9759,1.3105078203611902,0.2855465157020409
5-18C,9.0,167.0207,-0.6905512239488427,0.21668222532855883
5-18C,9.0,167.0358,0.768248788587379,0.6910113876940869
5-18C,9.0,167.0828,0.330390783158701,0.693406265396365
5-18C,9.0,168.0277,0.04276218633162277,0.025248250529010276
5-18C,9.0,168.0664,-1.2605932070348327,0.2941168352935863
5-18C,9.0,170.0455,1.214502205957667,0.10501442295513018
5-18C,9.0,171.0065,1.0548804386804533,0.16714474207299557
5-18C,9.0,171.0092,1.0376998961718802,0.19565454405581253
5-18C,9.0,171.0284,1.5439632519289965,0.23794649302379892
5-18C,9.0,172.0616,0.185479789830512,0.13055882427208915
5-18C,9.0,172.962,1.4921437146626193,0.1832160451079243
5-18C,9.0,173.0089,0.4670889377489899,0.14320287726197467
5-18C,9.0,173.0453,0.5597650037085825,0.2352036578330807
5-18C,9.0,173.0932,1.9204069967336426,0.0974536873573226
5-18C,9.0,173.1041,-0.32966658612625954,0.1424013848460458
5-18C,9.0,174.0407,0.2711532012747274,0.00669651292269403
5-18C,9.0,174.088,-0.39502311160226367,0.1261120920315727
5-18C,9.0,175.022,1.7204358509867295,0.41092127340716356
5-18C,9.0,175.0361,0.834578407671884,0.020676615273056267
5-18C,9.0,175.0611,0.11377142148948022,0.03471958500821465
5-18C,9.0,176.0776,0.23419391752173047,0.25187559941262666
5-18C,9.0,177.0402,-0.890693585219219,0.27039199723877994
5-18C,9.0,177.0553,-0.78317753778538,0.4994445716953873
5-18C,9.0,178.0509,1.1136570227237126,0.04715072230129079
5-18C,9.0,179.0348,0.6797698737932059,0.45625798329326506
5-18C,9.0,179.0561,-1.435926535832897,0.0030092840275519864
5-18C,9.0,180.0663,-1.38934889408837,0.0163293907190429
5-18C,9.0,181.0505,0.6375840433765447,0.136986744267145
5-18C,9.0,182.9725,-1.2367512625975174,0.10611812907533755
5-18C,9.0,183.0661,-0.7232945603893498,0.2708037223162309
5-18C,9.0,184.0017,-0.07115989257657572,0.07320347034347485
5-18C,9.0,184.9856,1.8330390036173405,0.1323726164460393
5-18C,9.0,186.1136,-0.5613344299797383,0.39433362392855104
5-18C,9.0,187.0234,0.3316294002870283,0.6802272441535601
5-18C,9.0,188.035,-0.0031334858964585655,0.8439087375902735
5-18C,9.0,188.0565,0.1285493933465175,0.03962908568725288
5-18C,9.0,189.0405,-0.8485900974906067,0.10890917151564712
5-18C,9.0,191.0197,-0.35455774390161554,0.2098177204184556
5-18C,9.0,191.0561,-0.15850365255076182,0.0976970768709214
5-18C,9.0,192.0663,-0.8802105388918364,0.2533146034644052
5-18C,9.0,193.0349,-0.2562763089612659,0.45384096101552024
5-18C,9.0,194.0682,1.6890057568699288,0.3745685349295158
5-18C,9.0,194.0822,-0.9937061181621285,0.5066891027665121
5-18C,9.0,195.0509,-1.1866865874871286,0.01980073079480362
5-18C,9.0,195.0657,0.5815557603160656,0.8208084444116913
5-18C,9.0,196.0603,0.26272627506243473,0.14723241619378502
5-18C,9.0,198.0182,2.269818117626155,0.23282491771519004
5-18C,9.0,199.0019,1.508917689720562,0.4705457866195343
5-18C,9.0,200.9937,-0.4730636263519269,0.2300304810586913
5-18C,9.0,201.0051,1.5085911766446474,0.23624084765587086
5-18C,9.0,203.0348,0.5849354816259419,0.10526464037697017
5-18C,9.0,203.0826,-0.010415848878559864,0.01322128803683415
5-18C,9.0,204.0498,-1.1290906597035761,0.2587222296139504
5-18C,9.0,205.0351,-0.5000996305443113,0.11781548064647385
5-18C,9.0,206.0822,-0.5196104396649565,0.44943555945277547
5-18C,9.0,209.0292,2.273556890112342,0.5041875306692857
5-18C,9.0,209.0814,-0.47926886641392435,0.8176819694225426
5-18C,9.0,211.0235,1.2526310812226424,0.27775384694058647
5-18C,9.0,211.9968,0.9742661917093278,0.22274505735876882
5-18C,9.0,212.0331,0.31393818722990563,0.38251883982086227
5-18C,9.0,212.9807,2.7508568477858146,0.29530353397807846
5-18C,9.0,213.014,1.3422621781026205,0.1084321272395705
5-18C,9.0,213.0384,1.2493761763718854,0.3692960268676283
5-18C,9.0,213.1252,0.008691414846308282,0.6206559253226949
5-18C,9.0,214.0488,0.4327401105080708,0.673356162478625
5-18C,9.0,215.0331,-1.5566786015432394,0.002305877927021988
5-18C,9.0,216.1351,-1.216555606162923,0.09374748063330293
5-18C,9.0,218.0335,-1.501359751621648,0.004243488721873699
5-18C,9.0,218.1034,-0.10493901533132763,0.033627648847519925
5-18C,9.0,220.0828,-0.5500605452190211,0.634748390147852
5-18C,9.0,221.0443,-1.2296615171743261,0.06552930229413896
5-18C,9.0,221.0664,0.1453526016129611,0.5550015478058264
5-18C,9.0,225.0399,1.3831301908489344,1.2922180287031388
5-18C,9.0,225.0861,0.9026433509801538,0.3125501092061722
5-18C,9.0,225.0901,0.7662988967929039,0.5275681772952314
5-18C,9.0,226.0135,1.1110550822198455,0.3583280330576115
5-18C,9.0,226.0697,-0.762043162936958,0.2872613598900785
5-18C,9.0,228.0501,0.9134107209035478,0.27714665956108925
5-18C,9.0,229.0122,1.1551382273527446,0.25183703477672803
5-18C,9.0,237.0614,1.1662048924181947,0.35001217155922076
5-18C,9.0,238.0945,-0.8722608854280302,0.09672115968322628
5-18C,9.0,240.0515,0.3524853611390094,0.03763012643057563
5-18C,9.0,241.0844,0.2315882042181664,0.3266108436115487
5-18C,9.0,242.0804,-0.7319477886732071,0.8554310598513495
5-18C,9.0,243.029,1.8799498755374824,0.45823534021558504
5-18C,9.0,243.0625,1.3108261259049898,0.23743653974970547
5-18C,9.0,245.0444,1.0648391597956879,0.5796942431337236
5-18C,9.0,246.0198,0.7081048104040153,0.29042648371435037
5-18C,9.0,246.064,-1.214229843144955,0.014050446248001829
5-18C,9.0,251.0816,-0.46272633537610464,0.5864844795776795
5-18C,9.0,253.0119,-0.04692141504188556,0.025570080326625406
5-18C,9.0,253.0499,-0.7180402832982888,0.4990562778594832
5-18C,9.0,257.0072,1.7887548305394825,0.6603771810505389
5-18C,9.0,257.1028,-0.8443949758902176,0.6302841306911688
5-18C,9.0,259.005,1.9245996610612928,0.6138552395072359
5-18C,9.0,259.0227,-1.2302720412089376,0.10114012758839408
5-18C,9.0,261.0385,0.44308215346773316,0.13107463726607113
5-18C,9.0,266.0703,0.39634984734018586,0.11219857964722443
5-18C,9.0,267.0724,-0.6577969541436708,0.035602347044396604
5-18C,9.0,268.02,1.4217763905513148,0.5027464815552253
5-18C,9.0,269.0398,2.440637917118692,0.24560362303705452
5-18C,9.0,271.0612,-0.3991415364170719,0.20456767793787695
5-18C,9.0,271.0815,-0.9573083386549133,0.8096214591136341
5-18C,9.0,273.0021,3.077070780675588,0.38893257886961535
5-18C,9.0,274.0933,-0.1732344242158665,0.18066573350028373
5-18C,9.0,275.0184,0.2522530268558444,0.3098295361362281
5-18C,9.0,275.0991,0.3652977572672155,0.2975314593304271
5-18C,9.0,277.1207,-1.1300367352013894,0.018835174953283722
5-18C,9.0,277.2169,-0.43051741782444836,0.2786945752027098
5-18C,9.0,279.2331,-0.2677360989221347,0.022972952326126964
5-18C,9.0,282.0839,-1.249683423727737,0.22251487997551442
5-18C,9.0,283.2063,-0.14323387407850893,0.1937062190637176
5-18C,9.0,285.0972,-0.8237512269687053,0.2523290894126611
5-18C,9.0,287.0157,-0.7256173246415293,0.26761831572008143
5-18C,9.0,288.0725,0.17813904523868998,0.103542241278287
5-18C,9.0,289.0333,0.7362866977870289,0.6505041589646301
5-18C,9.0,289.1044,0.47065904675032966,0.25142251401535004
5-18C,9.0,290.9677,0.2410522081768802,0.2601222339416529
5-18C,9.0,294.0479,-1.3592099550672587,1.1326014386551948
5-18C,9.0,300.0509,1.0675517882454777,1.0922928122477311
5-18C,9.0,301.0333,-0.05929448486487174,0.5349091873532162
5-18C,9.0,303.2326,-0.2909519431611621,0.1054916008881962
5-18C,9.0,305.0207,-1.2767225861719003,0.07926221877355553
5-18C,9.0,306.0481,0.7627965952503308,0.1760391435829905
5-18C,9.0,306.0765,1.4809620120908638,0.21320210681408955
5-18C,9.0,308.0986,-0.3601296901568575,0.015080460878138028
5-18C,9.0,313.0441,-0.15486346244621166,0.22925386879157483
5-18C,9.0,313.1037,0.5638598325010082,0.35238230514890595
5-18C,9.0,317.026,-0.22191109118043267,0.49656545734249974
5-18C,9.0,323.0256,-0.06966436536729889,0.3174507599676694
5-18C,9.0,325.1163,-0.3821619585286987,0.45713208031769903
5-18C,9.0,328.0457,0.6729782647174385,0.11451565453257988
5-18C,9.0,333.0589,1.4802872121882156,0.27616993305440346
5-18C,9.0,338.9884,0.9156126137233034,0.47672785770548404
5-18C,9.0,339.0928,-1.6706378999259104,0.47657987372906746
5-18C,9.0,341.1089,-0.05679984231207921,0.12685131529063268
5-18C,9.0,344.0393,0.856639054096745,0.6423098396200477
5-18C,9.0,346.0556,-0.10312811028700773,0.12720897157677694
5-18C,9.0,348.087,0.9259292506930259,0.40928198087036444
5-18C,9.0,353.0489,0.23379910623802475,0.5952001935448272
5-18C,9.0,357.089,0.46778799138798655,0.1135735569311877
5-18C,9.0,375.131,0.702010372447483,0.6723715418293368
5-18C,9.0,377.1496,-1.1710878052132956,0.27179800850180813
5-18C,9.0,383.1188,0.07303763397873103,0.4707278831263685
5-18C,9.0,388.9416,1.2383630787901563,0.19635700193716754
5-18C,9.0,388.9442,1.014472321659349,0.2784828642447869
5-18C,9.0,401.0756,-1.1740022217859265,0.0384640675012375
5-18C,9.0,407.2795,-1.0400189590574604,0.34206653005305887
5-18C,9.0,421.0743,0.004053317023569036,0.8200396623139323
5-18C,9.0,426.0222,0.43672275112336234,0.27489928274201453
5-18C,9.0,442.9997,-0.24950526125310885,0.2084284790262469
5-18C,9.0,466.9657,-1.1599075124870313,0.1610562843593945
5-18C,9.0,490.9787,-0.20987768842376128,0.6933171375021389
5-18C,9.0,503.1614,0.7524418275374831,0.3810538938806827
5-18C,9.0,547.0731,1.6895262793597583,0.23669526655970502
5-18C,9.0,565.0471,0.9338774740925407,0.30488773081158155
5-18C,9.0,578.8872,-1.2749524468093862,0.008817163283316123
5-18C,9.0,579.0269,-0.9825895789624746,0.09687314533145948
5-18C,9.0,612.2549,0.9007539821604351,0.36164329523308164
5-18C,9.0,624.2949,1.62707273933588,0.7134431011236118
5-18C,9.0,659.307,-0.9692720324767736,0.09543130026958296
5-18C,9.0,664.0939,0.21840305323098247,0.25358972539532687
5-18C,9.0,665.2144,1.7476474627914842,0.3159445154291978
5-18C,9.0,668.1374,0.8584101509404951,0.022906738307120866
5-18C,9.0,787.255,-0.8049416894441495,0.2795927965461281
5-18C,9.0,790.2568,-0.8966882540836169,0.08798288112170781
5-18C,9.0,835.0407,0.5816186483446862,0.4399157666816769
5-18C,9.0,863.2971,1.420689558476754,0.23497930683518573
5-18C,9.0,864.1473,0.22285994160216246,0.2070498308975091
5-18C,9.0,974.2935,0.5965825475567936,0.22118173526298615
5-18C,9.0,976.7162,-1.4092555955420623,0.0920098755165362
5-18C,10.0,57.0342,-1.3143598622866315,0.26271724909451677
5-18C,10.0,58.0295,0.39763620055790283,0.27395818525900173
5-18C,10.0,59.0135,-0.8664511912419801,0.1809329183842778
5-18C,10.0,71.0137,-1.1286223062972327,0.051418126230491426
5-18C,10.0,73.0293,2.517126006361323,0.13035128831857254
5-18C,10.0,74.0247,1.1188395504037567,0.6096681772596719
5-18C,10.0,75.0087,-0.4498124489940064,0.417083082584624
5-18C,10.0,87.0088,-0.0611101906810708,0.05374254461453125
5-18C,10.0,87.0451,-1.7673651710164457,0.4468158915614907
5-18C,10.0,88.0403,2.5162033850608463,0.1413066313678986
5-18C,10.0,88.9883,0.24002463307386085,0.8246947099834592
5-18C,10.0,89.0244,-1.860239574940143,0.021993560027991174
5-18C,10.0,93.0338,0.020809543737356787,0.007575305272299849
5-18C,10.0,94.9761,-1.5080439065946467,0.30148214132863926
5-18C,10.0,94.9806,1.4705399483104689,0.3473509636175234
5-18C,10.0,95.0139,-1.4761650433421,0.024326343629932072
5-18C,10.0,101.0242,-1.732485805761613,0.08848612055869123
5-18C,10.0,102.056,4.344911573623582,0.1556433343984604
5-18C,10.0,103.0402,0.42650668346775755,0.07728691555269074
5-18C,10.0,103.0509,0.4826304831416968,0.08550290525709574
5-18C,10.0,104.0352,-0.5856796033382909,0.25634346142466014
5-18C,10.0,105.0193,-0.7659946816287568,0.40380129061474074
5-18C,10.0,107.0503,0.8408193923441164,0.19369615703354415
5-18C,10.0,109.0295,0.3025596430310882,0.1352639097223618
5-18C,10.0,111.02,0.629832272241281,0.06997545828712154
5-18C,10.0,112.0516,1.0861532516602534,1.126626238885724
5-18C,10.0,113.0244,-1.4463011534937587,0.006796849456247401
5-18C,10.0,113.0357,0.16323327127519444,0.07813469607867082
5-18C,10.0,114.056,-0.23296366761177484,0.0027964613895958778
5-18C,10.0,115.0037,3.6664359980528474,0.3031038699955258
5-18C,10.0,115.0402,-0.9941281669608114,0.49324018648357193
5-18C,10.0,115.0764,0.005640654080758617,0.23887171210338487
5-18C,10.0,116.0354,2.20348724766861,0.2676688381246021
5-18C,10.0,116.0717,1.7949204621578991,0.06646677428853884
5-18C,10.0,117.0194,2.574521512765903,0.1526689703921738
5-18C,10.0,118.0508,2.3942132491289714,0.10548724508849736
5-18C,10.0,118.9804,-1.4194109603890723,0.003963145271844134
5-18C,10.0,119.0503,-0.38612165405946075,0.2906510486313752
5-18C,10.0,120.9273,-0.12084040419451914,0.057139418064506856
5-18C,10.0,121.0295,0.5938240303485125,0.545106682733858
5-18C,10.0,121.0409,-0.7748024699521212,0.1554852396938151
5-18C,10.0,122.0248,-1.096564169607981,0.19560468212741994
5-18C,10.0,124.0075,-0.602753282587825,0.200945907269168
5-18C,10.0,124.0144,-1.5610484365558408,0.12559059888814483
5-18C,10.0,125.0439,-1.5748043345104081,0.12237844435152631
5-18C,10.0,127.0764,-0.4671746747004406,0.1852871429642905
5-18C,10.0,128.0354,0.23846191504127667,0.03086782265189623
5-18C,10.0,129.0193,3.070211481141567,0.18050989198195636
5-18C,10.0,129.0556,0.07242859761102494,0.9496264691550697
5-18C,10.0,130.0142,0.06321350829713696,0.3827473296260736
5-18C,10.0,130.0509,1.2462550085319068,0.10406460697899345
5-18C,10.0,130.0874,3.1652669628807013,0.112248233028226
5-18C,10.0,131.0008,-0.49909804579981476,0.30295582169758045
5-18C,10.0,131.0123,-0.3827990941022239,0.06184860876365615
5-18C,10.0,131.035,-1.674816966594653,0.08275051410931789
5-18C,10.0,131.0462,-1.9294608388519834,0.11142956993715827
5-18C,10.0,131.0828,-0.37576596956747665,0.12188569306091356
5-18C,10.0,132.0302,1.1138726073231846,0.07406755815930703
5-18C,10.0,133.0142,1.5289992560873384,0.18990267715445205
5-18C,10.0,133.0257,1.5598046933456435,0.07764874307763625
5-18C,10.0,133.0505,1.0981718878021338,0.09574739089627728
5-18C,10.0,134.0472,1.7820923544683258,0.3642962062244763
5-18C,10.0,134.0604,0.9056945657411806,0.2130495264758921
5-18C,10.0,135.0302,3.793583360528007,0.1208958002074617
5-18C,10.0,135.0453,1.2442132458339876,0.06363123820443732
5-18C,10.0,136.0404,-0.06687229297474258,0.13632472611009464
5-18C,10.0,136.0487,0.8950540045922912,0.06501592980761475
5-18C,10.0,136.0767,0.9833731407200323,1.3656936879345947
5-18C,10.0,137.0239,-0.1286493815190391,0.10724995330718445
5-18C,10.0,138.9789,0.9021859549348072,0.2251660749652364
5-18C,10.0,139.0014,3.1525837269768378,0.19368898777850813
5-18C,10.0,139.0067,-0.5413998486822424,0.01699359180868747
5-18C,10.0,139.976,1.2937152312443025,0.3124755919510872
5-18C,10.0,143.0713,-0.8308552600680555,0.4142836146703217
5-18C,10.0,143.1077,0.6782786177350565,0.2810019994775373
5-18C,10.0,145.0141,0.5739095666067057,0.19956718153944866
5-18C,10.0,145.0506,1.1156881670973082,0.13369006659684654
5-18C,10.0,145.0623,0.42577731299427507,0.21627854122278228
5-18C,10.0,145.0982,-0.7050184161711619,0.06706593510699319
5-18C,10.0,145.1106,0.6690772068146815,0.5740454979356981
5-18C,10.0,146.0459,4.761270681764296,0.270253145743783
5-18C,10.0,147.0298,0.5549238875068885,0.12149999440525278
5-18C,10.0,147.0662,0.2467215231568736,0.06911014964019271
5-18C,10.0,149.0092,-1.1169577941574227,0.5484013764410002
5-18C,10.0,149.0456,-1.5210616893435467,0.06596413581434833
5-18C,10.0,149.0608,0.3808689914940302,0.6045908340429178
5-18C,10.0,150.0422,0.6553112923475533,0.6227500599875141
5-18C,10.0,150.9707,0.9778268492061117,1.4091323124616917
5-18C,10.0,151.0259,2.339562881805886,0.19146913641766827
5-18C,10.0,151.04,0.6288838119304974,0.33655058514576575
5-18C,10.0,151.06,-0.04247932322714658,0.2501252451393856
5-18C,10.0,152.0353,1.180430864766123,0.5372951710482862
5-18C,10.0,152.0716,-0.8924446943396417,0.2730225168308868
5-18C,10.0,153.0192,-0.7917585836412423,0.04336034419905279
5-18C,10.0,154.062,-0.36205170876844295,0.12480817762225421
5-18C,10.0,154.9751,2.8005331125886745,0.2513968417830612
5-18C,10.0,155.0099,0.5081333624380793,0.057294475195791346
5-18C,10.0,157.0128,-0.3065197194127137,0.08531017787869828
5-18C,10.0,157.0255,0.6523396304019118,0.08176813951270874
5-18C,10.0,157.0379,0.5342292086110112,0.0975520698983636
5-18C,10.0,157.0504,0.552114426022047,0.09413213775110933
5-18C,10.0,159.0297,-1.6199536473280884,0.05769907126901034
5-18C,10.0,159.0775,2.61899705079882,0.2789259634214869
5-18C,10.0,160.0616,0.7618664954065786,0.38541832264811376
5-18C,10.0,161.0453,-2.134230157362283,0.04526829315785244
5-18C,10.0,162.0424,1.8873312708948062,0.3053500888307641
5-18C,10.0,163.0351,-1.098074415075954,0.07419784599534093
5-18C,10.0,163.0398,0.43241209842434114,0.11754456953845091
5-18C,10.0,163.0611,-0.6644417254144099,0.7988047670321212
5-18C,10.0,164.0716,4.992478526010604,0.2009509256285655
5-18C,10.0,165.03,-0.9272825245733249,0.6139281238231941
5-18C,10.0,165.0405,-0.2272080139206653,0.5374275605651065
5-18C,10.0,165.0556,0.35058995725911113,0.20699460512853485
5-18C,10.0,166.0508,0.2358298626284004,0.20558688390944824
5-18C,10.0,166.0632,-0.5918195013628806,0.9398747776344019
5-18C,10.0,166.9759,2.7543071708367344,0.19452332654677623
5-18C,10.0,167.0207,-0.45429051341985427,0.27152573481902914
5-18C,10.0,167.0358,-0.0986541312873172,0.4471879844633118
5-18C,10.0,167.0828,-0.7834558671338054,0.4303066991125369
5-18C,10.0,168.0277,4.52257908524242,0.16950381730269207
5-18C,10.0,168.0664,-1.0336133390616626,0.6569455095797252
5-18C,10.0,170.0455,2.3820897767027143,0.20082842148156324
5-18C,10.0,171.0065,2.9214450985927196,0.3158642539174486
5-18C,10.0,171.0092,2.9180105734865016,1.5859819331981952
5-18C,10.0,171.0284,-0.27921139672632156,0.11591881908610163
5-18C,10.0,172.0616,0.18030932166087205,0.1489832136885851
5-18C,10.0,172.962,3.707570682543419,0.6233265502434577
5-18C,10.0,173.0089,4.335385263374098,0.6193545526319252
5-18C,10.0,173.0453,0.9586450661750396,0.17657444326580032
5-18C,10.0,173.0932,2.400550817269404,0.11383911204870271
5-18C,10.0,173.1041,-0.13415819138829468,0.052529572246663526
5-18C,10.0,174.0407,0.49739115088546404,0.058938672057431155
5-18C,10.0,174.088,0.3212585999710321,0.08909208242525382
5-18C,10.0,175.022,1.6337408199324526,0.3733173216944706
5-18C,10.0,175.0361,1.0587709311259093,0.12629345286097002
5-18C,10.0,175.0611,0.10199370906028762,0.06144256815892209
5-18C,10.0,176.0776,0.07774545194065076,0.24868304339758562
5-18C,10.0,177.0402,-1.2117333495579037,0.2415848078994403
5-18C,10.0,177.0553,-1.0721408667242143,0.25082464385664716
5-18C,10.0,178.0509,1.1198065001078696,0.18919219077284305
5-18C,10.0,179.0348,0.436552266173582,0.2468508928002911
5-18C,10.0,179.0561,-1.4436987911479715,0.00222825999452969
5-18C,10.0,180.0663,-1.2197581866123126,0.01448331453387055
5-18C,10.0,181.0505,0.4312021907574346,0.06354604060972403
5-18C,10.0,182.9725,-1.1901656900899167,0.147859763161189
5-18C,10.0,183.0661,-1.4806409205096691,0.8743300696333686
5-18C,10.0,184.0017,5.255455634322155,0.4292935744411262
5-18C,10.0,184.9856,0.8569929262642284,0.10058696903926277
5-18C,10.0,186.1136,-0.42399878937146973,1.2319052842430478
5-18C,10.0,187.0234,-0.5085123442081886,0.2266722439309708
5-18C,10.0,188.035,-0.01393805442946805,0.7656366610265724
5-18C,10.0,188.0565,0.4854123143351998,0.02866449305030194
5-18C,10.0,189.0405,-0.8927039202768606,0.10950767890261487
5-18C,10.0,191.0197,4.061462522098141,0.5397827986414635
5-18C,10.0,191.0561,0.024629094915075374,0.07105105894541903
5-18C,10.0,192.0663,-0.8467624978708668,0.5844294998375841
5-18C,10.0,193.0349,0.02796253393423675,0.4772262556867345
5-18C,10.0,194.0682,0.8107704697652448,0.19493927588968477
5-18C,10.0,194.0822,-1.3206362524299853,0.14364778536486
5-18C,10.0,195.0509,-1.2658375524982883,0.02241007471846636
5-18C,10.0,195.0657,-0.7805022242222605,0.260718453241899
5-18C,10.0,196.0603,0.49547975875803596,0.186054159353839
5-18C,10.0,198.0182,1.859599346061052,0.25817315135450397
5-18C,10.0,199.0019,0.07782892062247307,0.3240945047882168
5-18C,10.0,200.9937,-0.5426832595089356,0.22063138101676932
5-18C,10.0,201.0051,1.2948213308794643,0.8820377065975241
5-18C,10.0,203.0348,-1.3111523002401038,0.15416079474300817
5-18C,10.0,203.0826,0.0954118709585122,0.021175142084159597
5-18C,10.0,204.0498,-1.33370303773797,0.12322009542283834
5-18C,10.0,205.0351,-0.23031688635626135,0.1192620535518858
5-18C,10.0,206.0822,-0.4034846775757598,0.3750814607955805
5-18C,10.0,209.0292,-0.9484484883266702,0.09841884423408291
5-18C,10.0,209.0814,-0.8531055847230282,0.07685334348604098
5-18C,10.0,211.0235,-0.008880655893009369,0.21746626543685169
5-18C,10.0,211.9968,0.9605014773819645,0.2542438094931276
5-18C,10.0,212.0331,0.5581508015439027,0.2795916600510071
5-18C,10.0,212.9807,2.9481851990560797,0.2396994797119635
5-18C,10.0,213.014,-0.811950015990844,0.3545154282135925
5-18C,10.0,213.0384,-0.628571002657963,0.07755237534772794
5-18C,10.0,213.1252,-1.1029633354692492,0.3717937478178589
5-18C,10.0,214.0488,0.24223389385617752,0.36355265406653425
5-18C,10.0,215.0331,-1.5623265815821226,0.00040882436958746785
5-18C,10.0,216.1351,-1.1475867494684646,0.1597352294689708
5-18C,10.0,218.0335,-1.5069667700542604,0.0016554081480428626
5-18C,10.0,218.1034,-0.3918332472705045,0.06614524978985643
5-18C,10.0,220.0828,-0.8309571585054674,0.7981170017903739
5-18C,10.0,221.0443,-1.1430093863394541,0.09505334496738276
5-18C,10.0,221.0664,-0.9803055246518628,0.1917252472778359
5-18C,10.0,225.0399,-0.029540668175669308,0.29227230596875875
5-18C,10.0,225.0861,0.6001926899199665,0.4449717769693195
5-18C,10.0,225.0901,-0.9835759371145854,0.11261633010682098
5-18C,10.0,226.0135,1.5344215080310466,0.19965673269161013
5-18C,10.0,226.0697,-1.5003259931474573,0.13680413990051143
5-18C,10.0,228.0501,1.9803849681392411,0.2684264134461753
5-18C,10.0,229.0122,0.12282751931474226,0.1085702485431246
5-18C,10.0,237.0614,1.498960694330023,0.484593940925803
5-18C,10.0,238.0945,-0.5236029560303156,0.22755550918270262
5-18C,10.0,240.0515,0.48647572852925214,0.13282440821890162
5-18C,10.0,241.0844,0.836964455484999,0.3699695608827312
5-18C,10.0,242.0804,-0.6430235528507039,1.0219725909789699
5-18C,10.0,243.029,0.039544015770543436,0.20848881239911857
5-18C,10.0,243.0625,0.5073555771435664,0.7976383705313955
5-18C,10.0,245.0444,0.042685604311278255,0.37954164005712
5-18C,10.0,246.0198,0.7501915713057952,0.42017473110120795
5-18C,10.0,246.064,-1.2420617415295863,0.005102131607080749
5-18C,10.0,251.0816,-0.22026948125503537,0.4992169709040771
5-18C,10.0,253.0119,-0.10315347551833295,0.011241402152526997
5-18C,10.0,253.0499,-0.3939783346649096,0.4983719488315659
5-18C,10.0,257.0072,2.3690764239297666,0.2742701560940594
5-18C,10.0,257.1028,-0.7337316953217856,0.34272245225313297
5-18C,10.0,259.005,0.4655998257337196,0.878172367508509
5-18C,10.0,259.0227,-1.3055482906157154,0.0811509652833035
5-18C,10.0,261.0385,0.209904270473778,0.34545468572437765
5-18C,10.0,266.0703,0.7452298774917412,0.2563233549092305
5-18C,10.0,267.0724,-0.7357589643700608,0.0011350651705767279
5-18C,10.0,268.02,0.9109466986712331,0.44445272505775313
5-18C,10.0,269.0398,-0.367789378764683,0.14030877520777116
5-18C,10.0,271.0612,0.017845775667325578,0.32485039638902946
5-18C,10.0,271.0815,-0.8059990849585452,0.5685306614292658
5-18C,10.0,273.0021,3.2866879500448265,0.4077235770144844
5-18C,10.0,274.0933,0.3138712615325037,0.19741283433852658
5-18C,10.0,275.0184,0.02573940091980821,0.40063912350772457
5-18C,10.0,275.0991,-0.29064614578887504,0.21997207163828217
5-18C,10.0,277.1207,-1.112986643973525,0.009437403802836895
5-18C,10.0,277.2169,-0.03969895222911438,0.28228893155948154
5-18C,10.0,279.2331,-0.24333347934437877,0.013162007274040387
5-18C,10.0,282.0839,-1.1400160638138104,0.35028875952810545
5-18C,10.0,283.2063,-0.04881145647405707,0.19261563851006577
5-18C,10.0,285.0972,-0.10937101519588968,0.5936085671781577
5-18C,10.0,287.0157,-1.0241469311434788,0.1929650631286488
5-18C,10.0,288.0725,0.4007909091411409,0.036847183991371935
5-18C,10.0,289.0333,0.2890725858752977,0.27714654413187884
5-18C,10.0,289.1044,1.0674278844258644,0.48605337581065594
5-18C,10.0,290.9677,0.2153451339748781,0.12531868651819095
5-18C,10.0,294.0479,-0.4434661725482112,0.3269238855261145
5-18C,10.0,300.0509,0.5673403749228121,0.8477218189790131
5-18C,10.0,301.0333,0.46978074279211696,0.6330455988426766
5-18C,10.0,303.2326,0.04193274464950768,0.26968190751141025
5-18C,10.0,305.0207,-1.3248610272638184,0.08646975149139595
5-18C,10.0,306.0481,1.2529212278490052,0.2763260187731486
5-18C,10.0,306.0765,-0.2696105717503216,0.0232782897828244
5-18C,10.0,308.0986,-0.4073885286555954,0.02779270917903716
5-18C,10.0,313.0441,-0.3436481037124816,0.2695545370595584
5-18C,10.0,313.1037,2.55049002252892,0.3024565327114233
5-18C,10.0,317.026,-0.5164650435510288,0.4593581076352734
5-18C,10.0,323.0256,0.36795219641349175,0.22163455680754443
5-18C,10.0,325.1163,0.44116960511244563,0.14287947595243494
5-18C,10.0,328.0457,1.1934217128436952,0.15728860117005172
5-18C,10.0,333.0589,0.9354421330930187,0.38700668986969966
5-18C,10.0,338.9884,0.7872026665632865,0.38402897929188634
5-18C,10.0,339.0928,-0.8519657348560912,0.37148097650006145
5-18C,10.0,341.1089,-0.337539704043579,0.2608071098593561
5-18C,10.0,344.0393,1.9537006764977107,0.5979561131464962
5-18C,10.0,346.0556,0.3510338573288821,0.2604512281098984
5-18C,10.0,348.087,0.9837612115612973,0.46379739353243393
5-18C,10.0,353.0489,1.15535290701284,0.7544252619630178
5-18C,10.0,357.089,1.6523221189840709,0.5465819906602668
5-18C,10.0,375.131,0.6896229508563294,0.40655947371096235
5-18C,10.0,377.1496,-0.39484368784084967,0.7216996855143241
5-18C,10.0,383.1188,0.33711074445498584,0.5917925803468771
5-18C,10.0,388.9416,0.3069775291259984,0.6373049225548431
5-18C,10.0,388.9442,-0.43186196940566507,0.8942995384805478
5-18C,10.0,401.0756,-1.2289391165193901,0.017361269338443047
5-18C,10.0,407.2795,-0.959679028531911,0.22354757148333948
5-18C,10.0,421.0743,0.2590765659070967,0.5884425335349547
5-18C,10.0,426.0222,0.12414327809585762,0.5538057696966159
5-18C,10.0,442.9997,-0.17664222464969292,0.22171298781895457
5-18C,10.0,466.9657,-1.394794302572644,0.19078916787146344
5-18C,10.0,490.9787,-0.6433557052765466,0.9219683465700571
5-18C,10.0,503.1614,0.6516327117305317,0.114805317272425
5-18C,10.0,547.0731,1.736885205685315,0.1429306433921721
5-18C,10.0,565.0471,1.1917674252310417,0.62972361072246
5-18C,10.0,578.8872,-1.333195828331962,0.02173399397225516
5-18C,10.0,579.0269,-0.9360802802417749,0.023771175913263696
5-18C,10.0,612.2549,2.1356290451030615,0.8623407748534924
5-18C,10.0,624.2949,2.184804247681151,0.5422656852448267
5-18C,10.0,659.307,-0.9769735062693095,0.14013239023854163
5-18C,10.0,664.0939,0.32387406036896527,0.21860589408839834
5-18C,10.0,665.2144,1.5292690315127002,0.48234426415939025
5-18C,10.0,668.1374,0.8096873435977965,0.07859185942494075
5-18C,10.0,787.255,-0.5767104162306064,0.7183862522867439
5-18C,10.0,790.2568,-0.5931408299235177,0.20294218088390203
5-18C,10.0,835.0407,0.9809602620072753,0.19156628189971178
5-18C,10.0,863.2971,1.5537760776788097,0.43082197309238485
5-18C,10.0,864.1473,0.6521543541971313,0.29438757400155224
5-18C,10.0,974.2935,0.370991667831213,0.6689620008833503
5-18C,10.0,976.7162,-1.363628206169778,0.08119412446842385
5-19A,1.0,57.0342,1.2230179515513788,0.5520177142014777
5-19A,1.0,58.0295,-1.1040502842658615,0.14657728444960666
5-19A,1.0,59.0135,0.5403855200430678,0.31008054196968765
5-19A,1.0,71.0137,0.8426442329350172,0.1816060210540519
5-19A,1.0,73.0293,-0.9508736428069972,0.005333024021408719
5-19A,1.0,74.0247,-0.44332176308560434,0.2966701778096972
5-19A,1.0,75.0087,-0.5433654576834375,0.30117302710056815
5-19A,1.0,87.0088,-0.6752179619819696,0.008165973082685596
5-19A,1.0,87.0451,1.083873897633912,0.2968787370450118
5-19A,1.0,88.0403,-0.9529747559187303,0.014307051880468472
5-19A,1.0,88.9883,-0.6333166800377162,0.3712071317263997
5-19A,1.0,89.0244,-0.46612354267525624,0.12773110800030935
5-19A,1.0,93.0338,-0.08175720889303398,0.003521800447500477
5-19A,1.0,94.9761,-1.2321016057222596,0.24036273439905817
5-19A,1.0,94.9806,0.935453992708177,0.138324047389679
5-19A,1.0,95.0139,0.8378119457476472,0.21431875704040895
5-19A,1.0,101.0242,0.8498546510970828,0.39394741583911286
5-19A,1.0,102.056,-0.5183103905863395,0.024053659879772434
5-19A,1.0,103.0402,-0.9721570714632537,0.027911315244032495
5-19A,1.0,103.0509,-0.9915961694619478,0.14635502607883225
5-19A,1.0,104.0352,0.8621054719685275,0.24355369105318703
5-19A,1.0,105.0193,-0.8913089403843439,0.2196987121034522
5-19A,1.0,107.0503,-0.4006571884918864,0.3358561712039272
5-19A,1.0,109.0295,-1.0660350022683303,0.03939125966332401
5-19A,1.0,111.02,-1.1974922190150372,0.0034428248661163845
5-19A,1.0,112.0516,-0.7964090513623288,0.3411643072266205
5-19A,1.0,113.0244,1.097534169321603,0.21759408391550575
5-19A,1.0,113.0357,-1.134190493942957,0.07038695790322423
5-19A,1.0,114.056,-0.24629765103996032,0.0025346279726290687
5-19A,1.0,115.0037,-0.8800606839716185,0.015686252764611965
5-19A,1.0,115.0402,-0.25708604295452986,0.4047929171406723
5-19A,1.0,115.0764,0.20838546979108852,0.28887500704890595
5-19A,1.0,116.0354,-0.9263988707823598,0.12927879211944768
5-19A,1.0,116.0717,-0.7619032837237532,0.013555089058578027
5-19A,1.0,117.0194,-0.9464951435274616,0.001257866748148859
5-19A,1.0,118.0508,-1.0676331131934853,0.20914439151077344
5-19A,1.0,118.9804,0.9797587065832962,0.18092116977098063
5-19A,1.0,119.0503,-0.6753523154488623,0.3417671403623644
5-19A,1.0,120.9273,0.02271513101709012,0.4442516390799905
5-19A,1.0,121.0295,0.027805429271976982,0.46684513845169434
5-19A,1.0,121.0409,0.11049725852553582,0.40213713932320516
5-19A,1.0,122.0248,-0.6593800680868556,0.23032681475193814
5-19A,1.0,124.0075,-0.16355500879215706,0.31303043343920645
5-19A,1.0,124.0144,0.40679055265305686,0.12061870025387848
5-19A,1.0,125.0439,-0.01998025023793272,0.10466228788064694
5-19A,1.0,127.0764,0.7743073321272647,0.41145354453490746
5-19A,1.0,128.0354,-0.21345011246184853,0.01208157298636501
5-19A,1.0,129.0193,-1.2446144134323438,0.06483991171231004
5-19A,1.0,129.0556,-0.24852638549327957,0.5930923791891928
5-19A,1.0,130.0142,-0.7963200911877205,0.17622364287961625
5-19A,1.0,130.0509,-1.0654405963844964,0.008150261618683293
5-19A,1.0,130.0874,-0.8261543007173993,0.04543624879231487
5-19A,1.0,131.0008,-0.9603338202670924,0.6363129969598427
5-19A,1.0,131.0123,-0.7078701632074694,0.04102123525399086
5-19A,1.0,131.035,0.6225098146076868,0.1663082791425514
5-19A,1.0,131.0462,0.9631306602382848,0.34338849878075667
5-19A,1.0,131.0828,1.0614149117190288,0.22630830294737622
5-19A,1.0,132.0302,-1.1998605396230066,0.007004195813098587
5-19A,1.0,133.0142,-0.5767876911979932,0.04826317131235594
5-19A,1.0,133.0257,-0.7677762344434276,0.1596473697316889
5-19A,1.0,133.0505,-1.343245034909835,0.003332270303952561
5-19A,1.0,134.0472,-1.4993517339310136,0.19474004490948543
5-19A,1.0,134.0604,-1.1649010992754958,0.18725125792156588
5-19A,1.0,135.0302,-0.7671261788271148,0.11618523053718974
5-19A,1.0,135.0453,-1.7472226132628976,0.11670620811651017
5-19A,1.0,136.0404,-0.36579011111865534,0.11917742869209962
5-19A,1.0,136.0487,-1.662252130259256,0.22893967319528916
5-19A,1.0,136.0767,0.15276237957426664,0.5711593602332439
5-19A,1.0,137.0239,-0.23032658466490655,0.06603631498851072
5-19A,1.0,138.9789,-0.21350432085308724,0.43222702747502834
5-19A,1.0,139.0014,-0.41283120559081443,0.02004707609434987
5-19A,1.0,139.0067,-0.7122824976813362,0.03179930099541794
5-19A,1.0,139.976,-0.9800560372329947,0.49231018620485084
5-19A,1.0,143.0713,1.0886377729253536,0.31083738920330584
5-19A,1.0,143.1077,0.5589329736082302,0.28848468360685103
5-19A,1.0,145.0141,-0.21352551209047882,0.13260588558420636
5-19A,1.0,145.0506,-0.19634840311804475,0.13275856976808442
5-19A,1.0,145.0623,0.21183993952859997,0.19663652872034984
5-19A,1.0,145.0982,0.6723125665579499,0.19990452649949905
5-19A,1.0,145.1106,0.6100664877745583,0.447573685836306
5-19A,1.0,146.0459,-0.47520111249678937,0.005171131663919788
5-19A,1.0,147.0298,-0.9699043008891272,0.001304357418375616
5-19A,1.0,147.0662,-1.4552220053859424,0.009149347815718778
5-19A,1.0,149.0092,0.009370714246303966,0.6608205790340772
5-19A,1.0,149.0456,0.23349338887910276,0.30891969851189266
5-19A,1.0,149.0608,-0.43347926845479146,0.47007526765519647
5-19A,1.0,150.0422,-0.9469113550820434,0.4010801456924471
5-19A,1.0,150.9707,-0.5883802349324824,1.077702261169051
5-19A,1.0,151.0259,-0.5141391034829801,0.09648263338269374
5-19A,1.0,151.04,-0.24145008990013536,0.4071342864086726
5-19A,1.0,151.06,-0.3878273831000404,0.8800660193202684
5-19A,1.0,152.0353,-1.1234377059648817,0.5284463082877244
5-19A,1.0,152.0716,1.3013650817112588,0.30085182490078854
5-19A,1.0,153.0192,-0.287432926505774,0.12836619085861095
5-19A,1.0,154.062,1.3146995011906029,0.2610514213601731
5-19A,1.0,154.9751,-1.0024790450004473,0.022159178610876577
5-19A,1.0,155.0099,-1.1660563583683812,0.0042010176698032125
5-19A,1.0,157.0128,-0.9195595130424722,0.04345512541926118
5-19A,1.0,157.0255,-1.3422925276495894,0.004110604181305562
5-19A,1.0,157.0379,-1.3690004901373323,0.04532973735666701
5-19A,1.0,157.0504,-1.1849678165368156,0.024498395755465488
5-19A,1.0,159.0297,1.5748029559278633,0.2563225683079742
5-19A,1.0,159.0775,-1.2324781008516668,0.013480330665596835
5-19A,1.0,160.0616,-0.6615576638605255,0.3865208545490421
5-19A,1.0,161.0453,0.15409392031013455,0.2029387200859673
5-19A,1.0,162.0424,-1.4139745444017953,0.19259824242520232
5-19A,1.0,163.0351,-1.3535500493891799,0.08891199480543265
5-19A,1.0,163.0398,0.08467604220285774,0.06794454647937989
5-19A,1.0,163.0611,0.05189389729824441,0.6654911243011667
5-19A,1.0,164.0716,-0.25509900815569425,0.03000549460567459
5-19A,1.0,165.03,-0.5020559744431228,0.4671855938682374
5-19A,1.0,165.0405,-0.17359803697866194,0.4337783141837888
5-19A,1.0,165.0556,-0.8440533596124532,0.1751390707203805
5-19A,1.0,166.0508,-1.1229908261297536,0.06511390698629028
5-19A,1.0,166.0632,-0.39074614969555305,0.5850307599194058
5-19A,1.0,166.9759,-1.0142538456587542,0.15203788220368394
5-19A,1.0,167.0207,0.8131150939425187,0.594652990060415
5-19A,1.0,167.0358,0.1585483158960945,0.6176709257149618
5-19A,1.0,167.0828,0.41897994448167436,0.2927770390407683
5-19A,1.0,168.0277,-0.4673569603051906,0.046832356800031505
5-19A,1.0,168.0664,1.3131963673037914,0.8352868819592737
5-19A,1.0,170.0455,-0.8501023086642018,0.008677682787401017
5-19A,1.0,171.0065,-1.123990701092426,0.15186099437590717
5-19A,1.0,171.0092,-1.0650790546001323,0.20843613023233395
5-19A,1.0,171.0284,-0.9156699646669948,0.08290147164540472
5-19A,1.0,172.0616,-1.6427115804846761,0.05152288704497981
5-19A,1.0,172.962,-0.49342769755423666,0.02385557509659015
5-19A,1.0,173.0089,-0.9975571844326001,0.048864795618778906
5-19A,1.0,173.0453,-0.5419247458186243,0.19125703004540623
5-19A,1.0,173.0932,-0.7268320662104145,0.02371469193210158
5-19A,1.0,173.1041,-0.14921539627786118,0.12096067062682167
5-19A,1.0,174.0407,-1.0045580986951426,0.0009774019133274837
5-19A,1.0,174.088,0.10077702861434604,0.08785346831330026
5-19A,1.0,175.022,-0.878691949589564,0.11949453651928496
5-19A,1.0,175.0361,-1.2289605561973374,0.009268458653917252
5-19A,1.0,175.0611,-1.2368504053809835,0.0053456437486995335
5-19A,1.0,176.0776,-1.346568613320624,0.05803857056307575
5-19A,1.0,177.0402,0.515247010483386,0.5039641164845858
5-19A,1.0,177.0553,-0.9052878477563069,0.3512047714076357
5-19A,1.0,178.0509,-1.0592150622610437,0.017973073069952886
5-19A,1.0,179.0348,-1.1920820937097214,0.11568659671911649
5-19A,1.0,179.0561,0.8727074153229579,0.15704555946734547
5-19A,1.0,180.0663,0.7977947727111296,0.19684260995993846
5-19A,1.0,181.0505,-0.8836336288677425,0.11453767037134922
5-19A,1.0,182.9725,0.8690232992632267,0.24043812266328454
5-19A,1.0,183.0661,0.7603330333399888,0.5619258387649193
5-19A,1.0,184.0017,-0.49952728556119896,0.04278621321433079
5-19A,1.0,184.9856,-0.6517954323533313,0.15402496858908185
5-19A,1.0,186.1136,0.02720660071729758,0.4948721234685986
5-19A,1.0,187.0234,-1.145880516062605,0.7133320931441945
5-19A,1.0,188.035,-0.6730167349430451,0.30849581783979885
5-19A,1.0,188.0565,-1.1261790203710327,0.005439321645214659
5-19A,1.0,189.0405,1.3174778477027065,0.22336671153279877
5-19A,1.0,191.0197,-0.3957310721749484,0.09786787654470348
5-19A,1.0,191.0561,-1.0208302323822331,0.03227626745560396
5-19A,1.0,192.0663,-0.029738349198644785,0.16053304604328772
5-19A,1.0,193.0349,-0.6057075470162876,0.37984455008190743
5-19A,1.0,194.0682,-1.0647982644966214,0.06877287346207532
5-19A,1.0,194.0822,0.2667290340151918,1.0963515775353816
5-19A,1.0,195.0509,-0.39666744256080694,0.13318760037488547
5-19A,1.0,195.0657,-0.7323908620615833,0.11548910899745307
5-19A,1.0,196.0603,-1.2338547471170975,0.13737382866352157
5-19A,1.0,198.0182,-1.2376787300064687,0.239719388807162
5-19A,1.0,199.0019,-0.8482430449745476,0.39386881615929187
5-19A,1.0,200.9937,-0.32521162191539293,0.24841371277515226
5-19A,1.0,201.0051,-1.0717753000840116,0.09044926031113229
5-19A,1.0,203.0348,-0.28794132091612945,0.23111507835412926
5-19A,1.0,203.0826,-0.04899054305153111,0.007174344413224707
5-19A,1.0,204.0498,1.3429173396388812,0.37268603257893396
5-19A,1.0,205.0351,-1.2375652870201344,0.09072237575174774
5-19A,1.0,206.0822,0.8943433818295573,0.3847700414713525
5-19A,1.0,209.0292,-0.8495001465703858,0.3269916522502907
5-19A,1.0,209.0814,0.52906136462164,0.2015777247343972
5-19A,1.0,211.0235,-0.7119006641718002,0.4057284134427243
5-19A,1.0,211.9968,-1.105901324936785,0.01966118591325367
5-19A,1.0,212.0331,-0.4218040533516706,0.25696848226942914
5-19A,1.0,212.9807,-0.8093162600357297,0.05439853876717193
5-19A,1.0,213.014,-1.0347234954482911,0.09971600098735903
5-19A,1.0,213.0384,-0.6719375469700892,0.3587076196299872
5-19A,1.0,213.1252,0.3297566243099327,0.9999249695807547
5-19A,1.0,214.0488,-0.6071791455274935,0.8328931859797094
5-19A,1.0,215.0331,0.6546858978689256,0.18876118309967857
5-19A,1.0,216.1351,0.3556135410907565,0.18943112315647317
5-19A,1.0,218.0335,0.8180558732667017,0.162616238565995
5-19A,1.0,218.1034,-1.2624996082298605,0.014660075603906898
5-19A,1.0,220.0828,0.5108257710324677,0.3367645307050948
5-19A,1.0,221.0443,0.7224301147282528,0.21842164785083124
5-19A,1.0,221.0664,0.31546687657750744,0.6439313759194668
5-19A,1.0,225.0399,-0.3680208787264605,0.4649615981155982
5-19A,1.0,225.0861,-0.5808160985458218,0.4769634779629299
5-19A,1.0,225.0901,-1.0619561325061737,0.3945200563195212
5-19A,1.0,226.0135,-0.9943428434382735,0.14148862197376294
5-19A,1.0,226.0697,0.7074153407171371,0.14883867025567746
5-19A,1.0,228.0501,-0.24250539683379804,0.3327434488343871
5-19A,1.0,229.0122,-1.1207245465717772,0.14413725538946667
5-19A,1.0,237.0614,-1.3806760388814237,0.08347416279899372
5-19A,1.0,238.0945,0.9961097937319727,0.35343836181217586
5-19A,1.0,240.0515,-1.429944054521233,0.00500499508578765
5-19A,1.0,241.0844,-1.2102808474444617,0.2752136749896011
5-19A,1.0,242.0804,-0.46337256291199846,0.357614057125368
5-19A,1.0,243.029,-0.42120749362575716,0.43662686797332617
5-19A,1.0,243.0625,-1.349933450595283,0.291633958765549
5-19A,1.0,245.0444,-0.8203638044444914,0.31237877213582066
5-19A,1.0,246.0198,-1.3117408737836749,0.36391350060969313
5-19A,1.0,246.064,0.9469547210243072,0.870517429171817
5-19A,1.0,251.0816,0.9861724555160685,1.2302640043409305
5-19A,1.0,253.0119,-0.3534346569187549,0.006250097226983952
5-19A,1.0,253.0499,1.6485340692214916,0.7152006183518234
5-19A,1.0,257.0072,-1.0833679746230565,0.3362704944083369
5-19A,1.0,257.1028,0.7729283764173114,0.6273864828584355
5-19A,1.0,259.005,-0.6371051711014597,0.39386080908591387
5-19A,1.0,259.0227,0.5979001787185868,0.30609480847165255
5-19A,1.0,261.0385,-0.9843418599257088,0.4219851455793973
5-19A,1.0,266.0703,-0.7712210511117985,0.2140141352433848
5-19A,1.0,267.0724,-0.703843640675233,0.014932813250311875
5-19A,1.0,268.02,-1.3943360134029819,0.4880152671498206
5-19A,1.0,269.0398,-0.51796402142634,0.13038941630301396
5-19A,1.0,271.0612,1.0820880714592642,0.42099524997406007
5-19A,1.0,271.0815,0.4044749446123995,0.1866986489639403
5-19A,1.0,273.0021,-0.9265884788774958,0.0898445002472253
5-19A,1.0,274.0933,-1.3958374367895905,0.07303918996843646
5-19A,1.0,275.0184,-0.8557702826764687,0.4862288974111948
5-19A,1.0,275.0991,-0.5514723245354949,0.23995466377246288
5-19A,1.0,277.1207,2.056034396009888,0.27493086336538064
5-19A,1.0,277.2169,1.0716629832684215,0.7293787495458638
5-19A,1.0,279.2331,1.020068295632725,0.10871497086807733
5-19A,1.0,282.0839,-0.3411198099963859,0.4887483569114234
5-19A,1.0,283.2063,1.018331299094691,0.24468873325277818
5-19A,1.0,285.0972,1.333648494413071,0.9107691014479967
5-19A,1.0,287.0157,0.3620115824136689,0.30629816728288045
5-19A,1.0,288.0725,-0.752122766079334,0.098014547455618
5-19A,1.0,289.0333,-0.8800625235471049,0.5779916449618913
5-19A,1.0,289.1044,-1.3164731639482137,0.2357054777629026
5-19A,1.0,290.9677,-0.5077434491790371,0.09998295170352124
5-19A,1.0,294.0479,0.05438621649280945,0.5526792117909094
5-19A,1.0,300.0509,-0.15342535032598564,0.41463015462809005
5-19A,1.0,301.0333,-0.4212558973345052,0.31466111145352355
5-19A,1.0,303.2326,0.8903165217045726,1.826357103062609
5-19A,1.0,305.0207,0.8517420886397845,0.21907808862202308
5-19A,1.0,306.0481,-1.1373431882050378,0.0979867601947144
5-19A,1.0,306.0765,-0.3177511608939948,0.025651479015650392
5-19A,1.0,308.0986,0.04028009336913868,0.046436526367904365
5-19A,1.0,313.0441,-0.5647342995680373,0.2924622056070131
5-19A,1.0,313.1037,-0.5285352998383905,0.6337535236307964
5-19A,1.0,317.026,0.46892763683999494,0.9447204802857143
5-19A,1.0,323.0256,0.09023399374491307,0.20229174911385955
5-19A,1.0,325.1163,-0.33948787184983376,0.35932445342429675
5-19A,1.0,328.0457,-1.1590144919272225,0.07156336167021118
5-19A,1.0,333.0589,-1.2871865864533016,0.25978400728222656
5-19A,1.0,338.9884,-0.732167443856498,0.1310161660217936
5-19A,1.0,339.0928,0.19251696349709696,0.786760765278126
5-19A,1.0,341.1089,-0.043628401078027616,0.22126044128091651
5-19A,1.0,344.0393,-0.5601470872012473,0.1261982588925939
5-19A,1.0,346.0556,-0.3027396202472174,0.12735717902534904
5-19A,1.0,348.087,-1.0595017920811451,0.1084192660171667
5-19A,1.0,353.0489,-0.2823308633517664,0.6198863328241805
5-19A,1.0,357.089,-0.7840492116396935,0.15595886886827195
5-19A,1.0,375.131,-0.2102347461581871,0.49871467630825883
5-19A,1.0,377.1496,0.848543250779446,0.45975190179215203
5-19A,1.0,383.1188,0.941323851567595,1.1684647782346926
5-19A,1.0,388.9416,-0.40424877602619885,0.17726635693156834
5-19A,1.0,388.9442,-0.8953158366664358,0.27029033346607384
5-19A,1.0,401.0756,1.0078162797785353,0.151883273050802
5-19A,1.0,407.2795,1.1242403938757142,0.3447940630358496
5-19A,1.0,421.0743,0.2052383244761298,0.9372235778661698
5-19A,1.0,426.0222,-0.6109337244083843,0.3095457231353888
5-19A,1.0,442.9997,0.1652976951584636,0.2710645298979959
5-19A,1.0,466.9657,0.39439119894073205,0.43497564275040024
5-19A,1.0,490.9787,0.4192408493094847,0.37140934332804704
5-19A,1.0,503.1614,1.0084334798819068,0.3763400798677725
5-19A,1.0,547.0731,-1.378762640460255,0.06257822640968361
5-19A,1.0,565.0471,-0.9900981218305704,0.18593618855148533
5-19A,1.0,578.8872,1.0842601293011418,0.28182691415457306
5-19A,1.0,579.0269,0.9401085960863698,0.23765733653861335
5-19A,1.0,612.2549,-0.2992813454640607,0.5603820087397317
5-19A,1.0,624.2949,-0.6271233838954101,0.404082758826587
5-19A,1.0,659.307,0.455953647012486,0.22557816068930817
5-19A,1.0,664.0939,-0.26073666491013936,0.09740232286854467
5-19A,1.0,665.2144,-0.051930946837426814,0.23302493899132715
5-19A,1.0,668.1374,-0.6166376124404765,0.00021083479883869172
5-19A,1.0,787.255,0.9677587477076173,0.40615552898083435
5-19A,1.0,790.2568,0.3472103393894702,0.185873042349022
5-19A,1.0,835.0407,-0.43523349870623884,0.11958645989860385
5-19A,1.0,863.2971,-0.5690450587441201,0.11865002163404449
5-19A,1.0,864.1473,-0.06559340187647593,0.43500641824707625
5-19A,1.0,974.2935,-0.8498126355617919,0.2936915478179413
5-19A,1.0,976.7162,0.9827184871002631,0.33272977274434823
5-19A,2.0,57.0342,1.5751104310342159,0.24288802314570973
5-19A,2.0,58.0295,-0.9220276800447991,0.08682066226251618
5-19A,2.0,59.0135,1.022323099327702,0.2516439943054482
5-19A,2.0,71.0137,1.0944365897769506,0.19628192122956464
5-19A,2.0,73.0293,-0.9471760334490502,0.0046597039374719155
5-19A,2.0,74.0247,-1.3036134235309649,0.3080766609223552
5-19A,2.0,75.0087,-0.24094103775678674,0.4179952180012913
5-19A,2.0,87.0088,-0.6617219018740133,0.011416274880244824
5-19A,2.0,87.0451,0.9992890058134396,0.5529887292551651
5-19A,2.0,88.0403,-0.9163914867300138,0.013269406573848709
5-19A,2.0,88.9883,-0.16766787922536505,0.21145888178794073
5-19A,2.0,89.0244,-0.2740273048602767,0.06358013459596423
5-19A,2.0,93.0338,-0.07003828382840377,0.011359768402670634
5-19A,2.0,94.9761,-0.6383952569995239,0.28270104554915915
5-19A,2.0,94.9806,1.2439218119343438,0.22935127702515204
5-19A,2.0,95.0139,1.1522789188984435,0.135328895215989
5-19A,2.0,101.0242,1.555134658020154,0.3022910491189926
5-19A,2.0,102.056,-0.5262763561296809,0.07022274541014438
5-19A,2.0,103.0402,-0.9267334106245024,0.019754681781318822
5-19A,2.0,103.0509,-0.982796836824736,0.05103204456151262
5-19A,2.0,104.0352,-0.6032726710264429,0.05389547386227533
5-19A,2.0,105.0193,0.4359176086546934,0.9152224579508994
5-19A,2.0,107.0503,1.4823999210935064,0.638073844754035
5-19A,2.0,109.0295,-0.7157203229700992,0.1809962515551719
5-19A,2.0,111.02,-0.8745681533823709,0.011299936537475257
5-19A,2.0,112.0516,0.7221894340020252,0.22743556830394812
5-19A,2.0,113.0244,1.265117241685424,0.08052198163778396
5-19A,2.0,113.0357,-0.8396853191720086,0.02521332659171308
5-19A,2.0,114.056,-0.24757357180211934,0.0016018739119122703
5-19A,2.0,115.0037,-0.7757130781357962,0.08181285775172072
5-19A,2.0,115.0402,0.6076792106302462,0.12587743871626522
5-19A,2.0,115.0764,1.8833145547710055,0.5075592433264557
5-19A,2.0,116.0354,-0.9798549952387283,0.22702195133748326
5-19A,2.0,116.0717,-0.799630524319623,0.007836004911075294
5-19A,2.0,117.0194,-0.9413643901637714,0.0013874391326470854
5-19A,2.0,118.0508,-1.4771352526426256,0.09890443929224188
5-19A,2.0,118.9804,1.3280405722562276,0.08168274274217177
5-19A,2.0,119.0503,0.16837437189009555,0.2511401376943242
5-19A,2.0,120.9273,-0.009216251421282962,0.40917102249146164
5-19A,2.0,121.0295,1.2893856366584984,0.3014684360155989
5-19A,2.0,121.0409,1.7813662434686357,1.0489326537438832
5-19A,2.0,122.0248,-0.2671325867073183,0.06474263793431229
5-19A,2.0,124.0075,0.0420184489658152,0.32974516456334196
5-19A,2.0,124.0144,0.2241146415533406,0.2516399240813112
5-19A,2.0,125.0439,-0.1459956869370469,0.08708221581722447
5-19A,2.0,127.0764,1.5587097837889061,0.37322205605108466
5-19A,2.0,128.0354,-0.3721138455147802,0.01058382937423864
5-19A,2.0,129.0193,-0.9458079292854386,0.0528151618656637
5-19A,2.0,129.0556,0.9884088676080254,1.003923585191554
5-19A,2.0,130.0142,-0.642463576879931,0.049846361870605586
5-19A,2.0,130.0509,-1.0324821596018072,0.010476980295040262
5-19A,2.0,130.0874,-1.029939290308208,0.03639797035936993
5-19A,2.0,131.0008,-0.8408291936328479,0.21897018642687266
5-19A,2.0,131.0123,-0.6066940027081638,0.029344146644538063
5-19A,2.0,131.035,1.2632247523857767,0.046918075576694786
5-19A,2.0,131.0462,0.8838661982619718,0.07235549379727961
5-19A,2.0,131.0828,-0.3189673037927583,0.20096670029835875
5-19A,2.0,132.0302,-1.0709730937123574,0.008805448259753611
5-19A,2.0,133.0142,-0.3347637923275135,0.053432790825740234
5-19A,2.0,133.0257,-0.35573717130071947,0.050057878183392926
5-19A,2.0,133.0505,-1.2060511634613793,0.014993174652859424
5-19A,2.0,134.0472,-0.914942302574518,0.08597962769811957
5-19A,2.0,134.0604,-1.1395652138934091,0.30241031669933305
5-19A,2.0,135.0302,-0.8291950068775099,0.06893729886478457
5-19A,2.0,135.0453,-0.7117891330332459,0.08823272519987786
5-19A,2.0,136.0404,-0.29121285506442046,0.07016139535510088
5-19A,2.0,136.0487,-0.7090554298504268,0.4541281482816594
5-19A,2.0,136.0767,1.4738452622179574,0.7002376659929309
5-19A,2.0,137.0239,-0.22238086654171668,0.14532378152445988
5-19A,2.0,138.9789,1.0385537115951655,0.22967607686959757
5-19A,2.0,139.0014,-0.3424992301017753,0.05192509578604939
5-19A,2.0,139.0067,-0.6671849617314354,0.018457613188163788
5-19A,2.0,139.976,0.07442820736971256,0.4889503817008632
5-19A,2.0,143.0713,1.7905273715199357,0.42345231402788963
5-19A,2.0,143.1077,2.211110125215164,0.47951073911004205
5-19A,2.0,145.0141,-0.12448755479742563,0.15161315147526963
5-19A,2.0,145.0506,-0.6731769584278584,0.12528385454720609
5-19A,2.0,145.0623,-0.9267756822961445,0.46784126536712
5-19A,2.0,145.0982,0.5267752957948433,0.25460148806102123
5-19A,2.0,145.1106,1.0437266556043012,1.2675372320995915
5-19A,2.0,146.0459,-0.49841511479223477,0.0043146268925414715
5-19A,2.0,147.0298,-0.9258400616388993,0.005922461322691343
5-19A,2.0,147.0662,-1.2665637207631315,0.013899216984546103
5-19A,2.0,149.0092,1.6705974700480577,0.5562041124795696
5-19A,2.0,149.0456,0.6945858707531609,0.21624039669137649
5-19A,2.0,149.0608,1.379639712195201,0.41506195911396365
5-19A,2.0,150.0422,-0.19956143751546263,1.0211300568601214
5-19A,2.0,150.9707,-0.35047536139244273,0.23963483646485118
5-19A,2.0,151.0259,-0.5698361116305364,0.05517694625955289
5-19A,2.0,151.04,2.2365719274320655,0.38650514237623457
5-19A,2.0,151.06,0.4571961509014467,0.7620566268341008
5-19A,2.0,152.0353,1.0360544588517326,0.4537448305275949
5-19A,2.0,152.0716,1.9664997113473763,0.5673002648500142
5-19A,2.0,153.0192,0.12742118444422967,0.07073593133525932
5-19A,2.0,154.062,-0.38252675394965047,0.0651219879422619
5-19A,2.0,154.9751,-0.9933485737725567,0.01830229523816419
5-19A,2.0,155.0099,-0.8377269659417428,0.009591957701226497
5-19A,2.0,157.0128,-0.8098415449842419,0.01933110944957712
5-19A,2.0,157.0255,-1.0970729028795936,0.02185087586563321
5-19A,2.0,157.0379,-1.0909110879004875,0.0550661225163583
5-19A,2.0,157.0504,-1.1031121107543722,0.05119736587988245
5-19A,2.0,159.0297,1.0706955817621837,0.2500329088532324
5-19A,2.0,159.0775,-1.1039786452113123,0.04173354231251076
5-19A,2.0,160.0616,-1.1785693393754724,0.19080049927123544
5-19A,2.0,161.0453,0.8057182123939185,0.1636311785857212
5-19A,2.0,162.0424,-1.3441123590069075,0.037445326871800376
5-19A,2.0,163.0351,-0.9450961426885451,0.14715341640415058
5-19A,2.0,163.0398,0.24853106335892378,0.13903091270978704
5-19A,2.0,163.0611,0.5386081879836152,0.6499656295237273
5-19A,2.0,164.0716,-0.49306504391683215,0.10239106884733708
5-19A,2.0,165.03,1.1318020563476123,0.6247829268677543
5-19A,2.0,165.0405,1.2273175723565135,0.35228356503426367
5-19A,2.0,165.0556,-0.5101302911168556,0.06741129556812264
5-19A,2.0,166.0508,-0.8268258163547688,0.2254675143492592
5-19A,2.0,166.0632,-0.2102079488368035,0.39920831357832687
5-19A,2.0,166.9759,-0.5681254935561414,0.08821534276399902
5-19A,2.0,167.0207,-0.014213344864097581,0.8455700338617361
5-19A,2.0,167.0358,1.5787392758084646,0.5140977616426603
5-19A,2.0,167.0828,0.5108101726823175,1.0593664140720365
5-19A,2.0,168.0277,-0.4731786846702468,0.02583035042568497
5-19A,2.0,168.0664,1.3598083044768532,0.5166474823170168
5-19A,2.0,170.0455,-0.8493548134204469,0.00983153006204844
5-19A,2.0,171.0065,-0.702085984510542,0.1659286207601052
5-19A,2.0,171.0092,-0.6559532771724272,0.19902028921180728
5-19A,2.0,171.0284,-0.8292455907045244,0.054864327392259715
5-19A,2.0,172.0616,-1.2921969258178354,0.16194878507616597
5-19A,2.0,172.962,-0.40323262233485807,0.1704846577712567
5-19A,2.0,173.0089,-0.9022979737516491,0.08278389608637907
5-19A,2.0,173.0453,-0.4718974193972253,0.1700343033232899
5-19A,2.0,173.0932,-0.8163970533689853,0.021765782301283048
5-19A,2.0,173.1041,0.12052031318913849,0.2696980857194788
5-19A,2.0,174.0407,-0.9568400391717293,0.0028811436173886277
5-19A,2.0,174.088,-0.8328689056203613,0.13062742117675993
5-19A,2.0,175.022,-0.718548457443341,0.16740428239302296
5-19A,2.0,175.0361,-1.0707381553498678,0.0238485031504668
5-19A,2.0,175.0611,-1.1380694696093943,0.006686734789156533
5-19A,2.0,176.0776,-1.176103088684592,0.19770789395991417
5-19A,2.0,177.0402,1.200040959327544,0.5482596471610348
5-19A,2.0,177.0553,0.5180895822101441,0.4293920812440998
5-19A,2.0,178.0509,-1.0046145121996342,0.026008205238967463
5-19A,2.0,179.0348,-0.7204806335957215,0.14235824101678654
5-19A,2.0,179.0561,1.286363416290257,0.20895422905864838
5-19A,2.0,180.0663,1.3209040042910605,0.0489977521953889
5-19A,2.0,181.0505,-0.29662240425586506,0.5496566753269118
5-19A,2.0,182.9725,1.123288065239826,0.22585473631927275
5-19A,2.0,183.0661,1.820832179760238,0.1505375463011175
5-19A,2.0,184.0017,-0.4858992008654508,0.05736288269891328
5-19A,2.0,184.9856,-0.21427936432457595,0.14205176452587226
5-19A,2.0,186.1136,1.8393602486613092,0.9855372217338807
5-19A,2.0,187.0234,-0.6152058769200147,0.24714736419332728
5-19A,2.0,188.035,-0.4115461764442162,0.6612360633060024
5-19A,2.0,188.0565,-1.0635152149373204,0.006553609100052166
5-19A,2.0,189.0405,1.4777536679156387,0.09979792910386619
5-19A,2.0,191.0197,-0.8106380791169876,0.21477405340616776
5-19A,2.0,191.0561,-1.1052509582207213,0.04672265924391523
5-19A,2.0,192.0663,0.59596300483363,0.6747365207871905
5-19A,2.0,193.0349,0.22777722509816237,0.3597748119480803
5-19A,2.0,194.0682,-0.7952363984235999,0.10277877358423686
5-19A,2.0,194.0822,0.2123254191370259,1.3858976804917904
5-19A,2.0,195.0509,0.10943616293587455,0.0516690968140039
5-19A,2.0,195.0657,-0.016038001258660103,0.6560477118640867
5-19A,2.0,196.0603,-1.0506765046971593,0.034469588829465145
5-19A,2.0,198.0182,-0.4315609386557432,0.48302038629410543
5-19A,2.0,199.0019,-0.14579168866441972,0.4385382725252098
5-19A,2.0,200.9937,0.7847550036239261,0.4536478807300871
5-19A,2.0,201.0051,-0.572869367736653,0.264967885957907
5-19A,2.0,203.0348,0.2612881688554297,0.237973062519098
5-19A,2.0,203.0826,-0.0698392827257768,0.057638418596263036
5-19A,2.0,204.0498,0.6184442850536371,0.49367101538361785
5-19A,2.0,205.0351,-0.970756994256429,0.12243306266499225
5-19A,2.0,206.0822,0.47318304749197804,0.6336493602708019
5-19A,2.0,209.0292,0.1743403341022796,0.2843813069686588
5-19A,2.0,209.0814,1.0353370614707367,0.4225628796380901
5-19A,2.0,211.0235,-0.12086614393741851,0.3313168803014295
5-19A,2.0,211.9968,-1.008451137271321,0.02435096092415883
5-19A,2.0,212.0331,-0.3353983190498962,0.14544359706335225
5-19A,2.0,212.9807,-0.6684140323518378,0.10541117170543082
5-19A,2.0,213.014,-0.4777897968046736,0.14101792415637698
5-19A,2.0,213.0384,-0.3173867454993268,0.29024833130709804
5-19A,2.0,213.1252,1.374336470141446,0.891864323175196
5-19A,2.0,214.0488,0.3121444320770558,1.0122245397696283
5-19A,2.0,215.0331,1.190457430267575,0.14605281927449512
5-19A,2.0,216.1351,0.37774773230897807,0.12563325050574337
5-19A,2.0,218.0335,1.0753387716946758,0.18076174834688905
5-19A,2.0,218.1034,-1.1922206563375575,0.024955593293866752
5-19A,2.0,220.0828,0.6111459900633415,0.7657878252748057
5-19A,2.0,221.0443,1.1331338731937768,0.1831374616765368
5-19A,2.0,221.0664,1.31260729799599,0.26486906663517273
5-19A,2.0,225.0399,1.1528034203557924,0.3441286477461598
5-19A,2.0,225.0861,0.7745682804931286,0.8247417308989566
5-19A,2.0,225.0901,1.0624429369281032,1.17529630165869
5-19A,2.0,226.0135,-0.24931422203917356,0.1670866117560797
5-19A,2.0,226.0697,0.4860166390087375,0.3366994355803274
5-19A,2.0,228.0501,-0.8221044496231658,0.3007272284044128
5-19A,2.0,229.0122,-0.5150385416396036,0.2297533981539455
5-19A,2.0,237.0614,-1.1600879209473811,0.1159935134713268
5-19A,2.0,238.0945,1.3177467336013644,0.33606505152558397
5-19A,2.0,240.0515,-1.2975958278421025,0.02633098324107497
5-19A,2.0,241.0844,0.23233374147342112,0.417922012208739
5-19A,2.0,242.0804,0.2708532220548848,0.8084875233640781
5-19A,2.0,243.029,0.02914330449748925,0.1355674632254204
5-19A,2.0,243.0625,-0.786244198631654,0.29213164304726097
5-19A,2.0,245.0444,0.909358502951137,0.42457105564435765
5-19A,2.0,246.0198,-0.17954323770624978,0.1806227475358253
5-19A,2.0,246.064,1.1413608292270208,0.38593189867129246
5-19A,2.0,251.0816,-0.3499692923752218,0.6426782318176487
5-19A,2.0,253.0119,-0.32869339400094816,0.016439235720302786
5-19A,2.0,253.0499,1.9660093928826479,1.5684686680359703
5-19A,2.0,257.0072,-0.46618992899666856,0.4623989127991679
5-19A,2.0,257.1028,1.0565542658741818,0.6839124247802736
5-19A,2.0,259.005,0.19031683793606427,0.26928769556245014
5-19A,2.0,259.0227,1.3484257816541212,0.28855121867870814
5-19A,2.0,261.0385,0.2784499998578278,0.3421842075082985
5-19A,2.0,266.0703,-0.7530279207051223,0.2015867006776641
5-19A,2.0,267.0724,-0.713933194226037,0.009998286302559126
5-19A,2.0,268.02,0.2846147221469371,1.205790869877649
5-19A,2.0,269.0398,-0.7753601293862122,0.07527097342536368
5-19A,2.0,271.0612,1.5981024133090551,0.4385279791074117
5-19A,2.0,271.0815,1.2568504071019397,0.8714100974795527
5-19A,2.0,273.0021,-0.6685098845788441,0.16533417330924174
5-19A,2.0,274.0933,-1.0073894699538315,0.021529838303687515
5-19A,2.0,275.0184,0.0895559333042642,0.14903435985744848
5-19A,2.0,275.0991,-0.5340192716825611,0.14683251330337024
5-19A,2.0,277.1207,1.5912406287408027,0.15653283873512755
5-19A,2.0,277.2169,0.9317070474409226,0.38055613646381914
5-19A,2.0,279.2331,-0.3063828317475069,0.011406652980844458
5-19A,2.0,282.0839,1.4310742630571383,0.6095909773231876
5-19A,2.0,283.2063,-0.2892574497539092,0.18862439871793601
5-19A,2.0,285.0972,1.3172505454402421,1.1512390838803028
5-19A,2.0,287.0157,1.4508370009177725,0.4261578676533237
5-19A,2.0,288.0725,-0.6457903455876621,0.07520941067339633
5-19A,2.0,289.0333,-0.36399048516598237,0.2002651890522715
5-19A,2.0,289.1044,-0.6057821427211435,0.20929682293743856
5-19A,2.0,290.9677,-0.3802363611371066,0.08113849839635473
5-19A,2.0,294.0479,0.43039327896164914,1.4564007919805253
5-19A,2.0,300.0509,0.26029417596682425,0.5134226971644189
5-19A,2.0,301.0333,1.0920130333833336,0.9733654756221577
5-19A,2.0,303.2326,-0.4507838109964978,0.05897899604703963
5-19A,2.0,305.0207,1.378347459372587,0.1739578242896754
5-19A,2.0,306.0481,-1.0694395978982945,0.06114604410661684
5-19A,2.0,306.0765,-0.2783348766929169,0.032191339052609215
5-19A,2.0,308.0986,-0.30468523372702416,0.03230882336489001
5-19A,2.0,313.0441,-0.6293374087466088,0.6175049793083419
5-19A,2.0,313.1037,-0.6985304907825511,0.5729870279919012
5-19A,2.0,317.026,0.02742916195494785,0.3542519157687541
5-19A,2.0,323.0256,1.5358647726190635,0.5233798570313241
5-19A,2.0,325.1163,-0.08669029315438381,0.25722829529288044
5-19A,2.0,328.0457,-0.9400583450464395,0.09355698746407905
5-19A,2.0,333.0589,-1.1163129935541856,0.10536107198547234
5-19A,2.0,338.9884,-0.21232855431905084,0.1988190802895044
5-19A,2.0,339.0928,-0.15012218546183703,0.802381532603826
5-19A,2.0,341.1089,-0.05579630393234195,0.11873159166723792
5-19A,2.0,344.0393,-0.2667916007905734,0.19757512131609128
5-19A,2.0,346.0556,0.9141580712074552,0.15981091756388613
5-19A,2.0,348.087,-1.0642878853943813,0.1067603609505311
5-19A,2.0,353.0489,-0.52992364586513,0.2525232966281195
5-19A,2.0,357.089,-0.6851429529619573,0.23670309763700909
5-19A,2.0,375.131,-0.4155120182401614,0.5442384607695295
5-19A,2.0,377.1496,-0.005769571774366114,0.36442068151170165
5-19A,2.0,383.1188,1.4582329188828171,0.21304698078450612
5-19A,2.0,388.9416,0.07039962909111226,0.25913037950327195
5-19A,2.0,388.9442,-0.1945377668470095,0.30282230761249734
5-19A,2.0,401.0756,1.3371648731309884,0.16065346241213074
5-19A,2.0,407.2795,0.5290690718190911,0.12379066010561725
5-19A,2.0,421.0743,-0.4984369363321226,0.5741945642237467
5-19A,2.0,426.0222,-0.23080044585478882,0.3195040651379025
5-19A,2.0,442.9997,0.41372048924727534,0.3193415780241502
5-19A,2.0,466.9657,1.116284092872113,0.3115839317042586
5-19A,2.0,490.9787,0.12386202366643624,0.5566133926462521
5-19A,2.0,503.1614,1.3334833454169195,0.6870189826427247
5-19A,2.0,547.0731,-1.2020658868595224,0.09854547389929508
5-19A,2.0,565.0471,-0.6615434100693727,0.44209570348037475
5-19A,2.0,578.8872,1.5196234791082937,0.20208492150678864
5-19A,2.0,579.0269,0.8416293927222971,0.16933564009373797
5-19A,2.0,612.2549,-0.3550249219730695,0.5040227660226778
5-19A,2.0,624.2949,-0.5197807113605868,0.33950100347146445
5-19A,2.0,659.307,1.4471786268988498,0.15157331349231484
5-19A,2.0,664.0939,-0.457615878234374,0.30130778504971584
5-19A,2.0,665.2144,0.06426506338845032,0.3977350404759501
5-19A,2.0,668.1374,-0.6163173134117323,0.00026471368093747933
5-19A,2.0,787.255,1.2885331125255561,0.25484993968411035
5-19A,2.0,790.2568,0.7766976522968445,0.24545757698107457
5-19A,2.0,835.0407,-0.8079160673150583,0.16867769153059886
5-19A,2.0,863.2971,-0.5150812098621906,0.14388383511380376
5-19A,2.0,864.1473,0.7848699770182889,0.5187591759587992
5-19A,2.0,974.2935,-0.4701596916333757,0.26307510477377016
5-19A,2.0,976.7162,1.5921188551039154,0.28199356317175334
5-19A,3.0,57.0342,-0.16126903344680676,0.3734519839923908
5-19A,3.0,58.0295,-0.9329490362980628,0.2645717551382697
5-19A,3.0,59.0135,-0.02743781118846878,0.13169965005617493
5-19A,3.0,71.0137,0.3243309360813431,0.16147563133096998
5-19A,3.0,73.0293,-0.9694178932589723,0.0099263596398398
5-19A,3.0,74.0247,-1.1426847387973047,0.2176488904587667
5-19A,3.0,75.0087,-0.8603001401823267,0.5673676320305545
5-19A,3.0,87.0088,-0.697950897476656,0.008975086023611618
5-19A,3.0,87.0451,0.4027134442981879,0.3630156344480842
5-19A,3.0,88.0403,-0.8945964140581073,0.019047154719453233
5-19A,3.0,88.9883,-0.19264903806722938,0.4239663053839149
5-19A,3.0,89.0244,-0.6604978919562894,0.10261112720551872
5-19A,3.0,93.0338,-0.07725797873429202,0.014554267939500853
5-19A,3.0,94.9761,-0.7811555446334906,0.38087375526960154
5-19A,3.0,94.9806,0.46126736005895524,0.31211912140587367
5-19A,3.0,95.0139,0.40137463844006616,0.07921404829004136
5-19A,3.0,101.0242,-0.019934659999777928,0.2532735519949923
5-19A,3.0,102.056,-0.6504785288188015,0.028687495553192718
5-19A,3.0,103.0402,-0.9691143382013279,0.011354837239978379
5-19A,3.0,103.0509,-0.9990417586165117,0.1985019908323858
5-19A,3.0,104.0352,-0.16309056331378935,0.1700395791581767
5-19A,3.0,105.0193,-1.0162423047364184,0.5916367411092546
5-19A,3.0,107.0503,-1.0808871466840109,0.689776910312125
5-19A,3.0,109.0295,-0.9311833293134937,0.1366867200558599
5-19A,3.0,111.02,-0.668559268510609,0.01745963915178272
5-19A,3.0,112.0516,-0.5257624725631493,0.17178411566932492
5-19A,3.0,113.0244,0.3659960364284567,0.10191771339997384
5-19A,3.0,113.0357,-0.8088305032073159,0.025806289701595816
5-19A,3.0,114.056,-0.24935293094806948,0.003084529672916329
5-19A,3.0,115.0037,-0.8682653923029839,0.04236225488306997
5-19A,3.0,115.0402,-1.6515039525982131,0.6875904036072131
5-19A,3.0,115.0764,-1.0264906938266947,0.42472372147624926
5-19A,3.0,116.0354,-1.142625891055311,0.0915175274300195
5-19A,3.0,116.0717,-0.7996567511118342,0.010462638496609094
5-19A,3.0,117.0194,-0.9393122249787633,0.003158270558307579
5-19A,3.0,118.0508,-1.424982566377149,0.12478513425561923
5-19A,3.0,118.9804,0.3781539073295369,0.1712325476275062
5-19A,3.0,119.0503,-0.9651594616417167,0.5826907280716551
5-19A,3.0,120.9273,-0.4295707392148231,0.09317083071942303
5-19A,3.0,121.0295,-0.9082774801545459,0.5229344247387439
5-19A,3.0,121.0409,0.03148003839278134,0.5311856483502521
5-19A,3.0,122.0248,-0.8771250191858623,0.43157986395069736
5-19A,3.0,124.0075,0.07559817712548399,0.3373949560455344
5-19A,3.0,124.0144,0.3185722995697973,0.12235769457300076
5-19A,3.0,125.0439,-0.35022760158733535,0.183272536024687
5-19A,3.0,127.0764,-0.4208609275544991,1.1010245048011398
5-19A,3.0,128.0354,-0.3603578612160738,0.012212550482346735
5-19A,3.0,129.0193,-1.148072298285451,0.12122638061834679
5-19A,3.0,129.0556,-0.6497402192961799,0.6900237151436356
5-19A,3.0,130.0142,-0.9799737702776516,0.17033542639190197
5-19A,3.0,130.0509,-0.9966603387009625,0.017027428746178234
5-19A,3.0,130.0874,-0.8978203590406029,0.04924327346347045
5-19A,3.0,131.0008,0.6024857643613682,0.5983715229194057
5-19A,3.0,131.0123,-0.8198587293188504,0.041687529147790156
5-19A,3.0,131.035,0.39127434834191005,0.11048211428855233
5-19A,3.0,131.0462,0.6397855462272627,0.3938598228556521
5-19A,3.0,131.0828,-0.1390910020786794,0.22987852077635668
5-19A,3.0,132.0302,-0.95246119088814,0.031112791636681816
5-19A,3.0,133.0142,-0.5110276599279213,0.059792851638532755
5-19A,3.0,133.0257,-0.45573614261844075,0.05429524337616728
5-19A,3.0,133.0505,-1.1108130526007258,0.03133050440428102
5-19A,3.0,134.0472,-0.8823728406864653,0.09433615915528291
5-19A,3.0,134.0604,-1.3798474817106197,0.46267783775132904
5-19A,3.0,135.0302,-0.9303506565192479,0.14910698361994448
5-19A,3.0,135.0453,-0.6974436196358497,0.1063812643531073
5-19A,3.0,136.0404,-0.4448572223843186,0.03950156611642954
5-19A,3.0,136.0487,-0.805684340527583,0.0960592204060221
5-19A,3.0,136.0767,-0.746071031357599,0.4508230793474785
5-19A,3.0,137.0239,-0.12439219147623973,0.1661090300259275
5-19A,3.0,138.9789,-1.1370170729029583,0.3006579760706336
5-19A,3.0,139.0014,-0.3568735532105054,0.056587917949453094
5-19A,3.0,139.0067,-0.8048522686484197,0.020617599699681938
5-19A,3.0,139.976,-0.8882735663154231,0.21694029886809668
5-19A,3.0,143.0713,0.3569042692842305,0.7616536796002282
5-19A,3.0,143.1077,-0.35850844706911256,0.29874930086123774
5-19A,3.0,145.0141,-0.38401604289097013,0.14890167243554114
5-19A,3.0,145.0506,-1.0239371128841153,0.1125092328722131
5-19A,3.0,145.0623,-0.7585259559029904,0.36536215475917216
5-19A,3.0,145.0982,0.3465167586512405,0.16416532373897666
5-19A,3.0,145.1106,-0.7375736540254654,0.7871105938658951
5-19A,3.0,146.0459,-0.49070664838115174,0.009682674727452392
5-19A,3.0,147.0298,-0.9365286646522157,0.012798318319638121
5-19A,3.0,147.0662,-1.1230896690073449,0.017559525562924286
5-19A,3.0,149.0092,-0.868312751255877,0.9657059924818953
5-19A,3.0,149.0456,0.32631279702922145,0.16814159997175604
5-19A,3.0,149.0608,-0.5775086402813662,0.7556737784355988
5-19A,3.0,150.0422,-0.7916006262094146,0.4569127019548409
5-19A,3.0,150.9707,-0.8114160538762695,0.18199303692736513
5-19A,3.0,151.0259,-0.7053001917482111,0.06840427237786563
5-19A,3.0,151.04,0.10007771779219518,0.13160840299828253
5-19A,3.0,151.06,-1.1907616223045185,0.5001755931563168
5-19A,3.0,152.0353,-1.4173812188217187,0.4836804682036148
5-19A,3.0,152.0716,0.2315035493136157,0.3555838127243171
5-19A,3.0,153.0192,-0.2622941200286437,0.07739567996717565
5-19A,3.0,154.062,-0.0025555967621420893,0.06569583453905631
5-19A,3.0,154.9751,-0.9947401161789464,0.009087448527204679
5-19A,3.0,155.0099,-0.6440134163778483,0.017408488954972032
5-19A,3.0,157.0128,-0.8286493677790967,0.044018731334457356
5-19A,3.0,157.0255,-0.9217901646159501,0.010636130062618808
5-19A,3.0,157.0379,-0.9436912941146418,0.02575947066583979
5-19A,3.0,157.0504,-1.1189442843007709,0.0420989134198122
5-19A,3.0,159.0297,0.3442294268020528,0.1507751073182313
5-19A,3.0,159.0775,-1.0514824512176248,0.021068458061359693
5-19A,3.0,160.0616,-1.8649469085935912,0.42054067099280085
5-19A,3.0,161.0453,-0.022793690772080377,0.048923370732615344
5-19A,3.0,162.0424,-1.0433008004057795,0.3009817968053543
5-19A,3.0,163.0351,-1.048681179491228,0.22705379015863258
5-19A,3.0,163.0398,0.17738433023688338,0.046522441425433624
5-19A,3.0,163.0611,-1.6280219878042974,0.6353646092387288
5-19A,3.0,164.0716,-0.3633505919698393,0.06112024924417927
5-19A,3.0,165.03,-0.33972882667557674,0.6789732010857377
5-19A,3.0,165.0405,-1.074555434382795,0.5026506705756006
5-19A,3.0,165.0556,-0.8990027253142605,0.058518208233013166
5-19A,3.0,166.0508,-1.4609727728939141,0.24017250431729786
5-19A,3.0,166.0632,-0.7603788642499596,0.7099634627150483
5-19A,3.0,166.9759,-0.7930720677175854,0.4927884924361823
5-19A,3.0,167.0207,-0.13442345990437518,0.48193277251522526
5-19A,3.0,167.0358,-0.6556870644531262,0.08382014641546381
5-19A,3.0,167.0828,-0.33510828238948903,0.5501330253047461
5-19A,3.0,168.0277,-0.47004100205791133,0.08579989189323074
5-19A,3.0,168.0664,-0.9201234050750777,0.4982923638841788
5-19A,3.0,170.0455,-0.8629229846631483,0.008932570388660787
5-19A,3.0,171.0065,-0.9298498717380802,0.08725644846546507
5-19A,3.0,171.0092,-0.8686103809073316,0.13088936367327347
5-19A,3.0,171.0284,-0.9965113687352487,0.04106294459886982
5-19A,3.0,172.0616,-1.2267043290023962,0.05876789240295675
5-19A,3.0,172.962,-0.6142256668949342,0.10098472718905635
5-19A,3.0,173.0089,-1.0356036559658328,0.06905001029719168
5-19A,3.0,173.0453,-0.5951896256005703,0.2720151759346554
5-19A,3.0,173.0932,-0.8136448369066938,0.04228863813843717
5-19A,3.0,173.1041,-0.3569577699885988,0.2544288142950759
5-19A,3.0,174.0407,-0.9110125930190212,0.006485710740276854
5-19A,3.0,174.088,-0.6574471926771883,0.1300506723694085
5-19A,3.0,175.022,-0.9552635857132793,0.06677711810528361
5-19A,3.0,175.0361,-0.9497622901174024,0.013825246551148506
5-19A,3.0,175.0611,-1.1099434764253762,0.02088657342024304
5-19A,3.0,176.0776,-1.0906442447689155,0.14043192091829157
5-19A,3.0,177.0402,-0.43128636406364906,0.3253923971607007
5-19A,3.0,177.0553,-0.6725636183206221,0.17681113246015157
5-19A,3.0,178.0509,-0.9961456817536323,0.007872113125433452
5-19A,3.0,179.0348,-0.9315117914152798,0.06858902707508423
5-19A,3.0,179.0561,0.8631621653477546,0.07950558702676672
5-19A,3.0,180.0663,0.829109548082805,0.09926022051348074
5-19A,3.0,181.0505,-0.9942623896138856,0.1716145128346869
5-19A,3.0,182.9725,0.20811271525272387,0.30273975804999465
5-19A,3.0,183.0661,0.6989169211567285,1.0519372134502032
5-19A,3.0,184.0017,-0.5426392073390947,0.060350380017740665
5-19A,3.0,184.9856,-0.42571230501313106,0.10351500179818844
5-19A,3.0,186.1136,0.43808550906688126,0.18788360251708094
5-19A,3.0,187.0234,-0.9581892752711205,0.4505436104113055
5-19A,3.0,188.035,-0.8556139431509051,0.19482607515714018
5-19A,3.0,188.0565,-1.0415096363463805,0.015482110131394307
5-19A,3.0,189.0405,1.273826295514512,0.06974619108897843
5-19A,3.0,191.0197,-1.1127374840239275,0.1691699724462898
5-19A,3.0,191.0561,-1.0195542238296564,0.054499614419352416
5-19A,3.0,192.0663,-0.45073769218258447,0.45948521008032733
5-19A,3.0,193.0349,-0.8364886258809847,0.11787315682646872
5-19A,3.0,194.0682,-0.9325174836749532,0.16936331760062898
5-19A,3.0,194.0822,0.060300364477478205,0.5921382123502252
5-19A,3.0,195.0509,-0.39944286600925016,0.07802795058226278
5-19A,3.0,195.0657,-1.947582583162053,0.7984400453299064
5-19A,3.0,196.0603,-1.1850754386142088,0.11847409474423798
5-19A,3.0,198.0182,-1.0161437465945138,0.34660422993468454
5-19A,3.0,199.0019,-0.7499414202601422,0.21781113635707244
5-19A,3.0,200.9937,-0.150803674934433,0.1552119334724981
5-19A,3.0,201.0051,-0.24793920217357435,0.3488827781736564
5-19A,3.0,203.0348,-0.5059177860670695,0.08215883346336399
5-19A,3.0,203.0826,-0.08678076945094174,0.05451634693537632
5-19A,3.0,204.0498,0.4275012099359459,0.5130241281554759
5-19A,3.0,205.0351,-1.2019710183088113,0.07449591739857749
5-19A,3.0,206.0822,0.0446626296417032,0.44460623744119243
5-19A,3.0,209.0292,-1.0350282873634191,0.4338343509891755
5-19A,3.0,209.0814,0.413507036732164,0.1839091262603054
5-19A,3.0,211.0235,-0.6779221613890948,0.18346255244802306
5-19A,3.0,211.9968,-0.9946864229439576,0.03475393767010104
5-19A,3.0,212.0331,-0.4238736517780604,0.33702961862466674
5-19A,3.0,212.9807,-0.8276900844790767,0.056176427881981315
5-19A,3.0,213.014,-0.19454397845159943,0.36022785574717237
5-19A,3.0,213.0384,-0.7715633920114606,0.2040266730635692
5-19A,3.0,213.1252,0.499679715669511,1.0894447598049062
5-19A,3.0,214.0488,-0.7330181143250745,0.19016852417932403
5-19A,3.0,215.0331,0.46203630946312,0.08769441868358584
5-19A,3.0,216.1351,0.20773148092263855,0.3594015701509539
5-19A,3.0,218.0335,0.47775528087224606,0.07189422481701482
5-19A,3.0,218.1034,-1.2201144116732026,0.017899832399603015
5-19A,3.0,220.0828,0.5672558942373342,0.4246955098712208
5-19A,3.0,221.0443,0.2697673754337072,0.09553756813857564
5-19A,3.0,221.0664,-1.1100004909166437,0.3207826147276037
5-19A,3.0,225.0399,-0.6791289223490812,0.5685701586861557
5-19A,3.0,225.0861,-0.9139034221505673,0.18243205315685235
5-19A,3.0,225.0901,-0.7301343147516899,0.6848785067430144
5-19A,3.0,226.0135,-0.8396801974773942,0.12936029873106672
5-19A,3.0,226.0697,-0.19196304287651692,0.32982232277963114
5-19A,3.0,228.0501,-0.8129148836672754,0.31595862462811153
5-19A,3.0,229.0122,-0.6083925655455094,0.25409234999807806
5-19A,3.0,237.0614,-1.2130490545849995,0.09918644597032412
5-19A,3.0,238.0945,0.8936915269713941,0.23358129744495987
5-19A,3.0,240.0515,-1.1514349112574775,0.02314458749932033
5-19A,3.0,241.0844,-1.582303937816567,0.7500663055420873
5-19A,3.0,242.0804,-0.2680997477612316,0.4105394158046396
5-19A,3.0,243.029,-0.9649046754246648,0.08863555773539303
5-19A,3.0,243.0625,-1.6080031513861295,0.21565003972948582
5-19A,3.0,245.0444,-0.4958967557328757,0.4180844218832693
5-19A,3.0,246.0198,-1.0171335474712162,0.32468488126997114
5-19A,3.0,246.064,0.13910908338778127,0.9657700295707362
5-19A,3.0,251.0816,-0.1443191414098811,0.782591611830969
5-19A,3.0,253.0119,-0.3253608112720364,0.008805740874136223
5-19A,3.0,253.0499,0.2923479874407435,0.3217609557777271
5-19A,3.0,257.0072,-0.6028938609269434,0.13272327110628285
5-19A,3.0,257.1028,0.8491630808088979,0.7407388627162835
5-19A,3.0,259.005,-1.2914921592376003,0.6364306288975828
5-19A,3.0,259.0227,0.6869381713954665,0.1552634538443772
5-19A,3.0,261.0385,-0.19776601490060552,0.1272575514237505
5-19A,3.0,266.0703,-0.8133149606801866,0.16081156346027914
5-19A,3.0,267.0724,-0.7125859244640601,0.02976497265564473
5-19A,3.0,268.02,-0.4738899718568206,0.20027541404429322
5-19A,3.0,269.0398,-0.7643796178797686,0.12117129183142328
5-19A,3.0,271.0612,1.2515078091301781,0.5158920291903244
5-19A,3.0,271.0815,0.8612847867242918,0.7747853400233974
5-19A,3.0,273.0021,-0.778910172139934,0.12445464694188425
5-19A,3.0,274.0933,-0.8452897301600859,0.15202907091341164
5-19A,3.0,275.0184,-1.3284333906668353,0.06008682849025123
5-19A,3.0,275.0991,-0.5960745707152143,0.25421091015680314
5-19A,3.0,277.1207,0.6103146296666349,0.0897546238222322
5-19A,3.0,277.2169,0.3147828795279816,0.31012547792945755
5-19A,3.0,279.2331,1.1872839711424477,0.17433147733125673
5-19A,3.0,282.0839,1.0594237655710532,0.12703233260497432
5-19A,3.0,283.2063,1.7328918133965705,0.25147022921409995
5-19A,3.0,285.0972,0.6934155301695697,0.8131968158174346
5-19A,3.0,287.0157,0.5767853874922256,0.36496279801880604
5-19A,3.0,288.0725,-0.6830948135502101,0.18230783859658928
5-19A,3.0,289.0333,-0.5133034625627678,0.4950262494764268
5-19A,3.0,289.1044,-1.5721808514864897,0.41054875718941464
5-19A,3.0,290.9677,-0.48738344641105136,0.10241230324329412
5-19A,3.0,294.0479,0.05438621649280946,0.9404645490995494
5-19A,3.0,300.0509,-0.6824673926586031,1.1686505930521416
5-19A,3.0,301.0333,0.4079130750419046,0.6075916152900538
5-19A,3.0,303.2326,-0.4340805544981965,0.13263889070144197
5-19A,3.0,305.0207,0.6805831869796308,0.17861525095537806
5-19A,3.0,306.0481,-1.0195275571600042,0.11570102308528324
5-19A,3.0,306.0765,-0.30733220678988826,0.021297988047408647
5-19A,3.0,308.0986,-0.24375681651576736,0.009238481916410423
5-19A,3.0,313.0441,-0.4785968206632753,0.3418141089600055
5-19A,3.0,313.1037,-0.5808415124365938,0.5808020887298587
5-19A,3.0,317.026,-0.5743119822784372,0.6017363686368424
5-19A,3.0,323.0256,1.3399659057535172,0.853068505798529
5-19A,3.0,325.1163,-0.03798617248828795,0.29487894157628
5-19A,3.0,328.0457,-0.7915022671899955,0.1307709643499437
5-19A,3.0,333.0589,-1.1587133888145122,0.10570631983881988
5-19A,3.0,338.9884,-0.6335722200600713,0.7226405194811016
5-19A,3.0,339.0928,-0.7177000123632773,0.4183630959032291
5-19A,3.0,341.1089,-0.9696016268814331,0.06482749387424235
5-19A,3.0,344.0393,-0.2915125687465291,0.2514491396484253
5-19A,3.0,346.0556,1.2605786580650054,0.20676849551313212
5-19A,3.0,348.087,-1.082235735319017,0.07917439724798374
5-19A,3.0,353.0489,-0.7535799660207062,0.22827557823105568
5-19A,3.0,357.089,-0.9215815831738239,0.13540952437470938
5-19A,3.0,375.131,-1.0127627020993537,0.40870191269834344
5-19A,3.0,377.1496,-0.19618104782647877,0.45908021574363167
5-19A,3.0,383.1188,-0.6677501096486025,0.24079750823157833
5-19A,3.0,388.9416,-0.5236571798292959,0.3083385704138962
5-19A,3.0,388.9442,-0.8438209625263502,0.6004423168733881
5-19A,3.0,401.0756,0.59985391749766,0.12701595093822696
5-19A,3.0,407.2795,1.1762973896754327,0.18727297046936361
5-19A,3.0,421.0743,-0.9414217649483244,0.46129560909395506
5-19A,3.0,426.0222,0.5306110910070817,0.5692545641852301
5-19A,3.0,442.9997,-0.011409511722261598,0.16674246737131898
5-19A,3.0,466.9657,1.1780964060525374,0.15645849656370303
5-19A,3.0,490.9787,-1.2469003187116932,0.7888008071425539
5-19A,3.0,503.1614,-1.40165847184137,0.1747563134325133
5-19A,3.0,547.0731,-1.2892902385097569,0.04530406521028746
5-19A,3.0,565.0471,-0.6382313240907511,0.23709526310923312
5-19A,3.0,578.8872,0.6951279575003768,0.06946662710514956
5-19A,3.0,579.0269,0.2910496783120708,0.11996000963926191
5-19A,3.0,612.2549,-0.560966468520241,0.472732042663093
5-19A,3.0,624.2949,-0.7202037432962359,0.37845567976100564
5-19A,3.0,659.307,0.980559920645214,0.08880270753468926
5-19A,3.0,664.0939,-0.17937331654655264,0.21404976875668624
5-19A,3.0,665.2144,-0.9365387633811647,0.1473907889278387
5-19A,3.0,668.1374,-0.6158309039685773,0.00017840261135687287
5-19A,3.0,787.255,0.628850939264493,0.2830665753177632
5-19A,3.0,790.2568,0.5073800440526715,0.3556836847541758
5-19A,3.0,835.0407,-0.7246745592900227,0.09189336848252672
5-19A,3.0,863.2971,-0.7550015650264448,0.06489316294386759
5-19A,3.0,864.1473,0.5058963208840189,0.28279842312059905
5-19A,3.0,974.2935,-0.5313718510711094,0.4559726846051549
5-19A,3.0,976.7162,0.9219217824131092,0.18789586345294462
5-19A,4.0,57.0342,1.5935740129496407,0.6017596711396503
5-19A,4.0,58.0295,-0.49124085005495155,0.2679801651018861
5-19A,4.0,59.0135,1.6143036531179042,0.18870918791685523
5-19A,4.0,71.0137,1.384339643919009,0.18883038819767511
5-19A,4.0,73.0293,-0.9265699960190839,0.021775855030586072
5-19A,4.0,74.0247,-0.9025450503629646,0.39826193795153436
5-19A,4.0,75.0087,0.05766489201927506,0.6183436156534422
5-19A,4.0,87.0088,-0.6777512509813775,0.012192499223281871
5-19A,4.0,87.0451,1.0228159293661538,0.8330118372218899
5-19A,4.0,88.0403,-0.8053140605239515,0.016887561717995273
5-19A,4.0,88.9883,-0.20563924066499886,0.7100836579911035
5-19A,4.0,89.0244,-0.381488027338029,0.09199281850718684
5-19A,4.0,93.0338,-0.07757187851280892,0.016768411606335177
5-19A,4.0,94.9761,-0.7806591440758888,0.40143376713707274
5-19A,4.0,94.9806,0.8309729571638301,0.33947640581919664
5-19A,4.0,95.0139,1.4657415617588359,0.2856832040428719
5-19A,4.0,101.0242,1.186371061826339,0.3750130793367031
5-19A,4.0,102.056,-0.5830718661867867,0.07409250766593065
5-19A,4.0,103.0402,-0.9184745631992748,0.04149899065866947
5-19A,4.0,103.0509,-0.924924302941535,0.13914064138167315
5-19A,4.0,104.0352,-0.537343094134479,0.14720067256543373
5-19A,4.0,105.0193,1.490614211980592,1.01538020611876
5-19A,4.0,107.0503,0.21133162986208495,0.6353444157857244
5-19A,4.0,109.0295,-0.4177980158680254,0.10913557268806595
5-19A,4.0,111.02,-0.07132057116754964,0.06583490094862396
5-19A,4.0,112.0516,0.402624416598672,0.7427324959279469
5-19A,4.0,113.0244,1.3791364050760313,0.10743215050984745
5-19A,4.0,113.0357,0.3387465946958554,0.052701971747143576
5-19A,4.0,114.056,-0.2453131946052594,0.0028081846175913635
5-19A,4.0,115.0037,-0.7019246294875099,0.06875431449545641
5-19A,4.0,115.0402,0.42290470325210233,0.9713883013007257
5-19A,4.0,115.0764,0.001138156540490022,0.6821597285992915
5-19A,4.0,116.0354,-0.9357086452663341,0.2450469844890335
5-19A,4.0,116.0717,-0.805610232943786,0.012810868548039827
5-19A,4.0,117.0194,-0.9220854295171736,0.01035812510090378
5-19A,4.0,118.0508,-1.4590606754531463,0.19849547250416189
5-19A,4.0,118.9804,1.433611853502589,0.1931744115160628
5-19A,4.0,119.0503,0.8207904594546855,0.6269181925903291
5-19A,4.0,120.9273,-0.5148718543405619,0.21584504630800336
5-19A,4.0,121.0295,-0.005458778220156696,0.7497514963865956
5-19A,4.0,121.0409,0.79480172802473,0.5886200821348279
5-19A,4.0,122.0248,0.8996866899673519,0.4260809773380645
5-19A,4.0,124.0075,0.4793739328015013,0.6562022989255977
5-19A,4.0,124.0144,2.063352562416897,0.35892684003501574
5-19A,4.0,125.0439,1.45219146786623,0.3880609022709868
5-19A,4.0,127.0764,0.13060487179506555,0.6235354317696719
5-19A,4.0,128.0354,-0.3791898654164599,0.016129333068938403
5-19A,4.0,129.0193,-0.8221271546372035,0.09698997762058027
5-19A,4.0,129.0556,0.5608977951493727,0.6935263457549459
5-19A,4.0,130.0142,-0.881986939936378,0.26529941825143494
5-19A,4.0,130.0509,-0.8064519308108979,0.02367939309367878
5-19A,4.0,130.0874,-1.028275276289094,0.04559926908042685
5-19A,4.0,131.0008,0.2977923700614665,0.6137126209062526
5-19A,4.0,131.0123,-0.8052229255245582,0.04809910574656688
5-19A,4.0,131.035,1.5441491815283714,0.18896618803939383
5-19A,4.0,131.0462,1.4485974216909443,0.1953185468533557
5-19A,4.0,131.0828,-0.3002561767073825,0.26770739929690784
5-19A,4.0,132.0302,-0.44975608332131317,0.04998160166687546
5-19A,4.0,133.0142,-0.3085972933983884,0.05057599345595443
5-19A,4.0,133.0257,-0.26561631216999915,0.07461280394980743
5-19A,4.0,133.0505,-0.8616383051598198,0.041228650676040396
5-19A,4.0,134.0472,-0.7338277732057373,0.3310644249843802
5-19A,4.0,134.0604,-0.5556139201675692,0.3726546207544177
5-19A,4.0,135.0302,-0.8476502544885671,0.13594796225492548
5-19A,4.0,135.0453,0.32233817982870505,0.2329768099251088
5-19A,4.0,136.0404,-0.25704429591304145,0.12727903073682117
5-19A,4.0,136.0487,0.40982393514873006,0.1081116044188854
5-19A,4.0,136.0767,-0.05897148708330757,0.26517746714140383
5-19A,4.0,137.0239,0.002747073170064781,0.17842508861649803
5-19A,4.0,138.9789,-0.7218530137369785,0.3422606024812003
5-19A,4.0,139.0014,-0.2845104706437729,0.05243962501652932
5-19A,4.0,139.0067,-0.6654104613295104,0.01394431737520765
5-19A,4.0,139.976,-0.1476752305413169,0.5854833426556916
5-19A,4.0,143.0713,0.5946793071550357,0.37195679613545557
5-19A,4.0,143.1077,1.0099029895300902,0.2246500940166918
5-19A,4.0,145.0141,-0.2879345149398458,0.044883366940099416
5-19A,4.0,145.0506,-0.7969517929384116,0.21525651537448978
5-19A,4.0,145.0623,-0.7895140991347875,0.172867649892505
5-19A,4.0,145.0982,-0.314972040569703,0.4420500811536823
5-19A,4.0,145.1106,-0.3286156476543788,0.5091248146740567
5-19A,4.0,146.0459,-0.47296292209956836,0.0027650039532368885
5-19A,4.0,147.0298,-0.855704925473582,0.02235811307914118
5-19A,4.0,147.0662,-0.7207266523740008,0.04871747821925819
5-19A,4.0,149.0092,0.6381695944163981,0.8623614887660233
5-19A,4.0,149.0456,0.7892294753640334,0.1104664185416884
5-19A,4.0,149.0608,0.331483280581131,0.5527927215626748
5-19A,4.0,150.0422,-0.8964685542516169,0.7320423102719319
5-19A,4.0,150.9707,-0.40334311106800713,0.594348245641861
5-19A,4.0,151.0259,-0.687387586112816,0.03986520015630032
5-19A,4.0,151.04,2.43751132618573,0.18959740985948814
5-19A,4.0,151.06,0.2327199119840657,0.7974313182789107
5-19A,4.0,152.0353,-0.3398559002553121,0.5075896408307035
5-19A,4.0,152.0716,0.7805496279620731,0.913739855263928
5-19A,4.0,153.0192,0.4677156735730128,0.032676331683056586
5-19A,4.0,154.062,-0.3433712890612855,0.17522538277274496
5-19A,4.0,154.9751,-0.9463535012760613,0.009572964595986165
5-19A,4.0,155.0099,-0.03298621569687235,0.07010737178328495
5-19A,4.0,157.0128,-0.48112977769261267,0.0574631120461815
5-19A,4.0,157.0255,-0.08638038946918017,0.046568262265630704
5-19A,4.0,157.0379,-0.14961729301893734,0.14269669524989112
5-19A,4.0,157.0504,-0.8994445427106856,0.04413489049001153
5-19A,4.0,159.0297,1.6062006470523693,0.23836787552661015
5-19A,4.0,159.0775,-0.9110101794032716,0.019036250730207056
5-19A,4.0,160.0616,-0.6061970670268017,0.49362395603583387
5-19A,4.0,161.0453,1.396947563327812,0.17426131253092997
5-19A,4.0,162.0424,-0.3882129033062791,0.26519883272939865
5-19A,4.0,163.0351,-0.9065156749973668,0.1939186195971821
5-19A,4.0,163.0398,0.5661961082788254,0.028003652590956333
5-19A,4.0,163.0611,0.40228671998547627,0.8756961092474108
5-19A,4.0,164.0716,-0.4442815379642239,0.06515767473096286
5-19A,4.0,165.03,0.6884901446454825,0.3700406689910715
5-19A,4.0,165.0405,-0.05846136097801914,0.4999234322602974
5-19A,4.0,165.0556,-0.5221676939712648,0.14531356609789178
5-19A,4.0,166.0508,0.0035390752874308873,0.34872751832893706
5-19A,4.0,166.0632,-0.4018693563835328,0.412710034130874
5-19A,4.0,166.9759,-0.8274258332275968,0.21115537373564314
5-19A,4.0,167.0207,-0.17435484759941547,0.30240746525124745
5-19A,4.0,167.0358,0.591202990061499,0.3468751745254064
5-19A,4.0,167.0828,1.2530144876686917,1.1383966849372822
5-19A,4.0,168.0277,-0.4763919740925181,0.025799616830560063
5-19A,4.0,168.0664,1.5496337297758436,0.2832942565824232
5-19A,4.0,170.0455,-0.806317208476987,0.017755496471463968
5-19A,4.0,171.0065,-0.7347391464835461,0.1296197723715496
5-19A,4.0,171.0092,-0.49848400312651187,0.29589946111297843
5-19A,4.0,171.0284,-0.8409921593619558,0.05389460044896196
5-19A,4.0,172.0616,-0.5217971685414846,0.16535859615911988
5-19A,4.0,172.962,-0.5662069439373009,0.08393587337663815
5-19A,4.0,173.0089,-0.8206983045422158,0.11518048262996528
5-19A,4.0,173.0453,-1.075676336180154,0.07030225331868602
5-19A,4.0,173.0932,-0.8291358838515914,0.03234591410239586
5-19A,4.0,173.1041,-0.5550541218169579,0.1781993247423461
5-19A,4.0,174.0407,-0.7324262759754294,0.022682736759351292
5-19A,4.0,174.088,-0.7319801660278418,0.11584053737627219
5-19A,4.0,175.022,-0.8011510522490929,0.1262703691177657
5-19A,4.0,175.0361,-0.4378706130867106,0.04279625647030708
5-19A,4.0,175.0611,-0.9434425828505267,0.03648294868900692
5-19A,4.0,176.0776,-0.8717972582335324,0.21932851506493095
5-19A,4.0,177.0402,0.6756532904714336,0.4486687912304539
5-19A,4.0,177.0553,2.09558078761064,0.40671953893262275
5-19A,4.0,178.0509,-0.7442086152193036,0.025669545098414234
5-19A,4.0,179.0348,0.3197014592907363,0.24197649649076508
5-19A,4.0,179.0561,0.9981587332357651,0.09107446330506963
5-19A,4.0,180.0663,1.1054754575684589,0.23986447763938792
5-19A,4.0,181.0505,-0.6158715891505766,0.08462368625443291
5-19A,4.0,182.9725,1.3117640456140884,0.2313481171318018
5-19A,4.0,183.0661,0.6664235129667478,0.38500978983580825
5-19A,4.0,184.0017,-0.4818369833119105,0.04636760171831107
5-19A,4.0,184.9856,0.0801713007233007,0.25032910503021666
5-19A,4.0,186.1136,-0.0917988209186148,0.830501022333017
5-19A,4.0,187.0234,-1.0620897835664067,0.9252450878771192
5-19A,4.0,188.035,-0.3218682576202377,1.1432906493703723
5-19A,4.0,188.0565,-0.9144834600152649,0.012038421145305933
5-19A,4.0,189.0405,-0.6543043689918648,0.08982092489676322
5-19A,4.0,191.0197,-0.6844633973717402,0.2025107308213395
5-19A,4.0,191.0561,-1.0369589804868053,0.02359976121935031
5-19A,4.0,192.0663,0.8251935792973428,0.7264202668809915
5-19A,4.0,193.0349,-0.07047798275663687,0.5825649724996735
5-19A,4.0,194.0682,-0.8593312097495629,0.1057336188300424
5-19A,4.0,194.0822,1.666986560879387,0.7774066393091764
5-19A,4.0,195.0509,0.3817360412664746,0.21589101880610323
5-19A,4.0,195.0657,-0.17176688404190432,0.253962915944522
5-19A,4.0,196.0603,-0.5261568074388261,0.1686731189092764
5-19A,4.0,198.0182,-0.6977398540860769,0.3781714540359925
5-19A,4.0,199.0019,-0.6096589748431787,0.43644870674228214
5-19A,4.0,200.9937,0.5898918036019895,0.43347112877496546
5-19A,4.0,201.0051,-0.7544092982941626,0.11913993902631205
5-19A,4.0,203.0348,0.3582205390301981,0.14085898007596503
5-19A,4.0,203.0826,-0.09163843527952864,0.057628232556217705
5-19A,4.0,204.0498,1.378372094079079,1.3646844918979142
5-19A,4.0,205.0351,-0.9765076003434952,0.06474624607261349
5-19A,4.0,206.0822,1.860149896106608,0.5855300123184017
5-19A,4.0,209.0292,-0.5038680916855867,0.4798147249165736
5-19A,4.0,209.0814,-0.09171336945127549,0.3103815086155433
5-19A,4.0,211.0235,-0.4443797760657116,0.22239816949963462
5-19A,4.0,211.9968,-0.8271159876543164,0.07101589169693083
5-19A,4.0,212.0331,-0.08549430906332706,0.5991266272090648
5-19A,4.0,212.9807,-0.505550192019685,0.11957308872379947
5-19A,4.0,213.014,-0.5513123972856792,0.31442903419277624
5-19A,4.0,213.0384,-0.4975923181476895,0.17171907439376247
5-19A,4.0,213.1252,-0.7014082406247719,0.17533470696774534
5-19A,4.0,214.0488,0.8635638022942332,1.1778205461115236
5-19A,4.0,215.0331,1.4026159116824333,0.18445812171945755
5-19A,4.0,216.1351,0.570860531053462,0.19578273987628922
5-19A,4.0,218.0335,1.5099606215309391,0.14982438560070246
5-19A,4.0,218.1034,-1.0029243145424052,0.07474034605495754
5-19A,4.0,220.0828,-0.09485755136643191,0.6770732280707152
5-19A,4.0,221.0443,1.2085864264389472,0.12693346850603673
5-19A,4.0,221.0664,1.763890841731234,0.5784131785589448
5-19A,4.0,225.0399,-0.37469701700162406,0.9835849036371985
5-19A,4.0,225.0861,0.1507781889843798,0.4847195413721106
5-19A,4.0,225.0901,1.0642915264420558,0.4026058772567669
5-19A,4.0,226.0135,-0.974032087402555,0.354344362356381
5-19A,4.0,226.0697,0.58508609697164,0.3018975224155892
5-19A,4.0,228.0501,-0.25760254090418927,0.49318813974889325
5-19A,4.0,229.0122,-0.13875491627143055,0.3490967299457737
5-19A,4.0,237.0614,-0.7388970185274542,0.17126294600824685
5-19A,4.0,238.0945,-0.46999679938541694,0.43379044691413904
5-19A,4.0,240.0515,-0.6798806947772804,0.06318632869029837
5-19A,4.0,241.0844,0.0362574433414298,0.6294271590800077
5-19A,4.0,242.0804,-0.11067981677815189,0.4278516796680126
5-19A,4.0,243.029,0.02056271769721954,0.378818543101644
5-19A,4.0,243.0625,-0.5854781636857039,0.15572394950774643
5-19A,4.0,245.0444,1.6864323790026106,0.24086165404606
5-19A,4.0,246.0198,-0.28412246176521777,0.557199488991047
5-19A,4.0,246.064,1.1552578156698043,1.4166662089883537
5-19A,4.0,251.0816,-0.22552758170585374,0.7021924667485268
5-19A,4.0,253.0119,-0.29486135161376825,0.005817447377032163
5-19A,4.0,253.0499,2.357913578729926,1.3372005899484205
5-19A,4.0,257.0072,-0.5063969677996906,0.6809614186737226
5-19A,4.0,257.1028,0.11755583705093056,0.45156771469611384
5-19A,4.0,259.005,0.5002068299139962,0.8299109150165842
5-19A,4.0,259.0227,1.7169292816570678,0.23178475519767452
5-19A,4.0,261.0385,-0.22544271317372883,0.37046113935145863
5-19A,4.0,266.0703,-0.3920191369491161,0.18940109410228564
5-19A,4.0,267.0724,-0.6910894869285193,0.022378514528977933
5-19A,4.0,268.02,-0.545334684007881,0.6417045102355841
5-19A,4.0,269.0398,-0.3971783948554589,0.055836568406793026
5-19A,4.0,271.0612,2.6110415491020547,0.8281509589677292
5-19A,4.0,271.0815,0.6768316012658621,0.3678717522139663
5-19A,4.0,273.0021,-0.8643628622521542,0.12605265464300006
5-19A,4.0,274.0933,-0.19742841522985838,0.21756524659219914
5-19A,4.0,275.0184,-0.4223788869226906,0.9049823177010656
5-19A,4.0,275.0991,-0.580560745957051,0.13244226329987718
5-19A,4.0,277.1207,1.231796100647859,0.14690250103271124
5-19A,4.0,277.2169,0.5022559519131763,0.17678122407777483
5-19A,4.0,279.2331,-0.24495439948011688,0.027545889259991553
5-19A,4.0,282.0839,1.5567347796251791,0.606626627091349
5-19A,4.0,283.2063,-0.12505794377292112,0.07858396327984106
5-19A,4.0,285.0972,-0.08441761458506278,0.5950476811803793
5-19A,4.0,287.0157,1.1720498333227658,1.1705871700693125
5-19A,4.0,288.0725,-0.4880541306594087,0.15759247224926018
5-19A,4.0,289.0333,1.2559828375612772,0.89049945708921
5-19A,4.0,289.1044,-0.9613040034640153,0.2741921089036539
5-19A,4.0,290.9677,-0.43679192438151127,0.022045261323061498
5-19A,4.0,294.0479,0.6026901860676238,0.24883896571690686
5-19A,4.0,300.0509,0.8095176586064081,1.9477166899622278
5-19A,4.0,301.0333,0.8210753159944724,0.8098284853621538
5-19A,4.0,303.2326,-0.04388540004494512,0.2538122478615826
5-19A,4.0,305.0207,0.9532056042072621,0.44217090324311964
5-19A,4.0,306.0481,-0.6341601728550669,0.17092045991301358
5-19A,4.0,306.0765,-0.24174300776102448,0.0261672949952008
5-19A,4.0,308.0986,-0.3067013957790181,0.046005095368107075
5-19A,4.0,313.0441,-0.7571080024553389,0.2030026047417768
5-19A,4.0,313.1037,-0.728707151896899,0.7290317893538608
5-19A,4.0,317.026,0.02476953258817046,0.22462586810612617
5-19A,4.0,323.0256,1.6373207490148238,0.7457637396065971
5-19A,4.0,325.1163,-0.09364802467811179,0.2977532161071794
5-19A,4.0,328.0457,-0.24421133511377902,0.0700477940273605
5-19A,4.0,333.0589,-0.9615515508539935,0.30122867370787704
5-19A,4.0,338.9884,-0.3416240873215505,0.22632014674591075
5-19A,4.0,339.0928,0.9702119275463823,0.3171488899185147
5-19A,4.0,341.1089,0.5426470831843136,0.24019615527798263
5-19A,4.0,344.0393,0.01722485328118384,0.4921295544424319
5-19A,4.0,346.0556,1.943042474993184,0.2769353279224396
5-19A,4.0,348.087,-0.5497828542214844,0.096986480513755
5-19A,4.0,353.0489,0.05427563855461913,0.344310706756901
5-19A,4.0,357.089,-0.4691878674466632,0.1694083811642156
5-19A,4.0,375.131,-1.0401919927654795,0.40472208473732907
5-19A,4.0,377.1496,0.12878787130246017,0.4437182104261347
5-19A,4.0,383.1188,0.9127987692575578,0.23976888318813505
5-19A,4.0,388.9416,-0.21095642236993534,0.3445825116242018
5-19A,4.0,388.9442,-0.6124671801578494,0.29107201697068036
5-19A,4.0,401.0756,1.3511309556054338,0.2725788779888239
5-19A,4.0,407.2795,0.5561223137307558,0.1262182930251186
5-19A,4.0,421.0743,-0.18296373215768463,0.7775154203069551
5-19A,4.0,426.0222,0.6439640867203528,0.9246454130881365
5-19A,4.0,442.9997,-0.05616003814010759,0.18483643271807362
5-19A,4.0,466.9657,0.7806245012984143,0.35827855704678535
5-19A,4.0,490.9787,-0.6344048317722117,0.5741502635953414
5-19A,4.0,503.1614,0.630994625029896,0.2919927698786487
5-19A,4.0,547.0731,-1.1392703484721545,0.07897353741432307
5-19A,4.0,565.0471,0.018149596744812348,0.27969032545474853
5-19A,4.0,578.8872,1.5655385464958331,0.21937638533707166
5-19A,4.0,579.0269,1.8412968700834091,0.11471255144800752
5-19A,4.0,612.2549,-0.36586395073871014,0.49677326682325307
5-19A,4.0,624.2949,-0.66390513881993,0.27893520320192894
5-19A,4.0,659.307,-0.05868601347696062,0.11519000127077686
5-19A,4.0,664.0939,-0.4395351341535769,0.2034060973687702
5-19A,4.0,665.2144,0.11564822368934069,0.14215645805882413
5-19A,4.0,668.1374,-0.6158428257686547,0.00017930030316372074
5-19A,4.0,787.255,-0.005819587617003869,0.09015186477767602
5-19A,4.0,790.2568,0.20964523014244657,0.07541382285217733
5-19A,4.0,835.0407,-0.6000843283244466,0.1598975100055134
5-19A,4.0,863.2971,-0.4919278017270384,0.027403205103830063
5-19A,4.0,864.1473,-0.6912527666047901,0.24929410051136033
5-19A,4.0,974.2935,-0.19573663977207487,0.1083658202709518
5-19A,4.0,976.7162,0.7753646966544887,0.10309815348278693
5-19A,5.0,57.0342,1.3113220389729752,0.6305865738169248
5-19A,5.0,58.0295,-0.47061162157656444,0.21406301957693044
5-19A,5.0,59.0135,2.2467638771415466,0.5823301271985031
5-19A,5.0,71.0137,1.8591899466707977,0.4810643791044165
5-19A,5.0,73.0293,-0.9308799294867067,0.007946431530126552
5-19A,5.0,74.0247,-1.2103650267694048,0.11229727938425113
5-19A,5.0,75.0087,0.6674777690683424,0.5155766823283336
5-19A,5.0,87.0088,-0.6824770942024951,0.016846533351931547
5-19A,5.0,87.0451,0.32317003609615436,0.13257300447223608
5-19A,5.0,88.0403,-0.692613989313551,0.012938133896612034
5-19A,5.0,88.9883,-1.1928946380954772,0.28919220699448933
5-19A,5.0,89.0244,-0.23460862775088304,0.21928033305805408
5-19A,5.0,93.0338,-0.06049049889851532,0.009830550881018233
5-19A,5.0,94.9761,-0.4686939572847993,0.3479782156137807
5-19A,5.0,94.9806,0.964944698562072,0.4197691370891785
5-19A,5.0,95.0139,1.8416958671332264,0.4768518099529053
5-19A,5.0,101.0242,1.7507189248672663,0.5301273289237268
5-19A,5.0,102.056,-0.5863555466397672,0.04070964930862123
5-19A,5.0,103.0402,-0.9088806389346309,0.053041169558775046
5-19A,5.0,103.0509,-0.8156095167177111,0.12135777394859044
5-19A,5.0,104.0352,-0.7994620319125025,0.10965989250000538
5-19A,5.0,105.0193,0.40144666513681915,0.3613858308608123
5-19A,5.0,107.0503,0.5121806855488416,0.47545757645928044
5-19A,5.0,109.0295,-0.333790418123568,0.0715499025987615
5-19A,5.0,111.02,0.6633905015504018,0.16593137765775784
5-19A,5.0,112.0516,0.9295610759110231,0.7915437584958422
5-19A,5.0,113.0244,1.8131387046646075,0.21822881763580135
5-19A,5.0,113.0357,1.4433791619826863,0.21050800132613154
5-19A,5.0,114.056,-0.24274504738430042,0.0030029634155262054
5-19A,5.0,115.0037,-0.5372430509220996,0.045783163505041496
5-19A,5.0,115.0402,-0.2707064169337254,0.46257095781937646
5-19A,5.0,115.0764,0.5364056582394798,0.3502637929614177
5-19A,5.0,116.0354,-0.979254364626859,0.29379413181106606
5-19A,5.0,116.0717,-0.8079181906583751,0.007612289730750958
5-19A,5.0,117.0194,-0.9317464685812196,0.0018476335723609414
5-19A,5.0,118.0508,-1.3813023381692404,0.1687320522708322
5-19A,5.0,118.9804,1.6936533456874137,0.33956211519676865
5-19A,5.0,119.0503,0.45093428055383045,0.6935375597130886
5-19A,5.0,120.9273,-0.5573867261423617,0.040490474156448034
5-19A,5.0,121.0295,0.06868292369012718,0.6770424548873154
5-19A,5.0,121.0409,-0.1614600670770027,0.787435830271666
5-19A,5.0,122.0248,0.06735076536992587,0.5365482038815582
5-19A,5.0,124.0075,0.930447964117052,0.63961969431805
5-19A,5.0,124.0144,1.5111652258289505,0.2768721518604312
5-19A,5.0,125.0439,0.03306935170580355,0.3832415147572288
5-19A,5.0,127.0764,0.24902736449734625,0.215079414695216
5-19A,5.0,128.0354,-0.3395007479978039,0.036573735341699706
5-19A,5.0,129.0193,-0.6900094910248207,0.11805851137788413
5-19A,5.0,129.0556,0.06945306907811107,0.5289090360055396
5-19A,5.0,130.0142,-0.7630847920076393,0.17895271804893784
5-19A,5.0,130.0509,-0.6745739045442939,0.06405304829698373
5-19A,5.0,130.0874,-1.0945521983003945,0.03235200302950716
5-19A,5.0,131.0008,0.5179933891139121,0.1679436885228681
5-19A,5.0,131.0123,-0.8113074731693763,0.014358540645563134
5-19A,5.0,131.035,0.5830313276390932,0.4534878832523207
5-19A,5.0,131.0462,0.5290847537221004,0.4378370542696181
5-19A,5.0,131.0828,-0.8165169631341054,0.08187014358876023
5-19A,5.0,132.0302,0.14518183449291694,0.07581343787857987
5-19A,5.0,133.0142,-0.1542577605477185,0.09096272213433594
5-19A,5.0,133.0257,-0.1358476876859738,0.16284392561214048
5-19A,5.0,133.0505,-0.7462557028641259,0.06565267294949459
5-19A,5.0,134.0472,-0.4605275060581636,0.1566799514622774
5-19A,5.0,134.0604,-0.8535148950633966,0.13287800417449178
5-19A,5.0,135.0302,-0.6499527671078554,0.10488675731139536
5-19A,5.0,135.0453,0.34583802862366153,0.39607625234885935
5-19A,5.0,136.0404,-0.4155590146487263,0.09526542973581698
5-19A,5.0,136.0487,0.09664894047204778,0.4787134010710741
5-19A,5.0,136.0767,-0.2266042837005815,0.8556196693507021
5-19A,5.0,137.0239,0.06042738897823044,0.19539880813440746
5-19A,5.0,138.9789,-0.4395212508734959,0.5841515001722483
5-19A,5.0,139.0014,-0.2960099291307569,0.04464647499249911
5-19A,5.0,139.0067,-0.6427029451568389,0.04724399921701305
5-19A,5.0,139.976,-0.15021065791473048,0.3405666987392765
5-19A,5.0,143.0713,0.5276002495504273,0.3007142657604608
5-19A,5.0,143.1077,1.0289411030005107,1.007159905972802
5-19A,5.0,145.0141,-0.1882408994717619,0.12366305741328247
5-19A,5.0,145.0506,-0.925780248204735,0.2582975781248764
5-19A,5.0,145.0623,-0.8389759431393864,0.20198086323774214
5-19A,5.0,145.0982,-0.7663485035161501,0.05577674467201396
5-19A,5.0,145.1106,-0.559169154601837,0.8468953296417632
5-19A,5.0,146.0459,-0.4633128929342695,0.0044550144769424805
5-19A,5.0,147.0298,-0.8185220122857115,0.020513209083093776
5-19A,5.0,147.0662,-0.4908969659943014,0.1186835331419714
5-19A,5.0,149.0092,0.5354058917143142,0.9975481290077381
5-19A,5.0,149.0456,0.858227023850191,0.48199362559713077
5-19A,5.0,149.0608,0.44514412569708717,1.007167750203267
5-19A,5.0,150.0422,-0.4889438212268562,0.23334177293946248
5-19A,5.0,150.9707,-0.45455874356621007,0.40119242848042497
5-19A,5.0,151.0259,-0.7096384009255333,0.09747626889365088
5-19A,5.0,151.04,1.2491674808886692,0.6874934172294507
5-19A,5.0,151.06,-1.1055038200233978,0.49970344430092795
5-19A,5.0,152.0353,-0.07432746209845319,0.7526391323044913
5-19A,5.0,152.0716,0.8169592189536574,0.27761016844694414
5-19A,5.0,153.0192,0.7030798000604891,0.20426801403565964
5-19A,5.0,154.062,-0.4601850926449077,0.08636903872585507
5-19A,5.0,154.9751,-0.9537262347274595,0.023075965244502127
5-19A,5.0,155.0099,0.735430796913183,0.1717721122899226
5-19A,5.0,157.0128,-0.3389997750530144,0.10809693265172893
5-19A,5.0,157.0255,0.7806440738674956,0.14507918767688624
5-19A,5.0,157.0379,0.6730695324127483,0.15965942472143066
5-19A,5.0,157.0504,-0.8261915891662197,0.036528274170799666
5-19A,5.0,159.0297,0.9559029650053918,0.31911745366431565
5-19A,5.0,159.0775,-0.866934427553935,0.06799629382016603
5-19A,5.0,160.0616,-1.5060413443749576,0.2225652206942379
5-19A,5.0,161.0453,0.34601787521169214,0.35711624504571066
5-19A,5.0,162.0424,-0.32296970537551617,0.20007068355051194
5-19A,5.0,163.0351,-0.7484829134762878,0.31168085920351307
5-19A,5.0,163.0398,0.776437263889459,0.16577295344548884
5-19A,5.0,163.0611,0.1695553924905545,0.6083440503674135
5-19A,5.0,164.0716,-0.6287309898657282,0.04182341010417355
5-19A,5.0,165.03,1.312214565687086,0.9449956198419366
5-19A,5.0,165.0405,0.5715204065860361,0.6249799536005923
5-19A,5.0,165.0556,-0.7498675739195562,0.12699474851879977
5-19A,5.0,166.0508,-0.4566769949835503,0.2423344512166891
5-19A,5.0,166.0632,-0.6474355348027798,0.4557131629998774
5-19A,5.0,166.9759,-0.7191879418946843,0.17177334008899137
5-19A,5.0,167.0207,-0.48507095810144785,0.13467339859033461
5-19A,5.0,167.0358,0.5433161651676853,0.9337025518563988
5-19A,5.0,167.0828,0.31310509314446233,0.7642506254796508
5-19A,5.0,168.0277,-0.461648646155038,0.008925553901200018
5-19A,5.0,168.0664,-0.4134719140635375,0.5388523843909179
5-19A,5.0,170.0455,-0.8153098027730677,0.014825023831732951
5-19A,5.0,171.0065,-0.7930945498115385,0.1528367290599714
5-19A,5.0,171.0092,-0.52987974623847,0.2121790215139692
5-19A,5.0,171.0284,-0.8438953037069483,0.04788457699938332
5-19A,5.0,172.0616,-0.2563798024999677,0.1723886105841536
5-19A,5.0,172.962,-0.5660400190602755,0.01388159130615068
5-19A,5.0,173.0089,-0.9575082670291973,0.10839237270601272
5-19A,5.0,173.0453,-1.248925044539237,0.14354325204814677
5-19A,5.0,173.0932,-0.8677455490797372,0.050251239237749885
5-19A,5.0,173.1041,-0.9361896205841096,0.19343966151881306
5-19A,5.0,174.0407,-0.5543448037994747,0.034075219971449966
5-19A,5.0,174.088,-0.8128895344370113,0.12830338482953593
5-19A,5.0,175.022,-0.6218377271492532,0.11394651956396926
5-19A,5.0,175.0361,0.14316063508954321,0.10293299731571641
5-19A,5.0,175.0611,-0.8701057365346915,0.04848572103178481
5-19A,5.0,176.0776,-0.7723213552629037,0.2094531006234563
5-19A,5.0,177.0402,1.6583121586701677,1.0973976671492192
5-19A,5.0,177.0553,1.5850789064853663,0.6372005729289125
5-19A,5.0,178.0509,-0.5938549571000834,0.06485041872307078
5-19A,5.0,179.0348,0.25644808837930366,0.2869051656050416
5-19A,5.0,179.0561,1.0362982375168737,0.20314660804241336
5-19A,5.0,180.0663,1.0690469273112666,0.3356055937440693
5-19A,5.0,181.0505,-0.8475276364571215,0.12452233210853265
5-19A,5.0,182.9725,1.6087026184678792,0.3262834202174751
5-19A,5.0,183.0661,0.6042932599441474,0.572995083122393
5-19A,5.0,184.0017,-0.4570705601629066,0.06417322158058199
5-19A,5.0,184.9856,-0.2623898538225705,0.1797728340211761
5-19A,5.0,186.1136,-0.07910866932236821,0.3640972203799018
5-19A,5.0,187.0234,-0.7593259368134762,0.5454520449645716
5-19A,5.0,188.035,-0.5444423694002326,0.3347551066496751
5-19A,5.0,188.0565,-0.7789581419959415,0.02791120261519978
5-19A,5.0,189.0405,-0.42548042295238836,0.1196920247158879
5-19A,5.0,191.0197,-0.6074176260315813,0.211675128433399
5-19A,5.0,191.0561,-1.0487492995126158,0.018883731000748305
5-19A,5.0,192.0663,-0.45698132650649886,0.9341472344557027
5-19A,5.0,193.0349,1.1668736773710329,0.24364947250565652
5-19A,5.0,194.0682,-0.5038550221119528,0.12067668100855973
5-19A,5.0,194.0822,-0.0413886352947945,0.5181208383553128
5-19A,5.0,195.0509,1.104425469202784,0.17762712052935317
5-19A,5.0,195.0657,0.3088403021737014,0.5257809816457878
5-19A,5.0,196.0603,-0.4342834245242947,0.14866536754334025
5-19A,5.0,198.0182,-0.4669391489344584,0.12567413271972763
5-19A,5.0,199.0019,-0.16532731810026352,0.19791553951299162
5-19A,5.0,200.9937,0.8751887539103499,0.4515144903835556
5-19A,5.0,201.0051,-0.26010763954790017,0.33665981511336474
5-19A,5.0,203.0348,-0.011061044840956283,0.1877969632974307
5-19A,5.0,203.0826,-0.09675256172639499,0.06350857872562256
5-19A,5.0,204.0498,1.4650867344569116,1.1963636701896998
5-19A,5.0,205.0351,-0.9430945960100248,0.11535377591561545
5-19A,5.0,206.0822,0.7618618786010373,0.312174789197331
5-19A,5.0,209.0292,-0.24069298826435795,0.8223963343018508
5-19A,5.0,209.0814,-0.31965615323325547,0.7511618180260138
5-19A,5.0,211.0235,-0.3716370658830185,0.602050517294344
5-19A,5.0,211.9968,-0.5379572424729651,0.10238262772877973
5-19A,5.0,212.0331,-0.6836082542899812,0.18539374448578608
5-19A,5.0,212.9807,-0.38139097595872484,0.09912313514467476
5-19A,5.0,213.014,-0.3539042149941791,0.19305563538299989
5-19A,5.0,213.0384,-0.5787580801372774,0.40065512544497084
5-19A,5.0,213.1252,-0.09773410026837502,0.7461200714287411
5-19A,5.0,214.0488,-0.1518867653640238,1.34878315509673
5-19A,5.0,215.0331,1.726274287993947,0.38059948946799277
5-19A,5.0,216.1351,0.5067034550586168,0.20261814604384415
5-19A,5.0,218.0335,1.917764277941436,0.31576966662510275
5-19A,5.0,218.1034,-0.7927832900723512,0.05592813376337421
5-19A,5.0,220.0828,0.016748692305415022,0.619355070949054
5-19A,5.0,221.0443,1.5976797323722307,0.18267562077555322
5-19A,5.0,221.0664,1.9102636780905784,0.8596396815140878
5-19A,5.0,225.0399,-0.33864587031574095,0.6266254349679065
5-19A,5.0,225.0861,-0.09201160291008889,0.4872859862083367
5-19A,5.0,225.0901,0.6437374120178494,0.19176803474910215
5-19A,5.0,226.0135,-1.0397787569403996,0.3172046798459497
5-19A,5.0,226.0697,0.6565884014144305,0.2921812506407052
5-19A,5.0,228.0501,0.20614234108413265,0.50734804839416
5-19A,5.0,229.0122,-0.03010740039459142,0.26828115851580897
5-19A,5.0,237.0614,-0.3951492832191388,0.054807104918044525
5-19A,5.0,238.0945,-0.5501881231468913,0.2602570254701925
5-19A,5.0,240.0515,-0.11417361309477103,0.05604835201116885
5-19A,5.0,241.0844,-0.44685069806362865,0.6411655071248229
5-19A,5.0,242.0804,-0.3618306990335997,0.5789277335594462
5-19A,5.0,243.029,-0.10710601317952063,0.4259110315194838
5-19A,5.0,243.0625,-0.3245636000514936,0.3029565630919018
5-19A,5.0,245.0444,-0.15759456382746523,0.2841181918836974
5-19A,5.0,246.0198,-0.19548519259328756,0.7236662140504969
5-19A,5.0,246.064,1.7065211983521995,0.22089864547228089
5-19A,5.0,251.0816,1.8560959634347969,2.8520485839335534
5-19A,5.0,253.0119,-0.2844628498077335,0.007015030367782075
5-19A,5.0,253.0499,3.5217702113217575,0.9589625314737485
5-19A,5.0,257.0072,-0.7664024853925662,0.1538309721420531
5-19A,5.0,257.1028,-0.18984216452804736,0.1779980423932464
5-19A,5.0,259.005,0.09672062208486146,0.16391092843084745
5-19A,5.0,259.0227,2.3978681191526157,0.5270104691842956
5-19A,5.0,261.0385,0.15053877270366345,0.0791971776328516
5-19A,5.0,266.0703,-0.47442331584994357,0.2035443264820615
5-19A,5.0,267.0724,-0.7074064207124604,0.008663526272452282
5-19A,5.0,268.02,-0.1916833588601321,0.6222104201536557
5-19A,5.0,269.0398,-0.5370184384522276,0.11525510733956035
5-19A,5.0,271.0612,3.0775423760691494,0.8779637712639861
5-19A,5.0,271.0815,0.6033385351847691,0.7944656430484976
5-19A,5.0,273.0021,-0.8052915395571294,0.09583405415046994
5-19A,5.0,274.0933,0.2614509476688546,0.15804058442730656
5-19A,5.0,275.0184,0.13233404841911933,0.4003454328557638
5-19A,5.0,275.0991,-0.4079694455224847,0.2879556472063982
5-19A,5.0,277.1207,1.775517111415468,0.23329286977685737
5-19A,5.0,277.2169,0.9047540498136581,0.5879303783009663
5-19A,5.0,279.2331,-0.3621935545033662,0.045588487332848864
5-19A,5.0,282.0839,1.5742510940558758,0.4190603547637932
5-19A,5.0,283.2063,-0.4566916551960612,0.10214270623254877
5-19A,5.0,285.0972,-1.0789888675023058,0.37259508473908853
5-19A,5.0,287.0157,0.6204580553772803,0.3968487760441325
5-19A,5.0,288.0725,-0.336780107031754,0.0421655228473805
5-19A,5.0,289.0333,1.6959487466867569,0.6754023513117315
5-19A,5.0,289.1044,-1.017030644334426,0.275653924551194
5-19A,5.0,290.9677,-0.2739119022376259,0.09225549405799319
5-19A,5.0,294.0479,0.5798441873353399,0.596319094178818
5-19A,5.0,300.0509,0.9334893633492014,1.2757032094544463
5-19A,5.0,301.0333,0.20808761943489676,0.3390725309155731
5-19A,5.0,303.2326,0.885594753083145,1.7067244865100095
5-19A,5.0,305.0207,0.893073073415674,0.22326781473931154
5-19A,5.0,306.0481,-0.4121676660830209,0.24114899185318403
5-19A,5.0,306.0765,-0.1822419927568495,0.00935483081176284
5-19A,5.0,308.0986,-0.24246647280249123,0.02478678077947471
5-19A,5.0,313.0441,0.09062835243235991,0.3829298329661875
5-19A,5.0,313.1037,-0.7850369193103488,0.1949201914682249
5-19A,5.0,317.026,0.8844947253989625,0.6443235755382685
5-19A,5.0,323.0256,1.0781440311838133,0.666983213521666
5-19A,5.0,325.1163,-0.39097508512542084,0.5905038338422143
5-19A,5.0,328.0457,0.19290547764186194,0.18356058172802828
5-19A,5.0,333.0589,-1.034480230701755,0.26992095174961217
5-19A,5.0,338.9884,-0.09425044198800091,0.317572458750291
5-19A,5.0,339.0928,1.6467716720556258,1.1129486419511565
5-19A,5.0,341.1089,1.0406111900297756,0.39450719727586797
5-19A,5.0,344.0393,0.32431421077849976,0.1300459569086953
5-19A,5.0,346.0556,2.279390921439898,0.6451291378551354
5-19A,5.0,348.087,-0.203588771230729,0.12514779870162623
5-19A,5.0,353.0489,0.4163146317161538,0.4572442907938425
5-19A,5.0,357.089,-0.19821983331771703,0.27359563417546234
5-19A,5.0,375.131,-0.3553445419402724,0.30944612562032603
5-19A,5.0,377.1496,-0.22982040859568534,0.1998245576915802
5-19A,5.0,383.1188,2.030895556167658,0.3574829692917975
5-19A,5.0,388.9416,0.4950457651158765,0.21185178853879888
5-19A,5.0,388.9442,0.16965786475243674,0.24213769761444953
5-19A,5.0,401.0756,1.722377796381224,0.3575367019755563
5-19A,5.0,407.2795,-0.4444377393961153,0.18293866792004657
5-19A,5.0,421.0743,0.24113048543010773,0.5918610123148884
5-19A,5.0,426.0222,0.9027295112779208,0.3322171468117817
5-19A,5.0,442.9997,-0.0016561918619618227,0.5187533141216945
5-19A,5.0,466.9657,0.4071282816566983,0.30950934767950683
5-19A,5.0,490.9787,0.8834075753199893,0.5643571774172152
5-19A,5.0,503.1614,2.605503881484948,0.49731771475579667
5-19A,5.0,547.0731,-0.9370956914684325,0.11648362289033702
5-19A,5.0,565.0471,0.18206270128199523,0.4385247323178537
5-19A,5.0,578.8872,1.9146827250124416,0.34775930064994964
5-19A,5.0,579.0269,2.4754803441373223,0.37018158901326176
5-19A,5.0,612.2549,0.2581544196260277,0.9119925628783717
5-19A,5.0,624.2949,-0.806528270159905,0.2691901112956053
5-19A,5.0,659.307,-0.4664110966112053,0.19380611354667793
5-19A,5.0,664.0939,-0.3702256151771882,0.31655595562483313
5-19A,5.0,665.2144,0.7088901653450752,0.3214100511838687
5-19A,5.0,668.1374,-0.614595805480566,0.0004151888792194789
5-19A,5.0,787.255,-0.4116335501254683,0.3837854917328174
5-19A,5.0,790.2568,0.3168555969734603,0.5160787137149814
5-19A,5.0,835.0407,-0.49943283169286756,0.2084461054001831
5-19A,5.0,863.2971,-0.47114442749548446,0.19042561768008365
5-19A,5.0,864.1473,-0.657396740374903,0.21710522746991803
5-19A,5.0,974.2935,-0.06368344188393013,0.22992611436913757
5-19A,5.0,976.7162,1.0031433132328824,0.4582440785297572
5-19A,6.0,57.0342,0.5551179448716698,0.2475932348423628
5-19A,6.0,58.0295,-0.14782487009121398,0.24461863608384898
5-19A,6.0,59.0135,0.9948222480938401,0.1433822014998711
5-19A,6.0,71.0137,1.0690620147934229,0.11587348700987894
5-19A,6.0,73.0293,-0.8976251099650758,0.008288690635666306
5-19A,6.0,74.0247,-0.8574248583815646,0.3261491939741523
5-19A,6.0,75.0087,-0.19130066579912938,0.6133902187159392
5-19A,6.0,87.0088,-0.6617663455406695,0.007471907037265066
5-19A,6.0,87.0451,0.986405214344096,0.6203379086486787
5-19A,6.0,88.0403,-0.6090108932945792,0.056226856668679305
5-19A,6.0,88.9883,-0.5743611451709164,0.18940749119423106
5-19A,6.0,89.0244,-0.7924593358141161,0.052266894750588246
5-19A,6.0,93.0338,-0.04037475475855855,0.0154250017929113
5-19A,6.0,94.9761,-0.7744090097824465,0.39330537107284425
5-19A,6.0,94.9806,0.8577898691051877,0.4242036717361932
5-19A,6.0,95.0139,0.9799804779669923,0.16007577315751131
5-19A,6.0,101.0242,0.4725316167861322,0.15898643344712474
5-19A,6.0,102.056,-0.47565294914623274,0.08753915280693123
5-19A,6.0,103.0402,-0.8555396619551539,0.03673133137916748
5-19A,6.0,103.0509,-0.8359156689574307,0.049389610695116354
5-19A,6.0,104.0352,-0.11955216347947356,0.25102644555329207
5-19A,6.0,105.0193,0.9804061584757018,0.5849154569724072
5-19A,6.0,107.0503,0.17628631899315161,0.678162174489899
5-19A,6.0,109.0295,-0.28589310169257237,0.06430056035479362
5-19A,6.0,111.02,0.0012319813039020702,0.04796579348572949
5-19A,6.0,112.0516,0.6251501400317889,0.24124853133570553
5-19A,6.0,113.0244,1.0394456159093752,0.06566459010012758
5-19A,6.0,113.0357,0.9681313824536577,0.13456042679202396
5-19A,6.0,114.056,-0.22560979842667958,0.0015882520512051656
5-19A,6.0,115.0037,-0.5287359607672277,0.03932060790404367
5-19A,6.0,115.0402,0.4288154315826967,0.5260810594257889
5-19A,6.0,115.0764,0.34690348235346935,0.35883975952386604
5-19A,6.0,116.0354,-0.4398880751682195,0.2368228820236624
5-19A,6.0,116.0717,-0.7270609902711198,0.011809368590851998
5-19A,6.0,117.0194,-0.8761410297758048,0.005931432771860259
5-19A,6.0,118.0508,-1.1516045863862745,0.1461210684410865
5-19A,6.0,118.9804,1.130483798974326,0.03703547106707027
5-19A,6.0,119.0503,-0.18682262200867708,0.36869175508523955
5-19A,6.0,120.9273,-0.6561659602010115,0.07514111439263123
5-19A,6.0,121.0295,-0.16826599094574066,0.3885256343501589
5-19A,6.0,121.0409,0.30151947030277726,0.1765433384709383
5-19A,6.0,122.0248,1.5333172368112198,0.25986831249268066
5-19A,6.0,124.0075,0.16876144732456505,0.40210093426192434
5-19A,6.0,124.0144,1.581878481738518,0.3539336081495666
5-19A,6.0,125.0439,1.8589352588785286,0.05811777836188913
5-19A,6.0,127.0764,0.4702390175319696,0.2907278619242588
5-19A,6.0,128.0354,-0.2732199434753046,0.006225039512245173
5-19A,6.0,129.0193,-0.8168239672883106,0.04326337886187086
5-19A,6.0,129.0556,1.3599478357718655,0.534586361785048
5-19A,6.0,130.0142,-0.7338606496251542,0.11267566717046501
5-19A,6.0,130.0509,-0.5375594985193487,0.032863833564799834
5-19A,6.0,130.0874,-0.7962587761239994,0.02641361681957264
5-19A,6.0,131.0008,-0.3387940187892302,0.9923823128095777
5-19A,6.0,131.0123,-0.6798730216796242,0.05790895077039402
5-19A,6.0,131.035,0.8372024920132548,0.06513038030339194
5-19A,6.0,131.0462,0.6833473185315254,0.12199419980281215
5-19A,6.0,131.0828,-0.01875766477850734,0.18370505073013665
5-19A,6.0,132.0302,0.11563000658902717,0.03704822553231105
5-19A,6.0,133.0142,-0.17718101469137937,0.02809443730491349
5-19A,6.0,133.0257,-0.18686204788459482,0.10627638455245939
5-19A,6.0,133.0505,-0.7682373991863891,0.039122260400458374
5-19A,6.0,134.0472,-0.15579062787081718,0.15960378618211862
5-19A,6.0,134.0604,-0.2736500344636997,0.5175831738951008
5-19A,6.0,135.0302,-0.2663099547402658,0.059947137980910545
5-19A,6.0,135.0453,0.488701479943879,0.27907871378224103
5-19A,6.0,136.0404,-0.24007416519865943,0.047531982222386776
5-19A,6.0,136.0487,0.49324457745994404,0.26195552537018757
5-19A,6.0,136.0767,0.249248698557465,0.6471091737288194
5-19A,6.0,137.0239,-0.08203242861625416,0.015086959579107459
5-19A,6.0,138.9789,-1.0668129315111443,0.37631125187186326
5-19A,6.0,139.0014,-0.29930667252452925,0.008420314291217338
5-19A,6.0,139.0067,-0.6718691208806342,0.03071806140679567
5-19A,6.0,139.976,0.11220607523357487,0.3678140858250269
5-19A,6.0,143.0713,0.15232011646518584,0.1824033733023885
5-19A,6.0,143.1077,0.6613474891546429,0.6526280206722221
5-19A,6.0,145.0141,-0.23411441093714833,0.04569100344644948
5-19A,6.0,145.0506,-0.4979718142258911,0.11916579039034426
5-19A,6.0,145.0623,-0.07738273063483828,0.28623975556112846
5-19A,6.0,145.0982,0.2129859071038192,0.0829887437967373
5-19A,6.0,145.1106,-0.3052858284989812,0.8114164630058733
5-19A,6.0,146.0459,-0.43349603635166956,0.0032433367484172174
5-19A,6.0,147.0298,-0.8276150702115329,0.005437033746931267
5-19A,6.0,147.0662,-0.631947365932805,0.04982541747362298
5-19A,6.0,149.0092,0.021826920634435358,0.45623512335731503
5-19A,6.0,149.0456,-0.12995092950754722,0.18772650552980985
5-19A,6.0,149.0608,0.05433361933859215,0.2112062819653137
5-19A,6.0,150.0422,-0.5699177909809617,0.16367958926886736
5-19A,6.0,150.9707,-0.15056918293171506,0.903680409290077
5-19A,6.0,151.0259,-0.6496031836006548,0.06331041821507707
5-19A,6.0,151.04,-0.23574354931590907,0.3688085213728072
5-19A,6.0,151.06,-0.44178801745518004,1.1319089093672594
5-19A,6.0,152.0353,-0.29121314526043407,0.34639034258685997
5-19A,6.0,152.0716,0.04022127779985709,0.3576759477597744
5-19A,6.0,153.0192,0.3629129190864122,0.08840697188196549
5-19A,6.0,154.062,-0.2013511549557784,0.042978936345033754
5-19A,6.0,154.9751,-0.8762881204631046,0.009991719441266525
5-19A,6.0,155.0099,0.16886591555266703,0.08802156690958496
5-19A,6.0,157.0128,-0.48643542028935294,0.07875535464931152
5-19A,6.0,157.0255,0.6952857019503639,0.06436793021245184
5-19A,6.0,157.0379,0.571970886425615,0.09278006542231114
5-19A,6.0,157.0504,-0.7921433468749468,0.03737966214154921
5-19A,6.0,159.0297,0.7700086985063326,0.20531401342844666
5-19A,6.0,159.0775,-0.8077720501959698,0.06235513491812192
5-19A,6.0,160.0616,-0.4190031845127691,0.41527064782419637
5-19A,6.0,161.0453,0.44125065237870087,0.19126806899025894
5-19A,6.0,162.0424,-0.8912206381494703,0.06158890519731671
5-19A,6.0,163.0351,-1.0079253620463182,0.038861399275518654
5-19A,6.0,163.0398,0.8251267098479778,0.08689261626345138
5-19A,6.0,163.0611,0.10372715509221361,0.4913088373668066
5-19A,6.0,164.0716,-0.3125988754024284,0.03394722635354832
5-19A,6.0,165.03,0.7114276763952445,0.5493754031184553
5-19A,6.0,165.0405,1.7364832763145128,0.4709222814956604
5-19A,6.0,165.0556,-0.6006405339534444,0.10322033183152675
5-19A,6.0,166.0508,0.16690084561327592,0.4339362099380851
5-19A,6.0,166.0632,-1.0281914560451662,0.4508887315755861
5-19A,6.0,166.9759,-0.5530663086750405,0.3316248902247198
5-19A,6.0,167.0207,0.06315371879504302,0.09746983032880421
5-19A,6.0,167.0358,-0.0746708795518132,0.16463000383305204
5-19A,6.0,167.0828,0.3930514094603163,0.9678883080142071
5-19A,6.0,168.0277,-0.437945911240166,0.04413401953461462
5-19A,6.0,168.0664,0.734938132229287,0.9627418834410518
5-19A,6.0,170.0455,-0.7316809409566181,0.026419342541084415
5-19A,6.0,171.0065,-0.8975200083984722,0.058833541480575124
5-19A,6.0,171.0092,-0.7697628459532757,0.1206488015248351
5-19A,6.0,171.0284,-0.8425107271731826,0.06648090152466071
5-19A,6.0,172.0616,-0.25034758963538783,0.24697202424860804
5-19A,6.0,172.962,-0.5248652160606826,0.0754914496822971
5-19A,6.0,173.0089,-0.895217897282119,0.038451610202780366
5-19A,6.0,173.0453,-0.8639401681028529,0.14423272966970407
5-19A,6.0,173.0932,-0.7449966948615382,0.053803414849330614
5-19A,6.0,173.1041,-0.0448736717696934,0.16698347559095578
5-19A,6.0,174.0407,-0.4252618984731452,0.014154996769111406
5-19A,6.0,174.088,-0.4174113431410531,0.25918524140073806
5-19A,6.0,175.022,-0.741918422336233,0.08123470557330453
5-19A,6.0,175.0361,0.14744784738244499,0.05764860712315986
5-19A,6.0,175.0611,-0.9056466269279799,0.011276959309136107
5-19A,6.0,176.0776,-0.7994511469821661,0.17420805980703452
5-19A,6.0,177.0402,0.41959397383328945,0.1773145312517943
5-19A,6.0,177.0553,0.1275230182573328,0.5817546577267294
5-19A,6.0,178.0509,-0.4607794153681838,0.05059882444676246
5-19A,6.0,179.0348,0.0016153706144389334,0.3264054161763266
5-19A,6.0,179.0561,0.21721871504317092,0.09682392096279649
5-19A,6.0,180.0663,0.15253188352042896,0.12977350603009397
5-19A,6.0,181.0505,-0.8969206340748511,0.025574735302280226
5-19A,6.0,182.9725,1.198678457389531,0.10802520767500201
5-19A,6.0,183.0661,0.45360954284335775,0.5565429808675375
5-19A,6.0,184.0017,-0.4376767473266495,0.03514939787829306
5-19A,6.0,184.9856,-0.6431138402634675,0.059790240957000536
5-19A,6.0,186.1136,0.15439012004856884,0.6744560656741581
5-19A,6.0,187.0234,-1.1213019011970535,0.5078881760118702
5-19A,6.0,188.035,0.1610959558052852,0.6240477847115865
5-19A,6.0,188.0565,-0.6806560336734875,0.020615784509180685
5-19A,6.0,189.0405,-0.5180666198780294,0.06686574074738898
5-19A,6.0,191.0197,-0.6882157093718517,0.1518102436972644
5-19A,6.0,191.0561,-0.9494758341221328,0.0970704248642331
5-19A,6.0,192.0663,1.1173064708804792,0.5659334152706281
5-19A,6.0,193.0349,1.0964658905987523,0.4531570234658089
5-19A,6.0,194.0682,-0.3765745457199696,0.1375815473858175
5-19A,6.0,194.0822,-0.11918072012058312,0.6927991775997749
5-19A,6.0,195.0509,1.1996636108688092,0.10944985757618025
5-19A,6.0,195.0657,-0.03908081155666859,0.4189374855665179
5-19A,6.0,196.0603,-0.14695169355273427,0.16988326774250226
5-19A,6.0,198.0182,-0.7541765228640273,0.19621180332052704
5-19A,6.0,199.0019,-0.9116299277185088,0.10260361479604208
5-19A,6.0,200.9937,0.24789432732039518,0.17235379542331553
5-19A,6.0,201.0051,-0.4610512945671725,0.31960288667595
5-19A,6.0,203.0348,-0.1068606494210279,0.05215209320792153
5-19A,6.0,203.0826,-0.08389935897497869,0.004211863149634571
5-19A,6.0,204.0498,1.8764473191064341,0.4088550922469529
5-19A,6.0,205.0351,-0.8979820827407993,0.1345048556595403
5-19A,6.0,206.0822,0.7773998326833946,0.8486239506778063
5-19A,6.0,209.0292,-0.4860024188684797,0.5257344695284851
5-19A,6.0,209.0814,0.09612836903572655,0.38982132823205623
5-19A,6.0,211.0235,-0.42188696436448414,0.24093285980641013
5-19A,6.0,211.9968,-0.4249469429591771,0.11997577578134096
5-19A,6.0,212.0331,-0.44715663407494577,0.26628525906352624
5-19A,6.0,212.9807,-0.6550413672244314,0.06177105267220593
5-19A,6.0,213.014,-0.6189531897282043,0.2179103657752568
5-19A,6.0,213.0384,-0.3985525074889146,0.20941656657953414
5-19A,6.0,213.1252,-0.25245354661157005,0.43068565830379163
5-19A,6.0,214.0488,-0.4874573488242395,0.8146921468846389
5-19A,6.0,215.0331,0.5324975339021818,0.11135557360045234
5-19A,6.0,216.1351,0.11855314528980382,0.29977126293219236
5-19A,6.0,218.0335,0.7368353431029855,0.09735109035876441
5-19A,6.0,218.1034,-0.7448314438608574,0.019225224166232246
5-19A,6.0,220.0828,0.3051693220191768,0.9468982894291563
5-19A,6.0,221.0443,1.3533922324579017,0.17582328812853268
5-19A,6.0,221.0664,0.5619069335042319,0.3152733203703896
5-19A,6.0,225.0399,0.6634424847863056,0.34464740768616137
5-19A,6.0,225.0861,-0.3463189371145418,0.35246105847646286
5-19A,6.0,225.0901,0.1741956754739003,0.9153114464927109
5-19A,6.0,226.0135,-0.9201709713967234,0.07690862465867279
5-19A,6.0,226.0697,0.5295210531576643,0.2685837211693582
5-19A,6.0,228.0501,0.8215150613446447,0.4362014136210653
5-19A,6.0,229.0122,-0.18367954893604732,0.288504957894122
5-19A,6.0,237.0614,-0.8205870689967993,0.1245086541146764
5-19A,6.0,238.0945,-0.3436082999787454,0.14942968657149172
5-19A,6.0,240.0515,-0.1045494213321768,0.07433181282396226
5-19A,6.0,241.0844,-0.6593288158112238,0.8179993406213006
5-19A,6.0,242.0804,0.6037182669580382,0.5199077173400221
5-19A,6.0,243.029,-0.6539234083603447,0.25770105993200954
5-19A,6.0,243.0625,-0.6618830514788996,0.2613956493355511
5-19A,6.0,245.0444,-0.7847877219461619,0.21363197166181913
5-19A,6.0,246.0198,-0.9756844647649179,0.20294503046217513
5-19A,6.0,246.064,1.1614559258025703,0.9007469681846382
5-19A,6.0,251.0816,0.8033074065042741,0.6791043170202308
5-19A,6.0,253.0119,-0.2694240429361255,0.0054159167157267415
5-19A,6.0,253.0499,0.610481973599122,0.4382231299485244
5-19A,6.0,257.0072,-0.41794148243304213,0.38211027032803435
5-19A,6.0,257.1028,0.760222592352047,0.12613937843052445
5-19A,6.0,259.005,-0.8604776526287001,0.1440689979407463
5-19A,6.0,259.0227,0.361519139722239,0.17550121513996533
5-19A,6.0,261.0385,-0.6938385306314026,0.11575819625319789
5-19A,6.0,266.0703,-0.6278163761415272,0.10791283845648665
5-19A,6.0,267.0724,-0.5232795532422996,0.008417495900596235
5-19A,6.0,268.02,-0.9025582447631829,0.28422915881734645
5-19A,6.0,269.0398,-0.49890960440045234,0.24390215995049402
5-19A,6.0,271.0612,0.22484806077932262,0.3916379817254718
5-19A,6.0,271.0815,0.7099755330279236,0.4269680879837058
5-19A,6.0,273.0021,-0.663348312692871,0.05294838273978705
5-19A,6.0,274.0933,0.27731145288913817,0.0974964879875783
5-19A,6.0,275.0184,-0.7400589876936639,0.3610126288864458
5-19A,6.0,275.0991,-0.49717393788192343,0.1203415646369075
5-19A,6.0,277.1207,0.09275214738327664,0.11281023902084475
5-19A,6.0,277.2169,-0.4298186364044822,0.46933121058447397
5-19A,6.0,279.2331,-0.3133050489025254,0.01014397157433266
5-19A,6.0,282.0839,-0.05552772688720176,0.1905997302817022
5-19A,6.0,283.2063,-0.19545116538015522,0.09613554262531637
5-19A,6.0,285.0972,1.071994265150972,0.36327452986073205
5-19A,6.0,287.0157,0.3410726320578207,0.6022026590416208
5-19A,6.0,288.0725,-0.27832664935815543,0.09693272115737
5-19A,6.0,289.0333,1.2530835564467766,0.545324386488109
5-19A,6.0,289.1044,-0.8283360059441118,0.15081431717043378
5-19A,6.0,290.9677,-0.27411755883124195,0.06908510786059006
5-19A,6.0,294.0479,0.16004896062962262,0.35522521491023334
5-19A,6.0,300.0509,0.1406470655755238,0.9843890271796663
5-19A,6.0,301.0333,0.4953811570335842,0.694914416901554
5-19A,6.0,303.2326,-0.16405441146028618,0.282569301009353
5-19A,6.0,305.0207,0.9455877364250392,0.183025169491496
5-19A,6.0,306.0481,-0.09760573491844857,0.18052261441577572
5-19A,6.0,306.0765,-0.12851533785856495,0.05174767691819658
5-19A,6.0,308.0986,-0.17282823552662058,0.0259611117911582
5-19A,6.0,313.0441,-0.050780675436290966,0.3033108876511734
5-19A,6.0,313.1037,-0.3525047766713603,0.5217046715960395
5-19A,6.0,317.026,0.004822312337340012,0.5461066055154872
5-19A,6.0,323.0256,0.4605249306363513,0.295041845231708
5-19A,6.0,325.1163,-0.1929116610832976,0.5918687865875137
5-19A,6.0,328.0457,-0.17758980086758258,0.043387606824566785
5-19A,6.0,333.0589,-0.6893410132826967,0.1872265940074763
5-19A,6.0,338.9884,-0.7717236114873998,0.27352122086802183
5-19A,6.0,339.0928,1.9022252869283172,0.5828766477959806
5-19A,6.0,341.1089,0.6219684292827132,0.13728939137382298
5-19A,6.0,344.0393,0.1715935642950403,0.27018132789576693
5-19A,6.0,346.0556,1.6964276431157386,0.11726453949406197
5-19A,6.0,348.087,-0.40181280262059704,0.1532740381389568
5-19A,6.0,353.0489,-0.2980391667740644,0.12962538617131025
5-19A,6.0,357.089,-0.6927511267063985,0.25156762959921414
5-19A,6.0,375.131,-0.868537722145208,0.31961004400879633
5-19A,6.0,377.1496,-0.5376522948799342,0.4957652192247123
5-19A,6.0,383.1188,0.5618538172007346,0.7147960964124755
5-19A,6.0,388.9416,-0.031843816665289654,0.19562191691799985
5-19A,6.0,388.9442,-0.5438073479710687,0.16249298624077826
5-19A,6.0,401.0756,1.0981048207754394,0.15743421068814267
5-19A,6.0,407.2795,0.2958373347321638,0.0550886724712871
5-19A,6.0,421.0743,0.2826898296926086,0.32789724200938786
5-19A,6.0,426.0222,0.006210363363868654,0.576813406302035
5-19A,6.0,442.9997,0.13833263436822307,0.16936187227905294
5-19A,6.0,466.9657,0.5989337625559547,0.2933097399140366
5-19A,6.0,490.9787,-0.36076384178254794,1.128310604015752
5-19A,6.0,503.1614,0.7337881722503701,0.27803583778618296
5-19A,6.0,547.0731,-0.9660206053318265,0.0746508672600878
5-19A,6.0,565.0471,-0.2703374672406295,0.07715596684430301
5-19A,6.0,578.8872,0.8133533289491877,0.12565764895452375
5-19A,6.0,579.0269,1.7443240407669705,0.34771246586365967
5-19A,6.0,612.2549,-0.7669080150674126,0.2495844215801773
5-19A,6.0,624.2949,-1.0504888895572306,0.7122902563075272
5-19A,6.0,659.307,-0.939372193046929,0.0850888775845383
5-19A,6.0,664.0939,-0.5902080014935523,0.1482322905540865
5-19A,6.0,665.2144,-0.27439667495832726,0.503830090502393
5-19A,6.0,668.1374,-0.5927351980721045,0.001800256668375823
5-19A,6.0,787.255,-1.1413483332493173,0.4311207589588868
5-19A,6.0,790.2568,-0.5763488447572144,0.17541178725238543
5-19A,6.0,835.0407,-0.731747367161431,0.13202524870660737
5-19A,6.0,863.2971,-0.8375881310518303,0.08411389740154153
5-19A,6.0,864.1473,-1.3934267506126492,0.0977745781489602
5-19A,6.0,974.2935,-0.9474769798332322,0.2613513659215934
5-19A,6.0,976.7162,-0.2821874119900309,0.13483951568622748
5-19A,7.0,57.0342,-0.6365055766612151,0.19905180383585744
5-19A,7.0,58.0295,-0.40629696808512245,0.15866816045366125
5-19A,7.0,59.0135,-0.5118880581757651,0.19462477864435426
5-19A,7.0,71.0137,0.06740115566691729,0.12503586611983503
5-19A,7.0,73.0293,-0.9218903016156663,0.010539049254673987
5-19A,7.0,74.0247,-0.1435231541425241,0.4272915640125612
5-19A,7.0,75.0087,-1.0241133676425958,0.3185627139077024
5-19A,7.0,87.0088,-0.6940028184220233,0.004036986774896851
5-19A,7.0,87.0451,-0.009567882720802924,0.23571405715473426
5-19A,7.0,88.0403,-0.5854825407316748,0.06406385514657878
5-19A,7.0,88.9883,-1.567612020723442,0.1259354372457593
5-19A,7.0,89.0244,-1.1901441103204449,0.08858735458748036
5-19A,7.0,93.0338,-0.06253084745887505,0.013292293931750977
5-19A,7.0,94.9761,-1.8084226530980736,0.04899197281222385
5-19A,7.0,94.9806,0.6389110686953104,0.17258709979831285
5-19A,7.0,95.0139,0.03524045146073253,0.08235667149246366
5-19A,7.0,101.0242,-0.9881685681492789,0.17274250849999223
5-19A,7.0,102.056,-0.47927107853423895,0.02702819247641418
5-19A,7.0,103.0402,-0.9299003370807926,0.026063759890893205
5-19A,7.0,103.0509,-1.0426999859319088,0.08593761348610736
5-19A,7.0,104.0352,1.434679856728386,0.6752273831630334
5-19A,7.0,105.0193,-1.204213692869799,0.14637136428422684
5-19A,7.0,107.0503,-0.7227989973317568,0.2937663163852922
5-19A,7.0,109.0295,2.638889849505659,0.12861402570599234
5-19A,7.0,111.02,-0.40813956946371643,0.0844368944006627
5-19A,7.0,112.0516,-1.082209711685627,0.2121182691976701
5-19A,7.0,113.0244,-0.14344749648931332,0.10700377270982685
5-19A,7.0,113.0357,0.2923478598933299,0.17060117992037943
5-19A,7.0,114.056,-0.22631501980640323,0.00430645353773241
5-19A,7.0,115.0037,-0.6500072459536995,0.01180250330860206
5-19A,7.0,115.0402,-2.137597110742523,0.47114784845489965
5-19A,7.0,115.0764,-1.0474140647491195,0.23056226980041994
5-19A,7.0,116.0354,-0.781947208627791,0.28109657017471484
5-19A,7.0,116.0717,-0.7020668572938074,0.035621873742051974
5-19A,7.0,117.0194,-0.8913322262426445,0.0030205867959602374
5-19A,7.0,118.0508,-0.8093172808605105,0.15362206144064747
5-19A,7.0,118.9804,0.13261855484923185,0.10200354561636567
5-19A,7.0,119.0503,-0.7129061826452083,0.2835552484218734
5-19A,7.0,120.9273,-0.6629502482544902,0.08255027076096402
5-19A,7.0,121.0295,-1.2522223579737382,0.3734960730118294
5-19A,7.0,121.0409,-0.8776015718724037,0.2577713812824163
5-19A,7.0,122.0248,-0.2655997397006932,0.32241445827683735
5-19A,7.0,124.0075,5.18258341955511,0.6203940484898351
5-19A,7.0,124.0144,-0.24488062925864434,0.34579819583401483
5-19A,7.0,125.0439,-0.28441350497795603,0.10587685980710258
5-19A,7.0,127.0764,-0.3935025959071075,0.3043346980014834
5-19A,7.0,128.0354,-0.14027444794981256,0.05205307018741742
5-19A,7.0,129.0193,-1.1368632886616545,0.03737255680471517
5-19A,7.0,129.0556,-1.0649470791727833,0.5019543820355143
5-19A,7.0,130.0142,-0.7951740463884074,0.09992301447020405
5-19A,7.0,130.0509,-0.487686431842812,0.05720626728943067
5-19A,7.0,130.0874,-0.6233525921378849,0.1109179562599366
5-19A,7.0,131.0008,-1.136841864448422,0.09531008626706149
5-19A,7.0,131.0123,-0.6875198180440577,0.04927449332724588
5-19A,7.0,131.035,-0.7271514904598306,0.19393275323899611
5-19A,7.0,131.0462,-0.656289452433584,0.35179796303273086
5-19A,7.0,131.0828,1.034138246456792,0.20994310215818912
5-19A,7.0,132.0302,-0.0335419176854761,0.09673003554629667
5-19A,7.0,133.0142,-0.5382060512301112,0.027597219447744407
5-19A,7.0,133.0257,-0.7436898786997816,0.054158375838355095
5-19A,7.0,133.0505,-0.9494696512339518,0.05562488321617566
5-19A,7.0,134.0472,-1.0562654458974603,0.22477527984889506
5-19A,7.0,134.0604,-1.3704486855204907,0.12704010142455627
5-19A,7.0,135.0302,-0.5600269615313362,0.1781291496210993
5-19A,7.0,135.0453,-0.09031023395180592,0.4210600414605027
5-19A,7.0,136.0404,-0.45353253584368874,0.08142950663505318
5-19A,7.0,136.0487,-0.10054818899140519,0.34288108521452987
5-19A,7.0,136.0767,-1.3544708760572108,0.5769933035562875
5-19A,7.0,137.0239,-0.5586411251923088,0.1085985724110385
5-19A,7.0,138.9789,-2.523675131832639,0.36553155593710956
5-19A,7.0,139.0014,-0.38972355697457145,0.024091315119228993
5-19A,7.0,139.0067,-0.8211272208641135,0.03657502813892187
5-19A,7.0,139.976,-1.6471269791781071,0.10970287674950123
5-19A,7.0,143.0713,-1.0584499004229846,0.07858707521205749
5-19A,7.0,143.1077,-1.1824147885222152,0.4173244434592033
5-19A,7.0,145.0141,-0.48714114150016563,0.08514827567210878
5-19A,7.0,145.0506,0.36623620901660575,0.11680013170049636
5-19A,7.0,145.0623,0.45060755596847135,0.410866391885671
5-19A,7.0,145.0982,0.6119559726628823,0.07471129140777952
5-19A,7.0,145.1106,0.36990658470428933,0.40181517085380836
5-19A,7.0,146.0459,-0.4553000942660773,0.0038973335606096284
5-19A,7.0,147.0298,-0.8879669504142591,0.013206529598526487
5-19A,7.0,147.0662,-0.8135126340979459,0.0753349876653575
5-19A,7.0,149.0092,-1.1957672538054078,0.5393249281891169
5-19A,7.0,149.0456,-0.6649770208792144,0.1934678453814499
5-19A,7.0,149.0608,-2.1752469533380876,0.6424918168539253
5-19A,7.0,150.0422,10.652277951661798,1.583079045425901
5-19A,7.0,150.9707,0.19472330713681468,0.3286273837842724
5-19A,7.0,151.0259,-0.382033636921942,0.09649545395898579
5-19A,7.0,151.04,-1.8228535336198126,0.41871170593590795
5-19A,7.0,151.06,-1.062335312539286,0.2822087869078973
5-19A,7.0,152.0353,-2.285887174340828,0.3753379397274904
5-19A,7.0,152.0716,-1.3433431798803497,0.44632934655700013
5-19A,7.0,153.0192,-0.3332442540453161,0.09932630419336475
5-19A,7.0,154.062,0.8703665485928445,0.08594284025670541
5-19A,7.0,154.9751,-0.9201949453384017,0.010036821624432124
5-19A,7.0,155.0099,-0.35665189648842827,0.0897217543361296
5-19A,7.0,157.0128,-0.7534860976586102,0.06635581263327607
5-19A,7.0,157.0255,0.2625773425407197,0.1596950109532474
5-19A,7.0,157.0379,0.26158986815244833,0.15687498159021046
5-19A,7.0,157.0504,-0.9673855558672436,0.03454506825987033
5-19A,7.0,159.0297,-0.9969005226589892,0.05744783379467764
5-19A,7.0,159.0775,-0.9191674827306114,0.021156386949414907
5-19A,7.0,160.0616,-1.2390906698123398,0.136626125626038
5-19A,7.0,161.0453,-1.5836644457821512,0.13828518674734983
5-19A,7.0,162.0424,-1.3000010287245156,0.09616434889502859
5-19A,7.0,163.0351,-1.1990362359991371,0.07919556580542997
5-19A,7.0,163.0398,0.26139121925598324,0.0784239122649036
5-19A,7.0,163.0611,-1.923471557229922,0.483241196473222
5-19A,7.0,164.0716,-0.27075096875912474,0.1485893394459376
5-19A,7.0,165.03,-1.6983364764691686,0.3929544880178875
5-19A,7.0,165.0405,-1.999349049464191,0.4556660925440243
5-19A,7.0,165.0556,-1.1682362395388342,0.09745815841066927
5-19A,7.0,166.0508,-1.0225842246777224,0.13166812204643596
5-19A,7.0,166.0632,-2.0840404601195592,0.39536832001105654
5-19A,7.0,166.9759,-1.223670635411563,0.27381075014396516
5-19A,7.0,167.0207,1.1167600212068876,0.2487072708212762
5-19A,7.0,167.0358,-2.4465427654736844,0.3756363517111905
5-19A,7.0,167.0828,-0.8796075178380082,0.30879970739709817
5-19A,7.0,168.0277,-0.4972216502298298,0.013859094672369489
5-19A,7.0,168.0664,-0.95052249453577,0.11326721770908078
5-19A,7.0,170.0455,-0.7443430573584044,0.03849321101632037
5-19A,7.0,171.0065,-1.1275469860597829,0.0979046538493655
5-19A,7.0,171.0092,-0.7906115816135604,0.1947842554174133
5-19A,7.0,171.0284,-0.8488529809730125,0.043780957432548964
5-19A,7.0,172.0616,-0.6433031705280232,0.0918956713627913
5-19A,7.0,172.962,-0.7084269391629219,0.09502991857381077
5-19A,7.0,173.0089,-1.0762247007607129,0.04458012678618022
5-19A,7.0,173.0453,-1.3264513602467074,0.07693043149440458
5-19A,7.0,173.0932,-0.5613059046925997,0.03364425202022149
5-19A,7.0,173.1041,0.18733665988658976,0.13634831576432713
5-19A,7.0,174.0407,-0.3858318791856322,0.03698845060969305
5-19A,7.0,174.088,0.805581229082313,0.14331089931022808
5-19A,7.0,175.022,-1.0010342542823074,0.17856204262723147
5-19A,7.0,175.0361,-0.10841710033492166,0.10418153607021113
5-19A,7.0,175.0611,-0.9988031195286046,0.0114702571800407
5-19A,7.0,176.0776,-1.1593730504577135,0.12135732210511592
5-19A,7.0,177.0402,-2.1103266035985957,0.1593424653526816
5-19A,7.0,177.0553,-1.9427594126237988,0.6698646345164413
5-19A,7.0,178.0509,-0.6074944553812072,0.04636670882990646
5-19A,7.0,179.0348,-0.858182662305566,0.20642195681792547
5-19A,7.0,179.0561,-0.256622281255858,0.11609606250210046
5-19A,7.0,180.0663,-0.2489071727288173,0.08364347556871739
5-19A,7.0,181.0505,-1.520687758960741,0.08468410432255587
5-19A,7.0,182.9725,-0.14928041734375475,0.24396212409108617
5-19A,7.0,183.0661,-1.4302939913361827,0.4858541092789863
5-19A,7.0,184.0017,-0.4100274601073912,0.06467537240449618
5-19A,7.0,184.9856,-1.1662701969286906,0.06233171546227733
5-19A,7.0,186.1136,-1.6177190495250646,0.3321625813523235
5-19A,7.0,187.0234,-1.6078467545583128,0.5018774996668881
5-19A,7.0,188.035,-0.7227177501948887,0.3734173098221929
5-19A,7.0,188.0565,-0.6924386476335145,0.019823287457556543
5-19A,7.0,189.0405,-0.9042606852283493,0.08210984857753661
5-19A,7.0,191.0197,-1.0336241121939111,0.1119761922963524
5-19A,7.0,191.0561,-0.8173834287593718,0.07739522489006495
5-19A,7.0,192.0663,-0.4779420988796399,0.7352994942811343
5-19A,7.0,193.0349,-0.5004218288336644,0.38031498574417516
5-19A,7.0,194.0682,-0.41657698115745,0.09645951845511294
5-19A,7.0,194.0822,-1.8285728062924873,0.20670733305865574
5-19A,7.0,195.0509,0.21747209050305485,0.2661289073928526
5-19A,7.0,195.0657,-1.5100224051954743,0.5848976335307784
5-19A,7.0,196.0603,-0.5857380607150816,0.13986968463648242
5-19A,7.0,198.0182,-0.6244564185087381,0.13790358968160635
5-19A,7.0,199.0019,-1.0945166713732166,0.2809221238615508
5-19A,7.0,200.9937,-0.9726024374578863,0.14157919794798615
5-19A,7.0,201.0051,-0.6623238262722374,0.5898984083748493
5-19A,7.0,203.0348,-1.2009503902417444,0.18011535137505416
5-19A,7.0,203.0826,-0.07620554042659569,0.0067618357035494955
5-19A,7.0,204.0498,-0.2858655360294772,0.6573240697155894
5-19A,7.0,205.0351,-1.003674256685842,0.06909563327764132
5-19A,7.0,206.0822,-0.8401829659956964,0.43877508273816174
5-19A,7.0,209.0292,-0.9560070422108309,0.1280518669539231
5-19A,7.0,209.0814,0.18028779962189742,0.2708348806062708
5-19A,7.0,211.0235,-1.0162714778309634,0.1231467594815275
5-19A,7.0,211.9968,-0.30994175731098883,0.08709338319232543
5-19A,7.0,212.0331,-0.729139419670557,0.19083560487889883
5-19A,7.0,212.9807,-0.9145580473798711,0.12632750459313052
5-19A,7.0,213.014,2.6417741416043947,0.5579175794820447
5-19A,7.0,213.0384,-0.38683181983698856,0.15676355836490963
5-19A,7.0,213.1252,-0.9598702059032884,0.6394934927398594
5-19A,7.0,214.0488,-1.7939105318269024,0.25568769860592677
5-19A,7.0,215.0331,-0.45607632572735823,0.10246496662358157
5-19A,7.0,216.1351,-0.3170734007151945,0.08166597692044646
5-19A,7.0,218.0335,-0.3124596326838475,0.11609486174915043
5-19A,7.0,218.1034,-0.8844212346620134,0.048365130299669226
5-19A,7.0,220.0828,0.2437231878627667,0.74279597230327
5-19A,7.0,221.0443,-0.15791978003403984,0.14040947160881134
5-19A,7.0,221.0664,-2.061031506779569,0.2062110154416121
5-19A,7.0,225.0399,-2.1799248066058436,0.4367541701544582
5-19A,7.0,225.0861,-2.51691496085418,0.2637803184065558
5-19A,7.0,225.0901,-1.2229682791714414,0.41706348084167155
5-19A,7.0,226.0135,-1.4113903673716954,0.206134405830936
5-19A,7.0,226.0697,-0.2925400795475505,0.3785933668429931
5-19A,7.0,228.0501,-0.7469469280553485,0.2420136884745636
5-19A,7.0,229.0122,-0.664150088356204,0.12993323503908966
5-19A,7.0,237.0614,-1.0903890705469306,0.1885074378114534
5-19A,7.0,238.0945,-0.14705239228078387,0.17980320040109116
5-19A,7.0,240.0515,-0.2680671416355191,0.05281425864514621
5-19A,7.0,241.0844,-1.1834415062552919,0.4907553371049768
5-19A,7.0,242.0804,-0.6334101219509739,0.4434682106179097
5-19A,7.0,243.029,-1.6960746779203744,0.2517584492163903
5-19A,7.0,243.0625,-0.9922935502867078,0.5484746258275436
5-19A,7.0,245.0444,-1.4320747785129893,0.20237595218646565
5-19A,7.0,246.0198,-1.6621450422007658,0.2816786590944414
5-19A,7.0,246.064,0.6088001355116777,0.5409140220307149
5-19A,7.0,251.0816,1.0708862961125867,0.7872248745005191
5-19A,7.0,253.0119,-0.30949940486607674,0.013122386087373207
5-19A,7.0,253.0499,-0.03368994868430282,0.31005471623571246
5-19A,7.0,257.0072,1.159514673272188,0.5797115123802984
5-19A,7.0,257.1028,1.689384285124771,0.4151631016119428
5-19A,7.0,259.005,-1.2340759932112322,0.24076849793316038
5-19A,7.0,259.0227,-0.9471594287759533,0.09095757189957346
5-19A,7.0,261.0385,-0.7548360695773277,0.18184204247682278
5-19A,7.0,266.0703,-0.9713454855852366,0.13680679516342717
5-19A,7.0,267.0724,-0.5632186168529003,0.06541447203174838
5-19A,7.0,268.02,-0.8025356477516983,0.23586375230594997
5-19A,7.0,269.0398,-0.6313216549193327,0.1078904205577744
5-19A,7.0,271.0612,0.7539864668148886,0.7754106989438874
5-19A,7.0,271.0815,-0.4334901127632009,0.4992692421159937
5-19A,7.0,273.0021,-0.7766161401906126,0.08432257857392048
5-19A,7.0,274.0933,-0.15737391899558292,0.11916180519628687
5-19A,7.0,275.0184,-2.0731933620107066,0.0890083179185647
5-19A,7.0,275.0991,-0.5437154121564133,0.1827893932649347
5-19A,7.0,277.1207,-0.5714110089233293,0.0605344576671355
5-19A,7.0,277.2169,-0.6816794253436974,0.22849408123848433
5-19A,7.0,279.2331,1.3946729309752408,0.20111513470778897
5-19A,7.0,282.0839,0.6215159048036375,0.24920586665809574
5-19A,7.0,283.2063,3.840683595614057,0.262186755980566
5-19A,7.0,285.0972,2.7231964312845456,0.6491842067765037
5-19A,7.0,287.0157,-0.9038975305284649,0.26476246260252706
5-19A,7.0,288.0725,-0.38465906984982723,0.1921457620209855
5-19A,7.0,289.0333,0.021613903062609185,0.5194197517144246
5-19A,7.0,289.1044,-0.5758026207338973,0.06875514393188081
5-19A,7.0,290.9677,-0.47113657551538607,0.04961171390291497
5-19A,7.0,294.0479,0.03439596760206102,0.11302849059560464
5-19A,7.0,300.0509,-0.5325481218068533,0.5570407803710274
5-19A,7.0,301.0333,-1.1380674960955866,0.37703427912285187
5-19A,7.0,303.2326,-0.6411891306555795,0.3820498376336993
5-19A,7.0,305.0207,-0.2889930911747629,0.0898283017333627
5-19A,7.0,306.0481,-0.4600484028377759,0.16596998084563572
5-19A,7.0,306.0765,-0.14345335639336837,0.05295129943074053
5-19A,7.0,308.0986,0.02943314152941129,0.11218629093649936
5-19A,7.0,313.0441,0.0748364812998202,0.19735531571786044
5-19A,7.0,313.1037,-0.020561504413532,0.6088798675917074
5-19A,7.0,317.026,-0.7744490921284359,0.516792859887739
5-19A,7.0,323.0256,-0.12857428714548225,0.3413776941372446
5-19A,7.0,325.1163,2.6013133188458593,0.35782547887734373
5-19A,7.0,328.0457,-0.20523276582346708,0.11650080053249609
5-19A,7.0,333.0589,-1.199841772217029,0.08641466852728166
5-19A,7.0,338.9884,-1.1194636523023416,0.13115211063061
5-19A,7.0,339.0928,1.387830635819485,0.33285544567360453
5-19A,7.0,341.1089,0.5015020096150857,0.20610456913736422
5-19A,7.0,344.0393,-0.1437361158542608,0.1339656350323047
5-19A,7.0,346.0556,0.6150460226432266,0.22172038842160352
5-19A,7.0,348.087,-0.33879590732965303,0.1464934581264993
5-19A,7.0,353.0489,-0.7670442260969617,0.19659360462043696
5-19A,7.0,357.089,-0.8308687423747166,0.18458863480151963
5-19A,7.0,375.131,-0.4270146240033754,0.17065097979751767
5-19A,7.0,377.1496,0.15290665826906108,0.15116951553124106
5-19A,7.0,383.1188,-0.6526231720599462,0.31174965990338777
5-19A,7.0,388.9416,-0.6236617180143899,0.2358831560263126
5-19A,7.0,388.9442,-0.8856139038574342,0.15196986957841932
5-19A,7.0,401.0756,0.1190606173129376,0.05740869574447772
5-19A,7.0,407.2795,1.1098939777104375,0.35302631990513295
5-19A,7.0,421.0743,-1.0717669810443495,0.40089063487266563
5-19A,7.0,426.0222,-0.7323015784044118,0.12992367355854587
5-19A,7.0,442.9997,-0.24491546367179132,0.05492096851925434
5-19A,7.0,466.9657,-0.5155609750910918,0.10598217683794885
5-19A,7.0,490.9787,-0.1868611565554718,0.25521337128276284
5-19A,7.0,503.1614,-1.6641987478504188,0.11930928011528406
5-19A,7.0,547.0731,-1.0608883280029575,0.09907349217334943
5-19A,7.0,565.0471,0.1725921663531802,0.09744523394806992
5-19A,7.0,578.8872,-0.0433064481264203,0.11160558184663376
5-19A,7.0,579.0269,0.8740164347464281,0.40237219208995134
5-19A,7.0,612.2549,-1.6061585280641568,0.25467638321271174
5-19A,7.0,624.2949,-1.6735267790950166,0.23425151085614218
5-19A,7.0,659.307,-1.17086943469315,0.12110907403751947
5-19A,7.0,664.0939,-0.509849138912232,0.21211226266872504
5-19A,7.0,665.2144,-1.1134603266899123,0.22560294851595536
5-19A,7.0,668.1374,-0.592433973923484,0.0008771977599711767
5-19A,7.0,787.255,-1.6822251862074402,0.31709516964437345
5-19A,7.0,790.2568,-1.2215485824932548,0.05892905944412679
5-19A,7.0,835.0407,-0.5924674583090839,0.1348963293018736
5-19A,7.0,863.2971,-1.00622515880786,0.007800381494172259
5-19A,7.0,864.1473,-1.8586085510112984,0.2758012002753227
5-19A,7.0,974.2935,-1.4461153572754455,0.2901702043102615
5-19A,7.0,976.7162,-1.02620052298469,0.18937591290114422
5-19A,8.0,57.0342,0.24380589848898798,0.30903373686235813
5-19A,8.0,58.0295,0.08091686921325433,0.4546193114497371
5-19A,8.0,59.0135,0.4518881764682015,0.27779583547727
5-19A,8.0,71.0137,0.5815732593747038,0.23608409868759325
5-19A,8.0,73.0293,-0.8117163331862812,0.05800956017666285
5-19A,8.0,74.0247,-0.6458612915354445,0.5009813149755994
5-19A,8.0,75.0087,-0.27645299615726465,0.4314618456997877
5-19A,8.0,87.0088,-0.6437740678226529,0.03434148480237033
5-19A,8.0,87.0451,-0.26220222848923347,0.6153438247734058
5-19A,8.0,88.0403,-0.36561414264384506,0.04851185709180057
5-19A,8.0,88.9883,-0.8691388195049154,0.5655072278199333
5-19A,8.0,89.0244,-0.40617246738472057,0.103284567325901
5-19A,8.0,93.0338,-0.05633132683316665,0.0076085930452871875
5-19A,8.0,94.9761,-0.9559111045710711,0.5258833964009636
5-19A,8.0,94.9806,1.2006447087761412,0.48123122826415876
5-19A,8.0,95.0139,0.4319509161701294,0.14594253310079205
5-19A,8.0,101.0242,-0.17238997509388007,0.372600952423499
5-19A,8.0,102.056,-0.5110133229130497,0.0425679473586488
5-19A,8.0,103.0402,-0.7748451339169348,0.0571378119676057
5-19A,8.0,103.0509,-0.7178015500963949,0.0657747887121332
5-19A,8.0,104.0352,-0.5600896867009788,0.09553517751554189
5-19A,8.0,105.0193,-1.0541412978859046,0.41825759617466884
5-19A,8.0,107.0503,0.5370775572757563,0.6454196923956481
5-19A,8.0,109.0295,-0.22890578360313962,0.22246929440666854
5-19A,8.0,111.02,1.2082341334179216,0.11871326022180982
5-19A,8.0,112.0516,1.307349669696518,0.5262295470411855
5-19A,8.0,113.0244,0.7301114614393093,0.1300558786088084
5-19A,8.0,113.0357,1.8881764867513573,0.11342381761333532
5-19A,8.0,114.056,-0.23127602800943037,0.000828784084101708
5-19A,8.0,115.0037,-0.43907967729106,0.10521390308694882
5-19A,8.0,115.0402,-0.9622616316132595,0.28616012687035786
5-19A,8.0,115.0764,0.7019386560434722,0.6590525865758048
5-19A,8.0,116.0354,-0.10683840088668757,0.11406962094780183
5-19A,8.0,116.0717,-0.7465212700918604,0.02016770830784685
5-19A,8.0,117.0194,-0.77952519271663,0.0338048353805315
5-19A,8.0,118.0508,-1.004936923567479,0.2759249686826837
5-19A,8.0,118.9804,0.5623231207377214,0.21103079544582834
5-19A,8.0,119.0503,0.5541250603718602,0.15623679489599096
5-19A,8.0,120.9273,-0.5958310251120744,0.03836991022321642
5-19A,8.0,121.0295,0.06083538178177171,0.3675091053874059
5-19A,8.0,121.0409,0.6409866538828148,0.30877238688242514
5-19A,8.0,122.0248,1.0133593969323391,0.17629466629165605
5-19A,8.0,124.0075,-0.41253640782970125,0.11248276679523195
5-19A,8.0,124.0144,1.1267485552225267,0.36013357914638106
5-19A,8.0,125.0439,1.2803686957003402,0.29277227535323624
5-19A,8.0,127.0764,0.1905977847647028,0.25757555854962827
5-19A,8.0,128.0354,-0.330608815643453,0.0036617876897976284
5-19A,8.0,129.0193,-0.8229507557027513,0.07255663982181836
5-19A,8.0,129.0556,-0.02085824288032892,0.5405675179704305
5-19A,8.0,130.0142,-0.5800041353173647,0.08694517417951875
5-19A,8.0,130.0509,-0.022947381696582333,0.019154459424367574
5-19A,8.0,130.0874,-1.0245879724967393,0.05301431127437163
5-19A,8.0,131.0008,0.026953797350442843,1.2260721738221603
5-19A,8.0,131.0123,-0.6025417100586596,0.06797441868682581
5-19A,8.0,131.035,0.3348288984397688,0.18554279479519079
5-19A,8.0,131.0462,0.34428403925607864,0.21622181051472672
5-19A,8.0,131.0828,-0.7741882356387444,0.026651025732043428
5-19A,8.0,132.0302,0.8326571537632089,0.08038613579239524
5-19A,8.0,133.0142,-0.47151196546182567,0.0887359536825759
5-19A,8.0,133.0257,-0.5399030711159004,0.07997944018494671
5-19A,8.0,133.0505,-0.5075417750872029,0.046247226707892566
5-19A,8.0,134.0472,0.6751554693426349,0.08551851586126313
5-19A,8.0,134.0604,-0.19069544200299604,0.11795006276281138
5-19A,8.0,135.0302,-0.7490191434351341,0.07645662200352202
5-19A,8.0,135.0453,1.3754886481997324,0.10819201121735733
5-19A,8.0,136.0404,-0.28573370972166034,0.10473401145737989
5-19A,8.0,136.0487,1.1881848727136402,0.3016121765350762
5-19A,8.0,136.0767,-0.07042314615454577,0.7993877167562157
5-19A,8.0,137.0239,-0.027720768534623963,0.11972930043607076
5-19A,8.0,138.9789,1.2198723213769012,0.1925206201582908
5-19A,8.0,139.0014,-0.188691798205518,0.034081658888321376
5-19A,8.0,139.0067,-0.6744525847010838,0.01930110488172084
5-19A,8.0,139.976,1.087331443048437,0.8313128170606573
5-19A,8.0,143.0713,0.0502372263059897,0.32331490315617295
5-19A,8.0,143.1077,1.2659769031263006,0.47026085272900486
5-19A,8.0,145.0141,-0.42537444496015714,0.0762980280897188
5-19A,8.0,145.0506,-0.6751595327243527,0.03900974362656425
5-19A,8.0,145.0623,-0.9645176516169229,0.2223420138358201
5-19A,8.0,145.0982,-0.8067484816878486,0.1291580122200676
5-19A,8.0,145.1106,-1.0545847260782204,0.5254930265051422
5-19A,8.0,146.0459,-0.42094521997620304,0.006467062877835955
5-19A,8.0,147.0298,-0.7024775189264828,0.08750653195301533
5-19A,8.0,147.0662,-0.17315314483476557,0.05919937193803333
5-19A,8.0,149.0092,0.4798320478288049,0.1989146650630674
5-19A,8.0,149.0456,1.1219843709403552,0.1715726460557906
5-19A,8.0,149.0608,0.7364461100669046,0.478963874410085
5-19A,8.0,150.0422,-0.5911568650148256,0.14011485447136376
5-19A,8.0,150.9707,-0.046485800757947726,0.617918328318372
5-19A,8.0,151.0259,-0.6591192553444585,0.056268785759594216
5-19A,8.0,151.04,0.09782968665295452,0.43550315759038494
5-19A,8.0,151.06,-0.7558389094020929,0.7625221262689545
5-19A,8.0,152.0353,0.45448189418249796,0.39257456447360706
5-19A,8.0,152.0716,-0.0924890429883092,0.4563827205506902
5-19A,8.0,153.0192,0.3882887121365684,0.1829014698397906
5-19A,8.0,154.062,-0.48987798685191775,0.07221741783546752
5-19A,8.0,154.9751,-0.8313925680885306,0.021684877468819776
5-19A,8.0,155.0099,1.35821827482546,0.08603409948227267
5-19A,8.0,157.0128,-0.10915661691987105,0.07866484502248453
5-19A,8.0,157.0255,1.707328720755383,0.031849711977513545
5-19A,8.0,157.0379,1.5605439672337624,0.03481486922317833
5-19A,8.0,157.0504,-0.5909892335513922,0.029860210434659713
5-19A,8.0,159.0297,-0.42642607122219767,0.08735438688296483
5-19A,8.0,159.0775,-0.33995509001997626,0.05375605261752161
5-19A,8.0,160.0616,0.3142901447339295,0.5620270465202369
5-19A,8.0,161.0453,0.025122956751799895,0.1100885988187636
5-19A,8.0,162.0424,-0.48521164005289996,0.1799175538610371
5-19A,8.0,163.0351,-1.1346714756387302,0.20232639807948752
5-19A,8.0,163.0398,0.7811718486475805,0.056310476529262465
5-19A,8.0,163.0611,-0.42963706760772946,0.5876372958996728
5-19A,8.0,164.0716,-0.5635457287897647,0.03861179211695141
5-19A,8.0,165.03,0.16577908457879217,0.8982973756385257
5-19A,8.0,165.0405,0.3916731324146284,0.5174784365649735
5-19A,8.0,165.0556,-0.7603428710600345,0.15991272803440557
5-19A,8.0,166.0508,-0.43347089258845833,0.23571211814613896
5-19A,8.0,166.0632,-0.639734853249563,0.802103863640963
5-19A,8.0,166.9759,-0.43023983198856175,0.34392584155547207
5-19A,8.0,167.0207,0.03112541824797943,0.16068025364460775
5-19A,8.0,167.0358,0.5915217043702765,0.30699265177754337
5-19A,8.0,167.0828,-0.06826044279467905,0.20536515680005032
5-19A,8.0,168.0277,-0.4802101179942758,0.02069721749385964
5-19A,8.0,168.0664,-0.6809839013176306,1.025153432942336
5-19A,8.0,170.0455,-0.7195171547173349,0.028386593572683784
5-19A,8.0,171.0065,-0.5663005584841886,0.24888807107332525
5-19A,8.0,171.0092,-0.583595900469086,0.2337977848118621
5-19A,8.0,171.0284,-0.8649319342683559,0.047749604145679275
5-19A,8.0,172.0616,0.4470193047447989,0.08681008573528298
5-19A,8.0,172.962,-0.4373965804993851,0.06694032910990917
5-19A,8.0,173.0089,-0.8289226357947003,0.04862935586660111
5-19A,8.0,173.0453,-0.9267993430008017,0.17013058297552497
5-19A,8.0,173.0932,-0.6776853436694956,0.13975443368116192
5-19A,8.0,173.1041,-0.4929431516474962,0.7357195892662304
5-19A,8.0,174.0407,0.15677620211296045,0.009453322264712053
5-19A,8.0,174.088,-0.3295587890014995,0.13295649064160872
5-19A,8.0,175.022,-0.8084743592201373,0.03698130563223278
5-19A,8.0,175.0361,0.8218785523891372,0.09544758697345179
5-19A,8.0,175.0611,-0.8191155697349253,0.04014648015350656
5-19A,8.0,176.0776,-0.7162531190430947,0.3321701132718479
5-19A,8.0,177.0402,-0.43037754661329186,0.29004530192414646
5-19A,8.0,177.0553,-0.4765035532019077,0.4945313602782868
5-19A,8.0,178.0509,-0.580087788008216,0.034146638417067096
5-19A,8.0,179.0348,0.551863721109468,0.16741857746074815
5-19A,8.0,179.0561,0.9822382471422266,0.07380667240642022
5-19A,8.0,180.0663,0.9536248306770683,0.09560632859926245
5-19A,8.0,181.0505,-1.1828078819821488,0.06520283724445798
5-19A,8.0,182.9725,0.3114188894012582,0.4551433286977773
5-19A,8.0,183.0661,-0.06200014316029202,0.5208414013648301
5-19A,8.0,184.0017,-0.5490601318592068,0.01599090848654791
5-19A,8.0,184.9856,-0.6545988631323497,0.14951746293551046
5-19A,8.0,186.1136,-0.32219557323269155,0.5958030248263294
5-19A,8.0,187.0234,-1.6329839743071723,0.43719067641864606
5-19A,8.0,188.035,-0.6114306943048913,0.7213469057497117
5-19A,8.0,188.0565,-0.5183641022690868,0.038974498516729066
5-19A,8.0,189.0405,-0.9657426747702693,0.03790634244047239
5-19A,8.0,191.0197,-0.9560167703503344,0.22769466846578773
5-19A,8.0,191.0561,-0.9874498486468214,0.05709924079917184
5-19A,8.0,192.0663,-0.2634286624651537,0.4174610124956891
5-19A,8.0,193.0349,-0.042771214813841316,0.5246453945211589
5-19A,8.0,194.0682,0.02754096682457697,0.17143354404987746
5-19A,8.0,194.0822,1.0848170371831258,0.6203397806147247
5-19A,8.0,195.0509,0.4296891908479109,0.08528526666525307
5-19A,8.0,195.0657,-0.5872971224928046,0.2951445326411746
5-19A,8.0,196.0603,-0.456683246843803,0.029390332549224466
5-19A,8.0,198.0182,-0.10052197104776507,0.34864803463797767
5-19A,8.0,199.0019,-0.7836092071602133,0.26513463127023124
5-19A,8.0,200.9937,0.007455388066808436,0.1986720340429745
5-19A,8.0,201.0051,-0.14335641609153077,0.6455995936012214
5-19A,8.0,203.0348,-0.37840074483548763,0.12215571092471386
5-19A,8.0,203.0826,-0.0892246882839575,0.003979176189796047
5-19A,8.0,204.0498,1.442019785784976,0.29981637437605146
5-19A,8.0,205.0351,-1.0487867699550675,0.15857501617230352
5-19A,8.0,206.0822,0.8125646761329399,0.7937646082440093
5-19A,8.0,209.0292,-0.8804215033692246,0.419369204691395
5-19A,8.0,209.0814,-0.657085343577182,0.3601926655516935
5-19A,8.0,211.0235,-0.8535575208433605,0.30498358470632037
5-19A,8.0,211.9968,0.11975671603887712,0.1230389722239103
5-19A,8.0,212.0331,-0.6406640869423926,0.1973809991445233
5-19A,8.0,212.9807,-0.4975048487723024,0.09452238877154825
5-19A,8.0,213.014,-1.0746095062092367,0.39227143880470794
5-19A,8.0,213.0384,-0.7114948677953397,0.1545926970393156
5-19A,8.0,213.1252,-0.14245070325773773,0.5516020907260254
5-19A,8.0,214.0488,-0.31268100327204384,0.6090539792660264
5-19A,8.0,215.0331,0.6870555030137062,0.05803171399723186
5-19A,8.0,216.1351,0.014297896798180498,0.23620058735353963
5-19A,8.0,218.0335,0.5220576896706708,0.04677198538209961
5-19A,8.0,218.1034,-0.802827462275642,0.03891174498848097
5-19A,8.0,220.0828,0.23996117964910893,0.7060213600715263
5-19A,8.0,221.0443,0.5960799506528907,0.0982606881047851
5-19A,8.0,221.0664,-0.15504527032558613,0.7499806845543721
5-19A,8.0,225.0399,-0.6771260808665321,0.6358790695662878
5-19A,8.0,225.0861,0.6144744423843471,0.4437992273503636
5-19A,8.0,225.0901,-0.6537875678254494,0.4420230081320489
5-19A,8.0,226.0135,-0.6818581005776252,0.15671385370848573
5-19A,8.0,226.0697,-0.14695105001945905,0.2482846311432902
5-19A,8.0,228.0501,-0.2290492466841015,0.33553495967133806
5-19A,8.0,229.0122,-0.13875491627143055,0.3224304427879698
5-19A,8.0,237.0614,-0.5850099509766384,0.23660948902038847
5-19A,8.0,238.0945,-0.488301340678797,0.31019984814290935
5-19A,8.0,240.0515,-0.26610280875956843,0.036090792563590865
5-19A,8.0,241.0844,-0.3909354039195247,0.9820137938481917
5-19A,8.0,242.0804,-1.0654136730075934,0.32104153933806057
5-19A,8.0,243.029,-0.617520918904655,0.14860791563094367
5-19A,8.0,243.0625,-0.4753413307497678,0.3450246269688309
5-19A,8.0,245.0444,-1.0282203605226938,0.4007923357038306
5-19A,8.0,246.0198,-0.1371376377067292,0.16008506484513335
5-19A,8.0,246.064,0.20862110524388786,0.8767013066725141
5-19A,8.0,251.0816,-0.5930103798797154,0.7048031013676868
5-19A,8.0,253.0119,-0.26484701475781003,0.017812769489748727
5-19A,8.0,253.0499,0.26007352507685,0.5777821815342996
5-19A,8.0,257.0072,-0.31541353348533596,0.47158280935845065
5-19A,8.0,257.1028,-0.47018914196807515,0.6425958267914689
5-19A,8.0,259.005,-0.7409261836422898,0.2859032997949202
5-19A,8.0,259.0227,0.35203666644425347,0.08310165502576218
5-19A,8.0,261.0385,0.15251082245776804,0.10375169234460552
5-19A,8.0,266.0703,-0.49796736696446575,0.40674522393533885
5-19A,8.0,267.0724,-0.5334888641052793,0.1238074911577324
5-19A,8.0,268.02,-0.29289670107413435,0.3849497106293306
5-19A,8.0,269.0398,-0.5021391666082299,0.07914711939589823
5-19A,8.0,271.0612,-0.28937663595422625,0.31296302003278975
5-19A,8.0,271.0815,-0.7656499506395136,0.7886011086532636
5-19A,8.0,273.0021,-0.7209858654195699,0.11988592000185218
5-19A,8.0,274.0933,0.06521079833314254,0.10885935166684592
5-19A,8.0,275.0184,-0.48970182218541336,0.8377383791526728
5-19A,8.0,275.0991,-0.21986432032975514,0.2343423962206692
5-19A,8.0,277.1207,0.6131374924527051,0.11863002631933309
5-19A,8.0,277.2169,0.37807251099348393,0.2764338747165577
5-19A,8.0,279.2331,-0.2067906120376529,0.036804407247830705
5-19A,8.0,282.0839,-0.9602834461770972,0.33094261402914116
5-19A,8.0,283.2063,0.39095363693656293,0.24484210008869212
5-19A,8.0,285.0972,-0.24554528710068785,0.18386804433298504
5-19A,8.0,287.0157,0.44756215101041985,0.37861411258790867
5-19A,8.0,288.0725,-0.31474990941607617,0.12560455914614868
5-19A,8.0,289.0333,-0.2806361531240876,0.7393236718111309
5-19A,8.0,289.1044,-0.6766748947145138,0.21201989650609893
5-19A,8.0,290.9677,-0.37303838036054604,0.04737428083874475
5-19A,8.0,294.0479,0.4503835278523976,0.7859509576716109
5-19A,8.0,300.0509,-0.24712489460832937,0.7989292776754174
5-19A,8.0,301.0333,-0.46392325440361715,0.52308905608187
5-19A,8.0,303.2326,-0.3215844170926758,0.12299449634055754
5-19A,8.0,305.0207,0.7165654560786403,0.16184577767606292
5-19A,8.0,306.0481,-0.3941761165145675,0.12076805662014103
5-19A,8.0,306.0765,-0.11043908013577762,0.023543627305480475
5-19A,8.0,308.0986,-0.3010158187923952,0.03779759892635277
5-19A,8.0,313.0441,0.41149046135259815,0.19328399222622564
5-19A,8.0,313.1037,-0.2418570192520842,0.4501424065767117
5-19A,8.0,317.026,-0.5330877270933876,1.027848615114709
5-19A,8.0,323.0256,1.6092684053109267,0.9017589481615353
5-19A,8.0,325.1163,1.076178568844686,0.3357097782785201
5-19A,8.0,328.0457,0.20603091423962006,0.09373914781196684
5-19A,8.0,333.0589,-0.3124014994183932,0.12201372195424069
5-19A,8.0,338.9884,-0.16391652826332037,0.19313773983215052
5-19A,8.0,339.0928,1.0277543800433024,0.38342178442830827
5-19A,8.0,341.1089,0.24283999223780578,0.18030367557836185
5-19A,8.0,344.0393,0.5468029223821007,0.3668664968022687
5-19A,8.0,346.0556,1.4720936066925672,0.32984439711111463
5-19A,8.0,348.087,-0.5629446108328842,0.15436198673428372
5-19A,8.0,353.0489,0.04679549406781057,0.6673019805495541
5-19A,8.0,357.089,-0.5534630227697048,0.29067943614179964
5-19A,8.0,375.131,-0.7428938745777928,0.13100852984840353
5-19A,8.0,377.1496,-0.1720622608598778,0.7086953438451205
5-19A,8.0,383.1188,-0.11799397785515542,0.3786348282780647
5-19A,8.0,388.9416,-0.5012681041162153,0.268410342335359
5-19A,8.0,388.9442,-0.7818778530534936,0.06492974925051509
5-19A,8.0,401.0756,0.3150222120325022,0.18646504070294007
5-19A,8.0,407.2795,0.022845529987183755,0.39336753582386724
5-19A,8.0,421.0743,-0.41909637001280287,0.8089055447753395
5-19A,8.0,426.0222,0.9405138431823444,0.5479642318795697
5-19A,8.0,442.9997,-0.2397519413928091,0.1904175475176012
5-19A,8.0,466.9657,0.7637665977037531,0.4233072081486648
5-19A,8.0,490.9787,-0.6970609463025554,0.3951812669197452
5-19A,8.0,503.1614,0.42064489519649345,0.1586330855885408
5-19A,8.0,547.0731,-0.8396801784570025,0.06697876587282343
5-19A,8.0,565.0471,-0.07364174179601007,0.2833503997184336
5-19A,8.0,578.8872,0.45646444027082556,0.08716645230460421
5-19A,8.0,579.0269,-0.09834801300131771,0.2066288159494391
5-19A,8.0,612.2549,-0.3875420082699913,0.2861362265434038
5-19A,8.0,624.2949,0.5934303611509028,0.5123754520365371
5-19A,8.0,659.307,0.9570024713974576,0.313006525381389
5-19A,8.0,664.0939,-0.04477222172284127,0.2887676793398391
5-19A,8.0,665.2144,-0.5441582665380017,0.4516332477348159
5-19A,8.0,668.1374,-0.580022585256313,0.006260914943680844
5-19A,8.0,787.255,1.65745489662416,0.7843849134620794
5-19A,8.0,790.2568,1.047306951707656,0.3835204513483468
5-19A,8.0,835.0407,-0.17462773175204238,0.34365826473839817
5-19A,8.0,863.2971,-0.5347707222920839,0.11455858592031609
5-19A,8.0,864.1473,0.521470092949767,0.3677872032631023
5-19A,8.0,974.2935,-0.5863940168578363,0.2156799886090593
5-19A,8.0,976.7162,0.9385244188600923,0.3490631741163481
5-19A,9.0,57.0342,0.4050009962549562,0.2248575700303104
5-19A,9.0,58.0295,2.4095927192147117,0.5253105876003472
5-19A,9.0,59.0135,1.3073822824769694,0.0666267934321006
5-19A,9.0,71.0137,0.932930057087338,0.08674017703794874
5-19A,9.0,73.0293,-0.7350870768521902,0.03679331018223103
5-19A,9.0,74.0247,-0.26334233062646417,0.5344731427891061
5-19A,9.0,75.0087,0.669005165128578,0.6423429885427601
5-19A,9.0,87.0088,-0.6467740153219517,0.03379701155292524
5-19A,9.0,87.0451,-0.4565794302223718,0.32696804975521215
5-19A,9.0,88.0403,0.3060502542655216,0.08599391210638009
5-19A,9.0,88.9883,-1.0080340626656812,0.40110998297322964
5-19A,9.0,89.0244,-0.5978277803998187,0.06459753923836514
5-19A,9.0,93.0338,-0.0409502376858395,0.01546302344819144
5-19A,9.0,94.9761,-1.1294030994529376,0.2752752502125022
5-19A,9.0,94.9806,1.271991007100561,0.24669357388270624
5-19A,9.0,95.0139,0.6033566190656662,0.07410563152874068
5-19A,9.0,101.0242,0.09434600344012137,0.10214162029303858
5-19A,9.0,102.056,-0.4840749814191547,0.03999501534631669
5-19A,9.0,103.0402,-0.6845566816140716,0.046787165924213524
5-19A,9.0,103.0509,-0.7333696001468466,0.1560404694927051
5-19A,9.0,104.0352,-0.5979414383936696,0.20066041147949526
5-19A,9.0,105.0193,-0.6983859250053017,0.3702430099848004
5-19A,9.0,107.0503,0.03283291523330942,0.29173671292603
5-19A,9.0,109.0295,0.24347463225124685,0.1197420142338857
5-19A,9.0,111.02,1.3451529594025793,0.12036043829186815
5-19A,9.0,112.0516,1.1403889118518376,0.7192768689897429
5-19A,9.0,113.0244,0.8201821438955801,0.05232466832839578
5-19A,9.0,113.0357,4.159637857415554,0.20560755362694133
5-19A,9.0,114.056,-0.23881945091797738,0.0021722926748963703
5-19A,9.0,115.0037,0.14308282557673427,0.08809389508026198
5-19A,9.0,115.0402,-0.6545182761399253,0.321634406958661
5-19A,9.0,115.0764,0.6498950815338971,0.5321868376979615
5-19A,9.0,116.0354,0.22891411114825622,0.13343499420238772
5-19A,9.0,116.0717,-0.7410660973119224,0.03111607739923293
5-19A,9.0,117.0194,-0.7241298948999708,0.041725280256269974
5-19A,9.0,118.0508,-0.8561982154457224,0.1349502447586624
5-19A,9.0,118.9804,0.9737127118016176,0.03186942926545096
5-19A,9.0,119.0503,0.5579957440521853,0.31105428195950047
5-19A,9.0,120.9273,-0.6299333797275606,0.0177359892713844
5-19A,9.0,121.0295,-0.03684894585357865,0.2757649562547338
5-19A,9.0,121.0409,0.062166337473462695,0.5948788508220236
5-19A,9.0,122.0248,-0.25785482850932434,0.11693064074058944
5-19A,9.0,124.0075,-0.4305547985495235,0.16425407472584821
5-19A,9.0,124.0144,0.34352991930258586,0.37311028939848107
5-19A,9.0,125.0439,-0.30677400272557187,0.3345753529902571
5-19A,9.0,127.0764,0.343218192026223,0.15131559658904567
5-19A,9.0,128.0354,-0.33529525003734206,0.004709552019761038
5-19A,9.0,129.0193,-0.5665697703469901,0.10409503036579532
5-19A,9.0,129.0556,-0.2530298881376898,0.5511888743791027
5-19A,9.0,130.0142,-0.4997809993654447,0.22726985101039182
5-19A,9.0,130.0509,1.848702171164697,0.15987099964494172
5-19A,9.0,130.0874,-0.9475138686114153,0.04891172091580012
5-19A,9.0,131.0008,1.1696263653374435,1.2028659361916019
5-19A,9.0,131.0123,-0.6214531419276887,0.03532059475790987
5-19A,9.0,131.035,-0.4381374557757052,0.05332709329349981
5-19A,9.0,131.0462,-0.6354067471537055,0.2261018711469325
5-19A,9.0,131.0828,-0.8303216168948716,0.06294786023192424
5-19A,9.0,132.0302,2.4118783220254167,0.2081404974718343
5-19A,9.0,133.0142,-0.3926362522793365,0.06065263492706944
5-19A,9.0,133.0257,-0.4281315551369589,0.09262063318648574
5-19A,9.0,133.0505,-0.11455717347780503,0.08241155266230338
5-19A,9.0,134.0472,1.0879379971846956,0.2964418158522884
5-19A,9.0,134.0604,-0.4362900728841925,0.17000151183931264
5-19A,9.0,135.0302,-0.7271688266880806,0.10905960932746943
5-19A,9.0,135.0453,1.5208081407241734,0.2860830070193428
5-19A,9.0,136.0404,-0.4150263199626246,0.03234551959579742
5-19A,9.0,136.0487,1.3521296072558175,0.406442365954096
5-19A,9.0,136.0767,0.11792009771922277,0.7275472438726015
5-19A,9.0,137.0239,0.00178634544060445,0.07001185518315003
5-19A,9.0,138.9789,-0.34684168292099316,0.07131390297380297
5-19A,9.0,139.0014,-0.09210330573995745,0.04729301965087156
5-19A,9.0,139.0067,-0.6322473104356929,0.00967998527512786
5-19A,9.0,139.976,0.4461218603121431,0.4401933233340038
5-19A,9.0,143.0713,-0.5015961020545828,0.524474641149449
5-19A,9.0,143.1077,0.8922128335311266,0.19360294486979382
5-19A,9.0,145.0141,-0.29136599808095737,0.15301529215113896
5-19A,9.0,145.0506,-0.41478144178475296,0.11480403310439345
5-19A,9.0,145.0623,-0.6530470837486048,0.205838171479561
5-19A,9.0,145.0982,-0.8828432196899636,0.14886786058148746
5-19A,9.0,145.1106,-0.9996910339478732,0.9677365075460087
5-19A,9.0,146.0459,-0.3825685371240246,0.007959149476055482
5-19A,9.0,147.0298,-0.5892179144038959,0.106070841044406
5-19A,9.0,147.0662,0.5981755799724968,0.07810528430526667
5-19A,9.0,149.0092,0.2551412479813579,0.5529048033050308
5-19A,9.0,149.0456,1.0911876424558646,0.21907495181448344
5-19A,9.0,149.0608,0.736888370164632,0.5473963414658406
5-19A,9.0,150.0422,-0.551333601201331,0.8087638385066376
5-19A,9.0,150.9707,-0.6131619925929032,0.4780722049018287
5-19A,9.0,151.0259,-0.6878074128073957,0.04134110801453419
5-19A,9.0,151.04,0.3136406760200575,0.6583324889102056
5-19A,9.0,151.06,-0.6813732339920002,1.2960297466560207
5-19A,9.0,152.0353,-0.10766567591782504,0.4335788909572375
5-19A,9.0,152.0716,-0.5177952797885559,0.18789999323462508
5-19A,9.0,153.0192,0.8034344988687578,0.0779607225001755
5-19A,9.0,154.062,-0.5986159758023146,0.15183580206205882
5-19A,9.0,154.9751,-0.690321905012687,0.042588470230530195
5-19A,9.0,155.0099,1.3624406201237746,0.12446136184498681
5-19A,9.0,157.0128,-0.09555240513335768,0.07135504185510458
5-19A,9.0,157.0255,3.5040861145849127,0.09286779491380745
5-19A,9.0,157.0379,3.2625301348190385,0.1455683087332231
5-19A,9.0,157.0504,-0.20013406861869915,0.07766698007215525
5-19A,9.0,159.0297,-0.5309189162873525,0.16580746943960134
5-19A,9.0,159.0775,0.26627288790378456,0.13142018020640014
5-19A,9.0,160.0616,0.1125523766110374,0.4452032890635284
5-19A,9.0,161.0453,-0.8546279396160046,0.09297080524213884
5-19A,9.0,162.0424,-0.24698736159066315,0.10380968806902537
5-19A,9.0,163.0351,-0.8376722533792773,0.16068010112713127
5-19A,9.0,163.0398,1.5225822294193465,0.26641944467055934
5-19A,9.0,163.0611,-0.8059465191919458,0.9941998984205576
5-19A,9.0,164.0716,-0.5331321885753144,0.14158235876906383
5-19A,9.0,165.03,0.161368020780761,0.9436648760731141
5-19A,9.0,165.0405,-0.06353838929194884,0.35734107538958015
5-19A,9.0,165.0556,-0.8187840024753346,0.07271098005846524
5-19A,9.0,166.0508,0.5839213985547791,0.14185286041906725
5-19A,9.0,166.0632,-0.9477621153782352,0.9086755891916753
5-19A,9.0,166.9759,-0.4161218461625297,0.22514585075606622
5-19A,9.0,167.0207,-0.4967176128458346,0.16812196247190356
5-19A,9.0,167.0358,0.39439690439141634,0.30891606334804944
5-19A,9.0,167.0828,-1.093517931764212,0.41522401861564273
5-19A,9.0,168.0277,-0.49313888249329685,0.02768393359274521
5-19A,9.0,168.0664,-1.0680656404504474,0.5882640550553286
5-19A,9.0,170.0455,-0.592171146826739,0.09236001007607968
5-19A,9.0,171.0065,-0.38573827173247804,0.08531302081792363
5-19A,9.0,171.0092,-0.31771320098969,0.12491466061038005
5-19A,9.0,171.0284,-0.6517518118275956,0.05633719639857528
5-19A,9.0,172.0616,1.6730665694706692,0.24455716254302853
5-19A,9.0,172.962,-0.5036657566784597,0.05719810270704896
5-19A,9.0,173.0089,-0.5224053858107991,0.13466089563199307
5-19A,9.0,173.0453,-1.0198750335514486,0.12001882632445882
5-19A,9.0,173.0932,-0.47858214131172483,0.09099916899573063
5-19A,9.0,173.1041,0.38284505462455465,0.7978706273008231
5-19A,9.0,174.0407,2.114755704051965,0.1578798211897034
5-19A,9.0,174.088,1.4065210389304532,0.0855801910209496
5-19A,9.0,175.022,-0.3309516664317357,0.19796530359772796
5-19A,9.0,175.0361,2.1652835103933734,0.18872926694098557
5-19A,9.0,175.0611,-0.4587961378488823,0.06276252704562987
5-19A,9.0,176.0776,-0.3676352954505733,0.19260595314368692
5-19A,9.0,177.0402,-0.416972489220523,0.24806013734247034
5-19A,9.0,177.0553,0.5516466139578797,0.20641434143852896
5-19A,9.0,178.0509,-0.16145519957946736,0.08909729161521837
5-19A,9.0,179.0348,1.6627160624699822,0.25750721454093956
5-19A,9.0,179.0561,0.48439140612226395,0.10615591440578269
5-19A,9.0,180.0663,0.439831930724934,0.13017423002818268
5-19A,9.0,181.0505,-1.037950640430737,0.08044345965057495
5-19A,9.0,182.9725,0.9241436331462658,0.2081184777514285
5-19A,9.0,183.0661,-0.5086952381676091,0.2516117093404194
5-19A,9.0,184.0017,-0.4779058050342908,0.0657033159621579
5-19A,9.0,184.9856,-0.4501292827658727,0.13953084777847044
5-19A,9.0,186.1136,0.8723706970273197,0.2518970525950513
5-19A,9.0,187.0234,-0.7755254784294079,0.28514522352293853
5-19A,9.0,188.035,-0.6773385623562489,0.3293928851446252
5-19A,9.0,188.0565,0.17134187716597216,0.06232551253659869
5-19A,9.0,189.0405,-0.6802575611400652,0.11042102492015414
5-19A,9.0,191.0197,-0.274542455808534,0.32517435611774775
5-19A,9.0,191.0561,-0.763331706472214,0.05410785839828281
5-19A,9.0,192.0663,-1.1825808297214033,0.30752531978731856
5-19A,9.0,193.0349,0.2258214532433768,0.3526289437038534
5-19A,9.0,194.0682,0.7594037060784802,0.20733651365813033
5-19A,9.0,194.0822,-0.5040735842586354,0.42046362248071106
5-19A,9.0,195.0509,1.1270914273650705,0.09076319183560232
5-19A,9.0,195.0657,0.33011058860263226,0.4199572031185505
5-19A,9.0,196.0603,0.4878615450757666,0.23035363737958459
5-19A,9.0,198.0182,0.31138147719727644,0.43048461593627335
5-19A,9.0,199.0019,0.03106810548348526,0.43443098611536596
5-19A,9.0,200.9937,0.6900148842762442,0.3019907582102044
5-19A,9.0,201.0051,0.9225329225622525,0.43267808052877066
5-19A,9.0,203.0348,-0.4581798074334189,0.20937661201846397
5-19A,9.0,203.0826,-0.09273970734625797,0.01133345143999467
5-19A,9.0,204.0498,1.4270689857198322,0.7179644666864438
5-19A,9.0,205.0351,-0.7686925941626233,0.11944560065791812
5-19A,9.0,206.0822,0.751230646860477,0.5665989688103902
5-19A,9.0,209.0292,-0.5650236640210681,0.1442947568259005
5-19A,9.0,209.0814,-0.862603200713944,0.38436958575075314
5-19A,9.0,211.0235,-0.666436470307617,0.38583692957093746
5-19A,9.0,211.9968,2.0640724869323166,0.13847695283491088
5-19A,9.0,212.0331,-0.4575046262068948,0.2539378082732831
5-19A,9.0,212.9807,-0.24777304553935522,0.19177919113331085
5-19A,9.0,213.014,-0.7047908257897784,0.13962359317838682
5-19A,9.0,213.0384,-0.42228689998406477,0.09403006435476209
5-19A,9.0,213.1252,-0.04944016903986326,0.8908892602985751
5-19A,9.0,214.0488,-0.9261459761602507,1.2533802843858357
5-19A,9.0,215.0331,0.7990261725937655,0.11539537630442846
5-19A,9.0,216.1351,0.2542453610189013,0.3092674973308614
5-19A,9.0,218.0335,0.6555849707359024,0.08292770500798369
5-19A,9.0,218.1034,-0.37165414227172455,0.06253609709336064
5-19A,9.0,220.0828,0.569763899713106,1.2962118661282291
5-19A,9.0,221.0443,0.7702254951462737,0.16176790126460963
5-19A,9.0,221.0664,1.3206519176886617,0.03826770355362797
5-19A,9.0,225.0399,0.007845706165246484,0.46807427028332355
5-19A,9.0,225.0861,0.7699612635691349,0.4387886955267888
5-19A,9.0,225.0901,0.30100891613104563,1.4926289859977186
5-19A,9.0,226.0135,-0.28978528406590176,0.18998475175506818
5-19A,9.0,226.0697,0.02943565883188258,0.30437194594856387
5-19A,9.0,228.0501,-0.07676501084363346,0.36378778678285095
5-19A,9.0,229.0122,0.5628340278951377,0.4820939347211824
5-19A,9.0,237.0614,-0.1633194152205075,0.35554028969854456
5-19A,9.0,238.0945,-0.6107674383797441,0.2702239537049903
5-19A,9.0,240.0515,0.7457053083808992,0.09187362540945435
5-19A,9.0,241.0844,0.029547608044137308,1.0485618614808767
5-19A,9.0,242.0804,-0.8851618436376548,0.636478807473643
5-19A,9.0,243.029,0.17891354682946958,0.3964584552791892
5-19A,9.0,243.0625,-0.0636490364172833,0.5230584590666065
5-19A,9.0,245.0444,-0.13552421635164974,0.440028288256566
5-19A,9.0,246.0198,-0.09122480763206031,0.38934192337943513
5-19A,9.0,246.064,0.9885589934976542,0.19696752799148948
5-19A,9.0,251.0816,-0.023382831041058594,0.6331619241163161
5-19A,9.0,253.0119,-0.24149784335967525,0.014957813859770906
5-19A,9.0,253.0499,1.0076554594241784,0.32010613368790114
5-19A,9.0,257.0072,-0.3784045609434038,1.1092455079860308
5-19A,9.0,257.1028,0.008532012490919732,0.16845277521201243
5-19A,9.0,259.005,-0.16047234080037653,0.6217682213950343
5-19A,9.0,259.0227,0.15966402907137706,0.13126119933455935
5-19A,9.0,261.0385,0.3948689370656584,0.3721109305810612
5-19A,9.0,266.0703,-0.08166573589405153,0.33235543826173897
5-19A,9.0,267.0724,-0.47789153192770384,0.14610324599091026
5-19A,9.0,268.02,-0.8977952639531122,0.5376140963975219
5-19A,9.0,269.0398,-0.5528432932703378,0.24429064064217282
5-19A,9.0,271.0612,0.23081354450012942,0.6296759519409078
5-19A,9.0,271.0815,-0.5242756649810217,0.32970658395465363
5-19A,9.0,273.0021,-0.49072240850643956,0.19531041645342753
5-19A,9.0,274.0933,1.3636216494173743,0.15938310762955415
5-19A,9.0,275.0184,0.20456594771141567,0.30691315586442197
5-19A,9.0,275.0991,0.35560161679336344,0.34879285124582465
5-19A,9.0,277.1207,-0.059193146848264135,0.09694074017552422
5-19A,9.0,277.2169,0.3886540582101137,0.33674896264431353
5-19A,9.0,279.2331,-0.23411310829827947,0.01976486832477441
5-19A,9.0,282.0839,-0.6472745230894313,0.5106288479088079
5-19A,9.0,283.2063,-0.12074501115803589,0.06964077346029811
5-19A,9.0,285.0972,-0.4180802284669767,0.4792995818912447
5-19A,9.0,287.0157,0.554051669963019,0.3138881941733049
5-19A,9.0,288.0725,0.011590751264165306,0.16948370219325196
5-19A,9.0,289.0333,0.8392111773518034,0.17866244021219246
5-19A,9.0,289.1044,0.16627872351511297,0.15260907224744688
5-19A,9.0,290.9677,-0.29344927863114756,0.1280822374579522
5-19A,9.0,294.0479,0.9558512498041796,0.3391335701541738
5-19A,9.0,300.0509,0.2761510219222978,0.8982302652704418
5-19A,9.0,301.0333,0.03599594592281172,0.6829999879318948
5-19A,9.0,303.2326,0.4648851689139153,0.7521743597179713
5-19A,9.0,305.0207,0.9068500683409704,0.23175619959869267
5-19A,9.0,306.0481,0.9319751984504653,0.2897085820972845
5-19A,9.0,306.0765,0.044527170966867924,0.025934441054659182
5-19A,9.0,308.0986,-0.3419035852068323,0.033605714221666576
5-19A,9.0,313.0441,0.7251744470307729,0.46716514309556095
5-19A,9.0,313.1037,-0.39072854741620117,0.1702855990908317
5-19A,9.0,317.026,-0.11286628714255958,0.15650201381495416
5-19A,9.0,323.0256,0.3459778605121059,0.5294350898969645
5-19A,9.0,325.1163,0.2389315421560857,0.2809360354123304
5-19A,9.0,328.0457,0.6914731981051885,0.12259744808216268
5-19A,9.0,333.0589,0.5674067022333837,0.4663449835322575
5-19A,9.0,338.9884,0.11504301211878502,0.060787056816027765
5-19A,9.0,339.0928,1.7191356653472074,0.6062454748480927
5-19A,9.0,341.1089,0.6056191165128271,0.18817398305870062
5-19A,9.0,344.0393,0.8269738925495982,0.4368007842199867
5-19A,9.0,346.0556,1.0481480603091862,0.3333627509922332
5-19A,9.0,348.087,1.0459804246333686,0.3021930590990574
5-19A,9.0,353.0489,0.1986424271500245,0.42222660450976995
5-19A,9.0,357.089,-0.3468718434014153,0.2150799398194258
5-19A,9.0,375.131,-0.46594652043271545,0.35441853639855675
5-19A,9.0,377.1496,0.2030483469627841,0.47152438834479454
5-19A,9.0,383.1188,1.314743110898993,0.4815665073209004
5-19A,9.0,388.9416,0.14204467137297053,0.4064060955884791
5-19A,9.0,388.9442,-0.3960394482647359,0.32470478435633204
5-19A,9.0,401.0756,0.9350398968843541,0.12359830853288127
5-19A,9.0,407.2795,-0.5231380795027762,0.21127613947283463
5-19A,9.0,421.0743,-0.8280780987778676,0.7289856771853649
5-19A,9.0,426.0222,0.8523504020720225,0.400323413888458
5-19A,9.0,442.9997,-0.014278135210585057,0.17439595113650605
5-19A,9.0,466.9657,0.6438881721417179,0.15728021522805108
5-19A,9.0,490.9787,1.1851798820375627,1.1705509965930623
5-19A,9.0,503.1614,1.4281407238419506,0.3351170616032513
5-19A,9.0,547.0731,-0.5697642724053322,0.1255622202019722
5-19A,9.0,565.0471,0.015964088684316577,0.32288452132925666
5-19A,9.0,578.8872,0.8404598145153255,0.16453977136761533
5-19A,9.0,579.0269,0.8472782954009246,0.12532927969502988
5-19A,9.0,612.2549,-1.0076892969327147,0.6183468694288253
5-19A,9.0,624.2949,0.1332831005645622,0.38655459825714045
5-19A,9.0,659.307,-0.36946313239928485,0.34222879950920765
5-19A,9.0,664.0939,-0.6323964043487454,0.1675093613745318
5-19A,9.0,665.2144,0.459565057975982,0.49280245606614126
5-19A,9.0,668.1374,-0.5321509944391356,0.019578490858667353
5-19A,9.0,787.255,-0.061470500811539056,0.2133712362372825
5-19A,9.0,790.2568,-0.17657042868253064,0.11979289473501456
5-19A,9.0,835.0407,-0.7839773329810611,0.1624366452052691
5-19A,9.0,863.2971,-0.6494439011661841,0.06412417653102541
5-19A,9.0,864.1473,-0.591716049488922,0.2707452115085123
5-19A,9.0,974.2935,-0.7934149156303967,0.23056437693636242
5-19A,9.0,976.7162,0.4494035825263101,0.10273755008945075
5-19A,10.0,57.0342,-0.8691467087955658,0.077865115253374
5-19A,10.0,58.0295,5.578606258703407,0.5589270856848833
5-19A,10.0,59.0135,-0.407266114776728,0.1507918010225221
5-19A,10.0,71.0137,-0.6260338230399711,0.08102522183466501
5-19A,10.0,73.0293,-0.1406416479437322,0.046958211985702235
5-19A,10.0,74.0247,-0.49044729693284433,0.4108882805500097
5-19A,10.0,75.0087,0.7327739506434148,0.3599842646598178
5-19A,10.0,87.0088,-0.6072561883867444,0.008361229809653276
5-19A,10.0,87.0451,-0.3871189892572157,0.25716935665374463
5-19A,10.0,88.0403,2.0283404131883374,0.14565793742171976
5-19A,10.0,88.9883,-0.624323462854645,0.8594308707051085
5-19A,10.0,89.0244,-0.6234749062595846,0.07789655230294257
5-19A,10.0,93.0338,0.0028649397321417742,0.018122835965720403
5-19A,10.0,94.9761,-1.4198087074809078,0.10913008854706929
5-19A,10.0,94.9806,1.488782668802339,0.16729547214884588
5-19A,10.0,95.0139,-0.7238100635753624,0.16286917896319245
5-19A,10.0,101.0242,-0.8404021442201193,0.1277135870720881
5-19A,10.0,102.056,-0.3373127078401131,0.042154412991227755
5-19A,10.0,103.0402,-0.10901437063120538,0.12966420156247443
5-19A,10.0,103.0509,-0.3028791726647906,0.11497442435257223
5-19A,10.0,104.0352,-0.5942095755507282,0.14764662809731707
5-19A,10.0,105.0193,-0.8996886172616172,0.2505124036861368
5-19A,10.0,107.0503,0.4559374667524208,0.11859585466525466
5-19A,10.0,109.0295,0.8926605748686411,0.2921960167682153
5-19A,10.0,111.02,7.371716471980838,0.5182228119619192
5-19A,10.0,112.0516,3.8497791717167065,0.5345199867714936
5-19A,10.0,113.0244,-0.6033404261026895,0.05649890745816264
5-19A,10.0,113.0357,6.405987711932563,0.42392081118698705
5-19A,10.0,114.056,-0.24016263267878052,0.0028404933352674925
5-19A,10.0,115.0037,0.8997613445648618,0.19880981427203182
5-19A,10.0,115.0402,0.00966769648707419,0.41296529919733843
5-19A,10.0,115.0764,0.2773796232757926,0.31989050430075966
5-19A,10.0,116.0354,-0.08972042844841227,0.2897374566332045
5-19A,10.0,116.0717,-0.29013574542795406,0.03442487608273811
5-19A,10.0,117.0194,-0.18713071045687668,0.04506210205200793
5-19A,10.0,118.0508,-0.25540680074125943,0.17453727345178263
5-19A,10.0,118.9804,-0.7171835336973749,0.03987014978436291
5-19A,10.0,119.0503,-0.39295711672897105,0.16425181799382174
5-19A,10.0,120.9273,-0.5069116230244802,0.0449169437179248
5-19A,10.0,121.0295,-0.3613506601386364,0.38188321775661876
5-19A,10.0,121.0409,-0.745650485825474,0.24414497940580096
5-19A,10.0,122.0248,-0.09569575044003807,0.31063899456073546
5-19A,10.0,124.0075,-0.5116375567887237,0.15702529763084494
5-19A,10.0,124.0144,-1.0712551492998654,0.10331673288527685
5-19A,10.0,125.0439,-0.6414572422921128,0.16130257802923043
5-19A,10.0,127.0764,-0.4362988432698129,0.28806421134750565
5-19A,10.0,128.0354,-0.3580114090206982,0.006887105146551976
5-19A,10.0,129.0193,-0.10770344985167896,0.11452055464174057
5-19A,10.0,129.0556,-0.3761524336482611,0.2976148460675762
5-19A,10.0,130.0142,0.6093038551698498,0.700628171366113
5-19A,10.0,130.0509,5.477244516481788,0.24226460372387468
5-19A,10.0,130.0874,0.21031843143821097,0.1335353381665202
5-19A,10.0,131.0008,-0.713222558413231,0.14015368910856382
5-19A,10.0,131.0123,-0.09522199426774908,0.04783061647043399
5-19A,10.0,131.035,-1.016559401069199,0.0956381381568012
5-19A,10.0,131.0462,-0.7440866326962989,0.2732752205012829
5-19A,10.0,131.0828,-0.6544370222923396,0.06520005726472579
5-19A,10.0,132.0302,5.093654858991303,0.3383760042566093
5-19A,10.0,133.0142,-0.3395637946100005,0.0635375516286351
5-19A,10.0,133.0257,0.008805763381203504,0.16325552606452087
5-19A,10.0,133.0505,1.052981419537199,0.09660795503728432
5-19A,10.0,134.0472,3.693778160940992,0.6124206850097093
5-19A,10.0,134.0604,1.8055271401178772,0.4374193429265984
5-19A,10.0,135.0302,-0.3291622602835832,0.108617097990987
5-19A,10.0,135.0453,1.1040849313093826,0.18392823116978288
5-19A,10.0,136.0404,-0.028518275575421807,0.12781769343358168
5-19A,10.0,136.0487,0.7999312999568653,0.2942716673687647
5-19A,10.0,136.0767,0.44295229348585563,0.5928325505072221
5-19A,10.0,137.0239,-0.2937879268682641,0.05711734937873883
5-19A,10.0,138.9789,0.23751940765691265,0.20620187456162614
5-19A,10.0,139.0014,0.47441029684026537,0.04473578212610005
5-19A,10.0,139.0067,-0.7194544368057827,0.018589365165910008
5-19A,10.0,139.976,0.6743103239193652,0.4741826742443552
5-19A,10.0,143.0713,-0.6625300573055559,0.37452876685303615
5-19A,10.0,143.1077,0.4429735551974867,0.07011160925684252
5-19A,10.0,145.0141,-0.4634819682640805,0.049871558348535884
5-19A,10.0,145.0506,2.0239015649208185,0.18285758664182364
5-19A,10.0,145.0623,0.8540493438132124,0.22546843599656533
5-19A,10.0,145.0982,-0.8684030668494769,0.09021778535918781
5-19A,10.0,145.1106,-0.11864727525580074,0.4662807721802126
5-19A,10.0,146.0459,-0.40993532642154273,0.008550735638100977
5-19A,10.0,147.0298,-0.07306166038740858,0.06833309745504772
5-19A,10.0,147.0662,1.8461599193970688,0.1416494535907179
5-19A,10.0,149.0092,-0.6093673838410687,0.5663413291073228
5-19A,10.0,149.0456,0.5542300489492819,0.16335636347188248
5-19A,10.0,149.0608,0.3275029397015839,0.4640852557376845
5-19A,10.0,150.0422,0.9194722756437337,0.7452236929289459
5-19A,10.0,150.9707,-0.274477971233819,0.8092429043548187
5-19A,10.0,151.0259,-0.0615659267262033,0.15738543201263547
5-19A,10.0,151.04,0.009983546750319637,0.27748532840688006
5-19A,10.0,151.06,-0.2799061143897611,0.4942417075018352
5-19A,10.0,152.0353,0.34424638781346745,0.3991862658638767
5-19A,10.0,152.0716,-0.6143598472010189,0.45858496858013126
5-19A,10.0,153.0192,-0.8446977381079475,0.057567974874502555
5-19A,10.0,154.062,-0.5610104147324475,0.08828383737925566
5-19A,10.0,154.9751,-0.12937163057724654,0.05438274549953275
5-19A,10.0,155.0099,7.292435834799471,0.43204647441214206
5-19A,10.0,157.0128,2.0602390156164825,0.21428452689963096
5-19A,10.0,157.0255,5.565285326634322,0.3588899321555018
5-19A,10.0,157.0379,5.570563172149287,0.2476913675036662
5-19A,10.0,157.0504,0.9194934056306205,0.12137295586012446
5-19A,10.0,159.0297,-0.28090026474036034,0.08341091890331283
5-19A,10.0,159.0775,1.3737364557639313,0.2296233499297352
5-19A,10.0,160.0616,1.5087653950615654,0.4113350241392022
5-19A,10.0,161.0453,-1.5833368905744682,0.1357687187527779
5-19A,10.0,162.0424,0.9361662773449058,0.17177572843412767
5-19A,10.0,163.0351,-0.5402251649940564,0.07961726044128789
5-19A,10.0,163.0398,1.5608427927349764,0.24785140612281167
5-19A,10.0,163.0611,0.49765991432637957,1.0915321087065128
5-19A,10.0,164.0716,-0.6169217261769124,0.06455804928366261
5-19A,10.0,165.03,-0.6701175051481093,0.6023665233952099
5-19A,10.0,165.0405,-0.37788388811881585,0.3522245828307483
5-19A,10.0,165.0556,-0.8798899024614579,0.12617792087098123
5-19A,10.0,166.0508,1.9751387253100416,0.15614508795210566
5-19A,10.0,166.0632,0.5726946757402382,0.3390315923032425
5-19A,10.0,166.9759,-0.03211263169445789,0.47465765746776234
5-19A,10.0,167.0207,-0.45262670559922763,0.23063638855031215
5-19A,10.0,167.0358,-0.30581843199266745,0.2232023748919433
5-19A,10.0,167.0828,-0.5598222525745922,0.5954876697600227
5-19A,10.0,168.0277,-0.4889049011368923,0.018948055627596036
5-19A,10.0,168.0664,0.11547224255251046,0.45158024631318916
5-19A,10.0,170.0455,-0.24429139065744476,0.04148770767413704
5-19A,10.0,171.0065,0.421376766540835,0.26201971388917467
5-19A,10.0,171.0092,0.30529607638823036,0.26572286543632034
5-19A,10.0,171.0284,-0.276978208768635,0.1298720128912346
5-19A,10.0,172.0616,3.9913752350329768,0.5198656556830755
5-19A,10.0,172.962,-0.39755717651599526,0.037186302105820045
5-19A,10.0,173.0089,-0.23183618686432453,0.22474780755544477
5-19A,10.0,173.0453,-0.3676835241716787,0.135727361619799
5-19A,10.0,173.0932,0.4710111729348942,0.13049082577110796
5-19A,10.0,173.1041,-0.7515035918605206,0.06887592837112276
5-19A,10.0,174.0407,5.982811674882184,0.3189408088269862
5-19A,10.0,174.088,6.916576555496067,0.5272244245602726
5-19A,10.0,175.022,0.020243981106148324,0.1643810592478103
5-19A,10.0,175.0361,5.135042084024458,0.3284468792554678
5-19A,10.0,175.0611,0.6295808323477119,0.09304046717392143
5-19A,10.0,176.0776,0.5859768834814993,0.284809098656068
5-19A,10.0,177.0402,1.371807457445057,0.646963069352286
5-19A,10.0,177.0553,0.40996136880077394,0.34478714852130976
5-19A,10.0,178.0509,2.7649300104148873,0.13157620475667747
5-19A,10.0,179.0348,2.1252213519883116,0.2525448636574074
5-19A,10.0,179.0561,-0.6210707644679687,0.04557951013342325
5-19A,10.0,180.0663,-0.6962398546415405,0.08321878655778256
5-19A,10.0,181.0505,-0.7990733946420681,0.20459188015951316
5-19A,10.0,182.9725,-0.7913434033168314,0.09949598363847853
5-19A,10.0,183.0661,-1.1956987256129152,0.2291196913114526
5-19A,10.0,184.0017,-0.5267834549526953,0.02460690586822615
5-19A,10.0,184.9856,-0.14889612389779006,0.19105270842831687
5-19A,10.0,186.1136,1.0903593011139554,0.8834725231603932
5-19A,10.0,187.0234,-0.3805918259306589,0.1850683073015467
5-19A,10.0,188.035,-0.43207485665693424,0.2794542698392597
5-19A,10.0,188.0565,0.4417800193385299,0.02450261330227692
5-19A,10.0,189.0405,-0.7504566533882511,0.053378465313364314
5-19A,10.0,191.0197,-0.26887569891040636,0.20733948805879765
5-19A,10.0,191.0561,-0.20061193478579964,0.05516768438633806
5-19A,10.0,192.0663,-1.4510571056497208,0.26326250276989793
5-19A,10.0,193.0349,-0.3612360651680914,0.5050669056858212
5-19A,10.0,194.0682,3.1613681248471908,0.790828483490651
5-19A,10.0,194.0822,-0.5391562891800694,0.5274853241140189
5-19A,10.0,195.0509,-0.4045825390619229,0.10112589833685104
5-19A,10.0,195.0657,0.5656030454943675,0.414625632324847
5-19A,10.0,196.0603,1.9277039310246664,0.4302920491862104
5-19A,10.0,198.0182,1.16298553890635,0.27400175600093324
5-19A,10.0,199.0019,-0.21811508274605418,0.5844973223667425
5-19A,10.0,200.9937,-0.6607495446050999,0.24266740631896294
5-19A,10.0,201.0051,0.299311602985295,0.5148427701143727
5-19A,10.0,203.0348,-1.069387757600531,0.08093879430842171
5-19A,10.0,203.0826,-0.11174796493638069,0.006588085938695901
5-19A,10.0,204.0498,-0.8193955154970302,0.11188045571437785
5-19A,10.0,205.0351,-0.7444012408638094,0.0464992164556018
5-19A,10.0,206.0822,-0.4746321515318169,0.7330296678349232
5-19A,10.0,209.0292,-0.41591401012444495,0.372232736593654
5-19A,10.0,209.0814,-0.8446632593977697,0.4316680624815464
5-19A,10.0,211.0235,-1.0220143233717023,0.8074632044409208
5-19A,10.0,211.9968,6.021926577582892,0.3035455958074206
5-19A,10.0,212.0331,0.3491213604785323,0.32187301583228084
5-19A,10.0,212.9807,1.0136063106246207,0.11935831773875358
5-19A,10.0,213.014,0.18281076851716185,0.09516438485220419
5-19A,10.0,213.0384,-0.5972181631890608,0.18502019045728807
5-19A,10.0,213.1252,-0.803362095440519,0.1835008702056508
5-19A,10.0,214.0488,-0.4795924132743907,0.6034946900985728
5-19A,10.0,215.0331,-0.7887875930851749,0.030467918010744357
5-19A,10.0,216.1351,-1.116791352990939,0.21519861971768617
5-19A,10.0,218.0335,-0.8653627134652048,0.02044312479477322
5-19A,10.0,218.1034,0.7632465561079385,0.0942063323096784
5-19A,10.0,220.0828,-0.585172621879827,0.45122961347134494
5-19A,10.0,221.0443,-0.8013959797653267,0.06665045693311908
5-19A,10.0,221.0664,0.31566308681391403,0.4284872637881125
5-19A,10.0,225.0399,-0.14236740502593304,0.7138570440838674
5-19A,10.0,225.0861,0.18763432437632951,0.48140872656573486
5-19A,10.0,225.0901,0.19212699375924008,0.297941460304215
5-19A,10.0,226.0135,-0.03176345738992102,0.08974829629023916
5-19A,10.0,226.0697,-1.0734658503594732,0.18246888779965453
5-19A,10.0,228.0501,-0.6225595888666904,0.16384659368480214
5-19A,10.0,229.0122,1.6553628605686903,0.39066337258534956
5-19A,10.0,237.0614,2.122003464576345,0.33868909557474497
5-19A,10.0,238.0945,-0.6691676415538614,0.24678941936756066
5-19A,10.0,240.0515,0.8691049075140322,0.09100357001091605
5-19A,10.0,241.0844,0.0019627295997126926,0.8307528916939263
5-19A,10.0,242.0804,-0.9993213355719492,0.5388534905621757
5-19A,10.0,243.029,0.9665074079814981,0.30886858439467246
5-19A,10.0,243.0625,2.410975228331481,0.3410449410459921
5-19A,10.0,245.0444,0.15040207632010905,0.18322873655460792
5-19A,10.0,246.0198,0.4386857728130764,0.37965204651098566
5-19A,10.0,246.064,-0.7779349019112409,0.028275098544519928
5-19A,10.0,251.0816,-0.7980762974616319,0.4908798283007363
5-19A,10.0,253.0119,-0.09600318725819955,0.0545306012350828
5-19A,10.0,253.0499,0.30354524989352283,0.3642149505538882
5-19A,10.0,257.0072,-0.04736660813185595,0.34259448632210154
5-19A,10.0,257.1028,-1.182122913624988,0.38695988109473195
5-19A,10.0,259.005,0.36335185883744764,0.4492991686653477
5-19A,10.0,259.0227,0.5775736462560331,0.11404248612560326
5-19A,10.0,261.0385,0.730049393547783,0.1391710338064483
5-19A,10.0,266.0703,1.288883421408889,0.16169962060362322
5-19A,10.0,267.0724,-0.5665418822657764,0.02370897385265342
5-19A,10.0,268.02,0.34653347267785606,0.4707822649850157
5-19A,10.0,269.0398,1.4714462985646428,0.30121157920035707
5-19A,10.0,271.0612,0.5022430537968402,0.8001350562541896
5-19A,10.0,271.0815,-1.0401681680600672,0.5002528081984998
5-19A,10.0,273.0021,-0.32268456821865077,0.28014847679998356
5-19A,10.0,274.0933,1.288889099396377,0.10960384857542278
5-19A,10.0,275.0184,0.9696630557492345,0.4041461562472409
5-19A,10.0,275.0991,1.5908899131621133,0.5027667781059203
5-19A,10.0,277.1207,-0.9477550755622137,0.024848414954740612
5-19A,10.0,277.2169,-0.6752905666468644,0.23279038587344547
5-19A,10.0,279.2331,-0.2746916226552848,0.024197413454162854
5-19A,10.0,282.0839,-0.46601874767613577,0.33805039094063155
5-19A,10.0,283.2063,-0.31405681228949933,0.10213740224475985
5-19A,10.0,285.0972,-1.1738117898234481,0.5824791569826229
5-19A,10.0,287.0157,-0.8291155649718644,0.11182742203819605
5-19A,10.0,288.0725,0.7708982290845291,0.12456113776170624
5-19A,10.0,289.0333,1.5053210134083366,0.526888507503866
5-19A,10.0,289.1044,2.5445365677504155,0.11099397380073467
5-19A,10.0,290.9677,-0.007175300317652112,0.1415943282317069
5-19A,10.0,294.0479,0.10388588041275797,0.2581081130530496
5-19A,10.0,300.0509,-0.3898365082075913,0.8836184090813197
5-19A,10.0,301.0333,-1.0008208308566098,0.36283772889715293
5-19A,10.0,303.2326,-0.10243533095065158,0.32901194270724204
5-19A,10.0,305.0207,-0.6684277396467514,0.10453424172055578
5-19A,10.0,306.0481,2.2128574532110026,0.13046587262714904
5-19A,10.0,306.0765,-0.2168253886084322,0.024144027777231094
5-19A,10.0,308.0986,-0.38573494821718046,0.034508842338702175
5-19A,10.0,313.0441,5.275386770174823,0.766273089358063
5-19A,10.0,313.1037,0.8203614519729665,0.3803997476178828
5-19A,10.0,317.026,0.2495082140808601,0.2942916749945386
5-19A,10.0,323.0256,-0.7200112002359739,0.14896531163409493
5-19A,10.0,325.1163,1.5799183311625917,0.3148558379417255
5-19A,10.0,328.0457,3.518612693161691,0.3095369094969989
5-19A,10.0,333.0589,3.3963610740023746,0.7133345771409807
5-19A,10.0,338.9884,1.7589855310478273,0.7007145916409435
5-19A,10.0,339.0928,1.1646356685587036,0.9472645754506936
5-19A,10.0,341.1089,-0.35246733744217085,0.07080028003390149
5-19A,10.0,344.0393,3.9731290810775555,0.510594223527281
5-19A,10.0,346.0556,0.5851348177868038,0.3226178002241219
5-19A,10.0,348.087,3.8430531251105204,0.1857399520990261
5-19A,10.0,353.0489,4.4892533047834196,1.673651140469871
5-19A,10.0,357.089,1.0524468814415875,0.426500719994254
5-19A,10.0,375.131,1.6584962824501304,0.6708600241932644
5-19A,10.0,377.1496,0.37251456064916433,0.5814713489594858
5-19A,10.0,383.1188,-0.08298592229283687,0.3833508039315121
5-19A,10.0,388.9416,-0.4557436501662845,0.30326218317461634
5-19A,10.0,388.9442,-0.9057640719992068,0.216869914782111
5-19A,10.0,401.0756,-0.9429617558512506,0.04551874857893831
5-19A,10.0,407.2795,-1.01747459079774,0.07725672806161112
5-19A,10.0,421.0743,-0.09512239087558062,0.47168939064085563
5-19A,10.0,426.0222,0.44931752842483696,0.4764964086081928
5-19A,10.0,442.9997,-0.3768721441346705,0.13746225055687555
5-19A,10.0,466.9657,-0.7658071884518404,0.1432719790282544
5-19A,10.0,490.9787,-0.6344048317722119,1.0589540029129925
5-19A,10.0,503.1614,-0.0633579265616846,0.5086703665182014
5-19A,10.0,547.0731,-0.17275858937875022,0.055922942496856226
5-19A,10.0,565.0471,0.65340393966225,0.4501832245129883
5-19A,10.0,578.8872,-0.85365601954093,0.08184101276503243
5-19A,10.0,579.0269,-0.9308079710750559,0.048781580886816826
5-19A,10.0,612.2549,-0.04843525117352089,0.5989166003621322
5-19A,10.0,624.2949,0.557399254286067,0.4757545578227032
5-19A,10.0,659.307,-0.2974317010455683,0.11586772685426776
5-19A,10.0,664.0939,0.2646093992152416,0.3424982294464644
5-19A,10.0,665.2144,2.9049363686592655,0.44696611025642885
5-19A,10.0,668.1374,3.302213851165132,0.14479300851566188
5-19A,10.0,787.255,0.11048456804797976,0.6672135028923676
5-19A,10.0,790.2568,-0.5272645804249431,0.26399209787937056
5-19A,10.0,835.0407,0.9118643697250561,0.33085360921917506
5-19A,10.0,863.2971,-0.04162136004336989,0.1307805451883335
5-19A,10.0,864.1473,-0.18341237315648318,0.18995574139653126
5-19A,10.0,974.2935,1.1529941990750703,0.5941953414126501
5-19A,10.0,976.7162,-0.6702591085098009,0.08496301875755398
5-19B,1.0,57.0342,-0.002642781860375809,0.8582425678411123
5-19B,1.0,58.0295,-0.9814883974236794,0.09838953643854674
5-19B,1.0,59.0135,-0.8271783928972205,0.6564304134465346
5-19B,1.0,71.0137,-0.1843130654552823,0.4344553115246887
5-19B,1.0,73.0293,-0.9456230375187126,0.004865761394271116
5-19B,1.0,74.0247,-0.3295186121991842,0.801363638260911
5-19B,1.0,75.0087,-0.41544603763870513,0.19565877952442445
5-19B,1.0,87.0088,-0.6976694209211662,0.013426635832028183
5-19B,1.0,87.0451,-0.07734782914647939,0.3615437752270761
5-19B,1.0,88.0403,-0.8977310691801242,0.039482608904413186
5-19B,1.0,88.9883,3.0778842775096487,2.136485837916511
5-19B,1.0,89.0244,-0.8698489869399595,0.3172223308271956
5-19B,1.0,93.0338,-0.08157410068889914,0.011766357795772502
5-19B,1.0,94.9761,-1.540445324809026,0.18497681520425246
5-19B,1.0,94.9806,0.5672263154452533,0.37721423810910526
5-19B,1.0,95.0139,0.023858041502825778,0.45328428995574827
5-19B,1.0,101.0242,-0.2800575325983178,0.8429617409409406
5-19B,1.0,102.056,-0.5166685503598494,0.03688567578979976
5-19B,1.0,103.0402,-0.9657611219534911,0.025972342531053322
5-19B,1.0,103.0509,-1.0653751892662624,0.024300701058915474
5-19B,1.0,104.0352,1.2740320467274824,1.1069940613323868
5-19B,1.0,105.0193,1.4685223365768718,0.8583938213302759
5-19B,1.0,107.0503,-1.1453344774971101,0.8580014639128783
5-19B,1.0,109.0295,-1.193594695870794,0.13172157290679523
5-19B,1.0,111.02,-1.1599277813651712,0.021033552731130542
5-19B,1.0,112.0516,-0.999261054922028,0.4248210484302982
5-19B,1.0,113.0244,0.09758071152739176,0.5283543076558362
5-19B,1.0,113.0357,-1.3391125280043328,0.10491457589154467
5-19B,1.0,114.056,-0.22931934441250923,0.00812386531758293
5-19B,1.0,115.0037,-0.760629584953399,0.062258235886736166
5-19B,1.0,115.0402,-1.3463304790077462,0.8876962392115038
5-19B,1.0,115.0764,-0.37468796167369434,0.950720471277933
5-19B,1.0,116.0354,-0.541995279186002,0.36072739806524157
5-19B,1.0,116.0717,-0.5765585431669146,0.11259873162792604
5-19B,1.0,117.0194,-0.9213000105516408,0.012082546650548837
5-19B,1.0,118.0508,-0.12474266980898205,0.545768332637195
5-19B,1.0,118.9804,0.10044876528488997,0.47564711096780854
5-19B,1.0,119.0503,-0.8617216169079216,1.0440897071069293
5-19B,1.0,120.9273,-0.0030651635861289397,0.22588542578168566
5-19B,1.0,121.0295,-0.09611545638533799,0.618820887240033
5-19B,1.0,121.0409,0.49637746946510386,0.8155715987769416
5-19B,1.0,122.0248,-1.3637636057102078,0.418694669888378
5-19B,1.0,124.0075,0.5156154686811438,0.43679535757487703
5-19B,1.0,124.0144,-0.6322436855279667,0.4697048248339541
5-19B,1.0,125.0439,-0.9842880316452344,0.4617863679782532
5-19B,1.0,127.0764,1.256986469049102,0.4290709422372072
5-19B,1.0,128.0354,-0.13597837003327923,0.10259508509782614
5-19B,1.0,129.0193,-1.2369810377028765,0.05643478888526298
5-19B,1.0,129.0556,-0.3217887231550239,0.33047816796510604
5-19B,1.0,130.0142,-0.8329935247657411,0.10808866808533718
5-19B,1.0,130.0509,-1.0084533485484182,0.03681071272431158
5-19B,1.0,130.0874,0.2073874976545443,0.6268930368709167
5-19B,1.0,131.0008,-1.1976069288387157,0.07895659419915595
5-19B,1.0,131.0123,-0.7958083213984546,0.058755951804696796
5-19B,1.0,131.035,-0.18145154510960707,0.428821024804374
5-19B,1.0,131.0462,0.9554961228241357,0.47108600295850855
5-19B,1.0,131.0828,1.866741821473601,0.815598282814728
5-19B,1.0,132.0302,-1.132461633877293,0.062262308819327074
5-19B,1.0,133.0142,-0.2548632137928177,0.19221625065802805
5-19B,1.0,133.0257,-0.28956735130834377,0.17158577748862994
5-19B,1.0,133.0505,-1.3044217256974646,0.024917340515887485
5-19B,1.0,134.0472,1.975526636812153,1.5528837004925202
5-19B,1.0,134.0604,-0.4015553913119767,0.3887791041833374
5-19B,1.0,135.0302,1.9593754965422767,1.5291738469179208
5-19B,1.0,135.0453,-1.9600832389034841,0.27529987768939473
5-19B,1.0,136.0404,-0.43777999298325343,0.056455089193678906
5-19B,1.0,136.0487,-1.6964314212062117,0.2997641418014613
5-19B,1.0,136.0767,-1.1322599596110572,1.079702392905257
5-19B,1.0,137.0239,-0.43998736326632437,0.11948044944894545
5-19B,1.0,138.9789,-0.8317048177133782,1.317205472360472
5-19B,1.0,139.0014,-0.4193159607360841,0.03199345965767578
5-19B,1.0,139.0067,-0.8653157602845969,0.0855010679174577
5-19B,1.0,139.976,-2.0327654826743125,0.7554836731438528
5-19B,1.0,143.0713,0.4139423868731803,0.23955874730147844
5-19B,1.0,143.1077,-1.3467596099427626,1.1161972228286534
5-19B,1.0,145.0141,0.2564070738659602,0.19248438976493118
5-19B,1.0,145.0506,-0.26033501668725667,0.25162209480282677
5-19B,1.0,145.0623,8.263592489257174,3.9151235029311144
5-19B,1.0,145.0982,5.124260361952473,1.925483319209931
5-19B,1.0,145.1106,4.489678179086846,1.4301051336466881
5-19B,1.0,146.0459,-0.4033632905908043,0.052674971449778916
5-19B,1.0,147.0298,-0.9316301519024737,0.02396086410403582
5-19B,1.0,147.0662,-1.3991344072548366,0.03278231106996889
5-19B,1.0,149.0092,-0.7121310865431526,0.5640086255532653
5-19B,1.0,149.0456,0.2553837464081481,0.33549633985920985
5-19B,1.0,149.0608,-1.537213052349945,1.146712804676281
5-19B,1.0,150.0422,1.3522184090837075,1.2068084396913155
5-19B,1.0,150.9707,-0.1703945890600517,0.48213523601659236
5-19B,1.0,151.0259,-0.18863347295228658,0.10991040651018082
5-19B,1.0,151.04,-1.1439481295691343,0.8273308340226134
5-19B,1.0,151.06,0.9525547742816288,1.4294441264157534
5-19B,1.0,152.0353,-1.02160364352786,0.36343120431854686
5-19B,1.0,152.0716,0.028876260316972102,0.8776774188613558
5-19B,1.0,153.0192,-0.725529951348701,0.25124446403182393
5-19B,1.0,154.062,0.73935888898719,0.36534294066621764
5-19B,1.0,154.9751,-1.0078987364779652,0.0069383545571210835
5-19B,1.0,155.0099,-1.1275943076141035,0.020991252039824982
5-19B,1.0,157.0128,-1.0142108165471388,0.026897749250675396
5-19B,1.0,157.0255,-1.2941309328867323,0.019921179567474964
5-19B,1.0,157.0379,-1.3353463586564405,0.00906004471551721
5-19B,1.0,157.0504,-1.1853824070061156,0.03337379175971199
5-19B,1.0,159.0297,0.2811017938533106,0.4415278869495667
5-19B,1.0,159.0775,-1.0822258363384059,0.043559071821083976
5-19B,1.0,160.0616,-0.191930905974444,0.6532724353361135
5-19B,1.0,161.0453,-0.8647275585195568,0.6913896934852848
5-19B,1.0,162.0424,-1.2667443189828171,0.08266060070040081
5-19B,1.0,163.0351,-1.399104432467321,0.08415662091217528
5-19B,1.0,163.0398,-0.1571716657119918,0.15148419479437375
5-19B,1.0,163.0611,0.13949210297005235,0.6935216933329597
5-19B,1.0,164.0716,0.5798440519380818,0.6131784049475698
5-19B,1.0,165.03,0.18430555253052297,0.5100565160616093
5-19B,1.0,165.0405,3.68563189222674,1.444612634385157
5-19B,1.0,165.0556,-0.6331690882317718,0.09621868436343842
5-19B,1.0,166.0508,-1.4710823620561322,0.33018661974939284
5-19B,1.0,166.0632,-1.014501355506114,0.7492338971406538
5-19B,1.0,166.9759,-1.2961429626518608,0.25244846599363646
5-19B,1.0,167.0207,0.023222331100002686,0.40481222717972914
5-19B,1.0,167.0358,-1.6255347060629426,1.3239716632319765
5-19B,1.0,167.0828,0.17265886177877285,0.4550046118144631
5-19B,1.0,168.0277,-0.3064278653568495,0.09834913570764445
5-19B,1.0,168.0664,0.6579271055955328,0.32392464576775765
5-19B,1.0,170.0455,-0.7903026891638152,0.018484444032609192
5-19B,1.0,171.0065,-0.7090369051285579,0.20734081793064377
5-19B,1.0,171.0092,-0.9029494749360358,0.21132331129423862
5-19B,1.0,171.0284,-0.9627902305741816,0.06034708576011298
5-19B,1.0,172.0616,-1.3775096506168945,0.17281168506958347
5-19B,1.0,172.962,-0.6641918467511969,0.15068460407232703
5-19B,1.0,173.0089,-0.9442063051773528,0.06523113481453716
5-19B,1.0,173.0453,-0.5282501182969653,0.06640313076018244
5-19B,1.0,173.0932,-0.4224369254809791,0.22087342136176627
5-19B,1.0,173.1041,4.357711876643708,2.006722163205507
5-19B,1.0,174.0407,-0.9696675954036673,0.020520937998452504
5-19B,1.0,174.088,0.19217202445307519,0.37006384493449296
5-19B,1.0,175.022,-0.6302379910278043,0.14503592365166756
5-19B,1.0,175.0361,-1.2069509054380663,0.009521690087772964
5-19B,1.0,175.0611,-1.1914771270937927,0.027948180732952608
5-19B,1.0,176.0776,-1.220415081826054,0.12311466401905419
5-19B,1.0,177.0402,0.6867863042383094,0.22246184678566167
5-19B,1.0,177.0553,-1.222836796332101,0.9128113875067912
5-19B,1.0,178.0509,-0.8862849491086375,0.10006262254690501
5-19B,1.0,179.0348,-1.5776197858800687,0.3325378209424825
5-19B,1.0,179.0561,0.3804800871654882,0.586100948167106
5-19B,1.0,180.0663,0.4306643628756252,0.5576102337493808
5-19B,1.0,181.0505,-1.297047241969354,0.1538322688526603
5-19B,1.0,182.9725,-0.21684727823264122,0.6235084013251623
5-19B,1.0,183.0661,-0.11056172023542803,0.6384111219564499
5-19B,1.0,184.0017,-0.384605840578784,0.13068052345342993
5-19B,1.0,184.9856,-1.1356133248613594,0.1960244895521751
5-19B,1.0,186.1136,0.7804375987967335,0.7080249506959655
5-19B,1.0,187.0234,-0.6146472720367067,0.47314185353491395
5-19B,1.0,188.035,0.05413072732849155,1.2453082776578808
5-19B,1.0,188.0565,-1.08806548453892,0.019703891747757073
5-19B,1.0,189.0405,0.6788179971550075,0.37713734891420403
5-19B,1.0,191.0197,-1.0609028248296428,0.20035724061804627
5-19B,1.0,191.0561,-0.6695195576867601,0.27741523568218734
5-19B,1.0,192.0663,3.852018304754969,2.5062421493207676
5-19B,1.0,193.0349,3.7462107918574006,3.0497645070554533
5-19B,1.0,194.0682,-0.8479668815002787,0.22651247246267772
5-19B,1.0,194.0822,-0.6962657938282307,0.4011605264254061
5-19B,1.0,195.0509,5.728589314692419,2.9085698778176776
5-19B,1.0,195.0657,3.6054814809624105,2.383098931328931
5-19B,1.0,196.0603,-1.1630167303401755,0.08771341589729648
5-19B,1.0,198.0182,-0.9234865291978787,0.3348437053992643
5-19B,1.0,199.0019,-0.9346985965204095,0.17314042539365707
5-19B,1.0,200.9937,-0.4364594893312316,0.20741102530305836
5-19B,1.0,201.0051,-1.6088309279833108,0.3460442821697654
5-19B,1.0,203.0348,-0.813382733199056,0.24524969966285098
5-19B,1.0,203.0826,-0.05935456921376468,0.007576055659355258
5-19B,1.0,204.0498,2.1626483489248973,0.3319649318563969
5-19B,1.0,205.0351,-0.9511256148557551,0.11205555361977233
5-19B,1.0,206.0822,-0.0076757420041318886,0.6236586576622191
5-19B,1.0,209.0292,0.07745341613258439,0.5389010215105832
5-19B,1.0,209.0814,2.635685355940055,1.4549606377942805
5-19B,1.0,211.0235,-0.8966288623989025,0.24272472323497105
5-19B,1.0,211.9968,-1.0652056477950151,0.04753312468687124
5-19B,1.0,212.0331,-0.1662086476925295,0.4827487132792515
5-19B,1.0,212.9807,-1.072094565832,0.14465560645855022
5-19B,1.0,213.014,-0.6777712701130088,0.20672776378023544
5-19B,1.0,213.0384,-0.6385335871621001,0.21696803480371468
5-19B,1.0,213.1252,1.1185575010422912,0.7417710367954484
5-19B,1.0,214.0488,0.6075164560602666,0.5505001742386719
5-19B,1.0,215.0331,-0.2248000981878761,0.4642541799100287
5-19B,1.0,216.1351,0.4653221410419417,0.5583239818956889
5-19B,1.0,218.0335,-0.14365555143850656,0.396433425787919
5-19B,1.0,218.1034,-1.0460355958366503,0.1373724085796736
5-19B,1.0,220.0828,0.5359058257901862,0.16524152892597643
5-19B,1.0,221.0443,-0.09303584226084094,0.4291402273064149
5-19B,1.0,221.0664,-1.5196874645336826,0.7990874767146179
5-19B,1.0,225.0399,-0.8039727080946393,0.4781661020737681
5-19B,1.0,225.0861,-2.1384485205480965,1.158718305231072
5-19B,1.0,225.0901,-1.611911512907059,0.6361536584284233
5-19B,1.0,226.0135,-1.2662060742274848,0.2954344997051083
5-19B,1.0,226.0697,-0.02591401659521729,0.3870063844472066
5-19B,1.0,228.0501,3.183561710792594,1.971065054842312
5-19B,1.0,229.0122,-0.8782589759492712,0.1647430646370254
5-19B,1.0,237.0614,-0.9462448530520919,0.48603504722312846
5-19B,1.0,238.0945,9.371309080276824,3.287780061423375
5-19B,1.0,240.0515,-1.437479193860197,0.0036998721376533014
5-19B,1.0,241.0844,0.2122042355815437,1.2725400821091213
5-19B,1.0,242.0804,6.466709436930908,3.216573716482929
5-19B,1.0,243.029,-1.020548480735505,0.5121599671116054
5-19B,1.0,243.0625,0.6101770484822817,0.6881608144327457
5-19B,1.0,245.0444,-0.4929320821913482,0.36665891692175157
5-19B,1.0,246.0198,-1.6860579745313224,0.6111914866292991
5-19B,1.0,246.064,-0.2042954747810109,0.9127691496300676
5-19B,1.0,251.0816,0.9645558203293708,1.0086898354578937
5-19B,1.0,253.0119,-0.34934275154274935,0.012899038261180495
5-19B,1.0,253.0499,0.8871202224324946,0.750354684496175
5-19B,1.0,257.0072,-1.3219297381876536,0.09526042291728845
5-19B,1.0,257.1028,2.34926532851431,0.9708988446600925
5-19B,1.0,259.005,-1.4975611386747025,0.5614142386932738
5-19B,1.0,259.0227,-0.2651994018504684,0.4603638083209881
5-19B,1.0,261.0385,-1.1674024784791435,0.36948140695548626
5-19B,1.0,266.0703,-0.82187643381274,0.1341833391179144
5-19B,1.0,267.0724,-0.5091481904055654,0.08102621938567076
5-19B,1.0,268.02,-0.5584328812355754,0.4091793946503748
5-19B,1.0,269.0398,-0.3416299248816847,0.42836264317271816
5-19B,1.0,271.0612,1.236594099828161,0.2953960726814657
5-19B,1.0,271.0815,1.6430492641555268,0.9750087447989834
5-19B,1.0,273.0021,-0.9240076929345094,0.076231811252225
5-19B,1.0,274.0933,-1.0092712248104754,0.23018563003837844
5-19B,1.0,275.0184,-1.0794787863098914,0.6071723780988447
5-19B,1.0,275.0991,-0.46129821812867094,0.2969250740085848
5-19B,1.0,277.1207,1.0488745921105074,0.7063346766836361
5-19B,1.0,277.2169,-1.1091340025286833,1.0650195255160941
5-19B,1.0,279.2331,-0.0557563824035351,0.2129406295063343
5-19B,1.0,282.0839,2.8643657308210972,1.7301313559557439
5-19B,1.0,283.2063,-0.09702388177616707,0.09124992603368166
5-19B,1.0,285.0972,1.262353064096423,0.551244015667402
5-19B,1.0,287.0157,-0.3074365732490191,0.7290211802198967
5-19B,1.0,288.0725,-0.2527716201239691,0.1935030512197281
5-19B,1.0,289.0333,-1.233774819516189,0.5034426899582257
5-19B,1.0,289.1044,1.926253014295798,1.6987397178272554
5-19B,1.0,290.9677,-0.49437577059399596,0.017081469058264076
5-19B,1.0,294.0479,0.14196254496656452,0.2497936331420865
5-19B,1.0,300.0509,2.4543050436241645,1.471547567429999
5-19B,1.0,301.0333,-1.0939778937908375,0.7397228363715639
5-19B,1.0,303.2326,-1.071991495253111,0.21252151958084642
5-19B,1.0,305.0207,0.4491296722346501,0.4846767206630413
5-19B,1.0,306.0481,-0.9960224682076699,0.09785360871378312
5-19B,1.0,306.0765,-0.2541076701616811,0.0242748295244607
5-19B,1.0,308.0986,0.49335202969321645,0.3686259002209927
5-19B,1.0,313.0441,0.0920639770807726,0.6882089687139407
5-19B,1.0,313.1037,0.7549786862252124,0.8580497932948198
5-19B,1.0,317.026,-0.16073961574455262,0.6514032445808537
5-19B,1.0,323.0256,1.7630887566206277,0.37342402715027767
5-19B,1.0,325.1163,0.12204165255745562,0.5794531297229399
5-19B,1.0,328.0457,-0.26310400900449143,0.3424434860278374
5-19B,1.0,333.0589,-0.4035623492280954,0.25865156292396146
5-19B,1.0,338.9884,-0.9898729240190145,0.5746653806928508
5-19B,1.0,339.0928,5.710489415815401,2.7483688651599945
5-19B,1.0,341.1089,3.7269998043881225,1.8126752223148768
5-19B,1.0,344.0393,0.15181678993027578,0.6474606940333761
5-19B,1.0,346.0556,4.460772361326164,2.5598100366204797
5-19B,1.0,348.087,-0.8552951440497316,0.24184991727097246
5-19B,1.0,353.0489,5.9396533207756,3.7673606676662126
5-19B,1.0,357.089,-0.2362607020399233,0.540518504917315
5-19B,1.0,375.131,0.31357622398202306,0.42237855391629653
5-19B,1.0,377.1496,1.9726056644070842,0.904588197690462
5-19B,1.0,383.1188,-0.7070801473791084,0.2996493957659211
5-19B,1.0,388.9416,-0.9087492820942842,0.49624329292728286
5-19B,1.0,388.9442,-1.1804034007463302,0.31909880579944583
5-19B,1.0,401.0756,0.30563875036998406,0.30346518395306976
5-19B,1.0,407.2795,2.401481330190065,0.5098996048708506
5-19B,1.0,421.0743,1.5370264019789968,1.027118962208807
5-19B,1.0,426.0222,3.775483715768798,2.602268381007361
5-19B,1.0,442.9997,-0.21163943120723916,0.26741479868810747
5-19B,1.0,466.9657,0.5644687152068696,0.33763114878126677
5-19B,1.0,490.9787,-0.7328644403198947,1.3233700694751973
5-19B,1.0,503.1614,-0.2528711265530991,0.5277336449018557
5-19B,1.0,547.0731,-1.385656661381064,0.009297982423212723
5-19B,1.0,565.0471,-1.2567301052110544,0.08697805483404622
5-19B,1.0,578.8872,0.04314980612825822,0.3964139965357787
5-19B,1.0,579.0269,-0.3408742346703914,0.2281494751037852
5-19B,1.0,612.2549,-0.9550425857853175,0.4042237317040896
5-19B,1.0,624.2949,-0.5993494056870992,0.7090712322844878
5-19B,1.0,659.307,1.3756002234152822,0.7511733515322552
5-19B,1.0,664.0939,-0.2537052644342739,0.07581705375151622
5-19B,1.0,665.2144,-0.22593301240180563,0.29902859743263377
5-19B,1.0,668.1374,-0.616550980693248,0.00012492317245332255
5-19B,1.0,787.255,0.8258176545035781,1.0268818564178954
5-19B,1.0,790.2568,0.9943476138754688,0.44776852034614095
5-19B,1.0,835.0407,-0.7382761128888846,0.3826500362763273
5-19B,1.0,863.2971,-0.7624762873377932,0.06762794793530362
5-19B,1.0,864.1473,0.9886832549222093,0.7412281404856607
5-19B,1.0,974.2935,-0.7267005396139903,0.35716120548202884
5-19B,1.0,976.7162,0.7863534920006934,0.7393312755864133
5-19B,2.0,57.0342,-0.5176964408576131,0.4734324313896431
5-19B,2.0,58.0295,-0.9092860977493247,0.13172265253206714
5-19B,2.0,59.0135,-0.809827136399309,0.20786385561051618
5-19B,2.0,71.0137,-0.08566671929145273,0.18855267637531428
5-19B,2.0,73.0293,-0.9419905060854656,0.017460632021401065
5-19B,2.0,74.0247,-0.5350661534477843,0.8005614238569507
5-19B,2.0,75.0087,-0.5460384007888498,0.16575003845139694
5-19B,2.0,87.0088,-0.6960916707548683,0.013729360883713135
5-19B,2.0,87.0451,-0.0034060694093777932,0.39416981679996077
5-19B,2.0,88.0403,-0.8965878420179769,0.016372121975933858
5-19B,2.0,88.9883,4.872530728709183,0.5999041042044447
5-19B,2.0,89.0244,-0.57319478157978,0.08831767268582749
5-19B,2.0,93.0338,-0.08772130468485473,0.008526313333980955
5-19B,2.0,94.9761,-1.0809363541016241,0.4097556747605127
5-19B,2.0,94.9806,0.4318781906827514,0.38839452696745674
5-19B,2.0,95.0139,0.0029902899133300853,0.21386335563989903
5-19B,2.0,101.0242,-0.43815278753704434,0.27377659325075004
5-19B,2.0,102.056,-0.604263766887966,0.06191148859995298
5-19B,2.0,103.0402,-0.9616937948380595,0.02719950870309198
5-19B,2.0,103.0509,-0.9648597356796503,0.11900805974749559
5-19B,2.0,104.0352,0.8283409986276296,0.2685708449567299
5-19B,2.0,105.0193,0.47876822904984095,0.538335312256361
5-19B,2.0,107.0503,-1.082594360745285,0.7315715603225628
5-19B,2.0,109.0295,-1.1085382517811322,0.10595728117907192
5-19B,2.0,111.02,-0.9953602872964533,0.012841084568538103
5-19B,2.0,112.0516,-1.322813988515939,0.4099487900712656
5-19B,2.0,113.0244,0.042520315694618296,0.11722931068843019
5-19B,2.0,113.0357,-1.19492006397031,0.028967456942577546
5-19B,2.0,114.056,-0.23917613803199944,0.0019431203406062893
5-19B,2.0,115.0037,-0.8652185266801398,0.048748515207429316
5-19B,2.0,115.0402,-1.3929738351817837,0.37247740703918136
5-19B,2.0,115.0764,-0.8089141215131272,0.7801052389032549
5-19B,2.0,116.0354,-0.9930688686998532,0.22682243352227768
5-19B,2.0,116.0717,-0.6855833183890425,0.009906656536165731
5-19B,2.0,117.0194,-0.9124895205435952,0.005451147008079067
5-19B,2.0,118.0508,-0.6950332355061986,0.24780654359005624
5-19B,2.0,118.9804,0.020137565280951876,0.16812022795907086
5-19B,2.0,119.0503,-1.242860426962065,0.3312393823523541
5-19B,2.0,120.9273,-0.6548995597643622,0.029728178321916415
5-19B,2.0,121.0295,-0.3701937857219325,0.7127526771155904
5-19B,2.0,121.0409,0.2846420058084025,0.24507799878680137
5-19B,2.0,122.0248,-1.437098233553482,0.32272298627779716
5-19B,2.0,124.0075,-0.5867824362679825,0.2725529772273132
5-19B,2.0,124.0144,-0.38648045788147944,0.2673199185931276
5-19B,2.0,125.0439,-1.3504751303865539,0.1735195196084103
5-19B,2.0,127.0764,0.11751195593524241,0.32951435755171415
5-19B,2.0,128.0354,-0.24838593885237226,0.012234831481927895
5-19B,2.0,129.0193,-1.2420230832504981,0.08925859718171991
5-19B,2.0,129.0556,-0.3010404431147055,0.49675550899093834
5-19B,2.0,130.0142,-0.6877323464528002,0.11920931920333802
5-19B,2.0,130.0509,-1.0219584849819876,0.008030911044808567
5-19B,2.0,130.0874,-0.41563447850189744,0.06660376583905013
5-19B,2.0,131.0008,0.368684945183476,0.5146179191740086
5-19B,2.0,131.0123,-0.8072785159451048,0.02108276976527331
5-19B,2.0,131.035,0.08317248035754368,0.21238810992027563
5-19B,2.0,131.0462,0.6963709411791916,0.20467326393359483
5-19B,2.0,131.0828,1.4723112625138803,0.2692131838823233
5-19B,2.0,132.0302,-1.088477367214201,0.006957480034017027
5-19B,2.0,133.0142,-0.45992709508814755,0.029561677423345412
5-19B,2.0,133.0257,-0.5189289972941862,0.061144891025293725
5-19B,2.0,133.0505,-1.2005259146261507,0.006606895517957538
5-19B,2.0,134.0472,1.1502447938401013,0.4570144134559145
5-19B,2.0,134.0604,-0.6712599776374171,0.563972138060794
5-19B,2.0,135.0302,-0.036228730985435005,0.1065544918515693
5-19B,2.0,135.0453,-1.5447555074456385,0.06833348980080738
5-19B,2.0,136.0404,-0.5331323417954537,0.03263796990591017
5-19B,2.0,136.0487,-1.493093605572628,0.14984106374207615
5-19B,2.0,136.0767,-0.9251554870461112,0.6401514536277907
5-19B,2.0,137.0239,-0.24610251145017187,0.11599888086019632
5-19B,2.0,138.9789,-0.6678109768382439,0.40236934154164383
5-19B,2.0,139.0014,-0.35471631742777315,0.03730034726766001
5-19B,2.0,139.0067,-0.8774806564223028,0.012363562243998259
5-19B,2.0,139.976,-1.3646803697798346,0.47801792348549443
5-19B,2.0,143.0713,0.7642596274194926,0.5798296496818026
5-19B,2.0,143.1077,-0.837320763323208,0.5454051453371142
5-19B,2.0,145.0141,-0.18787969072006594,0.183761291489341
5-19B,2.0,145.0506,-0.3429811530470042,0.11699575797322552
5-19B,2.0,145.0623,1.3180769245149926,0.2362670081831364
5-19B,2.0,145.0982,4.476075973213775,0.5571388747767025
5-19B,2.0,145.1106,3.61275144730455,0.9765781709663708
5-19B,2.0,146.0459,-0.45026512894909304,0.006318215760581812
5-19B,2.0,147.0298,-0.9329279307546541,0.01570248685704195
5-19B,2.0,147.0662,-1.2921930717524797,0.030884398088753748
5-19B,2.0,149.0092,-1.2875120047026065,0.7213228375355213
5-19B,2.0,149.0456,0.6179696194015021,0.29070771396884015
5-19B,2.0,149.0608,-1.386992039155186,0.28303431804797485
5-19B,2.0,150.0422,0.9460211181860634,1.1367173538295352
5-19B,2.0,150.9707,-0.40003887671328436,0.8414019387181639
5-19B,2.0,151.0259,-0.25762499309486264,0.14479398300732835
5-19B,2.0,151.04,-1.0739133133081755,0.47046581663726944
5-19B,2.0,151.06,-0.8454135624316248,0.3697969161828074
5-19B,2.0,152.0353,0.6555814247333799,0.6309135677339343
5-19B,2.0,152.0716,-0.41014953250908903,0.42669082179129714
5-19B,2.0,153.0192,-0.4901111356520649,0.08237255744241874
5-19B,2.0,154.062,0.5646276269228613,0.14160382980142944
5-19B,2.0,154.9751,-0.9853533081919841,0.011164938141984167
5-19B,2.0,155.0099,-0.9660809239015911,0.010153008798130135
5-19B,2.0,157.0128,-0.9826490452024279,0.03685450085631353
5-19B,2.0,157.0255,-1.1508487414971675,0.0065918246733303425
5-19B,2.0,157.0379,-1.2095861831225805,0.02602900830680865
5-19B,2.0,157.0504,-1.1617507502560085,0.004835168754253237
5-19B,2.0,159.0297,-0.11510716557497944,0.13664516924502085
5-19B,2.0,159.0775,-1.0128449015865149,0.016548172053926502
5-19B,2.0,160.0616,-1.0514276296980216,0.4840969152804239
5-19B,2.0,161.0453,-0.439061767202274,0.19143635169523565
5-19B,2.0,162.0424,-1.084987162269506,0.26671898900130525
5-19B,2.0,163.0351,-1.3528462597629727,0.06557458123218922
5-19B,2.0,163.0398,-0.0881363014685731,0.036575279704225104
5-19B,2.0,163.0611,0.3608201137503009,1.3724497594355536
5-19B,2.0,164.0716,0.03596185204761958,0.056030126087285026
5-19B,2.0,165.03,0.08549772345462538,0.08044237314651514
5-19B,2.0,165.0405,-0.2423530475350996,0.7549186038701301
5-19B,2.0,165.0556,-0.9035971538846457,0.14934523933653096
5-19B,2.0,166.0508,-1.5462149906026181,0.17070600381959564
5-19B,2.0,166.0632,-1.0179238806408772,0.5383292239646021
5-19B,2.0,166.9759,-0.7144819466193404,0.11823947752778394
5-19B,2.0,167.0207,0.7831665531712385,0.5977665697260633
5-19B,2.0,167.0358,-0.818072004775243,0.34461784483518104
5-19B,2.0,167.0828,-0.5414562069344635,0.9178395189964037
5-19B,2.0,168.0277,-0.3791994199200528,0.09940411386481039
5-19B,2.0,168.0664,-0.6478826705715435,0.5542941921691974
5-19B,2.0,170.0455,-0.803055411049693,0.01101720090223334
5-19B,2.0,171.0065,-0.7329610039998677,0.04402325569342572
5-19B,2.0,171.0092,-0.9235529313532584,0.057725624372451295
5-19B,2.0,171.0284,-0.9844521537637412,0.03613710316254709
5-19B,2.0,172.0616,-1.242431169685051,0.10409796255499425
5-19B,2.0,172.962,-0.5585840412198086,0.0749464952248537
5-19B,2.0,173.0089,-0.9512863816468828,0.10359986085989056
5-19B,2.0,173.0453,-0.6791121380520422,0.04839316213195716
5-19B,2.0,173.0932,-0.49478090106121175,0.018571735988633667
5-19B,2.0,173.1041,4.969293190869147,0.3040637892576514
5-19B,2.0,174.0407,-0.9568277757336492,0.0023497596366430454
5-19B,2.0,174.088,0.02326840423638505,0.17161459629638115
5-19B,2.0,175.022,-0.8944155204391595,0.11190883041239244
5-19B,2.0,175.0361,-1.1286265518674026,0.017824286087044262
5-19B,2.0,175.0611,-1.1604954730385528,0.01006930520344648
5-19B,2.0,176.0776,-1.2479970367406374,0.18392836848124236
5-19B,2.0,177.0402,0.42800053524909365,0.11360059085298004
5-19B,2.0,177.0553,-0.9438162916148181,0.40303374187962127
5-19B,2.0,178.0509,-1.0689818792829404,0.024193768352053613
5-19B,2.0,179.0348,-1.3941570220196966,0.09830822286690939
5-19B,2.0,179.0561,0.9478559826089652,0.15405458569482758
5-19B,2.0,180.0663,0.9106878851110357,0.1566484662468189
5-19B,2.0,181.0505,-1.1144231323564324,0.12656391411826265
5-19B,2.0,182.9725,0.02337069298021577,0.24320350148163988
5-19B,2.0,183.0661,0.502885260757834,0.22045602124075955
5-19B,2.0,184.0017,-0.512107056049582,0.02971636420178933
5-19B,2.0,184.9856,-0.8962365096335556,0.11883713727817202
5-19B,2.0,186.1136,-0.5057797663250587,0.6003715067671147
5-19B,2.0,187.0234,-1.0034362708190678,0.1943966396279938
5-19B,2.0,188.035,-1.1062799331167246,0.19533273431542744
5-19B,2.0,188.0565,-1.0762386699906186,0.007584048766799385
5-19B,2.0,189.0405,-0.189458263314556,0.13990790413913665
5-19B,2.0,191.0197,-1.4776902420937335,0.16761742871974258
5-19B,2.0,191.0561,-1.0150116333824823,0.06216666175591449
5-19B,2.0,192.0663,-0.2170473789160756,0.6018127379256464
5-19B,2.0,193.0349,1.3435450682533294,0.3397791007530553
5-19B,2.0,194.0682,-1.0138860739398283,0.07599215635938243
5-19B,2.0,194.0822,-0.1349425150852854,0.16561784504227703
5-19B,2.0,195.0509,2.453538248798843,0.15271078360278872
5-19B,2.0,195.0657,1.2675224976490878,0.38929641083743494
5-19B,2.0,196.0603,-1.2530708383455083,0.03362603302619028
5-19B,2.0,198.0182,-1.0464679268334125,0.19851265734806606
5-19B,2.0,199.0019,-1.2429043247476046,0.3243232238506625
5-19B,2.0,200.9937,-0.015153049504797476,0.3533500050650222
5-19B,2.0,201.0051,-1.509181292188156,0.2772269854481122
5-19B,2.0,203.0348,-0.7531843330237408,0.27475774565238276
5-19B,2.0,203.0826,-0.08027873848162198,0.0031373270836696433
5-19B,2.0,204.0498,1.2732893279069266,0.47081052107281407
5-19B,2.0,205.0351,-1.2892215934229179,0.14380962531284322
5-19B,2.0,206.0822,-0.9146015881796181,0.39797588432338155
5-19B,2.0,209.0292,-0.6770276897590846,0.10154202732254065
5-19B,2.0,209.0814,1.8687528646736011,0.5712682915725033
5-19B,2.0,211.0235,-1.1775497234333818,0.2054271720290526
5-19B,2.0,211.9968,-1.049047070106371,0.01046824300184038
5-19B,2.0,212.0331,-0.08032031299735254,0.4413539955529682
5-19B,2.0,212.9807,-0.9560894138731169,0.04559691812951696
5-19B,2.0,213.014,-0.9080808161197589,0.06812289834812256
5-19B,2.0,213.0384,-0.6622679796572503,0.09743691810828445
5-19B,2.0,213.1252,1.652473740735282,0.6356000184724508
5-19B,2.0,214.0488,0.05347544065980618,0.44948566315894256
5-19B,2.0,215.0331,0.0748236799325393,0.10021298982706081
5-19B,2.0,216.1351,0.25039593645921054,0.09483300591212177
5-19B,2.0,218.0335,0.11317308233821523,0.09672217495297715
5-19B,2.0,218.1034,-1.1854438654534096,0.030329673810553428
5-19B,2.0,220.0828,0.20861111120196094,0.540834386272965
5-19B,2.0,221.0443,-0.15991782674018373,0.12859900145919745
5-19B,2.0,221.0664,-1.8016415742500067,0.2139591134590524
5-19B,2.0,225.0399,-0.3720265616915586,1.0656150546053604
5-19B,2.0,225.0861,-1.2338607475219305,0.2867511848104002
5-19B,2.0,225.0901,-1.4150367296711117,0.13101549157503403
5-19B,2.0,226.0135,-0.8288477942583443,0.17708176911490392
5-19B,2.0,226.0697,-0.19648577900091027,0.3397336467501398
5-19B,2.0,228.0501,0.6534772838655076,0.27845566759836027
5-19B,2.0,229.0122,-0.8562745812410544,0.13736777667345015
5-19B,2.0,237.0614,-1.236282004718483,0.17861012439560817
5-19B,2.0,238.0945,1.3491259472471588,0.45608990648054143
5-19B,2.0,240.0515,-1.3625227457048736,0.011660485678652107
5-19B,2.0,241.0844,-0.6951146040634504,0.610340074300656
5-19B,2.0,242.0804,1.914749905908725,0.9851866273205487
5-19B,2.0,243.029,-0.9259020081507117,0.27279500528094014
5-19B,2.0,243.0625,-0.7021175402636142,0.4637969926704074
5-19B,2.0,245.0444,-0.39806252886246973,0.3062682990674725
5-19B,2.0,246.0198,-0.762381108376352,0.3041760641612917
5-19B,2.0,246.064,-0.4711067786255802,0.7086184586583626
5-19B,2.0,251.0816,0.8406983430434269,1.0267751152670557
5-19B,2.0,253.0119,-0.34048398732665486,0.005950520059099407
5-19B,2.0,253.0499,1.2836350457603287,0.9290503206707881
5-19B,2.0,257.0072,-1.2743514089374108,0.27679225169836436
5-19B,2.0,257.1028,1.866035670032157,0.12755202177142796
5-19B,2.0,259.005,-1.0303665822409673,0.3944621713710131
5-19B,2.0,259.0227,0.18431845959413953,0.21343322389769617
5-19B,2.0,261.0385,-0.429923872159679,0.18288146644151668
5-19B,2.0,266.0703,-0.7466068158557071,0.1255635431726089
5-19B,2.0,267.0724,-0.6200135221522329,0.013290128082830898
5-19B,2.0,268.02,-1.0240142554199856,0.29010798966537443
5-19B,2.0,269.0398,-0.18661093890836136,0.6726366892449245
5-19B,2.0,271.0612,1.1023707161100074,0.296702115225386
5-19B,2.0,271.0815,1.2280295968740602,0.7773315005154882
5-19B,2.0,273.0021,-1.013761692951707,0.08091884047387106
5-19B,2.0,274.0933,-1.003625960240544,0.23388080823947102
5-19B,2.0,275.0184,-0.9132752898800445,0.47988553443217175
5-19B,2.0,275.0991,-0.7453951340125358,0.12132580304157617
5-19B,2.0,277.1207,0.7224387395293448,0.18881359567883238
5-19B,2.0,277.2169,-0.6087066799158074,0.15330583016307503
5-19B,2.0,279.2331,-0.40368244866263536,0.01368371111406079
5-19B,2.0,282.0839,2.732612583146727,0.5038550901249849
5-19B,2.0,283.2063,-0.29218408259972417,0.07359031616694221
5-19B,2.0,285.0972,1.212446262874769,0.43173018323009876
5-19B,2.0,287.0157,0.48465400592649377,0.22694429608842537
5-19B,2.0,288.0725,-0.46631766901193983,0.12859285209119448
5-19B,2.0,289.0333,-1.4584691058899923,0.42834916133398615
5-19B,2.0,289.1044,3.740190444653526,0.2726026208801395
5-19B,2.0,290.9677,-0.5110339546768933,0.08137593456845027
5-19B,2.0,294.0479,0.44372011155548147,0.9710325584433881
5-19B,2.0,300.0509,0.21704823245189636,1.0287149276741003
5-19B,2.0,301.0333,-0.8756632501205479,0.22077045715176033
5-19B,2.0,303.2326,1.1781673412883735,0.9209484010905125
5-19B,2.0,305.0207,0.7713492711933487,0.12802172303410175
5-19B,2.0,306.0481,-1.1356020705048648,0.06299894532845325
5-19B,2.0,306.0765,-0.2999887270900059,0.02338457830657568
5-19B,2.0,308.0986,0.1393542966041208,0.031141892542782552
5-19B,2.0,313.0441,-0.03283536733113222,0.40154911588849396
5-19B,2.0,313.1037,-0.14026226016711252,0.2898891433009871
5-19B,2.0,317.026,-0.46659699292395274,0.5123837696809643
5-19B,2.0,323.0256,1.6639704755335256,0.17365515223991568
5-19B,2.0,325.1163,0.264443224409755,0.5556219009882718
5-19B,2.0,328.0457,-0.41583636214204023,0.15995808216290577
5-19B,2.0,333.0589,-1.1341211595635228,0.06810643916980381
5-19B,2.0,338.9884,-0.7401377164388439,0.7755795970435535
5-19B,2.0,339.0928,-0.1265820912585515,0.4416662314143917
5-19B,2.0,341.1089,-0.9021554849432577,0.2124395735537033
5-19B,2.0,344.0393,0.021619692028909288,0.2337255774687691
5-19B,2.0,346.0556,2.8629646325162295,0.396201737147103
5-19B,2.0,348.087,-1.0275945033262368,0.10122081328939302
5-19B,2.0,353.0489,-1.3998644496809665,0.5862962188884756
5-19B,2.0,357.089,-0.5932596238944744,0.19551475766399512
5-19B,2.0,375.131,-0.10228721514956274,0.5164543486423689
5-19B,2.0,377.1496,0.7158899224631409,0.46204120546040517
5-19B,2.0,383.1188,-1.2257180075616056,0.15927584260005823
5-19B,2.0,388.9416,-0.17737280880031428,0.11743539160914607
5-19B,2.0,388.9442,-0.7363533991035627,0.15045231827767408
5-19B,2.0,401.0756,0.30252911481903333,0.10939683357123894
5-19B,2.0,407.2795,1.6275946524745661,0.13731345434288875
5-19B,2.0,421.0743,0.006886908677830456,0.5848617274433241
5-19B,2.0,426.0222,1.5748326272747901,0.2705449303752769
5-19B,2.0,442.9997,-0.15311951204544055,0.07532781700626766
5-19B,2.0,466.9657,0.9589436593219418,0.1595647019100311
5-19B,2.0,490.9787,-0.1919759414150917,0.7164727846439053
5-19B,2.0,503.1614,-1.867007638312435,0.2984741414877272
5-19B,2.0,547.0731,-1.3514862968170545,0.03813762593436272
5-19B,2.0,565.0471,-0.898306783289748,0.1763257444971709
5-19B,2.0,578.8872,-0.02923952558772489,0.10547998436595991
5-19B,2.0,579.0269,-0.44688530827263406,0.1328232645871876
5-19B,2.0,612.2549,-1.1276928296951643,0.17113041864196324
5-19B,2.0,624.2949,-0.6308766241938305,0.22537575151189435
5-19B,2.0,659.307,2.2893574375061396,0.16963741365347493
5-19B,2.0,664.0939,-0.1572746293366896,0.30844692865852585
5-19B,2.0,665.2144,-1.2623547116527196,0.3673198470042944
5-19B,2.0,668.1374,-0.6162036589176618,9.968369777798568e-05
5-19B,2.0,787.255,1.6643330993785408,0.37179313172584966
5-19B,2.0,790.2568,2.926071753583674,0.3559843597319718
5-19B,2.0,835.0407,-0.6827817742055277,0.05787211982162238
5-19B,2.0,863.2971,-0.6534547277722734,0.02901637054827873
5-19B,2.0,864.1473,1.766694737685016,0.4660294820803869
5-19B,2.0,974.2935,-0.3449842644685718,0.2286163125750873
5-19B,2.0,976.7162,1.2826409339950438,0.26214472869951827
5-19B,3.0,57.0342,0.9756059538846886,0.3093847452070461
5-19B,3.0,58.0295,-0.854679316483006,0.14968502975109926
5-19B,3.0,59.0135,0.8497404192464235,0.31919681218163504
5-19B,3.0,71.0137,0.8704019473704235,0.21593912465505513
5-19B,3.0,73.0293,-0.9527904834981569,0.009134187624985003
5-19B,3.0,74.0247,-1.0088281692524848,0.2662254971868111
5-19B,3.0,75.0087,-0.05421686939298337,0.7972403609761946
5-19B,3.0,87.0088,-0.6884547673677646,0.005876544111467206
5-19B,3.0,87.0451,0.3780661910524874,0.2693618352020086
5-19B,3.0,88.0403,-0.8586769541893473,0.03750527492663937
5-19B,3.0,88.9883,-0.6842782440751194,0.44613412280564874
5-19B,3.0,89.0244,-0.4925716819214732,0.1830446956944163
5-19B,3.0,93.0338,-0.06757940223002154,0.007946317421282881
5-19B,3.0,94.9761,-0.5831932586280211,0.16128512479005602
5-19B,3.0,94.9806,0.8384528110204225,0.1373233811405326
5-19B,3.0,95.0139,0.9603402411768787,0.21338135442202583
5-19B,3.0,101.0242,0.9737342709784212,0.2802619411924322
5-19B,3.0,102.056,-0.6420260920972408,0.02995504853859594
5-19B,3.0,103.0402,-0.9196233502471449,0.01353377017986019
5-19B,3.0,103.0509,-0.9367695584147049,0.05175598165983661
5-19B,3.0,104.0352,-0.5048225750745616,0.1610991447407421
5-19B,3.0,105.0193,0.7322534545873584,0.15284785083181915
5-19B,3.0,107.0503,-0.3520490103583862,0.43850248356866445
5-19B,3.0,109.0295,-0.7043827934290816,0.11699246133739702
5-19B,3.0,111.02,-0.2679602111252854,0.07245603575195897
5-19B,3.0,112.0516,0.5126909034580631,0.5521181912844376
5-19B,3.0,113.0244,1.0588014302747175,0.06788227041471843
5-19B,3.0,113.0357,-0.4253384491636951,0.09449223329088567
5-19B,3.0,114.056,-0.19226261058373506,0.033515720029576104
5-19B,3.0,115.0037,-0.7872368669271473,0.03363163062031509
5-19B,3.0,115.0402,-0.1177984449031335,0.33031759791464227
5-19B,3.0,115.0764,0.4423829154868122,0.2911612432597308
5-19B,3.0,116.0354,-0.8188859912577535,0.2220240216921227
5-19B,3.0,116.0717,-0.8180155056597027,0.005394926169951452
5-19B,3.0,117.0194,-0.9404273792106698,0.0009155791906425609
5-19B,3.0,118.0508,-1.4696041788136758,0.1824792812808875
5-19B,3.0,118.9804,0.8526229053076686,0.015593581382057286
5-19B,3.0,119.0503,0.38373262346563236,0.30745980696765024
5-19B,3.0,120.9273,1.0514845714466,1.048349143034627
5-19B,3.0,121.0295,0.28759420468589436,0.09323359946069963
5-19B,3.0,121.0409,0.8811069441891464,0.5328921608717135
5-19B,3.0,122.0248,0.12511489467221887,0.19018236333630587
5-19B,3.0,124.0075,0.7048085712392776,2.297359586301471
5-19B,3.0,124.0144,1.2087274033725892,0.43929406463165666
5-19B,3.0,125.0439,0.5548746513708136,0.14447194700285595
5-19B,3.0,127.0764,0.5114719316576812,0.6451039321380846
5-19B,3.0,128.0354,-0.3694158568232224,0.007515346792213156
5-19B,3.0,129.0193,-0.951733839391209,0.07113436833845503
5-19B,3.0,129.0556,0.6074607957049708,0.18420367150496875
5-19B,3.0,130.0142,-0.8908687871310548,0.2681277474392892
5-19B,3.0,130.0509,-0.9593182674693443,0.01361555760911067
5-19B,3.0,130.0874,-1.0811266306461798,0.029226092113651736
5-19B,3.0,131.0008,-0.23780826892155152,0.8711813602352673
5-19B,3.0,131.0123,-0.7255482408241705,0.0818743152564734
5-19B,3.0,131.035,0.9879963750851586,0.19886999333158287
5-19B,3.0,131.0462,1.053173292681632,0.29914420951050485
5-19B,3.0,131.0828,-0.48636952078325335,0.134701907438439
5-19B,3.0,132.0302,-0.7967567572875136,0.05843790213360379
5-19B,3.0,133.0142,-0.40477896075611447,0.02077035542859759
5-19B,3.0,133.0257,-0.38239454254509175,0.03644708658568347
5-19B,3.0,133.0505,-1.0468278760832002,0.03829426721912475
5-19B,3.0,134.0472,-1.0014637861119104,0.18328873818972494
5-19B,3.0,134.0604,-0.9912276914144168,0.25890706375960004
5-19B,3.0,135.0302,-0.8294561660418174,0.09972096196122289
5-19B,3.0,135.0453,-0.4491490177125116,0.18955048908357253
5-19B,3.0,136.0404,-0.268611380525535,0.08237133832171782
5-19B,3.0,136.0487,-0.46365970705160586,0.30061174681010716
5-19B,3.0,136.0767,0.4921700622601134,0.5396684763100619
5-19B,3.0,137.0239,0.10782958408301357,0.16583412649170362
5-19B,3.0,138.9789,-0.07309603806945907,0.1637727178202343
5-19B,3.0,139.0014,-0.2814268412688592,0.07899059681084337
5-19B,3.0,139.0067,-0.7274309900830629,0.012054071007280924
5-19B,3.0,139.976,-0.5680490890532882,0.2405518482752022
5-19B,3.0,143.0713,0.4853446269845306,0.2688656094127316
5-19B,3.0,143.1077,0.8683587545978326,0.6801411835180278
5-19B,3.0,145.0141,-0.2790849005232949,0.050614248785772
5-19B,3.0,145.0506,-0.8982574520886948,0.2752782539283997
5-19B,3.0,145.0623,-1.097011828127234,0.30360097465846986
5-19B,3.0,145.0982,-0.4126458833783878,0.13296612334691935
5-19B,3.0,145.1106,0.4000981153759803,0.12379257846873794
5-19B,3.0,146.0459,-0.4916812820653117,0.00360562975340687
5-19B,3.0,147.0298,-0.8993646845775733,0.007281370135272603
5-19B,3.0,147.0662,-1.0223639266465272,0.04187530054276279
5-19B,3.0,149.0092,-0.16453709032645353,0.10277682365259047
5-19B,3.0,149.0456,0.2857512521959904,0.23354898590594858
5-19B,3.0,149.0608,0.03487417503858409,0.48347372322016574
5-19B,3.0,150.0422,-0.4557577680489441,0.31843858278043097
5-19B,3.0,150.9707,0.07411875318943348,0.52091755003196
5-19B,3.0,151.0259,-0.6440054943395939,0.10590758061269902
5-19B,3.0,151.04,1.3333821858740693,0.8363560383414395
5-19B,3.0,151.06,-0.5788480287172348,0.27473683084410444
5-19B,3.0,152.0353,-0.6439132532595991,0.31324277166161824
5-19B,3.0,152.0716,0.830678774979472,0.2379077586094265
5-19B,3.0,153.0192,0.09808953859817984,0.04534835906884589
5-19B,3.0,154.062,-0.18250758747825277,0.08466424868952675
5-19B,3.0,154.9751,-0.9739158061324474,0.005374318206473707
5-19B,3.0,155.0099,-0.17757284445373916,0.0892403366544764
5-19B,3.0,157.0128,-0.6191785167962571,0.07183891211179971
5-19B,3.0,157.0255,-0.6315987102055944,0.019589611789077956
5-19B,3.0,157.0379,-0.6372615706307296,0.11458241841414406
5-19B,3.0,157.0504,-1.0186652145388029,0.0386782110207703
5-19B,3.0,159.0297,1.1427939836036418,0.19308897416319337
5-19B,3.0,159.0775,-1.0076259817157973,0.0444557523176184
5-19B,3.0,160.0616,-1.059872466503166,0.32125159154486327
5-19B,3.0,161.0453,0.8910073493277002,0.21305187692869734
5-19B,3.0,162.0424,-0.9890276977023131,0.1892273228472787
5-19B,3.0,163.0351,-0.9941054930226125,0.22107639128523146
5-19B,3.0,163.0398,0.35774641717126454,0.12452203201051892
5-19B,3.0,163.0611,-0.11241752990863797,0.6031615671725423
5-19B,3.0,164.0716,-0.47160217578398433,0.05315386220286811
5-19B,3.0,165.03,-0.2484198060563321,0.3366651311271658
5-19B,3.0,165.0405,0.020533757533632638,0.3821318548593005
5-19B,3.0,165.0556,-0.7572186596321726,0.08459318311665422
5-19B,3.0,166.0508,-0.3875182145783753,0.20330498591380816
5-19B,3.0,166.0632,-0.348820216794706,0.9930498356601304
5-19B,3.0,166.9759,-0.8693091911781585,0.5274715386924373
5-19B,3.0,167.0207,-0.30080424196704314,0.3732411935426319
5-19B,3.0,167.0358,0.4103326198302894,0.1869398213689645
5-19B,3.0,167.0828,1.5879247316945666,0.7723064334799221
5-19B,3.0,168.0277,-0.4769590251670366,0.03331739137983375
5-19B,3.0,168.0664,1.4800535916769255,0.38244030818133673
5-19B,3.0,170.0455,-0.8552441698863941,0.0110998420766424
5-19B,3.0,171.0065,-1.0213433849891707,0.10516283039960275
5-19B,3.0,171.0092,-1.077343016753241,0.18226536448582267
5-19B,3.0,171.0284,-0.8332206652692065,0.02564311818926073
5-19B,3.0,172.0616,-1.1674593812252718,0.09423471458967586
5-19B,3.0,172.962,-0.6015950178666807,0.07135113060892098
5-19B,3.0,173.0089,-1.0392509680864999,0.10245962569252443
5-19B,3.0,173.0453,-0.5557096525944902,0.24021572482876008
5-19B,3.0,173.0932,-0.8890555679734797,0.04702936960614168
5-19B,3.0,173.1041,-0.9918306980275857,0.16644029341474212
5-19B,3.0,174.0407,-0.8704093714884978,0.006138545606018931
5-19B,3.0,174.088,-0.7248952826294908,0.10441134429763732
5-19B,3.0,175.022,-0.7489186422350254,0.05743456052347398
5-19B,3.0,175.0361,-0.7683168765409725,0.012216774837730555
5-19B,3.0,175.0611,-1.0594292531041472,0.018013345771747215
5-19B,3.0,176.0776,-1.0707490641747899,0.20715638557000826
5-19B,3.0,177.0402,1.4052064987456845,0.5460659479194804
5-19B,3.0,177.0553,0.7234710450365629,0.775883354865714
5-19B,3.0,178.0509,-0.8786672574009271,0.037518043284204
5-19B,3.0,179.0348,-0.1790485715241884,0.3559219888183828
5-19B,3.0,179.0561,0.897357070870832,0.20754975230644646
5-19B,3.0,180.0663,0.9082146872936766,0.2536076272509095
5-19B,3.0,181.0505,-0.7368988757109785,0.14396147559258118
5-19B,3.0,182.9725,0.9298334740632247,0.16134120334093716
5-19B,3.0,183.0661,0.931369764361975,0.4733618597208654
5-19B,3.0,184.0017,-0.4756781373436396,0.08875361517117725
5-19B,3.0,184.9856,-0.42553143851125896,0.037530561820791716
5-19B,3.0,186.1136,1.0587749238077417,0.7780960822790816
5-19B,3.0,187.0234,-0.7855803663289516,0.19805911001593446
5-19B,3.0,188.035,-0.03230582093558414,0.31928916826350157
5-19B,3.0,188.0565,-0.9932047077321222,0.028988623497837283
5-19B,3.0,189.0405,2.105715256051102,0.2077383995662913
5-19B,3.0,191.0197,-0.9099084285621156,0.16989118604900635
5-19B,3.0,191.0561,-1.0805984729849354,0.06733269065032481
5-19B,3.0,192.0663,0.39393683706697247,0.28780672501120763
5-19B,3.0,193.0349,-0.5124824219381754,0.34686683775356836
5-19B,3.0,194.0682,-0.8784232812083603,0.1403976174836656
5-19B,3.0,194.0822,1.0029573923664463,0.6399065972140185
5-19B,3.0,195.0509,0.10851102178639346,0.25157761764393616
5-19B,3.0,195.0657,-0.6883309830302264,1.0754095212900787
5-19B,3.0,196.0603,-0.822243798910905,0.12852244279403918
5-19B,3.0,198.0182,-0.43324561533568207,0.29921987320262805
5-19B,3.0,199.0019,-0.48974346224230775,0.37343268380941064
5-19B,3.0,200.9937,0.6394150478064595,0.2150386563356542
5-19B,3.0,201.0051,-0.5949041056847565,0.2509834804733126
5-19B,3.0,203.0348,0.12907824158867548,0.3319322984573872
5-19B,3.0,203.0826,-0.07768396046138301,0.06702951202820942
5-19B,3.0,204.0498,0.5817080334649986,1.2439388371364697
5-19B,3.0,205.0351,-1.1561644663739052,0.1960415982293566
5-19B,3.0,206.0822,0.09945436245843683,0.649930829165954
5-19B,3.0,209.0292,-0.6110621285882282,0.5760588435903451
5-19B,3.0,209.0814,-0.03340856017370884,0.43983057713767126
5-19B,3.0,211.0235,-0.48075113115705814,0.2737784176208163
5-19B,3.0,211.9968,-0.8854664070855307,0.03222343222302914
5-19B,3.0,212.0331,-0.34522891157524777,0.15953592688963258
5-19B,3.0,212.9807,-0.5728484010754945,0.1510772415956166
5-19B,3.0,213.014,-0.5669359498878929,0.3199382761289972
5-19B,3.0,213.0384,-0.5145873152429823,0.16866153696146033
5-19B,3.0,213.1252,0.54886797895781,0.6079131859926389
5-19B,3.0,214.0488,0.30602725998272895,0.3330762116830974
5-19B,3.0,215.0331,1.0188832966514878,0.2752952511964508
5-19B,3.0,216.1351,0.42073297322552433,0.16195733444235944
5-19B,3.0,218.0335,1.1787386905607844,0.23573033249692266
5-19B,3.0,218.1034,-1.1454486978246432,0.028359954045145623
5-19B,3.0,220.0828,0.11079889764685907,0.921088983828535
5-19B,3.0,221.0443,1.1471202001367842,0.1228063236659918
5-19B,3.0,221.0664,0.31075783090374837,0.7446951294772328
5-19B,3.0,225.0399,0.09330027608733973,0.859997439725178
5-19B,3.0,225.0861,0.17012766006515342,0.5816626006570201
5-19B,3.0,225.0901,-0.12490610788362322,1.3572384454668476
5-19B,3.0,226.0135,-0.8207234918440568,0.2048202986522469
5-19B,3.0,226.0697,0.39965391587151167,0.4153820486705942
5-19B,3.0,228.0501,-0.5004696411670048,0.4782568042611416
5-19B,3.0,229.0122,-0.43729662412069237,0.11944429093088006
5-19B,3.0,237.0614,-0.9210133695737927,0.1821058417657618
5-19B,3.0,238.0945,1.2915973888965357,0.5453768542026681
5-19B,3.0,240.0515,-1.0112085664832646,0.03876413145651636
5-19B,3.0,241.0844,-0.6190698040274689,0.7097288864708251
5-19B,3.0,242.0804,-0.5306665792101088,0.6603758374549811
5-19B,3.0,243.029,-0.3819448085699776,0.06401086467984064
5-19B,3.0,243.0625,-0.8610234505143559,0.21220659457721922
5-19B,3.0,245.0444,-0.4023448350891205,0.2872254774032075
5-19B,3.0,246.0198,-0.4872229670260794,0.2874530897079111
5-19B,3.0,246.064,0.739318031576651,0.2579921205631069
5-19B,3.0,251.0816,1.2619306124923209,2.07815583962376
5-19B,3.0,253.0119,-0.2993540106090733,0.013942900934769863
5-19B,3.0,253.0499,2.1135497922604465,1.6242064725392344
5-19B,3.0,257.0072,-0.6538227767441045,0.17044707535570824
5-19B,3.0,257.1028,0.5614385513309746,0.7522230208098847
5-19B,3.0,259.005,-0.39642918748408107,0.5294326933994821
5-19B,3.0,259.0227,1.3795963733012429,0.4149515872397479
5-19B,3.0,261.0385,-0.31404894867711863,0.4625563325006781
5-19B,3.0,266.0703,-0.6848928636918838,0.23299339508290734
5-19B,3.0,267.0724,-0.7043825485800237,0.01932408333458449
5-19B,3.0,268.02,-0.348861725592465,0.582300377443994
5-19B,3.0,269.0398,-0.6565122401399978,0.1608438706401531
5-19B,3.0,271.0612,2.1182925937634107,0.5986766395207451
5-19B,3.0,271.0815,0.7344732217216214,0.8799589921162942
5-19B,3.0,273.0021,-0.9409261785607543,0.058664382175160505
5-19B,3.0,274.0933,-0.7560407855306935,0.3668312706390612
5-19B,3.0,275.0184,0.06360855200508979,0.5356062246762234
5-19B,3.0,275.0991,-0.5606836579856543,0.116031043684645
5-19B,3.0,277.1207,1.6530801428409814,0.21574506074272243
5-19B,3.0,277.2169,0.4190011370200707,0.3780474611955549
5-19B,3.0,279.2331,-0.30914172663607487,0.04572489386713922
5-19B,3.0,282.0839,0.9192932501254801,0.5670771837851182
5-19B,3.0,283.2063,-0.41433249558558116,0.1547204834457213
5-19B,3.0,285.0972,-0.00028900681141783013,0.35417399853919485
5-19B,3.0,287.0157,0.14783603305956494,0.3504594084724369
5-19B,3.0,288.0725,-0.644027929778408,0.11097299266058823
5-19B,3.0,289.0333,-0.2625156461584583,0.43537993928842594
5-19B,3.0,289.1044,-1.2304143008318835,0.13393263107487424
5-19B,3.0,290.9677,-0.3827042402604988,0.10441003850207549
5-19B,3.0,294.0479,0.3266343680525263,1.168179719592441
5-19B,3.0,300.0509,-0.00927220527622611,0.8897881340952914
5-19B,3.0,301.0333,0.11706392435412451,0.6558184166549477
5-19B,3.0,303.2326,1.9883047925098725,2.8369139067440905
5-19B,3.0,305.0207,0.7833433608930185,0.02892158581136779
5-19B,3.0,306.0481,-1.0888820788835583,0.10519362841961326
5-19B,3.0,306.0765,-0.28567835639279926,0.04027719411166047
5-19B,3.0,308.0986,-0.27488635859855376,0.014940635991687276
5-19B,3.0,313.0441,-0.15629908709462437,0.4948679585274633
5-19B,3.0,313.1037,-0.8926670106181901,0.09386617938022702
5-19B,3.0,317.026,0.010141571070894802,0.31940845796974876
5-19B,3.0,323.0256,1.1431319607645078,0.35129776692798914
5-19B,3.0,325.1163,-0.1803877443405873,0.5553621353429143
5-19B,3.0,328.0457,-0.6284286609754253,0.053067686019979195
5-19B,3.0,333.0589,-0.968759618048249,0.27813883662973354
5-19B,3.0,338.9884,-0.3826562313565903,0.08985888518387516
5-19B,3.0,339.0928,0.2230319004272819,0.15291971530938475
5-19B,3.0,341.1089,-0.30379572602491356,0.39465251930549705
5-19B,3.0,344.0393,-0.18109224520992712,0.16998042604193767
5-19B,3.0,346.0556,1.6164609525812201,0.1964401145109923
5-19B,3.0,348.087,-1.1109522951984347,0.10075534810964383
5-19B,3.0,353.0489,-0.3219756291318518,0.6453204652086645
5-19B,3.0,357.089,-0.6658298965337601,0.07594881593192256
5-19B,3.0,375.131,0.08529374037362064,0.7821843651463211
5-19B,3.0,377.1496,0.17702544523566202,0.26824425143199043
5-19B,3.0,383.1188,0.6310055318917343,0.3532871694897672
5-19B,3.0,388.9416,-0.04900877471198488,0.16835974033312354
5-19B,3.0,388.9442,-0.38036709526557944,0.36775680248610915
5-19B,3.0,401.0756,0.9286024057437893,0.18353188532795525
5-19B,3.0,407.2795,0.07121344734440246,0.10062325273471212
5-19B,3.0,421.0743,-0.4162627783585414,0.8788432552502635
5-19B,3.0,426.0222,0.4516074879341959,0.3873056567810703
5-19B,3.0,442.9997,0.10333542781067684,0.26046680033641556
5-19B,3.0,466.9657,0.6712354379730572,0.16676050609527848
5-19B,3.0,490.9787,-0.8223731753632427,1.388381279550515
5-19B,3.0,503.1614,0.4718432256653783,0.23273582175394034
5-19B,3.0,547.0731,-1.222747949621949,0.047996093274913616
5-19B,3.0,565.0471,-0.6120052273648018,0.17845936884557903
5-19B,3.0,578.8872,1.1080474533693851,0.2978580822164139
5-19B,3.0,579.0269,0.9022609481395656,0.29062551561410566
5-19B,3.0,612.2549,-0.26211896112472144,0.6265528004956752
5-19B,3.0,624.2949,-0.5850870925531017,0.38582823463095545
5-19B,3.0,659.307,0.2946757252393848,0.18977398223027817
5-19B,3.0,664.0939,-0.0548170795455063,0.2336086407478688
5-19B,3.0,665.2144,-0.40051897751505816,0.6649902396239286
5-19B,3.0,668.1374,-0.6160502650900002,0.0001573061998433591
5-19B,3.0,787.255,0.3731068550334267,0.43282601063927334
5-19B,3.0,790.2568,0.14376898064387186,0.5637118433107041
5-19B,3.0,835.0407,-0.7001917628120711,0.32647718182533886
5-19B,3.0,863.2971,-0.4383285734456625,0.04499926405335066
5-19B,3.0,864.1473,-0.3526925043059188,0.27998640298977717
5-19B,3.0,974.2935,-0.2431932577631269,0.36908452942187053
5-19B,3.0,976.7162,1.0420818706553034,0.3863526190670926
5-19B,4.0,57.0342,0.6790647730343465,0.30307706016847596
5-19B,4.0,58.0295,-0.801892761258898,0.35670445055043676
5-19B,4.0,59.0135,0.8557747786898248,0.37774527938166014
5-19B,4.0,71.0137,1.0912525591978013,0.16825744984875862
5-19B,4.0,73.0293,-0.9431441602051449,0.017386691359277805
5-19B,4.0,74.0247,-0.9581932871400245,0.37227447022551213
5-19B,4.0,75.0087,0.24897124856378522,0.453635987046061
5-19B,4.0,87.0088,-0.6695736163166224,0.017569006826722976
5-19B,4.0,87.0451,1.3499521997181791,0.5488902858722599
5-19B,4.0,88.0403,-0.830428179795641,0.01554719427694707
5-19B,4.0,88.9883,0.2580110674400032,0.8801706152045757
5-19B,4.0,89.0244,-0.11379523258339017,0.06224885826480465
5-19B,4.0,93.0338,-0.06988133393914533,0.01411103905321467
5-19B,4.0,94.9761,-0.6210212374834572,0.39696032264345477
5-19B,4.0,94.9806,0.6705678860732865,0.3165360755581238
5-19B,4.0,95.0139,1.091572732456274,0.1439034657165611
5-19B,4.0,101.0242,1.0465890233242754,0.32069487437448047
5-19B,4.0,102.056,-0.6432726744914279,0.03650144916721113
5-19B,4.0,103.0402,-0.9295277574976997,0.01988322149304272
5-19B,4.0,103.0509,-0.8308391308975008,0.08463694040674431
5-19B,4.0,104.0352,-0.5881675119002517,0.14115541451002686
5-19B,4.0,105.0193,1.3184499415929771,1.4601167655802234
5-19B,4.0,107.0503,-0.20124510161250247,0.74330925218252
5-19B,4.0,109.0295,-0.48077874164433976,0.2026814596802
5-19B,4.0,111.02,0.05227162349459709,0.06745663382045153
5-19B,4.0,112.0516,-0.10809471687207799,0.4708910093224224
5-19B,4.0,113.0244,1.1554561857949142,0.1937948101416697
5-19B,4.0,113.0357,0.1165466861238202,0.12387369604352463
5-19B,4.0,114.056,-0.24514606121468907,0.004680801709510932
5-19B,4.0,115.0037,-0.7442790783436808,0.03909799713243771
5-19B,4.0,115.0402,0.5273704017906495,0.34400185689798995
5-19B,4.0,115.0764,0.22242266800486707,0.600906982800671
5-19B,4.0,116.0354,-0.6633226627836024,0.4867155045560021
5-19B,4.0,116.0717,-0.8069215725543479,0.006913778238472222
5-19B,4.0,117.0194,-0.9301563412505381,0.003793207792021505
5-19B,4.0,118.0508,-1.4624496586761735,0.1595715226810182
5-19B,4.0,118.9804,0.9850825802083809,0.21109173408236753
5-19B,4.0,119.0503,0.28400075246831874,0.486317377961438
5-19B,4.0,120.9273,-0.4292089105186375,0.45797523868314904
5-19B,4.0,121.0295,-0.14589464013236905,0.5065415882277894
5-19B,4.0,121.0409,0.7330455511248588,0.506023375611852
5-19B,4.0,122.0248,1.4327947436399109,0.5280606196405909
5-19B,4.0,124.0075,-0.16867386979210658,0.3890150974689147
5-19B,4.0,124.0144,2.854023820895935,0.29631562910353365
5-19B,4.0,125.0439,2.4243752140672266,0.3531606148162672
5-19B,4.0,127.0764,0.10539612334854044,0.12241731755525961
5-19B,4.0,128.0354,-0.3654411220841808,0.006254317905531727
5-19B,4.0,129.0193,-0.83751443308134,0.03134562312116121
5-19B,4.0,129.0556,0.5806810389087459,0.9326589424113514
5-19B,4.0,130.0142,-0.9034752799234994,0.5166707130951148
5-19B,4.0,130.0509,-0.8862724530324755,0.02030450572865057
5-19B,4.0,130.0874,-1.0189719251822296,0.037907173831728536
5-19B,4.0,131.0008,0.5064190911348085,1.218414735791373
5-19B,4.0,131.0123,-0.8281633146178587,0.06540785787113804
5-19B,4.0,131.035,2.2046185118648056,0.3308427120259104
5-19B,4.0,131.0462,2.232709323167673,0.32235017862142845
5-19B,4.0,131.0828,-0.25235569136882063,0.2759026879359993
5-19B,4.0,132.0302,-0.5577822717708611,0.03416884095225759
5-19B,4.0,133.0142,-0.3671184023073043,0.051112760751314074
5-19B,4.0,133.0257,-0.3324627151888818,0.19662173268491406
5-19B,4.0,133.0505,-0.8319123982554227,0.04320356427455413
5-19B,4.0,134.0472,-0.11146783843185834,0.2798909718636425
5-19B,4.0,134.0604,-0.15963855024430898,0.12488895565084214
5-19B,4.0,135.0302,-0.6777226915792104,0.15321667382239476
5-19B,4.0,135.0453,0.0754613835096233,0.1625539849833313
5-19B,4.0,136.0404,-0.16656229851662793,0.09047875453353219
5-19B,4.0,136.0487,0.07081171375621345,0.39961669355758733
5-19B,4.0,136.0767,-0.19687870057949514,1.202627270076937
5-19B,4.0,137.0239,0.03701117774099098,0.24149082004983108
5-19B,4.0,138.9789,0.6476328091688051,0.17105973035046124
5-19B,4.0,139.0014,-0.32432364877911785,0.038897034117984654
5-19B,4.0,139.0067,-0.6911885590800229,0.023595820462439895
5-19B,4.0,139.976,-0.2883914497657705,0.27076560051237014
5-19B,4.0,143.0713,0.3704316468053262,0.524963304388324
5-19B,4.0,143.1077,1.432202961055783,0.5194820539630836
5-19B,4.0,145.0141,-0.38094576850155454,0.12879983538612447
5-19B,4.0,145.0506,-0.6458485323408862,0.07752212354131091
5-19B,4.0,145.0623,-0.7521694137015963,0.17692653335337793
5-19B,4.0,145.0982,0.2144461472786999,0.38199637092289124
5-19B,4.0,145.1106,0.4879280227845358,0.6916582517541565
5-19B,4.0,146.0459,-0.4696306764995749,0.002934655721333441
5-19B,4.0,147.0298,-0.8780563262354062,0.011497446283025937
5-19B,4.0,147.0662,-0.7570568863237084,0.044216167282291885
5-19B,4.0,149.0092,0.7150627146200553,0.8812427437225312
5-19B,4.0,149.0456,1.337132247635139,0.19723622617406822
5-19B,4.0,149.0608,1.0775760654473487,0.34174446960521204
5-19B,4.0,150.0422,-0.40796985147275067,0.5309962090247372
5-19B,4.0,150.9707,-0.5751632975135913,0.34812661107489773
5-19B,4.0,151.0259,-0.5689964582413773,0.06805524674445658
5-19B,4.0,151.04,2.8144888556891634,0.21181168083108076
5-19B,4.0,151.06,1.0540007668692912,0.6612395228743932
5-19B,4.0,152.0353,0.02418883267115125,0.18736175825746376
5-19B,4.0,152.0716,1.8752118962525341,0.44298526892693285
5-19B,4.0,153.0192,0.40952635502696494,0.13178992633666786
5-19B,4.0,154.062,-0.2501323382958664,0.09501724838969342
5-19B,4.0,154.9751,-0.9661036382369261,0.02008721091686914
5-19B,4.0,155.0099,0.10313258632474458,0.05909279202344346
5-19B,4.0,157.0128,-0.47038245038126714,0.05743736708237068
5-19B,4.0,157.0255,-0.24047948597172747,0.0545988553448205
5-19B,4.0,157.0379,-0.19730533357890584,0.06932088847327916
5-19B,4.0,157.0504,-0.9216769566269047,0.04074870846918595
5-19B,4.0,159.0297,2.2386398539888477,0.3779671989185929
5-19B,4.0,159.0775,-0.914694122841425,0.01906061903672931
5-19B,4.0,160.0616,-0.4860927213536379,0.3479058000663581
5-19B,4.0,161.0453,2.2436621773207532,0.23608850486015748
5-19B,4.0,162.0424,-0.7967623445081181,0.3485592209379002
5-19B,4.0,163.0351,-1.12456249737139,0.30113832571042704
5-19B,4.0,163.0398,0.533181976722195,0.11124434441355341
5-19B,4.0,163.0611,-0.3897254591063732,0.9618421831160993
5-19B,4.0,164.0716,-0.40810395237785163,0.029140814799745444
5-19B,4.0,165.03,-0.5360211656879625,0.44398381542749654
5-19B,4.0,165.0405,0.01786616638563568,0.3386281552147823
5-19B,4.0,165.0556,-0.5436696196806676,0.06928688730433873
5-19B,4.0,166.0508,-0.3408762463981411,0.23716342138119936
5-19B,4.0,166.0632,-0.32486254085136484,0.6142095795839758
5-19B,4.0,166.9759,-0.4217690404929425,0.31884139632348185
5-19B,4.0,167.0207,-0.14357440291782195,0.6702451093366777
5-19B,4.0,167.0358,1.0123042705337206,0.2777733518891167
5-19B,4.0,167.0828,0.9451131342900648,0.9266579950333458
5-19B,4.0,168.0277,-0.4686422760740991,0.04831091754615994
5-19B,4.0,168.0664,1.0544663392272318,0.348680071721036
5-19B,4.0,170.0455,-0.8264542773163216,0.01690860239402035
5-19B,4.0,171.0065,-0.6754138472553655,0.23172146223661472
5-19B,4.0,171.0092,-0.4879369956748384,0.3099887166654803
5-19B,4.0,171.0284,-0.9217888996710559,0.03418474182268352
5-19B,4.0,172.0616,-0.5633763500723391,0.27939834784103973
5-19B,4.0,172.962,-0.4239313070860048,0.08187364127649055
5-19B,4.0,173.0089,-0.8801280373319081,0.25964616951342084
5-19B,4.0,173.0453,-1.2315009223745426,0.12086302720999334
5-19B,4.0,173.0932,-0.8855956387065991,0.051646215888922466
5-19B,4.0,173.1041,-0.20156271015174465,0.14171244809369538
5-19B,4.0,174.0407,-0.7987265100499361,0.010327039165869231
5-19B,4.0,174.088,-0.7890843262185516,0.10508669471353548
5-19B,4.0,175.022,-0.9253241836845973,0.0953483216713641
5-19B,4.0,175.0361,-0.5441022919602255,0.03712303246141717
5-19B,4.0,175.0611,-0.9810534496425315,0.01718604406248965
5-19B,4.0,176.0776,-0.902544355515363,0.12168791677779515
5-19B,4.0,177.0402,1.8082670379791075,0.4992376130118608
5-19B,4.0,177.0553,0.8508634803751887,0.5890464250502171
5-19B,4.0,178.0509,-0.8263647819329052,0.04690112181631359
5-19B,4.0,179.0348,0.632189904523544,0.14319932768743207
5-19B,4.0,179.0561,1.5849344596129056,0.21524875965305068
5-19B,4.0,180.0663,1.5876746500642533,0.06763278262746852
5-19B,4.0,181.0505,-0.700070763452145,0.10953121221071575
5-19B,4.0,182.9725,1.1184872619661421,0.239625162173027
5-19B,4.0,183.0661,1.8597528555042808,0.3358216449464392
5-19B,4.0,184.0017,-0.48655439724505406,0.02716529841267727
5-19B,4.0,184.9856,0.020937521360168267,0.19666010866551392
5-19B,4.0,186.1136,0.30920996952277713,0.3538348235725297
5-19B,4.0,187.0234,-1.2983796492056863,0.36953025426398234
5-19B,4.0,188.035,0.6970025550425545,0.46952035452875357
5-19B,4.0,188.0565,-0.9505511400472445,0.021771012614790763
5-19B,4.0,189.0405,-0.8054668545573374,0.05956886963062238
5-19B,4.0,191.0197,-1.102663249538367,0.34846854390959575
5-19B,4.0,191.0561,-1.1255650143777456,0.052316217867602696
5-19B,4.0,192.0663,1.1734991797957082,0.4082925988264061
5-19B,4.0,193.0349,-0.45609100012519155,0.726278979010373
5-19B,4.0,194.0682,-0.8343296876011377,0.08998060487152991
5-19B,4.0,194.0822,2.0132376051039755,0.30948558846017343
5-19B,4.0,195.0509,0.48668816500205125,0.20208083126004997
5-19B,4.0,195.0657,0.08448942388759671,0.46355439756813377
5-19B,4.0,196.0603,-0.9497067472366347,0.2201516054886875
5-19B,4.0,198.0182,-0.9883465813755232,0.3885566552626922
5-19B,4.0,199.0019,-0.7673987912453641,0.22650614593871476
5-19B,4.0,200.9937,0.6214718433845501,0.2348974033035853
5-19B,4.0,201.0051,-0.679425413933452,0.5759892795175288
5-19B,4.0,203.0348,0.5219860792920773,0.20494466165853206
5-19B,4.0,203.0826,-0.06999014191300001,0.007646224647240243
5-19B,4.0,204.0498,2.0011797082213465,1.0933656768382325
5-19B,4.0,205.0351,-1.2044497278290984,0.0946625623790737
5-19B,4.0,206.0822,1.736664050504716,0.4298853841308899
5-19B,4.0,209.0292,-0.5890736081979427,0.1759850918068652
5-19B,4.0,209.0814,0.26945986086994056,0.19174227743517067
5-19B,4.0,211.0235,-0.8856217417791529,0.3013550255517817
5-19B,4.0,211.9968,-0.809261756751432,0.08319406686268371
5-19B,4.0,212.0331,-0.3726510907249127,0.18021160259211685
5-19B,4.0,212.9807,-0.5396885403937144,0.09601413974702425
5-19B,4.0,213.014,-0.37982093166373354,0.35350878924041973
5-19B,4.0,213.0384,-0.7695122716723735,0.21664468666020145
5-19B,4.0,213.1252,-0.2470875542528465,0.9035586886877468
5-19B,4.0,214.0488,1.3765323764899275,1.0235161056960012
5-19B,4.0,215.0331,1.2905561543892643,0.11209000631325106
5-19B,4.0,216.1351,0.7014201807029716,0.33415059915297374
5-19B,4.0,218.0335,1.1630450073901426,0.15145562486312436
5-19B,4.0,218.1034,-1.0543855703189042,0.05445313658440253
5-19B,4.0,220.0828,0.7202442282594166,0.8076582438360836
5-19B,4.0,221.0443,1.0884933033644042,0.12391199574271879
5-19B,4.0,221.0664,0.9547198267903009,0.33874644650934527
5-19B,4.0,225.0399,0.15071506525374612,0.739916438167079
5-19B,4.0,225.0861,0.3336767608669302,0.48944801229156437
5-19B,4.0,225.0901,-0.4310325313941664,0.36774109728787807
5-19B,4.0,226.0135,-0.8545747519035878,0.15589664317055615
5-19B,4.0,226.0697,0.4037459152221533,0.4911783649119093
5-19B,4.0,228.0501,-0.6964043152979518,0.39855640200775466
5-19B,4.0,229.0122,-0.06802251590586372,0.24638290251911193
5-19B,4.0,237.0614,-1.03967628692223,0.07970469862762454
5-19B,4.0,238.0945,-0.39372787732966685,0.2828388959583612
5-19B,4.0,240.0515,-1.0515553401575528,0.04141625769283456
5-19B,4.0,241.0844,-0.4200113568744588,0.6793045932561388
5-19B,4.0,242.0804,0.4324790290565965,0.660330280004393
5-19B,4.0,243.029,0.2155760540669856,0.2957629595745522
5-19B,4.0,243.0625,0.25700764692756395,0.3907710553771084
5-19B,4.0,245.0444,1.616268438519794,0.24125117737651178
5-19B,4.0,246.0198,-0.36351339710266606,0.7909825685988221
5-19B,4.0,246.064,-0.24787187320569248,0.6294463125524101
5-19B,4.0,251.0816,-0.08180616938348492,0.3951174590647506
5-19B,4.0,253.0119,-0.2930474141790441,0.005920426198073235
5-19B,4.0,253.0499,1.5042869823298046,0.38732192507646496
5-19B,4.0,257.0072,-0.9573859197069208,0.49784184377414586
5-19B,4.0,257.1028,0.24543340570778538,0.396274624659651
5-19B,4.0,259.005,-0.46642971866691346,0.4327474490094435
5-19B,4.0,259.0227,2.0742483259988007,0.28805866970557414
5-19B,4.0,261.0385,-0.1532928928597637,0.24943117055609063
5-19B,4.0,266.0703,-0.5436285570047511,0.24951140041238942
5-19B,4.0,267.0724,-0.6724971642132398,0.014437752687242171
5-19B,4.0,268.02,-1.2216779590379194,0.3025055318875322
5-19B,4.0,269.0398,-0.5583335490235596,0.2683372996132145
5-19B,4.0,271.0612,1.6995156365627713,0.30047784818060863
5-19B,4.0,271.0815,0.3115278316274877,0.7603974256856721
5-19B,4.0,273.0021,-0.7898068238992104,0.09128510618471923
5-19B,4.0,274.0933,-0.49743390380335795,0.20987439676218464
5-19B,4.0,275.0184,0.8651722499768835,0.5640388814637999
5-19B,4.0,275.0991,-0.6503729573687858,0.11532939907063984
5-19B,4.0,277.1207,1.583411889280768,0.28778514998408006
5-19B,4.0,277.2169,0.6146599346105828,0.25596322904428154
5-19B,4.0,279.2331,-0.31074044238639187,0.029262289795751305
5-19B,4.0,282.0839,1.4158426852913149,0.9098331952039382
5-19B,4.0,283.2063,-0.4851878171158387,0.40773974324080897
5-19B,4.0,285.0972,0.028942119618407966,0.592956854631499
5-19B,4.0,287.0157,1.315631207191439,0.4232049323955868
5-19B,4.0,288.0725,-0.6590084641570689,0.14074255032375604
5-19B,4.0,289.0333,-0.5270750478566462,0.5709958544247645
5-19B,4.0,289.1044,-1.1482351405609619,0.285508263330389
5-19B,4.0,290.9677,-0.3880513116945153,0.09876849271032762
5-19B,4.0,294.0479,1.1652729048501156,0.34160369131789653
5-19B,4.0,300.0509,-0.28748777522226204,1.0788367828391754
5-19B,4.0,301.0333,0.22799905273381568,1.3493185176082039
5-19B,4.0,303.2326,-0.19539515068501412,0.2878608500611454
5-19B,4.0,305.0207,1.2488437070748004,0.1720499534566549
5-19B,4.0,306.0481,-0.8680503172449611,0.04533195221710698
5-19B,4.0,306.0765,-0.2770168162339636,0.018478127158411826
5-19B,4.0,308.0986,-0.2921850290046617,0.05808497205610833
5-19B,4.0,313.0441,-0.3529796639271642,0.371947785375936
5-19B,4.0,313.1037,-0.6371712798500434,0.21899747213884482
5-19B,4.0,317.026,0.018785366512921328,0.8085844659560228
5-19B,4.0,323.0256,2.40689004462506,0.6774256486528921
5-19B,4.0,325.1163,0.37576692878940265,0.26870792907703417
5-19B,4.0,328.0457,-0.3519990114165804,0.18139158300537128
5-19B,4.0,333.0589,-0.9611275469013902,0.3173808603749401
5-19B,4.0,338.9884,-0.11816125973503852,0.08545975606479135
5-19B,4.0,339.0928,0.2997551704231755,0.7502312252964987
5-19B,4.0,341.1089,0.2275360319468125,0.23952076163575145
5-19B,4.0,344.0393,0.0710616279408206,0.24068681242463325
5-19B,4.0,346.0556,2.3727871325221983,0.3112397010116579
5-19B,4.0,348.087,-0.9821266168504923,0.03205567819872412
5-19B,4.0,353.0489,-0.17760884053644646,0.0899723851833429
5-19B,4.0,357.089,-0.6225218306038638,0.1684920471089145
5-19B,4.0,375.131,-0.6314070802574101,0.39942746510135374
5-19B,4.0,377.1496,-0.3478755237479952,0.19815808820393943
5-19B,4.0,383.1188,1.4469957652455299,0.35558121678568616
5-19B,4.0,388.9416,0.15398551175328026,0.6606744694955958
5-19B,4.0,388.9442,-0.26916801922394523,0.5178850201286062
5-19B,4.0,401.0756,1.1053060820513254,0.08663814194964863
5-19B,4.0,407.2795,0.3897038862135458,0.3718409943178699
5-19B,4.0,421.0743,-0.18485279326052553,0.8409335375116106
5-19B,4.0,426.0222,0.7596070419429827,0.2527640598812973
5-19B,4.0,442.9997,-0.19213279148663964,0.2099495342331139
5-19B,4.0,466.9657,1.4628076667623713,0.399556507576826
5-19B,4.0,490.9787,0.07399287128514236,0.9027930340132571
5-19B,4.0,503.1614,0.9107994543365918,0.7806711396988137
5-19B,4.0,547.0731,-1.1589033210944581,0.07546090692309886
5-19B,4.0,565.0471,-0.4313365610304847,0.08333425418618011
5-19B,4.0,578.8872,1.5292648529831299,0.249952566202284
5-19B,4.0,579.0269,0.5556066204277916,0.16536315020160144
5-19B,4.0,612.2549,-0.3379921624842057,0.45772012276995255
5-19B,4.0,624.2949,-0.551307929867318,0.4905102647707621
5-19B,4.0,659.307,1.0444368503362458,0.3817617594736889
5-19B,4.0,664.0939,-0.28584880946680197,0.16509867984838394
5-19B,4.0,665.2144,-0.19965753270248668,0.33961795011702156
5-19B,4.0,668.1374,-0.6157760636882217,0.00022221075539323836
5-19B,4.0,787.255,1.673712466770878,0.9688338521899478
5-19B,4.0,790.2568,1.1809969874547637,0.5682534675361468
5-19B,4.0,835.0407,-0.385723843606381,0.2386151370756128
5-19B,4.0,863.2971,-0.4983086622367261,0.036233302660284995
5-19B,4.0,864.1473,1.2101016664656714,0.2313107538079977
5-19B,4.0,974.2935,-0.10838895158564579,0.4020202600917245
5-19B,4.0,976.7162,1.7043956771194846,0.4271873443064187
5-19B,5.0,57.0342,1.248064201801868,0.38913051701233553
5-19B,5.0,58.0295,-0.7315106876267539,0.2783482581820307
5-19B,5.0,59.0135,1.701811757439754,0.46608833031384234
5-19B,5.0,71.0137,1.5295548790441393,0.19977885200281015
5-19B,5.0,73.0293,-0.9211744444439678,0.021445304907526733
5-19B,5.0,74.0247,-1.0835271537550246,0.4166475771976783
5-19B,5.0,75.0087,0.12830695980517204,1.0591979367309194
5-19B,5.0,87.0088,-0.6685365974279759,0.016999818688221827
5-19B,5.0,87.0451,0.8782933989709097,0.718146771799043
5-19B,5.0,88.0403,-0.6630007179843784,0.04184962996652405
5-19B,5.0,88.9883,-1.2128795651689688,0.5939130634277497
5-19B,5.0,89.0244,-0.4304012851382013,0.13678459009648888
5-19B,5.0,93.0338,-0.04304290287595203,0.02229177051345716
5-19B,5.0,94.9761,-0.35112599794912946,0.8728606169736608
5-19B,5.0,94.9806,0.8727834223109362,0.7279355428049606
5-19B,5.0,95.0139,1.609472385541031,0.5167815497753768
5-19B,5.0,101.0242,1.6177269315899072,0.6392157048909936
5-19B,5.0,102.056,-0.5667142728191621,0.11445059978391615
5-19B,5.0,103.0402,-0.8853770769011826,0.08080594346392422
5-19B,5.0,103.0509,-0.8430228222413326,0.11930028457091932
5-19B,5.0,104.0352,-0.528635414167616,0.11142243136145259
5-19B,5.0,105.0193,0.6297928600425166,1.0012421921769725
5-19B,5.0,107.0503,1.6333935202906429,1.867619211624277
5-19B,5.0,109.0295,-0.22715770636113247,0.25233271869035284
5-19B,5.0,111.02,0.5341504171706342,0.19620479610943073
5-19B,5.0,112.0516,1.098914583470038,0.7681827126704521
5-19B,5.0,113.0244,1.583055022802615,0.35736251279174563
5-19B,5.0,113.0357,1.34021907981908,0.29637377938121184
5-19B,5.0,114.056,-0.2441534519316676,0.0016142000576089724
5-19B,5.0,115.0037,-0.5338643484492427,0.12749124271047516
5-19B,5.0,115.0402,0.3869263568919631,0.7758635421294562
5-19B,5.0,115.0764,2.1464458080802316,1.170669561313417
5-19B,5.0,116.0354,-0.8801503136684231,0.20288301289587807
5-19B,5.0,116.0717,-0.7810488420379589,0.017543005705620104
5-19B,5.0,117.0194,-0.9023898178388745,0.020031620620863683
5-19B,5.0,118.0508,-1.375277479106081,0.1333817101944962
5-19B,5.0,118.9804,1.3867730929925348,0.4257860352273549
5-19B,5.0,119.0503,1.4322761259741352,0.3978714188643759
5-19B,5.0,120.9273,-0.15919424599018536,0.1997131343954413
5-19B,5.0,121.0295,0.8520901483772266,0.6477303676394724
5-19B,5.0,121.0409,0.883791995358706,0.7140048017423306
5-19B,5.0,122.0248,0.8441814930958749,0.6411300997695639
5-19B,5.0,124.0075,0.21810726736407832,0.330183364142067
5-19B,5.0,124.0144,1.0870590071752448,0.285295586233183
5-19B,5.0,125.0439,0.19656351742318873,0.30967931931836923
5-19B,5.0,127.0764,0.8522785773223307,0.9342901389586726
5-19B,5.0,128.0354,-0.36735192782416504,0.015138770357499064
5-19B,5.0,129.0193,-0.6834206825004385,0.12791206613630296
5-19B,5.0,129.0556,0.40737660678903254,0.5830910380114812
5-19B,5.0,130.0142,-0.38832814263224147,0.3610473132684873
5-19B,5.0,130.0509,-0.6792527332322081,0.02092840932872531
5-19B,5.0,130.0874,-1.0173079111631158,0.05700147921838032
5-19B,5.0,131.0008,1.5677822158186068,0.6789629762587635
5-19B,5.0,131.0123,-0.6355956040210495,0.06922087125776741
5-19B,5.0,131.035,0.7773333513763083,0.3979324598616427
5-19B,5.0,131.0462,0.342487677511573,0.35707283844657967
5-19B,5.0,131.0828,-0.7505706352287589,0.08574952484721855
5-19B,5.0,132.0302,0.10636265704899156,0.048697251488553216
5-19B,5.0,133.0142,-0.09951178856908294,0.06816362042134173
5-19B,5.0,133.0257,-0.1591221437978115,0.08059388550405588
5-19B,5.0,133.0505,-0.7481133590116888,0.0939966245199105
5-19B,5.0,134.0472,-0.04958586084455797,0.3008178543261397
5-19B,5.0,134.0604,-0.8768075638824118,0.18011298785726995
5-19B,5.0,135.0302,-0.6295823522918773,0.08234100834833605
5-19B,5.0,135.0453,0.660892296007256,0.3263753809819198
5-19B,5.0,136.0404,-0.35102685838955167,0.1482194169776863
5-19B,5.0,136.0487,0.5322900725417206,0.47707857458088676
5-19B,5.0,136.0767,1.3354507440804406,0.8909827010067558
5-19B,5.0,137.0239,0.16934392546585791,0.16119977031866037
5-19B,5.0,138.9789,-0.462249210316889,0.42636406284102046
5-19B,5.0,139.0014,-0.2698664930622013,0.025139124275198196
5-19B,5.0,139.0067,-0.6348220757247605,0.06516898339432739
5-19B,5.0,139.976,0.040453480565970604,0.4001452789777625
5-19B,5.0,143.0713,0.9841841052624603,0.6618503490909982
5-19B,5.0,143.1077,1.8416352748603615,0.35359930670014594
5-19B,5.0,145.0141,-0.30039621687335627,0.13578706898697787
5-19B,5.0,145.0506,-0.7991676112697876,0.2087604764682107
5-19B,5.0,145.0623,-0.6272236310554407,0.12010655888088119
5-19B,5.0,145.0982,-0.8168079140036932,0.1323444629964267
5-19B,5.0,145.1106,-1.5925429089556231,0.9489291387866131
5-19B,5.0,146.0459,-0.45047315352990186,0.012186496371758636
5-19B,5.0,147.0298,-0.8146837538767429,0.05273168526570575
5-19B,5.0,147.0662,-0.5008738213231689,0.08736700561537457
5-19B,5.0,149.0092,1.5814876858868099,1.0268944563823283
5-19B,5.0,149.0456,0.4345842222586664,0.29373449994239514
5-19B,5.0,149.0608,1.599737820830898,0.9732066590613399
5-19B,5.0,150.0422,-0.8154945844975113,0.560486665504409
5-19B,5.0,150.9707,0.7052275149414831,0.605990785306467
5-19B,5.0,151.0259,-0.7471429189746417,0.04593140538678204
5-19B,5.0,151.04,2.3640180004797857,0.7324870715097503
5-19B,5.0,151.06,0.45072087477882994,0.9167702686359163
5-19B,5.0,152.0353,0.373678197766364,0.7205863027542583
5-19B,5.0,152.0716,0.9895090197398618,0.5251516588185026
5-19B,5.0,153.0192,0.57962802525039,0.15262500417135771
5-19B,5.0,154.062,-0.44974363534134365,0.1223954102164976
5-19B,5.0,154.9751,-0.913432537503841,0.026427803024002532
5-19B,5.0,155.0099,0.6060837646956069,0.1739995160923086
5-19B,5.0,157.0128,-0.34961106024649474,0.09085555255367236
5-19B,5.0,157.0255,0.787132930739671,0.17747821074313797
5-19B,5.0,157.0379,0.6507242791217914,0.18730667862962888
5-19B,5.0,157.0504,-0.7547783808292731,0.040253421280387905
5-19B,5.0,159.0297,1.0883048688478856,0.32727692838743866
5-19B,5.0,159.0775,-0.7950098175709379,0.06826732002267138
5-19B,5.0,160.0616,-1.142444204153466,0.6191166950668677
5-19B,5.0,161.0453,0.558164464720903,0.34480414614133054
5-19B,5.0,162.0424,-0.268927552045256,0.17481015333182243
5-19B,5.0,163.0351,-0.8871934507142227,0.15078276608941374
5-19B,5.0,163.0398,0.8701052650501309,0.13992504266375308
5-19B,5.0,163.0611,-0.06835926078376416,0.48020867529946937
5-19B,5.0,164.0716,-0.5188860926967429,0.08988668367219996
5-19B,5.0,165.03,0.6073265707617095,1.1124732049163346
5-19B,5.0,165.0405,1.4710149314251386,0.6642964710556606
5-19B,5.0,165.0556,-0.6540277939413206,0.12442409291586515
5-19B,5.0,166.0508,-0.37235383083504797,0.4002659168375622
5-19B,5.0,166.0632,-0.348820216794706,0.9340561393099192
5-19B,5.0,166.9759,-0.40812165419444485,0.2991123094258721
5-19B,5.0,167.0207,-0.10863443868466163,0.30680641776999107
5-19B,5.0,167.0358,1.0040176985055065,0.32011271736399993
5-19B,5.0,167.0828,-0.4766348693810684,0.7123818357409061
5-19B,5.0,168.0277,-0.4840660653010014,0.01579819023509727
5-19B,5.0,168.0664,0.2640900132492289,0.6088548546991636
5-19B,5.0,170.0455,-0.7945384955450926,0.002524349385140274
5-19B,5.0,171.0065,-0.8904074384637586,0.13290798561465247
5-19B,5.0,171.0092,-0.7366501481398823,0.19530245816756978
5-19B,5.0,171.0284,-0.8702022578484961,0.09512519537899948
5-19B,5.0,172.0616,-0.18054626934524864,0.403179019118198
5-19B,5.0,172.962,-0.5487354734753114,0.03112569198679493
5-19B,5.0,173.0089,-0.795667731165089,0.07724377526853426
5-19B,5.0,173.0453,-1.0942032508869177,0.3024818488922957
5-19B,5.0,173.0932,-0.8450201045768164,0.07431873369950781
5-19B,5.0,173.1041,-1.027709194053506,0.16862648657077428
5-19B,5.0,174.0407,-0.5548169461655641,0.05171180665568743
5-19B,5.0,174.088,-0.5260934544717589,0.12015639186401296
5-19B,5.0,175.022,-0.5775747982507342,0.15754506616187772
5-19B,5.0,175.0361,0.12721044046981084,0.14090763405364035
5-19B,5.0,175.0611,-0.8823102871628895,0.07419828136914083
5-19B,5.0,176.0776,-0.8921446020229792,0.3048553653667501
5-19B,5.0,177.0402,1.1361965334399502,0.8968952671336807
5-19B,5.0,177.0553,1.067741333707776,0.8677047900064495
5-19B,5.0,178.0509,-0.6152823748365757,0.04476299811870422
5-19B,5.0,179.0348,0.5415080807390122,0.507521509361896
5-19B,5.0,179.0561,0.9962034093375381,0.1967776371958705
5-19B,5.0,180.0663,0.9571207794715308,0.22107148273380592
5-19B,5.0,181.0505,-0.6571768444683272,0.1266922590951054
5-19B,5.0,182.9725,1.5224659670702212,0.1331819537149747
5-19B,5.0,183.0661,0.6921325831829963,0.8801115618211349
5-19B,5.0,184.0017,-0.4872095936246573,0.06524383129336812
5-19B,5.0,184.9856,-0.23245644776272803,0.11407109419826311
5-19B,5.0,186.1136,1.4812159702783503,0.5798887141587774
5-19B,5.0,187.0234,-1.144204701412681,0.17151868719019941
5-19B,5.0,188.035,-0.22570759767645351,0.6200542222104664
5-19B,5.0,188.0565,-0.7450941770079327,0.04979307629826265
5-19B,5.0,189.0405,-0.509085362544301,0.12082923247809671
5-19B,5.0,191.0197,-0.5428029835625403,0.13998906364418082
5-19B,5.0,191.0561,-1.030119574644993,0.08136764936365463
5-19B,5.0,192.0663,-0.4239792593658086,0.21504436294368245
5-19B,5.0,193.0349,0.5289660907351399,0.5844120076109809
5-19B,5.0,194.0682,-0.53612971433992,0.2566660140624054
5-19B,5.0,194.0822,0.9785520324211008,0.6013265886109704
5-19B,5.0,195.0509,0.6903734080794707,0.14982490471063417
5-19B,5.0,195.0657,0.18349754286035846,0.6879432222385391
5-19B,5.0,196.0603,-0.4293941232058234,0.15281469302107678
5-19B,5.0,198.0182,-0.5958169149497782,0.3521642560207246
5-19B,5.0,199.0019,-0.5446094853387202,0.3446263681340345
5-19B,5.0,200.9937,0.9175347163460562,0.4560993152206865
5-19B,5.0,201.0051,0.23748278605628814,0.6085516278418226
5-19B,5.0,203.0348,-0.06591926435555812,0.10908626979632348
5-19B,5.0,203.0826,-0.09551551639116479,0.0578736872125383
5-19B,5.0,204.0498,0.8260468231010596,1.7584983575095945
5-19B,5.0,205.0351,-0.731412802977505,0.15230795268894873
5-19B,5.0,206.0822,1.0194648015453818,0.6891396312376138
5-19B,5.0,209.0292,-0.6625977232529596,0.34793059282732847
5-19B,5.0,209.0814,-0.48349002907655364,0.15866749332569585
5-19B,5.0,211.0235,-0.6654793293841604,0.4733082028669721
5-19B,5.0,211.9968,-0.6049854165888215,0.0634546019713336
5-19B,5.0,212.0331,-0.6085853113333506,0.2829054751208797
5-19B,5.0,212.9807,-0.40791886450414894,0.04660731713302045
5-19B,5.0,213.014,-0.8799584214357743,0.16820494367775263
5-19B,5.0,213.0384,-0.28837804356080987,0.09555116437682097
5-19B,5.0,213.1252,0.9343250967261167,1.2140680963010555
5-19B,5.0,214.0488,0.046484386837718356,0.6764791023683233
5-19B,5.0,215.0331,1.4315801945191795,0.2757706068051246
5-19B,5.0,216.1351,0.767181183597688,0.3018443267501059
5-19B,5.0,218.0335,1.6301252270885251,0.18324280140667534
5-19B,5.0,218.1034,-0.6866539042616759,0.0687147309786177
5-19B,5.0,220.0828,0.11330690312263093,1.3556297404260096
5-19B,5.0,221.0443,1.2666875214465525,0.32512978662225844
5-19B,5.0,221.0664,0.7895108077359203,0.5467799263154748
5-19B,5.0,225.0399,0.14270369932354987,0.9232919818631627
5-19B,5.0,225.0861,0.8162617836552717,0.9776632937269434
5-19B,5.0,225.0901,0.19489987803016884,1.1784755300028078
5-19B,5.0,226.0135,-0.4235353738122264,0.487343498347353
5-19B,5.0,226.0697,0.5010924260900488,0.33546963781332007
5-19B,5.0,228.0501,-0.5854731262589902,0.9827828061269028
5-19B,5.0,229.0122,-0.2703426701046697,0.2669284061175258
5-19B,5.0,237.0614,-0.6846868015493259,0.3618001753416906
5-19B,5.0,238.0945,-0.5597762162053285,0.15416269397801874
5-19B,5.0,240.0515,-0.18582499323659024,0.06587835922654683
5-19B,5.0,241.0844,0.46270475334712957,0.21073091119639006
5-19B,5.0,242.0804,-1.1915899535665506,0.5296455534865492
5-19B,5.0,243.029,0.11286903024557549,0.6200397204769158
5-19B,5.0,243.0625,-0.16118719104689463,0.5177327109128623
5-19B,5.0,245.0444,0.10889664673872469,0.15828831001942203
5-19B,5.0,246.0198,-0.708816139955905,0.7172294303225694
5-19B,5.0,246.064,1.218490458466579,1.2690790730199235
5-19B,5.0,251.0816,1.4430429613538427,2.248543296715193
5-19B,5.0,253.0119,-0.2936590907558697,0.017656691564251398
5-19B,5.0,253.0499,2.563416277863288,1.568371532809172
5-19B,5.0,257.0072,-0.4621692251163663,0.40688483646501533
5-19B,5.0,257.1028,-0.16361086839330788,0.6099629715884529
5-19B,5.0,259.005,-0.003167776344573474,0.2989145467926456
5-19B,5.0,259.0227,1.4827365057248705,0.16397306446032472
5-19B,5.0,261.0385,-0.05999453897591811,0.2768691836395078
5-19B,5.0,266.0703,-0.7123609233254931,0.19092239276093229
5-19B,5.0,267.0724,-0.6967480199288218,0.05327397840342163
5-19B,5.0,268.02,-1.1657129345195887,0.30301755499297267
5-19B,5.0,269.0398,-0.35099565528423965,0.15107667405151415
5-19B,5.0,271.0612,2.1451372705070413,0.9344536889100388
5-19B,5.0,271.0815,0.5507405565188886,0.6672780061819935
5-19B,5.0,273.0021,-0.7588373925833722,0.1165642345371732
5-19B,5.0,274.0933,0.43618532721435166,0.14364218590959144
5-19B,5.0,275.0184,-0.035973289737687715,0.356752670928407
5-19B,5.0,275.0991,-0.6358287466580077,0.10756162484507163
5-19B,5.0,277.1207,1.311099725851192,0.23551268367362302
5-19B,5.0,277.2169,0.8516466618962334,0.643863318736969
5-19B,5.0,279.2331,-0.30198636343413504,0.043548588658926066
5-19B,5.0,282.0839,1.3175990087017557,0.4314067119391835
5-19B,5.0,283.2063,-0.34732800674718545,0.26744386151161786
5-19B,5.0,285.0972,0.0959598241160573,0.6400254487371173
5-19B,5.0,287.0157,0.16398893761979066,0.3862445398662686
5-19B,5.0,288.0725,-0.505384552783742,0.09651525052741666
5-19B,5.0,289.0333,1.2516339158895262,0.8050247676307303
5-19B,5.0,289.1044,-0.6339981634150222,0.1932860705166266
5-19B,5.0,290.9677,-0.359670701775505,0.06112246359762654
5-19B,5.0,294.0479,0.8920728366765537,1.5445380211744018
5-19B,5.0,300.0509,0.16371156878348536,0.4392509782193039
5-19B,5.0,301.0333,0.8900542099228701,1.210152901814025
5-19B,5.0,303.2326,1.3405961818654948,2.150692436110916
5-19B,5.0,305.0207,0.9256516143566691,0.13651986718121195
5-19B,5.0,306.0481,-0.36254581162809296,0.21377539846013144
5-19B,5.0,306.0765,-0.20684578799064338,0.04354644338765114
5-19B,5.0,308.0986,-0.3171047919673068,0.01864746817742391
5-19B,5.0,313.0441,-0.20080345119541804,0.3897097356479579
5-19B,5.0,313.1037,-0.6019651752166374,0.4834503149138008
5-19B,5.0,317.026,0.45496458266441364,0.6404281988822922
5-19B,5.0,323.0256,1.5816836006687616,0.4680287861870198
5-19B,5.0,325.1163,-0.7091753401439138,0.3318965700762096
5-19B,5.0,328.0457,-0.07159195682811188,0.11860250105658657
5-19B,5.0,333.0589,-0.7788058472819858,0.33703051549866153
5-19B,5.0,338.9884,-0.36287814754113945,0.20215244976762295
5-19B,5.0,339.0928,0.3180641325812865,0.09455109380607811
5-19B,5.0,341.1089,0.4337213548836647,0.23252875681003288
5-19B,5.0,344.0393,0.46275163133185143,0.18903634626954155
5-19B,5.0,346.0556,1.728475362604763,0.33125164840961707
5-19B,5.0,348.087,-0.5198697710137579,0.10382414524587774
5-19B,5.0,353.0489,-0.11327959794989279,0.1479707957105563
5-19B,5.0,357.089,-0.33750793725441075,0.19293065019043704
5-19B,5.0,375.131,-0.6367159752250474,0.7353154922029889
5-19B,5.0,377.1496,0.3915557082543756,0.5981829266104332
5-19B,5.0,383.1188,1.0147975484267822,0.7203323350670656
5-19B,5.0,388.9416,-0.06692003528244943,0.5969989495872049
5-19B,5.0,388.9442,-0.4333545744532038,0.44612559965729215
5-19B,5.0,401.0756,1.3615509624516022,0.1270256358324882
5-19B,5.0,407.2795,-0.0521657316769774,0.09141941907077625
5-19B,5.0,421.0743,0.34502884608635975,0.7532325674084739
5-19B,5.0,426.0222,0.3691689455972716,0.5198998247166254
5-19B,5.0,442.9997,-0.08714117181400097,0.4375293156090606
5-19B,5.0,466.9657,0.44758725028388524,0.32817232171786365
5-19B,5.0,490.9787,-0.20859899220885636,0.6800564426496569
5-19B,5.0,503.1614,0.8232860290002422,0.6073546777238585
5-19B,5.0,547.0731,-0.9018762367643002,0.15388401340025903
5-19B,5.0,565.0471,-0.1566910480948494,0.19852912350186303
5-19B,5.0,578.8872,1.7039159698961457,0.1326168738273059
5-19B,5.0,579.0269,1.872930725083723,0.06610977269766384
5-19B,5.0,612.2549,0.18228121826654348,0.7619169960455003
5-19B,5.0,624.2949,-0.4875028447941714,0.21567648475754242
5-19B,5.0,659.307,-0.45553842772762543,0.34784861308175646
5-19B,5.0,664.0939,-0.5711227716304887,0.23287539339794983
5-19B,5.0,665.2144,-0.0011316860854101822,0.28903440524569074
5-19B,5.0,668.1374,-0.6139512334897186,0.0011854256754183555
5-19B,5.0,787.255,-0.19653339126119748,0.31757076399780004
5-19B,5.0,790.2568,0.19672831847605937,0.6664450500670094
5-19B,5.0,835.0407,-0.5679846618311322,0.36910516729393705
5-19B,5.0,863.2971,-0.4233791288229658,0.10170425926287587
5-19B,5.0,864.1473,-0.5280667201767342,0.6313809112245118
5-19B,5.0,974.2935,-0.6998772337929609,0.42535624797369387
5-19B,5.0,976.7162,0.8839387724120975,0.2780687034729849
5-19B,6.0,57.0342,1.5421970893588939,0.10898234044968276
5-19B,6.0,58.0295,-0.5792184420951316,0.5128608080324789
5-19B,6.0,59.0135,2.0433565019362705,0.13347309096929105
5-19B,6.0,71.0137,1.736868477427649,0.0873202319267875
5-19B,6.0,73.0293,-0.8825270314347071,0.018841366429595326
5-19B,6.0,74.0247,-0.8684542386436845,0.1340966947627327
5-19B,6.0,75.0087,0.4314950777619406,0.40096661856910826
5-19B,6.0,87.0088,-0.6661144175952087,0.012030880862175956
5-19B,6.0,87.0451,1.3180228034680672,0.42847887537922885
5-19B,6.0,88.0403,-0.5424824481167119,0.04117236123115812
5-19B,6.0,88.9883,-1.5066579931492932,0.37003744357897184
5-19B,6.0,89.0244,-0.35357748750553886,0.0907469779619638
5-19B,6.0,93.0338,-0.05701144301995322,0.006782960838179682
5-19B,6.0,94.9761,-0.517070447989276,0.3586197274198213
5-19B,6.0,94.9806,1.1958386488320865,0.3145906380655846
5-19B,6.0,95.0139,1.5859264198437923,0.23771298129089533
5-19B,6.0,101.0242,1.297289878770619,0.19577856952899714
5-19B,6.0,102.056,-0.5935614009671408,0.09068171193992544
5-19B,6.0,103.0402,-0.806048674000971,0.05020013507288002
5-19B,6.0,103.0509,-0.7922574416420336,0.1493341008819372
5-19B,6.0,104.0352,-0.6988794429075118,0.07135705828747088
5-19B,6.0,105.0193,0.37307003207514366,0.5930900140176284
5-19B,6.0,107.0503,0.6591907852696717,0.4520667675412894
5-19B,6.0,109.0295,-0.10274455179428149,0.1744949976634376
5-19B,6.0,111.02,0.3367194404259705,0.02511551981478715
5-19B,6.0,112.0516,0.7665882342569004,0.22843820914460744
5-19B,6.0,113.0244,1.5264113532547898,0.05643480335716092
5-19B,6.0,113.0357,1.627699335362172,0.06407091671238983
5-19B,6.0,114.056,-0.24113282162892058,0.0027368230110618313
5-19B,6.0,115.0037,-0.5120837842938615,0.04266153733925869
5-19B,6.0,115.0402,0.2913267508493073,0.5117910575441655
5-19B,6.0,115.0764,0.9189855227640671,0.31826420467104233
5-19B,6.0,116.0354,-0.2996408272967358,0.2011747207677429
5-19B,6.0,116.0717,-0.7788457914922147,0.038310305131959994
5-19B,6.0,117.0194,-0.8690448000583211,0.020610836523859172
5-19B,6.0,118.0508,-1.3468476754017957,0.1334520307553681
5-19B,6.0,118.9804,1.445987027833238,0.1570965883775215
5-19B,6.0,119.0503,1.250683412886541,0.1935975110537833
5-19B,6.0,120.9273,-0.6224254342817108,0.11010442865065417
5-19B,6.0,121.0295,0.21380388524911892,0.24744921803217748
5-19B,6.0,121.0409,0.48026716244774614,0.5220576619894606
5-19B,6.0,122.0248,1.0895983664723765,0.2786138558801495
5-19B,6.0,124.0075,0.8032954568783062,0.5330516310722531
5-19B,6.0,124.0144,1.4837811708443631,0.3163447125727048
5-19B,6.0,125.0439,1.5074137497530544,0.35628538840789287
5-19B,6.0,127.0764,1.2108681385577846,0.3123067107304734
5-19B,6.0,128.0354,-0.36607302511106043,0.00698740967552004
5-19B,6.0,129.0193,-0.7163848129532164,0.05327542196816303
5-19B,6.0,129.0556,0.2542575168790862,0.628027541800219
5-19B,6.0,130.0142,-0.7562085232117605,0.3125748338002854
5-19B,6.0,130.0509,-0.4184191036649527,0.05061408031329563
5-19B,6.0,130.0874,-1.065866865720896,0.009728957777670556
5-19B,6.0,131.0008,-0.8008978656049406,0.9994286785819781
5-19B,6.0,131.0123,-0.6662239012871944,0.06837009104635441
5-19B,6.0,131.035,1.2115664098827434,0.03730911545239681
5-19B,6.0,131.0462,0.8207689919862098,0.23444915218954313
5-19B,6.0,131.0828,-0.8199265462918851,0.0559345937878787
5-19B,6.0,132.0302,0.5053576983996017,0.018150618817042354
5-19B,6.0,133.0142,-0.24552266881068086,0.0499963490854367
5-19B,6.0,133.0257,-0.18456166559447132,0.12362399459344534
5-19B,6.0,133.0505,-0.6276861124987598,0.024599285100576813
5-19B,6.0,134.0472,-0.23976319699957946,0.29041198937470686
5-19B,6.0,134.0604,-0.5020816462150954,0.4826571144311089
5-19B,6.0,135.0302,-0.8268445743987431,0.08183394620537918
5-19B,6.0,135.0453,1.5481818363276094,0.23531314617333407
5-19B,6.0,136.0404,-0.2348233175785143,0.12396324194603539
5-19B,6.0,136.0487,1.2580496606492817,0.3891466239242374
5-19B,6.0,136.0767,0.9492618158269825,0.7247676540747743
5-19B,6.0,137.0239,0.3247585733914701,0.33728790531293096
5-19B,6.0,138.9789,-0.11956208848706264,0.14841795299629124
5-19B,6.0,139.0014,-0.1357916796059767,0.035809538576627505
5-19B,6.0,139.0067,-0.5888720836994252,0.04402325357432211
5-19B,6.0,139.976,1.1628871787761619,0.1713860762304249
5-19B,6.0,143.0713,0.617968709691355,0.5397186814373568
5-19B,6.0,143.1077,1.5967735308574027,0.3778873835898717
5-19B,6.0,145.0141,-0.16909683563187622,0.09151320732763385
5-19B,6.0,145.0506,-0.692847205369548,0.06805740118342345
5-19B,6.0,145.0623,-1.0153699892280768,0.2779977503073405
5-19B,6.0,145.0982,-0.7914970843057616,0.19792706575582744
5-19B,6.0,145.1106,-0.6222969005517363,0.41432921006357426
5-19B,6.0,146.0459,-0.4414818688704977,0.0032708060608955683
5-19B,6.0,147.0298,-0.7552268935720722,0.043279430225284604
5-19B,6.0,147.0662,-0.3871708040419609,0.05856322729116337
5-19B,6.0,149.0092,1.0995283156383415,0.4147115989482671
5-19B,6.0,149.0456,0.7201246212037138,0.13750978265163843
5-19B,6.0,149.0608,1.386126193628537,0.4279682510896742
5-19B,6.0,150.0422,-0.9920443874040037,0.14475612858078832
5-19B,6.0,150.9707,-0.22987080744506158,0.3727297427306145
5-19B,6.0,151.0259,-0.6585594864183523,0.062474398158498944
5-19B,6.0,151.04,0.8898283495546628,0.6551592445232012
5-19B,6.0,151.06,-0.7795815885183544,0.9662459851963876
5-19B,6.0,152.0353,0.7166925646719395,0.532500556230278
5-19B,6.0,152.0716,0.7707876361744743,0.21782118894195526
5-19B,6.0,153.0192,0.8074268111374245,0.04109276964254184
5-19B,6.0,154.062,-0.5459192459733901,0.1044255764330811
5-19B,6.0,154.9751,-0.8952082145850702,0.03322641059085606
5-19B,6.0,155.0099,0.51857665947096,0.040181102435578785
5-19B,6.0,157.0128,-0.3745067678158142,0.05915891188875611
5-19B,6.0,157.0255,1.1542903306863963,0.06270671731567866
5-19B,6.0,157.0379,1.1952535765444035,0.04144585949911038
5-19B,6.0,157.0504,-0.6944554675461048,0.02743388734653424
5-19B,6.0,159.0297,0.7783149659995882,0.29751012172353264
5-19B,6.0,159.0775,-0.7225150734844171,0.029780437365402843
5-19B,6.0,160.0616,-0.281540007629031,0.5379820199063954
5-19B,6.0,161.0453,0.83281950636291,0.15602256090221708
5-19B,6.0,162.0424,-0.7076158864505093,0.17389516540670116
5-19B,6.0,163.0351,-0.6487367291801899,0.2433972057893491
5-19B,6.0,163.0398,0.9236572575169905,0.0988778351031978
5-19B,6.0,163.0611,1.1746022611156173,0.48594759605297616
5-19B,6.0,164.0716,-0.5605934128675607,0.06719235961890974
5-19B,6.0,165.03,1.1406241839436746,0.782774974710151
5-19B,6.0,165.0405,1.3182738253704742,0.5356385288014949
5-19B,6.0,165.0556,-0.543210176823629,0.1189726250712517
5-19B,6.0,166.0508,0.2939600003111554,0.2298079598252359
5-19B,6.0,166.0632,0.03364696701506195,0.37093367831578317
5-19B,6.0,166.9759,-0.6443626170167145,0.27920105872748585
5-19B,6.0,167.0207,0.27362540810431796,0.7124716290434616
5-19B,6.0,167.0358,1.3367554368691765,0.9687281350912832
5-19B,6.0,167.0828,0.9742827361890927,0.6298081047831893
5-19B,6.0,168.0277,-0.4786979817955599,0.016349903451485317
5-19B,6.0,168.0664,0.7281827790157998,0.3624581183690528
5-19B,6.0,170.0455,-0.7515914960857241,0.007490848695180218
5-19B,6.0,171.0065,-0.6961049597927146,0.04768581780194413
5-19B,6.0,171.0092,-0.5085404520920609,0.05987828499690014
5-19B,6.0,171.0284,-0.8159804542358662,0.034931971184094045
5-19B,6.0,172.0616,-0.031464437120630406,0.17567847990755608
5-19B,6.0,172.962,-0.5136812492999823,0.06485016553492927
5-19B,6.0,173.0089,-0.7699935144725503,0.06382966151039872
5-19B,6.0,173.0453,-0.8778353541329258,0.06977842288701548
5-19B,6.0,173.0932,-0.7958733820358974,0.01078672821658145
5-19B,6.0,173.1041,-1.0194747851295243,0.04136496122160246
5-19B,6.0,174.0407,-0.25319768658189806,0.025828565608444508
5-19B,6.0,174.088,-0.6795520288800436,0.06487917257441986
5-19B,6.0,175.022,-0.5886674543980517,0.11476276698587831
5-19B,6.0,175.0361,0.6037013628212073,0.07026320066267239
5-19B,6.0,175.0611,-0.7842281572923266,0.043241764041182046
5-19B,6.0,176.0776,-0.7510696850828148,0.21040104654740047
5-19B,6.0,177.0402,0.5395578772804412,0.4489390136313442
5-19B,6.0,177.0553,2.1378377905522328,0.8253678004591838
5-19B,6.0,178.0509,-0.40373184143418583,0.04086942424876943
5-19B,6.0,179.0348,0.7600960572072817,0.2960865350853848
5-19B,6.0,179.0561,0.8982083597962982,0.08226380770383097
5-19B,6.0,180.0663,0.8318802734571398,0.15410419150402369
5-19B,6.0,181.0505,-0.7745213198028457,0.13917197975483137
5-19B,6.0,182.9725,1.7617949006398035,0.33116768761235943
5-19B,6.0,183.0661,0.5221670634200204,0.6610826539318427
5-19B,6.0,184.0017,-0.4109447350388358,0.09006571344063513
5-19B,6.0,184.9856,-0.4992345380241642,0.14781167554562896
5-19B,6.0,186.1136,0.787769686385676,0.7780233083760603
5-19B,6.0,187.0234,-0.6671561310676577,0.35561142542211444
5-19B,6.0,188.035,0.08114214866101518,0.7781497464183389
5-19B,6.0,188.0565,-0.5726361103004005,0.021258097355936336
5-19B,6.0,189.0405,-0.3407528261937597,0.11125306295545881
5-19B,6.0,191.0197,-0.6520539724093255,0.2068882148020448
5-19B,6.0,191.0561,-0.9787219501471953,0.14785421590495748
5-19B,6.0,192.0663,0.10895952756830993,0.3713105965130948
5-19B,6.0,193.0349,0.5045189425503204,0.7691167277572061
5-19B,6.0,194.0682,-0.13655993309508707,0.3589850091462009
5-19B,6.0,194.0822,0.7817838178617531,0.3351794227502154
5-19B,6.0,195.0509,0.9061368828306708,0.1116435855900077
5-19B,6.0,195.0657,0.5415473644140288,0.343348100165399
5-19B,6.0,196.0603,-0.03517999131884275,0.31621125506080466
5-19B,6.0,198.0182,-0.21255297026369663,0.10780504824190316
5-19B,6.0,199.0019,-0.7033884309662165,0.39684418126601156
5-19B,6.0,200.9937,0.7474331384263546,0.45974673017948753
5-19B,6.0,201.0051,-0.4353989130753505,0.766445052378654
5-19B,6.0,203.0348,0.4689079199977133,0.13384225172665776
5-19B,6.0,203.0826,-0.07953952846422832,0.05300160538458251
5-19B,6.0,204.0498,0.235276637669814,0.4125170675097295
5-19B,6.0,205.0351,-0.7600666850320241,0.10051187989882379
5-19B,6.0,206.0822,1.4308116911993671,0.7434547967155491
5-19B,6.0,209.0292,-0.12319183242877016,0.3941570298270542
5-19B,6.0,209.0814,-0.22679057465541178,0.2857611949539792
5-19B,6.0,211.0235,-0.14431609656210248,0.18186076350018582
5-19B,6.0,211.9968,-0.18546086252439814,0.05978093844033902
5-19B,6.0,212.0331,-0.47716581125759794,0.41767909113573604
5-19B,6.0,212.9807,-0.4481455807410625,0.026806471094774867
5-19B,6.0,213.014,-0.7639765191769878,0.09631618510812813
5-19B,6.0,213.0384,-0.32471217528178054,0.18493718378927684
5-19B,6.0,213.1252,0.01048007896588278,0.38332536872753237
5-19B,6.0,214.0488,0.8058876082620087,0.5629498792082068
5-19B,6.0,215.0331,1.4032572938607493,0.112016385217817
5-19B,6.0,216.1351,0.09641895407158226,0.2108823341714146
5-19B,6.0,218.0335,1.3540185299367535,0.11494684374217257
5-19B,6.0,218.1034,-0.637522170351603,0.04311745186522902
5-19B,6.0,220.0828,0.004208664926555825,0.5099763599336251
5-19B,6.0,221.0443,1.9811995395989026,0.10591902976282568
5-19B,6.0,221.0664,2.2177251185397644,0.5664613991818112
5-19B,6.0,225.0399,0.6581015741661748,1.315082430841047
5-19B,6.0,225.0861,1.3287924164495721,0.7934257258711315
5-19B,6.0,225.0901,1.4593351055737172,0.3707830508223785
5-19B,6.0,226.0135,-0.33281399685268337,0.15987101901242445
5-19B,6.0,226.0697,0.6792020820363973,0.26846490829245834
5-19B,6.0,228.0501,-0.815212275156248,0.1471818172105171
5-19B,6.0,229.0122,-0.0023879461972746915,0.1876617272823861
5-19B,6.0,237.0614,-0.6307264012392997,0.09272865842673504
5-19B,6.0,238.0945,-0.49527449926675127,0.26799015062980064
5-19B,6.0,240.0515,0.23204785126326227,0.04246786699680809
5-19B,6.0,241.0844,-0.2567386979736751,0.594051769859429
5-19B,6.0,242.0804,-0.04699083706744023,1.153006328573422
5-19B,6.0,243.029,0.2069954672667159,0.3223066634015443
5-19B,6.0,243.0625,-0.032761954117906375,0.6834772836556336
5-19B,6.0,245.0444,-0.26201695412348774,0.32125809505978764
5-19B,6.0,246.0198,0.19764341492106474,0.26741813997981234
5-19B,6.0,246.064,1.7599094651776148,0.7844618262626168
5-19B,6.0,251.0816,-0.2208537146384596,0.6049551670589376
5-19B,6.0,253.0119,-0.2868251869320254,0.007634750685768298
5-19B,6.0,253.0499,1.5273401697325855,0.5925926370311131
5-19B,6.0,257.0072,-0.4072196054189029,0.3117094940790328
5-19B,6.0,257.1028,0.1745269333435678,0.4472110251414143
5-19B,6.0,259.005,0.2563847550075016,0.26951770408894843
5-19B,6.0,259.0227,0.8637984550469204,0.12676643445376778
5-19B,6.0,261.0385,0.412889391715235,0.1153353669377054
5-19B,6.0,266.0703,-0.4490956244994728,0.13794509533844315
5-19B,6.0,267.0724,-0.6086964561516279,0.06275398381462746
5-19B,6.0,268.02,-0.41435271173093696,0.4109313277571614
5-19B,6.0,269.0398,-0.7007572423865505,0.1350940450660051
5-19B,6.0,271.0612,0.40858495938017303,0.5974960318548829
5-19B,6.0,271.0815,-0.08187622798306932,0.32221007391970397
5-19B,6.0,273.0021,-0.4861343446077968,0.27122274469472385
5-19B,6.0,274.0933,0.15419092084015718,0.3028023969211493
5-19B,6.0,275.0184,-0.4153660811661569,0.5273810219596488
5-19B,6.0,275.0991,-0.07102856405612631,0.1701859107185935
5-19B,6.0,277.1207,0.4403406517747255,0.07368077003604122
5-19B,6.0,277.2169,0.28723092639788905,0.1477927563595119
5-19B,6.0,279.2331,-0.2727265345455201,0.03261146651597155
5-19B,6.0,282.0839,-0.13473193126948216,0.4912563620288093
5-19B,6.0,283.2063,-0.41078972950906834,0.20676969790318625
5-19B,6.0,285.0972,-0.527875191154615,0.26680213236381606
5-19B,6.0,287.0157,1.3993870086148315,0.3622781326117072
5-19B,6.0,288.0725,-0.31827474103458464,0.1978591760175782
5-19B,6.0,289.0333,1.2059702383361404,0.9565053853595131
5-19B,6.0,289.1044,-1.0053915357982008,0.36609992365927196
5-19B,6.0,290.9677,-0.27987594345249045,0.16147535326659415
5-19B,6.0,294.0479,1.4260980570436905,1.2066703661987235
5-19B,6.0,300.0509,0.9003341399877567,0.5958037419323678
5-19B,6.0,301.0333,1.4596634267955153,0.4218076223809589
5-19B,6.0,303.2326,-0.3256569425286574,0.25684327910500276
5-19B,6.0,305.0207,1.4937500521585998,0.271258748846492
5-19B,6.0,306.0481,0.028335112060725226,0.12064527448673425
5-19B,6.0,306.0765,-0.07466315339276103,0.06759950782304847
5-19B,6.0,308.0986,-0.3456939698645809,0.014896022338129908
5-19B,6.0,313.0441,0.0978064756744234,0.4678761812940431
5-19B,6.0,313.1037,-0.35753422019041836,0.6431334897428747
5-19B,6.0,317.026,-0.1407923954937222,0.7870573671768437
5-19B,6.0,323.0256,1.174457077900526,0.7864036204717175
5-19B,6.0,325.1163,-0.7537048218957729,0.6399618203487069
5-19B,6.0,328.0457,-0.09147898197623022,0.11214513133105153
5-19B,6.0,333.0589,-0.7054531634816208,0.3753729127256723
5-19B,6.0,338.9884,-0.44759919313866775,0.15216393318646565
5-19B,6.0,339.0928,0.6580877155176332,0.7697192376929243
5-19B,6.0,341.1089,0.981695124319367,0.13637516355468926
5-19B,6.0,344.0393,0.2715761458057943,0.47484092145324797
5-19B,6.0,346.0556,1.7315275263656225,0.2975267435964207
5-19B,6.0,348.087,-0.27577901203870914,0.3530771191855412
5-19B,6.0,353.0489,0.6496951397045811,0.3428450330392043
5-19B,6.0,357.089,-0.458653473031283,0.2551387000678486
5-19B,6.0,375.131,-1.266704844718003,0.33942962152857675
5-19B,6.0,377.1496,-0.26790270380610787,0.5444908805146008
5-19B,6.0,383.1188,1.7979407173023527,0.7644581836099996
5-19B,6.0,388.9416,-0.20871751479862727,0.15920518011871398
5-19B,6.0,388.9442,-0.3818597003131181,0.15848110870667698
5-19B,6.0,401.0756,1.6565844547242652,0.09718983265708991
5-19B,6.0,407.2795,-0.06159337658558782,0.15716762748752033
5-19B,6.0,421.0743,-0.42854167552700756,0.37761854216233226
5-19B,6.0,426.0222,-0.012109312711003432,0.07880422457692907
5-19B,6.0,442.9997,0.3982299224103286,0.12058959817658017
5-19B,6.0,466.9657,1.3114611544903017,0.24235757431070745
5-19B,6.0,490.9787,1.07904809620045,1.207100740499521
5-19B,6.0,503.1614,1.7057626785937714,0.1377229236935638
5-19B,6.0,547.0731,-0.8684552223003787,0.056961320990778705
5-19B,6.0,565.0471,0.10921243259880284,0.29851784708646045
5-19B,6.0,578.8872,1.2971606310946555,0.1281423044109787
5-19B,6.0,579.0269,2.1350398093720386,0.12789790616913055
5-19B,6.0,612.2549,-1.0595617917397089,0.7080795737861807
5-19B,6.0,624.2949,-0.4409626650937585,0.46741611616386336
5-19B,6.0,659.307,-0.30422711909780575,0.2095443672791304
5-19B,6.0,664.0939,-0.6323964043487454,0.2524245656635624
5-19B,6.0,665.2144,0.7088901653450752,0.4004630122066412
5-19B,6.0,668.1374,-0.5820326007493506,0.003321644759487913
5-19B,6.0,787.255,-0.508553679846288,0.23722280812362712
5-19B,6.0,790.2568,-0.12102770851706568,0.27642895150102686
5-19B,6.0,835.0407,-1.023364676321033,0.23031764175357197
5-19B,6.0,863.2971,-0.6713211371993988,0.03331775812604217
5-19B,6.0,864.1473,-1.088722514543665,0.28537022054919364
5-19B,6.0,974.2935,-0.6421039597168974,0.17912686984516438
5-19B,6.0,976.7162,0.5516471566170835,0.1169982162046102
5-19B,7.0,57.0342,-0.15163586027354173,0.4168448800714935
5-19B,7.0,58.0295,-0.4014430319725608,0.18617227244321935
5-19B,7.0,59.0135,-0.2519159824829989,0.22655067859014622
5-19B,7.0,71.0137,0.2646352462047762,0.19314218866650362
5-19B,7.0,73.0293,-0.8731173551406038,0.010321058890150015
5-19B,7.0,74.0247,-0.7737018354827445,0.1992590381060891
5-19B,7.0,75.0087,-0.7709474706585434,0.2234631418346219
5-19B,7.0,87.0088,-0.668877332205674,0.019226745853942045
5-19B,7.0,87.0451,-0.6722428961222515,0.8795449107983614
5-19B,7.0,88.0403,-0.5629867804442585,0.051766772506141666
5-19B,7.0,88.9883,-0.033768867832972234,0.281681148874
5-19B,7.0,89.0244,-0.855408699743845,0.11040666555965936
5-19B,7.0,93.0338,-0.06135372328943674,0.0197535001623409
5-19B,7.0,94.9761,-0.8207547709330973,0.33852111844126703
5-19B,7.0,94.9806,0.7057107891853307,0.2846088977547811
5-19B,7.0,95.0139,0.2016245029042517,0.22394104046703853
5-19B,7.0,101.0242,-0.37945317833063974,0.2806086648366402
5-19B,7.0,102.056,-0.5427251628432217,0.04687840149500526
5-19B,7.0,103.0402,-0.8401397058539778,0.028535413425603093
5-19B,7.0,103.0509,-0.8281316439322048,0.018204368693809383
5-19B,7.0,104.0352,0.0535351893312348,0.21077116095955342
5-19B,7.0,105.0193,-0.057911985499162766,0.568076474687695
5-19B,7.0,107.0503,-0.10051947199732734,0.45420751313350155
5-19B,7.0,109.0295,-0.539564082039837,0.06774529537768614
5-19B,7.0,111.02,1.6245749272065002,0.2857402976465254
5-19B,7.0,112.0516,0.820026311210373,0.7607498532048651
5-19B,7.0,113.0244,0.3815965601007654,0.1279823103537947
5-19B,7.0,113.0357,1.2015780153699978,0.27445845804088237
5-19B,7.0,114.056,-0.24021970261702408,0.0026343174269210885
5-19B,7.0,115.0037,-0.540712254354051,0.04857921489070095
5-19B,7.0,115.0402,-1.1329017886356343,0.33987488651780984
5-19B,7.0,115.0764,0.16137409841475467,0.3946854332785309
5-19B,7.0,116.0354,-0.44859721904032446,0.28291423319374803
5-19B,7.0,116.0717,-0.7083088338400827,0.03140621591168237
5-19B,7.0,117.0194,-0.8396622788270794,0.01159763263589748
5-19B,7.0,118.0508,-1.090602888371782,0.03046984117225214
5-19B,7.0,118.9804,0.32557357566264267,0.11963227686888253
5-19B,7.0,119.0503,-0.0908790797197668,0.39248188492898906
5-19B,7.0,120.9273,-0.6721768800072213,0.03581932767734319
5-19B,7.0,121.0295,-0.800695879515374,0.23326438062165494
5-19B,7.0,121.0409,-0.4583500106825948,0.7390496938960297
5-19B,7.0,122.0248,-0.2925455765539975,0.21552274418271863
5-19B,7.0,124.0075,0.09914493772525172,0.3453590171373243
5-19B,7.0,124.0144,0.2788827515225155,0.29382462019140027
5-19B,7.0,125.0439,-0.28459456163988006,0.2070781368475736
5-19B,7.0,127.0764,-0.23091593925975182,0.3528978789890172
5-19B,7.0,128.0354,-0.2768970583586827,0.02946276971595437
5-19B,7.0,129.0193,-0.9393798234079924,0.061031158800368336
5-19B,7.0,129.0556,0.17182733454836405,0.47910987932987237
5-19B,7.0,130.0142,-0.7077881304407803,0.24798097444068656
5-19B,7.0,130.0509,-0.247442600444769,0.06683106897307708
5-19B,7.0,130.0874,-0.6793239727808091,0.14758969924845466
5-19B,7.0,131.0008,-0.9713294033472407,0.6904558468085912
5-19B,7.0,131.0123,-0.6835319726281972,0.04977314127451137
5-19B,7.0,131.035,-0.32948829670480956,0.18470085319907795
5-19B,7.0,131.0462,0.046087989668136126,0.28634495957858813
5-19B,7.0,131.0828,0.0772096270282643,0.16647454557422867
5-19B,7.0,132.0302,0.45883301144301725,0.1364892677223215
5-19B,7.0,133.0142,-0.35911407417677865,0.0697844942184448
5-19B,7.0,133.0257,-0.4082400141576557,0.04593349357094762
5-19B,7.0,133.0505,-0.7283438073495512,0.04061658843518212
5-19B,7.0,134.0472,0.7892901923068548,0.23539575432154994
5-19B,7.0,134.0604,-0.2879525504052003,0.14315119952968589
5-19B,7.0,135.0302,-0.04319297536696602,0.42538145411256173
5-19B,7.0,135.0453,0.3847886093579148,0.2537755488864621
5-19B,7.0,136.0404,-0.40741639587545775,0.0805614134334211
5-19B,7.0,136.0487,0.0830930860964755,0.15934587975193718
5-19B,7.0,136.0767,-0.6763864676475113,0.6116611383771783
5-19B,7.0,137.0239,-0.16072213833247948,0.19332258883355558
5-19B,7.0,138.9789,-0.8407960014907354,0.29205876428336747
5-19B,7.0,139.0014,-0.23718176139439293,0.045320415003784115
5-19B,7.0,139.0067,-0.7396915700659707,0.02744458781709315
5-19B,7.0,139.976,-0.7389368940213634,0.24845929137766237
5-19B,7.0,143.0713,-0.11139401644607083,0.2037680247212867
5-19B,7.0,143.1077,-0.28544122106208336,0.48235063548810614
5-19B,7.0,145.0141,-0.23881012470919577,0.06261634713818683
5-19B,7.0,145.0506,-0.5354463558302169,0.1983453860790245
5-19B,7.0,145.0623,0.6746756685676185,0.7849037652838221
5-19B,7.0,145.0982,0.3098485053709037,0.4076554540827043
5-19B,7.0,145.1106,-0.5152542008975592,0.8765916358341653
5-19B,7.0,146.0459,-0.4090184773431631,0.006166577831197276
5-19B,7.0,147.0298,-0.7625643355440155,0.041773311699582594
5-19B,7.0,147.0662,-0.4974132146777315,0.07185467164710825
5-19B,7.0,149.0092,0.2390919051351117,0.2656744424249223
5-19B,7.0,149.0456,0.17715790994405956,0.22465058170052202
5-19B,7.0,149.0608,-0.43112054793357835,0.523977244437663
5-19B,7.0,150.0422,0.3619465822548103,0.9272488111653332
5-19B,7.0,150.9707,-0.6395958674306853,0.4496390001487068
5-19B,7.0,151.0259,-0.5904076196649354,0.029282723851923733
5-19B,7.0,151.04,-0.6805078639410604,0.502269171105761
5-19B,7.0,151.06,-0.3921442338484516,0.7210433104292951
5-19B,7.0,152.0353,-0.521209361946887,0.4752269409886231
5-19B,7.0,152.0716,-0.6080277444198737,0.4587543390197634
5-19B,7.0,153.0192,-0.025325776739146037,0.0824279794297537
5-19B,7.0,154.062,0.12429179469912359,0.10913462970416742
5-19B,7.0,154.9751,-0.8346028808330963,0.01628371926340783
5-19B,7.0,155.0099,1.762236654898892,0.2848972744501379
5-19B,7.0,157.0128,-0.023790187959499685,0.09568120464664621
5-19B,7.0,157.0255,1.0129052778273486,0.220236198257456
5-19B,7.0,157.0379,0.9565408706556467,0.27601595555169456
5-19B,7.0,157.0504,-0.7262752860648896,0.03860820124153953
5-19B,7.0,159.0297,-0.5467838871994707,0.14685752633218832
5-19B,7.0,159.0775,-0.6494501952943725,0.08749579632740875
5-19B,7.0,160.0616,-0.47811704214877937,0.5886983885250233
5-19B,7.0,161.0453,-0.8942387229450717,0.16765726037997217
5-19B,7.0,162.0424,-0.8011503825990367,0.08054040000842595
5-19B,7.0,163.0351,-1.0243684469495236,0.16359689571784838
5-19B,7.0,163.0398,0.6860322873593844,0.18280994997300057
5-19B,7.0,163.0611,-0.3840238007490366,0.46083031150274345
5-19B,7.0,164.0716,-0.25181865713102314,0.13560897906586497
5-19B,7.0,165.03,0.07667559585856308,0.5837162018397632
5-19B,7.0,165.0405,1.6115367489954298,0.5687410505810913
5-19B,7.0,165.0556,-0.7480298024914022,0.0742829545222898
5-19B,7.0,166.0508,-0.3758002816858042,0.29639892906285115
5-19B,7.0,166.0632,-1.2617787964927425,0.33892324507968535
5-19B,7.0,166.9759,-0.40529805702923843,0.1861711398615064
5-19B,7.0,167.0207,0.0839513165528765,0.1153770049496719
5-19B,7.0,167.0358,-0.6579180646145684,0.4033231119344178
5-19B,7.0,167.0828,-0.12119786846328509,0.4417232297035309
5-19B,7.0,168.0277,-0.46145962913019845,0.014554834586751638
5-19B,7.0,168.0664,-0.34186517000057315,0.5619700070720414
5-19B,7.0,170.0455,-0.7357581877407353,0.017941582716011567
5-19B,7.0,171.0065,-0.7754747742914522,0.2085174055622248
5-19B,7.0,171.0092,-0.82102620775327,0.27215785145319726
5-19B,7.0,171.0284,-0.9011542429420321,0.024619037861292544
5-19B,7.0,172.0616,-0.08855502316040473,0.2979006872888575
5-19B,7.0,172.962,-0.6429367457432991,0.037777618035005144
5-19B,7.0,173.0089,-1.0343878852589439,0.0928548373021626
5-19B,7.0,173.0453,-1.0219703393813804,0.1416631349051157
5-19B,7.0,173.0932,-0.6100594534531912,0.04065247042075658
5-19B,7.0,173.1041,0.06546740781166102,0.2522929551436829
5-19B,7.0,174.0407,-0.140405736792003,0.09291366248894117
5-19B,7.0,174.088,0.07300428569280976,0.2836868352416268
5-19B,7.0,175.022,-0.6656698732847697,0.1306182543103363
5-19B,7.0,175.0361,0.425366568112526,0.1863099482429947
5-19B,7.0,175.0611,-0.8338433762652082,0.06598008464519249
5-19B,7.0,176.0776,-0.7402177683951099,0.16871121158144373
5-19B,7.0,177.0402,-0.18840490045568448,0.384483736512876
5-19B,7.0,177.0553,0.30152244213448026,0.6811602590431838
5-19B,7.0,178.0509,-0.4999956327349716,0.06186893058741124
5-19B,7.0,179.0348,-0.3341032949088507,0.41874759138499495
5-19B,7.0,179.0561,0.24811534752120057,0.18467837447673985
5-19B,7.0,180.0663,0.22656045879040532,0.2709732505898869
5-19B,7.0,181.0505,-1.406809458897642,0.06553735262903769
5-19B,7.0,182.9725,0.00736801540126897,0.1920842313637473
5-19B,7.0,183.0661,-0.5429739984559404,0.6707052135056242
5-19B,7.0,184.0017,-0.4049169283464856,0.08457601478462767
5-19B,7.0,184.9856,-0.78816877476494,0.08712828000139433
5-19B,7.0,186.1136,0.38788890941950593,0.824178666916747
5-19B,7.0,187.0234,-1.3447438545202495,0.3213363767887336
5-19B,7.0,188.035,0.05629164103509344,1.0840854171423373
5-19B,7.0,188.0565,-0.5703566228193877,0.04426978695740336
5-19B,7.0,189.0405,-0.68124814099305,0.08206317550122898
5-19B,7.0,191.0197,-0.8009212076790571,0.22187297625640268
5-19B,7.0,191.0561,-0.8281019006010177,0.07054331086811587
5-19B,7.0,192.0663,0.37208411693327226,0.6928608159413977
5-19B,7.0,193.0349,1.2985623155932613,0.14265222283598114
5-19B,7.0,194.0682,-0.09792121704752073,0.17967852331534662
5-19B,7.0,194.0822,-0.1293496200978104,0.5919321102307239
5-19B,7.0,195.0509,1.9763710025887087,0.45102092964955054
5-19B,7.0,195.0657,1.1069824786497757,0.643254207246562
5-19B,7.0,196.0603,-0.4863601688001058,0.08101541697056305
5-19B,7.0,198.0182,-0.4745201939941831,0.1829788189111776
5-19B,7.0,199.0019,-0.6208815704765358,0.3090478396668338
5-19B,7.0,200.9937,-0.5914887755365293,0.3975119219352858
5-19B,7.0,201.0051,0.00858461274464568,0.34332431553676146
5-19B,7.0,203.0348,-0.9114478689685213,0.15672852952262192
5-19B,7.0,203.0826,-0.10076541610653202,0.062848108800411
5-19B,7.0,204.0498,0.3326704209513208,0.8118317119871534
5-19B,7.0,205.0351,-0.902840353400562,0.16652682153341913
5-19B,7.0,206.0822,-0.05265403013727142,0.5826078992797337
5-19B,7.0,209.0292,-0.7684174776312083,0.39908081567879744
5-19B,7.0,209.0814,0.13543794633146156,0.05274782186759968
5-19B,7.0,211.0235,-0.7152506574038979,0.2697693103892953
5-19B,7.0,211.9968,0.08325029977934811,0.2201841356576017
5-19B,7.0,212.0331,-0.6944736460285277,0.24715170634631242
5-19B,7.0,212.9807,-0.5714350299644678,0.060760336723374705
5-19B,7.0,213.014,-0.7156354093607267,0.16454682670937226
5-19B,7.0,213.0384,-0.6953789222739413,0.15835729088698
5-19B,7.0,213.1252,-0.24082722983433577,0.4609319530725573
5-19B,7.0,214.0488,-0.17285992683028725,0.5374675752306588
5-19B,7.0,215.0331,0.2510262616241844,0.22760078675595172
5-19B,7.0,216.1351,-0.18170197036607136,0.17543206635509287
5-19B,7.0,218.0335,0.18663795542689846,0.16606371745234527
5-19B,7.0,218.1034,-0.7538772495499657,0.03343518877222785
5-19B,7.0,220.0828,-0.047205447326766924,0.34753376162369926
5-19B,7.0,221.0443,0.18779488030533031,0.1169580599075839
5-19B,7.0,221.0664,-0.022603360751112328,0.5862773574268643
5-19B,7.0,225.0399,0.1407008578410008,0.6887208135182903
5-19B,7.0,225.0861,-0.6264255660933595,0.5145677001579078
5-19B,7.0,225.0901,-0.6646942459577694,1.15847962853397
5-19B,7.0,226.0135,-1.0179635004575909,0.058709198292628634
5-19B,7.0,226.0697,-0.17344136160519166,0.35767796150428144
5-19B,7.0,228.0501,-0.12402563575964079,0.6201455343488563
5-19B,7.0,229.0122,-0.24517213123584192,0.4911550510314566
5-19B,7.0,237.0614,-0.38590606649936576,0.10979918597038596
5-19B,7.0,238.0945,0.35588667087541936,0.21347454896654572
5-19B,7.0,240.0515,-0.23042262482761813,0.10867821452800504
5-19B,7.0,241.0844,-0.7830880001835073,0.6908471807515217
5-19B,7.0,242.0804,0.4048404152198726,0.5244659445583301
5-19B,7.0,243.029,-0.9740052977885874,0.29487204935012223
5-19B,7.0,243.0625,-0.5866973906185741,0.1356131810202657
5-19B,7.0,245.0444,-1.0637964430210234,0.22115590629103404
5-19B,7.0,246.0198,-1.1580604286726304,0.29912403888353406
5-19B,7.0,246.064,0.4350471705135999,0.3022444909512666
5-19B,7.0,251.0816,-0.2991409880173109,0.5260635845199182
5-19B,7.0,253.0119,-0.2578865571594501,0.016757830081607302
5-19B,7.0,253.0499,0.5169518989935532,0.547171621505751
5-19B,7.0,257.0072,-0.6598538325645579,0.45080055615523235
5-19B,7.0,257.1028,0.17001842932040948,0.7808427379941961
5-19B,7.0,259.005,-0.6449703993242499,0.43000960956885803
5-19B,7.0,259.0227,0.13656569672756608,0.30289142374448347
5-19B,7.0,261.0385,-0.016201434091664073,0.10147268782203389
5-19B,7.0,266.0703,-0.5407747326272333,0.14613721953275371
5-19B,7.0,267.0724,-0.48935829456852853,0.024419066082195764
5-19B,7.0,268.02,-0.5965367277161409,0.9596655315962833
5-19B,7.0,269.0398,-0.5725436227377809,0.08807709515834981
5-19B,7.0,271.0612,-0.39257950432418437,0.2822348462159045
5-19B,7.0,271.0815,0.21497811736409095,0.4799119263574669
5-19B,7.0,273.0021,-0.7895200699055451,0.04884451179845526
5-19B,7.0,274.0933,-0.025382256908138234,0.23799909185170923
5-19B,7.0,275.0184,-0.535285059602882,0.3368191543759649
5-19B,7.0,275.0991,-0.17380765307895796,0.17040099081412693
5-19B,7.0,277.1207,0.6581903825183861,0.20446893533342886
5-19B,7.0,277.2169,0.2691624353959081,0.5629229022355224
5-19B,7.0,279.2331,0.2827827799188079,0.060485808530175884
5-19B,7.0,282.0839,0.056424369691598426,0.29281759154323544
5-19B,7.0,283.2063,0.2215169984946428,0.3989527592189433
5-19B,7.0,285.0972,-0.13147259859405064,0.46019382411715987
5-19B,7.0,287.0157,-0.4510179471176921,0.29849463626674766
5-19B,7.0,288.0725,-0.4019894919741605,0.18223462481210848
5-19B,7.0,289.0333,0.5442093239513583,0.16781376618824406
5-19B,7.0,289.1044,-0.362771664495113,0.22433390828423294
5-19B,7.0,290.9677,-0.335197567135199,0.10718082974674675
5-19B,7.0,294.0479,0.41421069652628134,0.3815096055529039
5-19B,7.0,300.0509,1.116563857562396,1.052467696340079
5-19B,7.0,301.0333,-0.15956277397728494,0.8081803483213951
5-19B,7.0,303.2326,-0.016145009394055998,0.7737285068119193
5-19B,7.0,305.0207,-0.013777357255311116,0.21348003991227185
5-19B,7.0,306.0481,-0.3106024669062678,0.2876319941348713
5-19B,7.0,306.0765,-0.06763349761167707,0.07026580381152099
5-19B,7.0,308.0986,-0.08137512484817555,0.10566682297170045
5-19B,7.0,313.0441,0.166716458798233,0.15993475005121485
5-19B,7.0,313.1037,-0.3877108813047664,0.5963856922374478
5-19B,7.0,317.026,-0.024433610697211297,0.6416462645050218
5-19B,7.0,323.0256,0.8298807894043263,0.1644486266109305
5-19B,7.0,325.1163,0.20182364069620312,0.4369412721293002
5-19B,7.0,328.0457,0.2529642935891793,0.12005813168536192
5-19B,7.0,333.0589,-0.21191256265141917,0.11309280481227257
5-19B,7.0,338.9884,-0.5166748888523319,0.298277704784324
5-19B,7.0,339.0928,1.847298400453984,0.873658072358752
5-19B,7.0,341.1089,0.5914859509981939,0.05368574270345135
5-19B,7.0,344.0393,0.13149066072204557,0.32705519681946704
5-19B,7.0,346.0556,2.397814875361246,0.38633449277620197
5-19B,7.0,348.087,-0.30648977746530837,0.12943198008775977
5-19B,7.0,353.0489,2.628941370914128,1.1995185447582792
5-19B,7.0,357.089,-0.35389477301166883,0.08445581837102933
5-19B,7.0,375.131,-0.5632762615060654,0.3910535620792247
5-19B,7.0,377.1496,0.6251271188783005,0.29411320178699724
5-19B,7.0,383.1188,0.11496086101014955,0.45585665140374465
5-19B,7.0,388.9416,-0.7662055000543371,0.122153712527508
5-19B,7.0,388.9442,-0.9371087779975198,0.06491688097377915
5-19B,7.0,401.0756,0.1633592851615697,0.16283425106587976
5-19B,7.0,407.2795,0.8008311837499045,0.594952359194187
5-19B,7.0,421.0743,-0.26513789013126576,0.3633354209462623
5-19B,7.0,426.0222,1.105390927856193,0.8051674785683971
5-19B,7.0,442.9997,-0.09287841879064788,0.2890676841301958
5-19B,7.0,466.9657,-0.3623413624196155,0.3157638408885685
5-19B,7.0,490.9787,-0.20476290356414145,0.6628281485188816
5-19B,7.0,503.1614,0.18211623929106907,0.3934506496112901
5-19B,7.0,547.0731,-0.9252559598870433,0.028047190911418603
5-19B,7.0,565.0471,0.1383525400720798,0.3797104347797421
5-19B,7.0,578.8872,0.5079114434881891,0.21838986985931907
5-19B,7.0,579.0269,0.141918647596305,0.14320889524128225
5-19B,7.0,612.2549,0.4687412642156167,0.4356024881923724
5-19B,7.0,624.2949,-0.17223065972685808,0.5681581063753292
5-19B,7.0,659.307,-0.338657237229142,0.12998742501271784
5-19B,7.0,664.0939,-0.3652031862658557,0.09474702653509531
5-19B,7.0,665.2144,-0.12842178773988863,0.10269109388382903
5-19B,7.0,668.1374,-0.5793803976254809,0.004674045206490965
5-19B,7.0,787.255,-0.29220293866303887,0.35013997233213984
5-19B,7.0,790.2568,-0.28701002343014115,0.3105919690424558
5-19B,7.0,835.0407,-0.7078086328274338,0.11164238270052593
5-19B,7.0,863.2971,-0.715987160767212,0.1301142197160728
5-19B,7.0,864.1473,-0.9323076733615865,0.2702200163173122
5-19B,7.0,974.2935,-0.9185903427952005,0.7557893967305419
5-19B,7.0,976.7162,0.44247586372109415,0.32062640943520004
5-19B,8.0,57.0342,0.41415251076955806,0.4093549428960196
5-19B,8.0,58.0295,0.5074565051046104,0.2571622422302196
5-19B,8.0,59.0135,1.0185442053811786,0.10617102074697286
5-19B,8.0,71.0137,0.9827806462774555,0.10676276806361062
5-19B,8.0,73.0293,-0.7113158858118214,0.024372185443596945
5-19B,8.0,74.0247,-0.8228327111958246,0.27744468189670807
5-19B,8.0,75.0087,-0.2974546919855043,0.46677065954534686
5-19B,8.0,87.0088,-0.5824418078369891,0.026072906144234884
5-19B,8.0,87.0451,0.5365928426100612,0.3393760775846
5-19B,8.0,88.0403,-0.25538491723550505,0.07140131998451547
5-19B,8.0,88.9883,-0.3695156426676289,0.4999145387346599
5-19B,8.0,89.0244,-0.14487308222836143,0.0639013713254641
5-19B,8.0,93.0338,-0.033809017724580455,0.015896365838190152
5-19B,8.0,94.9761,-0.8985655583371962,0.20801398570568008
5-19B,8.0,94.9806,1.75996403705409,0.12766387578143054
5-19B,8.0,95.0139,0.92284524366848,0.27744952529722944
5-19B,8.0,101.0242,0.5056634986969062,0.0778792541390223
5-19B,8.0,102.056,-0.41526971414975944,0.027705510582206164
5-19B,8.0,103.0402,-0.6876615114731797,0.04490067424784412
5-19B,8.0,103.0509,-0.8487762320425865,0.08124716821746064
5-19B,8.0,104.0352,-0.6084261959047905,0.12483300427834527
5-19B,8.0,105.0193,-0.40700170631829824,0.2412919949671555
5-19B,8.0,107.0503,1.4727731306924325,0.24681833128740954
5-19B,8.0,109.0295,0.04783981633861926,0.09135910197202436
5-19B,8.0,111.02,2.2738265442531604,0.07307042795007566
5-19B,8.0,112.0516,1.278636673124503,0.5009099313540624
5-19B,8.0,113.0244,0.8548476286877995,0.06251719034151944
5-19B,8.0,113.0357,2.3447619686633585,0.14780495436411956
5-19B,8.0,114.056,-0.23801435714632752,0.0006827412161051426
5-19B,8.0,115.0037,-0.3117749948316294,0.04976005766131274
5-19B,8.0,115.0402,0.4304858548065603,0.17489720363931965
5-19B,8.0,115.0764,1.2123099948727418,0.4597487213233075
5-19B,8.0,116.0354,0.13491542039070936,0.1283106882704144
5-19B,8.0,116.0717,-0.7038502791641716,0.04028129349703041
5-19B,8.0,117.0194,-0.7146656077120059,0.027828802233452278
5-19B,8.0,118.0508,-1.142567297791535,0.06725112587041115
5-19B,8.0,118.9804,0.7264640914791974,0.045432064840749166
5-19B,8.0,119.0503,1.2034116590034214,0.42759194988333665
5-19B,8.0,120.9273,-0.6438637845307036,0.05248124842030478
5-19B,8.0,121.0295,0.4034332934525149,0.41230715286435066
5-19B,8.0,121.0409,0.6264106618194911,0.08344755235855897
5-19B,8.0,122.0248,0.7867400684265555,0.33494417885048383
5-19B,8.0,124.0075,-0.6011152470678411,0.19981697552140124
5-19B,8.0,124.0144,0.8499616197137536,0.27172596471212523
5-19B,8.0,125.0439,0.32257895412230286,0.18992607948659218
5-19B,8.0,127.0764,0.1653890363181777,0.5325520352521425
5-19B,8.0,128.0354,-0.3599006481044749,0.00845975449857709
5-19B,8.0,129.0193,-0.6525456864578307,0.03364377456082664
5-19B,8.0,129.0556,-0.03300161608222067,0.3489958827671166
5-19B,8.0,130.0142,-0.7988986919861751,0.12649342385838622
5-19B,8.0,130.0509,0.2703576141590367,0.03692001144449368
5-19B,8.0,130.0874,-0.9554179352022066,0.018067522241493814
5-19B,8.0,131.0008,-0.6003731531169711,0.16106816730305734
5-19B,8.0,131.0123,-0.5224559072741626,0.056419283156924446
5-19B,8.0,131.035,0.25720504301878866,0.05184157161086356
5-19B,8.0,131.0462,0.06988978278283636,0.04010987734529021
5-19B,8.0,131.0828,-0.6692396028309924,0.08991010911058724
5-19B,8.0,132.0302,1.0712298381109928,0.03302453523781595
5-19B,8.0,133.0142,-0.3782492184110174,0.05614025508960098
5-19B,8.0,133.0257,-0.40012101783957277,0.03400182567766356
5-19B,8.0,133.0505,-0.3561206435287879,0.05732083559552015
5-19B,8.0,134.0472,1.0235071051887652,0.2986098438150262
5-19B,8.0,134.0604,0.13948835458936126,0.20194023513178608
5-19B,8.0,135.0302,-0.61112710468082,0.04380568189226512
5-19B,8.0,135.0453,1.2148300619725503,0.1887986983299718
5-19B,8.0,136.0404,-0.25993606706616484,0.055165738884566946
5-19B,8.0,136.0487,0.5744638417101675,0.4388994754006912
5-19B,8.0,136.0767,0.7579947441052381,0.20054702664032015
5-19B,8.0,137.0239,-0.13598534296769282,0.08511713478542472
5-19B,8.0,138.9789,1.3047233699655685,0.10967983089709772
5-19B,8.0,139.0014,-0.16483172662473336,0.036990750247508496
5-19B,8.0,139.0067,-0.6229442311226601,0.004281162297460863
5-19B,8.0,139.976,0.982364749789115,0.6389595410671884
5-19B,8.0,143.0713,0.2961007991894088,0.3482043871111612
5-19B,8.0,143.1077,1.7229668758767518,0.18538394498380872
5-19B,8.0,145.0141,-0.21099705082860715,0.12460545837381447
5-19B,8.0,145.0506,-0.43375195662179755,0.09001772485377549
5-19B,8.0,145.0623,-0.9869641912655962,0.39141199172681235
5-19B,8.0,145.0982,-0.7476898790593416,0.060838725364924566
5-19B,8.0,145.1106,0.10778920478188145,0.9043708012275208
5-19B,8.0,146.0459,-0.42019402010106,0.007135691482752936
5-19B,8.0,147.0298,-0.6598986684686047,0.07004526703539601
5-19B,8.0,147.0662,0.08561310349508094,0.04914945818183002
5-19B,8.0,149.0092,1.0343727745311928,0.22626250332567624
5-19B,8.0,149.0456,1.01639558756496,0.2837252594689367
5-19B,8.0,149.0608,1.1620477441132926,0.35587113420855415
5-19B,8.0,150.0422,-0.8367336585313752,0.691179370657497
5-19B,8.0,150.9707,-0.12578742527129425,0.4764327075571073
5-19B,8.0,151.0259,-0.5831306236255561,0.10365000031992203
5-19B,8.0,151.04,-0.17764059064015053,0.3598801771369313
5-19B,8.0,151.06,-0.1838561852376125,0.3638915705660422
5-19B,8.0,152.0353,0.81681423089352,0.3759489899238885
5-19B,8.0,152.0716,-0.05792631530789216,0.6007646049050321
5-19B,8.0,153.0192,0.577495146093157,0.06281033560485672
5-19B,8.0,154.062,-0.545756098203022,0.12058378889364914
5-19B,8.0,154.9751,-0.7275273546151073,0.0183096328767109
5-19B,8.0,155.0099,2.3035537800636066,0.0725278511004545
5-19B,8.0,157.0128,0.07864952679294596,0.09731511826496897
5-19B,8.0,157.0255,2.012607249716902,0.11264579089206135
5-19B,8.0,157.0379,2.0005683300578148,0.09593337624504367
5-19B,8.0,157.0504,-0.5400205177318081,0.04036783909972519
5-19B,8.0,159.0297,-0.3465197779370792,0.15404788405558467
5-19B,8.0,159.0775,-0.24566368059104726,0.11132718373813541
5-19B,8.0,160.0616,0.18151854385304933,0.3702731559088791
5-19B,8.0,161.0453,-0.03414893797174992,0.16840725159356607
5-19B,8.0,162.0424,-0.7426047164912548,0.16399979080068447
5-19B,8.0,163.0351,-0.643362335670971,0.11003308678052591
5-19B,8.0,163.0398,0.9939722392626041,0.2622440582009437
5-19B,8.0,163.0611,0.15970707350970034,0.6068181866335324
5-19B,8.0,164.0716,-0.5639674882072223,0.057195923948101975
5-19B,8.0,165.03,0.35810146617294997,0.20192589081717005
5-19B,8.0,165.0405,0.7844113904616641,0.5023737218843314
5-19B,8.0,165.0556,-0.6537521282270975,0.0998594302432368
5-19B,8.0,166.0508,-0.20807300694900127,0.06657378532471642
5-19B,8.0,166.0632,-0.24614446275181529,0.37649429370179843
5-19B,8.0,166.9759,-0.3469437156149726,0.43318782367568603
5-19B,8.0,167.0207,-0.38690629668447374,0.35746353773332223
5-19B,8.0,167.0358,0.4349533001833483,0.47047243109677195
5-19B,8.0,167.0828,0.7063545409683928,0.49497543613128636
5-19B,8.0,168.0277,-0.4939327539976227,0.022113871776964878
5-19B,8.0,168.0664,-0.013555003825095108,0.47582037403377203
5-19B,8.0,170.0455,-0.6776347696960414,0.012887920163727536
5-19B,8.0,171.0065,-0.4201695761891605,0.1057982119916953
5-19B,8.0,171.0092,-0.46365435061168325,0.1840538133406938
5-19B,8.0,171.0284,-0.7482701953588093,0.04354270620551749
5-19B,8.0,172.0616,0.8401903218111693,0.06550995696939818
5-19B,8.0,172.962,-0.40412288834566007,0.17122502581024387
5-19B,8.0,173.0089,-0.7779317820292964,0.12995566383616966
5-19B,8.0,173.0453,-0.8761811653198219,0.1815753418285104
5-19B,8.0,173.0932,-0.5664957985929207,0.0680739498208423
5-19B,8.0,173.1041,0.1594573039582518,0.18404018295869856
5-19B,8.0,174.0407,0.49641416365173774,0.022992516249856258
5-19B,8.0,174.088,-0.3434451604622677,0.09242193506784548
5-19B,8.0,175.022,-0.7355643765819444,0.07950529365979113
5-19B,8.0,175.0361,1.1936526599019035,0.08415424683156048
5-19B,8.0,175.0611,-0.6972249339499298,0.029885538871305514
5-19B,8.0,176.0776,-0.6366723966665918,0.09977688974915382
5-19B,8.0,177.0402,-0.1552330635176463,0.5975218441777574
5-19B,8.0,177.0553,0.24279763657594303,0.5361069501349527
5-19B,8.0,178.0509,-0.45135305384160374,0.025886289587856336
5-19B,8.0,179.0348,1.1569689773506955,0.31031953983273064
5-19B,8.0,179.0561,0.9878665621058693,0.09075716108377609
5-19B,8.0,180.0663,1.0723755168549303,0.08012089877942621
5-19B,8.0,181.0505,-1.0733345129931458,0.07422043210751429
5-19B,8.0,182.9725,0.2835031074024288,0.17261619230397598
5-19B,8.0,183.0661,-0.20661366312668966,0.5237301294031373
5-19B,8.0,184.0017,-0.48039555127678324,0.03935049310315439
5-19B,8.0,184.9856,-0.4940798427208076,0.0936932705983858
5-19B,8.0,186.1136,0.4547237078264046,0.5906938493090639
5-19B,8.0,187.0234,-0.6688319457175818,0.13562446483184298
5-19B,8.0,188.035,-0.516350491214408,0.6934468266588067
5-19B,8.0,188.0565,-0.3977785830865391,0.05302784548202387
5-19B,8.0,189.0405,-0.7964855972236089,0.11412142311957663
5-19B,8.0,191.0197,-0.7848398705357219,0.1382749767571763
5-19B,8.0,191.0561,-0.9276816080441193,0.06911070901970962
5-19B,8.0,192.0663,-0.822233934455489,0.35052298694802414
5-19B,8.0,193.0349,-0.06819624892605372,0.6669375060764462
5-19B,8.0,194.0682,0.2684647257094023,0.4299845337586732
5-19B,8.0,194.0822,0.892116382614669,0.8849013044220974
5-19B,8.0,195.0509,0.9635984275595517,0.1885879584812364
5-19B,8.0,195.0657,0.011815945255416092,0.7885829484472123
5-19B,8.0,196.0603,-0.21028520132921197,0.1849215238843472
5-19B,8.0,198.0182,-0.3439577512989246,0.41026950475504376
5-19B,8.0,199.0019,-0.4323835290051494,0.26991310451837225
5-19B,8.0,200.9937,-0.0377614870764034,0.38265795150111737
5-19B,8.0,201.0051,0.05100970521188976,0.4485596688127657
5-19B,8.0,203.0348,-0.17693029263584378,0.08766098644142456
5-19B,8.0,203.0826,-0.09399183860021051,0.0018572026128064853
5-19B,8.0,204.0498,0.3497570495971992,0.14835139993333676
5-19B,8.0,205.0351,-0.9496383891435829,0.12029945883356952
5-19B,8.0,206.0822,-0.29226563782836024,0.15326400010071659
5-19B,8.0,209.0292,-0.38842835963658817,0.20873831546383526
5-19B,8.0,209.0814,-0.2471049199693151,0.48476956103422475
5-19B,8.0,211.0235,-0.2878872350805758,0.5127288623262599
5-19B,8.0,211.9968,0.5742915217620292,0.06460770166459893
5-19B,8.0,212.0331,-0.29090195288251536,0.16325003013466877
5-19B,8.0,212.9807,-0.34409972279855905,0.03784625890882219
5-19B,8.0,213.014,-1.0181809103400647,0.11506203782470753
5-19B,8.0,213.0384,-0.7191133147690916,0.18491118335994816
5-19B,8.0,213.1252,0.8457862228071785,1.1125634606113703
5-19B,8.0,214.0488,0.3811810885701731,0.6806521485148531
5-19B,8.0,215.0331,0.9704155499738008,0.07941648570476165
5-19B,8.0,216.1351,0.05471685467493292,0.21539227439740763
5-19B,8.0,218.0335,0.6466953099329253,0.06583544313102714
5-19B,8.0,218.1034,-0.6288091535005554,0.09935086758598995
5-19B,8.0,220.0828,0.5810499243540794,0.41550468165962673
5-19B,8.0,221.0443,0.9688208217016807,0.11742544160589469
5-19B,8.0,221.0664,1.3730400508092315,0.26155432909761234
5-19B,8.0,225.0399,-0.2431770929809024,0.6716025876513485
5-19B,8.0,225.0861,1.1129536735604668,0.6200003606863362
5-19B,8.0,225.0901,0.14702140961879773,0.24650220875843024
5-19B,8.0,226.0135,-0.49244149428896067,0.13880128985988616
5-19B,8.0,226.0697,-0.3625348052822098,0.2719532272716508
5-19B,8.0,228.0501,-0.7905973663458274,0.1780014781714863
5-19B,8.0,229.0122,0.1696638384757257,0.09174324931712535
5-19B,8.0,237.0614,-0.40714048328803343,0.17933264290754253
5-19B,8.0,238.0945,-0.3797815601537583,0.2770875585070032
5-19B,8.0,240.0515,-0.033178660172636265,0.02194319519340268
5-19B,8.0,241.0844,-0.7458111374207714,0.48690889169991153
5-19B,8.0,242.0804,-1.576127189555753,0.7655234335765903
5-19B,8.0,243.029,-0.042361585504758305,0.14486351149425664
5-19B,8.0,243.0625,-0.5358962684156515,0.37653449994004734
5-19B,8.0,245.0444,-0.5963662479735282,0.49950630045170147
5-19B,8.0,246.0198,-0.24362989635214177,0.14418708713537104
5-19B,8.0,246.064,0.46900674596130654,0.8415314885150411
5-19B,8.0,251.0816,-0.66078145235693,0.390150540197538
5-19B,8.0,253.0119,-0.22734491290967668,0.03480893249594004
5-19B,8.0,253.0499,-0.18386499805099082,1.223078086518863
5-19B,8.0,257.0072,-0.6384100785362794,0.30345266938170845
5-19B,8.0,257.1028,0.03558303662986979,0.11356980695088488
5-19B,8.0,259.005,0.23121602469457309,0.5494447880344616
5-19B,8.0,259.0227,0.5401300338250132,0.1635955249583394
5-19B,8.0,261.0385,0.19609992219504574,0.09016935185860407
5-19B,8.0,266.0703,-0.39487296132663396,0.2957247540837691
5-19B,8.0,267.0724,-0.36076888061985524,0.05809493693672082
5-19B,8.0,268.02,-0.723946464385532,0.5676029796250981
5-19B,8.0,269.0398,-0.888717762879205,0.13186214563701276
5-19B,8.0,271.0612,0.30060970403356935,0.49015068247364446
5-19B,8.0,271.0815,-0.5350834688164766,0.5137250474186316
5-19B,8.0,273.0021,-0.7287282232485295,0.12043610838169025
5-19B,8.0,274.0933,0.10499647244504033,0.15444370983005815
5-19B,8.0,275.0184,0.8700812140064569,0.46773609466220956
5-19B,8.0,275.0991,0.33184607263242594,0.37274440904893746
5-19B,8.0,277.1207,0.4821190210085651,0.0999110251227116
5-19B,8.0,277.2169,0.42938303240242437,0.20637120602426356
5-19B,8.0,279.2331,-0.2663372226406072,0.02457031111435403
5-19B,8.0,282.0839,-0.6373739975416463,0.3182039066156186
5-19B,8.0,283.2063,-0.2966510485222839,0.10158053839245544
5-19B,8.0,285.0972,-0.8273159984845377,0.43915901717612016
5-19B,8.0,287.0157,1.0374422953208848,0.36577829889282704
5-19B,8.0,288.0725,-0.2730394019303927,0.05846649475099847
5-19B,8.0,289.0333,-0.6372477302076722,0.4954440429806662
5-19B,8.0,289.1044,-0.8202238999946216,0.6051098983919266
5-19B,8.0,290.9677,-0.32491473745439814,0.07471299594314693
5-19B,8.0,294.0479,0.9548993331903344,0.6013669953710636
5-19B,8.0,300.0509,0.10460877931308393,0.8245862310486013
5-19B,8.0,301.0333,-0.8479294680256251,0.6428069907894804
5-19B,8.0,303.2326,-0.3306738216889246,0.257812428991741
5-19B,8.0,305.0207,0.9410494322143533,0.1467105017571828
5-19B,8.0,306.0481,-0.18204994337683467,0.32919435102414507
5-19B,8.0,306.0765,-0.0687004989355916,0.041540994346340517
5-19B,8.0,308.0986,-0.36037162960309677,0.017707122329917873
5-19B,8.0,313.0441,1.1149465390748208,0.3283500383828743
5-19B,8.0,313.1037,-0.7890604741255952,0.4309005392473036
5-19B,8.0,317.026,0.10522332093318656,0.721220981522717
5-19B,8.0,323.0256,1.7471924285217528,0.47720937373461625
5-19B,8.0,325.1163,0.01442873832379618,0.49477424206878984
5-19B,8.0,328.0457,0.23108856592624916,0.0739357944120152
5-19B,8.0,333.0589,0.12050653618954138,0.25634116198182355
5-19B,8.0,338.9884,1.2412130084761734,1.0674443129034257
5-19B,8.0,339.0928,0.7818911739200979,0.8656516701336973
5-19B,8.0,341.1089,0.5734640742620788,0.16678259202411938
5-19B,8.0,344.0393,0.7088626012044767,0.2599418020007584
5-19B,8.0,346.0556,0.990462165228942,0.11273838007915747
5-19B,8.0,348.087,-0.08593064394700455,0.2331983868684778
5-19B,8.0,353.0489,0.33178899901521697,0.11875617729442907
5-19B,8.0,357.089,-0.4955238534851137,0.3366673366868667
5-19B,8.0,375.131,-0.3341089620697233,0.6989111628371539
5-19B,8.0,377.1496,-0.7623378366214271,0.8596188753306194
5-19B,8.0,383.1188,0.8419182616992831,0.5650333983633997
5-19B,8.0,388.9416,-0.11319079175614957,0.18968224771423256
5-19B,8.0,388.9442,-0.47962533092690396,0.25127057655975016
5-19B,8.0,401.0756,0.5664662515821886,0.18498584831708473
5-19B,8.0,407.2795,-0.10709201070975115,0.2991601099426282
5-19B,8.0,421.0743,0.13628759422243525,1.0788820030887554
5-19B,8.0,426.0222,-0.05103862437010659,0.8056232472948014
5-19B,8.0,442.9997,0.04079943576522539,0.14578328386251135
5-19B,8.0,466.9657,1.1616131225377577,0.3599511586144838
5-19B,8.0,490.9787,0.10340288422795672,1.0159234050839618
5-19B,8.0,503.1614,0.8534493864857868,0.34540363177374195
5-19B,8.0,547.0731,-0.8050602038329404,0.10446832696545603
5-19B,8.0,565.0471,-0.2608669323118145,0.5252059774625634
5-19B,8.0,578.8872,0.7343256742374157,0.12138883575294504
5-19B,8.0,579.0269,0.2816348405143583,0.06721675516361687
5-19B,8.0,612.2549,-0.03217670802505999,0.6511504634954135
5-19B,8.0,624.2949,0.20684661041360194,0.48320186019793365
5-19B,8.0,659.307,0.48177623561098815,0.20625641347653792
5-19B,8.0,664.0939,-0.2416514350470758,0.060098701384424295
5-19B,8.0,665.2144,0.08003035120804167,0.2462669751949484
5-19B,8.0,668.1374,-0.5689225945976482,0.006303244915665723
5-19B,8.0,787.255,0.7376516010156067,0.7034377325527815
5-19B,8.0,790.2568,0.13601883364403952,0.3147389150119898
5-19B,8.0,835.0407,-0.6343602433935789,0.18434957883271874
5-19B,8.0,863.2971,-0.5967562243861921,0.046040841178272625
5-19B,8.0,864.1473,0.3995883985221733,0.37728253926650235
5-19B,8.0,974.2935,-0.6551717240912451,0.25774271814392347
5-19B,8.0,976.7162,1.17143910282856,0.16881183778137082
5-19B,9.0,57.0342,-0.08035037879138046,0.43393865276383864
5-19B,9.0,58.0295,2.3592331320468842,1.0028976262885747
5-19B,9.0,59.0135,1.0567288405476198,0.036148233524343376
5-19B,9.0,71.0137,0.8160780882255503,0.1102900024745262
5-19B,9.0,73.0293,-0.7305434544731451,0.03122624871647733
5-19B,9.0,74.0247,-0.10040830402696407,0.32842588062439815
5-19B,9.0,75.0087,-0.24017733972666894,0.17683017943947607
5-19B,9.0,87.0088,-0.628774330326159,0.03351377596421889
5-19B,9.0,87.0451,-0.9024706480309542,0.45918987261757577
5-19B,9.0,88.0403,0.3795486973029327,0.06834025795874685
5-19B,9.0,88.9883,-1.389746169769368,0.36709714460998855
5-19B,9.0,89.0244,-0.6356370819896454,0.08246001704682084
5-19B,9.0,93.0338,-0.03645100752709754,0.015441317747688383
5-19B,9.0,94.9761,-0.6523395999357957,0.32417631109069694
5-19B,9.0,94.9806,0.7748232850005417,0.23495579724783933
5-19B,9.0,95.0139,0.35461748380905705,0.09253958858285385
5-19B,9.0,101.0242,0.042967257326150775,0.11238213545450336
5-19B,9.0,102.056,-0.5551909867850919,0.07941939194382747
5-19B,9.0,103.0402,-0.6738139703015575,0.021935075445921107
5-19B,9.0,103.0509,-0.6193167117337548,0.08175217176724714
5-19B,9.0,104.0352,-0.3813156857486455,0.1917088928582375
5-19B,9.0,105.0193,-1.4295127325473973,0.2481559437594722
5-19B,9.0,107.0503,-0.4825086182074195,0.2956258638173538
5-19B,9.0,109.0295,0.1508764834889258,0.08838330994307715
5-19B,9.0,111.02,1.3391418907068477,0.08686270708598647
5-19B,9.0,112.0516,0.6506728036513578,0.3495045990130739
5-19B,9.0,113.0244,0.674084682242682,0.044886857622336844
5-19B,9.0,113.0357,4.144217303012942,0.09929187616742094
5-19B,9.0,114.056,-0.2444326869866449,0.0007247432391264291
5-19B,9.0,115.0037,0.2099932013338473,0.06362706838283255
5-19B,9.0,115.0402,-0.5383596150343328,0.21723686480746054
5-19B,9.0,115.0764,0.03477446169426128,0.37129307885526486
5-19B,9.0,116.0354,0.37486734983249836,0.3831359147669554
5-19B,9.0,116.0717,-0.7283461030894706,0.020876398925360477
5-19B,9.0,117.0194,-0.7056585927619923,0.03178252674880035
5-19B,9.0,118.0508,-0.8153421399236701,0.14922532669652952
5-19B,9.0,118.9804,0.7644462483922023,0.16593463428855346
5-19B,9.0,119.0503,0.7726128008804258,0.37691445384304767
5-19B,9.0,120.9273,-0.6576132749857537,0.044836200387200834
5-19B,9.0,121.0295,-0.35315173575677244,0.4430458325168384
5-19B,9.0,121.0409,-0.6079457187009164,0.2681457737376994
5-19B,9.0,122.0248,-0.6227530922443402,0.3292079317753025
5-19B,9.0,124.0075,-0.1610979555121813,0.13616914334617888
5-19B,9.0,124.0144,0.5619090919644858,0.08351616276178683
5-19B,9.0,125.0439,-0.1079737879330038,0.18288248775645596
5-19B,9.0,127.0764,0.033873627756073874,0.7006525828840636
5-19B,9.0,128.0354,-0.2952136194757097,0.011187318425582805
5-19B,9.0,129.0193,-0.6664665532486747,0.1352518107612486
5-19B,9.0,129.0556,-0.6780479502039011,0.5252163105837806
5-19B,9.0,130.0142,-0.7478996984167402,0.17878566706274354
5-19B,9.0,130.0509,2.0295086425430853,0.15475990605220302
5-19B,9.0,130.0874,-0.9114728376974243,0.06730869642429424
5-19B,9.0,131.0008,0.1380670579498372,1.2590042825227525
5-19B,9.0,131.0123,-0.5954293672035682,0.0824301874200816
5-19B,9.0,131.035,-0.5562699352005301,0.03384935989815658
5-19B,9.0,131.0462,-0.6933394134140136,0.1365985050396549
5-19B,9.0,131.0828,-0.4872842869963161,0.1426950239265693
5-19B,9.0,132.0302,2.5375578392491307,0.2274775406450905
5-19B,9.0,133.0142,-0.39013246730495815,0.061091807037295214
5-19B,9.0,133.0257,-0.25262591806106643,0.06414787350551888
5-19B,9.0,133.0505,-0.18110216608123864,0.08940981294240899
5-19B,9.0,134.0472,0.7479411363446312,0.28785717391827026
5-19B,9.0,134.0604,-0.430160423194978,0.6093222594823469
5-19B,9.0,135.0302,-0.7857555325477101,0.0997241916707824
5-19B,9.0,135.0453,1.3179279734316585,0.2516106785820581
5-19B,9.0,136.0404,-0.31975007039129605,0.0561334432565406
5-19B,9.0,136.0487,1.5007805573742723,0.3792828814059137
5-19B,9.0,136.0767,0.47730727069957024,0.4703323771695837
5-19B,9.0,137.0239,-0.0894094847770351,0.29355631639479707
5-19B,9.0,138.9789,-0.6021524273351084,0.4313039604990528
5-19B,9.0,139.0014,-0.047980005304838966,0.042050653880922925
5-19B,9.0,139.0067,-0.6686202194094628,0.055405044868820745
5-19B,9.0,139.976,0.19232558023344395,0.3876365539520399
5-19B,9.0,143.0713,-0.0037328262781754634,0.35526917930262997
5-19B,9.0,143.1077,0.37035782595260186,0.9442192851059102
5-19B,9.0,145.0141,-0.32947352138488073,0.08726630758757457
5-19B,9.0,145.0506,-0.41404283567429423,0.16210782195928625
5-19B,9.0,145.0623,-0.290128252437752,0.15011549252145917
5-19B,9.0,145.0982,-0.6995019532882795,0.13401222915333647
5-19B,9.0,145.1106,-0.8926483342936962,0.8407352462076639
5-19B,9.0,146.0459,-0.3953543442296641,0.004473615031170895
5-19B,9.0,147.0298,-0.6149256397834281,0.10623459697573977
5-19B,9.0,147.0662,0.5109179787229119,0.1615329174804453
5-19B,9.0,149.0092,0.3080801251309163,0.1773418212944487
5-19B,9.0,149.0456,0.8770055168285388,0.17186482470559813
5-19B,9.0,149.0608,0.7790504994813161,0.2880731281897023
5-19B,9.0,150.0422,-0.8314238900229092,0.46800571928647583
5-19B,9.0,150.9707,-0.4132558141321754,0.8978052267705973
5-19B,9.0,151.0259,-0.6463845122755447,0.07946928208280712
5-19B,9.0,151.04,-0.4145484876216659,0.6925600109334398
5-19B,9.0,151.06,-0.916641599780409,1.2180138013072994
5-19B,9.0,152.0353,-0.5853707076442014,0.31753702482295276
5-19B,9.0,152.0716,-0.17454254152731463,0.4389816855442177
5-19B,9.0,153.0192,0.7406695164896717,0.06956448933324105
5-19B,9.0,154.062,-0.4933040900296497,0.08737828638129087
5-19B,9.0,154.9751,-0.6256029766032276,0.033271757558559316
5-19B,9.0,155.0099,1.4201261325175651,0.12729446385860205
5-19B,9.0,157.0128,-0.10507535338391705,0.07171468071409351
5-19B,9.0,157.0255,3.6222424746567476,0.2677831831599732
5-19B,9.0,157.0379,3.385224650602615,0.3363385013777735
5-19B,9.0,157.0504,-0.22555364676766307,0.07152454618149318
5-19B,9.0,159.0297,-0.5679648693072723,0.23171772965102444
5-19B,9.0,159.0775,0.28074552283938764,0.12063930566392864
5-19B,9.0,160.0616,-0.4621656837390623,0.3566646010704919
5-19B,9.0,161.0453,-0.912613010309372,0.17975387673135287
5-19B,9.0,162.0424,-0.11673191510234363,0.16006007916989007
5-19B,9.0,163.0351,-0.611307917240987,0.14198921262900538
5-19B,9.0,163.0398,1.5101059587729457,0.12456323290539989
5-19B,9.0,163.0611,1.2414671636698376,0.11422894450847267
5-19B,9.0,164.0716,-0.525587381218571,0.05977551234643815
5-19B,9.0,165.03,0.007421894229474146,0.3990010603251525
5-19B,9.0,165.0405,-0.14726633080811136,0.8114380870767927
5-19B,9.0,165.0556,-0.7140310310705515,0.04570262643736702
5-19B,9.0,166.0508,0.47041828386987405,0.41670777598767694
5-19B,9.0,166.0632,-0.15801444053166738,0.5810192147007781
5-19B,9.0,166.9759,-0.7323647286656476,0.4427281202922182
5-19B,9.0,167.0207,-0.033347134801304384,0.4357085644818047
5-19B,9.0,167.0358,0.23806753593607125,0.4385229676735728
5-19B,9.0,167.0828,-0.7424023533499884,0.7124211563190316
5-19B,9.0,168.0277,-0.49000119988096136,0.012326673455571147
5-19B,9.0,168.0664,-0.5688450379737431,0.422166339368563
5-19B,9.0,170.0455,-0.6314259728093792,0.04019057129387988
5-19B,9.0,171.0065,-0.4216244200394429,0.17595981680314077
5-19B,9.0,171.0092,-0.2151864773897016,0.11636374049522735
5-19B,9.0,171.0284,-0.7254916781904062,0.04932132322430252
5-19B,9.0,172.0616,1.6362269837619847,0.2834115065900439
5-19B,9.0,172.962,-0.5089517111175966,0.04451469155900801
5-19B,9.0,173.0089,-0.6116572588812398,0.10010297383127414
5-19B,9.0,173.0453,-0.9956135976259245,0.11220488254333938
5-19B,9.0,173.0932,-0.28128753834345993,0.14901330536648605
5-19B,9.0,173.1041,0.7248082937961936,1.110520964117607
5-19B,9.0,174.0407,2.4824033581660254,0.15728236456029274
5-19B,9.0,174.088,1.9768541524977161,0.15035849732384968
5-19B,9.0,175.022,-0.3177050964694052,0.1394009404591023
5-19B,9.0,175.0361,2.420060109192474,0.15343845402874337
5-19B,9.0,175.0611,-0.42903833845273753,0.06372255084837122
5-19B,9.0,176.0776,-0.37577423296635193,0.09587850189730261
5-19B,9.0,177.0402,0.430499783237576,0.6876723420273411
5-19B,9.0,177.0553,0.9058597268506442,0.39401426293170216
5-19B,9.0,178.0509,-0.12677129599408254,0.03075134539372885
5-19B,9.0,179.0348,1.6692932935160825,0.3083718500220795
5-19B,9.0,179.0561,0.37369115229312316,0.08589557944331158
5-19B,9.0,180.0663,0.2696275726626146,0.03474911519055437
5-19B,9.0,181.0505,-1.1139176484626838,0.028497304970925796
5-19B,9.0,182.9725,0.7472251421345761,0.1575580727728202
5-19B,9.0,183.0661,-0.6890158001010185,0.3943042703639603
5-19B,9.0,184.0017,-0.4721400768937819,0.034849221422664736
5-19B,9.0,184.9856,-0.5154220899417226,0.1024771680920049
5-19B,9.0,186.1136,0.08924734185450306,0.6427808058732849
5-19B,9.0,187.0234,-0.8481441132594465,0.5487251714133862
5-19B,9.0,188.035,-0.19653526263732796,0.5592478489046021
5-19B,9.0,188.0565,0.15661045253106176,0.06833166573683311
5-19B,9.0,189.0405,-0.8498448319710539,0.0829977104282052
5-19B,9.0,191.0197,-0.40530329666502884,0.3018900119883057
5-19B,9.0,191.0561,-0.7406187542363452,0.13004855814370297
5-19B,9.0,192.0663,-1.1005216357499576,0.2611163421921352
5-19B,9.0,193.0349,0.2724340157824328,0.6383746777622016
5-19B,9.0,194.0682,0.7198558437709711,0.28510723794870296
5-19B,9.0,194.0822,0.3435042288432577,0.6790385910717877
5-19B,9.0,195.0509,1.2169843090563162,0.09962945666519836
5-19B,9.0,195.0657,-0.18544063960335988,0.37890086129840855
5-19B,9.0,196.0603,0.47740071434787446,0.11045596866740448
5-19B,9.0,198.0182,0.5059616337302102,0.48777330020279863
5-19B,9.0,199.0019,-0.26778545971591233,0.4429009476022397
5-19B,9.0,200.9937,0.18904061681653217,0.3115298579875336
5-19B,9.0,201.0051,0.8090704659638092,0.6546213670328356
5-19B,9.0,203.0348,-0.7559353351822902,0.10544592199630119
5-19B,9.0,203.0826,-0.09842709870457247,0.010041134313901108
5-19B,9.0,204.0498,-0.08552481515655294,0.8834041763362109
5-19B,9.0,205.0351,-0.3952006436457604,0.20239435772301972
5-19B,9.0,206.0822,0.24338488448448334,0.6120406333592177
5-19B,9.0,209.0292,-0.8749243732716534,0.4966169771326011
5-19B,9.0,209.0814,-1.0311858845527,0.4135355006081455
5-19B,9.0,211.0235,-0.43911550098670094,0.38302542695376657
5-19B,9.0,211.9968,2.3940266535621575,0.39562129632608817
5-19B,9.0,212.0331,-0.14551266342863145,0.4300852394735169
5-19B,9.0,212.9807,-0.24907769579568756,0.18007626537758356
5-19B,9.0,213.014,-0.961384701468488,0.19810509736261273
5-19B,9.0,213.0384,-0.6857093549611024,0.30265423091491617
5-19B,9.0,213.1252,0.450491452381212,1.8021105386690017
5-19B,9.0,214.0488,-0.8291451043787821,0.3994837636816182
5-19B,9.0,215.0331,0.7253555694594369,0.08881534442703036
5-19B,9.0,216.1351,-0.007515509040066849,0.11191625263332972
5-19B,9.0,218.0335,0.6348147971925051,0.08739627193715502
5-19B,9.0,218.1034,-0.43539833152574176,0.04300971147235802
5-19B,9.0,220.0828,-0.48234439737318147,1.129387104168876
5-19B,9.0,221.0443,0.7608136435568065,0.2082484493673139
5-19B,9.0,221.0664,1.1762411836933837,0.1057015460053649
5-19B,9.0,225.0399,0.002504795545115665,0.8927179392483043
5-19B,9.0,225.0861,0.7920749448043046,0.528580259961082
5-19B,9.0,225.0901,0.13592987253508237,0.8962232435254041
5-19B,9.0,226.0135,-0.4698739875826067,0.271946144678181
5-19B,9.0,226.0697,-0.08707863846796579,0.1990516610557101
5-19B,9.0,228.0501,-0.5680785906996263,0.3390589960455559
5-19B,9.0,229.0122,0.1824084151181702,0.17778417950543812
5-19B,9.0,237.0614,0.12671773644588355,0.32573002595040773
5-19B,9.0,238.0945,-0.7545888342563015,0.16198216136887797
5-19B,9.0,240.0515,0.804832767276578,0.09041952708094186
5-19B,9.0,241.0844,-0.3596228391988264,0.42879800620569797
5-19B,9.0,242.0804,-1.043783453483201,0.5768580078265989
5-19B,9.0,243.029,-0.30003920729467587,0.19378862050283296
5-19B,9.0,243.0625,-0.3054623781031947,0.41390900516589374
5-19B,9.0,245.0444,-0.6526950452625498,0.2961377627733036
5-19B,9.0,246.0198,-0.05392063319639184,0.4799761601375471
5-19B,9.0,246.064,0.8478012126853667,0.4519061810408534
5-19B,9.0,251.0816,0.252959559318618,1.0913201764787428
5-19B,9.0,253.0119,-0.2480575473387357,0.010794111580003339
5-19B,9.0,253.0499,0.9668183845963948,1.1392906621504904
5-19B,9.0,257.0072,-0.20082347289672328,0.41873843073537903
5-19B,9.0,257.1028,-0.10786936410698658,0.18924062053889298
5-19B,9.0,259.005,-0.2642933533412065,0.4340188011541895
5-19B,9.0,259.0227,0.12489496038543002,0.14791089247902753
5-19B,9.0,261.0385,0.3515518441910158,0.3896787392823309
5-19B,9.0,266.0703,-0.3577732444189021,0.15866446550855778
5-19B,9.0,267.0724,-0.49582518942601705,0.07469392942746503
5-19B,9.0,268.02,-0.07379958381088249,0.12270839707865876
5-19B,9.0,269.0398,-0.6610336272308863,0.2508006149068364
5-19B,9.0,271.0612,-0.027491900610806346,0.8835851416486018
5-19B,9.0,271.0815,-1.0293603642246123,0.32878126940509705
5-19B,9.0,273.0021,-0.47208339891820356,0.13589709134786074
5-19B,9.0,274.0933,0.8523219726550122,0.2896410855740559
5-19B,9.0,275.0184,-0.08786805233603656,0.5325946268134247
5-19B,9.0,275.0991,0.7856254468087014,0.5397508520315395
5-19B,9.0,277.1207,-0.020726936616746995,0.11625599031079453
5-19B,9.0,277.2169,0.10375089069821508,0.6503119536729237
5-19B,9.0,279.2331,-0.23332485261583147,0.03123711304801244
5-19B,9.0,282.0839,-0.9701839717248822,0.23028202936557116
5-19B,9.0,283.2063,-0.1695735696908438,0.27501387888438583
5-19B,9.0,285.0972,-0.3517754782724938,0.7556167625104554
5-19B,9.0,287.0157,0.34286739923117915,0.6286568014423359
5-19B,9.0,288.0725,0.14377193695823248,0.20053563437971186
5-19B,9.0,289.0333,0.6543820063023845,0.4824949899763746
5-19B,9.0,289.1044,0.3549733619054269,0.29520337425333615
5-19B,9.0,290.9677,-0.3222412017373899,0.1574233274943594
5-19B,9.0,294.0479,0.6379111007798949,0.7117661154846416
5-19B,9.0,300.0509,-0.7343625248765167,0.2464793969873297
5-19B,9.0,301.0333,0.5174259581859587,0.3763462632625388
5-19B,9.0,303.2326,0.5221366134487292,1.1953850222463944
5-19B,9.0,305.0207,0.4982406070860011,0.23033597134127018
5-19B,9.0,306.0481,1.3196640730222997,0.2522883397116432
5-19B,9.0,306.0765,0.0454686427232631,0.06746864903146498
5-19B,9.0,308.0986,-0.2819026025394926,0.012272295217712599
5-19B,9.0,313.0441,1.1673468387418844,0.5279157070287571
5-19B,9.0,313.1037,-0.6442125007767247,0.5387470784579587
5-19B,9.0,317.026,-0.011800371205018683,0.6698943942411322
5-19B,9.0,323.0256,0.7232818833295184,0.8773370181950177
5-19B,9.0,325.1163,0.39292933321459833,0.6185579417213872
5-19B,9.0,328.0457,0.7905105833428179,0.22047058406793554
5-19B,9.0,333.0589,0.6598395639008957,0.499415163409705
5-19B,9.0,338.9884,0.05039524561753521,0.2802560116786115
5-19B,9.0,339.0928,2.128035820211686,1.353524927147746
5-19B,9.0,341.1089,0.4606914488391037,0.22655924250931175
5-19B,9.0,344.0393,0.6314035682758157,0.32554578292165964
5-19B,9.0,346.0556,0.24329247657054265,0.3280141332508532
5-19B,9.0,348.087,1.1588524586038567,0.26355964526500547
5-19B,9.0,353.0489,0.20313051384210962,0.31691339816499886
5-19B,9.0,357.089,0.062213806395848975,0.14397005701019602
5-19B,9.0,375.131,-0.4898365477870831,0.302844940251395
5-19B,9.0,377.1496,0.29444585546779817,0.4433439991554648
5-19B,9.0,383.1188,1.0316532788827133,0.4259086284558465
5-19B,9.0,388.9416,-0.037067934331675156,0.28458046092212996
5-19B,9.0,388.9442,-0.5609723060177638,0.3181720866173051
5-19B,9.0,401.0756,0.839459519949867,0.08566817596646085
5-19B,9.0,407.2795,-0.5469121405766634,0.1691473809294583
5-19B,9.0,421.0743,-0.06584194378154595,0.42299610267207616
5-19B,9.0,426.0222,0.00506538360918915,0.43826458934516
5-19B,9.0,442.9997,0.04137316046289008,0.1479586942003548
5-19B,9.0,466.9657,0.33857280703840936,0.14923427117418855
5-19B,9.0,490.9787,-0.23417291650695576,0.8136832764285976
5-19B,9.0,503.1614,1.0074412641751456,0.20804578047214484
5-19B,9.0,547.0731,-0.6426011021338784,0.06080630157047842
5-19B,9.0,565.0471,-0.14576350779237052,0.16082759004606012
5-19B,9.0,578.8872,0.7786601885307198,0.08770976745011998
5-19B,9.0,579.0269,0.7139641921853157,0.1386349704526373
5-19B,9.0,612.2549,-0.6089678816252209,0.6792479597811127
5-19B,9.0,624.2949,-0.09716585375845013,0.26626006221118054
5-19B,9.0,659.307,-0.32053612242317553,0.1242860584412361
5-19B,9.0,664.0939,-0.5108536246944986,0.14397824212291122
5-19B,9.0,665.2144,0.1757898772233374,0.47763542248609897
5-19B,9.0,668.1374,-0.5436531471537422,0.004136240966226408
5-19B,9.0,787.255,-0.2715683303998966,0.12937131542406
5-19B,9.0,790.2568,0.2154578403923208,0.14216967007123676
5-19B,9.0,835.0407,-0.9346825468564524,0.26666298228996627
5-19B,9.0,863.2971,-0.6857236509212651,0.07715208780200664
5-19B,9.0,864.1473,-0.6079669420792678,0.37653807241322373
5-19B,9.0,974.2935,-0.9364725466758868,0.1814515296113628
5-19B,9.0,976.7162,0.41512331878325864,0.12572296934564064
5-19B,10.0,57.0342,-1.762623520615898,0.2793443052823522
5-19B,10.0,58.0295,3.1577056225632774,0.5037857777991488
5-19B,10.0,59.0135,-0.6865283559033182,0.09266926367429196
5-19B,10.0,71.0137,-0.9563916460741664,0.12441483849017977
5-19B,10.0,73.0293,-0.17683384833931626,0.08614215927605613
5-19B,10.0,74.0247,0.2054063305136361,0.42397244142946766
5-19B,10.0,75.0087,-0.3364032915215123,0.2493447753945127
5-19B,10.0,87.0088,-0.48171023736053475,0.024948262837465898
5-19B,10.0,87.0451,-1.0660387832069669,0.24621501916041763
5-19B,10.0,88.0403,1.221738332850026,0.15420710033724974
5-19B,10.0,88.9883,0.29698167523331154,0.7190249318497522
5-19B,10.0,89.0244,-0.47942477413834395,0.13133421865541547
5-19B,10.0,93.0338,-0.02130534321365804,0.014980738505102724
5-19B,10.0,94.9761,-0.8747270497414501,0.5174134803909313
5-19B,10.0,94.9806,0.6491662529421316,0.41810280885928713
5-19B,10.0,95.0139,-1.0630505172227789,0.09327214591004669
5-19B,10.0,101.0242,-1.6665095682850852,0.08184709695719053
5-19B,10.0,102.056,-0.39836484070663797,0.08637972350935402
5-19B,10.0,103.0402,-0.22693580868013055,0.06560278466969652
5-19B,10.0,103.0509,-0.282234584554409,0.20161794469254318
5-19B,10.0,104.0352,-0.1781957224399805,0.16929173564427777
5-19B,10.0,105.0193,-1.0720433348509886,0.06301807449278041
5-19B,10.0,107.0503,0.23831509655277924,0.5104289857049115
5-19B,10.0,109.0295,0.33941910030541017,0.23597651663570515
5-19B,10.0,111.02,6.162590741431947,0.4736392231054143
5-19B,10.0,112.0516,2.5385523282613502,0.37722779878172835
5-19B,10.0,113.0244,-0.8052301078833182,0.039757200523804694
5-19B,10.0,113.0357,4.563814015097877,0.30801228538371955
5-19B,10.0,114.056,-0.2331939855768291,0.0028287121072034065
5-19B,10.0,115.0037,0.5763109167615406,0.14878114946742357
5-19B,10.0,115.0402,-1.0322909129213877,0.1977463019653937
5-19B,10.0,115.0764,0.8356893182690981,0.5676790599274436
5-19B,10.0,116.0354,0.06193880104858829,0.2236612564433767
5-19B,10.0,116.0717,-0.20209240397481873,0.04778769299921164
5-19B,10.0,117.0194,-0.13124750429699425,0.07597816811273204
5-19B,10.0,118.0508,0.03849335543350285,0.1877944901494246
5-19B,10.0,118.9804,-0.9232995665706694,0.03318699016790055
5-19B,10.0,119.0503,-0.08989082005670505,0.11458465462726215
5-19B,10.0,120.9273,-0.5138768254260517,0.02668486634368285
5-19B,10.0,121.0295,-0.1346504009800985,0.30701097847030184
5-19B,10.0,121.0409,-0.6309604430114274,0.4287826997593292
5-19B,10.0,122.0248,-0.14781254866529128,0.24428514690379982
5-19B,10.0,124.0075,-0.7941986839859366,0.4785579829882596
5-19B,10.0,124.0144,-0.9178697780254358,0.09939599067114659
5-19B,10.0,125.0439,-0.6104965531031064,0.07995758206167014
5-19B,10.0,127.0764,-0.6594646628506786,0.13993519975916993
5-19B,10.0,128.0354,-0.1362587365639767,0.0070690437260034515
5-19B,10.0,129.0193,-0.36759980560916855,0.13338388016335834
5-19B,10.0,129.0556,0.12703356717449843,0.5365441711966846
5-19B,10.0,130.0142,-0.1596922051692694,0.27161397745532817
5-19B,10.0,130.0509,3.619587170548404,0.20746062855888478
5-19B,10.0,130.0874,0.25254278717322776,0.08304741416215676
5-19B,10.0,131.0008,-0.9186663475423196,0.17998955990247958
5-19B,10.0,131.0123,0.04928601229667964,0.05261850554498871
5-19B,10.0,131.035,-1.2040746396329953,0.0893353608509623
5-19B,10.0,131.0462,-0.9702036672859512,0.11967621155904862
5-19B,10.0,131.0828,-0.27888391154764225,0.13714442056359366
5-19B,10.0,132.0302,3.364697948685372,0.2376346141469473
5-19B,10.0,133.0142,-0.22422103705975202,0.10301703683004361
5-19B,10.0,133.0257,-0.08239762859192794,0.09269638507521621
5-19B,10.0,133.0505,0.6288359142562041,0.11446144541221585
5-19B,10.0,134.0472,3.728330111813535,0.15028769137803408
5-19B,10.0,134.0604,0.839085705785049,0.3990917513568586
5-19B,10.0,135.0302,-0.06391160240202078,0.09125424788715189
5-19B,10.0,135.0453,1.1631973775655795,0.27669814279106836
5-19B,10.0,136.0404,-0.09677929463730818,0.14198220496709202
5-19B,10.0,136.0487,1.00778773371564,0.22381632286372388
5-19B,10.0,136.0767,0.4156632335714157,0.6280388317579378
5-19B,10.0,137.0239,-0.18042649746352654,0.05537302059699434
5-19B,10.0,138.9789,1.1774467970825675,0.4753695467144161
5-19B,10.0,139.0014,0.5575334627265132,0.052898351163080115
5-19B,10.0,139.0067,-0.7784391781070226,0.018874319691729226
5-19B,10.0,139.976,0.2526687517206871,0.5598528312186878
5-19B,10.0,143.0713,-0.20232030658786848,0.26981806926051316
5-19B,10.0,143.1077,0.9451884536227315,0.18762145799237034
5-19B,10.0,145.0141,-0.3504236289832462,0.05618654090254836
5-19B,10.0,145.0506,2.137141543855882,0.13760373642251578
5-19B,10.0,145.0623,1.2594775510958893,0.23316026353738392
5-19B,10.0,145.0982,-0.33233267375995096,0.19095779787829997
5-19B,10.0,145.1106,0.025448666586360663,0.5033809434871258
5-19B,10.0,146.0459,-0.39028085584215966,0.011265407674210788
5-19B,10.0,147.0298,-0.24048545947135716,0.06346170930618208
5-19B,10.0,147.0662,1.187902221650305,0.1354121497661498
5-19B,10.0,149.0092,-0.9056813704202711,0.2537652935631796
5-19B,10.0,149.0456,-0.0732935335500181,0.35170473780130634
5-19B,10.0,149.0608,0.09030410728709187,0.38123409491611515
5-19B,10.0,150.0422,0.9500034445674128,0.13562232233352467
5-19B,10.0,150.9707,-0.62142257847971,0.4975214024214271
5-19B,10.0,151.0259,0.5439641090890637,0.18165391093702557
5-19B,10.0,151.04,0.11944537068411469,0.4621361125617627
5-19B,10.0,151.06,-0.3889065957871432,1.093951931118135
5-19B,10.0,152.0353,1.3595368064249314,0.20947870267138138
5-19B,10.0,152.0716,-1.1066808384350513,0.22210719081348215
5-19B,10.0,153.0192,-0.9380157586709861,0.023189715117455646
5-19B,10.0,154.062,-0.4111591876492674,0.14260138655925003
5-19B,10.0,154.9751,-0.2466884206457705,0.0573097353144399
5-19B,10.0,155.0099,6.051274542342596,0.6483978452944038
5-19B,10.0,157.0128,1.5826291503214647,0.2500257443209461
5-19B,10.0,157.0255,4.59968040046952,0.5388885876681164
5-19B,10.0,157.0379,4.4735338619533245,0.5016772415266076
5-19B,10.0,157.0504,0.508789721980184,0.16143708105066587
5-19B,10.0,159.0297,-0.7817681945836703,0.221630995629826
5-19B,10.0,159.0775,0.9676255481770092,0.14480575651103667
5-19B,10.0,160.0616,2.4226844004182952,0.5853011363556232
5-19B,10.0,161.0453,-1.7743093755870425,0.14151646475402613
5-19B,10.0,162.0424,0.007749797055819868,0.09220933911616175
5-19B,10.0,163.0351,-1.2811876796400543,0.11894141049618012
5-19B,10.0,163.0398,1.0695336527672172,0.09915383697099368
5-19B,10.0,163.0611,0.19858201685517723,0.6491706687982227
5-19B,10.0,164.0716,-0.39905955598125853,0.08032960715948365
5-19B,10.0,165.03,-1.1257803954847263,0.34861239342058253
5-19B,10.0,165.0405,-0.43209622435230244,0.4021893931422065
5-19B,10.0,165.0556,-0.8285241910445512,0.06530502518050998
5-19B,10.0,166.0508,1.1785490520052528,0.4081022123026842
5-19B,10.0,166.0632,-0.5533160935967967,0.37213403701392744
5-19B,10.0,166.9759,0.32977840497949695,0.4534895747058196
5-19B,10.0,167.0207,0.6746030928753477,0.44255691693034754
5-19B,10.0,167.0358,-0.4173684400647791,0.5545125387360912
5-19B,10.0,167.0828,-0.9422681441396235,0.6425767208899779
5-19B,10.0,168.0277,-0.44482613094432344,0.024361931063374212
5-19B,10.0,168.0664,-1.1248106074437398,0.2962297485435583
5-19B,10.0,170.0455,-0.34300606557512836,0.050518988403501636
5-19B,10.0,171.0065,0.6672453772385536,0.2410259252149346
5-19B,10.0,171.0092,0.5140287122341399,0.469203292792659
5-19B,10.0,171.0284,-0.1767973969868153,0.07739346702549028
5-19B,10.0,172.0616,2.278011345318542,0.5147320399595761
5-19B,10.0,172.962,-0.20370175266385776,0.10191522337020772
5-19B,10.0,173.0089,-0.48421588242969715,0.11338377806110508
5-19B,10.0,173.0453,-0.5913298517033279,0.2060084457260621
5-19B,10.0,173.0932,0.3033618730033116,0.07073171903152302
5-19B,10.0,173.1041,1.0758293827842123,1.7878118456999912
5-19B,10.0,174.0407,3.6152149459058216,0.2660080901528387
5-19B,10.0,174.088,3.690262353554945,0.6882824406364313
5-19B,10.0,175.022,-0.18416243993859374,0.2638788742099055
5-19B,10.0,175.0361,3.6926414967113983,0.3387703425495144
5-19B,10.0,175.0611,0.04534132579760942,0.049950871497793946
5-19B,10.0,176.0776,0.12070095549614954,0.056891162933264294
5-19B,10.0,177.0402,0.3166703975803354,0.22334947718402026
5-19B,10.0,177.0553,-0.3385468671278836,0.36331167594890307
5-19B,10.0,178.0509,1.9872232667693486,0.11879217559347141
5-19B,10.0,179.0348,1.2922920075970568,0.4455970887744136
5-19B,10.0,179.0561,-0.6914661971332055,0.04873587641508694
5-19B,10.0,180.0663,-0.7888081158055551,0.03857501238694801
5-19B,10.0,181.0505,-0.9267441838060242,0.13056940633180436
5-19B,10.0,182.9725,-0.9321669660115635,0.10947169271252781
5-19B,10.0,183.0661,-1.3049622740319713,0.47130206996819185
5-19B,10.0,184.0017,-0.4357111581878397,0.05216147821799983
5-19B,10.0,184.9856,-0.04896738161342161,0.18573613086430513
5-19B,10.0,186.1136,-0.2810230813870916,0.7570235860860701
5-19B,10.0,187.0234,-0.48114070492609706,0.2484513096313476
5-19B,10.0,188.035,-0.7432464304076067,0.4415192331087809
5-19B,10.0,188.0565,-0.16773346422710683,0.04955845360074626
5-19B,10.0,189.0405,-0.9796107927120559,0.07460286451523307
5-19B,10.0,191.0197,-0.2756741054593613,0.20447020686199702
5-19B,10.0,191.0561,-0.5236973002982716,0.017620552366400578
5-19B,10.0,192.0663,-1.1304018857286904,0.33692689613832183
5-19B,10.0,193.0349,-0.1760896629150576,0.5163534017199822
5-19B,10.0,194.0682,1.4630829112741586,0.43434892718253004
5-19B,10.0,194.0822,-0.7313484987496648,0.5179265441153583
5-19B,10.0,195.0509,-0.12349381981125254,0.1526717192377338
5-19B,10.0,195.0657,0.1632401272137576,0.32686402983696655
5-19B,10.0,196.0603,1.1148291606583483,0.22054983252024318
5-19B,10.0,198.0182,1.2438500195434132,0.44086736615155886
5-19B,10.0,199.0019,-0.37834880928898573,0.26565324588133665
5-19B,10.0,200.9937,-0.6309638252647302,0.31629609760738714
5-19B,10.0,201.0051,-0.06212387470076112,0.3033122179154548
5-19B,10.0,203.0348,-1.2281367645144674,0.17461574874915067
5-19B,10.0,203.0826,-0.08994881238262885,0.005790320708333746
5-19B,10.0,204.0498,-0.7719801210047176,0.26753024245951834
5-19B,10.0,205.0351,-0.7844571867116493,0.14760965282090155
5-19B,10.0,206.0822,-0.29471899899925874,0.9267567388051152
5-19B,10.0,209.0292,-0.5203594819783008,0.3479161172065374
5-19B,10.0,209.0814,-0.7193474928509636,0.3906368332412232
5-19B,10.0,211.0235,-1.103849872327232,0.27591278458491947
5-19B,10.0,211.9968,3.9445519015249397,0.4758299686609911
5-19B,10.0,212.0331,-0.06790272243901369,0.18253967622991893
5-19B,10.0,212.9807,0.8448715441389725,0.19695629299924727
5-19B,10.0,213.014,-0.08058394770604074,0.36375034143431795
5-19B,10.0,213.0384,-0.6722305641613874,0.1169467793483973
5-19B,10.0,213.1252,-0.5225418286673209,0.36381475092518295
5-19B,10.0,214.0488,-1.4967907443881696,0.7581834332067248
5-19B,10.0,215.0331,-1.009799155707792,0.03827076831374456
5-19B,10.0,216.1351,-1.224896026042253,0.04895140052713463
5-19B,10.0,218.0335,-1.020167485531072,0.026902876379399965
5-19B,10.0,218.1034,-0.04591437687162773,0.08995869261456137
5-19B,10.0,220.0828,-0.9939775144306371,0.4529172500892574
5-19B,10.0,221.0443,-0.960030372197856,0.11043529511481563
5-19B,10.0,221.0664,-0.9345885395691185,0.2585449412384317
5-19B,10.0,225.0399,-0.5028788718847639,0.8321110286111921
5-19B,10.0,225.0861,-0.6724957353332968,0.4091233358705836
5-19B,10.0,225.0901,-1.1386725973352048,0.5706305988286495
5-19B,10.0,226.0135,-0.03943640967008138,0.12877645000117102
5-19B,10.0,226.0697,-1.1404454186778703,0.16600656171422806
5-19B,10.0,228.0501,-0.5352587122857323,0.2117892802621887
5-19B,10.0,229.0122,1.4017457853840452,0.16537643335320878
5-19B,10.0,237.0614,1.6071313116181776,0.2551148885410863
5-19B,10.0,238.0945,-0.6016151677330541,0.10523103381644563
5-19B,10.0,240.0515,0.19747974996478668,0.10350614962583049
5-19B,10.0,241.0844,-0.648145756982403,0.5037116226006766
5-19B,10.0,242.0804,-0.6033681503893175,0.37633146620443364
5-19B,10.0,243.029,0.6992091282640054,0.3155050164600721
5-19B,10.0,243.0625,1.3750387443694838,0.5841307342615194
5-19B,10.0,245.0444,-0.3914743654368532,0.3208636248169174
5-19B,10.0,246.0198,-0.006094768535278429,0.22855663685306868
5-19B,10.0,246.064,-1.0149530172767198,0.11588918853997388
5-19B,10.0,251.0816,-0.7934024303942377,0.36777619098870085
5-19B,10.0,253.0119,-0.052321042754552675,0.04816305539389064
5-19B,10.0,253.0499,-1.0341982819650006,0.5412558820444264
5-19B,10.0,257.0072,0.28702193124661046,0.3356253201304578
5-19B,10.0,257.1028,-0.09557344404382745,0.7029132982795874
5-19B,10.0,259.005,-0.22732678069409282,0.3605018296921031
5-19B,10.0,259.0227,0.7034230864787339,0.2907696399815148
5-19B,10.0,261.0385,0.4982995465826622,0.0644376330219717
5-19B,10.0,266.0703,0.48588858718480793,0.34752483462974637
5-19B,10.0,267.0724,-0.37663672448313734,0.020236704748395853
5-19B,10.0,268.02,0.15244200466747537,0.21620033316412404
5-19B,10.0,269.0398,1.4110534852792025,0.19259025166195526
5-19B,10.0,271.0612,0.07213167752666773,0.5787395515437505
5-19B,10.0,271.0815,-1.2491190422121945,0.5313961041760067
5-19B,10.0,273.0021,-0.32526535416163727,0.19703060062434474
5-19B,10.0,274.0933,0.2762361643996274,0.18911395889947308
5-19B,10.0,275.0184,-0.30947271424249917,0.5053257387308794
5-19B,10.0,275.0991,0.8777387813102957,0.3417743957214623
5-19B,10.0,277.1207,-0.9161013741877462,0.02434965652341318
5-19B,10.0,277.2169,-0.8742436195029308,0.3364852501881234
5-19B,10.0,279.2331,-0.33261176202614573,0.013525694044560922
5-19B,10.0,282.0839,-0.23297560785904153,0.3133672715241597
5-19B,10.0,283.2063,-0.2616854876801786,0.19775861213634208
5-19B,10.0,285.0972,-1.1616915666696181,0.5796716018406235
5-19B,10.0,287.0157,-0.6352807102491558,0.4411120844315942
5-19B,10.0,288.0725,0.3931537739677059,0.28105907302838723
5-19B,10.0,289.0333,2.168531568350369,0.7935131451399466
5-19B,10.0,289.1044,1.780587807463649,0.45483548542413266
5-19B,10.0,290.9677,-0.22496563295701394,0.12602454159468762
5-19B,10.0,294.0479,-0.401581841539024,0.43870035303545163
5-19B,10.0,300.0509,-0.10153021810807222,0.8578004460655584
5-19B,10.0,301.0333,-0.8265957894910692,0.6233096906204373
5-19B,10.0,303.2326,-0.3390549609919592,0.2339534505296885
5-19B,10.0,305.0207,-0.794365681493285,0.07867944874541503
5-19B,10.0,306.0481,0.845209499725182,0.2445815942319199
5-19B,10.0,306.0765,-0.24707801438059712,0.012697322476793928
5-19B,10.0,308.0986,-0.36105712470077467,0.03424634289574649
5-19B,10.0,313.0441,3.2827397581779967,0.47552398308953797
5-19B,10.0,313.1037,0.34859964988532555,0.6666290389985883
5-19B,10.0,317.026,-0.1534256349859148,0.7316602642955158
5-19B,10.0,323.0256,0.7129960239714228,0.43109197422033624
5-19B,10.0,325.1163,1.6712965385075527,0.4639331037494196
5-19B,10.0,328.0457,2.4922433252673035,0.2621091807911521
5-19B,10.0,333.0589,2.5296969948812986,0.35988878364745935
5-19B,10.0,338.9884,0.5230028902225624,0.5012209273858611
5-19B,10.0,339.0928,0.6886026524478182,0.4673925327787132
5-19B,10.0,341.1089,-0.6449987751355837,0.16924962430567644
5-19B,10.0,344.0393,3.653404562180529,0.4889750855366605
5-19B,10.0,346.0556,0.8033645266882563,0.11175921791831187
5-19B,10.0,348.087,2.0187538905486364,0.2093257316623855
5-19B,10.0,353.0489,3.000704551908514,0.7839081979093854
5-19B,10.0,357.089,0.5520631467110282,0.24056785051703233
5-19B,10.0,375.131,2.1805376209344614,0.269648258685936
5-19B,10.0,377.1496,-1.034626247375948,0.23659996938731548
5-19B,10.0,383.1188,-0.6253946844003652,0.2816919088806648
5-19B,10.0,388.9416,-0.2602123889387129,0.1330255027710586
5-19B,10.0,388.9442,-0.6229154154906205,0.19944204805226473
5-19B,10.0,401.0756,-1.0740574440781754,0.06067661706264116
5-19B,10.0,407.2795,-0.7875220345485903,0.22162235190438656
5-19B,10.0,421.0743,-0.6580625995221826,0.5349843611430294
5-19B,10.0,426.0222,1.5713976880107516,0.7670806087203571
5-19B,10.0,442.9997,-0.45604615241239804,0.26795502701503465
5-19B,10.0,466.9657,-0.7249735997447722,0.09213521734219307
5-19B,10.0,490.9787,-0.7788975040564736,0.25689067423343037
5-19B,10.0,503.1614,-1.044262374265938,0.445226046030476
5-19B,10.0,547.0731,-0.4771446000344649,0.1252390685226358
5-19B,10.0,565.0471,-0.05542917462521196,0.14738577418740456
5-19B,10.0,578.8872,-0.9729877781557055,0.15295088867693724
5-19B,10.0,579.0269,-0.9695971028016314,0.046298033251097964
5-19B,10.0,612.2549,-0.4711573730335046,0.422853500798654
5-19B,10.0,624.2949,0.46431889488524114,0.6497502533487
5-19B,10.0,659.307,0.3966069960229459,0.27200227434273117
5-19B,10.0,664.0939,1.3394091862403996,0.3694810399603333
5-19B,10.0,665.2144,1.8720180667015938,0.639179432617814
5-19B,10.0,668.1374,1.731511127470378,0.1181175419672026
5-19B,10.0,787.255,-0.36598729548275966,0.23072791899128178
5-19B,10.0,790.2568,0.016537400729957956,0.25268992163884857
5-19B,10.0,835.0407,-0.04786125221064832,0.17917715695930675
5-19B,10.0,863.2971,0.5357553609332205,0.16154170635836476
5-19B,10.0,864.1473,0.11655201924031686,0.46185030467715793
5-19B,10.0,974.2935,0.42738938776260815,0.3590433474258738
5-19B,10.0,976.7162,-0.7499278747697845,0.06729443845965025
5-19C,1.0,57.0342,0.42105628487706465,0.32228132954333105
5-19C,1.0,58.0295,-1.0919154439844574,0.10120534395290631
5-19C,1.0,59.0135,-0.05440447322570169,0.11822889169789495
5-19C,1.0,71.0137,0.432451238262887,0.06906815608451958
5-19C,1.0,73.0293,-0.9616055842075022,0.006059188353433545
5-19C,1.0,74.0247,-1.0203588849810648,0.1274628375325589
5-19C,1.0,75.0087,-0.8114234662547871,0.34061809699752954
5-19C,1.0,87.0088,-0.6856548163684191,0.01426722205710076
5-19C,1.0,87.0451,0.7130447692554174,0.26549213675245925
5-19C,1.0,88.0403,-0.9530485125098365,0.015412951156419663
5-19C,1.0,88.9883,0.6856885068127205,0.4363870254310743
5-19C,1.0,89.0244,-0.5369140192962087,0.02518832062357825
5-19C,1.0,93.0338,-0.08617796410714672,0.008574223189731549
5-19C,1.0,94.9761,-0.9383114484379125,0.19228315755183503
5-19C,1.0,94.9806,0.6912474820297478,0.14835796947186308
5-19C,1.0,95.0139,0.7476454041203076,0.05609569222599642
5-19C,1.0,101.0242,0.5114140255973075,0.11502259703603432
5-19C,1.0,102.056,-0.567960855213349,0.022755768089593658
5-19C,1.0,103.0402,-1.0039505292205206,0.03041222186333661
5-19C,1.0,103.0509,-0.979412478118116,0.06638262374720273
5-19C,1.0,104.0352,0.5912788542236409,0.21415389371170584
5-19C,1.0,105.0193,-0.7423792286109866,0.5685263347463293
5-19C,1.0,107.0503,-0.5673002499173692,0.4432599035501848
5-19C,1.0,109.0295,-1.1549372162904075,0.12819625743755117
5-19C,1.0,111.02,-1.2013424781620872,0.0026918680740488283
5-19C,1.0,112.0516,-1.1710073121953775,0.3225633067749378
5-19C,1.0,113.0244,0.6752692055406095,0.06734921199551325
5-19C,1.0,113.0357,-1.2268783062722561,0.030590775605437444
5-19C,1.0,114.056,-0.24282046123126505,0.0020044998054181127
5-19C,1.0,115.0037,-0.9152957240456978,0.03735059523224423
5-19C,1.0,115.0402,-1.093968078110198,0.5232997825716923
5-19C,1.0,115.0764,-0.2559014824495494,0.43869871085710543
5-19C,1.0,116.0354,-1.2891797603514226,0.1912663521546447
5-19C,1.0,116.0717,-0.7692074453545837,0.016223866245115345
5-19C,1.0,117.0194,-0.9431678355607923,0.0020155011415076917
5-19C,1.0,118.0508,-1.2410360881050524,0.05353467067033407
5-19C,1.0,118.9804,0.6166450387234599,0.19662915212066104
5-19C,1.0,119.0503,-0.48346523087104176,0.1837186162861809
5-19C,1.0,120.9273,0.336872896480177,0.6417116233130864
5-19C,1.0,121.0295,0.029620905385104035,0.7731361376360582
5-19C,1.0,121.0409,0.8745861056345015,0.4513018084828854
5-19C,1.0,122.0248,-1.3023690492869608,0.12693204152041052
5-19C,1.0,124.0075,0.05430371536569403,1.089957734886208
5-19C,1.0,124.0144,0.052184372283019455,0.07261422528851186
5-19C,1.0,125.0439,-1.018055099094063,0.2682762602493041
5-19C,1.0,127.0764,0.5685335948079551,0.5375016700846587
5-19C,1.0,128.0354,-0.23970535972885487,0.024473875546199238
5-19C,1.0,129.0193,-1.27273737664617,0.04407064997473975
5-19C,1.0,129.0556,-0.11800522849546295,0.5765750330684936
5-19C,1.0,130.0142,-0.875970204739984,0.21577235625337998
5-19C,1.0,130.0509,-1.0725252581201392,0.013454986658412653
5-19C,1.0,130.0874,-0.8131069180675283,0.042955512947640176
5-19C,1.0,131.0008,-0.5491568845594378,0.7841443802422122
5-19C,1.0,131.0123,-0.7752113053845773,0.05528699119914201
5-19C,1.0,131.035,0.4167247927422314,0.1621476911788813
5-19C,1.0,131.0462,0.6597700706348884,0.133323144133474
5-19C,1.0,131.0828,0.9922253217855505,0.28138930104523124
5-19C,1.0,132.0302,-1.210767497158587,0.0036023088288610547
5-19C,1.0,133.0142,-0.5985822961563126,0.03308799805594628
5-19C,1.0,133.0257,-0.6434202741714576,0.07136596566254076
5-19C,1.0,133.0505,-1.3416225682561838,0.010396154007648676
5-19C,1.0,134.0472,-1.4036258372513455,0.2196726763089286
5-19C,1.0,134.0604,-1.5428961634437268,0.12522545220304848
5-19C,1.0,135.0302,-0.7519789472972849,0.1757094982156109
5-19C,1.0,135.0453,-1.9142669066210607,0.05043313031648571
5-19C,1.0,136.0404,-0.45254324571235705,0.053148641807113615
5-19C,1.0,136.0487,-1.8396368571737958,0.2324440514367445
5-19C,1.0,136.0767,-0.017306940249653728,0.33229064329306757
5-19C,1.0,137.0239,-0.3263105041793131,0.20910405534382773
5-19C,1.0,138.9789,0.013270207815434532,0.3291084836715981
5-19C,1.0,139.0014,-0.37635826350615165,0.07625884159525084
5-19C,1.0,139.0067,-0.7579323903739931,0.025371164211254644
5-19C,1.0,139.976,-1.0325393838626558,0.40968866222671274
5-19C,1.0,143.0713,1.1395397605047342,0.29090405562197325
5-19C,1.0,143.1077,0.08478612389629314,0.13733186634147174
5-19C,1.0,145.0141,-0.10281502969566825,0.24959505139681878
5-19C,1.0,145.0506,1.614247291656933,0.16173612692519954
5-19C,1.0,145.0623,1.198494474351263,0.12098251125787811
5-19C,1.0,145.0982,1.0247171954291516,0.09408683485069044
5-19C,1.0,145.1106,0.7541624296167198,0.4111930841041291
5-19C,1.0,146.0459,-0.47686145683620806,0.0026562450945906866
5-19C,1.0,147.0298,-0.9724292897169107,0.010949596176687936
5-19C,1.0,147.0662,-1.4507367155671218,0.017133610678053836
5-19C,1.0,149.0092,-0.10632827970499334,0.28253417872741915
5-19C,1.0,149.0456,0.461947169169973,0.14030319824944448
5-19C,1.0,149.0608,-0.7844863660178154,0.23614135456412347
5-19C,1.0,150.0422,0.3380526239667136,0.7853623747551608
5-19C,1.0,150.9707,-0.5801196490456755,0.9724273383053089
5-19C,1.0,151.0259,-0.4615208244290073,0.10178572932778805
5-19C,1.0,151.04,3.2723955062052603,0.3038667471081986
5-19C,1.0,151.06,0.2909973970876165,0.7012779069684999
5-19C,1.0,152.0353,-0.8663642241217641,0.2787387367195383
5-19C,1.0,152.0716,0.3169869368590747,0.08906932834556942
5-19C,1.0,153.0192,-0.4530500815780939,0.09161830670378544
5-19C,1.0,154.062,0.3868781311067212,0.13648303201831183
5-19C,1.0,154.9751,-1.002100643118008,0.00997439628142851
5-19C,1.0,155.0099,-1.1675192742104104,0.003920213526488927
5-19C,1.0,157.0128,-1.0057421947100345,0.009859906091731856
5-19C,1.0,157.0255,-1.328472355778127,0.009167994757353023
5-19C,1.0,157.0379,-1.370226754037446,0.01702703702060636
5-19C,1.0,157.0504,-1.1851232879628033,0.03736745472753131
5-19C,1.0,159.0297,0.6908499692956072,0.18266061393426145
5-19C,1.0,159.0775,-1.174455991700749,0.02687981822916204
5-19C,1.0,160.0616,-1.2663018106289161,0.25522978370110033
5-19C,1.0,161.0453,-0.19894040317025094,0.14344279792730621
5-19C,1.0,162.0424,-1.4536978365932685,0.05448361999201739
5-19C,1.0,163.0351,-1.0106125588009278,0.08935176034857707
5-19C,1.0,163.0398,0.010202303575110427,0.1430682756130569
5-19C,1.0,163.0611,-0.20468072878190313,0.7871720002455181
5-19C,1.0,164.0716,-0.3539781604707791,0.07199739771648479
5-19C,1.0,165.03,0.17195457389603575,0.16308453134554854
5-19C,1.0,165.0405,-0.48372702076514673,0.19939286534860712
5-19C,1.0,165.0556,-0.5280485625413579,0.051856941664043386
5-19C,1.0,166.0508,-1.4186963091246376,0.2457580195738441
5-19C,1.0,166.0632,-0.8271181043778385,0.7409562721725184
5-19C,1.0,166.9759,-1.1860226732088108,0.17813026163303397
5-19C,1.0,167.0207,-0.23425192914197593,0.410971758314864
5-19C,1.0,167.0358,1.5738788825996082,0.14110290161211045
5-19C,1.0,167.0828,0.28177477999365463,1.1145268605580465
5-19C,1.0,168.0277,-0.45367212770681153,0.04329995690148948
5-19C,1.0,168.0664,0.5397084243595067,0.4298080763240876
5-19C,1.0,170.0455,-0.8692653685495528,0.005462613452458496
5-19C,1.0,171.0065,-1.0076031930698375,0.07356843740544342
5-19C,1.0,171.0092,-1.0513434169886506,0.02684061816128454
5-19C,1.0,171.0284,-0.9519816008589784,0.07754597186728908
5-19C,1.0,172.0616,-1.5423183235241673,0.05700597480452839
5-19C,1.0,172.962,-0.5346581421795047,0.09827780792832613
5-19C,1.0,173.0089,-1.026449617702198,0.13033843355369465
5-19C,1.0,173.0453,-0.9397020157430123,0.1073511189561991
5-19C,1.0,173.0932,-0.26068523225430673,0.04174478676975742
5-19C,1.0,173.1041,1.1086493840669394,0.198580025354065
5-19C,1.0,174.0407,-1.0003793321692984,0.0011501764026933703
5-19C,1.0,174.088,1.154299189949154,0.17218639784593717
5-19C,1.0,175.022,-0.8465986337458691,0.028696607580100914
5-19C,1.0,175.0361,-1.2312990356298292,0.010233794137362782
5-19C,1.0,175.0611,-1.2451945255721597,0.00580961375829483
5-19C,1.0,176.0776,-1.2398580992248587,0.08283517848525479
5-19C,1.0,177.0402,0.3103086754278349,0.5330074722625429
5-19C,1.0,177.0553,0.9518452888753188,0.044223276931639036
5-19C,1.0,178.0509,-1.070705435227981,0.00925160794065636
5-19C,1.0,179.0348,-0.9049229850587042,0.28291334839780846
5-19C,1.0,179.0561,0.8409330876160135,0.13793822240201264
5-19C,1.0,180.0663,0.8605730872329684,0.1014466329993607
5-19C,1.0,181.0505,-0.1897486667204267,0.37716294094455816
5-19C,1.0,182.9725,0.5055847106924795,0.18895921543294394
5-19C,1.0,183.0661,0.7160563013008941,0.10447691732485326
5-19C,1.0,184.0017,-0.49546506800765866,0.042970427385694926
5-19C,1.0,184.9856,-0.7658317617837282,0.0547505685769244
5-19C,1.0,186.1136,0.1346498842321853,0.2530107235602188
5-19C,1.0,187.0234,-0.9587478801544285,0.5192570176557477
5-19C,1.0,188.035,-0.6632926232633367,0.6359722373688111
5-19C,1.0,188.0565,-1.126248478438321,0.0036878279965343198
5-19C,1.0,189.0405,0.7263658300982753,0.08555772922623794
5-19C,1.0,191.0197,-1.0272681551324978,0.060557899638080635
5-19C,1.0,191.0561,-1.0583959241700973,0.027273760736543366
5-19C,1.0,192.0663,-0.613964132364917,0.3516273321658498
5-19C,1.0,193.0349,-0.22139837755092326,0.5513702785328134
5-19C,1.0,194.0682,-0.9193348629057835,0.09474478924042047
5-19C,1.0,194.0822,0.3211326488933577,1.081010785849265
5-19C,1.0,195.0509,0.3992623263760885,0.12515081368585126
5-19C,1.0,195.0657,8.337866993703956,0.4254367516392963
5-19C,1.0,196.0603,-1.2846807398928346,0.11180238941724821
5-19C,1.0,198.0182,-0.6151906967690746,0.37615350851213203
5-19C,1.0,199.0019,-0.5271521143534981,0.42688932773981564
5-19C,1.0,200.9937,0.16356126653742073,0.2784115458572495
5-19C,1.0,201.0051,-1.0957832981468707,0.42776461774818425
5-19C,1.0,203.0348,-0.58844785082355,0.13350373191598464
5-19C,1.0,203.0826,-0.06864749514671356,0.008321667715135823
5-19C,1.0,204.0498,0.3454853924357296,0.2467677347699255
5-19C,1.0,205.0351,-1.0447216863417967,0.10320744804122035
5-19C,1.0,206.0822,-0.6717188322606646,0.8051062697603935
5-19C,1.0,209.0292,-0.6639720057773525,0.24086955883390887
5-19C,1.0,209.0814,3.8550737201070824,0.4101228925204423
5-19C,1.0,211.0235,0.8649890072227646,0.4482182209729819
5-19C,1.0,211.9968,-1.0920368663027018,0.007795386098484131
5-19C,1.0,212.0331,-0.4699222167652336,0.14601184352325217
5-19C,1.0,212.9807,-0.8505214639648924,0.06315624301037988
5-19C,1.0,213.014,-0.3555584735050017,0.08477366261800207
5-19C,1.0,213.0384,-0.5544376532595308,0.2739802664057501
5-19C,1.0,213.1252,0.16072786501014155,0.42279494920509075
5-19C,1.0,214.0488,0.19329651710156273,1.0411145875722698
5-19C,1.0,215.0331,0.45907881126419836,0.1010036084785745
5-19C,1.0,216.1351,0.2975513873154217,0.4164105614550816
5-19C,1.0,218.0335,0.49121743039111465,0.11536819468095773
5-19C,1.0,218.1034,-1.2817106002451908,0.018514864202857573
5-19C,1.0,220.0828,0.46191966425491693,1.2284918107352172
5-19C,1.0,221.0443,0.5623234773543544,0.12365329413491395
5-19C,1.0,221.0664,0.007416805419101724,0.447204108056877
5-19C,1.0,225.0399,1.8164115649070478,0.8835821296327658
5-19C,1.0,225.0861,-1.0005153403216491,0.2498978294738727
5-19C,1.0,225.0901,-0.35782838664164524,0.5406896804814896
5-19C,1.0,226.0135,-0.9398799272536058,0.31483452819555446
5-19C,1.0,226.0697,0.3016612998429885,0.3298497682981412
5-19C,1.0,228.0501,-0.645533503756416,0.42200336023787194
5-19C,1.0,229.0122,-0.926051138358438,0.08622234359104243
5-19C,1.0,237.0614,-1.2165464879384271,0.23264120491218349
5-19C,1.0,238.0945,1.0575607537883198,0.5141381431988816
5-19C,1.0,240.0515,-1.425142351935576,0.007457269894653972
5-19C,1.0,241.0844,-1.0827939767959047,0.4800293174945988
5-19C,1.0,242.0804,0.033521646717799,0.28081514973519167
5-19C,1.0,243.029,-0.637282270323458,0.21955398125469133
5-19C,1.0,243.0625,-1.0967406575359167,0.2323418004812439
5-19C,1.0,245.0444,-0.7159414141484688,0.09134372371426101
5-19C,1.0,246.0198,-0.8494241820595784,0.2858432373264495
5-19C,1.0,246.064,0.4975700646850317,0.9849037067377214
5-19C,1.0,251.0816,-0.4790848701119841,0.6759507027290981
5-19C,1.0,253.0119,-0.35562825567702594,0.011324258274304933
5-19C,1.0,253.0499,1.6584140066798265,0.9598834053989845
5-19C,1.0,257.0072,-0.8488269149387613,0.1917659858891587
5-19C,1.0,257.1028,1.2668144989542025,0.6243531138699733
5-19C,1.0,259.005,-0.19193325369153713,0.7468748274212444
5-19C,1.0,259.0227,0.5838466670399313,0.31452121567635305
5-19C,1.0,261.0385,-0.2616196259041995,0.23618266236811036
5-19C,1.0,266.0703,-0.7380453427231537,0.09474560831319492
5-19C,1.0,267.0724,-0.6922870600502766,0.02957348468484819
5-19C,1.0,268.02,-0.9204194228009481,0.569939217142791
5-19C,1.0,269.0398,-0.7101229727891054,0.30561210260478994
5-19C,1.0,271.0612,3.045925312348873,0.789606757998726
5-19C,1.0,271.0815,2.25044783970809,0.501028289242455
5-19C,1.0,273.0021,-0.8319596609679902,0.0857215400920054
5-19C,1.0,274.0933,-1.369492868796577,0.11524873942816341
5-19C,1.0,275.0184,-0.08997189406299665,0.6562952167360886
5-19C,1.0,275.0991,-0.810844082211037,0.09212354039985868
5-19C,1.0,277.1207,2.260372023550892,0.19963113776378416
5-19C,1.0,277.2169,0.36020367182577906,0.5187512639059922
5-19C,1.0,279.2331,0.26671790706666376,0.1432224447811705
5-19C,1.0,282.0839,-0.06618983132327796,0.518529344079457
5-19C,1.0,283.2063,0.24030906203092847,0.16182247942395855
5-19C,1.0,285.0972,1.3129728196212431,0.9975902105300384
5-19C,1.0,287.0157,0.11852150256137753,0.5010096722702644
5-19C,1.0,288.0725,-0.7535914459203792,0.006565946179861918
5-19C,1.0,289.0333,-0.4980822367116392,0.41700290826550074
5-19C,1.0,289.1044,-1.0618235771859583,0.26845988959272504
5-19C,1.0,290.9677,-0.5410598173448318,0.0976598181405288
5-19C,1.0,294.0479,0.6341034343245142,0.37494842259009853
5-19C,1.0,300.0509,0.19830832359542766,0.4005719958482082
5-19C,1.0,301.0333,0.3197338704324064,0.8453692762820634
5-19C,1.0,303.2326,-0.3799572816750787,0.40705348494815696
5-19C,1.0,305.0207,0.5066688863344178,0.03636752493849095
5-19C,1.0,306.0481,-1.1289277859875355,0.04988278858738362
5-19C,1.0,306.0765,-0.3025620832241527,0.011693580625684126
5-19C,1.0,308.0986,-0.004398057703046996,0.04966498649415063
5-19C,1.0,313.0441,-0.6149811622624818,0.5570371636416164
5-19C,1.0,313.1037,-0.18250958572719977,0.4845822938136708
5-19C,1.0,317.026,11.734452727167334,1.579682714767269
5-19C,1.0,323.0256,0.2987564152772129,0.42000520093876986
5-19C,1.0,325.1163,-0.38169810976045015,0.7548404893504552
5-19C,1.0,328.0457,-0.944831231081988,0.11076388663234948
5-19C,1.0,333.0589,-0.8551265587505736,0.3097419733758331
5-19C,1.0,338.9884,-0.677851512184215,0.20415985335720063
5-19C,1.0,339.0928,1.5857417981952562,1.06653770805645
5-19C,1.0,341.1089,-0.3203959233897341,0.08716714378792687
5-19C,1.0,344.0393,-0.48323740911605184,0.26747413554401633
5-19C,1.0,346.0556,-0.2166686021909802,0.043602165031143045
5-19C,1.0,348.087,-1.0503284465641087,0.0241685865262456
5-19C,1.0,353.0489,-0.18508898502325505,0.22992938874480726
5-19C,1.0,357.089,-0.31878012496040153,0.28205772083531927
5-19C,1.0,375.131,-0.30844930305947654,0.33734389128160386
5-19C,1.0,377.1496,0.3141217079931831,0.40165138370253567
5-19C,1.0,383.1188,0.7347331039282337,0.3593630495936288
5-19C,1.0,388.9416,-0.5960485246349236,0.2711544154703523
5-19C,1.0,388.9442,-0.7676981051018757,0.22816849506287293
5-19C,1.0,401.0756,0.6000721375363232,0.08763986806719123
5-19C,1.0,407.2795,1.010698757367667,0.46854147126846163
5-19C,1.0,421.0743,-0.27836131785115237,0.41084473302645014
5-19C,1.0,426.0222,-0.4735361538468438,0.044927387088549944
5-19C,1.0,442.9997,-0.04124319600082559,0.1138863997643999
5-19C,1.0,466.9657,0.32733420464196855,0.11152694177896838
5-19C,1.0,490.9787,-0.5589617550928185,0.8944620931609356
5-19C,1.0,503.1614,0.5162944893282859,0.4137331372534637
5-19C,1.0,547.0731,-0.9657208652917912,0.1004737004857092
5-19C,1.0,565.0471,-1.1700382854780556,0.20350276283554408
5-19C,1.0,578.8872,0.8071891718816694,0.11958977624212053
5-19C,1.0,579.0269,0.25809774602007707,0.21651962778369455
5-19C,1.0,612.2549,-0.5036744593304264,0.42676201770419414
5-19C,1.0,624.2949,-0.11217881495213172,0.32324588233859675
5-19C,1.0,659.307,1.076148801246687,0.667262943959778
5-19C,1.0,664.0939,-0.27279049429733737,0.14185672420104567
5-19C,1.0,665.2144,-0.5021174990190915,0.30584299422397404
5-19C,1.0,668.1374,-0.6164889873328459,0.00021435285046610123
5-19C,1.0,787.255,1.5042585625493161,0.8746664884110273
5-19C,1.0,790.2568,1.0240565107081594,0.4756984839918662
5-19C,1.0,835.0407,-0.6376246162573057,0.18464024261476766
5-19C,1.0,863.2971,-0.5794367458598971,0.06562461787165272
5-19C,1.0,864.1473,1.2304152822036034,0.7993690040942643
5-19C,1.0,974.2935,-0.3580520288429194,0.16202758870568076
5-19C,1.0,976.7162,1.3190711794362655,0.24552909064940526
5-19C,2.0,57.0342,1.4195346842859857,0.5802420920417415
5-19C,2.0,58.0295,-0.8656006727362697,0.2246322498077103
5-19C,2.0,59.0135,1.3286509264168267,0.25755232533376404
5-19C,2.0,71.0137,1.216660389370432,0.13922127139699225
5-19C,2.0,73.0293,-0.9518646021149268,0.009617165967641379
5-19C,2.0,74.0247,-1.1672501766538446,0.36857352471683585
5-19C,2.0,75.0087,-0.2252852281393717,0.649729274257583
5-19C,2.0,87.0088,-0.66984027831656,0.01737217893623026
5-19C,2.0,87.0451,0.6581486142990844,0.6784728707054509
5-19C,2.0,88.0403,-0.9194892635564778,0.00804115991757585
5-19C,2.0,88.9883,-0.5983430576591061,0.6373246720478003
5-19C,2.0,89.0244,-0.23624004951044408,0.08800959516472819
5-19C,2.0,93.0338,-0.0705352918110555,0.014000963643429681
5-19C,2.0,94.9761,-0.4407827077505466,0.3209823854142192
5-19C,2.0,94.9806,1.2055410233670327,0.30943596570033677
5-19C,2.0,95.0139,1.5850336818078783,0.19289456353402548
5-19C,2.0,101.0242,1.7641884282608986,0.24650598947361088
5-19C,2.0,102.056,-0.5286783075721389,0.07073428837350261
5-19C,2.0,103.0402,-0.9495849583875379,0.03180236571351137
5-19C,2.0,103.0509,-0.9080025094084354,0.0329055287213716
5-19C,2.0,104.0352,-0.6146459673096928,0.14789855310398922
5-19C,2.0,105.0193,0.22414032030178632,0.5270228453339451
5-19C,2.0,107.0503,1.0638005177916465,0.44755224609591476
5-19C,2.0,109.0295,-0.8652058996937384,0.15143941641982078
5-19C,2.0,111.02,-0.8541286231375004,0.023503246946324788
5-19C,2.0,112.0516,0.8386365867663086,0.474383262869504
5-19C,2.0,113.0244,1.4910562648000147,0.2454275778014255
5-19C,2.0,113.0357,-0.7509520223495127,0.072709335403601
5-19C,2.0,114.056,-0.24214377482066318,0.0017691132940537543
5-19C,2.0,115.0037,-0.8056387286096717,0.061821471428455094
5-19C,2.0,115.0402,0.2840025874831361,0.3985948036833412
5-19C,2.0,115.0764,1.4958349135114197,0.21236950265158275
5-19C,2.0,116.0354,-1.144427782890919,0.11591444635333843
5-19C,2.0,116.0717,-0.8247033376735692,0.007433695755048081
5-19C,2.0,117.0194,-0.9456289360176555,0.0011581670154492763
5-19C,2.0,118.0508,-1.5129078533301368,0.19190583337927325
5-19C,2.0,118.9804,1.2982141366412248,0.21479081399134037
5-19C,2.0,119.0503,0.5538779954560947,0.571885454845719
5-19C,2.0,120.9273,-0.018623797522106744,0.29070604792037036
5-19C,2.0,121.0295,1.4059274903721357,0.24849309447214746
5-19C,2.0,121.0409,1.0303190734689593,0.545756569635032
5-19C,2.0,122.0248,-0.577090386678561,0.15938628145119396
5-19C,2.0,124.0075,0.450708311201784,0.1672688802494534
5-19C,2.0,124.0144,0.027920019765030578,0.20031164099084178
5-19C,2.0,125.0439,-0.4510761622790115,0.05436304791890312
5-19C,2.0,127.0764,1.4191822923872093,0.5543518611005217
5-19C,2.0,128.0354,-0.3727306518823147,0.005428992234346867
5-19C,2.0,129.0193,-0.9660363749685266,0.05432567949214862
5-19C,2.0,129.0556,1.547647392415676,0.8369099928173032
5-19C,2.0,130.0142,-0.6095147888996781,0.21092485439617523
5-19C,2.0,130.0509,-1.0483636096592068,0.012904150351380783
5-19C,2.0,130.0874,-1.0814480878998722,0.027080570507862896
5-19C,2.0,131.0008,-0.7438944480578555,1.201601895726005
5-19C,2.0,131.0123,-0.6298810626519299,0.04657014688482975
5-19C,2.0,131.035,0.9734532639992608,0.15561892589321877
5-19C,2.0,131.0462,0.8443462398828467,0.35657071258339706
5-19C,2.0,131.0828,-0.5331057582142807,0.11601476034105294
5-19C,2.0,132.0302,-1.0621529099892886,0.02757613742978222
5-19C,2.0,133.0142,-0.3052891837172149,0.06876196988127807
5-19C,2.0,133.0257,-0.33963449526985506,0.02263349728485863
5-19C,2.0,133.0505,-1.2083928327703255,0.01491317406520303
5-19C,2.0,134.0472,-1.2338398163653657,0.14772873408357484
5-19C,2.0,134.0604,-1.1281232011402085,0.11138785193121065
5-19C,2.0,135.0302,-1.0121805280022373,0.03275061954399055
5-19C,2.0,135.0453,-0.8834999046794336,0.05756071951573343
5-19C,2.0,136.0404,-0.3920443492193808,0.10125789697157017
5-19C,2.0,136.0487,-0.655643046370608,0.37441833687960696
5-19C,2.0,136.0767,1.175127517083106,0.5104699290010092
5-19C,2.0,137.0239,-0.2643952116862547,0.1559307328257604
5-19C,2.0,138.9789,1.3734123140611565,0.26403569885236533
5-19C,2.0,139.0014,-0.3608052893951626,0.0689370592292971
5-19C,2.0,139.0067,-0.6314383470171684,0.02779467252924357
5-19C,2.0,139.976,0.5576806647423406,0.30764793282376723
5-19C,2.0,143.0713,2.0147750318696453,0.2921282247907332
5-19C,2.0,143.1077,2.23172847735309,0.34604089509413144
5-19C,2.0,145.0141,-0.14381222301315927,0.12925264380770263
5-19C,2.0,145.0506,-0.6845670421312477,0.0800008874308934
5-19C,2.0,145.0623,-0.9907383881976741,0.10737572464221885
5-19C,2.0,145.0982,-0.2805752720058472,0.2242966802367931
5-19C,2.0,145.1106,-0.21882826339368439,0.5550577518778514
5-19C,2.0,146.0459,-0.5027836309892204,0.0055675753376296325
5-19C,2.0,147.0298,-0.9268331894873185,0.008251090938648861
5-19C,2.0,147.0662,-1.2884931678390066,0.009210038373402934
5-19C,2.0,149.0092,1.9417595014204563,0.23716120091775456
5-19C,2.0,149.0456,0.8603731373334307,0.4037802683129716
5-19C,2.0,149.0608,1.50376737962404,0.4784526866383914
5-19C,2.0,150.0422,-0.9256722810481794,0.6356045560902333
5-19C,2.0,150.9707,0.49375651623922556,0.7449931100666217
5-19C,2.0,151.0259,-0.5932064642954659,0.06569658074470053
5-19C,2.0,151.04,1.8308887695352516,0.616003826728189
5-19C,2.0,151.06,-0.23781681959275217,0.24938532457842674
5-19C,2.0,152.0353,0.351845146019488,0.4734791703890082
5-19C,2.0,152.0716,1.5277377561371963,0.40991170907506236
5-19C,2.0,153.0192,0.2566700154252696,0.09897468119912256
5-19C,2.0,154.062,-0.3340718661502988,0.03757667765901313
5-19C,2.0,154.9751,-0.9884903818625294,0.013187528999256567
5-19C,2.0,155.0099,-0.8052553953873078,0.01849765966867499
5-19C,2.0,157.0128,-0.8115760819870224,0.05216990178198666
5-19C,2.0,157.0255,-1.1044170798350195,0.030935797607770786
5-19C,2.0,157.0379,-1.1046043681184212,0.06801262354636352
5-19C,2.0,157.0504,-1.0929028204478566,0.030884265324779916
5-19C,2.0,159.0297,0.6831251405268794,0.14525097868692874
5-19C,2.0,159.0775,-1.0833661045454535,0.028609604654014017
5-19C,2.0,160.0616,-1.6158242228418338,0.16820025174983666
5-19C,2.0,161.0453,0.7451438957731539,0.3114603553165482
5-19C,2.0,162.0424,-1.1759812153127647,0.31111112258469853
5-19C,2.0,163.0351,-0.8285869691136931,0.1549566426791274
5-19C,2.0,163.0398,0.32927492774742645,0.07727498392399118
5-19C,2.0,163.0611,0.7941461489078834,0.6030869523646519
5-19C,2.0,164.0716,-0.5763390977859818,0.06433296423160557
5-19C,2.0,165.03,1.9165303060173526,0.6533762338875309
5-19C,2.0,165.0405,0.8283836187399365,0.5273744014629135
5-19C,2.0,165.0556,-0.5711443025315712,0.16834349919963182
5-19C,2.0,166.0508,-1.2227081374116335,0.08761188686613566
5-19C,2.0,166.0632,0.7378315134925542,0.6803918779380487
5-19C,2.0,166.9759,-0.46977019230145145,0.44355780065019
5-19C,2.0,167.0207,-0.1369191716353152,0.31833443835176756
5-19C,2.0,167.0358,1.478981697161119,0.9414754270998873
5-19C,2.0,167.0828,-0.0066801721189536645,0.5050224419902105
5-19C,2.0,168.0277,-0.4905304475505119,0.007486855950260934
5-19C,2.0,168.0664,1.1848446562475345,0.48118651703099946
5-19C,2.0,170.0455,-0.8598650495750604,0.009516307983636087
5-19C,2.0,171.0065,-0.8412660461875544,0.2113280287696274
5-19C,2.0,171.0092,-0.9345904972910561,0.2584113542488397
5-19C,2.0,171.0284,-0.8944100153098187,0.07067240291353889
5-19C,2.0,172.0616,-1.4742404926239083,0.057409058178857116
5-19C,2.0,172.962,-0.4885312344948256,0.048161044013950056
5-19C,2.0,173.0089,-0.949641515396386,0.18188242977915303
5-19C,2.0,173.0453,-0.5020036557957165,0.13211588129875437
5-19C,2.0,173.0932,-0.8892914722416762,0.02275793633872
5-19C,2.0,173.1041,-0.7965575721160204,0.15967585071611493
5-19C,2.0,174.0407,-0.9591884875640966,0.007486278287577944
5-19C,2.0,174.088,-0.5783798939515901,0.13733518487244123
5-19C,2.0,175.022,-0.7221024152381125,0.15766113335634746
5-19C,2.0,175.0361,-1.0521259181057263,0.026768053628227026
5-19C,2.0,175.0611,-1.1378768258204626,0.01906366763925129
5-19C,2.0,176.0776,-1.1602773768483556,0.22888391970380667
5-19C,2.0,177.0402,1.2761544207949607,0.7301149059571608
5-19C,2.0,177.0553,0.3207866640637359,0.4116841219181677
5-19C,2.0,178.0509,-1.016807074625662,0.005036528531064012
5-19C,2.0,179.0348,-0.7284572755026941,0.2394337592608304
5-19C,2.0,179.0561,1.352179241471672,0.2491502369021661
5-19C,2.0,180.0663,1.42965032636562,0.24613012178328114
5-19C,2.0,181.0505,-0.1475768675848213,0.5654304023234619
5-19C,2.0,182.9725,1.5823871042269442,0.2950699910843199
5-19C,2.0,183.0661,1.0652711717382692,0.36490756754971027
5-19C,2.0,184.0017,-0.4536635389889695,0.04092063769690754
5-19C,2.0,184.9856,-0.19935787792012272,0.22394259781310602
5-19C,2.0,186.1136,1.1487339984566898,1.1835359760348914
5-19C,2.0,187.0234,-0.4029360212629785,0.2813659397546111
5-19C,2.0,188.035,-0.33483373985984904,0.7588161633244371
5-19C,2.0,188.0565,-1.0660851634269939,0.005478761687301771
5-19C,2.0,189.0405,1.8436738656082041,0.2393318278444711
5-19C,2.0,191.0197,-0.70849180800284,0.2678850506846215
5-19C,2.0,191.0561,-1.0802411905902138,0.024438660877006465
5-19C,2.0,192.0663,-0.5894355689495392,0.3757732443204978
5-19C,2.0,193.0349,-0.30875618706467867,0.7815696135121083
5-19C,2.0,194.0682,-0.9934302830911166,0.14824265636695405
5-19C,2.0,194.0822,0.7065339580302713,0.6028601998524207
5-19C,2.0,195.0509,-0.21996548300991925,0.16207197618768346
5-19C,2.0,195.0657,-0.5903357348397948,0.792330052034244
5-19C,2.0,196.0603,-1.2820655322108616,0.03993322886966427
5-19C,2.0,198.0182,-0.7878700564628036,0.26366625296272683
5-19C,2.0,199.0019,-0.25635503823749306,0.4188295990514706
5-19C,2.0,200.9937,1.0348832732653441,0.3994784917863764
5-19C,2.0,201.0051,-1.4453792151443936,0.32708556953031864
5-19C,2.0,203.0348,-0.016563049158054996,0.28095494949377187
5-19C,2.0,203.0826,-0.08546829452209992,0.004458452647946573
5-19C,2.0,204.0498,0.06611901407561784,0.4480879453477937
5-19C,2.0,205.0351,-0.9972296119330955,0.17552100386462158
5-19C,2.0,206.0822,0.7773998326833946,0.4010934976732286
5-19C,2.0,209.0292,-0.22420159797164385,0.5938208633687778
5-19C,2.0,209.0814,0.7358983350904738,0.3613573196792216
5-19C,2.0,211.0235,0.07774059767980285,0.09662976406227235
5-19C,2.0,211.9968,-1.0456557636778903,0.032112710142534646
5-19C,2.0,212.0331,-0.4042124667273572,0.15850228225222546
5-19C,2.0,212.9807,-0.4330333819385463,0.03728792482220513
5-19C,2.0,213.014,-0.6402747438676959,0.21291987272229598
5-19C,2.0,213.0384,-0.5125361949038952,0.18891346522234484
5-19C,2.0,213.1252,0.9083894669922864,0.5902182807453571
5-19C,2.0,214.0488,0.04124109647115247,0.4644939649161267
5-19C,2.0,215.0331,1.2699128942853062,0.21599762697392605
5-19C,2.0,216.1351,0.444471091343617,0.2460496357205543
5-19C,2.0,218.0335,1.2871189415887994,0.2287136644998582
5-19C,2.0,218.1034,-1.1892860638564757,0.02662984447874603
5-19C,2.0,220.0828,0.04308274980101938,0.5175751036306077
5-19C,2.0,221.0443,1.692166309502246,0.10388874244598206
5-19C,2.0,221.0664,1.6324299833387932,0.3815175396276005
5-19C,2.0,225.0399,1.0947210173618698,1.0731938826762946
5-19C,2.0,225.0861,1.3610415349175282,0.5690220301563437
5-19C,2.0,225.0901,1.2325131722117384,0.8453658664020234
5-19C,2.0,226.0135,-0.4300047257347146,0.2034115020667787
5-19C,2.0,226.0697,0.5288749479970367,0.365656453184616
5-19C,2.0,228.0501,-0.8864314113143978,0.14229590607420925
5-19C,2.0,229.0122,-0.7144911660938597,0.22808460521304244
5-19C,2.0,237.0614,-1.2999852550844861,0.22707748827823232
5-19C,2.0,238.0945,1.0004680178494443,0.22629481573344978
5-19C,2.0,240.0515,-1.300609883577688,0.01279406813148637
5-19C,2.0,241.0844,-0.414047058832421,0.5655989777607164
5-19C,2.0,242.0804,-0.7379561829855383,1.1057136898925493
5-19C,2.0,243.029,0.05176485151638211,0.32815274231701547
5-19C,2.0,243.0625,-0.6106755202983536,0.3330758986344078
5-19C,2.0,245.0444,0.6952431916185987,0.4067049607079086
5-19C,2.0,246.0198,0.04428180890776101,0.6434789943343512
5-19C,2.0,246.064,1.2611133014862197,0.7499340673179178
5-19C,2.0,251.0816,0.02569277316657953,1.2071897500731548
5-19C,2.0,253.0119,-0.32803953283261733,0.0176679213850048
5-19C,2.0,253.0499,2.8407131891938833,1.1938911410007333
5-19C,2.0,257.0072,-0.9151685289637477,0.24151137057201683
5-19C,2.0,257.1028,0.2294487096256785,0.7227570215803077
5-19C,2.0,259.005,-0.02676346101294394,0.653344392980735
5-19C,2.0,259.0227,1.23910988458278,0.26296250446118924
5-19C,2.0,261.0385,0.4581785343439822,0.2522542745526251
5-19C,2.0,266.0703,-0.6510036992088597,0.09445055749962568
5-19C,2.0,267.0724,-0.7039633979874087,0.013826179210177826
5-19C,2.0,268.02,-0.8275412970045695,0.807191760407902
5-19C,2.0,269.0398,-0.7359594704513259,0.1632366129665991
5-19C,2.0,271.0612,1.6267367351689277,0.7073104268167044
5-19C,2.0,271.0815,1.6999703643555892,0.6183540208235986
5-19C,2.0,273.0021,-0.7447864468937788,0.1280704674510301
5-19C,2.0,274.0933,-1.037228725537755,0.06815864619535401
5-19C,2.0,275.0184,0.4079373146508909,0.18765469768906126
5-19C,2.0,275.0991,-0.630495869397389,0.224592664096192
5-19C,2.0,277.1207,1.9774082578752115,0.29650662081123624
5-19C,2.0,277.2169,0.6537916941286851,0.405787638113775
5-19C,2.0,279.2331,-0.27031180763097873,0.03479372921017465
5-19C,2.0,282.0839,0.4874780204643937,0.5095084188846333
5-19C,2.0,283.2063,-0.04080172447498448,0.16647592289169721
5-19C,2.0,285.0972,0.2991518005185049,0.8653165470389552
5-19C,2.0,287.0157,1.1618794860070683,0.607108620066271
5-19C,2.0,288.0725,-0.7239241131312664,0.09865972753578116
5-19C,2.0,289.0333,0.10424341482587882,0.6670850137348618
5-19C,2.0,289.1044,-1.2935476471344374,0.1934276090521837
5-19C,2.0,290.9677,-0.46825738320476185,0.02268073061399378
5-19C,2.0,294.0479,1.2290513179777416,1.2620461499064712
5-19C,2.0,300.0509,-0.017921393979211678,0.5730765932193294
5-19C,2.0,301.0333,0.5920938330569047,0.4291482123551095
5-19C,2.0,303.2326,0.11128372127673056,0.7806844593184805
5-19C,2.0,305.0207,1.5172519846782233,0.3757844907815981
5-19C,2.0,306.0481,-1.106873628452012,0.0918510258769923
5-19C,2.0,306.0765,-0.2822890580697766,0.039131816733549714
5-19C,2.0,308.0986,-0.28399941107356635,0.05476810604592375
5-19C,2.0,313.0441,-0.28694093010017996,0.1689056784884257
5-19C,2.0,313.1037,-1.2487516117674968,0.40059636024685125
5-19C,2.0,317.026,0.3312918171092649,0.5714284512310628
5-19C,2.0,323.0256,2.267095865167308,0.9051142057522706
5-19C,2.0,325.1163,-0.6595435219413208,0.475479378900046
5-19C,2.0,328.0457,-0.9643205157271438,0.06258696739800855
5-19C,2.0,333.0589,-1.1434492465207944,0.2001901932567454
5-19C,2.0,338.9884,-0.3014775291289935,0.1689860848680551
5-19C,2.0,339.0928,-0.023703161036785055,0.7882838813130167
5-19C,2.0,341.1089,0.11350898354916578,0.22804472791396493
5-19C,2.0,344.0393,-0.3799586985445038,0.28491609867711076
5-19C,2.0,346.0556,1.0640193118656556,0.40153299459170594
5-19C,2.0,348.087,-0.9562019447371294,0.16929587545070246
5-19C,2.0,353.0489,-0.17237273939568049,0.6220930867604553
5-19C,2.0,357.089,-0.7185018686106612,0.2488868374655045
5-19C,2.0,375.131,-0.2748263015977738,0.3997053692921389
5-19C,2.0,377.1496,-0.4183277698872769,0.5313866443234411
5-19C,2.0,383.1188,1.5368929943438294,0.43826426486497017
5-19C,2.0,388.9416,0.09801282247057848,0.49212733664113617
5-19C,2.0,388.9442,-0.5714205413505349,0.2851653747104435
5-19C,2.0,401.0756,1.4975020465387834,0.15159059807067163
5-19C,2.0,407.2795,0.08392027309079042,0.14113023149606665
5-19C,2.0,421.0743,-0.042228679996034135,0.695266023993577
5-19C,2.0,426.0222,0.3680239658425921,0.7043676226855355
5-19C,2.0,442.9997,0.15669182469349321,0.25511144630662375
5-19C,2.0,466.9657,1.654987767741509,0.4079961245479356
5-19C,2.0,490.9787,-0.002728901609155926,0.778322754721669
5-19C,2.0,503.1614,1.7063580080178284,0.6276179336548876
5-19C,2.0,547.0731,-1.261864024846539,0.09326183073897616
5-19C,2.0,565.0471,-0.370870838023435,0.2900242911785582
5-19C,2.0,578.8872,1.5847422665907938,0.3018244366339649
5-19C,2.0,579.0269,1.1357489255228352,0.14968865736860015
5-19C,2.0,612.2549,-0.787037639917888,0.19405667320462455
5-19C,2.0,624.2949,-0.4807470122570146,0.522125055849324
5-19C,2.0,659.307,1.008647648594462,0.20342111652976233
5-19C,2.0,664.0939,-0.4445575630649094,0.23817047738953515
5-19C,2.0,665.2144,0.5670025749687528,0.4295706030329914
5-19C,2.0,668.1374,-0.6167123223876279,0.00015685244680324628
5-19C,2.0,787.255,1.279779036292708,0.8242456256648731
5-19C,2.0,790.2568,0.788322872796593,0.6485726139314157
5-19C,2.0,835.0407,-0.6468736727045319,0.08462396524392955
5-19C,2.0,863.2971,-0.6366821801468089,0.11717220716434501
5-19C,2.0,864.1473,0.6040787969506916,0.2203473372088796
5-19C,2.0,974.2935,-0.45365304189735756,0.28900907616580557
5-19C,2.0,976.7162,1.5540164016752276,0.296630724698262
5-19C,3.0,57.0342,0.5740631854457576,0.12392474670771894
5-19C,3.0,58.0295,-0.7739826286116683,0.09926368578864847
5-19C,3.0,59.0135,0.2647043250123977,0.0869146988836128
5-19C,3.0,71.0137,0.6448827262889557,0.029869433543824403
5-19C,3.0,73.0293,-0.9492200719021233,0.008623670801465264
5-19C,3.0,74.0247,-0.7160482568398445,0.37832319154980876
5-19C,3.0,75.0087,-0.5353466283672006,0.34767249722425114
5-19C,3.0,87.0088,-0.6809734168139577,0.007069720528918178
5-19C,3.0,87.0451,0.5074642705924153,0.6620102635526903
5-19C,3.0,88.0403,-0.8716212359285,0.011684679071889222
5-19C,3.0,88.9883,0.3699266590515554,0.6842379081020272
5-19C,3.0,89.0244,-0.5611428370496896,0.10903110863915963
5-19C,3.0,93.0338,-0.07542689669294356,0.00363726014688527
5-19C,3.0,94.9761,-0.9205876921653535,0.4422925639184194
5-19C,3.0,94.9806,0.789794274544581,0.2456083428373364
5-19C,3.0,95.0139,0.6087130472811517,0.17734715149908992
5-19C,3.0,101.0242,0.3625859659326893,0.09082530442883409
5-19C,3.0,102.056,-0.5687513708779555,0.047158005545896
5-19C,3.0,103.0402,-0.95539099022407,0.017579909309091157
5-19C,3.0,103.0509,-0.9083409452790974,0.08003131794339943
5-19C,3.0,104.0352,0.5729749555177857,0.12050507706213527
5-19C,3.0,105.0193,1.23636719763605,0.5030856564334771
5-19C,3.0,107.0503,-0.2813893172667615,0.5554583950955007
5-19C,3.0,109.0295,-0.8075692957715601,0.07497353587089414
5-19C,3.0,111.02,-0.5415161710825651,0.03335080070699155
5-19C,3.0,112.0516,-0.02620950442596086,0.15777333808005786
5-19C,3.0,113.0244,0.8117473997780605,0.09256676851709965
5-19C,3.0,113.0357,-0.6049844811642561,0.07190137110965689
5-19C,3.0,114.056,-0.22661871340634204,0.002665113565039448
5-19C,3.0,115.0037,-0.7818369763678492,0.04396908720731576
5-19C,3.0,115.0402,-0.6002937684114298,0.058007837769794804
5-19C,3.0,115.0764,0.37259420361264894,0.3717789547417002
5-19C,3.0,116.0354,-1.149833458397743,0.1184674415308688
5-19C,3.0,116.0717,-0.7668994876399946,0.011841048149445756
5-19C,3.0,117.0194,-0.9297782690180685,0.005655977477284559
5-19C,3.0,118.0508,-1.0828835376971084,0.13623700067221295
5-19C,3.0,118.9804,0.7513560325241415,0.10213493030521378
5-19C,3.0,119.0503,-0.07226685606543742,0.24555298772630216
5-19C,3.0,120.9273,1.2518472119593373,1.5034654762410085
5-19C,3.0,121.0295,0.6831337423652447,0.2480832614039727
5-19C,3.0,121.0409,0.42963476896462194,0.11219836558708388
5-19C,3.0,122.0248,-0.23808916973968497,0.1395520862741484
5-19C,3.0,124.0075,0.035875815765875785,0.22982777625517434
5-19C,3.0,124.0144,0.019600813187434393,0.27908734426581616
5-19C,3.0,125.0439,-0.3919611621608207,0.15897623812172712
5-19C,3.0,127.0764,0.7703989990347802,0.3714142217901727
5-19C,3.0,128.0354,-0.2675543828895952,0.015484466016079175
5-19C,3.0,129.0193,-0.9841756862414445,0.05797819306882193
5-19C,3.0,129.0556,1.1723286988181343,0.2405994597917319
5-19C,3.0,130.0142,-0.3450649514581703,0.09425986243567044
5-19C,3.0,130.0509,-0.9525730791085343,0.013839172194210303
5-19C,3.0,130.0874,-0.7459790797964536,0.021881292714034876
5-19C,3.0,131.0008,-1.1301866431104375,1.061166520115694
5-19C,3.0,131.0123,-0.6173830728950064,0.06011228267110733
5-19C,3.0,131.035,0.5320698425422592,0.12624043512720876
5-19C,3.0,131.0462,0.8346907955061288,0.26316044944633094
5-19C,3.0,131.0828,0.5144678768722897,0.17538487544580303
5-19C,3.0,132.0302,-0.8844077380770113,0.016667624048688764
5-19C,3.0,133.0142,-0.39358327975669205,0.09014184635984583
5-19C,3.0,133.0257,-0.38320644217690003,0.07165292161859103
5-19C,3.0,133.0505,-1.073203184835204,0.013828211842688906
5-19C,3.0,134.0472,-0.5902389281862349,0.12831442555643185
5-19C,3.0,134.0604,-1.123219481388837,0.14411307244456328
5-19C,3.0,135.0302,-0.6301917236752612,0.10383123330032519
5-19C,3.0,135.0453,-0.7639130256810615,0.1323512905754892
5-19C,3.0,136.0404,-0.4265934045751182,0.013992882635979835
5-19C,3.0,136.0487,-0.8278139831406968,0.21942925713666253
5-19C,3.0,136.0767,0.5216519930605351,0.4750136397132738
5-19C,3.0,137.0239,-0.1841072508686497,0.11983326223045439
5-19C,3.0,138.9789,-0.27158688387509167,0.0894763834257433
5-19C,3.0,139.0014,-0.389962766587576,0.02757590120881162
5-19C,3.0,139.0067,-0.7492208111949352,0.021231464539564517
5-19C,3.0,139.976,-1.0862904441790238,0.25745809551464527
5-19C,3.0,143.0713,0.7648174574203626,0.1658512454161728
5-19C,3.0,143.1077,0.9175719016715681,0.6016650760671083
5-19C,3.0,145.0141,-0.24368644285709118,0.02013583556745411
5-19C,3.0,145.0506,-0.5186916593245485,0.08918998005142643
5-19C,3.0,145.0623,-0.3717700913369093,0.18419425254705582
5-19C,3.0,145.0982,0.9564104050264002,0.34114815208657256
5-19C,3.0,145.1106,-0.1488388059274917,0.5362025475784131
5-19C,3.0,146.0459,-0.476345247691238,0.006118005355830324
5-19C,3.0,147.0298,-0.9089396762946553,0.011166416322232336
5-19C,3.0,147.0662,-1.0821882436554193,0.03493095077093651
5-19C,3.0,149.0092,0.8669326155830419,0.334586586820624
5-19C,3.0,149.0456,0.4094746945047614,0.1500959893170474
5-19C,3.0,149.0608,-0.3855677578676504,0.25298026420001896
5-19C,3.0,150.0422,-0.504873126752254,0.31271617808967567
5-19C,3.0,150.9707,-0.36534441598869527,0.28690922687649417
5-19C,3.0,151.0259,-0.5792122411428136,0.059163795472064115
5-19C,3.0,151.04,0.8474616088535889,0.4519058866117289
5-19C,3.0,151.06,-0.9565724692032125,0.8699364712419452
5-19C,3.0,152.0353,-0.6807832842733186,0.28764098524079584
5-19C,3.0,152.0716,0.6483669824056688,0.32479485708673134
5-19C,3.0,153.0192,-0.13242547801045912,0.1328859990207939
5-19C,3.0,154.062,0.2703090491786513,0.10731386936249526
5-19C,3.0,154.9751,-0.9651637367869963,0.010813167275954674
5-19C,3.0,155.0099,-0.4876273569243217,0.04056392160699422
5-19C,3.0,157.0128,-0.7700832360381566,0.039885110418258776
5-19C,3.0,157.0255,-0.7941609738476689,0.029021697045486464
5-19C,3.0,157.0379,-0.8261743370204335,0.04798471382093426
5-19C,3.0,157.0504,-1.044317999826748,0.028517115152846648
5-19C,3.0,159.0297,0.8958486510291543,0.09529712073155985
5-19C,3.0,159.0775,-1.0342907151729084,0.025259029447550877
5-19C,3.0,160.0616,-1.0443902656937347,0.23215338386688097
5-19C,3.0,161.0453,0.13623436255790705,0.2249945645650327
5-19C,3.0,162.0424,-1.1036940614992115,0.150972484379728
5-19C,3.0,163.0351,-1.173635828580567,0.04493140185132347
5-19C,3.0,163.0398,0.22268278981458536,0.08247174510395125
5-19C,3.0,163.0611,-0.18135576277461699,0.6763885309994282
5-19C,3.0,164.0716,-0.24605461175910115,0.09256257192670875
5-19C,3.0,165.03,0.13666606351178662,0.6655889912621491
5-19C,3.0,165.0405,0.08094178933666046,0.3413540175426588
5-19C,3.0,165.0556,-0.8305457396155207,0.0940251949047879
5-19C,3.0,166.0508,-0.8633581953727848,0.2658703967952805
5-19C,3.0,166.0632,-0.08100762499949937,1.0429042117434353
5-19C,3.0,166.9759,-0.9126043477113235,0.18254146618530373
5-19C,3.0,167.0207,0.2698818405079079,0.48303628560460027
5-19C,3.0,167.0358,0.2474696080450064,0.552352785714371
5-19C,3.0,167.0828,-0.0012783939895040872,0.1887007414855148
5-19C,3.0,168.0277,-0.48187346781286333,0.033758440636332744
5-19C,3.0,168.0664,0.23774413571662883,0.6863248258458288
5-19C,3.0,170.0455,-0.8392749533152681,0.014532909702630553
5-19C,3.0,171.0065,-1.014554113687853,0.22885996426257293
5-19C,3.0,171.0092,-0.8205356492671456,0.09223586705746369
5-19C,3.0,171.0284,-0.809012907807884,0.10803460771576485
5-19C,3.0,172.0616,-1.1034748376259778,0.08556659078318231
5-19C,3.0,172.962,-0.4496933797735879,0.0766458832596384
5-19C,3.0,173.0089,-0.9885461780168345,0.11638213413414357
5-19C,3.0,173.0453,-0.490644892612403,0.1293392623597812
5-19C,3.0,173.0932,-0.7578927948562753,0.04407373440327019
5-19C,3.0,173.1041,0.25109451184084786,0.2633348395051885
5-19C,3.0,174.0407,-0.8754608860243861,0.008341511176688611
5-19C,3.0,174.088,-0.7506842581994886,0.07346756488796008
5-19C,3.0,175.022,-0.8089051419831399,0.08614892381801456
5-19C,3.0,175.0361,-0.8685552826551135,0.03599960183167376
5-19C,3.0,175.0611,-1.077296020195257,0.025168686836562027
5-19C,3.0,176.0776,-1.1046613038238677,0.22466323416975367
5-19C,3.0,177.0402,0.845602153688232,0.5282338720055105
5-19C,3.0,177.0553,-0.05113710447366683,0.26725741504069556
5-19C,3.0,178.0509,-0.9350977557496637,0.019594635195575572
5-19C,3.0,179.0348,-0.7786961254080134,0.16865393692284922
5-19C,3.0,179.0561,0.6964880928654449,0.15109486518637855
5-19C,3.0,180.0663,0.5895440783005632,0.11304178644860212
5-19C,3.0,181.0505,-1.0586032680896122,0.25003751590647916
5-19C,3.0,182.9725,0.622582064547446,0.16160686207832445
5-19C,3.0,183.0661,0.29828391028685663,0.5455814786435651
5-19C,3.0,184.0017,-0.5045067780461838,0.09439373712699328
5-19C,3.0,184.9856,-0.35969603182979265,0.06919398615054445
5-19C,3.0,186.1136,1.1915985105151226,0.17153162543117104
5-19C,3.0,187.0234,-0.8107175860778111,0.3474305331737343
5-19C,3.0,188.035,-0.1371101357057759,0.5286909186274257
5-19C,3.0,188.0565,-1.0006809215202637,0.00562843689737147
5-19C,3.0,189.0405,2.014317754949043,0.15217253086361923
5-19C,3.0,191.0197,-0.8530962126329891,0.0733572059498003
5-19C,3.0,191.0561,-0.8835827524670614,0.09013676245831256
5-19C,3.0,192.0663,-0.6585615203928767,0.15620782932140984
5-19C,3.0,193.0349,0.10554148417406431,0.10403856607567065
5-19C,3.0,194.0682,-0.8270565175215958,0.05601587946752696
5-19C,3.0,194.0822,-0.2366315148575581,1.030772181818422
5-19C,3.0,195.0509,0.36050919155893635,0.10785628903385325
5-19C,3.0,195.0657,-0.5807134624076593,0.26996897766448935
5-19C,3.0,196.0603,-1.075236715971341,0.06963691594889444
5-19C,3.0,198.0182,-0.8822119505393776,0.14973417956723353
5-19C,3.0,199.0019,-0.36380100013463396,0.3619462165234194
5-19C,3.0,200.9937,0.23892272510944046,0.3120477500997559
5-19C,3.0,201.0051,0.05364071869823048,0.3463358827131685
5-19C,3.0,203.0348,-0.41626748042963757,0.3161983313142414
5-19C,3.0,203.0826,-0.08070114420584693,0.005778569877774598
5-19C,3.0,204.0498,1.034930858296923,0.613703153337015
5-19C,3.0,205.0351,-1.0252886037027455,0.12109871100664636
5-19C,3.0,206.0822,-0.7575864732421129,0.3463567141758679
5-19C,3.0,209.0292,-0.45439392080744445,0.34357864765274343
5-19C,3.0,209.0814,0.28317863952348565,0.3919949113494396
5-19C,3.0,211.0235,-0.14144467379173303,0.34375575574952766
5-19C,3.0,211.9968,-0.943417849289865,0.062100263864968926
5-19C,3.0,212.0331,-0.5485669569680462,0.17395171760048617
5-19C,3.0,212.9807,-0.750715719355469,0.07260046222059506
5-19C,3.0,213.014,-1.0148723933184196,0.19952896291481467
5-19C,3.0,213.0384,-0.712080902177936,0.19117741918334613
5-19C,3.0,213.1252,-0.5019721912922142,0.49165601655872593
5-19C,3.0,214.0488,-0.6246567800827132,0.4694624079832681
5-19C,3.0,215.0331,0.6157665772179413,0.14864049391689763
5-19C,3.0,216.1351,0.37871008844890075,0.10748735795086832
5-19C,3.0,218.0335,0.7826066514671389,0.13930882677234255
5-19C,3.0,218.1034,-1.1717390160314496,0.026227484742231792
5-19C,3.0,220.0828,0.23369116595967931,0.12033200137904526
5-19C,3.0,221.0443,0.6155346159495548,0.09150261592087608
5-19C,3.0,221.0664,-0.34988203507736754,0.4547227577876297
5-19C,3.0,225.0399,-0.2738873290466547,0.23401935975148058
5-19C,3.0,225.0861,-0.440762784056413,0.2863401856828154
5-19C,3.0,225.0901,-1.1512430060300822,0.21361705654155264
5-19C,3.0,226.0135,-0.9055773170599478,0.13462925387241603
5-19C,3.0,226.0697,0.07186323104642994,0.1657127371360436
5-19C,3.0,228.0501,-0.5766117590872387,0.16018835422367644
5-19C,3.0,229.0122,-0.4331546367118979,0.13509251240991144
5-19C,3.0,237.0614,-1.292490755041427,0.054591087010088225
5-19C,3.0,238.0945,0.7433327949186297,0.3348863495570737
5-19C,3.0,240.0515,-1.0803551623758558,0.03748151927427205
5-19C,3.0,241.0844,-1.2333925023573582,0.622849713873702
5-19C,3.0,242.0804,-0.6039689898205506,0.6857164518610186
5-19C,3.0,243.029,-0.6383223414507634,0.2124159087718901
5-19C,3.0,243.0625,-0.6330280140676394,0.304017367995138
5-19C,3.0,245.0444,-0.3002283019920638,0.42799722827474346
5-19C,3.0,246.0198,-0.3960349850722232,0.11252972649689423
5-19C,3.0,246.064,0.25114642555164934,0.1726307335279803
5-19C,3.0,251.0816,0.6847080296691487,0.34073580831719386
5-19C,3.0,253.0119,-0.3155318014513221,0.007060460255169677
5-19C,3.0,253.0499,1.555662657113145,0.31528291629206706
5-19C,3.0,257.0072,-0.8749614901607256,0.44777076415166084
5-19C,3.0,257.1028,1.129510058248926,0.6110419826166519
5-19C,3.0,259.005,-0.9312647066338116,0.4105156898213136
5-19C,3.0,259.0227,0.8181853271764052,0.4413645550634947
5-19C,3.0,261.0385,-0.4097953643246802,0.5705349239095437
5-19C,3.0,266.0703,-0.8479175812575903,0.2511226101456111
5-19C,3.0,267.0724,-0.6635153658000612,0.014479826191302378
5-19C,3.0,268.02,-0.8239690613970165,0.14530832401565963
5-19C,3.0,269.0398,-0.5767420536078918,0.0884829321764562
5-19C,3.0,271.0612,1.5873645426116028,0.6653854653693391
5-19C,3.0,271.0815,1.1934446246006045,0.6449564589907902
5-19C,3.0,273.0021,-0.8789873159290779,0.09064858733048199
5-19C,3.0,274.0933,-0.6931364088943146,0.07837690196021833
5-19C,3.0,275.0184,-0.5324799373002685,0.5582316721642928
5-19C,3.0,275.0991,-0.5955897636915217,0.18683697854754028
5-19C,3.0,277.1207,1.219902438775883,0.1892006738531786
5-19C,3.0,277.2169,0.05443688763203501,0.1146477226307041
5-19C,3.0,279.2331,-0.11780653746271508,0.0312946352794813
5-19C,3.0,282.0839,0.47148486381027943,0.3752420597373773
5-19C,3.0,283.2063,-0.06606318693359803,0.45852246321498713
5-19C,3.0,285.0972,0.13873708230604626,0.3739932938184811
5-19C,3.0,287.0157,-0.18060635966502459,0.2885377290923147
5-19C,3.0,288.0725,-0.7083561068161874,0.061929313947207
5-19C,3.0,289.0333,-0.6118790204557912,0.4542667137042931
5-19C,3.0,289.1044,-1.1535256444410642,0.21935753965025645
5-19C,3.0,290.9677,-0.45118788593463244,0.05300782908822138
5-19C,3.0,294.0479,0.15624129417424198,0.3280836458691381
5-19C,3.0,300.0509,-0.37830425660361056,0.8952003159375869
5-19C,3.0,301.0333,-0.6168146172346018,0.3238128419070156
5-19C,3.0,303.2326,-0.2783802342066102,0.2582197608186883
5-19C,3.0,305.0207,0.5003476768981052,0.1147154916182165
5-19C,3.0,306.0481,-1.0128532726426747,0.02708336218526565
5-19C,3.0,306.0765,-0.29396330784907676,0.031079386134577926
5-19C,3.0,308.0986,-0.10984333302232996,0.03280144680477204
5-19C,3.0,313.0441,-0.8095083021224025,0.21087684190492686
5-19C,3.0,313.1037,-1.1763276250930614,0.3711147727895604
5-19C,3.0,317.026,-0.9061007457839168,0.37840861526385006
5-19C,3.0,323.0256,1.5396050851129162,0.9310753700415533
5-19C,3.0,325.1163,-0.5700207096693541,0.365787719264544
5-19C,3.0,328.0457,-0.5279991839774276,0.1270565108713245
5-19C,3.0,333.0589,-1.1777935666816592,0.4882073645750725
5-19C,3.0,338.9884,-0.7752659548573313,0.2539718106950674
5-19C,3.0,339.0928,0.5778770241582898,0.4920939278527282
5-19C,3.0,341.1089,-0.5535095261828695,0.14456879150004298
5-19C,3.0,344.0393,-0.14208805132386376,0.3705058026157831
5-19C,3.0,346.0556,1.5114665192076544,0.16879909748279778
5-19C,3.0,348.087,-1.1512352472515066,0.11936193431158493
5-19C,3.0,353.0489,-0.44764205651023575,0.6144902653317871
5-19C,3.0,357.089,-0.5944301121628499,0.09855935199820988
5-19C,3.0,375.131,-0.7428938745777927,0.5273819037610399
5-19C,3.0,377.1496,0.19352777316017844,0.4709600323566459
5-19C,3.0,383.1188,0.47973615600517255,0.5632153050360335
5-19C,3.0,388.9416,-0.5005218015924459,0.16030744981211997
5-19C,3.0,388.9442,-0.8139688615755758,0.23964253207232442
5-19C,3.0,401.0756,0.6849597325763128,0.1520668809409752
5-19C,3.0,407.2795,1.287789538159869,0.22287074249304276
5-19C,3.0,421.0743,-0.6457837023537164,0.4238981839440263
5-19C,3.0,426.0222,0.18597218484855085,0.6470044103404257
5-19C,3.0,442.9997,0.06833822125313062,0.36963546636836697
5-19C,3.0,466.9657,0.5157681048222927,0.15231335622397452
5-19C,3.0,490.9787,-0.18174637169585195,0.5508054757163541
5-19C,3.0,503.1614,-0.14154452425447758,0.2837803299560573
5-19C,3.0,547.0731,-1.3035278904114274,0.10834597048487794
5-19C,3.0,565.0471,-0.7475067271155397,0.24191701167487928
5-19C,3.0,578.8872,0.9805758463192971,0.16551786523334278
5-19C,3.0,579.0269,0.5770724506065762,0.10848785858403999
5-19C,3.0,612.2549,-0.2868938840176143,0.2576776067793551
5-19C,3.0,624.2949,-1.2246392394039372,0.40534439183526777
5-19C,3.0,659.307,0.31370289578564947,0.42838777880728646
5-19C,3.0,664.0939,-0.485741480137836,0.15142991030435704
5-19C,3.0,665.2144,-0.48635221119950006,0.2888131496478988
5-19C,3.0,668.1374,-0.6163260560651225,0.00030133492305187126
5-19C,3.0,787.255,0.4550199969265066,0.24141637903346944
5-19C,3.0,790.2568,0.09210133397832307,0.13287216698109933
5-19C,3.0,835.0407,-0.7094408192592973,0.09947215803412819
5-19C,3.0,863.2971,-0.5331299295895927,0.10703586625828285
5-19C,3.0,864.1473,-0.23284217145211836,0.3664156453695033
5-19C,3.0,974.2935,-0.4405852775230099,0.3244004659825421
5-19C,3.0,976.7162,0.5681303496363905,0.3365400269414016
5-19C,4.0,57.0342,1.2193252351682942,0.5105968507784195
5-19C,4.0,58.0295,-0.9196007119885181,0.3428307148703237
5-19C,4.0,59.0135,0.9296115965349849,0.2833984294949148
5-19C,4.0,71.0137,1.0792782601486075,0.1530982231632625
5-19C,4.0,73.0293,-0.9423720993712057,0.0161778569074635
5-19C,4.0,74.0247,-1.0689884252276847,0.10965846700407027
5-19C,4.0,75.0087,0.8866591037121525,0.523170126430513
5-19C,4.0,87.0088,-0.647773997821718,0.008567462754263231
5-19C,4.0,87.0451,2.143705787199035,0.8190023208391225
5-19C,4.0,88.0403,-0.8699248343330555,0.024328236380506945
5-19C,4.0,88.9883,-0.5593724498657978,0.44404631145307494
5-19C,4.0,89.0244,0.2998363221853145,0.02299684645422751
5-19C,4.0,93.0338,-0.06221694768035816,0.010871373843036648
5-19C,4.0,94.9761,-0.8715907007638745,0.3719938888824926
5-19C,4.0,94.9806,1.3114210059373486,0.3509207503344126
5-19C,4.0,95.0139,1.0917959169652525,0.13228611073432525
5-19C,4.0,101.0242,1.3800974661363987,0.3968203395417485
5-19C,4.0,102.056,-0.5934701876212247,0.06666164790075196
5-19C,4.0,103.0402,-0.9280063908667366,0.0323767711639914
5-19C,4.0,103.0509,-0.8085023634338092,0.07098015012465549
5-19C,4.0,104.0352,-0.5156627480945342,0.058248669572868575
5-19C,4.0,105.0193,1.2215123158990655,0.5861888971178164
5-19C,4.0,107.0503,0.3176531277892143,0.8096405341054014
5-19C,4.0,109.0295,-0.49061791926363707,0.19989701656071554
5-19C,4.0,111.02,-0.25991126580383006,0.023650132433515048
5-19C,4.0,112.0516,-0.06263247229972074,0.4157162847350842
5-19C,4.0,113.0244,1.238480713821533,0.12214177662190187
5-19C,4.0,113.0357,-0.15917282659487988,0.04145108538666943
5-19C,4.0,114.056,-0.18719561535254137,0.035288857423098355
5-19C,4.0,115.0037,-0.8277511296150657,0.01262315667262549
5-19C,4.0,115.0402,0.03755091491618212,0.777780203931477
5-19C,4.0,115.0764,0.202558708268388,0.697473982728123
5-19C,4.0,116.0354,-0.7633276596598424,0.3900121623551737
5-19C,4.0,116.0717,-0.8212151743094742,0.005835657719066682
5-19C,4.0,117.0194,-0.9423590423816074,0.0035487971219263924
5-19C,4.0,118.0508,-1.4225349673827403,0.14766042999828294
5-19C,4.0,118.9804,0.8704635456470483,0.22508795600520948
5-19C,4.0,119.0503,0.9664764047843699,0.23678924408314325
5-19C,4.0,120.9273,-0.2636722820137573,0.30122760055076847
5-19C,4.0,121.0295,-0.4065033079844729,0.595587648299555
5-19C,4.0,121.0409,1.143474801328972,0.20261128587327462
5-19C,4.0,122.0248,0.9477696802804338,0.6646701867751178
5-19C,4.0,124.0075,0.18923689132436308,0.4448759894143656
5-19C,4.0,124.0144,2.12366681010447,0.2765473681333689
5-19C,4.0,125.0439,2.2406027022143515,0.4421626446725405
5-19C,4.0,127.0764,0.22127819954070624,0.5536234874882503
5-19C,4.0,128.0354,-0.38206685735453993,0.012257760573515578
5-19C,4.0,129.0193,-0.9181670740124206,0.12155728562541607
5-19C,4.0,129.0556,-0.10835486568601253,0.5417203300296363
5-19C,4.0,130.0142,-0.8476055959569837,0.25851181201695067
5-19C,4.0,130.0509,-0.9477023741652797,0.023737965696756406
5-19C,4.0,130.0874,-1.1154091012899707,0.01661952780211816
5-19C,4.0,131.0008,0.8203719238179932,1.3056804672547129
5-19C,4.0,131.0123,-0.7898882209872804,0.017512070123644613
5-19C,4.0,131.035,2.2852418839472524,0.3852622270780528
5-19C,4.0,131.0462,2.361373733117892,0.21819275788350512
5-19C,4.0,131.0828,-0.6343121656049575,0.20828259773656782
5-19C,4.0,132.0302,-0.7699980955736626,0.020389156376210946
5-19C,4.0,133.0142,-0.49446116556377023,0.022081849913010185
5-19C,4.0,133.0257,-0.5925412305781379,0.08299203959282377
5-19C,4.0,133.0505,-0.8728660470865581,0.02650606131299566
5-19C,4.0,134.0472,-0.5236839408497791,0.23234060439091925
5-19C,4.0,134.0604,-0.5323212513485539,0.6814208210412613
5-19C,4.0,135.0302,-0.8068223718018416,0.14933577930878356
5-19C,4.0,135.0453,-0.25877233291422536,0.12973338828819583
5-19C,4.0,136.0404,-0.18223874213619157,0.05509576279981089
5-19C,4.0,136.0487,-0.41951628382858847,0.1868269921779343
5-19C,4.0,136.0767,0.09550408421807571,0.9487677451789611
5-19C,4.0,137.0239,0.02746942985221215,0.28083600394926467
5-19C,4.0,138.9789,1.4683646779579984,0.2504071632704944
5-19C,4.0,139.0014,-0.2644473080112246,0.0734252878259515
5-19C,4.0,139.0067,-0.7215551321345322,0.02150996202128775
5-19C,4.0,139.976,0.4641233946633796,0.2805812882876288
5-19C,4.0,143.0713,0.37140784930684856,0.4299713637824527
5-19C,4.0,143.1077,0.5978369446130027,0.69946744455369
5-19C,4.0,145.0141,-0.27872369177159895,0.09006130160625565
5-19C,4.0,145.0506,-0.8573231239669572,0.18852375069235297
5-19C,4.0,145.0623,-0.9464412347317079,0.251537807840115
5-19C,4.0,145.0982,-0.4499631322920049,0.17331512634870946
5-19C,4.0,145.1106,-0.760903473180863,0.37337463768293033
5-19C,4.0,146.0459,-0.4797237209758556,0.004060297519905127
5-19C,4.0,147.0298,-0.9180447825652583,0.008518682238283047
5-19C,4.0,147.0662,-0.8363317761447222,0.018802210595846438
5-19C,4.0,149.0092,0.0069752899408940805,0.3383151068359892
5-19C,4.0,149.0456,2.319730305936454,0.265116224144104
5-19C,4.0,149.0608,0.3960532548493395,0.4513242247249949
5-19C,4.0,150.0422,-0.378766124676188,0.24474903584721722
5-19C,4.0,150.9707,-0.7271580778308387,0.6469636864534606
5-19C,4.0,151.0259,-0.6766120342852738,0.0945665432405321
5-19C,4.0,151.04,2.5108317264194255,0.3887983421638029
5-19C,4.0,151.06,0.7949897219646209,1.0134833806903107
5-19C,4.0,152.0353,-0.06234068859036444,0.5730134046291155
5-19C,4.0,152.0716,0.8359555272970929,0.42221083850861485
5-19C,4.0,153.0192,0.27283979160018956,0.0880103378692532
5-19C,4.0,154.062,-0.3458185056168083,0.099860341156078
5-19C,4.0,154.9751,-0.964040737652015,0.009570704874568863
5-19C,4.0,155.0099,-0.2524841019022761,0.031322341582196024
5-19C,4.0,157.0128,-0.6267968753967046,0.06995901979283778
5-19C,4.0,157.0255,-0.5415521552757611,0.027297657639415263
5-19C,4.0,157.0379,-0.5952960949379574,0.08688369732531938
5-19C,4.0,157.0504,-1.0088705147015875,0.017468390719234273
5-19C,4.0,159.0297,2.1382170799953877,0.2793307564078138
5-19C,4.0,159.0775,-0.9993371089799521,0.05559554403191599
5-19C,4.0,160.0616,-0.8614188015822744,0.7691050090634386
5-19C,4.0,161.0453,2.3208872169987256,0.2225106202577904
5-19C,4.0,162.0424,-0.6615414864958644,0.365044318398448
5-19C,4.0,163.0351,-1.1847045199745536,0.1497896913214619
5-19C,4.0,163.0398,0.4262059535386955,0.07973652337140026
5-19C,4.0,163.0611,0.2664835845652769,0.3277862439139929
5-19C,4.0,164.0716,-0.39399844297176606,0.016522505107106792
5-19C,4.0,165.03,0.6201186557759999,0.3203254476252201
5-19C,4.0,165.0405,-0.14330796974979326,0.5470047701313967
5-19C,4.0,165.0556,-0.4392842025615155,0.11199890082948204
5-19C,4.0,166.0508,-0.5076844675747424,0.1466422725103597
5-19C,4.0,166.0632,-0.7184529313491126,0.33225643853125875
5-19C,4.0,166.9759,-0.3789444834873119,0.12330396138381608
5-19C,4.0,167.0207,-0.5457999435543217,0.6011287230316529
5-19C,4.0,167.0358,0.42626833526916247,0.4926655465240305
5-19C,4.0,167.0828,1.0844790100298645,0.4802469369848937
5-19C,4.0,168.0277,-0.45117710297893027,0.011517492527286564
5-19C,4.0,168.0664,2.9750132578216433,1.101176449530567
5-19C,4.0,170.0455,-0.8480183825300973,0.005960137740930021
5-19C,4.0,171.0065,-0.3989935157017173,0.21583156226704764
5-19C,4.0,171.0092,-0.6304442358939611,0.13365415773966924
5-19C,4.0,171.0284,-0.9539021425025889,0.02295402930643993
5-19C,4.0,172.0616,-1.1385909339447822,0.28188940417997993
5-19C,4.0,172.962,-0.4413471359223191,0.12746682395305797
5-19C,4.0,173.0089,-0.7034121892893931,0.25523030326437485
5-19C,4.0,173.0453,-1.210878701837847,0.1505264018023642
5-19C,4.0,173.0932,-0.8956608874829792,0.055077476920544696
5-19C,4.0,173.1041,-0.9757147834192217,0.09450742216338828
5-19C,4.0,174.0407,-0.8932479810066105,0.002793016469973455
5-19C,4.0,174.088,-0.8106223717495389,0.14910850380428584
5-19C,4.0,175.022,-1.0013573413545593,0.16341232763711466
5-19C,4.0,175.0361,-0.7671329294069121,0.011033062521646824
5-19C,4.0,175.0611,-1.0982979705179994,0.014579102832279846
5-19C,4.0,176.0776,-1.1363127274963405,0.08525125062915756
5-19C,4.0,177.0402,1.3938462806162195,0.24977145771213383
5-19C,4.0,177.0553,1.9862097211735759,0.9855979930319057
5-19C,4.0,178.0509,-0.8815611291111187,0.043414097180872184
5-19C,4.0,179.0348,0.3962492333804568,0.28630573672668924
5-19C,4.0,179.0561,2.532334784974177,0.1595891116004138
5-19C,4.0,180.0663,2.3724221770595486,0.12842175663469432
5-19C,4.0,181.0505,-0.5943524176738465,0.17254020829180458
5-19C,4.0,182.9725,0.632361478623469,0.0814440651607041
5-19C,4.0,183.0661,1.8593957850846108,0.7665702334536393
5-19C,4.0,184.0017,-0.5769714976303064,0.04558227158866491
5-19C,4.0,184.9856,0.272613258715279,0.1844062897880441
5-19C,4.0,186.1136,0.4307534214779388,0.9296276304809109
5-19C,4.0,187.0234,-1.09169584238173,0.42162347987704857
5-19C,4.0,188.035,0.061693925301598174,1.192253988557409
5-19C,4.0,188.0565,-1.0360666496188653,0.016369507623351463
5-19C,4.0,189.0405,-0.9716861538881778,0.11566828006289752
5-19C,4.0,191.0197,-1.3922889823542333,0.2933258658354921
5-19C,4.0,191.0561,-1.1276066280618684,0.08121899918504216
5-19C,4.0,192.0663,0.5553793817281867,0.5650843977275823
5-19C,4.0,193.0349,-0.4785823764552255,0.266433789962567
5-19C,4.0,194.0682,-1.0207046708893988,0.10064971789512707
5-19C,4.0,194.0822,2.1805160097293643,1.3864237605004406
5-19C,4.0,195.0509,-0.05277191860647609,0.09219425505620962
5-19C,4.0,195.0657,-0.058072138725356916,0.4442987396544058
5-19C,4.0,196.0603,-1.1351590832930714,0.12696591171210558
5-19C,4.0,198.0182,-0.8215635900615801,0.31440290293351625
5-19C,4.0,199.0019,-0.10651260394766995,0.14673583981604243
5-19C,4.0,200.9937,1.6611011075899842,0.6230154471868098
5-19C,4.0,201.0051,-0.9079947105593019,0.2018599267745984
5-19C,4.0,203.0348,0.8679650566437549,0.2441160498572721
5-19C,4.0,203.0826,-0.05402923990478586,0.006623588823636393
5-19C,4.0,204.0498,0.7239542169419362,1.4207577740535273
5-19C,4.0,205.0351,-1.2411346287293479,0.06457097452901756
5-19C,4.0,206.0822,2.9191841348778027,0.6673736991098631
5-19C,4.0,209.0292,-0.8316344737532788,0.4815304698483966
5-19C,4.0,209.0814,0.20825300226181626,0.21690539556099883
5-19C,4.0,211.0235,-0.553015270878023,0.5556794543921383
5-19C,4.0,211.9968,-1.0141365627543624,0.06769780641077135
5-19C,4.0,212.0331,0.197523275745479,0.3168518185193543
5-19C,4.0,212.9807,-0.5417542366329072,0.10310750199318582
5-19C,4.0,213.014,-0.5919336340514347,0.3211636817003197
5-19C,4.0,213.0384,-0.7818189937068958,0.18747269515432727
5-19C,4.0,213.1252,0.9405854211446276,0.660404530675464
5-19C,4.0,214.0488,1.8737710795859246,1.0849274791676382
5-19C,4.0,215.0331,1.3891918822250295,0.10084646658916482
5-19C,4.0,216.1351,0.35817982413055033,0.256243273174894
5-19C,4.0,218.0335,1.1892033565414617,0.1199598538429011
5-19C,4.0,218.1034,-1.144087288941667,0.06196061705302807
5-19C,4.0,220.0828,0.6249400201800865,1.302936201510108
5-19C,4.0,221.0443,0.759972360733167,0.20940728889503032
5-19C,4.0,221.0664,0.3629497537879114,0.3606935502931334
5-19C,4.0,225.0399,-0.7452226912732002,1.2813914830110675
5-19C,4.0,225.0861,0.5695560273754083,0.3529566328500537
5-19C,4.0,225.0901,0.21837696485736638,0.9697739528191905
5-19C,4.0,226.0135,-0.1637081465997374,0.24097937983621653
5-19C,4.0,226.0697,0.1944078431788028,0.3383009609987395
5-19C,4.0,228.0501,-0.847375756001864,0.23285458952741725
5-19C,4.0,229.0122,0.047953131540380986,0.1774247509987895
5-19C,4.0,237.0614,-1.0609107037108978,0.12875514882660025
5-19C,4.0,238.0945,-0.5732867109694899,0.17077269890202618
5-19C,4.0,240.0515,-1.2125474896203872,0.024115957846075203
5-19C,4.0,241.0844,-0.9254856159371588,0.8882287180551462
5-19C,4.0,242.0804,-0.2656963900362991,0.41446874867942196
5-19C,4.0,243.029,0.7982759031398465,0.2326256415188069
5-19C,4.0,243.0625,-0.6431882385082239,0.8597834942948386
5-19C,4.0,245.0444,1.1574028559256004,0.2104510066198993
5-19C,4.0,246.0198,0.43485970364018733,0.2840560527673171
5-19C,4.0,246.064,-0.5881448687374753,0.6344528267681131
5-19C,4.0,251.0816,-0.46097363522583185,0.36892152427288544
5-19C,4.0,253.0119,-0.26564852199640904,0.013191574360023071
5-19C,4.0,253.0499,0.6091646486046773,0.7197525710975344
5-19C,4.0,257.0072,-0.36366198004896244,0.675542401940584
5-19C,4.0,257.1028,0.14952522921514427,0.5201380891010277
5-19C,4.0,259.005,0.39953190866228233,0.2745028502344335
5-19C,4.0,259.0227,2.573464073033671,0.3084474270333194
5-19C,4.0,261.0385,0.1928358398434243,0.18673221179268448
5-19C,4.0,266.0703,-0.2924920117831816,0.10473537895517743
5-19C,4.0,267.0724,-0.7158792505488922,0.020646301863699763
5-19C,4.0,268.02,-0.7918189409290393,0.5342293976866469
5-19C,4.0,269.0398,-0.7191657469708825,0.1343399538807638
5-19C,4.0,271.0612,0.8267653682087319,0.6420564153405195
5-19C,4.0,271.0815,0.07807926878166271,1.2663012473984836
5-19C,4.0,273.0021,-0.9326103127444644,0.05102824715742494
5-19C,4.0,274.0933,-1.0482504325552402,0.28969609501093063
5-19C,4.0,275.0184,1.0489077607980644,0.5719561142496148
5-19C,4.0,275.0991,-0.5849240091702844,0.3955347951411555
5-19C,4.0,277.1207,1.8533904861405257,0.15043912708179558
5-19C,4.0,277.2169,0.8389687704197053,0.09440513286008753
5-19C,4.0,279.2331,-0.2127802450049865,0.030913736629599398
5-19C,4.0,282.0839,0.4966169671238876,0.5819140512148726
5-19C,4.0,283.2063,-0.26384195398762117,0.0772133086789827
5-19C,4.0,285.0972,-0.3517754782724937,1.1015981500341698
5-19C,4.0,287.0157,1.318622485813703,0.3206353029588461
5-19C,4.0,288.0725,-0.689850740819018,0.1106407646446379
5-19C,4.0,289.0333,-0.00810372836102285,0.10414232291967893
5-19C,4.0,289.1044,-1.2156008899675972,0.17135135433301357
5-19C,4.0,290.9677,-0.4318561661347269,0.08361595147662604
5-19C,4.0,294.0479,2.0181901908553823,0.8306392954523458
5-19C,4.0,300.0509,-0.43596551462351435,0.7407223011402471
5-19C,4.0,301.0333,-0.037249683712497206,0.5915051364854146
5-19C,4.0,303.2326,-0.3157412284236587,0.23042687190783795
5-19C,4.0,305.0207,2.0184104353725374,0.0980303581362787
5-19C,4.0,306.0481,-0.9295698093177371,0.08482362310771692
5-19C,4.0,306.0765,-0.27030098437167804,0.040675244218894145
5-19C,4.0,308.0986,-0.3404116252883568,0.029556211358657904
5-19C,4.0,313.0441,-0.24028312902676724,0.23655011150734664
5-19C,4.0,313.1037,-0.17446247609670695,0.9312269675560697
5-19C,4.0,317.026,-0.4685917149490358,0.5202448514444934
5-19C,4.0,323.0256,3.5224382459166907,0.4637060490978905
5-19C,4.0,325.1163,0.03437423535848306,0.15291352305405126
5-19C,4.0,328.0457,-0.540329139569261,0.11674270984715757
5-19C,4.0,333.0589,-1.2443621872403718,0.3929492707713123
5-19C,4.0,338.9884,-0.2728435868887139,1.149128258257109
5-19C,4.0,339.0928,0.3817095724642437,0.7618537504876578
5-19C,4.0,341.1089,0.05476017423538006,0.15227531451801316
5-19C,4.0,344.0393,0.2391642100413191,0.2874358026659758
5-19C,4.0,346.0556,2.0410169317167735,0.14947284526093252
5-19C,4.0,348.087,-1.0180223166997642,0.15782739556460226
5-19C,4.0,353.0489,0.03258321954287429,0.47900499806661206
5-19C,4.0,357.089,-0.8431588691926601,0.3058378933127591
5-19C,4.0,375.131,-0.4314387031430732,0.3752881430113881
5-19C,4.0,377.1496,-0.8086712957941078,0.5889937407117873
5-19C,4.0,383.1188,0.5709299797539283,0.806763315918674
5-19C,4.0,388.9416,-0.18185062394293044,0.143162404764432
5-19C,4.0,388.9442,-0.4326082719294344,0.19983588519074968
5-19C,4.0,401.0756,0.7911237813859655,0.12179332292005518
5-19C,4.0,407.2795,-0.07266061191308701,0.4031083318373882
5-19C,4.0,421.0743,-0.5711657887914989,0.8691547689309865
5-19C,4.0,426.0222,0.9553985799931779,0.39758944560015186
5-19C,4.0,442.9997,0.24332425404086172,0.3141921997924284
5-19C,4.0,466.9657,2.677325965737741,0.39382222837942954
5-19C,4.0,490.9787,-0.056434142635164705,0.6640374215992103
5-19C,4.0,503.1614,-0.24691783231253114,0.44824159128829305
5-19C,4.0,547.0731,-1.1672960422154428,0.03730720080672693
5-19C,4.0,565.0471,-0.6360458160302553,0.11304944034648907
5-19C,4.0,578.8872,0.6535594111219848,0.10185462959684109
5-19C,4.0,579.0269,-0.1467402792815599,0.2506881678539354
5-19C,4.0,612.2549,-0.8265226732784359,0.4608009655420954
5-19C,4.0,624.2949,-0.6331285683728827,0.39170213064542747
5-19C,4.0,659.307,3.2534007451835536,0.6214505478901208
5-19C,4.0,664.0939,0.2826901432960387,0.2729313135583803
5-19C,4.0,665.2144,0.08645324624565298,0.5721444938549443
5-19C,4.0,668.1374,-0.6162370399578783,0.00035069821173835215
5-19C,4.0,787.255,2.84050577037765,0.15195818845102899
5-19C,4.0,790.2568,3.710128291733377,0.5624899775974165
5-19C,4.0,835.0407,-0.4292488151227395,0.28389897392695584
5-19C,4.0,863.2971,-0.36613369453605416,0.13043581089657602
5-19C,4.0,864.1473,3.4960605575076507,1.0873807927855152
5-19C,4.0,974.2935,-0.43920972337834174,0.48915667282883946
5-19C,4.0,976.7162,2.648715416327026,0.26797216629818865
5-19C,5.0,57.0342,1.5844224984350388,0.5451169608487265
5-19C,5.0,58.0295,-0.714521911232788,0.29381081345003995
5-19C,5.0,59.0135,1.7023855162065036,0.3453729053232232
5-19C,5.0,71.0137,1.620368119304663,0.09308864813789665
5-19C,5.0,73.0293,-0.929516251155496,0.013622891405601896
5-19C,5.0,74.0247,-0.6217971891453644,0.27630877321444647
5-19C,5.0,75.0087,0.3978923644367572,0.1302940984315421
5-19C,5.0,87.0088,-0.6695513944832943,0.014855380068017147
5-19C,5.0,87.0451,0.6665510869964824,0.8255813826796253
5-19C,5.0,88.0403,-0.7211946683672357,0.027610951702978965
5-19C,5.0,88.9883,-0.8161787627601631,0.3147879780697098
5-19C,5.0,89.0244,-0.30742735845128977,0.10795155762960719
5-19C,5.0,93.0338,-0.054918777829840684,0.008718112836772906
5-19C,5.0,94.9761,-0.7766879396150734,0.3745858914976971
5-19C,5.0,94.9806,1.0471328363377514,0.35902153878912346
5-19C,5.0,95.0139,1.376244573658432,0.2229594627291715
5-19C,5.0,101.0242,1.4171883646439876,0.16559761840128093
5-19C,5.0,102.056,-0.5701803799639747,0.06532816370180611
5-19C,5.0,103.0402,-0.8945673732841426,0.038578944691997796
5-19C,5.0,103.0509,-0.9144327909510133,0.053472510563539744
5-19C,5.0,104.0352,-0.1998760684799255,0.10626666164070422
5-19C,5.0,105.0193,0.9293663084050372,0.5147124578788159
5-19C,5.0,107.0503,0.5492651687687413,0.7083028723087318
5-19C,5.0,109.0295,-0.2555265027457055,0.22402264666415095
5-19C,5.0,111.02,0.05840035655944588,0.04760671334327676
5-19C,5.0,112.0516,0.5749023960307625,0.643629997744423
5-19C,5.0,113.0244,1.5549994125719002,0.1344549980391827
5-19C,5.0,113.0357,0.8998011925007509,0.025031165735240925
5-19C,5.0,114.056,-0.23782684163495593,0.0024489469434205336
5-19C,5.0,115.0037,-0.6299462000211116,0.05259319416533827
5-19C,5.0,115.0402,0.6980105588130244,0.3488070426460397
5-19C,5.0,115.0764,0.7100166663363071,0.39635260077580553
5-19C,5.0,116.0354,-0.8203875677874268,0.3090660844983054
5-19C,5.0,116.0717,-0.7847992733241663,0.012847762417120266
5-19C,5.0,117.0194,-0.9233374250192957,0.004530440162519026
5-19C,5.0,118.0508,-1.446069573098208,0.11367114834475063
5-19C,5.0,118.9804,1.639954434189717,0.328997365710494
5-19C,5.0,119.0503,0.6619277186175113,0.26771098433739304
5-19C,5.0,120.9273,-0.1476157277122484,0.3323606953366659
5-19C,5.0,121.0295,-0.1978406824660356,0.32035454975854116
5-19C,5.0,121.0409,0.667837165578411,0.4064821735676206
5-19C,5.0,122.0248,1.2115807177364366,0.9888712931796021
5-19C,5.0,124.0075,-0.12444691075254283,0.27142899665908904
5-19C,5.0,124.0144,1.9761742101558375,0.1578819685956673
5-19C,5.0,125.0439,1.268147371020469,0.4565531137984347
5-19C,5.0,127.0764,1.1114010613540537,0.3683919080897011
5-19C,5.0,128.0354,-0.31622169928743205,0.015698902754169724
5-19C,5.0,129.0193,-0.7343634215791983,0.08247701885798736
5-19C,5.0,129.0556,0.47356201172384654,0.37567074157195957
5-19C,5.0,130.0142,-0.5479148809365967,0.24081443887546197
5-19C,5.0,130.0509,-0.7632650136473744,0.04543630631041077
5-19C,5.0,130.0874,-0.9189230822830026,0.03053414567715243
5-19C,5.0,131.0008,0.42800322232638177,0.8756745440902922
5-19C,5.0,131.0123,-0.7273160485858406,0.06971420079515528
5-19C,5.0,131.035,1.6676747313142166,0.21945577305927683
5-19C,5.0,131.0462,1.5514391315638942,0.26349160679684736
5-19C,5.0,131.0828,-0.2586758942954364,0.19285977300511636
5-19C,5.0,132.0302,-0.05289318043131269,0.06043015700263928
5-19C,5.0,133.0142,-0.11393774137482766,0.06646181127157691
5-19C,5.0,133.0257,-0.21230156968125463,0.0805039794603824
5-19C,5.0,133.0505,-0.7747477170613344,0.05177835362511556
5-19C,5.0,134.0472,-0.11274229563617345,0.17867802617892312
5-19C,5.0,134.0604,-0.23523756307795515,0.5721085672312567
5-19C,5.0,135.0302,-0.5166745402563058,0.11512833688984606
5-19C,5.0,135.0453,0.3433484959484714,0.15408645983985456
5-19C,5.0,136.0404,-0.1513424503422943,0.06332046765087722
5-19C,5.0,136.0487,0.24379368454877237,0.22566765702180483
5-19C,5.0,136.0767,0.6415289348275391,0.6966642657447945
5-19C,5.0,137.0239,-0.07285275846135286,0.16734881058536266
5-19C,5.0,138.9789,-0.40088371981972776,0.4034314300491999
5-19C,5.0,139.0014,-0.3128763814804257,0.049765609159347336
5-19C,5.0,139.0067,-0.655889918731928,0.024815120132868084
5-19C,5.0,139.976,-0.17581847438620762,0.3860686972131808
5-19C,5.0,143.0713,0.8855876526087012,0.14477936506828037
5-19C,5.0,143.1077,1.397211961989595,0.4051471081284093
5-19C,5.0,145.0141,-0.261746880441889,0.04041383597771799
5-19C,5.0,145.0506,-0.618947720317864,0.09021650926775887
5-19C,5.0,145.0623,-0.6613900453879347,0.08516798918398134
5-19C,5.0,145.0982,-0.21746044666933828,0.23119755908933445
5-19C,5.0,145.1106,-0.23255168642627116,0.685032076955157
5-19C,5.0,146.0459,-0.44945999677522175,0.00760142865767181
5-19C,5.0,147.0298,-0.8336030975679465,0.022054588999771155
5-19C,5.0,147.0662,-0.6145952460865336,0.05970889742475696
5-19C,5.0,149.0092,1.0192816014071104,0.17856652419311642
5-19C,5.0,149.0456,1.3475408980288517,0.1636560813913214
5-19C,5.0,149.0608,1.0883377278253836,0.9435118875308306
5-19C,5.0,150.0422,-0.1384990996681043,0.3142077293010598
5-19C,5.0,150.9707,-0.05474638664475464,0.528822037249968
5-19C,5.0,151.0259,-0.5715154184088547,0.10921625275515805
5-19C,5.0,151.04,1.746328213605353,0.14545910595540865
5-19C,5.0,151.06,-0.1989651628570516,1.3182159247429623
5-19C,5.0,152.0353,0.2624794685261478,0.5627375259578117
5-19C,5.0,152.0716,0.6750145816096546,0.2518408014293891
5-19C,5.0,153.0192,0.7217835095931473,0.13289086676787623
5-19C,5.0,154.062,-0.25983963063277354,0.18672685210357046
5-19C,5.0,154.9751,-0.9492098251628613,0.012631398995849483
5-19C,5.0,155.0099,0.09895117419475936,0.06704706950725824
5-19C,5.0,157.0128,-0.5056173589083368,0.05882708777999809
5-19C,5.0,157.0255,0.4466962446719245,0.07937037118447833
5-19C,5.0,157.0379,0.39000694880322073,0.1310807604008665
5-19C,5.0,157.0504,-0.8258288225055821,0.032542793557872984
5-19C,5.0,159.0297,1.80903969923767,0.17156158673723046
5-19C,5.0,159.0775,-0.8650485993653563,0.03714899262005669
5-19C,5.0,160.0616,-0.3383080772636123,0.6038685284737474
5-19C,5.0,161.0453,1.172002923918424,0.18336004195995342
5-19C,5.0,162.0424,-0.5527643317157253,0.209787559654684
5-19C,5.0,163.0351,-0.7627506486257618,0.27470826580064167
5-19C,5.0,163.0398,0.7487335449669379,0.13145819674344247
5-19C,5.0,163.0611,0.8765610288002944,0.1352652729382617
5-19C,5.0,164.0716,-0.44428153796422387,0.051597824602797784
5-19C,5.0,165.03,0.605121038862694,0.22202451824353328
5-19C,5.0,165.0405,1.1889386803562991,0.5988607975158319
5-19C,5.0,165.0556,-0.5629662196762856,0.17587132502819447
5-19C,5.0,166.0508,-0.2179528327211691,0.2725646919605083
5-19C,5.0,166.0632,-0.7817696463422286,0.41202799865911366
5-19C,5.0,166.9759,-0.6420096193790426,0.2585316647465159
5-19C,5.0,167.0207,-0.40312842293558393,0.22891016847351214
5-19C,5.0,167.0358,0.8605962595556487,0.26304566217981523
5-19C,5.0,167.0828,0.3239086494033615,0.6049152241955154
5-19C,5.0,168.0277,-0.4661472513462178,0.02558070130235485
5-19C,5.0,168.0664,0.7572307978337947,0.7135540958659192
5-19C,5.0,170.0455,-0.8261598094930243,0.006152547701084482
5-19C,5.0,171.0065,-0.7651292180227776,0.16816108376852248
5-19C,5.0,171.0092,-0.7533291366681101,0.1925134262666483
5-19C,5.0,171.0284,-0.8089682440487304,0.03684774566925197
5-19C,5.0,172.0616,-0.12690266208523426,0.3870063668277174
5-19C,5.0,172.962,-0.44874747213711075,0.08170388728210705
5-19C,5.0,173.0089,-0.8829886742892941,0.09728784047523609
5-19C,5.0,173.0453,-0.9846959514594387,0.09786062378964878
5-19C,5.0,173.0932,-0.8511536155499231,0.05294159532448707
5-19C,5.0,173.1041,-0.6028136935760515,0.12467190876884394
5-19C,5.0,174.0407,-0.6433027616804103,0.010674352833018845
5-19C,5.0,174.088,-0.571436708221206,0.2870982068513542
5-19C,5.0,175.022,-0.7025017995214934,0.09102477753434261
5-19C,5.0,175.0361,-0.12022715683989639,0.049177216353646656
5-19C,5.0,175.0611,-0.9010722812731523,0.027403789525987477
5-19C,5.0,176.0776,-0.8021641261540923,0.1111794424590072
5-19C,5.0,177.0402,1.5508444951654274,0.6708403141561909
5-19C,5.0,177.0553,1.0186486391138667,0.3960934365193861
5-19C,5.0,178.0509,-0.643348674731743,0.06288936577442857
5-19C,5.0,179.0348,0.6902654552497488,0.18248151284003097
5-19C,5.0,179.0561,1.057834464143841,0.05698819506005501
5-19C,5.0,180.0663,1.0763363524571672,0.12249256922032524
5-19C,5.0,181.0505,-0.7217343588985177,0.12450387712326506
5-19C,5.0,182.9725,1.4794365451357199,0.15401115683301525
5-19C,5.0,183.0661,1.3309315639728367,0.5262775464869479
5-19C,5.0,184.0017,-0.4955961072835793,0.08933646884161478
5-19C,5.0,184.9856,-0.26157595456414584,0.10514514807393856
5-19C,5.0,186.1136,0.3416403569354073,0.40187330350077016
5-19C,5.0,187.0234,-0.48560954399256095,0.33853975394685604
5-19C,5.0,188.035,-0.13062739458597022,0.9692452778936114
5-19C,5.0,188.0565,-0.8348150568353832,0.01895680333591328
5-19C,5.0,189.0405,-0.5591426644484636,0.09244330121802567
5-19C,5.0,191.0197,-0.7225565965202649,0.14055504348199147
5-19C,5.0,191.0561,-1.019962546566481,0.06059572096783369
5-19C,5.0,192.0663,0.5210393929466577,0.560363947443906
5-19C,5.0,193.0349,0.3747860761828776,0.3370806188396607
5-19C,5.0,194.0682,-0.7352327452673793,0.10638014881091867
5-19C,5.0,194.0822,0.914487962564569,0.754722107683037
5-19C,5.0,195.0509,0.9547581899089548,0.13814499115016962
5-19C,5.0,195.0657,0.027009006990366746,0.4193882361719927
5-19C,5.0,196.0603,-0.48499571261820684,0.20007314824253228
5-19C,5.0,198.0182,-0.4938939758134796,0.26498380839076263
5-19C,5.0,199.0019,-0.7565918473021315,0.22563350603927348
5-19C,5.0,200.9937,0.6150122897926626,0.17704575957490806
5-19C,5.0,201.0051,-0.31503004607526264,0.44149523938200397
5-19C,5.0,203.0348,-0.011708339466497311,0.3502750576651309
5-19C,5.0,203.0826,-0.08759540906194699,0.004078995489346726
5-19C,5.0,204.0498,1.2878129622559233,1.113648357862271
5-19C,5.0,205.0351,-0.9648080914077399,0.10843007632647653
5-19C,5.0,206.0822,0.887801085373828,0.282035774777232
5-19C,5.0,209.0292,-0.518985199453908,0.49223412798277444
5-19C,5.0,209.0814,-0.31543499057062624,0.13163420418269492
5-19C,5.0,211.0235,-0.6109222967471406,0.5925557212787287
5-19C,5.0,211.9968,-0.6749061755995588,0.06448521499933123
5-19C,5.0,212.0331,-0.043584940928933474,0.2592640159413883
5-19C,5.0,212.9807,-0.5195751822752577,0.06629678502034941
5-19C,5.0,213.014,-0.8562473827806499,0.09214164478392609
5-19C,5.0,213.0384,-0.07271739076537087,0.1589363709044333
5-19C,5.0,213.1252,0.0730833231509906,0.401093056238716
5-19C,5.0,214.0488,0.05784484929861107,0.16446630563472886
5-19C,5.0,215.0331,1.4798334890564444,0.09993689400109088
5-19C,5.0,216.1351,0.5917115807517865,0.30538610925406146
5-19C,5.0,218.0335,1.5990694407846524,0.07176765391742165
5-19C,5.0,218.1034,-0.9192127950047375,0.014306817594088956
5-19C,5.0,220.0828,0.020510700519072805,0.621993364005758
5-19C,5.0,221.0443,1.3187418961592485,0.24377909571480252
5-19C,5.0,221.0664,1.405414739816325,0.31847145732483856
5-19C,5.0,225.0399,-0.24718277594600055,1.0374309310055383
5-19C,5.0,225.0861,0.25259326300464086,0.31035007454909525
5-19C,5.0,225.0901,0.7354274519098961,1.0490980023763998
5-19C,5.0,226.0135,-0.4968045455855224,0.252961293424004
5-19C,5.0,226.0697,0.6122225137180003,0.44179925686435945
5-19C,5.0,228.0501,-0.06002687285254752,0.6516006731922963
5-19C,5.0,229.0122,0.02596873683216426,0.12160264701007038
5-19C,5.0,237.0614,-0.665450918105474,0.11827801370372812
5-19C,5.0,238.0945,-0.5597762162053285,0.10806374671655793
5-19C,5.0,240.0515,-0.42685591242268384,0.0393566280582479
5-19C,5.0,241.0844,-0.3059441568204866,0.48609562655301203
5-19C,5.0,242.0804,0.10982825448440636,0.29320697476822216
5-19C,5.0,243.029,0.03668382017045353,0.45295314026345534
5-19C,5.0,243.0625,-0.11119888679921883,0.5880599345424091
5-19C,5.0,245.0444,-0.02912537702794228,0.2812677089211589
5-19C,5.0,246.0198,-0.439397102364966,0.48067486998282877
5-19C,5.0,246.064,1.019273229811159,1.232592670861411
5-19C,5.0,251.0816,0.514696115092688,0.5736084960925729
5-19C,5.0,253.0119,-0.2912756613358252,0.012036902138931013
5-19C,5.0,253.0499,2.4856941031910553,0.47442114379839273
5-19C,5.0,257.0072,-0.288608840949988,0.5839818956087226
5-19C,5.0,257.1028,-0.0164696916375038,0.4851549764813025
5-19C,5.0,259.005,-0.14238231588795916,0.582778206007564
5-19C,5.0,259.0227,2.049593895476038,0.2727249855803139
5-19C,5.0,261.0385,0.18739570259072197,0.1639213339440873
5-19C,5.0,266.0703,-0.6923841526828682,0.19541871526137533
5-19C,5.0,267.0724,-0.6718684383243172,0.01692073598421999
5-19C,5.0,268.02,-0.44293059659136114,0.7958134235911944
5-19C,5.0,269.0398,-0.48696022423167534,0.10079890834927151
5-19C,5.0,271.0612,2.4732388751514174,0.6505090346251955
5-19C,5.0,271.0815,0.48517321325046253,1.0007908771441132
5-19C,5.0,273.0021,-0.7166845555145924,0.15699626209225692
5-19C,5.0,274.0933,0.02703805695551088,0.206920346396649
5-19C,5.0,275.0184,-0.059816829309902037,0.40429296556128236
5-19C,5.0,275.0991,-0.6561906416530969,0.11775788627212518
5-19C,5.0,277.1207,1.4033508816999676,0.10922562271390539
5-19C,5.0,277.2169,0.40492568270361035,0.17139342510973965
5-19C,5.0,279.2331,-0.3312794989008816,0.02202289701563818
5-19C,5.0,282.0839,1.8979221215796178,0.37145562994120324
5-19C,5.0,283.2063,-0.5757594020284287,0.15516088890074073
5-19C,5.0,285.0972,-0.3139889002046702,0.35192414283708573
5-19C,5.0,287.0157,0.7089999025962954,0.42171597250262366
5-19C,5.0,288.0725,-0.5177214634485215,0.08951383748181957
5-19C,5.0,289.0333,0.7014953244130206,0.5042282133681223
5-19C,5.0,289.1044,-0.7750782668844158,0.17506289567285976
5-19C,5.0,290.9677,-0.3428068610989916,0.0372616983386483
5-19C,5.0,294.0479,0.6855069314721531,1.0893614392028637
5-19C,5.0,300.0509,0.39147353796210543,0.6096888493268955
5-19C,5.0,301.0333,0.48258094991285055,0.7086597650511081
5-19C,5.0,303.2326,0.09936125550762498,0.9435683957184128
5-19C,5.0,305.0207,1.0917859649264205,0.11501719350159245
5-19C,5.0,306.0481,-0.4223241860006962,0.23566765168967233
5-19C,5.0,306.0765,-0.1929747707797545,0.021867020066731795
5-19C,5.0,308.0986,-0.24674073635271837,0.04978899838952443
5-19C,5.0,313.0441,0.00018399958235985892,0.2690264446988379
5-19C,5.0,313.1037,-0.7729662548646096,0.501707263853673
5-19C,5.0,317.026,-0.21725673978857224,0.39542481798865015
5-19C,5.0,323.0256,1.721945319188246,0.5189239193482494
5-19C,5.0,325.1163,-0.4099928846236106,0.1351862546366845
5-19C,5.0,328.0457,0.0598612794009503,0.05779704639966223
5-19C,5.0,333.0589,-0.9047350212051557,0.24629873434226396
5-19C,5.0,338.9884,-0.41985083674087104,0.13051893906094675
5-19C,5.0,339.0928,0.8429210477804678,1.0029883864522307
5-19C,5.0,341.1089,0.7341974714166641,0.3386454578357745
5-19C,5.0,344.0393,0.5561419547210172,0.14672060171000434
5-19C,5.0,346.0556,2.3126595064332665,0.19089342567827247
5-19C,5.0,348.087,-0.5350257331723394,0.37018815237251435
5-19C,5.0,353.0489,0.7095362955990496,0.39839430243290413
5-19C,5.0,357.089,-0.5680941261243995,0.1493198540605008
5-19C,5.0,375.131,-0.25447553755516433,0.3376628469695651
5-19C,5.0,377.1496,-0.09589767043903277,0.5288149720775301
5-19C,5.0,383.1188,1.0472124146881883,0.6433372686826266
5-19C,5.0,388.9416,-0.007962135904670223,0.2966853697483873
5-19C,5.0,388.9442,-0.42813045678681827,0.3152908091680943
5-19C,5.0,401.0756,1.5927005384056097,0.21913706145484885
5-19C,5.0,407.2795,-0.16406777776613585,0.41495649517065364
5-19C,5.0,421.0743,0.14856649139090142,0.6648893542674066
5-19C,5.0,426.0222,0.9737182560680501,0.5632074603824189
5-19C,5.0,442.9997,-0.0400957466054962,0.3405720205727067
5-19C,5.0,466.9657,0.6075500243932259,0.21508141264775837
5-19C,5.0,490.9787,0.5701270026682713,0.6853907136317023
5-19C,5.0,503.1614,1.1384137374676415,0.3219804637628359
5-19C,5.0,547.0731,-1.0126301815572953,0.08232926455763043
5-19C,5.0,565.0471,-0.08748329284581662,0.23518003005944843
5-19C,5.0,578.8872,1.6421953715662518,0.024576965336614517
5-19C,5.0,579.0269,1.694990290706957,0.02712170591471055
5-19C,5.0,612.2549,-0.3689608161003217,0.22055383958476651
5-19C,5.0,624.2949,-0.8568216901587383,0.19836576256107138
5-19C,5.0,659.307,0.0006606375125794359,0.1798185882417207
5-19C,5.0,664.0939,-0.42346336163731285,0.14850997592978205
5-19C,5.0,665.2144,0.34920804323884247,0.2924833602833174
5-19C,5.0,668.1374,-0.6148612642289546,0.00019828878867981066
5-19C,5.0,787.255,0.33871584126152293,0.354550563935204
5-19C,5.0,790.2568,0.34204357472291536,0.3823047639454613
5-19C,5.0,835.0407,-0.758950474359155,0.14853594029149053
5-19C,5.0,863.2971,-0.4908339399253777,0.1530554056751846
5-19C,5.0,864.1473,-0.2998771033872949,0.4720617986989407
5-19C,5.0,974.2935,-0.06987343553493691,0.3259731992879886
5-19C,5.0,976.7162,1.1013258107826673,0.096334314709582
5-19C,6.0,57.0342,1.4286861988005874,0.4848574089489704
5-19C,6.0,58.0295,-0.26007214269420237,0.08550255880908637
5-19C,6.0,59.0135,1.648056496430831,0.09573384631240496
5-19C,6.0,71.0137,1.4874592600375944,0.10206891616377084
5-19C,6.0,73.0293,-0.867186389730457,0.034229828859455365
5-19C,6.0,74.0247,-0.5074927027924844,0.5767935169719668
5-19C,6.0,75.0087,0.6384572439238658,0.1304516060775922
5-19C,6.0,87.0088,-0.6332557333806672,0.017010483471415715
5-19C,6.0,87.0451,1.6300346229647762,0.7702907576995797
5-19C,6.0,88.0403,-0.5770005327544523,0.05046228021296409
5-19C,6.0,88.9883,-0.9490785277988814,0.5657923099906167
5-19C,6.0,89.0244,-0.26461356038280964,0.039209166724700616
5-19C,6.0,93.0338,-0.053610862086020346,0.015918898220980124
5-19C,6.0,94.9761,-0.8535623350582415,0.27102764483976427
5-19C,6.0,94.9806,1.1319157952099863,0.2772870521370063
5-19C,6.0,95.0139,1.652658588028383,0.3329911378085109
5-19C,6.0,101.0242,1.32372018510131,0.28748485741961377
5-19C,6.0,102.056,-0.48830119977993514,0.06012330384865891
5-19C,6.0,103.0402,-0.7909281525871146,0.07230323273040712
5-19C,6.0,103.0509,-0.7878577753234277,0.062265762230169934
5-19C,6.0,104.0352,-0.5064219448643936,0.08336009175952801
5-19C,6.0,105.0193,0.341836690987125,0.278984111755396
5-19C,6.0,107.0503,0.557232167721354,0.4645620359626441
5-19C,6.0,109.0295,-0.39192647268631975,0.12273112084078615
5-19C,6.0,111.02,0.07808226876197136,0.0403856556939588
5-19C,6.0,112.0516,0.3622135325343544,0.4374149784947093
5-19C,6.0,113.0244,1.2766786581913343,0.07643780745134263
5-19C,6.0,113.0357,1.3774545785165868,0.03725708212234779
5-19C,6.0,114.056,-0.2432953646459345,0.0018539661184521527
5-19C,6.0,115.0037,-0.48134362518813634,0.10422965040994256
5-19C,6.0,115.0402,0.6164168090319944,0.7430719883521526
5-19C,6.0,115.0764,0.5088609674048955,0.4593530719290799
5-19C,6.0,116.0354,-0.6426009066741113,0.2824792331640039
5-19C,6.0,116.0717,-0.7378402018699397,0.02723822097095402
5-19C,6.0,117.0194,-0.8546639853094581,0.03070168975895152
5-19C,6.0,118.0508,-1.280009395169867,0.12177204360247898
5-19C,6.0,118.9804,1.2785611137911779,0.15445776770129951
5-19C,6.0,119.0503,0.8375085187548132,0.48898878856118233
5-19C,6.0,120.9273,-0.4482049170683779,0.11188099560337868
5-19C,6.0,121.0295,0.7322687249108436,0.6027909559373241
5-19C,6.0,121.0409,0.5922721540922331,0.6043508327353906
5-19C,6.0,122.0248,0.9572087907949145,0.8982134198321193
5-19C,6.0,124.0075,0.20295543880422778,0.3683338124984526
5-19C,6.0,124.0144,1.25067006986797,0.2993728430882808
5-19C,6.0,125.0439,1.2759328074832017,0.6682997418999127
5-19C,6.0,127.0764,0.7496848336446122,0.3824367837799362
5-19C,6.0,128.0354,-0.33716076579929055,0.016827356613779952
5-19C,6.0,129.0193,-0.6495927753203788,0.09544641747098298
5-19C,6.0,129.0556,-0.020777823190250164,0.5612456676695925
5-19C,6.0,130.0142,-0.7619387472083262,0.2057044001169901
5-19C,6.0,130.0509,-0.482269617557435,0.031179205901012946
5-19C,6.0,130.0874,-0.8447799121813453,0.08377649786272498
5-19C,6.0,131.0008,-0.8882838153471726,1.101350090146759
5-19C,6.0,131.0123,-0.6526158927031758,0.07101951958651635
5-19C,6.0,131.035,1.2851000153108147,0.2521040156872039
5-19C,6.0,131.0462,1.204516769656235,0.3457348907452168
5-19C,6.0,131.0828,-0.5435839893820913,0.11663498733498545
5-19C,6.0,132.0302,0.4121592692141106,0.0533970278127734
5-19C,6.0,133.0142,-0.09978422113106195,0.10431255687328007
5-19C,6.0,133.0257,-0.039096314895485706,0.04790233310954302
5-19C,6.0,133.0505,-0.6134384011284606,0.023639534790707756
5-19C,6.0,134.0472,-0.12520365496725452,0.11367133622243243
5-19C,6.0,134.0604,-0.2380980662662553,0.4569265137524669
5-19C,6.0,135.0302,-0.5252057396236812,0.11426219993091448
5-19C,6.0,135.0453,0.8758070652004658,0.21351132155567307
5-19C,6.0,136.0404,-0.3523966447252417,0.08152100765263551
5-19C,6.0,136.0487,0.5296252464678901,0.2441211766095692
5-19C,6.0,136.0767,-0.15253397821853024,0.5934478772922349
5-19C,6.0,137.0239,-0.2732272427899177,0.26142487323602676
5-19C,6.0,138.9789,-0.2718394167577961,0.22546246458137326
5-19C,6.0,139.0014,-0.19129700835442248,0.03396738747705733
5-19C,6.0,139.0067,-0.6572773344873546,0.021267670714715307
5-19C,6.0,139.976,-0.45420839998701856,0.3083992805118909
5-19C,6.0,143.0713,0.0825913663564453,0.44627692938107727
5-19C,6.0,143.1077,1.1539304566541415,0.2442446639616802
5-19C,6.0,145.0141,-0.2581347929249294,0.13020427361953232
5-19C,6.0,145.0506,-0.735569737758712,0.2007074055740899
5-19C,6.0,145.0623,-0.6294086924371699,0.110988716004224
5-19C,6.0,145.0982,-0.4596980667912094,0.16501290957429124
5-19C,6.0,145.1106,-1.0587017529879965,1.30720196788803
5-19C,6.0,146.0459,-0.4224013920418649,0.0179821064803317
5-19C,6.0,147.0298,-0.7123778159526657,0.05959008936631968
5-19C,6.0,147.0662,-0.3826057484671285,0.02862236262066759
5-19C,6.0,149.0092,0.6252343031671848,0.7397623969393208
5-19C,6.0,149.0456,1.1622239987511,0.25878132512495394
5-19C,6.0,149.0608,0.7940873428040496,0.5247520927095637
5-19C,6.0,150.0422,-0.07079955118516362,0.46679366031739256
5-19C,6.0,150.9707,-0.2579567994602051,0.512624211127635
5-19C,6.0,151.0259,-0.5244948286159428,0.09830892793135518
5-19C,6.0,151.04,1.8049499486978595,0.7106681787182836
5-19C,6.0,151.06,0.5133152106307919,0.48428639711803106
5-19C,6.0,152.0353,0.012255571544795035,0.1880018732720323
5-19C,6.0,152.0716,0.3249020653355061,0.4784078327131854
5-19C,6.0,153.0192,0.48403128763902564,0.08892740894131458
5-19C,6.0,154.062,-0.48090485948166745,0.1643458991698628
5-19C,6.0,154.9751,-0.839985952773604,0.057045756872948356
5-19C,6.0,155.0099,0.11723495266566937,0.03221843436752043
5-19C,6.0,157.0128,-0.5477904154465282,0.006048490034694669
5-19C,6.0,157.0255,0.8263297420735759,0.046491460941059444
5-19C,6.0,157.0379,0.8467221258232621,0.061807098250220835
5-19C,6.0,157.0504,-0.7607899426341249,0.06960780602139265
5-19C,6.0,159.0297,0.9436927517903063,0.2646707341405666
5-19C,6.0,159.0775,-0.7361105790299836,0.04035163825912655
5-19C,6.0,160.0616,-0.5348851117833606,0.48559020394181246
5-19C,6.0,161.0453,0.7301231498208437,0.19233493415420888
5-19C,6.0,162.0424,-0.635213257950353,0.1663264585908212
5-19C,6.0,163.0351,-0.799859556189416,0.09226136105871773
5-19C,6.0,163.0398,0.7532122062246203,0.04905771583408758
5-19C,6.0,163.0611,0.23486529731095568,0.30100860050797923
5-19C,6.0,164.0716,-0.4040738068332558,0.07377492353335066
5-19C,6.0,165.03,1.0122622274209685,0.5463755586513307
5-19C,6.0,165.0405,1.081202418508164,0.4561933999118353
5-19C,6.0,165.0556,-0.5627824425334702,0.13303826740191807
5-19C,6.0,166.0508,-0.225075497812732,0.17669865339290042
5-19C,6.0,166.0632,-1.1069095341447157,0.6478937032846565
5-19C,6.0,166.9759,-0.6885989726049483,0.2259720732350549
5-19C,6.0,167.0207,-0.13483941185953183,0.47399028734318327
5-19C,6.0,167.0358,0.4968635546633703,0.5663794550717925
5-19C,6.0,167.0828,-0.22167094167104753,0.26158293020918566
5-19C,6.0,168.0277,-0.4514039234087377,0.00860058619107782
5-19C,6.0,168.0664,0.9200348102788363,0.5581632139555855
5-19C,6.0,170.0455,-0.7789770036523783,0.01868094150373147
5-19C,6.0,171.0065,-0.7534904672205187,0.27343730905088504
5-19C,6.0,171.0092,-0.5082951728489988,0.24038613041029674
5-19C,6.0,171.0284,-0.8702022578484961,0.06246989563842153
5-19C,6.0,172.0616,0.09542746920928308,0.15875175750142662
5-19C,6.0,172.962,-0.5587509660968341,0.055211747136593874
5-19C,6.0,173.0089,-0.7973125974155859,0.12086156585929046
5-19C,6.0,173.0453,-0.8722111121683724,0.18461212684050832
5-19C,6.0,173.0932,-0.7801464308228034,0.03750570126587792
5-19C,6.0,173.1041,-0.6824521913122743,0.36224997554619887
5-19C,6.0,174.0407,-0.3889263533945478,0.022476775645578612
5-19C,6.0,174.088,-0.3814201354774296,0.09103212258864764
5-19C,6.0,175.022,-0.5185575597193757,0.059413283186605624
5-19C,6.0,175.0361,0.3446081368935767,0.03274869276941304
5-19C,6.0,175.0611,-0.7677854433076328,0.043440071854795904
5-19C,6.0,176.0776,-0.5656827750011886,0.14845351626010655
5-19C,6.0,177.0402,1.3134159362596063,0.444062581051148
5-19C,6.0,177.0553,1.338994007001972,0.4821503580876954
5-19C,6.0,178.0509,-0.5924931351188167,0.05600733676870949
5-19C,6.0,179.0348,0.3518879090908016,0.2947652724469486
5-19C,6.0,179.0561,1.0998267738424206,0.10137777329871593
5-19C,6.0,180.0663,1.1027233276664354,0.14312119273150187
5-19C,6.0,181.0505,-0.7150908562949634,0.1263413630543458
5-19C,6.0,182.9725,1.192277386357952,0.2971945444063649
5-19C,6.0,183.0661,0.6846341043699238,0.7554611870834184
5-19C,6.0,184.0017,-0.4110757743147564,0.05407674078893411
5-19C,6.0,184.9856,-0.4205576097097745,0.08289140261076307
5-19C,6.0,186.1136,0.36561064328387305,0.7435670228676552
5-19C,6.0,187.0234,-0.9559548557378885,0.17365904922745376
5-19C,6.0,188.035,0.18270509287130415,0.6323285464479689
5-19C,6.0,188.0565,-0.6692901681171914,0.04061419429047224
5-19C,6.0,189.0405,-0.4168953975598539,0.10339497133380063
5-19C,6.0,191.0197,-0.4554107011291034,0.0879423044196952
5-19C,6.0,191.0561,-0.8757735801252908,0.09351873558943416
5-19C,6.0,192.0663,1.136037373852222,0.8833890051473817
5-19C,6.0,193.0349,1.342241220350139,0.6501318484976297
5-19C,6.0,194.0682,-0.9452455313141516,0.19456774320051123
5-19C,6.0,194.0822,1.2470109918199008,0.39580976361248893
5-19C,6.0,195.0509,1.2518312923534372,0.16838153582207285
5-19C,6.0,195.0657,0.8129967340784805,0.5693580974991751
5-19C,6.0,196.0603,-0.5023925289374188,0.11381060525103981
5-19C,6.0,198.0182,-0.4391419837154679,0.3058090366128936
5-19C,6.0,199.0019,-0.23183158852015726,0.11616479476284446
5-19C,6.0,200.9937,0.45316458590703945,0.4399954718154206
5-19C,6.0,201.0051,1.0665809109394069,0.17815799807697993
5-19C,6.0,203.0348,-0.043102128805237,0.1542833619815065
5-19C,6.0,203.0826,-0.07887574804044625,0.04685130354737673
5-19C,6.0,204.0498,-0.0167511348568924,0.25163154843466556
5-19C,6.0,205.0351,-0.7131695009081918,0.0969716952640388
5-19C,6.0,206.0822,1.769375532783363,0.877876281090625
5-19C,6.0,209.0292,-0.543722284892979,0.4777213418293438
5-19C,6.0,209.0814,0.019619795775571235,0.27399428733177383
5-19C,6.0,211.0235,-0.6697864635397146,0.33280013800442654
5-19C,6.0,211.9968,-0.38744308363244795,0.018327275613306
5-19C,6.0,212.0331,-0.21380941149949506,0.1728445129241097
5-19C,6.0,212.9807,-0.45999615390274784,0.08512639271021961
5-19C,6.0,213.014,-0.30335742716348774,0.2516189266430268
5-19C,6.0,213.0384,-0.4328355188707982,0.21861465233236502
5-19C,6.0,213.1252,0.5363473301207884,0.4466777561194038
5-19C,6.0,214.0488,0.7997704361676818,0.4421553693270195
5-19C,6.0,215.0331,1.5142632167193404,0.06843494648222236
5-19C,6.0,216.1351,0.28568232825637535,0.21497974194210143
5-19C,6.0,218.0335,1.5489909077345358,0.06251198760996496
5-19C,6.0,218.1034,-0.6334379437026744,0.03835767122982344
5-19C,6.0,220.0828,0.5446838449553877,0.6836649958871158
5-19C,6.0,221.0443,1.202960347555858,0.1285985858224638
5-19C,6.0,221.0664,2.1105943294617457,0.5012371916504399
5-19C,6.0,225.0399,0.8256726448727794,0.7844803375098279
5-19C,6.0,225.0861,0.19085923622312512,0.5060318777130943
5-19C,6.0,225.0901,0.7426369510143112,0.35655855999581054
5-19C,6.0,226.0135,-0.9270916734533385,0.0741165134354629
5-19C,6.0,226.0697,0.41365286101844356,0.3086363241833737
5-19C,6.0,228.0501,-0.70001450192348,0.19358971578934986
5-19C,6.0,229.0122,0.0699375262485977,0.2695407030202609
5-19C,6.0,237.0614,-0.47184300032644455,0.13983984962306475
5-19C,6.0,238.0945,-0.5275253577360398,0.28373032028698625
5-19C,6.0,240.0515,-0.34857360966257617,0.04164394052869467
5-19C,6.0,241.0844,-0.38422556862223217,0.709075959231094
5-19C,6.0,242.0804,0.4222647587256333,0.5052621411164304
5-19C,6.0,243.029,0.07750661191719124,0.26690285970050276
5-19C,6.0,243.0625,-0.1099796598663487,0.5874454917911578
5-19C,6.0,245.0444,1.7572551358279884,0.2823412375308205
5-19C,6.0,246.0198,-0.8299749970973922,0.34720640830397687
5-19C,6.0,246.064,1.375924623010207,1.0871696478976718
5-19C,6.0,251.0816,0.12267551481500727,0.5247582385295644
5-19C,6.0,253.0119,-0.2888922319157808,0.01649005700164234
5-19C,6.0,253.0499,1.1960329336297608,0.6960201225407862
5-19C,6.0,257.0072,-0.09561505469548234,0.22290107135070863
5-19C,6.0,257.1028,0.10280073297513961,0.41894189713317376
5-19C,6.0,259.005,-0.23755157738372001,0.5300523907156665
5-19C,6.0,259.0227,1.7918651345871999,0.2134446204917798
5-19C,6.0,261.0385,0.25002528271245794,0.16161963626213438
5-19C,6.0,266.0703,-0.4637214744342517,0.16479291430547693
5-19C,6.0,267.0724,-0.5270519085758346,0.09596246658435477
5-19C,6.0,268.02,-0.906130480370736,0.6486268672334559
5-19C,6.0,269.0398,-0.6284150489323329,0.11123251761038659
5-19C,6.0,271.0612,1.6947432495861259,0.7190309490966383
5-19C,6.0,271.0815,0.4116801471693694,0.5835816733692978
5-19C,6.0,273.0021,-0.7118097376222845,0.14508080196019088
5-19C,6.0,274.0933,0.32166710308145663,0.20315430440815235
5-19C,6.0,275.0184,0.13724301244869289,0.4914357587580142
5-19C,6.0,275.0991,-0.5558355877487283,0.21677525025835098
5-19C,6.0,277.1207,1.2293872577370788,0.1133660257836556
5-19C,6.0,277.2169,0.4279854695624921,0.11580230927231581
5-19C,6.0,279.2331,-0.36152187184437884,0.011818166373446687
5-19C,6.0,282.0839,1.4645837341419492,0.704147537323119
5-19C,6.0,283.2063,-0.5951675987954123,0.18439536931619963
5-19C,6.0,285.0972,-0.7353448933760613,0.2742082558155426
5-19C,6.0,287.0157,1.1672637875271434,0.5803619137934891
5-19C,6.0,288.0725,-0.36027898448847706,0.1158655914199612
5-19C,6.0,289.0333,1.022590707843972,0.7429922872954329
5-19C,6.0,289.1044,-0.8152860963731929,0.27195027338683747
5-19C,6.0,290.9677,-0.2946832181928436,0.10624228384320339
5-19C,6.0,294.0479,0.4541911943077782,0.3063101413616471
5-19C,6.0,300.0509,0.33381227994220164,0.9201484688003527
5-19C,6.0,301.0333,0.3780459250935262,0.8868581963236654
5-19C,6.0,303.2326,-0.10190413198074094,0.34617924703817005
5-19C,6.0,305.0207,0.9316486592065041,0.10404504990945064
5-19C,6.0,306.0481,-0.4426372258360468,0.11375845160339412
5-19C,6.0,306.0765,-0.24676419046179873,0.04325515267958887
5-19C,6.0,308.0986,-0.23807123952914444,0.0652009517684226
5-19C,6.0,313.0441,-0.047191613815259215,0.5223245938308592
5-19C,6.0,313.1037,-0.7075834891168555,0.9269505004384281
5-19C,6.0,317.026,0.20828395889581053,0.4961200980133005
5-19C,6.0,323.0256,1.509682585162093,0.6477531681516702
5-19C,6.0,325.1163,-0.4828171412386302,0.3135932150714725
5-19C,6.0,328.0457,0.1670523449493081,0.20482284312571886
5-19C,6.0,333.0589,-0.6622047603160877,0.16134506476291774
5-19C,6.0,338.9884,-0.06266454693944506,0.3016254475359478
5-19C,6.0,339.0928,1.17422607730819,0.6981937474109788
5-19C,6.0,341.1089,0.879334209586166,0.12713423336472848
5-19C,6.0,344.0393,0.34518969483019557,0.1433342481447222
5-19C,6.0,346.0556,2.412160045037285,0.27043594767501233
5-19C,6.0,348.087,-0.6223719361389008,0.22599654960610235
5-19C,6.0,353.0489,0.3676936925518981,0.8122802062836342
5-19C,6.0,357.089,-0.7348887043679193,0.15302949773748203
5-19C,6.0,375.131,-0.6747630558264478,0.17433042543180782
5-19C,6.0,377.1496,0.2258977240890376,0.582942982379371
5-19C,6.0,383.1188,1.3648781040499678,0.49472450736711737
5-19C,6.0,388.9416,0.3286203023153098,0.3213191338534229
5-19C,6.0,388.9442,0.15249290670574153,0.31995263761166004
5-19C,6.0,401.0756,1.4525487185741617,0.10871406803421398
5-19C,6.0,407.2795,-0.37147596575556513,0.14270305139450906
5-19C,6.0,421.0743,0.015387683640614713,0.9121203617784565
5-19C,6.0,426.0222,1.1466101990246553,0.4179160419896586
5-19C,6.0,442.9997,-0.10492663744160642,0.3289697927156986
5-19C,6.0,466.9657,0.8016032257717705,0.20455857239387232
5-19C,6.0,490.9787,-0.15489375118284754,0.2952948589065332
5-19C,6.0,503.1614,1.881980188114584,0.39331123571951515
5-19C,6.0,547.0731,-0.8877884548826472,0.07339878173845228
5-19C,6.0,565.0471,-0.31769014188470457,0.31239630210893204
5-19C,6.0,578.8872,1.668116442311713,0.24309218313245212
5-19C,6.0,579.0269,1.5266529908838575,0.16108825072499666
5-19C,6.0,612.2549,0.29531680396536697,0.12657667661126132
5-19C,6.0,624.2949,-0.5985987576274151,0.23984546611613713
5-19C,6.0,659.307,0.2457487152632754,0.27196467092974086
5-19C,6.0,664.0939,-0.2587276933456064,0.20133530412137207
5-19C,6.0,665.2144,0.528465204743085,0.3397151461150886
5-19C,6.0,668.1374,-0.6107752659491181,0.002828067760495488
5-19C,6.0,787.255,0.8477028450856987,0.2659097984075873
5-19C,6.0,790.2568,0.2877925457240891,0.5528985173220112
5-19C,6.0,835.0407,-0.5750574697025405,0.10936596424344946
5-19C,6.0,863.2971,-0.47716066740461854,0.06197719033197212
5-19C,6.0,864.1473,-0.16309875741855084,0.5621720858816175
5-19C,6.0,974.2935,-0.10082340378997083,0.09602313823003762
5-19C,6.0,976.7162,1.0953536393988605,0.27411028818560074
5-19C,7.0,57.0342,1.3484097556900454,0.48055460012368656
5-19C,7.0,58.0295,-0.10838663917665048,0.33744603186841915
5-19C,7.0,59.0135,1.5976646488821649,0.3508105402925259
5-19C,7.0,71.0137,1.4679253301041628,0.335533924212289
5-19C,7.0,73.0293,-0.8410428125260295,0.026222771965961372
5-19C,7.0,74.0247,-0.38616951990916426,0.37600148843710235
5-19C,7.0,75.0087,0.37345402747298745,0.5119955989512054
5-19C,7.0,87.0088,-0.6730550368713641,0.008070815227764082
5-19C,7.0,87.0451,0.6967999887071148,0.6694463654962234
5-19C,7.0,88.0403,-0.41362968345403534,0.1334712061937664
5-19C,7.0,88.9883,-0.631318187330367,0.38863532794147293
5-19C,7.0,89.0244,-0.5499286496393736,0.0923757121380614
5-19C,7.0,93.0338,-0.05018412283721106,0.004848070419793434
5-19C,7.0,94.9761,-1.6777226426476624,0.13591427171746542
5-19C,7.0,94.9806,2.0719856329994526,0.2207669326885922
5-19C,7.0,95.0139,1.453912782782972,0.21729561360587293
5-19C,7.0,101.0242,1.034888912823074,0.2876241270484243
5-19C,7.0,102.056,-0.2993375514903673,0.06357199898297422
5-19C,7.0,103.0402,-0.7661205620128411,0.0444425241916586
5-19C,7.0,103.0509,-0.923232123588225,0.05330087402472634
5-19C,7.0,104.0352,0.22786649642292361,0.29758819438144674
5-19C,7.0,105.0193,-0.3910041413707765,0.49035796777331514
5-19C,7.0,107.0503,1.9339580403005203,0.27294048996974535
5-19C,7.0,109.0295,-0.008897776430526763,0.17802858124309262
5-19C,7.0,111.02,0.8935539495988302,0.13781549761041073
5-19C,7.0,112.0516,1.7228905367526253,0.5103951119669031
5-19C,7.0,113.0244,1.1957463970592728,0.13895244698962
5-19C,7.0,113.0357,1.9150013978321674,0.20941226558963172
5-19C,7.0,114.056,-0.1941010778800089,0.035031303035021735
5-19C,7.0,115.0037,-0.426349209045117,0.06574095124865394
5-19C,7.0,115.0402,0.40992679974362356,0.2979771394064728
5-19C,7.0,115.0764,0.9593755742282413,0.5061573930744501
5-19C,7.0,116.0354,-0.5684230261082517,0.22700255043157783
5-19C,7.0,116.0717,-0.7489341349752946,0.009595912217984844
5-19C,7.0,117.0194,-0.8568863510793115,0.015300414994695212
5-19C,7.0,118.0508,-0.9348979369582467,0.197447392201253
5-19C,7.0,118.9804,1.3535342809316666,0.17886506809133784
5-19C,7.0,119.0503,1.1247626608180914,0.05478134868774254
5-19C,7.0,120.9273,-0.5208420278276231,0.17842310130423258
5-19C,7.0,121.0295,0.6894586268883969,0.33876459711680756
5-19C,7.0,121.0409,0.6528775947765788,0.3027628719768354
5-19C,7.0,122.0248,0.8566056214653623,0.3123025389188216
5-19C,7.0,124.0075,0.2883380402833856,0.24841124487601593
5-19C,7.0,124.0144,0.8289902864660633,0.3053862901433838
5-19C,7.0,125.0439,0.8862083426917603,0.10150874377058212
5-19C,7.0,127.0764,0.689691920674975,0.5137780973987818
5-19C,7.0,128.0354,-0.25099334758785863,0.005932923360506225
5-19C,7.0,129.0193,-0.7076466065260633,0.07618365140687078
5-19C,7.0,129.0556,0.6450972106618273,0.5593775439287533
5-19C,7.0,130.0142,-0.5098088913594347,0.13419443630383618
5-19C,7.0,130.0509,-0.09190475592350726,0.0969999386936275
5-19C,7.0,130.0874,-0.8787409255714438,0.013504695617607664
5-19C,7.0,131.0008,-0.8388036914865048,0.11805346584766356
5-19C,7.0,131.0123,-0.5689533625869276,0.06187431424148902
5-19C,7.0,131.035,0.2443283300781499,0.16057751235922244
5-19C,7.0,131.0462,-0.09380368118524354,0.18346333717217478
5-19C,7.0,131.0828,-0.07755218410899914,0.12153485280477035
5-19C,7.0,132.0302,0.8555792623807655,0.07964306900027719
5-19C,7.0,133.0142,-0.3283551406314362,0.055264578492597895
5-19C,7.0,133.0257,-0.356278437721925,0.07598172985177623
5-19C,7.0,133.0505,-0.6250376742847115,0.04958636471995329
5-19C,7.0,134.0472,-0.38462649922339703,0.12208603298129776
5-19C,7.0,134.0604,-0.5556139201675692,0.18921832820352838
5-19C,7.0,135.0302,-0.6960038330807293,0.21995615146922212
5-19C,7.0,135.0453,1.3033703473848068,0.18071151116934991
5-19C,7.0,136.0404,-0.3992737771021893,0.05149804930101873
5-19C,7.0,136.0487,0.9995615314877286,0.31619845216310216
5-19C,7.0,136.0767,0.646401981240832,0.3819134645648546
5-19C,7.0,137.0239,-0.3327201686032617,0.054831151816184365
5-19C,7.0,138.9789,-0.8163003118684118,0.3257789031857735
5-19C,7.0,139.0014,-0.35867414920657625,0.011737709793613573
5-19C,7.0,139.0067,-0.5843053547238831,0.03814143707697215
5-19C,7.0,139.976,0.015352749569176184,0.27395113846116365
5-19C,7.0,143.0713,0.15748004397323262,0.3959317714089052
5-19C,7.0,143.1077,1.323241742458277,0.15287492278439652
5-19C,7.0,145.0141,-0.20196683203620824,0.07946866175593424
5-19C,7.0,145.0506,-0.16890335501363185,0.15657031914604713
5-19C,7.0,145.0623,-0.4687073599081716,0.12752874673622547
5-19C,7.0,145.0982,-0.5280048571939607,0.19631525666932287
5-19C,7.0,145.1106,-0.3546901514162937,0.38664673822608375
5-19C,7.0,146.0459,-0.42273654275539024,0.015052518824585089
5-19C,7.0,147.0298,-0.7815473633433501,0.02943126626266658
5-19C,7.0,147.0662,-0.34839237496542774,0.10077838249677318
5-19C,7.0,149.0092,0.9122061349552887,0.24085472237733155
5-19C,7.0,149.0456,0.272659959948228,0.31340816338613176
5-19C,7.0,149.0608,0.8787064415025695,0.06457064741553342
5-19C,7.0,150.0422,-0.5632805803453793,0.44110178169852104
5-19C,7.0,150.9707,-0.016747691565442757,0.8625676200207868
5-19C,7.0,151.0259,-0.513579334556874,0.041668881400065895
5-19C,7.0,151.04,0.4270797858155861,0.4195770191578321
5-19C,7.0,151.06,-0.5626598384106929,0.5945129879020827
5-19C,7.0,152.0353,0.4085147582742469,0.3454669112443834
5-19C,7.0,152.0716,0.2177839932878013,0.2412570554120934
5-19C,7.0,153.0192,0.5445175529697859,0.11371313277855159
5-19C,7.0,154.062,0.12698373291019868,0.145581718900452
5-19C,7.0,154.9751,-0.8799744871888037,0.02391912526933216
5-19C,7.0,155.0099,1.0259637474966374,0.16664538130680343
5-19C,7.0,157.0128,-0.2567283042740748,0.09677614932830808
5-19C,7.0,157.0255,1.5414352104732818,0.14324206008397236
5-19C,7.0,157.0379,1.5293423635530972,0.21784507216171925
5-19C,7.0,157.0504,-0.7153922862457611,0.04829383030922605
5-19C,7.0,159.0297,0.17087762421780933,0.08098748532607224
5-19C,7.0,159.0775,-0.720234537070322,0.10786445848152526
5-19C,7.0,160.0616,-0.6268400014393766,0.5040784942262077
5-19C,7.0,161.0453,-0.540440103980093,0.09934023371770792
5-19C,7.0,162.0424,-0.8838302582068707,0.0745859215714016
5-19C,7.0,163.0351,-0.6226325321354125,0.19450668690117043
5-19C,7.0,163.0398,0.9152757628776134,0.16619320190412154
5-19C,7.0,163.0611,-0.25599565399793267,0.9923591479026046
5-19C,7.0,164.0716,-0.40899433337026236,0.0780758047458937
5-19C,7.0,165.03,1.1706194177702862,0.7951390013616022
5-19C,7.0,165.0405,0.09746364418877065,0.3432390740441904
5-19C,7.0,165.0556,-0.6911507767900331,0.13085177774425968
5-19C,7.0,166.0508,0.044436958716404754,0.14785644587243776
5-19C,7.0,166.0632,-0.4634748088092673,0.5541450721326494
5-19C,7.0,166.9759,-0.3365905260092158,0.1772330553048831
5-19C,7.0,167.0207,0.4246159678261891,0.21514690179087756
5-19C,7.0,167.0358,0.2065944979442969,0.26681822750202255
5-19C,7.0,167.0828,-0.2130280966639282,0.37038975469915836
5-19C,7.0,168.0277,-0.4568854171290828,0.015423912766946664
5-19C,7.0,168.0664,-0.14663546213079298,0.35910257219454245
5-19C,7.0,170.0455,-0.7916391200541648,0.019217277755091446
5-19C,7.0,171.0065,-0.839811202337272,0.09222661374236883
5-19C,7.0,171.0092,-0.33807137816385047,0.2612511425379491
5-19C,7.0,171.0284,-0.7631432271570019,0.07547861675114946
5-19C,7.0,172.0616,0.188495896262802,0.36781233142930553
5-19C,7.0,172.962,-0.5354927665646315,0.11954188147430617
5-19C,7.0,173.0089,-0.8529519862367421,0.17043131472019687
5-19C,7.0,173.0453,-0.9247040371708701,0.06221196695392584
5-19C,7.0,173.0932,-0.6456023631947838,0.0547075661182673
5-19C,7.0,173.1041,-0.09698571681717742,0.4537283801914655
5-19C,7.0,174.0407,0.0239784970014897,0.06821608927912733
5-19C,7.0,174.088,-0.1925371440773893,0.32953345656795846
5-19C,7.0,175.022,-0.6382074721433527,0.15735314637686343
5-19C,7.0,175.0361,0.8361815162136552,0.17447648139145744
5-19C,7.0,175.0611,-0.8311992458288917,0.05104674991833286
5-19C,7.0,176.0776,-0.6294377855414552,0.19069836463500162
5-19C,7.0,177.0402,-0.4031130231025755,0.5304435593526524
5-19C,7.0,177.0553,0.21110488436974828,0.6610899478347235
5-19C,7.0,178.0509,-0.2589318635823187,0.01907947848808674
5-19C,7.0,179.0348,0.3054274685098378,0.29932735347545397
5-19C,7.0,179.0561,0.24234494149614347,0.1412989203674215
5-19C,7.0,180.0663,0.24134385927762741,0.2092690674581128
5-19C,7.0,181.0505,-1.1569559914161442,0.18939577884449657
5-19C,7.0,182.9725,0.9511703775018204,0.21963013571840484
5-19C,7.0,183.0661,-0.06807034029468403,0.3735600580939883
5-19C,7.0,184.0017,-0.3662603419498922,0.1144398339586323
5-19C,7.0,184.9856,-0.6706055485480359,0.058857435385689355
5-19C,7.0,186.1136,-0.026374039355743548,0.5472530714035275
5-19C,7.0,187.0234,-0.8704883085917661,0.15009745437657984
5-19C,7.0,188.035,-0.050673587441700224,0.4165442601927479
5-19C,7.0,188.0565,-0.4574367485175864,0.07187508529436015
5-19C,7.0,189.0405,-0.6038508351465084,0.12425616259256181
5-19C,7.0,191.0197,-0.4488590452558928,0.24213648336191124
5-19C,7.0,191.0561,-0.9551413120955742,0.05651008027484937
5-19C,7.0,192.0663,-0.5479599980835366,0.34757744321470907
5-19C,7.0,193.0349,0.4220505626735288,0.5808192410103613
5-19C,7.0,194.0682,-0.16110688211354096,0.22665337176154546
5-19C,7.0,194.0822,0.04403012451391458,0.7217518987118616
5-19C,7.0,195.0509,0.7254259782986985,0.16596073526879307
5-19C,7.0,195.0657,-0.3928259322854363,0.7041038467855012
5-19C,7.0,196.0603,0.015532296775069381,0.3218516818306503
5-19C,7.0,198.0182,-0.6539382604076676,0.6447073351002961
5-19C,7.0,199.0019,0.37585118244162197,0.43657550737685485
5-19C,7.0,200.9937,0.3806740400425252,0.3147031405301215
5-19C,7.0,201.0051,1.3441528337483528,0.5854711987704593
5-19C,7.0,203.0348,-0.16026245602816241,0.18748491039513412
5-19C,7.0,203.0826,-0.08331100814480821,0.006323975622790413
5-19C,7.0,204.0498,0.5001193816809292,0.45369718279902954
5-19C,7.0,205.0351,-0.7701798198747956,0.17010721580880805
5-19C,7.0,206.0822,0.5467838826189336,0.46979713365672127
5-19C,7.0,209.0292,-0.2757371926363753,0.24829042348610744
5-19C,7.0,209.0814,0.045210594417761124,0.5365082418525399
5-19C,7.0,211.0235,-0.09215191623372386,0.5647311923353028
5-19C,7.0,211.9968,0.03008658429757501,0.16616147164564943
5-19C,7.0,212.0331,-0.05186333463449269,0.49313828519077474
5-19C,7.0,212.9807,-0.4642362672358279,0.0890683948604751
5-19C,7.0,213.014,-0.7849304603140745,0.24727768079065562
5-19C,7.0,213.0384,-0.4474863784357057,0.15495364872558062
5-19C,7.0,213.1252,-0.2864381648834857,0.7550380428338517
5-19C,7.0,214.0488,-0.36860943384874645,0.3812485353733687
5-19C,7.0,215.0331,0.7317863368279154,0.1992880188932821
5-19C,7.0,216.1351,0.5374988515361425,0.350222571335698
5-19C,7.0,218.0335,0.7933133708751259,0.15724890861115806
5-19C,7.0,218.1034,-0.7355738634566195,0.09336806698076792
5-19C,7.0,220.0828,-0.11868360338626438,0.5642176256726149
5-19C,7.0,221.0443,1.3825216502264204,0.31191655644368477
5-19C,7.0,221.0664,1.0137791079486957,0.6225370695371542
5-19C,7.0,225.0399,-0.26454073546142576,0.22804004919188806
5-19C,7.0,225.0861,0.06508767419809675,0.3386982631868499
5-19C,7.0,225.0901,-0.3443336831897916,0.33744280453100656
5-19C,7.0,226.0135,-0.6830617009352974,0.10762090373805606
5-19C,7.0,226.0697,0.330089926910604,0.45285534829397317
5-19C,7.0,228.0501,-0.8099610946100249,0.22564837949343244
5-19C,7.0,229.0122,0.11581800216139782,0.19552751747545885
5-19C,7.0,237.0614,-0.5293008339898985,0.3469883975842588
5-19C,7.0,238.0945,-0.6369167830845728,0.28061593976114774
5-19C,7.0,240.0515,0.3680441247120154,0.08776294213089778
5-19C,7.0,241.0844,-0.30519861956523187,0.4877021862805284
5-19C,7.0,242.0804,-1.2883251019950843,0.2479895150867944
5-19C,7.0,243.029,-0.2402351174746143,0.3675696318734868
5-19C,7.0,243.0625,-0.5464629018338594,0.3418203127217841
5-19C,7.0,245.0444,-0.6233777180185562,0.18442661081732453
5-19C,7.0,246.0198,-0.8411343655183188,0.2182192178947479
5-19C,7.0,246.064,1.4557794702539446,1.0306363517230153
5-19C,7.0,251.0816,-0.43351466620489143,1.3397868082762596
5-19C,7.0,253.0119,-0.20376372625826325,0.0618787267926396
5-19C,7.0,253.0499,1.3870450578242322,0.5472820836577074
5-19C,7.0,257.0072,-0.4521174654156108,0.703140103286982
5-19C,7.0,257.1028,-0.255420404864896,0.45973271755701783
5-19C,7.0,259.005,-0.3657547974151995,0.6175040718033258
5-19C,7.0,259.0227,0.38777829649204515,0.14559163460185034
5-19C,7.0,261.0385,0.2612455657961566,0.08066536141390383
5-19C,7.0,266.0703,-0.6677699174267769,0.19489706625540473
5-19C,7.0,267.0724,-0.6459409802382751,0.02688466639977704
5-19C,7.0,268.02,-0.4738899718568206,0.7962548575144366
5-19C,7.0,269.0398,-0.6745977885035521,0.11804186090485157
5-19C,7.0,271.0612,-0.04121251316866205,0.5266089674134667
5-19C,7.0,271.0815,-0.24543432602628623,0.34724865560224216
5-19C,7.0,273.0021,-0.686862140173415,0.06281134429415097
5-19C,7.0,274.0933,0.6259737456129992,0.1946210281484938
5-19C,7.0,275.0184,-0.035973289737687715,0.4269119063716481
5-19C,7.0,275.0991,-0.11369158214107529,0.14432030062709314
5-19C,7.0,277.1207,0.18575606664167083,0.06853566353306442
5-19C,7.0,277.2169,0.775479487119927,0.337983706124563
5-19C,7.0,279.2331,0.5854452064970571,0.053834706366086206
5-19C,7.0,282.0839,-0.2718161311618906,0.3118207543710715
5-19C,7.0,283.2063,0.416369132702851,0.15267581195504312
5-19C,7.0,285.0972,-0.07443625434073203,0.7946225674539538
5-19C,7.0,287.0157,0.8579655779850436,0.29971338036603773
5-19C,7.0,288.0725,-0.12470273798482844,0.18561533526412605
5-19C,7.0,289.0333,1.1726285055193826,0.671201319953462
5-19C,7.0,289.1044,-0.6685627887650236,0.21256680157007377
5-19C,7.0,290.9677,-0.2200298747102295,0.11753167867848018
5-19C,7.0,294.0479,-0.43680275625129505,0.38918374723098154
5-19C,7.0,300.0509,-0.10008868665757459,1.1196691307125537
5-19C,7.0,301.0333,-0.03440519324122307,0.5709206059584847
5-19C,7.0,303.2326,-0.05834581644806819,0.635101736645175
5-19C,7.0,305.0207,0.5128280134774914,0.21501088296809653
5-19C,7.0,306.0481,0.07302379969849657,0.26450916145079356
5-19C,7.0,306.0765,0.008437420305052944,0.05902714525263849
5-19C,7.0,308.0986,-0.19230436094888204,0.03443878631994334
5-19C,7.0,313.0441,0.712971637519265,0.5546994301552343
5-19C,7.0,313.1037,-0.7940899176446532,0.47965143019995377
5-19C,7.0,317.026,0.4130754201376697,0.45313634531799557
5-19C,7.0,323.0256,0.6484756334524602,0.27588383593204974
5-19C,7.0,325.1163,-0.9169795883192562,0.26433628524940156
5-19C,7.0,328.0457,0.25475412585251,0.17751484376137286
5-19C,7.0,333.0589,-0.261097021153398,0.19602744138537467
5-19C,7.0,338.9884,-0.572466796928753,0.16072581105504283
5-19C,7.0,339.0928,1.1105806374252332,0.6329091313441101
5-19C,7.0,341.1089,0.7268800040644132,0.17630828013017902
5-19C,7.0,344.0393,0.4687945346099739,0.26872587482369836
5-19C,7.0,346.0556,1.2538638977911147,0.3479411355316108
5-19C,7.0,348.087,0.08198146312570057,0.14576501270402858
5-19C,7.0,353.0489,-0.06989475992640308,0.69906342524925
5-19C,7.0,357.089,-0.42470931324839123,0.23279944521721344
5-19C,7.0,375.131,-0.7694383494159791,0.11810661848100128
5-19C,7.0,377.1496,0.36680221636760096,0.513247793347117
5-19C,7.0,383.1188,1.076601893431863,0.1951448735535441
5-19C,7.0,388.9416,0.36295021840870023,0.269012816833904
5-19C,7.0,388.9442,-0.1840895315142385,0.3678140965837483
5-19C,7.0,401.0756,1.1671169080026802,0.0968353060778175
5-19C,7.0,407.2795,0.47701207601937273,0.23636701927048095
5-19C,7.0,421.0743,-0.9451998871540064,0.22517101209655874
5-19C,7.0,426.0222,-0.2823245348153665,0.5573480289866428
5-19C,7.0,442.9997,-0.020015382187231978,0.2305780930559956
5-19C,7.0,466.9657,-0.0735092808310868,0.21250030282409202
5-19C,7.0,490.9787,0.715898371167438,2.2757186128906453
5-19C,7.0,503.1614,0.47462142964431,0.4748167168962472
5-19C,7.0,547.0731,-0.8859900146424362,0.12000811633995685
5-19C,7.0,565.0471,0.4683642572069413,0.5538260905525889
5-19C,7.0,578.8872,0.7767635248176372,0.08073130398403001
5-19C,7.0,579.0269,2.1271313456219603,0.17769238724113806
5-19C,7.0,612.2549,-0.5656117665626584,0.25438122537557045
5-19C,7.0,624.2949,-0.9213774232915692,0.3281202221987586
5-19C,7.0,659.307,-0.8741361797454499,0.20302843843720905
5-19C,7.0,664.0939,-0.7067283522364667,0.24370461901266222
5-19C,7.0,665.2144,-0.19206683856712786,0.4783777978811484
5-19C,7.0,668.1374,-0.584494055071983,0.002543120094342602
5-19C,7.0,787.255,-0.9618897704759286,0.2589077930209983
5-19C,7.0,790.2568,-0.7261850200873059,0.6007803594457158
5-19C,7.0,835.0407,-0.7741842143898805,0.102524561725976
5-19C,7.0,863.2971,-0.8242794791316246,0.1800535204831465
5-19C,7.0,864.1473,-1.4164488484489726,0.31916519639969076
5-19C,7.0,974.2935,-1.2590399936005738,0.5409518612353958
5-19C,7.0,976.7162,-0.2384711174605646,0.14610353078440727
5-19C,8.0,57.0342,0.6533763112389731,0.1258200362236458
5-19C,8.0,58.0295,-0.3856677396067354,0.3066929341912853
5-19C,8.0,59.0135,1.1280925602602383,0.2574830836217384
5-19C,8.0,71.0137,0.9530109370589057,0.04451319759052766
5-19C,8.0,73.0293,-0.7541726573141687,0.030770458235396987
5-19C,8.0,74.0247,-0.6804534387211845,0.4745070669957279
5-19C,8.0,75.0087,-0.4097183024128216,0.5628087905338601
5-19C,8.0,87.0088,-0.5610940332864236,0.048003499565770984
5-19C,8.0,87.0451,0.587567843640942,0.17093351737757784
5-19C,8.0,88.0403,-0.49594203912864726,0.03696699182678688
5-19C,8.0,88.9883,-0.0727394756262806,0.4067325464605329
5-19C,8.0,89.0244,0.2925757604806014,0.0649894796143668
5-19C,8.0,93.0338,-0.04667890864377257,0.02208920103225627
5-19C,8.0,94.9761,-0.6997571350176324,0.14289307699827644
5-19C,8.0,94.9806,1.59878051963458,0.14337748485021737
5-19C,8.0,95.0139,1.1109897847374093,0.25117155785494016
5-19C,8.0,101.0242,0.6930864408276797,0.1130998994187049
5-19C,8.0,102.056,-0.49173690247610913,0.03632568664674781
5-19C,8.0,103.0402,-0.7220630263120973,0.0541733883647957
5-19C,8.0,103.0509,-0.6951263467620413,0.13673744588428888
5-19C,8.0,104.0352,-0.5986522694113727,0.24643309550458145
5-19C,8.0,105.0193,-0.486037295047126,0.4573227019975056
5-19C,8.0,107.0503,1.7373438875771137,0.3542283756435128
5-19C,8.0,109.0295,-0.03536866038092059,0.04040489829125472
5-19C,8.0,111.02,1.9575777363371227,0.01765237043916002
5-19C,8.0,112.0516,1.493984147414616,0.6513564432654585
5-19C,8.0,113.0244,1.0294111789419813,0.0433420392781651
5-19C,8.0,113.0357,1.8197297859429642,0.11787208601609304
5-19C,8.0,114.056,-0.24253307332796728,0.002969865479566371
5-19C,8.0,115.0037,-0.4591105562372832,0.03919264713795486
5-19C,8.0,115.0402,-0.0867028741204417,0.19522673701893226
5-19C,8.0,115.0764,1.355198078577148,1.0139049701927418
5-19C,8.0,116.0354,0.09197033164205375,0.3165129091899775
5-19C,8.0,116.0717,-0.7438854774746307,0.04141944852736583
5-19C,8.0,117.0194,-0.7314439813660565,0.0418222071713379
5-19C,8.0,118.0508,-0.8797328211611901,0.20678089768738273
5-19C,8.0,118.9804,0.7041349725782435,0.12320557317170287
5-19C,8.0,119.0503,1.4322761259741352,0.6683606611394705
5-19C,8.0,120.9273,-0.5899513087990595,0.06863611566594466
5-19C,8.0,121.0295,0.3077986969126305,0.35389897015354216
5-19C,8.0,121.0409,0.8707503182494164,0.3905662933576015
5-19C,8.0,122.0248,0.9306663347328274,0.43409411102525014
5-19C,8.0,124.0075,-0.13509414163243783,0.22306130128557342
5-19C,8.0,124.0144,1.1147896957672323,0.2032698014544618
5-19C,8.0,125.0439,0.6154381047843964,0.14618360601306568
5-19C,8.0,127.0764,0.20466778389764703,0.5752712728112478
5-19C,8.0,128.0354,-0.3670219579841903,0.002887457412980859
5-19C,8.0,129.0193,-0.8397441823075791,0.0644111172710099
5-19C,8.0,129.0556,0.22932741295467268,0.7987732437813458
5-19C,8.0,130.0142,-0.5545046385326473,0.28783045945856867
5-19C,8.0,130.0509,-0.20769469616542208,0.05989646051244829
5-19C,8.0,130.0874,-1.0145849791318384,0.015223109123159311
5-19C,8.0,131.0008,-0.7355030820230053,0.24627815246520943
5-19C,8.0,131.0123,-0.4655571644334316,0.09571173944880582
5-19C,8.0,131.035,0.6405978090207723,0.0621368458084369
5-19C,8.0,131.0462,0.2760222929648629,0.30075359960737935
5-19C,8.0,131.0828,-0.7470778915061556,0.06735990350613069
5-19C,8.0,132.0302,0.45979214971709087,0.10305083392333213
5-19C,8.0,133.0142,-0.4628200694367816,0.035482160440663414
5-19C,8.0,133.0257,-0.5108100009761032,0.06875805867759122
5-19C,8.0,133.0505,-0.3845172185110758,0.0345407072198422
5-19C,8.0,134.0472,0.607184418445829,0.40813146435883324
5-19C,8.0,134.0604,0.026702800307813468,0.23087575669818294
5-19C,8.0,135.0302,-0.6524773056961605,0.0913500871736292
5-19C,8.0,135.0453,0.6369793857370438,0.022854296654940112
5-19C,8.0,136.0404,-0.27447102207265345,0.053052615473646696
5-19C,8.0,136.0487,0.2266461080736895,0.21126579825294017
5-19C,8.0,136.0767,0.6524932892574481,0.2435445619012525
5-19C,8.0,137.0239,-0.2742568319288885,0.11506828059950965
5-19C,8.0,138.9789,2.8709323084980545,0.45663327029384204
5-19C,8.0,139.0014,-0.08084740613166898,0.005547838029706651
5-19C,8.0,139.0067,-0.6285678316611134,0.03265438181044021
5-19C,8.0,139.976,1.2767278678424314,0.45446654566470257
5-19C,8.0,143.0713,0.4711199619623475,0.6470130434527152
5-19C,8.0,143.1077,1.7232678737181812,0.12572137177169562
5-19C,8.0,145.0141,-0.33127956514336054,0.15713673974585352
5-19C,8.0,145.0506,-0.6545951836489499,0.1295709491078156
5-19C,8.0,145.0623,-0.7376685518046656,0.2500421593545795
5-19C,8.0,145.0982,-0.7392529358266977,0.15710587848281185
5-19C,8.0,145.1106,-0.1213919598623181,0.7700230477191441
5-19C,8.0,146.0459,-0.4289695755655514,0.005917696622790734
5-19C,8.0,147.0298,-0.7369943055334149,0.05353495720094019
5-19C,8.0,147.0662,-0.05740076120679141,0.04119902520243047
5-19C,8.0,149.0092,1.3920096233288883,0.6093274382200697
5-19C,8.0,149.0456,2.13859832795102,0.07472965198227498
5-19C,8.0,149.0608,2.0601305825651792,0.20857447941985824
5-19C,8.0,150.0422,-0.8208043530059773,1.051850265492974
5-19C,8.0,150.9707,-0.5735111803362298,0.6895084203729981
5-19C,8.0,151.0259,-0.4212174617493686,0.0178401190407669
5-19C,8.0,151.04,1.0489197840240014,0.7490042078552874
5-19C,8.0,151.06,-1.1961576857400325,0.8519794644001927
5-19C,8.0,152.0353,1.5080871781144598,0.4011658608948363
5-19C,8.0,152.0716,0.37160132334645124,0.737248791641663
5-19C,8.0,153.0192,0.7240986861142463,0.12230507302335317
5-19C,8.0,154.062,-0.5122292313923594,0.06745450071481501
5-19C,8.0,154.9751,-0.8684027134935628,0.009485109401709504
5-19C,8.0,155.0099,2.006088886408736,0.005730003132019302
5-19C,8.0,157.0128,0.02253215317357832,0.0359207012189988
5-19C,8.0,157.0255,1.4393305716630427,0.10459501442831315
5-19C,8.0,157.0379,1.358755429892867,0.036338123424910086
5-19C,8.0,157.0504,-0.5859623241111283,0.0558789561045035
5-19C,8.0,159.0297,-0.5282609106895109,0.15772237215834886
5-19C,8.0,159.0775,-0.3176760035130479,0.09297061240707187
5-19C,8.0,160.0616,1.0677572507929174,0.5895427759472709
5-19C,8.0,161.0453,0.4621127995346872,0.1989490509258422
5-19C,8.0,162.0424,-0.7835982302353623,0.1271124558639081
5-19C,8.0,163.0351,-0.9749752113647978,0.12708916301952686
5-19C,8.0,163.0398,0.7223094435466118,0.06377900622696303
5-19C,8.0,163.0611,0.19806368427723756,0.7595537430599686
5-19C,8.0,164.0716,-0.587257980482387,0.07226130503526179
5-19C,8.0,165.03,0.04447483013293575,0.7536486344806905
5-19C,8.0,165.0405,1.452255742061805,0.6118815843184384
5-19C,8.0,165.0556,-0.5339294311114511,0.12783602650844042
5-19C,8.0,166.0508,-0.14075233366422968,0.5479123519634981
5-19C,8.0,166.0632,-0.061328105474611976,0.7352815549222952
5-19C,8.0,166.9759,-0.1445859187751799,0.2468471345562465
5-19C,8.0,167.0207,-0.0429140297699078,0.19278090522927238
5-19C,8.0,167.0358,1.5968263128315856,0.5197513883168137
5-19C,8.0,167.0828,0.7517294772557694,0.37815327744740823
5-19C,8.0,168.0277,-0.5090919193897497,0.03682915121435815
5-19C,8.0,168.0664,-0.031794457501510553,0.39940765228657643
5-19C,8.0,170.0455,-0.7194038978622206,0.03203753576819188
5-19C,8.0,171.0065,-0.11950184713080639,0.2347694267876489
5-19C,8.0,171.0092,-0.2814118730164884,0.24944967353435177
5-19C,8.0,171.0284,-0.8078069863107333,0.07702479042225671
5-19C,8.0,172.0616,0.683352787332091,0.3310712201798659
5-19C,8.0,172.962,-0.40211978982135554,0.05738771281966918
5-19C,8.0,173.0089,-0.6377605711173864,0.06745959790458915
5-19C,8.0,173.0453,-1.0322263100226245,0.19774092268288238
5-19C,8.0,173.0932,-0.7497147802254664,0.10223764271019456
5-19C,8.0,173.1041,-1.1189934986965029,0.6256721316625387
5-19C,8.0,174.0407,-0.08371799426606291,0.00797843746889949
5-19C,8.0,174.088,-0.26423616406870243,0.2483765173111152
5-19C,8.0,175.022,-0.8086897506016386,0.24275828642346733
5-19C,8.0,175.0361,0.5688153677654164,0.08650448029981071
5-19C,8.0,175.0611,-0.85636759025343,0.02385274281076753
5-19C,8.0,176.0776,-0.7723213552629037,0.2848569516171973
5-19C,8.0,177.0402,-0.33108924016176655,0.31498258379947935
5-19C,8.0,177.0553,1.0037344027815398,0.46971277816402507
5-19C,8.0,178.0509,-0.5507022230686967,0.05469834537039656
5-19C,8.0,179.0348,1.0637682140165934,0.20761804352248645
5-19C,8.0,179.0561,2.249988528956238,0.14186308686648846
5-19C,8.0,180.0663,2.31672873748819,0.14494584481685818
5-19C,8.0,181.0505,-1.0505877377744546,0.08977151229446256
5-19C,8.0,182.9725,0.2390512252386877,0.2897357175311563
5-19C,8.0,183.0661,0.15474160157946937,0.6155190831331968
5-19C,8.0,184.0017,-0.5201004518807419,0.04448984442781452
5-19C,8.0,184.9856,-0.37479838473611804,0.08394016430364054
5-19C,8.0,186.1136,0.17384835249614694,0.6504253900964371
5-19C,8.0,187.0234,-0.04654610571248089,0.5134969629556579
5-19C,8.0,188.035,-0.4050634353244106,1.018424821315702
5-19C,8.0,188.0565,-0.6127449869746185,0.02260008351081704
5-19C,8.0,189.0405,-0.9274402537881924,0.0354949026583429
5-19C,8.0,191.0197,-1.1048329537561188,0.2997636061584802
5-19C,8.0,191.0561,-1.095196010826415,0.03064852483514077
5-19C,8.0,192.0663,-1.2753433968195595,0.3349898199949136
5-19C,8.0,193.0349,-0.6441710601604037,0.37545575181464586
5-19C,8.0,194.0682,-0.09610292452763525,0.28078971567598654
5-19C,8.0,194.0822,2.115943494873971,1.0422583014955003
5-19C,8.0,195.0509,0.649615800771776,0.08497616958953948
5-19C,8.0,195.0657,-0.386242272200291,0.6378093506847308
5-19C,8.0,196.0603,-0.44372091311576267,0.10136241472596039
5-19C,8.0,198.0182,0.24567908667966246,0.6273914795875986
5-19C,8.0,199.0019,-0.371282730556872,0.2708791785374348
5-19C,8.0,200.9937,1.2214925992532024,0.2658485416153574
5-19C,8.0,201.0051,0.14210854717643712,0.340491577566652
5-19C,8.0,203.0348,0.3229429819382123,0.3577321930271476
5-19C,8.0,203.0826,-0.07567753327131449,0.01597594993905694
5-19C,8.0,204.0498,0.06099302548185431,0.24032934401969072
5-19C,8.0,205.0351,-1.0795227680066277,0.22329996172279662
5-19C,8.0,206.0822,0.32189244195323596,0.6211084173429019
5-19C,8.0,209.0292,-0.8336958975398682,0.38123317223680264
5-19C,8.0,209.0814,-0.6143460716180607,0.4005335528990738
5-19C,8.0,211.0235,-0.664522188460704,0.6162691282426019
5-19C,8.0,211.9968,-0.2642588648332176,0.028269901569275988
5-19C,8.0,212.0331,-0.5190751793919915,0.37775167755551475
5-19C,8.0,212.9807,-0.21015562981510633,0.06597086740532664
5-19C,8.0,213.014,-0.6060867346440284,0.19904877789267345
5-19C,8.0,213.0384,-0.8146369191322886,0.0945000506208205
5-19C,8.0,213.1252,0.9405854211446276,0.7560317409561353
5-19C,8.0,214.0488,1.069799890045824,0.2810423200927501
5-19C,8.0,215.0331,1.2407339125277694,0.02939931158642446
5-19C,8.0,216.1351,-0.010081792079860645,0.2443809190820676
5-19C,8.0,218.0335,0.8921076430216016,0.045793048988764504
5-19C,8.0,218.1034,-0.798198672073523,0.02471563484717233
5-19C,8.0,220.0828,0.191055072871558,0.6354462192174705
5-19C,8.0,221.0443,1.0994825602481955,0.28108083546729024
5-19C,8.0,221.0664,1.0665596615420787,0.12219072880609197
5-19C,8.0,225.0399,0.08528891015714346,1.2306735543153666
5-19C,8.0,225.0861,1.7102534177562516,0.2645562838229543
5-19C,8.0,225.0901,1.715364753256146,0.446981859941642
5-19C,8.0,226.0135,-0.08427052299337132,0.15139012854256476
5-19C,8.0,226.0697,-0.03603633077838342,0.35509231392384205
5-19C,8.0,228.0501,-1.027556888494142,0.04067723499695816
5-19C,8.0,229.0122,0.4095804937697429,0.1236650869606354
5-19C,8.0,237.0614,-0.7521373019368587,0.3532308453817533
5-19C,8.0,238.0945,-0.40898166174081696,0.07385529110476921
5-19C,8.0,240.0515,-0.30863217451824615,0.05190895446150372
5-19C,8.0,241.0844,-0.5899938510725349,0.40784340539638037
5-19C,8.0,242.0804,-0.9512541810732991,0.44239031138818063
5-19C,8.0,243.029,0.38926793232699053,0.38447346229472845
5-19C,8.0,243.0625,-0.6639150963670164,0.16128583197155807
5-19C,8.0,245.0444,-0.6118484320237272,0.3003804581249347
5-19C,8.0,246.0198,0.8646548073947266,0.4582049160795976
5-19C,8.0,246.064,0.012622126080480855,0.8504237350173035
5-19C,8.0,251.0816,-0.6450071510044748,0.5637755281500713
5-19C,8.0,253.0119,-0.286846279227778,0.02010715400407852
5-19C,8.0,253.0499,-0.8201329703677478,0.806296883264509
5-19C,8.0,257.0072,-0.775784127779938,0.2935582979242482
5-19C,8.0,257.1028,-0.43453097378491373,0.49735900351480167
5-19C,8.0,259.005,0.03379879630254024,0.4036417958943038
5-19C,8.0,259.0227,0.6467227590831894,0.038829230711497534
5-19C,8.0,261.0385,0.5555569911673546,0.18211844664473714
5-19C,8.0,266.0703,-0.2486144619788449,0.15233304019320357
5-19C,8.0,267.0724,-0.4081927762414381,0.1401180970331738
5-19C,8.0,268.02,-0.6667906946646837,0.33392070920039085
5-19C,8.0,269.0398,-0.9759159424891994,0.11127017479313547
5-19C,8.0,271.0612,0.6668904044911088,0.6817518773627488
5-19C,8.0,271.0815,-0.6482051489609042,0.7694970801387917
5-19C,8.0,273.0021,-0.7969756737408396,0.1400722082380677
5-19C,8.0,274.0933,-0.17511617907251031,0.2785785897823524
5-19C,8.0,275.0184,-0.2547728293415369,1.1011843212809111
5-19C,8.0,275.0991,-0.42542249837541835,0.1655219030669063
5-19C,8.0,277.1207,0.5192302571027685,0.13297499047514244
5-19C,8.0,277.2169,0.6799460844188453,0.4292969742784858
5-19C,8.0,279.2331,-0.29677943505289417,0.023832231780265455
5-19C,8.0,282.0839,-0.6084339997865823,0.2645194193971433
5-19C,8.0,283.2063,-0.40370419735604257,0.05572196154388603
5-19C,8.0,285.0972,-0.5685135864351045,0.4304660012680961
5-19C,8.0,287.0157,1.9366206491734497,1.101787391257135
5-19C,8.0,288.0725,-0.4489872468876066,0.20803717319228623
5-19C,8.0,289.0333,0.26007977473029087,0.5105608180631442
5-19C,8.0,289.1044,-0.7969456829221718,0.2024957206026276
5-19C,8.0,290.9677,-0.35740847924572877,0.08772645948178578
5-19C,8.0,294.0479,1.818287701947898,0.4983159974330474
5-19C,8.0,300.0509,-0.29037083812325726,0.3323826856354556
5-19C,8.0,301.0333,-0.28898709042025794,0.46064702344536096
5-19C,8.0,303.2326,-0.2495184235081319,0.21128869303182912
5-19C,8.0,305.0207,2.087781656878736,0.2214681605017146
5-19C,8.0,306.0481,-0.795213560121061,0.190880822704472
5-19C,8.0,306.0765,-0.2606979724564473,0.03693604870146883
5-19C,8.0,308.0986,-0.3392019280571604,0.02915248555516633
5-19C,8.0,313.0441,0.5069595004720426,0.489061503409997
5-19C,8.0,313.1037,-0.09600315719940208,0.3965034986126159
5-19C,8.0,317.026,-0.15010109827744308,0.326114739906388
5-19C,8.0,323.0256,1.9370132875847883,0.7225749771202152
5-19C,8.0,325.1163,0.0009771240445887452,0.5582120738288766
5-19C,8.0,328.0457,0.00457534948918133,0.09380016410204463
5-19C,8.0,333.0589,-0.4743710093128408,0.2745192299166035
5-19C,8.0,338.9884,-0.08805134109062081,0.8790407761404836
5-19C,8.0,339.0928,1.6990829925073716,0.766778639399544
5-19C,8.0,341.1089,0.20144403407364359,0.0956870565823297
5-19C,8.0,344.0393,0.5187858253653509,0.25787787575874743
5-19C,8.0,346.0556,1.6024209992812666,0.33118714731523624
5-19C,8.0,348.087,-0.687781878086463,0.20401687663018175
5-19C,8.0,353.0489,-0.5680723827478537,0.35092508789221827
5-19C,8.0,357.089,-0.5774580322714041,0.08867623550198148
5-19C,8.0,375.131,-0.5340773391840603,0.7255086934941641
5-19C,8.0,377.1496,-1.2555035595963988,0.344487325753669
5-19C,8.0,383.1188,0.5890823048603158,0.4710394838723884
5-19C,8.0,388.9416,-0.2348381031305548,0.6824649926763483
5-19C,8.0,388.9442,-0.41842852397781666,0.49197339391597017
5-19C,8.0,401.0756,0.64638934074259,0.05824290890097687
5-19C,8.0,407.2795,-0.4272220399977833,0.24839693386154488
5-19C,8.0,421.0743,-0.7836851628611055,0.26326491227635884
5-19C,8.0,426.0222,0.7424323456227901,0.2339833667604118
5-19C,8.0,442.9997,0.4097044163636225,0.14387378943189913
5-19C,8.0,466.9657,2.7249027158826733,0.46827669822797996
5-19C,8.0,490.9787,0.0637633015659026,0.6560596390539797
5-19C,8.0,503.1614,0.8272548918272875,0.4283080966106935
5-19C,8.0,547.0731,-1.0204234225982098,0.09734689448901064
5-19C,8.0,565.0471,-0.5209423915108113,0.17886780949645686
5-19C,8.0,578.8872,0.42343088060130485,0.055277043503178636
5-19C,8.0,579.0269,-0.32204455907496643,0.05950048380328097
5-19C,8.0,612.2549,-1.1338865604183876,0.16521312312987352
5-19C,8.0,624.2949,-0.30284342211188786,0.46288070115151514
5-19C,8.0,659.307,2.988832469016444,0.49253742017925795
5-19C,8.0,664.0939,0.26862734234430763,0.1616733310613808
5-19C,8.0,665.2144,-0.02623936668698162,0.15709683259938473
5-19C,8.0,668.1374,-0.5638860314583127,0.010601365385768783
5-19C,8.0,787.255,2.586637559625051,0.2824145594740778
5-19C,8.0,790.2568,2.814986313252744,0.83403741122336
5-19C,8.0,835.0407,-0.0625509300974193,0.3045588414954054
5-19C,8.0,863.2971,-0.46202891248164507,0.048360821217085945
5-19C,8.0,864.1473,2.5697596798579383,0.7135672444935918
5-19C,8.0,974.2935,-0.25075880555880187,0.2079757199961757
5-19C,8.0,976.7162,2.2403383371023127,0.25126427118588407
5-19C,9.0,57.0342,0.4717909969229272,0.4985017506862517
5-19C,9.0,58.0295,1.38237848939385,0.5552322658884155
5-19C,9.0,59.0135,1.685845435896066,0.22271687226770046
5-19C,9.0,71.0137,0.9910434986392971,0.20428302375839819
5-19C,9.0,73.0293,-0.7555333775578932,0.048342782503889084
5-19C,9.0,74.0247,0.22195040090681611,0.44556841218958715
5-19C,9.0,75.0087,-0.18748217564854036,0.49866162736883246
5-19C,9.0,87.0088,-0.6358853169911636,0.02525172753616387
5-19C,9.0,87.0451,-0.07062585098856108,0.7382128272780325
5-19C,9.0,88.0403,0.2221152535865715,0.1133492254392977
5-19C,9.0,88.9883,-1.0869745246059725,0.3568540834234748
5-19C,9.0,89.0244,-0.3977728499469806,0.12679330543282752
5-19C,9.0,93.0338,-0.01722464609293859,0.02275977339786294
5-19C,9.0,94.9761,-0.7035252665230651,0.501775559868638
5-19C,9.0,94.9806,1.1418099608694607,0.3522144233494159
5-19C,9.0,95.0139,0.8417176746547721,0.3201995152895764
5-19C,9.0,101.0242,0.5923858678371897,0.22587626007027775
5-19C,9.0,102.056,-0.49401723612401216,0.048102601998988144
5-19C,9.0,103.0402,-0.6307499801557284,0.06442699516556674
5-19C,9.0,103.0509,-0.6802351684529135,0.05009270101877914
5-19C,9.0,104.0352,-0.7033221367681564,0.12389085716581799
5-19C,9.0,105.0193,-0.8918802819896126,0.4834529381270771
5-19C,9.0,107.0503,1.2651569317963702,0.508822223792721
5-19C,9.0,109.0295,0.32173854762910936,0.17094263466520507
5-19C,9.0,111.02,1.1760014722552128,0.17052908246207985
5-19C,9.0,112.0516,2.075422327997922,1.2571345552569642
5-19C,9.0,113.0244,1.0407802570113966,0.0851791474528203
5-19C,9.0,113.0357,3.9989968020187447,0.20636113250479965
5-19C,9.0,114.056,-0.23695856328882217,0.0021964131862797776
5-19C,9.0,115.0037,0.12368545334417173,0.15656929325209779
5-19C,9.0,115.0402,0.09485928090411824,0.28788476903093585
5-19C,9.0,115.0764,1.2320415282109776,0.8245039271826823
5-19C,9.0,116.0354,-0.032360205014893256,0.45824674853574765
5-19C,9.0,116.0717,-0.7607099646781417,0.026146488502736636
5-19C,9.0,117.0194,-0.7253968680535592,0.044656671693032675
5-19C,9.0,118.0508,-0.88425146545856,0.12247024102203537
5-19C,9.0,118.9804,1.114158197139957,0.1599269492213634
5-19C,9.0,119.0503,1.2152707749601621,0.17271397979066727
5-19C,9.0,120.9273,-0.5788250763913545,0.08407910390330951
5-19C,9.0,121.0295,0.5393011832091174,0.5772223198876977
5-19C,9.0,121.0409,0.36711143458773365,0.39460490664776904
5-19C,9.0,122.0248,0.3098632970496644,0.3070716271835045
5-19C,9.0,124.0075,0.08583589912538299,1.4667817890189676
5-19C,9.0,124.0144,0.6939764963838252,0.341068960330192
5-19C,9.0,125.0439,0.10241405322270114,0.2847090917856497
5-19C,9.0,127.0764,0.9196973231676886,0.4816087757760008
5-19C,9.0,128.0354,-0.31766019525647204,0.020728331743330414
5-19C,9.0,129.0193,-0.6178740903813562,0.15423689096273838
5-19C,9.0,129.0556,-0.05978137287844553,0.5893107187142311
5-19C,9.0,130.0142,-0.6977602384467901,0.3415871629119024
5-19C,9.0,130.0509,1.578865117308395,0.17454073489969635
5-19C,9.0,130.0874,-0.9079935356574587,0.06776182780552703
5-19C,9.0,131.0008,-0.7499709544968849,0.1264612338206216
5-19C,9.0,131.0123,-0.5354472387320173,0.07896439766961304
5-19C,9.0,131.035,-0.13115661927087677,0.10039368827217346
5-19C,9.0,131.0462,-0.16520906052934428,0.2324104114269783
5-19C,9.0,131.0828,-0.7104040824188189,0.08454197528786508
5-19C,9.0,132.0302,2.255992429832398,0.23138281694086893
5-19C,9.0,133.0142,-0.3682211055343621,0.06752979506211362
5-19C,9.0,133.0257,-0.26994644353964337,0.11003317554427662
5-19C,9.0,133.0505,-0.17372266964183725,0.05527083631327941
5-19C,9.0,134.0472,0.7874493096783997,0.39080032018825783
5-19C,9.0,134.0604,-0.1841571490011672,0.15436750167326568
5-19C,9.0,135.0302,-0.6539572076272357,0.07432657245125193
5-19C,9.0,135.0453,0.8997423031179892,0.31746561488569325
5-19C,9.0,136.0404,-0.32949077322286957,0.11736430763091839
5-19C,9.0,136.0487,0.8503312713532237,0.35938555069690475
5-19C,9.0,136.0767,1.3983130428119184,0.9564906316799229
5-19C,9.0,137.0239,-0.07615477411416854,0.2951090175470716
5-19C,9.0,138.9789,0.15418355636447145,0.4595636621349514
5-19C,9.0,139.0014,-0.07744193109562189,0.02806101497219783
5-19C,9.0,139.0067,-0.6245056175057264,0.026558163247473322
5-19C,9.0,139.976,0.18167678526510692,0.2074429493192791
5-19C,9.0,143.0713,0.6116931221815685,0.22221742023536356
5-19C,9.0,143.1077,1.7474981999532622,0.3474421654975776
5-19C,9.0,145.0141,-0.2621080891935849,0.09831515670720824
5-19C,9.0,145.0506,-0.31611921502979556,0.07241692041478791
5-19C,9.0,145.0623,-0.7231676899077351,0.14802912628092407
5-19C,9.0,145.0982,-0.8048014947880078,0.08625825026802049
5-19C,9.0,145.1106,-0.5454457315692502,0.8405892542733011
5-19C,9.0,146.0459,-0.3849261490398581,0.015655806666442187
5-19C,9.0,147.0298,-0.6504252270861097,0.08645643308883244
5-19C,9.0,147.0662,0.45223492560772793,0.09237834827559363
5-19C,9.0,149.0092,1.637540614633401,0.2681022405980635
5-19C,9.0,149.0456,1.3638513605014737,0.2213728628068899
5-19C,9.0,149.0608,1.1016055307572072,0.7713778901449102
5-19C,9.0,150.0422,-0.7132815407095421,0.393305369468455
5-19C,9.0,150.9707,0.13855132310652754,0.7129869867064843
5-19C,9.0,151.0259,-0.689206835122661,0.03724041319998945
5-19C,9.0,151.04,0.9174964251145479,0.696728294589331
5-19C,9.0,151.06,-0.2928566666349946,0.6402196751485837
5-19C,9.0,152.0353,1.1223164182045857,0.860366355460105
5-19C,9.0,152.0716,0.15947588017809003,0.24847882460311804
5-19C,9.0,153.0192,0.9817213207297691,0.0922143918928594
5-19C,9.0,154.062,-0.6128098318243469,0.09549892516373158
5-19C,9.0,154.9751,-0.7064345012971998,0.02480037598232923
5-19C,9.0,155.0099,1.2412223812255037,0.12797304690893227
5-19C,9.0,157.0128,-0.1529281683429778,0.1189250517466028
5-19C,9.0,157.0255,3.4086246761205183,0.2418380560588568
5-19C,9.0,157.0379,3.1052958525156,0.22145260394352348
5-19C,9.0,157.0504,-0.2857729124335063,0.10787987186596656
5-19C,9.0,159.0297,0.13873236901891034,0.26351252342934944
5-19C,9.0,159.0775,0.031026785495982135,0.12657446907889472
5-19C,9.0,160.0616,0.5028915000488194,0.5660078106782587
5-19C,9.0,161.0453,-0.4246649359312644,0.1980428277941392
5-19C,9.0,162.0424,-0.3863653083206291,0.10457867732190325
5-19C,9.0,163.0351,-0.6662035080851513,0.18630353417887469
5-19C,9.0,163.0398,1.542352319828259,0.2430704768143942
5-19C,9.0,163.0611,1.774313053791841,1.0963171881129166
5-19C,9.0,164.0716,-0.5243221029661979,0.07040762741690028
5-19C,9.0,165.03,0.42647295504243266,1.0807007580916557
5-19C,9.0,165.0405,1.239450809513532,0.6079522542427445
5-19C,9.0,165.0556,-0.6170885882354235,0.17331346534068057
5-19C,9.0,166.0508,0.7815179139981359,0.15424015974773628
5-19C,9.0,166.0632,-0.29662670848956985,0.8974475031105046
5-19C,9.0,166.9759,-0.07305479058995082,0.6106360275268818
5-19C,9.0,167.0207,0.05941015119863298,0.23701038277495157
5-19C,9.0,167.0358,1.2662398960521632,0.7177366315822877
5-19C,9.0,167.0828,0.1748195730305527,0.4253597595112782
5-19C,9.0,168.0277,-0.5011532043464912,0.02489309486053795
5-19C,9.0,168.0664,-0.30200858604099867,0.5513720230861772
5-19C,9.0,170.0455,-0.6480067763981227,0.007671684190953948
5-19C,9.0,171.0065,-0.41224875967095653,0.2286664669401327
5-19C,9.0,171.0092,-0.32163766887868483,0.17673743892102994
5-19C,9.0,171.0284,-0.7031151348543867,0.031192352081511228
5-19C,9.0,172.0616,2.1543509815946535,0.6363775501772083
5-19C,9.0,172.962,-0.4799624241408562,0.05701949175355377
5-19C,9.0,173.0089,-0.6599305075371271,0.1257364384736977
5-19C,9.0,173.0453,-0.9739988638013666,0.2834717450274
5-19C,9.0,173.0932,-0.37863736635251216,0.08068098415114858
5-19C,9.0,173.1041,-0.9731268263288274,0.7154379271851917
5-19C,9.0,174.0407,1.8724271017267715,0.159608220491387
5-19C,9.0,174.088,1.205026955081348,0.14991711485733977
5-19C,9.0,175.022,-0.4202313940640282,0.3712790728979205
5-19C,9.0,175.0361,2.163518620255644,0.22409575081513608
5-19C,9.0,175.0611,-0.4532056906406703,0.07494103647897392
5-19C,9.0,176.0776,-0.09452872547666533,0.288635994845258
5-19C,9.0,177.0402,0.5509180954099064,0.22014480903400768
5-19C,9.0,177.0553,0.8132671762874479,0.9438448491140874
5-19C,9.0,178.0509,-0.16726422146830788,0.07030604656096724
5-19C,9.0,179.0348,1.4560230783191281,0.3397167793292394
5-19C,9.0,179.0561,0.7741528036372093,0.12312009373944495
5-19C,9.0,180.0663,0.9142954067393642,0.1559763653846796
5-19C,9.0,181.0505,-1.0493601340324932,0.032160719003380495
5-19C,9.0,182.9725,1.513931205694783,0.194310222643574
5-19C,9.0,183.0661,-0.11556070611080967,0.42743079251425525
5-19C,9.0,184.0017,-0.4395112971895387,0.07323786577037356
5-19C,9.0,184.9856,-0.4522996807883386,0.12338970056326087
5-19C,9.0,186.1136,0.4129872092431936,0.6349051635555064
5-19C,9.0,187.0234,-0.2889806250681486,0.2775046512555426
5-19C,9.0,188.035,-0.3240291713268396,0.40711818776953046
5-19C,9.0,188.0565,-0.011616986441626943,0.0824817046798044
5-19C,9.0,189.0405,-0.7385036564955684,0.08387207543908826
5-19C,9.0,191.0197,-0.37681635658254936,0.27445087868243384
5-19C,9.0,191.0561,-0.8275914971799869,0.15405848697803387
5-19C,9.0,192.0663,-0.7107404643855897,0.7824632170477903
5-19C,9.0,193.0349,0.40803419771423227,0.34243822077174746
5-19C,9.0,194.0682,0.5221165322334258,0.40388270472438376
5-19C,9.0,194.0822,0.534171103416269,0.5595793143448806
5-19C,9.0,195.0509,1.3258425843119241,0.16310048786223996
5-19C,9.0,195.0657,-0.13808893052943036,0.46109180978751935
5-19C,9.0,196.0603,0.37756800370559906,0.15168453158095557
5-19C,9.0,198.0182,0.6407357681253157,0.17081754806804864
5-19C,9.0,199.0019,0.04021244266622066,0.43627068833122784
5-19C,9.0,200.9937,0.7621465660523203,0.2701678602778725
5-19C,9.0,201.0051,0.5601108148188186,0.9895075518935811
5-19C,9.0,203.0348,-0.5153035581374144,0.12783491875213887
5-19C,9.0,203.0826,-0.09652627294556021,0.010669726874075322
5-19C,9.0,204.0498,-0.21495602714908182,0.26941934676749757
5-19C,9.0,205.0351,-0.6714280325865567,0.14486736591741772
5-19C,9.0,206.0822,0.22212242100336282,0.697885630479855
5-19C,9.0,209.0292,-0.7409318271433516,0.4955992559142172
5-19C,9.0,209.0814,-1.133021433788631,0.6327351838501833
5-19C,9.0,211.0235,-0.30942290585834675,0.3251193947542263
5-19C,9.0,211.9968,1.9262258550452425,0.28021367227996435
5-19C,9.0,212.0331,-0.2314009981238084,0.36635838202747256
5-19C,9.0,212.9807,-0.4167252537343922,0.09676799413266336
5-19C,9.0,213.014,-0.8363962806507783,0.20882457135958182
5-19C,9.0,213.0384,-0.46887663340047075,0.19418766067845988
5-19C,9.0,213.1252,-0.43489728680816997,0.6899907564329059
5-19C,9.0,214.0488,-0.2777257341616047,0.20985780406107027
5-19C,9.0,215.0331,1.0532460645743362,0.15900553854624463
5-19C,9.0,216.1351,0.4704547071215293,0.2114572681609923
5-19C,9.0,218.0335,0.8176016086154492,0.13978370127201456
5-19C,9.0,218.1034,-0.5531148196070808,0.036499519236353924
5-19C,9.0,220.0828,0.36159944522404325,0.7418027731111244
5-19C,9.0,221.0443,1.0143552545311705,0.15473594646087915
5-19C,9.0,221.0664,1.6620577290361942,0.22103002574260594
5-19C,9.0,225.0399,2.126184380874636,1.683877718827781
5-19C,9.0,225.0861,0.9014915967491554,0.4064652787207176
5-19C,9.0,225.0901,1.956975402729745,0.4265420318624357
5-19C,9.0,226.0135,-0.3607977051685623,0.4452237544567079
5-19C,9.0,226.0697,-0.032805804975245295,0.4978863121098263
5-19C,9.0,228.0501,-0.8903697967240651,0.16748517009212033
5-19C,9.0,229.0122,0.2607875614692037,0.3651031589229775
5-19C,9.0,237.0614,0.05976686939455471,0.1408011154544349
5-19C,9.0,238.0945,-0.7715859083144401,0.252294629185439
5-19C,9.0,240.0515,0.6620704583662169,0.1101977140604045
5-19C,9.0,241.0844,-0.3588773019435717,0.4975445152616518
5-19C,9.0,242.0804,-0.7728048699970598,0.9333064092651362
5-19C,9.0,243.029,0.24755824123162723,0.18715278456092055
5-19C,9.0,243.0625,0.16800408082804363,0.21749462878648926
5-19C,9.0,245.0444,0.18894283235996595,0.5234450972843029
5-19C,9.0,246.0198,0.11920899687683872,0.5519747273122159
5-19C,9.0,246.064,1.1739659225652943,0.5191569551167501
5-19C,9.0,251.0816,-0.044415232844332075,1.3622660558418003
5-19C,9.0,253.0119,-0.2402533979102715,0.03779904963485042
5-19C,9.0,253.0499,0.4774321491602142,0.6189907925879577
5-19C,9.0,257.0072,-0.2624742657280237,0.728478857150837
5-19C,9.0,257.1028,-0.13614998025225253,0.6024115515422958
5-19C,9.0,259.005,0.28784566789866217,0.5378965120580164
5-19C,9.0,259.0227,0.7374141060752052,0.16331106393318545
5-19C,9.0,261.0385,0.41547345691026866,0.1816074482408312
5-19C,9.0,266.0703,-0.04349583484475049,0.34535322316571726
5-19C,9.0,267.0724,-0.5113038220247281,0.10195470858736037
5-19C,9.0,268.02,-0.1607239835946726,0.5229324005012511
5-19C,9.0,269.0398,-0.69074559954244,0.1802503701841335
5-19C,9.0,271.0612,0.18010693287327137,0.20870072362761233
5-19C,9.0,271.0815,-1.4069129782098355,0.6994747654638809
5-19C,9.0,273.0021,-0.4872813605824575,0.1353327971827575
5-19C,9.0,274.0933,1.0482932998683467,0.5696913529609049
5-19C,9.0,275.0184,0.17230704123136104,0.5984346745446927
5-19C,9.0,275.0991,0.586369760071042,0.26996555039891496
5-19C,9.0,277.1207,0.21153821342111234,0.15011843099436922
5-19C,9.0,277.2169,0.2569836735050702,0.2980110836001725
5-19C,9.0,279.2331,-0.3231249383549936,0.023611793730929344
5-19C,9.0,282.0839,-0.8521392440397527,0.5239854618580398
5-19C,9.0,283.2063,-0.6734165190940444,0.047335782949118624
5-19C,9.0,285.0972,-0.3339516206933317,1.0390409889896073
5-19C,9.0,287.0157,0.7006243224539561,0.11509337271896516
5-19C,9.0,288.0725,0.14024710533972404,0.14716875549660827
5-19C,9.0,289.0333,1.0508586987103536,0.5178186955758842
5-19C,9.0,289.1044,0.07775095858806849,0.36517968897940517
5-19C,9.0,290.9677,-0.31422059458636525,0.08952804187448124
5-19C,9.0,294.0479,1.563174049437394,0.7974054206222873
5-19C,9.0,300.0509,0.28191714772428816,0.7129545051275177
5-19C,9.0,301.0333,0.1469310743025029,0.5855471898639523
5-19C,9.0,303.2326,1.282105273067556,2.068843453573358
5-19C,9.0,305.0207,1.0220905788337444,0.30805353432627686
5-19C,9.0,306.0481,0.7273938686801484,0.13138860288671164
5-19C,9.0,306.0765,-0.009701602201494065,0.046941163129508315
5-19C,9.0,308.0986,-0.3470649600599367,0.042273035345353045
5-19C,9.0,313.0441,0.6139135367787888,0.5507081849780662
5-19C,9.0,313.1037,0.025709375961801652,0.5465432503177585
5-19C,9.0,317.026,0.03341332803019699,0.6249444025516092
5-19C,9.0,323.0256,0.27070407157331605,0.6367856847314957
5-19C,9.0,325.1163,-0.31583158466915867,0.4727183362715031
5-19C,9.0,328.0457,0.7097692612414574,0.26343863636694836
5-19C,9.0,333.0589,0.1463707772983406,0.2986917504681409
5-19C,9.0,338.9884,-0.0797858732274473,0.20111119588583334
5-19C,9.0,339.0928,1.2378715171911474,1.129476283956682
5-19C,9.0,341.1089,0.7748407757960234,0.27033835267017525
5-19C,9.0,344.0393,0.7879696986635347,0.347485358400072
5-19C,9.0,346.0556,0.9068328781813924,0.5198833955667189
5-19C,9.0,348.087,0.9662122027460978,0.24923708258807523
5-19C,9.0,353.0489,0.23604314958406733,0.34923864584987463
5-19C,9.0,357.089,-0.09112015676135167,0.2130170738853055
5-19C,9.0,375.131,-0.6473337651603219,0.48031375090298445
5-19C,9.0,377.1496,0.1624272320716667,1.0492527912119496
5-19C,9.0,383.1188,1.789296752965978,0.2388680211559681
5-19C,9.0,388.9416,-0.32887222112549375,0.22243446249694568
5-19C,9.0,388.9442,-0.5020144066399846,0.22169916896707853
5-19C,9.0,401.0756,1.089103244180582,0.10283356914365419
5-19C,9.0,407.2795,-0.7887517273627568,0.3347666636818382
5-19C,9.0,421.0743,-0.40020575898439337,0.4531450331304098
5-19C,9.0,426.0222,-0.24225024340158385,0.3277836608410308
5-19C,9.0,442.9997,0.2301285859945738,0.22689802372540627
5-19C,9.0,466.9657,0.910243048937365,0.31442231762757766
5-19C,9.0,490.9787,0.760652738689112,1.2674305038481024
5-19C,9.0,503.1614,1.735330706655259,0.11707915502251103
5-19C,9.0,547.0731,-0.6087304776099043,0.09848680361475208
5-19C,9.0,565.0471,-0.1545055400343536,0.3939780877173707
5-19C,9.0,578.8872,1.2263518524729078,0.07173022617554002
5-19C,9.0,579.0269,1.1852709723388029,0.2657278440500681
5-19C,9.0,612.2549,-0.12585688521381094,0.33481970068869116
5-19C,9.0,624.2949,-0.4312042403178654,0.23379765012142645
5-19C,9.0,659.307,0.20995951352149173,0.5277422104414243
5-19C,9.0,664.0939,-0.5329523119043617,0.24301637000024784
5-19C,9.0,665.2144,0.51678721376561,0.4816809128915687
5-19C,9.0,668.1374,-0.5343287099199276,0.012558688113196942
5-19C,9.0,787.255,0.3218329799553157,0.5897229404745936
5-19C,9.0,790.2568,0.3833776920553543,0.27744311513926806
5-19C,9.0,835.0407,-0.6011724526123554,0.15417355504489627
5-19C,9.0,863.2971,-0.5869114681712455,0.08869254018964098
5-19C,9.0,864.1473,-0.35878658902729854,0.3860044316449406
5-19C,9.0,974.2935,-0.7150083293843108,0.2815159859331447
5-19C,9.0,976.7162,0.8593334263108132,0.1646738081918107
5-19C,10.0,57.0342,-1.0113965659874462,0.3306957519901988
5-19C,10.0,58.0295,5.476066858325542,0.5363804164462611
5-19C,10.0,59.0135,-0.2693265933360913,0.062082545442653424
5-19C,10.0,71.0137,-0.5808127752440769,0.13083619204617025
5-19C,10.0,73.0293,-0.24677486886675298,0.02462701808357904
5-19C,10.0,74.0247,-0.07935221443564405,0.09590544415923086
5-19C,10.0,75.0087,0.4528786226052392,0.5143336141382893
5-19C,10.0,87.0088,-0.6572330915417292,0.004396063868983816
5-19C,10.0,87.0451,-0.7422635019339008,0.5890612131865559
5-19C,10.0,88.0403,1.8532791441975744,0.06030725987268392
5-19C,10.0,88.9883,-0.5853528550613367,0.3645569705331697
5-19C,10.0,89.0244,-0.748579969479256,0.060442084426872794
5-19C,10.0,93.0338,-0.01819250374336564,0.014502208457576543
5-19C,10.0,94.9761,-1.1978274035860186,0.5038091191353076
5-19C,10.0,94.9806,1.0672483407514832,0.47006564548747154
5-19C,10.0,95.0139,-0.6463650389598008,0.17084649036636254
5-19C,10.0,101.0242,-0.9615834399405002,0.04228013550827647
5-19C,10.0,102.056,-0.400128298727683,0.11379079952732334
5-19C,10.0,103.0402,-0.1998927406072991,0.06207161638855105
5-19C,10.0,103.0509,-0.20574807778479842,0.15467370909682915
5-19C,10.0,104.0352,-0.5263252133600809,0.10773526810605363
5-19C,10.0,105.0193,-1.070710204438695,0.1348611846532661
5-19C,10.0,107.0503,0.08461840842529213,0.5140404698736829
5-19C,10.0,109.0295,0.8450129837579323,0.17013349208105585
5-19C,10.0,111.02,7.865668683639058,0.2155901482005046
5-19C,10.0,112.0516,4.574250613001347,0.7904247963991438
5-19C,10.0,113.0244,-0.41841171059396953,0.028126454459641525
5-19C,10.0,113.0357,6.879940164891773,0.2078324842209675
5-19C,10.0,114.056,-0.2425962579024512,0.001159484734064335
5-19C,10.0,115.0037,1.0206404589285911,0.08408082636478224
5-19C,10.0,115.0402,-0.14362575782594775,0.3089362442461303
5-19C,10.0,115.0764,0.5285925007431314,0.3699295821603216
5-19C,10.0,116.0354,0.2105948774862423,0.20252625354483225
5-19C,10.0,116.0717,-0.3823229200504654,0.004061760224676893
5-19C,10.0,117.0194,-0.25874771254808565,0.019910827553777693
5-19C,10.0,118.0508,-0.4828452303755406,0.1621909318421642
5-19C,10.0,118.9804,-0.5412195989214685,0.07697833073097456
5-19C,10.0,119.0503,0.286965531457504,0.19328586172394294
5-19C,10.0,120.9273,-0.46548223731123695,0.051755918817511876
5-19C,10.0,121.0295,-0.4190359495396077,0.4601829906634393
5-19C,10.0,121.0409,-1.1464902675668742,0.583541273563184
5-19C,10.0,122.0248,-0.37983717977338444,0.272495656434657
5-19C,10.0,124.0075,-0.7213061033466557,0.26058505338592886
5-19C,10.0,124.0144,-0.6741863520233475,0.19907482734692875
5-19C,10.0,125.0439,-0.5726557107609872,0.19659971167427961
5-19C,10.0,127.0764,-0.3102551010371874,0.2690267804834907
5-19C,10.0,128.0354,-0.33186830836597087,0.006998051724125465
5-19C,10.0,129.0193,-0.10585536941191322,0.09929081552620461
5-19C,10.0,129.0556,-0.4460371443266978,0.4074196746998543
5-19C,10.0,130.0142,0.10619018827137985,0.5706342948400107
5-19C,10.0,130.0509,5.703127148153205,0.478551691194356
5-19C,10.0,130.0874,0.14476006093516425,0.041970931344211655
5-19C,10.0,131.0008,-0.4357287643642227,0.32649689836372
5-19C,10.0,131.0123,-0.20466162825765216,0.049594247625726146
5-19C,10.0,131.035,-0.9842312770511716,0.06612234919206354
5-19C,10.0,131.0462,-0.7200602943635356,0.09086066247898919
5-19C,10.0,131.0828,-0.44819882152908685,0.1598418671928496
5-19C,10.0,132.0302,5.425050094011764,0.21949574718653567
5-19C,10.0,133.0142,-0.3197410824812434,0.048641128995438425
5-19C,10.0,133.0257,-0.1576336611394963,0.15854356263607441
5-19C,10.0,133.0505,0.9939522651087678,0.12018620215393312
5-19C,10.0,134.0472,2.717260729723547,0.3081850041535705
5-19C,10.0,134.0604,0.7998559477740759,0.2952908151742888
5-19C,10.0,135.0302,-0.44485577007176713,0.12698408142050446
5-19C,10.0,135.0453,1.216035754927351,0.18435826604253866
5-19C,10.0,136.0404,-0.09312653107546812,0.12221885564168307
5-19C,10.0,136.0487,1.0412718526433355,0.34795103430538354
5-19C,10.0,136.0767,0.1761530023580723,0.7288177588980027
5-19C,10.0,137.0239,-0.15558863132026488,0.21623317215208165
5-19C,10.0,138.9789,0.13120306403837403,0.32461216942268734
5-19C,10.0,139.0014,0.4376155090944691,0.01942541959082325
5-19C,10.0,139.0067,-0.7523087898355398,0.03951341263592242
5-19C,10.0,139.976,0.3406480815781383,0.23469326061982446
5-19C,10.0,143.0713,-0.8606991651145965,0.37467392839875546
5-19C,10.0,143.1077,0.6341824339656238,0.3519455687217065
5-19C,10.0,145.0141,-0.33164077389505653,0.09229401959998505
5-19C,10.0,145.0506,1.8656454872535877,0.09082952012675215
5-19C,10.0,145.0623,0.7841273795978757,0.16848350180931715
5-19C,10.0,145.0982,-0.8544496607339505,0.1078734006102849
5-19C,10.0,145.1106,-0.6415096927973578,0.5313659069310083
5-19C,10.0,146.0459,-0.4047501211295299,0.007154372069372103
5-19C,10.0,147.0298,-0.179474362689871,0.06264313996071005
5-19C,10.0,147.0662,1.917666851748005,0.2295512885353507
5-19C,10.0,149.0092,0.24244549916268554,0.38520873295943575
5-19C,10.0,149.0456,0.63513852726742,0.26109775604713154
5-19C,10.0,149.0608,0.49202369605619745,0.6970686104931141
5-19C,10.0,150.0422,-0.27389819663398574,0.16010221474713368
5-19C,10.0,150.9707,-0.6148141097702645,1.0062121528149446
5-19C,10.0,151.0259,-0.5694162849359569,0.09471584114869579
5-19C,10.0,151.04,0.6501536450171589,0.4167462622851357
5-19C,10.0,151.06,-0.07161806577892199,0.6752687050828347
5-19C,10.0,152.0353,0.07523964484399354,0.4005211799816046
5-19C,10.0,152.0716,-0.8233192389788075,0.17889896010249481
5-19C,10.0,153.0192,-0.642420583162162,0.11547734157148999
5-19C,10.0,154.062,-0.5697388204471454,0.08477829374146834
5-19C,10.0,154.9751,-0.13061669483559524,0.06371351228324669
5-19C,10.0,155.0099,8.32449626580658,0.21069353599401125
5-19C,10.0,157.0128,2.236957726723291,0.25609864777142954
5-19C,10.0,157.0255,6.006900590670292,0.29811203865635455
5-19C,10.0,157.0379,5.764926000317272,0.2868040854905619
5-19C,10.0,157.0504,0.9105797105406679,0.10670440717346226
5-19C,10.0,159.0297,-0.2633740403295911,0.1279209061808033
5-19C,10.0,159.0775,1.3922877423632043,0.14631712529657734
5-19C,10.0,160.0616,1.3830311581849721,0.5453500538375418
5-19C,10.0,161.0453,-1.4677332990629974,0.11887612555424192
5-19C,10.0,162.0424,0.5106420572124081,0.16840146443438797
5-19C,10.0,163.0351,-0.8355608845006556,0.282800881699625
5-19C,10.0,163.0398,1.7836881807422305,0.14552593152572113
5-19C,10.0,163.0611,0.9232109608148666,0.2892294236717351
5-19C,10.0,164.0716,-0.5683725310117806,0.05386490576126455
5-19C,10.0,165.03,-0.9281647373329311,0.42408687078634644
5-19C,10.0,165.0405,-0.09314004590197958,0.493674265123136
5-19C,10.0,165.0556,-0.7332357424947618,0.0782481228945039
5-19C,10.0,166.0508,1.5098678604579514,0.12507713440281906
5-19C,10.0,166.0632,-0.42924955746163707,0.8607730096187028
5-19C,10.0,166.9759,-0.19305767011122327,0.29474361350750494
5-19C,10.0,167.0207,-0.5641018295812151,0.2546522958799476
5-19C,10.0,167.0358,-0.295699252688983,0.4780052257602618
5-19C,10.0,167.0828,-1.0124912598224682,0.8699993690428119
5-19C,10.0,168.0277,-0.49189137012935624,0.016799165668609797
5-19C,10.0,168.0664,-0.9991610376728779,0.6692600627598229
5-19C,10.0,170.0455,-0.2484139401836078,0.03214837411536328
5-19C,10.0,171.0065,0.2503517894743088,0.2926927566462753
5-19C,10.0,171.0092,0.26065525415091484,0.38867765412602173
5-19C,10.0,171.0284,-0.37876691587998895,0.03864433951369376
5-19C,10.0,172.0616,4.134424854393015,0.5429188060336025
5-19C,10.0,172.962,-0.3734643525986659,0.08435326729970913
5-19C,10.0,173.0089,-0.2884767986205657,0.21428713660516824
5-19C,10.0,173.0453,-0.4535910631988753,0.13709640827266611
5-19C,10.0,173.0932,0.5013641887761657,0.07274768990467025
5-19C,10.0,173.1041,-0.7146840205290026,0.2155044470685419
5-19C,10.0,174.0407,6.327223179693697,0.1987463240185796
5-19C,10.0,174.088,8.428348975036224,0.4696162003150952
5-19C,10.0,175.022,0.10467740265466138,0.0995498172759294
5-19C,10.0,175.0361,5.325267826036093,0.15047855036440225
5-19C,10.0,175.0611,0.5831499018859942,0.04632109138725943
5-19C,10.0,176.0776,0.9522290716915414,0.45539516193621415
5-19C,10.0,177.0402,1.4301989786305076,0.4418112538057913
5-19C,10.0,177.0553,0.6995461242534551,0.6275417890104681
5-19C,10.0,178.0509,2.642089412010945,0.13667829746528423
5-19C,10.0,179.0348,2.6082979811614653,0.26448954121822416
5-19C,10.0,179.0561,-0.49577536948981105,0.027746410601052925
5-19C,10.0,180.0663,-0.45388506401265283,0.06031240995472702
5-19C,10.0,181.0505,-0.753146572295758,0.19458064342806894
5-19C,10.0,182.9725,-0.6590546019975378,0.1285402915242738
5-19C,10.0,183.0661,-1.1689184441376566,0.17647661389402794
5-19C,10.0,184.0017,-0.5321560652654422,0.07118456641992908
5-19C,10.0,184.9856,-0.021385240077917193,0.19666030966110795
5-19C,10.0,186.1136,-0.06190646382523396,0.4312329766121566
5-19C,10.0,187.0234,-0.7872561809788756,0.4060285216514432
5-19C,10.0,188.035,-0.7789015065665379,1.0582257196017113
5-19C,10.0,188.0565,0.4886957866070186,0.07445031815165118
5-19C,10.0,189.0405,-0.7713248689577963,0.07946528838842114
5-19C,10.0,191.0197,-0.29152570921493454,0.1827711017979306
5-19C,10.0,191.0561,-0.18279885539182605,0.09018179951097396
5-19C,10.0,192.0663,-0.6902256658927282,0.2590350771293419
5-19C,10.0,193.0349,-0.1366482638435486,0.2812420378438176
5-19C,10.0,194.0682,3.3691080452441065,0.3230434323914608
5-19C,10.0,194.0822,0.2433405640675691,0.7346401541089802
5-19C,10.0,195.0509,-0.12868488959445198,0.14720538956982798
5-19C,10.0,195.0657,-0.24266783880500736,0.4276561018190201
5-19C,10.0,196.0603,1.4258114654494913,0.22358503254508155
5-19C,10.0,198.0182,1.627113964229495,0.4308259371196128
5-19C,10.0,199.0019,0.1553479608306617,0.20448443850698705
5-19C,10.0,200.9937,-0.5904121832712148,0.1561269139136942
5-19C,10.0,201.0051,-0.07001691515978327,0.33682496272752577
5-19C,10.0,203.0348,-0.6203271111314455,0.07758022541376047
5-19C,10.0,203.0826,-0.10240978124726485,0.002972538551308299
5-19C,10.0,204.0498,-0.447761342449175,0.3913155056977636
5-19C,10.0,205.0351,-0.6106500751491166,0.05324144958916363
5-19C,10.0,206.0822,-0.18022881102399446,0.4918962522481333
5-19C,10.0,209.0292,-0.6014421509174783,0.4075257504795235
5-19C,10.0,209.0814,-1.2863024029753558,0.19972955700648515
5-19C,10.0,211.0235,-0.5281296068681544,0.42157494443940713
5-19C,10.0,211.9968,6.66268400395233,0.3450849730369895
5-19C,10.0,212.0331,-0.279001761930774,0.17545467459844313
5-19C,10.0,212.9807,1.1427666860015215,0.1474358883259158
5-19C,10.0,213.014,-0.07764304368680051,0.21294861720637395
5-19C,10.0,213.0384,-0.844231655453402,0.09299607382749477
5-19C,10.0,213.1252,-0.1218810658826309,0.6173957966248913
5-19C,10.0,214.0488,-0.9698400625482997,0.436071652170355
5-19C,10.0,215.0331,-0.6587936483157864,0.024715595807026654
5-19C,10.0,216.1351,-1.0038748992400115,0.13357312167027857
5-19C,10.0,218.0335,-0.7518728140606931,0.010482079406529307
5-19C,10.0,218.1034,0.608015689917923,0.03479512043115224
5-19C,10.0,220.0828,0.14465697156977894,1.0041847949900875
5-19C,10.0,221.0443,-0.6604285266292278,0.05038647961573873
5-19C,10.0,221.0664,0.1637963638351841,0.24694119053104552
5-19C,10.0,225.0399,-0.44613169654587387,0.7696322161436271
5-19C,10.0,225.0861,-0.12126616037744894,0.5288830012504399
5-19C,10.0,225.0901,-0.6458386329154534,0.8856919552945975
5-19C,10.0,226.0135,-0.25096917253097284,0.15211828859025098
5-19C,10.0,226.0697,-1.0943565838864329,0.14463244642364548
5-19C,10.0,228.0501,-0.4712599493786391,0.3575824281760384
5-19C,10.0,229.0122,1.6480347289992845,0.24912306142371382
5-19C,10.0,237.0614,1.6993136621478058,0.32002191235360417
5-19C,10.0,238.0945,-0.6116390832032386,0.19584419320115298
5-19C,10.0,240.0515,0.921300038217864,0.08907470651486764
5-19C,10.0,241.0844,-0.10092141162543866,1.0004597927947263
5-19C,10.0,242.0804,-1.0846405348070536,0.45477578489968534
5-19C,10.0,243.029,0.8994228202702985,0.571894181139496
5-19C,10.0,243.0625,2.1114518118230494,0.758376430600855
5-19C,10.0,245.0444,0.39745820478073013,0.28386161835302914
5-19C,10.0,246.0198,0.5101057307070058,0.28281417379576373
5-19C,10.0,246.064,-0.6698580654353552,0.08407450520848753
5-19C,10.0,251.0816,-1.100124956691976,0.42865945604575556
5-19C,10.0,253.0119,-0.12251620301922521,0.046802942451799064
5-19C,10.0,253.0499,0.12965835062683148,0.3078735817406885
5-19C,10.0,257.0072,0.6844014980831445,0.5746313595972542
5-19C,10.0,257.1028,-0.7357810153323121,0.43110783480241804
5-19C,10.0,259.005,0.2854860994318251,0.26721102464764906
5-19C,10.0,259.0227,0.34167888794060763,0.1456305207080242
5-19C,10.0,261.0385,0.7456217864336434,0.14652472074994563
5-19C,10.0,266.0703,1.125145247748803,0.49645625860129683
5-19C,10.0,267.0724,-0.6365400312324814,0.016243237466245262
5-19C,10.0,268.02,0.525145253055507,0.3049826780441253
5-19C,10.0,269.0398,0.7570671382042444,0.21455274326272866
5-19C,10.0,271.0612,-0.13487060758532932,0.3481424134494585
5-19C,10.0,271.0815,-0.44862103813283766,0.7740413324950379
5-19C,10.0,273.0021,-0.4253424979507811,0.14615642239604718
5-19C,10.0,274.0933,1.231361165207552,0.19587598094801414
5-19C,10.0,275.0184,0.5082204369693217,1.0019984949995513
5-19C,10.0,275.0991,3.2469907060960415,0.8024122562657681
5-19C,10.0,277.1207,-0.8649511005041535,0.035813999836870655
5-19C,10.0,277.2169,-0.3969759096660748,0.09013913655297512
5-19C,10.0,279.2331,-0.2734204215899285,0.02157445697350351
5-19C,10.0,282.0839,-0.9473366050761475,0.2681777979486499
5-19C,10.0,283.2063,-0.43635925858303076,0.1787343988816619
5-19C,10.0,285.0972,-0.8971855201948529,0.46617544479801387
5-19C,10.0,287.0157,-0.747752786446283,0.2710802688432899
5-19C,10.0,288.0725,0.9201161009347205,0.2032749111823174
5-19C,10.0,289.0333,1.8155440926599102,0.4571088152422427
5-19C,10.0,289.1044,3.2382979765611584,0.3129215318761196
5-19C,10.0,290.9677,-0.0717514707130814,0.23541227994015793
5-19C,10.0,294.0479,-0.1436124391869846,0.3712312069641199
5-19C,10.0,300.0509,0.006584640679247444,0.30324285293899644
5-19C,10.0,301.0333,-0.9908651142071503,0.9788058003954683
5-19C,10.0,303.2326,-0.26539537049768336,0.20782157970457915
5-19C,10.0,305.0207,-0.529685296634354,0.1283682212112153
5-19C,10.0,306.0481,1.964748180936363,0.17360053341990714
5-19C,10.0,306.0765,-0.15638290184786208,0.04409561461960657
5-19C,10.0,308.0986,-0.38839628212581245,0.017773052666349896
5-19C,10.0,313.0441,6.24945809412284,0.5184591342898744
5-19C,10.0,313.1037,0.31641121136335437,0.27103552441893736
5-19C,10.0,317.026,0.46560310013152323,1.0369377264288704
5-19C,10.0,323.0256,-0.1491460058616733,0.599361493062328
5-19C,10.0,325.1163,0.79369466898133,0.23489791969910334
5-19C,10.0,328.0457,3.0681715735568105,0.3035619818961645
5-19C,10.0,333.0589,2.9197806312763035,0.3090903508435936
5-19C,10.0,338.9884,0.6617446722115461,0.36147559122898193
5-19C,10.0,339.0928,1.7339572061418687,0.9845724079652818
5-19C,10.0,341.1089,-0.3179288915395467,0.06414892911145882
5-19C,10.0,344.0393,3.4902461736712214,0.839720460604998
5-19C,10.0,346.0556,0.4172658109395327,0.28920788412794873
5-19C,10.0,348.087,3.839463555125593,0.49464123671591853
5-19C,10.0,353.0489,5.261952230270744,0.5495449583381079
5-19C,10.0,357.089,1.0577140786492776,0.4709694369315173
5-19C,10.0,375.131,2.6866522745158807,0.3402328755055797
5-19C,10.0,377.1496,-0.0901853261574694,0.6505031863580397
5-19C,10.0,383.1188,0.005182513938187652,0.43738196179373356
5-19C,10.0,388.9416,-0.16244675832492714,0.21046789728814272
5-19C,10.0,388.9442,-0.2743921368903307,0.18595716493364645
5-19C,10.0,401.0756,-0.8499454643710563,0.07990596363145402
5-19C,10.0,407.2795,-0.7686667447313693,0.2037285938783756
5-19C,10.0,421.0743,-0.7846296934125259,1.1717533761833974
5-19C,10.0,426.0222,1.0057776891990762,1.0302553027728902
5-19C,10.0,442.9997,-0.32179457315886006,0.13754204568085807
5-19C,10.0,466.9657,-0.6601643259252968,0.2419573045469641
5-19C,10.0,490.9787,-0.4950269443475699,1.0953014017433416
5-19C,10.0,503.1614,-0.10602320195242189,0.31569393321894323
5-19C,10.0,547.0731,-0.17860352015943604,0.1708394427572853
5-19C,10.0,565.0471,0.18497671202932292,0.30598153547366164
5-19C,10.0,578.8872,-0.5938921185033355,0.10666856070207036
5-19C,10.0,579.0269,-0.8562424557171731,0.07913304185347596
5-19C,10.0,612.2549,0.2488638235411929,0.40078665692070675
5-19C,10.0,624.2949,0.3164412271274776,0.31185309033946174
5-19C,10.0,659.307,0.13928716577822262,0.1100086872190545
5-19C,10.0,664.0939,-0.33808207014466013,0.5693358305995825
5-19C,10.0,665.2144,2.4273065376805345,0.2746147303906367
5-19C,10.0,668.1374,3.0302767966145936,0.10205607633413889
5-19C,10.0,787.255,0.07922001007352181,0.2434460668496214
5-19C,10.0,790.2568,0.16508188489341072,0.20388919884397727
5-19C,10.0,835.0407,0.9287302961876451,0.1048949367895513
5-19C,10.0,863.2971,-0.3056066748441602,0.18505815609040766
5-19C,10.0,864.1473,-0.2511244256162574,0.20568234870921595
5-19C,10.0,974.2935,1.0470765299356208,0.4647297005220024
5-19C,10.0,976.7162,-0.536243582657175,0.13305309828331446
5-20A,1.0,57.0342,0.3687160439689913,0.25512109587766235
5-20A,1.0,58.0295,-1.1368143530256525,0.11833595273322307
5-20A,1.0,59.0135,-0.17439919461661701,0.12036355317391016
5-20A,1.0,71.0137,0.20425586878053908,0.05882106681115326
5-20A,1.0,73.0293,-0.9693232344594089,0.007529302734491659
5-20A,1.0,74.0247,-0.8243367175952045,0.31340270708398693
5-20A,1.0,75.0087,-0.9072675690345716,0.3422438116533351
5-20A,1.0,87.0088,-0.6720772762049261,0.006160769976225567
5-20A,1.0,87.0451,-0.5282805305735007,0.5346676870327145
5-20A,1.0,88.0403,-0.9522740683032206,0.005834196086824281
5-20A,1.0,88.9883,2.1985474862760244,0.38716938706924275
5-20A,1.0,89.0244,-0.28613069061702,0.05804937130731507
5-20A,1.0,93.0338,-0.07411898094912323,0.013560431073296499
5-20A,1.0,94.9761,-1.3402492362943477,0.1930655705871206
5-20A,1.0,94.9806,1.2252955091934177,0.2189752444079154
5-20A,1.0,95.0139,0.2309732658349328,0.08373085948852742
5-20A,1.0,101.0242,0.03361159240742087,0.1683430288102409
5-20A,1.0,102.056,-0.46333914744755617,0.0361810511546579
5-20A,1.0,103.0402,-0.9212999583710633,0.022341719388446455
5-20A,1.0,103.0509,-1.0034414249351176,0.09412574313717564
5-20A,1.0,104.0352,0.0028884793198878933,0.2566324765192135
5-20A,1.0,105.0193,-2.16482937852813,0.2934437281625449
5-20A,1.0,107.0503,1.3016249210496986,0.3524330876559696
5-20A,1.0,109.0295,-1.1537884798170883,0.07089424609281918
5-20A,1.0,111.02,-1.217523260718764,0.0025434083629577837
5-20A,1.0,112.0516,-0.12431224271367908,0.3090670590912427
5-20A,1.0,113.0244,0.4353129324687617,0.09497838319242913
5-20A,1.0,113.0357,-1.3103891753370676,0.026210842857168844
5-20A,1.0,114.056,-0.24647701370301145,0.002925222776785506
5-20A,1.0,115.0037,-0.8941486666039773,0.054157171121278054
5-20A,1.0,115.0402,-0.28239937950077065,0.3018686642389195
5-20A,1.0,115.0764,2.1935896058548083,0.2977453867971242
5-20A,1.0,116.0354,-0.9020733310016529,0.30644107695549877
5-20A,1.0,116.0717,-0.7762231122710905,0.014068288639446116
5-20A,1.0,117.0194,-0.9396984668393056,0.002123990713775278
5-20A,1.0,118.0508,-1.2790680109412484,0.10139315609669418
5-20A,1.0,118.9804,0.3810140734791835,0.05247919819045681
5-20A,1.0,119.0503,2.07900972047612,0.4317158438826913
5-20A,1.0,120.9273,0.41728932420741116,0.38194866653604137
5-20A,1.0,121.0295,1.5050173479015199,0.3699218907530783
5-20A,1.0,121.0409,1.3989382411756441,0.49743088693675974
5-20A,1.0,122.0248,-2.115665400538938,0.04745429416636711
5-20A,1.0,124.0075,0.050003872125736426,0.25267660256477004
5-20A,1.0,124.0144,-1.0012351606050975,0.20449607975921807
5-20A,1.0,125.0439,-2.281377957668875,0.052204295832386526
5-20A,1.0,127.0764,1.266561885125689,0.6610987016108629
5-20A,1.0,128.0354,-0.3414115537377881,0.016996345387666874
5-20A,1.0,129.0193,-1.4439660469566384,0.02354047808816
5-20A,1.0,129.0556,1.7394483532535026,0.679362725043993
5-20A,1.0,130.0142,-1.0332648534457127,0.04929991147153827
5-20A,1.0,130.0509,-1.0826651802292784,0.0054563509680614795
5-20A,1.0,130.0874,-0.8363842050849066,0.049501439988049276
5-20A,1.0,131.0008,-0.771094048308749,0.1260403318636197
5-20A,1.0,131.0123,-0.8171042381553179,0.04483202650823793
5-20A,1.0,131.035,-0.5849016851508916,0.06495958751653029
5-20A,1.0,131.0462,-0.5071914276396128,0.1526477594335312
5-20A,1.0,131.0828,0.2270649648409181,0.13266957403145288
5-20A,1.0,132.0302,-1.2471953095813424,0.0051009536582790884
5-20A,1.0,133.0142,-0.5156849594398479,0.06635585834141824
5-20A,1.0,133.0257,-0.747749376858823,0.08333012923443894
5-20A,1.0,133.0505,-1.3667367159538788,0.0029179334677326215
5-20A,1.0,134.0472,-0.9956579255144751,0.22863885790324878
5-20A,1.0,134.0604,-1.727602940745392,0.400462871099712
5-20A,1.0,135.0302,-0.897618707926052,0.09755447462818334
5-20A,1.0,135.0453,-1.2403292001821384,0.1175098433837419
5-20A,1.0,136.0404,-0.6137214378785503,0.07183052185085395
5-20A,1.0,136.0487,-1.3924095247831212,0.18770683911684669
5-20A,1.0,136.0767,0.9592515609742328,0.6313047928310653
5-20A,1.0,137.0239,-0.34998550103616444,0.20050299086582582
5-20A,1.0,138.9789,2.4997089709226343,0.11133492898677474
5-20A,1.0,139.0014,-0.3312781246190148,0.02695235234718447
5-20A,1.0,139.0067,-0.6113229931963282,0.02480756222929643
5-20A,1.0,139.976,0.07087860904693355,0.295578023740462
5-20A,1.0,143.0713,2.5772071302467463,0.7318197768644555
5-20A,1.0,143.1077,2.826876459319716,0.5470004063871713
5-20A,1.0,145.0141,-0.294616876846221,0.11451983767447445
5-20A,1.0,145.0506,-0.2871192066928381,0.0828450546381716
5-20A,1.0,145.0623,0.111525757912847,0.35899626317169087
5-20A,1.0,145.0982,0.7959462346978468,0.30305610413949796
5-20A,1.0,145.1106,1.0931309785216137,0.6282910203660419
5-20A,1.0,146.0459,-0.4938732447779085,0.005397458415164536
5-20A,1.0,147.0298,-0.9912694585709787,0.005509391842684944
5-20A,1.0,147.0662,-1.4562466885593253,0.006141652633710972
5-20A,1.0,149.0092,0.3174222799220149,0.0868227038699367
5-20A,1.0,149.0456,0.8734644295811931,0.22489671949426343
5-20A,1.0,149.0608,1.2984112742459248,0.5465616147647266
5-20A,1.0,150.0422,-0.6973522351841442,0.36398066149428937
5-20A,1.0,150.9707,0.008034066094978032,0.7429379476837132
5-20A,1.0,151.0259,-0.5278534421725793,0.1559819657933834
5-20A,1.0,151.04,-0.23764572951065116,0.19516606595943214
5-20A,1.0,151.06,-0.5842440921527488,0.5375197886477503
5-20A,1.0,152.0353,0.909925775108138,0.25979995513047843
5-20A,1.0,152.0716,1.781549542614763,0.43507356184029666
5-20A,1.0,153.0192,-0.4747070084053824,0.056794445539010176
5-20A,1.0,154.062,0.25823611417140546,0.09883626941874242
5-20A,1.0,154.9751,-1.0341549445143188,0.006561201927298321
5-20A,1.0,155.0099,-1.1859534375823564,0.0023610736513558104
5-20A,1.0,157.0128,-1.0647504633340361,0.027168169258682456
5-20A,1.0,157.0255,-1.3523119914819475,0.003977532641957633
5-20A,1.0,157.0379,-1.412805361680275,0.008450891521762009
5-20A,1.0,157.0504,-1.163694143080853,0.05118940258599757
5-20A,1.0,159.0297,-1.7099935869549787,0.1524667759480174
5-20A,1.0,159.0775,-1.1980507722927323,0.04929285083656281
5-20A,1.0,160.0616,-1.8006723173544374,0.1921208488414901
5-20A,1.0,161.0453,-1.3510612536597995,0.08263330948026652
5-20A,1.0,162.0424,-1.601274486072056,0.06058812763601878
5-20A,1.0,163.0351,-0.8389518708814723,0.1922990091822955
5-20A,1.0,163.0398,0.15646258407599561,0.161741370243055
5-20A,1.0,163.0611,0.18614203498462464,0.3979123440242333
5-20A,1.0,164.0716,-0.32393951751629124,0.06909659988148703
5-20A,1.0,165.03,0.852581717932241,0.5658532973793587
5-20A,1.0,165.0405,-0.06930382822471645,0.35799466166588506
5-20A,1.0,165.0556,-0.817405673904219,0.07697277337140097
5-20A,1.0,166.0508,-1.9494497401410962,0.07023835893004667
5-20A,1.0,166.0632,-0.1614369656664304,0.3832324029113974
5-20A,1.0,166.9759,-1.2947311640692576,0.14088359258985803
5-20A,1.0,167.0207,1.2519444066328056,0.7130389992527779
5-20A,1.0,167.0358,0.41598979881108933,0.2810916072137127
5-20A,1.0,167.0828,0.9580774018007439,0.8127920167749676
5-20A,1.0,168.0277,-0.474577410654059,0.030611484673563255
5-20A,1.0,168.0664,-0.694494607744605,0.6425865592772069
5-20A,1.0,170.0455,-0.8688349925001183,0.020538732278871638
5-20A,1.0,171.0065,-1.0834167226012181,0.19802395381323562
5-20A,1.0,171.0092,-0.805573615440353,0.11475600250079766
5-20A,1.0,171.0284,-0.8623860999965931,0.05653667469525752
5-20A,1.0,172.0616,-1.6982941133083056,0.07861265684391128
5-20A,1.0,172.962,-0.42131615067927386,0.0887420959801958
5-20A,1.0,173.0089,-0.8918566488571904,0.12384010800189511
5-20A,1.0,173.0453,-0.20193380509866649,0.14475865017720235
5-20A,1.0,173.0932,-0.8012205454483494,0.06526342099016247
5-20A,1.0,173.1041,0.08464181716321835,0.17333521595157536
5-20A,1.0,174.0407,-1.0077179779071526,0.0016382682881387804
5-20A,1.0,174.088,-0.7128509808522938,0.18540748651172448
5-20A,1.0,175.022,-0.8988310437599364,0.2525918265177362
5-20A,1.0,175.0361,-1.2415353984286617,0.009513220299220457
5-20A,1.0,175.0611,-1.263110397942801,0.007147003639446008
5-20A,1.0,176.0776,-1.1204870156601041,0.047449136197560964
5-20A,1.0,177.0402,-2.4656742266882654,0.21636930431695334
5-20A,1.0,177.0553,0.5190217219809146,0.46712346248633874
5-20A,1.0,178.0509,-1.1478398833856618,0.021487741556549464
5-20A,1.0,179.0348,-1.5268211716304003,0.19636535327334018
5-20A,1.0,179.0561,1.5310429666031218,0.10662551128843184
5-20A,1.0,180.0663,1.4265634779619987,0.07589954427075749
5-20A,1.0,181.0505,-0.9161290220373015,0.903426149046925
5-20A,1.0,182.9725,0.24118491558254726,0.16591452879850005
5-20A,1.0,183.0661,0.06761641917996067,0.6218457990336347
5-20A,1.0,184.0017,-0.5484049354796035,0.051701927839809064
5-20A,1.0,184.9856,-0.8759794614238736,0.07759636676718401
5-20A,1.0,186.1136,2.0173043743775665,1.0257489712774963
5-20A,1.0,187.0234,-0.5772207448550714,0.5309198786209779
5-20A,1.0,188.035,-0.9863492224003195,0.37624056124681526
5-20A,1.0,188.0565,-1.1352590840765626,0.003870943852579596
5-20A,1.0,189.0405,2.145338450170492,0.19378613740395367
5-20A,1.0,191.0197,0.4713933456104661,0.3809500417235913
5-20A,1.0,191.0561,-1.0225656040137379,0.059667149571897615
5-20A,1.0,192.0663,-2.150344149928129,0.5627850518760953
5-20A,1.0,193.0349,-1.00924847305371,0.5622119990878315
5-20A,1.0,194.0682,-1.0393421692182248,0.1113311372716073
5-20A,1.0,194.0822,-0.23358084486438993,0.5950298317706425
5-20A,1.0,195.0509,-0.7046880486074822,0.09125346333149272
5-20A,1.0,195.0657,-1.2676930705230114,0.7169214425979332
5-20A,1.0,196.0603,-1.5473385549083885,0.08467396109728996
5-20A,1.0,198.0182,-0.8249329434214576,0.4698063589322347
5-20A,1.0,199.0019,-0.3804270677396074,0.17019617130265083
5-20A,1.0,200.9937,1.026988263319704,0.5873728179961263
5-20A,1.0,201.0051,-1.6565180474232362,0.14522242637133256
5-20A,1.0,203.0348,-0.3295300006071403,0.21939315447246982
5-20A,1.0,203.0826,-0.06105927802938679,0.014090452676492907
5-20A,1.0,204.0498,0.1178060657294,0.512032492586591
5-20A,1.0,205.0351,-1.2105969274394104,0.13935662630960016
5-20A,1.0,206.0822,-0.31843482365127773,0.5662589307646864
5-20A,1.0,209.0292,-0.551967980039336,0.24659437496736375
5-20A,1.0,209.0814,0.8506611949807067,0.21696614190240282
5-20A,1.0,211.0235,-0.3917370252756048,0.29537788639122203
5-20A,1.0,211.9968,-1.134228708045272,0.022393429896936996
5-20A,1.0,212.0331,-0.6034113152673761,0.26717666029690934
5-20A,1.0,212.9807,-0.82627671336805,0.059825685792620015
5-20A,1.0,213.014,-1.374397909670537,0.12182415174869557
5-20A,1.0,213.0384,-0.46770456463527815,0.23526263735538055
5-20A,1.0,213.1252,1.35018950452719,0.8161464854663498
5-20A,1.0,214.0488,-0.46386254217469314,0.5493030821033453
5-20A,1.0,215.0331,0.3116713855965999,0.09480864734320558
5-20A,1.0,216.1351,0.042206224855938126,0.1460391076352477
5-20A,1.0,218.0335,0.22877183078065805,0.06052384898765389
5-20A,1.0,218.1034,-1.2849779815643336,0.02244414408881137
5-20A,1.0,220.0828,0.20986511393984683,0.8947418647913831
5-20A,1.0,221.0443,0.6464517597183076,0.06178481734425484
5-20A,1.0,221.0664,-0.9479308356447691,0.33623397384073705
5-20A,1.0,225.0399,-0.4007339562747618,0.8874972739091573
5-20A,1.0,225.0861,1.7431935887628067,0.39907110172824956
5-20A,1.0,225.0901,1.1044059188948263,1.046067587466818
5-20A,1.0,226.0135,-1.1637495937806377,0.09999587267913963
5-20A,1.0,226.0697,-0.6341143411326882,0.16151844098498522
5-20A,1.0,228.0501,-0.8772418453585076,0.2850312753101317
5-20A,1.0,229.0122,-1.0267332938337492,0.2325902695504763
5-20A,1.0,237.0614,-1.4576195726568313,0.07865800886630242
5-20A,1.0,238.0945,2.2368961999760897,0.20822461919590032
5-20A,1.0,240.0515,-1.4394435267361478,0.0051280251059357546
5-20A,1.0,241.0844,-0.26866729405775064,0.9827960800275632
5-20A,1.0,242.0804,0.8999321065559707,0.7143651521925302
5-20A,1.0,243.029,-0.864537811639692,0.12049301816658199
5-20A,1.0,243.0625,-0.939053974218045,0.5259497469398854
5-20A,1.0,245.0444,-0.5785782067243634,0.2567538951056085
5-20A,1.0,246.0198,-1.0840897579967748,0.30831570395803165
5-20A,1.0,246.064,-0.19611440284003495,0.42194264140669313
5-20A,1.0,251.0816,0.05198327542067138,0.6528647949101615
5-20A,1.0,253.0119,-0.35687270112642966,0.01912593662243982
5-20A,1.0,253.0499,-0.21021149793988345,0.6298880066843436
5-20A,1.0,257.0072,-0.7885163567342284,0.4444745570341742
5-20A,1.0,257.1028,1.8102941657458356,0.8558262325804175
5-20A,1.0,259.005,0.05582143532635267,0.2397265135683118
5-20A,1.0,259.0227,-0.5258458468248408,0.14309139898736437
5-20A,1.0,261.0385,-0.6364450826153926,0.41333494637408075
5-20A,1.0,266.0703,-1.0116557549176761,0.1088770778702469
5-20A,1.0,267.0724,-0.6926762713148475,0.02177896285410698
5-20A,1.0,268.02,-0.26550956141622784,0.4788493656551664
5-20A,1.0,269.0398,-0.820896956515876,0.10119117404748139
5-20A,1.0,271.0612,0.3590714444974763,0.5348490046915507
5-20A,1.0,271.0815,0.7820275585976227,0.45431168558653034
5-20A,1.0,273.0021,-0.9148315651372239,0.06103550503486353
5-20A,1.0,274.0933,-1.502290997251155,0.04241231651927085
5-20A,1.0,275.0184,-0.64748995170742,0.3500685117306926
5-20A,1.0,275.0991,-1.0755487171471976,0.21628316656727983
5-20A,1.0,277.1207,1.2555834243918107,0.19516488931753168
5-20A,1.0,277.2169,0.9917024236408704,0.1826211137328494
5-20A,1.0,279.2331,0.020071593809418777,0.0862920985184172
5-20A,1.0,282.0839,0.701481688074209,0.2438987354089129
5-20A,1.0,283.2063,0.3009981852546708,0.223633217652298
5-20A,1.0,285.0972,1.150419238499285,1.115373505382141
5-20A,1.0,287.0157,0.8406161619759123,0.8694662668735453
5-20A,1.0,288.0725,-0.712762146339323,0.1099022719288094
5-20A,1.0,289.0333,-1.5135554470655053,0.416108920659822
5-20A,1.0,289.1044,-1.4970556963890376,0.0823988627439601
5-20A,1.0,290.9677,-0.5848646717850434,0.05957217549515176
5-20A,1.0,294.0479,2.084824353824544,0.9185964086219968
5-20A,1.0,300.0509,0.33813687429369443,0.5834410449269108
5-20A,1.0,301.0333,0.2784887585989315,0.867553564187256
5-20A,1.0,303.2326,0.2732403849917089,0.595827321379043
5-20A,1.0,305.0207,1.437183331818265,0.1818521918267687
5-20A,1.0,306.0481,-1.133860952804692,0.1259656953501276
5-20A,1.0,306.0765,-0.3053864984933382,0.009662447690212881
5-20A,1.0,308.0986,-0.17448148840925562,0.056176179656433206
5-20A,1.0,313.0441,-0.6630745879843072,0.39316090990484015
5-20A,1.0,313.1037,-0.8846199009876973,0.6954234669488523
5-20A,1.0,317.026,8.48438564096536,1.794782972293041
5-20A,1.0,323.0256,0.910297508022164,0.4028588156385842
5-20A,1.0,325.1163,0.0886445412435613,0.33851967846945336
5-20A,1.0,328.0457,-1.0180154836270634,0.1449258458186625
5-20A,1.0,333.0589,-0.9594315310909771,0.38640534263999926
5-20A,1.0,338.9884,-0.9199116424628674,0.061006707289269574
5-20A,1.0,339.0928,-0.288747184658963,0.9969465361367376
5-20A,1.0,341.1089,-0.8186109148301304,0.15484781864385952
5-20A,1.0,344.0393,-0.057487405430148825,0.27173969353455946
5-20A,1.0,346.0556,-0.3964410477056033,0.13375710848361666
5-20A,1.0,348.087,-0.9984791023373829,0.13827674204857549
5-20A,1.0,353.0489,-0.686258665639429,0.5359659675966414
5-20A,1.0,357.089,-0.6558807462525678,0.24030169760550704
5-20A,1.0,375.131,-0.6906897407293597,0.420170768458627
5-20A,1.0,377.1496,-0.6918855904821454,0.5268386022348842
5-20A,1.0,383.1188,-0.3725587275613978,0.5812543284580814
5-20A,1.0,388.9416,-0.6139597852053882,0.23126549318052772
5-20A,1.0,388.9442,-1.1580143250332495,0.18161340024019096
5-20A,1.0,401.0756,0.38927158018766017,0.18981962550626857
5-20A,1.0,407.2795,0.7348376693896317,0.10818191034106639
5-20A,1.0,421.0743,-0.10078957418410346,0.3992985450988567
5-20A,1.0,426.0222,-0.8193200397600542,0.17431165166859436
5-20A,1.0,442.9997,0.2628308937614613,0.2103705903878632
5-20A,1.0,466.9657,1.87001969359341,0.24305655650399413
5-20A,1.0,490.9787,0.6583570414967144,1.1243194150972713
5-20A,1.0,503.1614,-0.27985939377700736,0.23357176425395254
5-20A,1.0,547.0731,-1.080671170645279,0.0210971000326541
5-20A,1.0,565.0471,-1.3426934222572215,0.16696703092720697
5-20A,1.0,578.8872,0.028450662351868633,0.13975059279282157
5-20A,1.0,579.0269,-0.40884936356987556,0.09602100711905617
5-20A,1.0,612.2549,-1.2879556121585647,0.24288521089629345
5-20A,1.0,624.2949,-0.16772677136875358,0.5196557842606856
5-20A,1.0,659.307,3.5279356344939448,0.6642323305497347
5-20A,1.0,664.0939,0.8110496647682192,0.20160907992961571
5-20A,1.0,665.2144,-0.9552235489451248,0.32082893695888504
5-20A,1.0,668.1374,-0.6165764138667462,0.00016336298218189982
5-20A,1.0,787.255,1.8450422444709078,0.6867480127198752
5-20A,1.0,790.2568,3.5932302411525727,0.2745471773745058
5-20A,1.0,835.0407,-0.4395859958578746,0.17197499433573996
5-20A,1.0,863.2971,-0.6835359273179435,0.08298784092861905
5-20A,1.0,864.1473,2.7566449446469155,0.636598334181145
5-20A,1.0,974.2935,-0.41788863413598504,0.355146130276466
5-20A,1.0,976.7162,1.5667968484365744,0.2640523206355994
5-20A,2.0,57.0342,0.8462003275904949,0.6034075878143389
5-20A,2.0,58.0295,-0.9827018814518198,0.14082472125693973
5-20A,2.0,59.0135,0.39004093836960274,0.2274716706873518
5-20A,2.0,71.0137,0.6090770327209756,0.17493993506703073
5-20A,2.0,73.0293,-0.9344118859454177,0.009056692453940227
5-20A,2.0,74.0247,-0.7035148701783445,0.25507992544815106
5-20A,2.0,75.0087,0.15885488100988424,0.7230057420358567
5-20A,2.0,87.0088,-0.6514850439875172,0.00970127939972831
5-20A,2.0,87.0451,0.6934389996281556,0.9763740228254486
5-20A,2.0,88.0403,-0.9032628135130955,0.024182303175154202
5-20A,2.0,88.9883,0.6736975505686257,0.840340835548467
5-20A,2.0,89.0244,-0.2765332274729358,0.07840345638316101
5-20A,2.0,93.0338,-0.09067719426588867,0.007810597159168123
5-20A,2.0,94.9761,-0.7540227414282046,0.39772192540114415
5-20A,2.0,94.9806,0.7883502001951936,0.3721115480003011
5-20A,2.0,95.0139,0.9429318494765507,0.26803425042279305
5-20A,2.0,101.0242,0.8183373402006523,0.2992049899037991
5-20A,2.0,102.056,-0.5753187317839163,0.06378327480636789
5-20A,2.0,103.0402,-0.9774042339251463,0.05180400633763567
5-20A,2.0,103.0509,-0.9486148138878746,0.1347517457160142
5-20A,2.0,104.0352,0.24350477881239213,0.30440425401618776
5-20A,2.0,105.0193,0.5086684397255661,0.5797074655915155
5-20A,2.0,107.0503,-0.7973947672868748,0.6533038987423904
5-20A,2.0,109.0295,-1.0167392240437287,0.15121207774231676
5-20A,2.0,111.02,-0.9380099713149315,0.018315415606851373
5-20A,2.0,112.0516,-0.6286507102795369,0.44494256391144105
5-20A,2.0,113.0244,0.9129619835976059,0.10212001671006027
5-20A,2.0,113.0357,-0.9624809072749405,0.02795155117452652
5-20A,2.0,114.056,-0.24374580951564237,0.0010332240985364794
5-20A,2.0,115.0037,-0.8710709220349098,0.05832730710205536
5-20A,2.0,115.0402,-0.36245120015208054,0.843205421250754
5-20A,2.0,115.0764,0.16905482951285994,0.677012948275518
5-20A,2.0,116.0354,-0.9957717064532651,0.046003168641882
5-20A,2.0,116.0717,-0.7572873682945749,0.00426884181646896
5-20A,2.0,117.0194,-0.9264051203605476,0.0029343532747549425
5-20A,2.0,118.0508,-1.168737779347135,0.20031886629353643
5-20A,2.0,118.9804,0.6042344662968993,0.18664993156873239
5-20A,2.0,119.0503,0.060407003700600766,0.2725653930917271
5-20A,2.0,120.9273,0.4550099657847527,1.090844845141571
5-20A,2.0,121.0295,0.08062992778941466,0.4502440012029638
5-20A,2.0,121.0409,1.0529502190409619,0.4543797922326752
5-20A,2.0,122.0248,-1.0515468733081492,0.46074244382014456
5-20A,2.0,124.0075,-0.13857496711240347,0.28460484163225747
5-20A,2.0,124.0144,0.2241146415533406,0.33503185690804105
5-20A,2.0,125.0439,-0.26332040386380834,0.3783832132567216
5-20A,2.0,127.0764,0.3314931927487694,0.5037559871553693
5-20A,2.0,128.0354,-0.32155513336754593,0.02228345914290498
5-20A,2.0,129.0193,-1.1279242039258313,0.10102629222145457
5-20A,2.0,129.0556,0.28055475553483855,0.8593308214229868
5-20A,2.0,130.0142,-0.6470477560771837,0.130203080557951
5-20A,2.0,130.0509,-1.0372790659853155,0.004539109387360003
5-20A,2.0,130.0874,-0.7784651716696104,0.04121704173131602
5-20A,2.0,131.0008,0.9786504486822345,0.4644080394256265
5-20A,2.0,131.0123,-0.7412940634455578,0.10781608399690422
5-20A,2.0,131.035,0.9525172436651869,0.17009142786054535
5-20A,2.0,131.0462,1.2346058288767054,0.13186005684533858
5-20A,2.0,131.0828,0.30656646481255906,0.17712231375815907
5-20A,2.0,132.0302,-1.1138750894851097,0.024380564653069613
5-20A,2.0,133.0142,-0.5089130643277987,0.026243983031934915
5-20A,2.0,133.0257,-0.6390901428018133,0.08651744880640151
5-20A,2.0,133.0505,-1.1934429614616815,0.01995941689381499
5-20A,2.0,134.0472,-0.30957513052484054,0.3194276463401328
5-20A,2.0,134.0604,-0.5907572450523992,0.34430472621621605
5-20A,2.0,135.0302,-0.594674077329453,0.05064111469655703
5-20A,2.0,135.0453,-1.0616968578695025,0.07599685551583371
5-20A,2.0,136.0404,-0.4227123432906631,0.028806151134137235
5-20A,2.0,136.0487,-1.1261586414064966,0.18892736444715608
5-20A,2.0,136.0767,-0.5499309132225619,0.8707531151755779
5-20A,2.0,137.0239,-0.0001884220772920414,0.1357067713900699
5-20A,2.0,138.9789,0.7665757969225621,0.46318431885914085
5-20A,2.0,139.0014,-0.31537285998705533,0.059232327164555704
5-20A,2.0,139.0067,-0.7721109965266285,0.022731015122714582
5-20A,2.0,139.976,-0.4298682972022482,0.4039776086081456
5-20A,2.0,143.0713,0.9886467452694196,0.1172626685746758
5-20A,2.0,143.1077,0.44515578954785107,0.9295622053038571
5-20A,2.0,145.0141,-0.25109122226685826,0.1912543776172395
5-20A,2.0,145.0506,-0.5322198133476868,0.2828195288317788
5-20A,2.0,145.0623,0.05332366838133093,0.3159970460225162
5-20A,2.0,145.0982,1.4017836583650047,0.25687645610701026
5-20A,2.0,145.1106,0.748673060403685,0.2444811539986946
5-20A,2.0,146.0459,-0.4806020469837151,0.005631570049980919
5-20A,2.0,147.0298,-0.9450537291811942,0.006625258366366786
5-20A,2.0,147.0662,-1.2404680468924836,0.032177112471105
5-20A,2.0,149.0092,0.7555453853814824,0.4779093416099125
5-20A,2.0,149.0456,1.1349683575139555,0.2748844032540813
5-20A,2.0,149.0608,0.22784699768033057,0.3900722547650906
5-20A,2.0,150.0422,0.42566380435640155,1.0217568469290694
5-20A,2.0,150.9707,-0.3851698221170319,0.2977770305200671
5-20A,2.0,151.0259,-0.5102207210002374,0.05929693250308552
5-20A,2.0,151.04,0.9460291280356792,0.5369766678195306
5-20A,2.0,151.06,0.721603259241631,0.9519561319076387
5-20A,2.0,152.0353,-0.5324469621107203,0.7782353068430479
5-20A,2.0,152.0716,1.291339252307779,1.0873918422740525
5-20A,2.0,153.0192,-0.25018957506793693,0.1331124882083688
5-20A,2.0,154.062,0.18539063470200978,0.1120243109866879
5-20A,2.0,154.9751,-0.9696191137899107,0.01642033632522192
5-20A,2.0,155.0099,-0.8903518929379539,0.02122146600863642
5-20A,2.0,157.0128,-0.8138207769317971,0.055614232289902366
5-20A,2.0,157.0255,-1.1125779910052778,0.01713613038864415
5-20A,2.0,157.0379,-1.1422779201607964,0.048283617404827006
5-20A,2.0,157.0504,-1.1010391584078714,0.04018141049915837
5-20A,2.0,159.0297,1.116463115650022,0.18654219284245788
5-20A,2.0,159.0775,-1.0520087288516469,0.021028738861740805
5-20A,2.0,160.0616,-0.5954064422202283,0.5833908890989249
5-20A,2.0,161.0453,0.8150769326134264,0.21918505200230945
5-20A,2.0,162.0424,-0.917779816068188,0.3533878294649498
5-20A,2.0,163.0351,-1.2344176599348282,0.15632595311224498
5-20A,2.0,163.0398,0.11845794426080497,0.13956918185000905
5-20A,2.0,163.0611,0.43079501177215923,0.686416060169526
5-20A,2.0,164.0716,-0.24657009549154946,0.04441315496646012
5-20A,2.0,165.03,0.2954643602409077,1.083677275104453
5-20A,2.0,165.0405,-0.08573963174947188,0.5662749068528935
5-20A,2.0,165.0556,-0.5875923568135504,0.16170233915674212
5-20A,2.0,166.0508,-1.1340194688521734,0.2723876402460908
5-20A,2.0,166.0632,0.19792817348368708,1.119656988689434
5-20A,2.0,166.9759,-0.9140161462939267,0.34318409374444103
5-20A,2.0,167.0207,0.37470173320738875,0.21045908432712207
5-20A,2.0,167.0358,0.21918371314100665,0.3616926025066847
5-20A,2.0,167.0828,0.3055426037632329,0.6420355122513767
5-20A,2.0,168.0277,-0.43953365424881774,0.02521917818018219
5-20A,2.0,168.0664,1.7914753748186856,1.3048388646840556
5-20A,2.0,170.0455,-0.8416986500147157,0.014105791587603429
5-20A,2.0,171.0065,-0.7690088016235306,0.0790950398428981
5-20A,2.0,171.0092,-0.8801385053312536,0.24307073984538038
5-20A,2.0,171.0284,-0.9093277108671649,0.022145659224747292
5-20A,2.0,172.0616,-1.240492244121436,0.09426360483172824
5-20A,2.0,172.962,-0.5079501618554444,0.07069097191769805
5-20A,2.0,173.0089,-0.7842251833355454,0.11241299305808547
5-20A,2.0,173.0453,-0.7002857548597724,0.14126199964375233
5-20A,2.0,173.0932,-0.7278543180392657,0.06317107357011628
5-20A,2.0,173.1041,1.3573285335711858,0.1481393445203538
5-20A,2.0,174.0407,-0.9598844376751506,0.0039264894556567806
5-20A,2.0,174.088,-0.6143711016152136,0.16427553590792507
5-20A,2.0,175.022,-0.8934462592224037,0.09114127089941987
5-20A,2.0,175.0361,-1.1172871327324891,0.007191711759631991
5-20A,2.0,175.0611,-1.1715101649704083,0.018524908014386377
5-20A,2.0,176.0776,-1.0888355919876314,0.18013052771491175
5-20A,2.0,177.0402,1.0187318779812806,0.23831546352041838
5-20A,2.0,177.0553,0.6765533432411177,0.2604918225988049
5-20A,2.0,178.0509,-1.0072104853514237,0.007472590960459501
5-20A,2.0,179.0348,-0.6828364814382537,0.2709030518852311
5-20A,2.0,179.0561,1.4764234140839663,0.05483715220739868
5-20A,2.0,180.0663,1.5467646109801167,0.14227781209812132
5-20A,2.0,181.0505,-0.2707705136898604,0.8293366013867634
5-20A,2.0,182.9725,0.5667505005497873,0.18847117168164082
5-20A,2.0,183.0661,1.708712067983821,0.4629951454431511
5-20A,2.0,184.0017,-0.5197073340529799,0.02196605510250098
5-20A,2.0,184.9856,-0.577097567080129,0.08852934913565332
5-20A,2.0,186.1136,0.47869399417487035,0.5745425609004534
5-20A,2.0,187.0234,-0.7866975760955676,0.1607860489832537
5-20A,2.0,188.035,-1.3310149586033213,0.37191317079994424
5-20A,2.0,188.0565,-1.0800841211704988,0.009512614973939872
5-20A,2.0,189.0405,0.4526355973901569,0.05732652459547916
5-20A,2.0,191.0197,-1.2948054481472537,0.17016219851672648
5-20A,2.0,191.0561,-1.0556907860386342,0.03638824413709465
5-20A,2.0,192.0663,0.16336834096242078,0.47195107302165834
5-20A,2.0,193.0349,0.7463827285921356,0.49098660322659915
5-20A,2.0,194.0682,-1.0338872916585684,0.08374474164977275
5-20A,2.0,194.0822,0.5977267282739395,0.23915514631500565
5-20A,2.0,195.0509,1.1289931063945595,0.12983936902340712
5-20A,2.0,195.0657,0.4232947005769963,0.6865333377006723
5-20A,2.0,196.0603,-1.227942103662202,0.07569313637621608
5-20A,2.0,198.0182,-0.7406991094245168,0.3430827272551897
5-20A,2.0,199.0019,-0.6969458297692893,0.22480481089116006
5-20A,2.0,200.9937,0.6910914765415588,0.4668371694656919
5-20A,2.0,201.0051,-1.378617247928498,0.18244170453192346
5-20A,2.0,203.0348,-0.09342928594105165,0.2157509106954293
5-20A,2.0,203.0826,-0.0645290393355203,0.012927435273887821
5-20A,2.0,204.0498,2.2959240523627487,0.9559744453193812
5-20A,2.0,205.0351,-1.2143645659102469,0.10495580845890243
5-20A,2.0,206.0822,0.6277448012585849,0.8829702057231645
5-20A,2.0,209.0292,-0.553342262563729,0.46204651087775817
5-20A,2.0,209.0814,1.1487808080288981,0.5251491843910325
5-20A,2.0,211.0235,-0.6793578727742795,0.37568025102435837
5-20A,2.0,211.9968,-1.0347836342454073,0.014680496142290155
5-20A,2.0,212.0331,-0.6277290967774564,0.07852380718299057
5-20A,2.0,212.9807,-0.784419184310721,0.1291269830201166
5-20A,2.0,213.014,-0.8698490638696359,0.3095587254878283
5-20A,2.0,213.0384,-0.6244687619797888,0.23365777057124829
5-20A,2.0,213.1252,1.7758915649859235,0.8157163120567725
5-20A,2.0,214.0488,0.24572942076722146,0.614521352355656
5-20A,2.0,215.0331,0.8517661810148174,0.05248991766323382
5-20A,2.0,216.1351,0.4723794194013746,0.4618996101206969
5-20A,2.0,218.0335,0.8771666465358818,0.020331953638664784
5-20A,2.0,218.1034,-1.201538743803261,0.008709304400124573
5-20A,2.0,220.0828,0.5660018914994484,1.0330151535110474
5-20A,2.0,221.0443,0.868550425159144,0.11272766375280673
5-20A,2.0,221.0664,-0.3573380240608194,0.10600704804618932
5-20A,2.0,225.0399,-0.7705920167188216,0.15482260702790243
5-20A,2.0,225.0861,-0.15973475169279647,0.5190026765702463
5-20A,2.0,225.0901,0.042206384177687795,0.8434999233232728
5-20A,2.0,226.0135,-0.533664806539234,0.08160792828413271
5-20A,2.0,226.0697,0.09749206908465907,0.23214790758567366
5-20A,2.0,228.0501,0.2517619720794453,0.2139000168386564
5-20A,2.0,229.0122,-0.658415028867104,0.19423209722310897
5-20A,2.0,237.0614,-1.2687581715717395,0.20092151677402548
5-20A,2.0,238.0945,0.8967422838536241,0.19374630612320856
5-20A,2.0,240.0515,-1.3495311261549354,0.02037545726172251
5-20A,2.0,241.0844,-0.8964096629822247,0.5599932760078722
5-20A,2.0,242.0804,0.7533272853350872,0.8822114681652632
5-20A,2.0,243.029,-0.3533428525690786,0.18770204437359922
5-20A,2.0,243.0625,-0.4005620788670658,0.0837662701210409
5-20A,2.0,245.0444,0.19882507749839076,0.5199310511832053
5-20A,2.0,246.0198,-0.3077165549980337,0.5021062548523543
5-20A,2.0,246.064,-0.017469048462684822,0.9655444942746588
5-20A,2.0,251.0816,0.4317349746464426,0.7662460074172857
5-20A,2.0,253.0119,-0.3448922771389495,0.005769118835655333
5-20A,2.0,253.0499,1.3521359454714497,0.7587677616011416
5-20A,2.0,257.0072,-0.6967102848006614,0.31607073659374835
5-20A,2.0,257.1028,1.6258553647984488,1.0998476037597902
5-20A,2.0,259.005,-0.9611525738804141,0.45124937661023456
5-20A,2.0,259.0227,0.7301685239294624,0.1823222890196129
5-20A,2.0,261.0385,-0.3537619506218459,0.41737796941544963
5-20A,2.0,266.0703,-0.6802553990784175,0.08287435686451479
5-20A,2.0,267.0724,-0.6282168980362693,0.01970041152040201
5-20A,2.0,268.02,-0.4357861253762551,0.798046874877681
5-20A,2.0,269.0398,-0.6287380051531106,0.12262402882037318
5-20A,2.0,271.0612,1.413768966336124,0.48663382414630696
5-20A,2.0,271.0815,1.6552981085023757,0.6906047895126296
5-20A,2.0,273.0021,-0.8789873159290778,0.15482237338659452
5-20A,2.0,274.0933,-1.1552416372615597,0.20460501296639846
5-20A,2.0,275.0184,0.2550581491584578,0.44156551564522256
5-20A,2.0,275.0991,-0.8365388544667449,0.19241973873155785
5-20A,2.0,277.1207,1.4322569966293268,0.12031342282090433
5-20A,2.0,277.2169,0.20926688511309832,0.25828421974087307
5-20A,2.0,279.2331,-0.36319275184731437,0.017990637407212632
5-20A,2.0,282.0839,1.0464769244701035,0.2724405883751556
5-20A,2.0,283.2063,-0.28340418406227924,0.3454489094710704
5-20A,2.0,285.0972,1.1468544669834526,0.8659547388227039
5-20A,2.0,287.0157,1.0577829899522802,0.33932493010190695
5-20A,2.0,288.0725,-0.6616520878709502,0.13169803172884306
5-20A,2.0,289.0333,-0.669864642745805,0.2939519341119653
5-20A,2.0,289.1044,1.0642535820978032,0.18197237075415124
5-20A,2.0,290.9677,-0.4845042541004272,0.08658012324795201
5-20A,2.0,294.0479,1.784018703849472,1.0838028063404805
5-20A,2.0,300.0509,0.7532979320370019,0.9887224521259589
5-20A,2.0,301.0333,-0.33805455104973675,1.3401107776788075
5-20A,2.0,303.2326,0.23528916969698183,1.1495842880564398
5-20A,2.0,305.0207,1.2524095175260535,0.3427394283233238
5-20A,2.0,306.0481,-1.0523186071799273,0.10941562224233906
5-20A,2.0,306.0765,-0.29716431182082037,0.02311252974298156
5-20A,2.0,308.0986,-0.10290773556347083,0.01626121876292873
5-20A,2.0,313.0441,-0.5719124228101007,0.2280475180807839
5-20A,2.0,313.1037,-0.7297130406007107,0.16340454818455474
5-20A,2.0,317.026,-0.7678000187114924,0.34423690021703895
5-20A,2.0,323.0256,1.4900459445693652,0.6250097897744661
5-20A,2.0,325.1163,0.040404269345713964,0.2745905048162844
5-20A,2.0,328.0457,-0.671583505546842,0.11672424521226464
5-20A,2.0,333.0589,-1.1409052228051748,0.1860915300904184
5-20A,2.0,338.9884,0.2596886997243211,1.149944055900786
5-20A,2.0,339.0928,-0.2381795748889422,0.5982687612089197
5-20A,2.0,341.1089,-0.5045452160715223,0.09711749787147171
5-20A,2.0,344.0393,-0.24921224579967163,0.10552332956656779
5-20A,2.0,346.0556,1.2209005291738324,0.46200605973487385
5-20A,2.0,348.087,-1.1296978273419434,0.10558171186738473
5-20A,2.0,353.0489,-0.519451443583598,0.35212338232566753
5-20A,2.0,357.089,-0.7817082351029423,0.10360584472533323
5-20A,2.0,375.131,-0.3447267520049978,0.23433647430217766
5-20A,2.0,377.1496,0.24366946185390145,0.7343557869503049
5-20A,2.0,383.1188,-0.1331209154438116,0.16657284109994983
5-20A,2.0,388.9416,-0.1594615482298497,0.18305975890011472
5-20A,2.0,388.9442,-0.6788881047733222,0.13123046052636214
5-20A,2.0,401.0756,0.8045988687734189,0.07582904963223307
5-20A,2.0,407.2795,0.25730695988827773,0.28313769148133444
5-20A,2.0,421.0743,-0.886638992965937,0.5703616903709762
5-20A,2.0,426.0222,0.6748785400966993,0.6678216498512712
5-20A,2.0,442.9997,-0.026900078559208288,0.18823999715973827
5-20A,2.0,466.9657,1.8614034317561385,0.3040145238217425
5-20A,2.0,490.9787,0.2811416580997478,0.703258118803597
5-20A,2.0,503.1614,-0.509656551462932,0.13326044279186156
5-20A,2.0,547.0731,-1.3174658022730628,0.08338198294870143
5-20A,2.0,565.0471,-0.9376459283786718,0.11014533408248127
5-20A,2.0,578.8872,0.6767145139525339,0.05732004238806309
5-20A,2.0,579.0269,0.024421471880853134,0.19695525642261716
5-20A,2.0,612.2549,-0.9511715040833029,0.5348185760196739
5-20A,2.0,624.2949,-0.26981490748578835,0.39368037884183343
5-20A,2.0,659.307,2.502733564346394,0.4727448751875981
5-20A,2.0,664.0939,0.21338062431964994,0.28991148852337834
5-20A,2.0,665.2144,-0.5348158737560217,0.2998984101165251
5-20A,2.0,668.1374,-0.6164762707460967,8.880296277526676e-05
5-20A,2.0,787.255,3.014336712715636,0.4244584903218524
5-20A,2.0,790.2568,2.6160658735903812,0.2925074503910278
5-20A,2.0,835.0407,-0.5853946504376756,0.24297659414887351
5-20A,2.0,863.2971,-0.5533663729203163,0.1639126418050793
5-20A,2.0,864.1473,2.5907504161204686,0.7456458062679503
5-20A,2.0,974.2935,-0.14415335934701834,0.07107769254217407
5-20A,2.0,976.7162,1.802339287813917,0.061761800683695196
5-20A,3.0,57.0342,1.016546939871065,0.17706219917023677
5-20A,3.0,58.0295,-0.8370837980749699,0.1198977079161582
5-20A,3.0,59.0135,0.6263899807003322,0.12865624699160721
5-20A,3.0,71.0137,0.7920513544074294,0.0912691125548026
5-20A,3.0,73.0293,-0.949705198249886,0.008296709994555193
5-20A,3.0,74.0247,-1.3958591493596049,0.040741025987843286
5-20A,3.0,75.0087,0.0645381742903353,0.7298160662525562
5-20A,3.0,87.0088,-0.6753809220930427,0.013088140709680505
5-20A,3.0,87.0451,0.934309883620229,0.551594109119877
5-20A,3.0,88.0403,-0.8822790633433579,0.034755271331017
5-20A,3.0,88.9883,-0.054753041260138274,0.7203709200174426
5-20A,3.0,89.0244,-0.38581643912353103,0.07678195447767373
5-20A,3.0,93.0338,-0.0728633818350557,0.0025075624969275114
5-20A,3.0,94.9761,-0.8118308427271176,0.3285680309317733
5-20A,3.0,94.9806,1.0494004843395237,0.17017214235664854
5-20A,3.0,95.0139,0.7514395407729432,0.14630631202823494
5-20A,3.0,101.0242,0.7995596581297263,0.22199817069815012
5-20A,3.0,102.056,-0.5769605720104065,0.043819607532177667
5-20A,3.0,103.0402,-0.9006528398079945,0.030865007282306768
5-20A,3.0,103.0509,-0.8934497669699697,0.05633915418177804
5-20A,3.0,104.0352,-0.5474724361367485,0.11174770784911275
5-20A,3.0,105.0193,0.21976003466139346,0.23071712350571796
5-20A,3.0,107.0503,0.3369067085913617,0.5199290093084936
5-20A,3.0,109.0295,-0.8935247510142541,0.08548826868578759
5-20A,3.0,111.02,-0.4240618416452584,0.012926640954538842
5-20A,3.0,112.0516,0.010479324527169537,0.14130310030826818
5-20A,3.0,113.0244,1.057014090169726,0.03446919709875022
5-20A,3.0,113.0357,-0.42814841685483773,0.018746350148955714
5-20A,3.0,114.056,-0.2297759039184575,0.00046504002139473647
5-20A,3.0,115.0037,-0.8486266841795032,0.03433761115591707
5-20A,3.0,115.0402,-0.37568609184884605,0.16967864476750547
5-20A,3.0,115.0764,0.8363514502603141,0.3384639471697071
5-20A,3.0,116.0354,-1.1621463859410637,0.1840352189542238
5-20A,3.0,116.0717,-0.8178188047181185,0.0052996943085612735
5-20A,3.0,117.0194,-0.9399859923606376,0.004919021435165917
5-20A,3.0,118.0508,-1.5341831368969197,0.09459545377096074
5-20A,3.0,118.9804,0.8673414335876569,0.05162383744003858
5-20A,3.0,119.0503,0.5123710896075018,0.6128904816399594
5-20A,3.0,120.9273,0.7196876570444684,1.4504171973996982
5-20A,3.0,121.0295,0.7339670735328011,0.19157891535308502
5-20A,3.0,121.0409,0.8795726292351123,0.9791857915006849
5-20A,3.0,122.0248,-0.5741053688235542,0.11612760609867215
5-20A,3.0,124.0075,0.19558427896430047,0.4435185352909247
5-20A,3.0,124.0144,0.42256238178974964,0.17294631857390907
5-20A,3.0,125.0439,-0.5491183447108654,0.2206808389171413
5-20A,3.0,127.0764,0.9544814876908007,0.2627310849075198
5-20A,3.0,128.0354,-0.39245551564969106,0.00673137364305127
5-20A,3.0,129.0193,-1.070010987536216,0.10095995112344915
5-20A,3.0,129.0556,0.4320654516432098,0.15254468431776536
5-20A,3.0,130.0142,-0.5132470257573741,0.056896825012825704
5-20A,3.0,130.0509,-0.9482189640835037,0.03485803184472362
5-20A,3.0,130.0874,-1.1255633686566093,0.016183946992551827
5-20A,3.0,131.0008,0.9413233376996255,1.2235088238142366
5-20A,3.0,131.0123,-0.7097613063943723,0.08275221889080665
5-20A,3.0,131.035,0.7954213457893938,0.24774279977948313
5-20A,3.0,131.0462,0.5719728903721734,0.18670733469795
5-20A,3.0,131.0828,-0.6250813429095056,0.04432356688630276
5-20A,3.0,132.0302,-0.8738896203822716,0.02196987667530656
5-20A,3.0,133.0142,-0.4219292391816491,0.09692548930940707
5-20A,3.0,133.0257,-0.5316487581925161,0.06573899245986907
5-20A,3.0,133.0505,-1.0134820960985977,0.013104438118744215
5-20A,3.0,134.0472,-1.1508584917288485,0.2761402369704648
5-20A,3.0,134.0604,-0.6949612897690467,0.40135125770704944
5-20A,3.0,135.0302,-1.0421267788428206,0.10101640876575364
5-20A,3.0,135.0453,-0.32126741773805734,0.09893092794557985
5-20A,3.0,136.0404,-0.4227123432906631,0.0724642209683112
5-20A,3.0,136.0487,-0.2088791619927733,0.19589881353209856
5-20A,3.0,136.0767,1.1556353314299346,0.5846778481801028
5-20A,3.0,137.0239,-0.13657177561642697,0.1565657347990132
5-20A,3.0,138.9789,0.5125277169219685,0.11120740753741763
5-20A,3.0,139.0014,-0.3734529540245687,0.061329771581879154
5-20A,3.0,139.0067,-0.7216986579023349,0.02738328396371442
5-20A,3.0,139.976,-1.2297956335142322,0.4830230704652739
5-20A,3.0,143.0713,1.1345192904969048,0.5328226340950283
5-20A,3.0,143.1077,1.0451197369773502,0.18705381231654372
5-20A,3.0,145.0141,-0.2696934729792,0.07327494423627418
5-20A,3.0,145.0506,-0.7064142333985,0.06410553403881651
5-20A,3.0,145.0623,-1.114095035293481,0.147837834842471
5-20A,3.0,145.0982,-0.7280577611526126,0.07482261058220006
5-20A,3.0,145.1106,-0.37801997057169123,1.0999521177276252
5-20A,3.0,146.0459,-0.5115091064620355,0.0024834685533185862
5-20A,3.0,147.0298,-0.9315819585233476,0.011678876018782265
5-20A,3.0,147.0662,-0.9567228452761551,0.019167069000954988
5-20A,3.0,149.0092,0.8068074655172539,0.7210951851458571
5-20A,3.0,149.0456,0.9032954069982255,0.15403295027152913
5-20A,3.0,149.0608,0.9112862687018254,0.32563733762044395
5-20A,3.0,150.0422,-0.8115122581161619,0.9707599190331551
5-20A,3.0,150.9707,-0.723853843476116,0.1801641167565715
5-20A,3.0,151.0259,-0.6970436000881463,0.08083639581156711
5-20A,3.0,151.04,1.4750081476462307,0.7684598117845164
5-20A,3.0,151.06,-1.2123458760465744,0.663059468821734
5-20A,3.0,152.0353,-0.3091933055225672,0.1375143828522763
5-20A,3.0,152.0716,0.7823964912732404,0.29574788474444014
5-20A,3.0,153.0192,-0.014934826998780345,0.044567690268840415
5-20A,3.0,154.062,-0.346389522813097,0.05301700110975985
5-20A,3.0,154.9751,-0.9844500262790644,0.023311447456260865
5-20A,3.0,155.0099,-0.3567960524290662,0.012055544289111124
5-20A,3.0,157.0128,-0.6659089842829304,0.05222613317318848
5-20A,3.0,157.0255,-0.6950788947301184,0.011393793689072592
5-20A,3.0,157.0379,-0.6994604006753744,0.05855208331476554
5-20A,3.0,157.0504,-1.0422191355759163,0.0567060225416399
5-20A,3.0,159.0297,0.8414425989483304,0.23448621085814014
5-20A,3.0,159.0775,-1.0609115921605177,0.04631675079029375
5-20A,3.0,160.0616,-1.2752158050343463,0.3277488119795424
5-20A,3.0,161.0453,0.3671685829077799,0.04437432529000856
5-20A,3.0,162.0424,-1.1602766579347403,0.2383863338307291
5-20A,3.0,163.0351,-1.131664374508572,0.2561526732957754
5-20A,3.0,163.0398,0.3629288680551542,0.18027246344977857
5-20A,3.0,163.0611,-1.0578561520706362,0.8499961032796252
5-20A,3.0,164.0716,-0.6201552150440881,0.08234581192225265
5-20A,3.0,165.03,0.7661248674908306,0.5206194058887126
5-20A,3.0,165.0405,0.07405768314828122,0.27004295887129093
5-20A,3.0,165.0556,-0.8661985053217099,0.12464390323594945
5-20A,3.0,166.0508,-1.1990425082364409,0.2032201442689205
5-20A,3.0,166.0632,-0.06902878702782878,0.2046300845332331
5-20A,3.0,166.9759,-0.9196633406243394,0.19731088312903655
5-20A,3.0,167.0207,-0.21428623529445578,0.12177379772930148
5-20A,3.0,167.0358,0.6858611397684052,0.08235980027682756
5-20A,3.0,167.0828,0.043016186671982586,0.1878990747959456
5-20A,3.0,168.0277,-0.48640987640901107,0.03342103229860664
5-20A,3.0,168.0664,0.8139757648270872,0.628628357826018
5-20A,3.0,170.0455,-0.859366719412557,0.014521654812745706
5-20A,3.0,171.0065,-0.9788296146975863,0.16818532281593349
5-20A,3.0,171.0092,-0.8565916979972851,0.06374807055313529
5-20A,3.0,171.0284,-0.8364364559282752,0.0476464419369639
5-20A,3.0,172.0616,-0.8766205466830254,0.16981527781155545
5-20A,3.0,172.962,-0.4407907196655678,0.0856757458719905
5-20A,3.0,173.0089,-0.8137612599205549,0.15064053738124578
5-20A,3.0,173.0453,-0.6823102364240432,0.0514579276264393
5-20A,3.0,173.0932,-0.8413242710417392,0.04665217458607219
5-20A,3.0,173.1041,-0.9234851039585379,0.4460485375294504
5-20A,3.0,174.0407,-0.8883180788983513,0.003496158016501491
5-20A,3.0,174.088,-0.7176687015631725,0.2847890948686998
5-20A,3.0,175.022,-0.881492037549081,0.11223131165163412
5-20A,3.0,175.0361,-0.86161338144671,0.018627258684646427
5-20A,3.0,175.0611,-1.114600923322488,0.012137259559441983
5-20A,3.0,176.0776,-1.290500377100815,0.3625619578919828
5-20A,3.0,177.0402,1.2293503221015643,0.3593922983563122
5-20A,3.0,177.0553,-0.01012295455976778,0.16596780926936644
5-20A,3.0,178.0509,-0.946013610068254,0.02001358828476731
5-20A,3.0,179.0348,-0.8094831643472062,0.08442117342330846
5-20A,3.0,179.0561,1.1796555440539591,0.10562847198909
5-20A,3.0,180.0663,1.1356373136568543,0.1090955457285639
5-20A,3.0,181.0505,-0.8646418768597559,0.5072335605355512
5-20A,3.0,182.9725,1.049320133319361,0.3323819629794122
5-20A,3.0,183.0661,0.9267278489062636,0.8383801561007194
5-20A,3.0,184.0017,-0.5809026759079261,0.03772869336342387
5-20A,3.0,184.9856,-0.2184392938676356,0.11530354160777956
5-20A,3.0,186.1136,1.2680214234614076,0.4055064628306263
5-20A,3.0,187.0234,-1.0587381542665588,0.15697095405782407
5-20A,3.0,188.035,-0.6849017603293556,0.5192371829208601
5-20A,3.0,188.0565,-1.0428798545828895,0.014736918348214032
5-20A,3.0,189.0405,1.6774545662773634,0.056314571931504215
5-20A,3.0,191.0197,-0.8983877245980543,0.09000561373121564
5-20A,3.0,191.0561,-1.07702564903772,0.06211683027593492
5-20A,3.0,192.0663,-1.33019818409395,0.39299013191164933
5-20A,3.0,193.0349,-0.05939527557951865,0.4158765570855776
5-20A,3.0,194.0682,-0.9029702302268142,0.22286943766334952
5-20A,3.0,194.0822,0.331301548870585,0.561449761678457
5-20A,3.0,195.0509,-0.05714064070124789,0.12801151359658355
5-20A,3.0,195.0657,-0.4021949870219892,0.6373925496801558
5-20A,3.0,196.0603,-1.0489709344697857,0.07261104180714599
5-20A,3.0,198.0182,-0.9479143410569916,0.3071583416834167
5-20A,3.0,199.0019,-0.543154704423285,0.13846213989925307
5-20A,3.0,200.9937,0.6067584157585844,0.05639991860874571
5-20A,3.0,201.0051,-0.8524145506603543,0.6477748759503271
5-20A,3.0,203.0348,-0.13048690325327528,0.22636123811966877
5-20A,3.0,203.0826,-0.09025053075707525,0.0031542199350446864
5-20A,3.0,204.0498,1.418525671396893,1.1443198957216514
5-20A,3.0,205.0351,-1.1724248008269889,0.1357341454015795
5-20A,3.0,206.0822,0.42084467584614293,0.6132443315363947
5-20A,3.0,209.0292,-0.41179116255126647,0.5035634466621465
5-20A,3.0,209.0814,-0.07113520147095785,0.3174234390975019
5-20A,3.0,211.0235,-0.5779009348878917,0.23259574776686312
5-20A,3.0,211.9968,-0.8886582249005714,0.04733656448782193
5-20A,3.0,212.0331,-0.7322438173101417,0.21961241503209986
5-20A,3.0,212.9807,-0.7669151267049288,0.11100741784719123
5-20A,3.0,213.014,0.04127976259122606,0.24752150824670224
5-20A,3.0,213.0384,-0.35518596317678824,0.2173013067294502
5-20A,3.0,213.1252,0.2447950786301435,0.8736307494803156
5-20A,3.0,214.0488,-0.5328991986678104,0.4432237609818726
5-20A,3.0,215.0331,0.8825591063838147,0.10459463275571206
5-20A,3.0,216.1351,0.28664468439629803,0.2990892053216135
5-20A,3.0,218.0335,1.0358873788435679,0.0733079442681006
5-20A,3.0,218.1034,-1.183991695978235,0.019334633613784884
5-20A,3.0,220.0828,0.08070283193759699,0.6597738904692486
5-20A,3.0,221.0443,0.9261257184019744,0.038821313195939074
5-20A,3.0,221.0664,-0.33241932403717767,0.5958669814695906
5-20A,3.0,225.0399,-0.7545692848584291,0.49749789262955973
5-20A,3.0,225.0861,0.40070885711103876,0.06801762923692097
5-20A,3.0,225.0901,-0.42271387858137993,1.2067524572827881
5-20A,3.0,226.0135,-0.3805066610254448,0.15870029069543087
5-20A,3.0,226.0697,0.04451144591319383,0.11199846379564556
5-20A,3.0,228.0501,-0.4765111299248621,0.28357995638026245
5-20A,3.0,229.0122,-0.678487737078954,0.14897577876720858
5-20A,3.0,237.0614,-1.2035560211971246,0.06821962176132836
5-20A,3.0,238.0945,0.7925807274460569,0.4779160553109401
5-20A,3.0,240.0515,-1.082194775704127,0.011778736209379723
5-20A,3.0,241.0844,-0.978418761060244,0.6484442872133912
5-20A,3.0,242.0804,-0.5360741340912071,0.6850901071685717
5-20A,3.0,243.029,-0.027540571940656088,0.22520382107467568
5-20A,3.0,243.0625,-0.993512777219578,0.35318132704834376
5-20A,3.0,245.0444,0.026874012089798498,0.20588862756556714
5-20A,3.0,246.0198,-0.13554344221802542,0.1798550220523509
5-20A,3.0,246.064,-0.07372339943166024,0.39575146630085584
5-20A,3.0,251.0816,0.6309585583941164,0.9401533272304698
5-20A,3.0,253.0119,-0.3125156031586994,0.010908313288631991
5-20A,3.0,253.0499,1.484527107413135,0.28322589498592105
5-20A,3.0,257.0072,-0.8582085573261331,0.14113249721706853
5-20A,3.0,257.1028,0.590129031478346,0.1928928742120553
5-20A,3.0,259.005,-0.6654199927035043,0.5985826241944892
5-20A,3.0,259.0227,1.1870778517240899,0.1976532398348841
5-20A,3.0,261.0385,-0.40544325452251834,0.4500683023792246
5-20A,3.0,266.0703,-0.7505308243747941,0.15201136042537103
5-20A,3.0,267.0724,-0.7281843143749469,0.009059372204161514
5-20A,3.0,268.02,-0.5429531936028457,0.2801703102415056
5-20A,3.0,269.0398,-0.7004342861657726,0.12232383429307506
5-20A,3.0,271.0612,1.4024345472665911,0.61517800516829
5-20A,3.0,271.0815,2.107784829080086,1.0804828477823154
5-20A,3.0,273.0021,-0.6914502040720576,0.10282013531691585
5-20A,3.0,274.0933,-0.9853460559188612,0.10969040667626713
5-20A,3.0,275.0184,0.018025314587621213,0.5274848325337255
5-20A,3.0,275.0991,-0.6978840456906608,0.03470351487293308
5-20A,3.0,277.1207,1.8897489588251104,0.08153342853468877
5-20A,3.0,277.2169,0.8005357923215691,0.48937032215869775
5-20A,3.0,279.2331,-0.18288204003551584,0.025496935081694757
5-20A,3.0,282.0839,-0.09512982907834196,0.15389422165741257
5-20A,3.0,283.2063,-0.2733920190634385,0.3967549183052668
5-20A,3.0,285.0972,-0.08655647749456223,0.38466334876406794
5-20A,3.0,287.0157,0.5708028302476975,0.7392594772606773
5-20A,3.0,288.0725,-0.7086498427843964,0.03647218319623518
5-20A,3.0,289.0333,0.16440349795176812,0.2086475464751094
5-20A,3.0,289.1044,-1.4367439521558718,0.25846007153677825
5-20A,3.0,290.9677,-0.5278977953534068,0.0394310430623265
5-20A,3.0,294.0479,1.190974653423935,1.13284316329182
5-20A,3.0,300.0509,0.49093920804643953,0.7121126457620374
5-20A,3.0,301.0333,-0.058583362247053204,0.17005993506159217
5-20A,3.0,303.2326,1.1840695520651585,0.9953662150209256
5-20A,3.0,305.0207,1.1755825105308708,0.17537314115019523
5-20A,3.0,306.0481,-1.0607340093974298,0.08898646482297476
5-20A,3.0,306.0765,-0.27557322620749103,0.029743974303733597
5-20A,3.0,308.0986,-0.3150886299153129,0.035001688133181226
5-20A,3.0,313.0441,-0.45849807558549754,0.09191361879233255
5-20A,3.0,313.1037,-1.0194089872984518,0.7649552673284794
5-20A,3.0,317.026,0.08261647131557874,0.6279068009388421
5-20A,3.0,323.0256,2.1979000840310285,0.7620645762041055
5-20A,3.0,325.1163,0.35164679284047895,0.06063717614433579
5-20A,3.0,328.0457,-0.8084062385658961,0.10671929397539819
5-20A,3.0,333.0589,-0.9937758512518416,0.1834841689236997
5-20A,3.0,338.9884,-0.2943928423891305,0.13122263106425464
5-20A,3.0,339.0928,-0.7115970249772403,0.2570953425922032
5-20A,3.0,341.1089,-0.5487009047799619,0.004467916880709056
5-20A,3.0,344.0393,-0.45247353788197375,0.08546191194565822
5-20A,3.0,346.0556,0.26435240652047304,0.09291888035956036
5-20A,3.0,348.087,-1.1859344237724694,0.12756017010091808
5-20A,3.0,353.0489,-0.6585821310382374,0.3584605118189335
5-20A,3.0,357.089,-0.8062884887388295,0.17135964239287885
5-20A,3.0,375.131,-0.06689458203198095,0.540989450755524
5-20A,3.0,377.1496,-0.12953703120823934,0.6272259226372147
5-20A,3.0,383.1188,0.20831567584299904,0.4113404002939237
5-20A,3.0,388.9416,-0.30946835550749047,0.15460775532690232
5-20A,3.0,388.9442,-0.7378460041511015,0.14134110777519918
5-20A,3.0,401.0756,0.8195469414218489,0.012398758706473481
5-20A,3.0,407.2795,0.5417758975654791,0.3786764727434459
5-20A,3.0,421.0743,-0.3331440898335398,0.10362896330049708
5-20A,3.0,426.0222,-0.25942493972177644,0.09009761223457487
5-20A,3.0,442.9997,0.47912510478105025,0.4614064140099194
5-20A,3.0,466.9657,1.001650348428417,0.05393661904469818
5-20A,3.0,490.9787,0.0023858832504639656,0.32357836600296336
5-20A,3.0,503.1614,0.3426567406450527,0.32230057951775803
5-20A,3.0,547.0731,-1.3119206115324122,0.048548017497945385
5-20A,3.0,565.0471,-0.5937926601940038,0.047771115836891705
5-20A,3.0,578.8872,1.0822844379333476,0.07744597264281182
5-20A,3.0,579.0269,0.6194392206962823,0.05746353017684477
5-20A,3.0,612.2549,-0.8040703994067518,0.3801846341761589
5-20A,3.0,624.2949,-0.3981757256917659,0.06257001674970149
5-20A,3.0,659.307,1.2392388345003849,0.34044353690278106
5-20A,3.0,664.0939,-0.5078401673476991,0.08418525766374688
5-20A,3.0,665.2144,-0.5751049426283107,0.4422752904869818
5-20A,3.0,668.1374,-0.6158706433021685,0.00011211094501942182
5-20A,3.0,787.255,1.366694507461701,0.23639975597920207
5-20A,3.0,790.2568,0.3000636118071569,0.7507726426055217
5-20A,3.0,835.0407,-0.772552027958017,0.16737436164349426
5-20A,3.0,863.2971,-0.42957767903237665,0.20489244640020762
5-20A,3.0,864.1473,0.7902869412150708,0.6361089952494877
5-20A,3.0,974.2935,-0.7280760937586583,0.34860551566375836
5-20A,3.0,976.7162,1.4761392868303862,0.1722273721597005
5-20A,4.0,57.0342,1.579284806075964,0.23420175910729293
5-20A,4.0,58.0295,-1.0397356307744192,0.12959494323449938
5-20A,4.0,59.0135,0.6743878692566985,0.11000182676726104
5-20A,4.0,71.0137,0.9793817424690384,0.12275896758383933
5-20A,4.0,73.0293,-0.9201036167739065,0.007012239820422218
5-20A,4.0,74.0247,-1.2830586694061048,0.14297205041409725
5-20A,4.0,75.0087,0.9103337426458045,0.4908451870946599
5-20A,4.0,87.0088,-0.6736105827045676,0.007477847778223091
5-20A,4.0,87.0451,1.9409261127684987,0.21131880096699823
5-20A,4.0,88.0403,-0.8153080786188529,0.025283229775330835
5-20A,4.0,88.9883,-0.40049227963154066,0.9277662041196669
5-20A,4.0,89.0244,-0.3040983762121855,0.05440416012287282
5-20A,4.0,93.0338,-0.07121540799784207,0.023138189031336003
5-20A,4.0,94.9761,-1.267865009531306,0.2885512714603353
5-20A,4.0,94.9806,1.251627302408028,0.2399062816362893
5-20A,4.0,95.0139,0.757688707024343,0.17089525830073787
5-20A,4.0,101.0242,0.9645555453489345,0.11761281671355474
5-20A,4.0,102.056,-0.5787240300314516,0.0451389513917882
5-20A,4.0,103.0402,-0.9288136466301048,0.026724175601264374
5-20A,4.0,103.0509,-0.8904038441340117,0.07257588710322532
5-20A,4.0,104.0352,-0.5208162729728816,0.1991188492779151
5-20A,4.0,105.0193,1.293120463759401,0.6611194870776955
5-20A,4.0,107.0503,0.2988263505023854,0.5986776719231035
5-20A,4.0,109.0295,-0.6316128350975272,0.1219814404808355
5-20A,4.0,111.02,0.29581333469317866,0.02927571098175104
5-20A,4.0,112.0516,-0.24527903382726118,0.9171660472896641
5-20A,4.0,113.0244,1.0781126784169697,0.06471342511577145
5-20A,4.0,113.0357,0.08795355147151057,0.018140020436953654
5-20A,4.0,114.056,-0.23203831932739755,0.0034667606890927895
5-20A,4.0,115.0037,-0.7798761222541376,0.025427220551503454
5-20A,4.0,115.0402,0.41789343358051156,0.33003534028336723
5-20A,4.0,115.0764,0.11568699102085278,0.773317718724191
5-20A,4.0,116.0354,-0.9456190503621777,0.3204390583595175
5-20A,4.0,116.0717,-0.797283226416717,0.007504785630947674
5-20A,4.0,117.0194,-0.920848638600631,0.01054874805854323
5-20A,4.0,118.0508,-1.4458812962524843,0.07546582854691115
5-20A,4.0,118.9804,0.892643992545174,0.196935724833167
5-20A,4.0,119.0503,0.5968672907992802,0.1678276327289712
5-20A,4.0,120.9273,-0.013467738601462942,0.5935023982293781
5-20A,4.0,121.0295,-0.5594132477062354,0.5639577439759385
5-20A,4.0,121.0409,0.5727096384282988,0.21756456204519092
5-20A,4.0,122.0248,1.3761600805530259,0.5357822395982562
5-20A,4.0,124.0075,-0.3990226147898345,0.22241686075246403
5-20A,4.0,124.0144,1.8167227507519104,0.3471307135065513
5-20A,4.0,125.0439,1.8798473033307523,0.3585602937553932
5-20A,4.0,127.0764,0.00045737981533128247,0.9624085931806093
5-20A,4.0,128.0354,-0.3537412110916139,0.015590388244913402
5-20A,4.0,129.0193,-0.9279699354755258,0.07963725900699048
5-20A,4.0,129.0556,-0.022144957921588992,0.7782309268734109
5-20A,4.0,130.0142,-0.7731126840016294,0.3588062930359312
5-20A,4.0,130.0509,-0.920928256689329,0.028527500592906648
5-20A,4.0,130.0874,-1.017705005417677,0.02589044890829685
5-20A,4.0,131.0008,0.08193171275118483,1.0131195648503915
5-20A,4.0,131.0123,-0.8007828502161776,0.023639289836286336
5-20A,4.0,131.035,1.8237404921547586,0.35573398244419857
5-20A,4.0,131.0462,1.8303242923984007,0.2431150429593084
5-20A,4.0,131.0828,-0.3458281662308754,0.1216164525501492
5-20A,4.0,132.0302,-0.6578826081312737,0.023953287865046073
5-20A,4.0,133.0142,-0.44602006144807715,0.04406658771998331
5-20A,4.0,133.0257,-0.38252985915039317,0.12839352167381451
5-20A,4.0,133.0505,-0.8688814598636203,0.030588154687783923
5-20A,4.0,134.0472,-0.3483752720784339,0.14255111737943454
5-20A,4.0,134.0604,-0.695369933081661,0.1252147836708864
5-20A,4.0,135.0302,-0.7480615598326736,0.11238953947711401
5-20A,4.0,135.0453,0.1579173850295988,0.05036891081707391
5-20A,4.0,136.0404,-0.18946817001900007,0.043648758254611814
5-20A,4.0,136.0487,0.06200620151225198,0.0956503818160883
5-20A,4.0,136.0767,0.12157488252919242,0.3975486098798277
5-20A,4.0,137.0239,-0.13364072304065147,0.061865510762220424
5-20A,4.0,138.9789,0.21580157974433706,0.26676032287132534
5-20A,4.0,139.0014,-0.33763675105924573,0.03562983322584236
5-20A,4.0,139.0067,-0.7157227668429113,0.011749755988632603
5-20A,4.0,139.976,-0.43316435278768584,0.22329209136517378
5-20A,4.0,143.0713,0.04884265130381489,0.2583562388705268
5-20A,4.0,143.1077,1.0713817986420806,0.5540249784749357
5-20A,4.0,145.0141,-0.34590851958704677,0.14136493385914448
5-20A,4.0,145.0506,-0.8785872051470052,0.293302141197512
5-20A,4.0,145.0623,-0.7412441067929499,0.17413275022274202
5-20A,4.0,145.0982,-0.23903955147590816,0.23925863134697392
5-20A,4.0,145.1106,0.0638742510776037,0.2642070811341341
5-20A,4.0,146.0459,-0.4947592753998721,0.006527687789128308
5-20A,4.0,147.0298,-0.9110860028578769,0.017922731804771056
5-20A,4.0,147.0662,-0.7378517466070076,0.030243081552630294
5-20A,4.0,149.0092,-0.4565393131559182,0.9696170638250153
5-20A,4.0,149.0456,1.063824695544558,0.23063471097975122
5-20A,4.0,149.0608,0.08411246591890749,0.21712982421811405
5-20A,4.0,150.0422,-0.3708014719134891,0.302100281372741
5-20A,4.0,150.9707,-0.890717678389616,0.2895748745908405
5-20A,4.0,151.0259,-0.656880179640034,0.04771982216240425
5-20A,4.0,151.04,1.6519109057572452,0.7855964617460224
5-20A,4.0,151.06,0.8252076772034991,1.0098309468832682
5-20A,4.0,152.0353,-0.46138251916990836,0.33416073890966397
5-20A,4.0,152.0716,0.5897950316800766,0.5677998815706083
5-20A,4.0,153.0192,0.058767997212269656,0.08921018852067959
5-20A,4.0,154.062,-0.3252618865504167,0.17255278768362098
5-20A,4.0,154.9751,-0.9544342124429912,0.012742983082778611
5-20A,4.0,155.0099,0.2712317608808451,0.03426817826570551
5-20A,4.0,157.0128,-0.430760183553047,0.054129193875986505
5-20A,4.0,157.0255,-0.27307168282820476,0.015069516206886199
5-20A,4.0,157.0379,-0.22414688783694528,0.039135810300279815
5-20A,4.0,157.0504,-0.9712982534212635,0.01446648723913824
5-20A,4.0,159.0297,1.9412754777302985,0.11543089167356574
5-20A,4.0,159.0775,-1.0199935061153127,0.028883406008831863
5-20A,4.0,160.0616,-0.5072048133664987,0.27191437152548864
5-20A,4.0,161.0453,1.6710176849560996,0.12649936997455374
5-20A,4.0,162.0424,-0.673550853902589,0.3626056425570453
5-20A,4.0,163.0351,-1.0996739369536976,0.2454276013132575
5-20A,4.0,163.0398,0.36132934617741047,0.09564815569430192
5-20A,4.0,163.0611,-0.08961089647929152,0.7664470449381265
5-20A,4.0,164.0716,-0.31391101581229686,0.05170833682342988
5-20A,4.0,165.03,0.8084710799519296,0.820810991750303
5-20A,4.0,165.0405,-0.5911190773038628,0.624799822554471
5-20A,4.0,165.0556,-0.6408877282300189,0.12884244655318136
5-20A,4.0,166.0508,-0.3121558226418393,0.4325269830659437
5-20A,4.0,166.0632,-0.22047552424109257,1.062546157163812
5-20A,4.0,166.9759,-1.0203716395167015,0.5808380268696434
5-20A,4.0,167.0207,-0.5836515714735786,0.5713803282573682
5-20A,4.0,167.0358,0.6306438857727099,0.32098920696019456
5-20A,4.0,167.0828,1.3567286277541242,0.559489327304149
5-20A,4.0,168.0277,-0.4593048350470283,0.019258562411955713
5-20A,4.0,168.0664,1.314547437946489,1.1592419688694822
5-20A,4.0,170.0455,-0.8235549018253938,0.01315655379945228
5-20A,4.0,171.0065,-0.6628052005529184,0.24299457357416532
5-20A,4.0,171.0092,-0.6407459641025725,0.35460219605715754
5-20A,4.0,171.0284,-0.9407263335522381,0.028579350310945238
5-20A,4.0,172.0616,-0.7889380239728814,0.10952579579423831
5-20A,4.0,172.962,-0.4810196150286836,0.02311640027429097
5-20A,4.0,173.0089,-0.915528419679559,0.09072093986291782
5-20A,4.0,173.0453,-1.2148487549892966,0.11195924430535044
5-20A,4.0,173.0932,-0.8577589350594226,0.014333327981405453
5-20A,4.0,173.1041,-0.3606044367977907,0.07781603124707646
5-20A,4.0,174.0407,-0.8410588763497742,0.00874625417290477
5-20A,4.0,174.088,-0.8012703256637155,0.14105732994050982
5-20A,4.0,175.022,-0.9821875084009429,0.13877183522541134
5-20A,4.0,175.0361,-0.6611145080917062,0.027217247617358588
5-20A,4.0,175.0611,-1.0747538776471983,0.027665339876862385
5-20A,4.0,176.0776,-0.8066857581073027,0.19812299774112407
5-20A,4.0,177.0402,1.0598558676099445,0.2550756638617061
5-20A,4.0,177.0553,1.0736448855893221,0.31050703023909443
5-20A,4.0,178.0509,-0.8211515571608689,0.012421687556025237
5-20A,4.0,179.0348,0.2565880294653909,0.3151814186110764
5-20A,4.0,179.0561,1.2000223486710544,0.12306542240493426
5-20A,4.0,180.0663,1.164962373491256,0.07861257271420317
5-20A,4.0,181.0505,-0.6230205756478797,0.15313756427826852
5-20A,4.0,182.9725,0.7201983977790216,0.20379160471135663
5-20A,4.0,183.0661,1.3873486902807153,0.6982640863144666
5-20A,4.0,184.0017,-0.5059482100813111,0.023885480342214764
5-20A,4.0,184.9856,-0.26862974813716,0.12405415024322049
5-20A,4.0,186.1136,-1.1349292821300838,0.5128250193730794
5-20A,4.0,187.0234,-1.144204701412681,0.22886604030285412
5-20A,4.0,188.035,0.23024519441654576,1.5484494807708145
5-20A,4.0,188.0565,-1.0152923731298575,0.0016058002198818008
5-20A,4.0,189.0405,-0.9426291448672919,0.12172738029334594
5-20A,4.0,191.0197,-0.9603136355658816,0.31162668651726155
5-20A,4.0,191.0561,-1.0424202970918344,0.01768528827186688
5-20A,4.0,192.0663,1.1623498327887183,0.46886562717071306
5-20A,4.0,193.0349,-0.022887534290188027,0.6661638626766787
5-20A,4.0,194.0682,-0.7379601840472075,0.11436798573565649
5-20A,4.0,194.0822,1.6425812009340417,0.7087922063638655
5-20A,4.0,195.0509,0.41581207360569467,0.18146563226229495
5-20A,4.0,195.0657,0.056382259677938,0.7967965998010041
5-20A,4.0,196.0603,-0.8245178925474033,0.09692041945461453
5-20A,4.0,198.0182,-0.5890782082300229,0.40698426300519214
5-20A,4.0,199.0019,-0.4228235401322897,0.17641284749103547
5-20A,4.0,200.9937,0.15674284885709514,0.22998867484426272
5-20A,4.0,201.0051,-0.8517567972887691,0.22617440523657611
5-20A,4.0,203.0348,-0.06915573748326323,0.16253637648758737
5-20A,4.0,203.0826,-0.07204182685923546,0.009720905289225045
5-20A,4.0,204.0498,0.9627398522680868,0.429053887193602
5-20A,4.0,205.0351,-1.230922345505765,0.13693731490870067
5-20A,4.0,206.0822,1.7840956998087538,0.523411614179544
5-20A,4.0,209.0292,-0.37262411060607054,0.3831601794842141
5-20A,4.0,209.0814,-0.21518237733318132,0.20397905745516484
5-20A,4.0,211.0235,-0.9473573313420964,0.47941160772379376
5-20A,4.0,211.9968,-0.8969370023583335,0.04401286525647172
5-20A,4.0,212.0331,-0.10619029332722511,0.35349262153630606
5-20A,4.0,212.9807,-0.6035076820993044,0.061046638894674335
5-20A,4.0,213.014,-1.0236951053761403,0.15116014663986754
5-20A,4.0,213.0384,-0.41115224671473505,0.43880564443783227
5-20A,4.0,213.1252,0.7250513947358992,0.6193762307751038
5-20A,4.0,214.0488,1.390514484134103,1.1135254819950664
5-20A,4.0,215.0331,0.9749453681619915,0.09390884609801377
5-20A,4.0,216.1351,0.2613026393783342,0.13768670045851503
5-20A,4.0,218.0335,0.8503086635056267,0.052821652298184654
5-20A,4.0,218.1034,-1.0541132885423088,0.03367350706556746
5-20A,4.0,220.0828,0.5973519599465964,0.7536865949847229
5-20A,4.0,221.0443,0.6654332034266746,0.01025636960587108
5-20A,4.0,221.0664,0.4796948444498549,0.2501133887126143
5-20A,4.0,225.0399,-0.43077657851299767,0.10474234736787348
5-20A,4.0,225.0861,-0.018299332126189467,0.3234610117122941
5-20A,4.0,225.0901,-0.5489725423843395,0.0690296592378614
5-20A,4.0,226.0135,-0.641537488595606,0.18505502279159594
5-20A,4.0,226.0697,0.38414739201644865,0.3630725848441377
5-20A,4.0,228.0501,-0.4246557220309096,0.4835179049893159
5-20A,4.0,229.0122,-0.5010195073329147,0.31365961626300803
5-20A,4.0,237.0614,-0.8270823023674507,0.22125028407050792
5-20A,4.0,238.0945,-0.22201384710129252,0.13909291218213363
5-20A,4.0,240.0515,-0.990712987481282,0.046402874774528244
5-20A,4.0,241.0844,-0.24257349012383542,0.4252001000814328
5-20A,4.0,242.0804,-0.2350535790434095,0.4050935314529155
5-20A,4.0,243.029,-0.25713627329332733,0.5367443893888311
5-20A,4.0,243.0625,0.29358445491366825,0.531998458835033
5-20A,4.0,245.0444,0.7696894383280658,0.43843600620267587
5-20A,4.0,246.0198,-0.682671333941163,0.5864780075464653
5-20A,4.0,246.064,0.013776144837717885,0.9459757860705259
5-20A,4.0,251.0816,0.5252123159943247,0.39599518014817997
5-20A,4.0,253.0119,-0.2894406316053485,0.01571508149778294
5-20A,4.0,253.0499,1.8026610935715137,1.1719181104141108
5-20A,4.0,257.0072,-0.7657323680791825,0.6047368489369563
5-20A,4.0,257.1028,0.23477694165304747,0.2718458333496435
5-20A,4.0,259.005,-0.4593510132664023,0.40038054805537693
5-20A,4.0,259.0227,1.751941490683476,0.3106338190483545
5-20A,4.0,261.0385,0.005355109772169055,0.07960538291645906
5-20A,4.0,266.0703,-0.48762225359596356,0.18865169657921993
5-20A,4.0,267.0724,-0.6730061327899866,0.015960882013079745
5-20A,4.0,268.02,-0.5727218236657875,0.44303829809060874
5-20A,4.0,269.0398,-0.74112676998377,0.11320187569418896
5-20A,4.0,271.0612,1.7764703765611793,0.7888630653679845
5-20A,4.0,271.0815,0.5867665693037383,0.9908076612114183
5-20A,4.0,273.0021,-0.8259378271010216,0.1297168068953997
5-20A,4.0,274.0933,-0.9022800201041556,0.08094537204764955
5-20A,4.0,275.0184,-0.38380845526175567,0.6157174231011536
5-20A,4.0,275.0991,-0.575712675720125,0.18667085085871196
5-20A,4.0,277.1207,2.08223056266462,0.20403444041444013
5-20A,4.0,277.2169,0.7987389258130848,0.1248728192513845
5-20A,4.0,279.2331,-0.21389046427604,0.016691659373866886
5-20A,4.0,282.0839,0.19046225403084222,0.22393700254260718
5-20A,4.0,283.2063,-0.07453501885569404,0.18686053907888317
5-20A,4.0,285.0972,-0.177814628299872,0.22331863893838524
5-20A,4.0,287.0157,0.6037068950926018,0.3490347496868791
5-20A,4.0,288.0725,-0.6610646159345321,0.08957486257016585
5-20A,4.0,289.0333,-0.5183772045131441,0.3211477363840406
5-20A,4.0,289.1044,-1.2575722207497417,0.16811782574937523
5-20A,4.0,290.9677,-0.41663757820714165,0.08784618447351475
5-20A,4.0,294.0479,0.6045940192953141,0.7599361643801029
5-20A,4.0,300.0509,-0.3984856969105769,0.5448219757587908
5-20A,4.0,301.0333,-0.3657883331446595,0.4158365134090898
5-20A,4.0,303.2326,-0.21569875575715428,0.19080688749674193
5-20A,4.0,305.0207,0.7856125129983615,0.333824724206916
5-20A,4.0,306.0481,-0.8903946610638467,0.08885198831337365
5-20A,4.0,306.0765,-0.24940031137970523,0.014248757937058654
5-20A,4.0,308.0986,-0.27391860081359665,0.023074902018565078
5-20A,4.0,313.0441,-0.19290751562914818,0.45017363989053366
5-20A,4.0,313.1037,-1.2044925087997864,0.30454792902778605
5-20A,4.0,317.026,-0.04970008968159652,0.5366142792265308
5-20A,4.0,323.0256,1.4619936008654684,0.24082876104778814
5-20A,4.0,325.1163,0.6461907606782968,0.40556477638760247
5-20A,4.0,328.0457,-0.639167654555409,0.10141836892510007
5-20A,4.0,333.0589,-1.2486022267664045,0.15817942775071048
5-20A,4.0,338.9884,-0.31387573092375376,1.1510066772338097
5-20A,4.0,339.0928,-0.24515441761584164,0.5256692458133716
5-20A,4.0,341.1089,0.25116099796979396,0.13564511596817933
5-20A,4.0,344.0393,0.007885820942267266,0.3511282894426325
5-20A,4.0,346.0556,0.9553622819790581,0.2073881079503723
5-20A,4.0,348.087,-0.7775211277096425,0.10178500129675888
5-20A,4.0,353.0489,-0.8089330352230896,0.2037274260349808
5-20A,4.0,357.089,-0.5323942339389444,0.24310583917093387
5-20A,4.0,375.131,-0.8623440113496312,0.519015195646368
5-20A,4.0,377.1496,-0.18602576910369942,0.28570558894285114
5-20A,4.0,383.1188,0.18151938640023668,0.3575248562639514
5-20A,4.0,388.9416,-0.3117072630787986,0.32575057928527035
5-20A,4.0,388.9442,-0.6042578523963865,0.2898140399632432
5-20A,4.0,401.0756,0.7429517078510615,0.17016710313221778
5-20A,4.0,407.2795,0.37125849400104716,0.09718982521946422
5-20A,4.0,421.0743,0.0786712305857864,0.6086987059398775
5-20A,4.0,426.0222,0.25467097012932116,0.6625413915156069
5-20A,4.0,442.9997,0.1658714198561283,0.08494226173897713
5-20A,4.0,466.9657,1.1346404767862996,0.5444788950383491
5-20A,4.0,490.9787,-0.06027023127987964,0.49721117566601075
5-20A,4.0,503.1614,0.3166606891279058,0.4485007579787634
5-20A,4.0,547.0731,-1.1677456522754954,0.042679287413534404
5-20A,4.0,565.0471,-0.5886931413861802,0.20714428722148287
5-20A,4.0,578.8872,1.004916363970523,0.049930553659725825
5-20A,4.0,579.0269,0.41814998858118935,0.21127363118640632
5-20A,4.0,612.2549,-0.06237114530077311,0.5142560726759827
5-20A,4.0,624.2949,-0.4169419271838679,0.37094750691653544
5-20A,4.0,659.307,0.9320859385392539,0.22605001248410334
5-20A,4.0,664.0939,-0.10001893974749893,0.1169855841925033
5-20A,4.0,665.2144,-0.6247364042825798,0.806441731372917
5-20A,4.0,668.1374,-0.6156965850210394,0.00035191103980007323
5-20A,4.0,787.255,1.453609978630694,0.5086929654724154
5-20A,4.0,790.2568,0.6888626529654115,0.31611419926872986
5-20A,4.0,835.0407,-0.442306306577647,0.15372620051781768
5-20A,4.0,863.2971,-0.4700505656938238,0.05990773057365514
5-20A,4.0,864.1473,1.4768871531571819,0.642975528704682
5-20A,4.0,974.2935,-0.20330218756774981,0.4133908299749715
5-20A,4.0,976.7162,1.6434795290046544,0.17390639027107915
5-20A,5.0,57.0342,0.8829669385351231,1.0191551724308892
5-20A,5.0,58.0295,-0.6283645452348184,0.17072790229085852
5-20A,5.0,59.0135,1.485207930599236,0.52849662391159
5-20A,5.0,71.0137,1.443000035509104,0.1894365087724665
5-20A,5.0,73.0293,-0.9163971331535005,0.041526710163059456
5-20A,5.0,74.0247,-1.1231326556053647,0.30353340532619744
5-20A,5.0,75.0087,0.38758244103016687,1.328512448838278
5-20A,5.0,87.0088,-0.6629663245403891,0.018439220506910645
5-20A,5.0,87.0451,1.1684587894543843,0.8624714876266055
5-20A,5.0,88.0403,-0.7041568958216844,0.04186172270859503
5-20A,5.0,88.9883,-0.6762842732457228,0.6539999317626516
5-20A,5.0,89.0244,-0.33650634900346554,0.09697398116602293
5-20A,5.0,93.0338,-0.07333423150283101,0.009902779350562161
5-20A,5.0,94.9761,-0.957862861308915,0.3969898322816938
5-20A,5.0,94.9806,1.1762985177919385,0.44938771834706426
5-20A,5.0,95.0139,1.5042408895576382,0.19152989261620915
5-20A,5.0,101.0242,1.2480122867164107,0.41914965380930025
5-20A,5.0,102.056,-0.4976657699606571,0.09813448914701262
5-20A,5.0,103.0402,-0.8735166268393898,0.05120452168876129
5-20A,5.0,103.0509,-0.8873579212980538,0.11941432059290269
5-20A,5.0,104.0352,-0.33955436345858747,0.18139752065297304
5-20A,5.0,105.0193,2.007297470345194,1.0172773961056483
5-20A,5.0,107.0503,1.1676560398524907,1.532006707058802
5-20A,5.0,109.0295,-0.21467144034679578,0.24180856899966519
5-20A,5.0,111.02,-0.09608593535285674,0.14580793906286602
5-20A,5.0,112.0516,0.7921108978764693,0.9636892172742267
5-20A,5.0,113.0244,1.2444596244877058,0.36480405215704714
5-20A,5.0,113.0357,0.9018572664210991,0.3272225603703406
5-20A,5.0,114.056,-0.23616366057757296,0.008581480264991505
5-20A,5.0,115.0037,-0.6060237798338299,0.12789611136442747
5-20A,5.0,115.0402,0.2207834931646057,0.8050437105869936
5-20A,5.0,115.0764,1.1443752525739832,0.4136621979674835
5-20A,5.0,116.0354,-0.6438021678978499,0.29199379879999954
5-20A,5.0,116.0717,-0.7998796788456298,0.024589800835864803
5-20A,5.0,117.0194,-0.8936142756842504,0.025005625172912917
5-20A,5.0,118.0508,-1.449082002629788,0.23597641736497244
5-20A,5.0,118.9804,1.2885787749341233,0.46200040611501336
5-20A,5.0,119.0503,1.1170212934574413,0.5736723759053862
5-20A,5.0,120.9273,-0.151776757718382,0.2437387200524988
5-20A,5.0,121.0295,0.012813110402282923,0.6767512649330145
5-20A,5.0,121.0409,0.8258716058439199,0.8863999224795432
5-20A,5.0,122.0248,1.6728869905723467,0.35584538084604417
5-20A,5.0,124.0075,0.545304862480851,0.3261519071572791
5-20A,5.0,124.0144,1.9938525241332292,0.30931865704742584
5-20A,5.0,125.0439,1.3501660388720478,0.392755485009429
5-20A,5.0,127.0764,0.9935648186156458,0.6884943729129531
5-20A,5.0,128.0354,-0.3534241812453637,0.012445618076482588
5-20A,5.0,129.0193,-0.6840032295955821,0.12471043334809256
5-20A,5.0,129.0556,0.3746457929269799,0.6894496114119613
5-20A,5.0,130.0142,-0.8226791215719228,0.2462745568475619
5-20A,5.0,130.0509,-0.7154583066437336,0.1009204404063152
5-20A,5.0,130.0874,-1.0171755464115952,0.029434999991858328
5-20A,5.0,131.0008,-0.842854695779191,1.1269362841782475
5-20A,5.0,131.0123,-0.6545070358900786,0.06361740297121615
5-20A,5.0,131.035,1.4164121891572348,0.16945277242666934
5-20A,5.0,131.0462,1.0655232796751084,0.1700863452438749
5-20A,5.0,131.0828,-0.3476576986570011,0.10670797813834093
5-20A,5.0,132.0302,-0.10402561950185882,0.11399530885686264
5-20A,5.0,133.0142,-0.22237887402160836,0.06870243484605273
5-20A,5.0,133.0257,-0.3416642443493758,0.043237272861658224
5-20A,5.0,133.0505,-0.6984372476454829,0.09917606521477564
5-20A,5.0,134.0472,-0.2765808495686827,0.45094045486149875
5-20A,5.0,134.0604,-0.08363089409804851,0.21071470948110455
5-20A,5.0,135.0302,-0.6615308233921507,0.08242675543000144
5-20A,5.0,135.0453,0.3174595888912248,0.28847248809436515
5-20A,5.0,136.0404,-0.20035036146364862,0.14669494156606552
5-20A,5.0,136.0487,0.3685770620059632,0.3576104331213687
5-20A,5.0,136.0767,1.0065201111831734,0.6438735283761018
5-20A,5.0,137.0239,-0.2381401333085521,0.08470215883954006
5-20A,5.0,138.9789,-0.8587258361627456,0.6226675043508361
5-20A,5.0,139.0014,-0.22972712000003184,0.05733897636621865
5-20A,5.0,139.0067,-0.6619919384963904,0.030125895128285545
5-20A,5.0,139.976,-0.3606511299080575,0.06152544219318431
5-20A,5.0,143.0713,0.2762978341585265,0.22646014479261317
5-20A,5.0,143.1077,1.1090817782811349,0.8925552387700549
5-20A,5.0,145.0141,-0.16783260500094038,0.08142380254071045
5-20A,5.0,145.0506,-0.7228968118634732,0.16819904999705823
5-20A,5.0,145.0623,-0.6719180684089939,0.0815906721622091
5-20A,5.0,145.0982,-0.1887423898966851,0.06659957013852953
5-20A,5.0,145.1106,-0.7869779769427778,0.5058640627019745
5-20A,5.0,146.0459,-0.46961141496431485,0.007411848111852064
5-20A,5.0,147.0298,-0.8172603784678756,0.04624590610388715
5-20A,5.0,147.0662,-0.4779687776929952,0.16220832791015544
5-20A,5.0,149.0092,0.9835897792565031,0.2549901888303658
5-20A,5.0,149.0456,0.6573508018189513,0.48766070771522213
5-20A,5.0,149.0608,0.9799840038821568,0.6785850267960472
5-20A,5.0,150.0422,-0.6761131611502805,0.48090793521786734
5-20A,5.0,150.9707,-0.09274508172406652,0.8922167001837972
5-20A,5.0,151.0259,-0.5671772092315325,0.04214283104625673
5-20A,5.0,151.04,1.4680911287562595,0.5984794788051407
5-20A,5.0,151.06,0.7539796398547148,0.8401414882507243
5-20A,5.0,152.0353,0.2844730574182213,0.599657107338078
5-20A,5.0,152.0716,0.716964762534741,0.23164942674355868
5-20A,5.0,153.0192,0.34820152182242076,0.1546715273606811
5-20A,5.0,154.062,-0.39859680933091696,0.07492237553161461
5-20A,5.0,154.9751,-0.9173874475009487,0.03642097923386108
5-20A,5.0,155.0099,-0.03730555480709755,0.1356208325907637
5-20A,5.0,157.0128,-0.535036466896672,0.06020878181440863
5-20A,5.0,157.0255,0.47764854212066665,0.23277899764036766
5-20A,5.0,157.0379,0.5432899363174053,0.2195867839246307
5-20A,5.0,157.0504,-0.8121732489230091,0.10503818414906206
5-20A,5.0,159.0297,1.3989592730956433,0.5198801541430549
5-20A,5.0,159.0775,-0.7944396834674141,0.09961102195515603
5-20A,5.0,160.0616,0.009337704548162335,0.49369678163633607
5-20A,5.0,161.0453,0.7609523340106059,0.5153772634640014
5-20A,5.0,162.0424,-0.5632725281966092,0.13091529768298246
5-20A,5.0,163.0351,-1.0241765043241944,0.05279369545509949
5-20A,5.0,163.0398,0.6796341998484094,0.1706158855605127
5-20A,5.0,163.0611,0.07314553299377177,0.6033791966519896
5-20A,5.0,164.0716,-0.463916781954755,0.005307643623681553
5-20A,5.0,165.03,-0.34634542237262345,0.6579937209695261
5-20A,5.0,165.0405,0.6545599374833606,0.7492223824690901
5-20A,5.0,165.0556,-0.7149499167846286,0.15755382838231122
5-20A,5.0,166.0508,-0.04838745086396289,0.2675370807133346
5-20A,5.0,166.0632,-0.19908474214882368,0.6167030366406404
5-20A,5.0,166.9759,-0.5620076996981942,0.06141879753687587
5-20A,5.0,167.0207,0.16090242825686044,0.4343544973283152
5-20A,5.0,167.0358,0.40061183341257683,0.9514617891400061
5-20A,5.0,167.0828,-0.15360853723998266,0.650165878620054
5-20A,5.0,168.0277,-0.43469481841292684,0.030522061199975893
5-20A,5.0,168.0664,1.0450088447283494,0.5125249279672248
5-20A,5.0,170.0455,-0.8060000892826666,0.012350710680761736
5-20A,5.0,171.0065,-0.8705245725098996,0.07595132896430373
5-20A,5.0,171.0092,-0.43471139993034674,0.16441614893553244
5-20A,5.0,171.0284,-0.7963284002082244,0.09239723170724568
5-20A,5.0,172.0616,-0.1919643865532035,0.1684859638707201
5-20A,5.0,172.962,-0.5501821557428647,0.1057025316621372
5-20A,5.0,173.0089,-0.7308027881563632,0.0873354774334104
5-20A,5.0,173.0453,-0.8263349424182906,0.17670306586029352
5-20A,5.0,173.0932,-0.8597248039610593,0.004344169964127181
5-20A,5.0,173.1041,-0.8531397248650945,0.20150785281849232
5-20A,5.0,174.0407,-0.6126482542924871,0.05951236495170444
5-20A,5.0,174.088,-0.7556436765783344,0.24010192140947897
5-20A,5.0,175.022,-0.626899424614534,0.1332557968340116
5-20A,5.0,175.0361,-0.1311988905294495,0.12156177911715392
5-20A,5.0,175.0611,-0.8937027120142188,0.05880263026499738
5-20A,5.0,176.0776,-0.6194901952443923,0.2661691336439539
5-20A,5.0,177.0402,1.0503132843811938,0.44463408078208105
5-20A,5.0,177.0553,1.271258516992654,0.1689594581755222
5-20A,5.0,178.0509,-0.5556813846877029,0.043982822492558186
5-20A,5.0,179.0348,0.4844121176154182,0.25687517046912184
5-20A,5.0,179.0561,0.981241094826282,0.11990691553234245
5-20A,5.0,180.0663,1.0615157610253232,0.17959283810638305
5-20A,5.0,181.0505,-0.8936710947578952,0.04309387965534479
5-20A,5.0,182.9725,1.213614289796548,0.17408195521430672
5-20A,5.0,183.0661,0.8738814267950862,0.0321310474027103
5-20A,5.0,184.0017,-0.5261282585730921,0.036803456290227535
5-20A,5.0,184.9856,-0.3759740169982871,0.061762489808073986
5-20A,5.0,186.1136,0.027206600717297576,0.6054157191597341
5-20A,5.0,187.0234,-0.9202041432061772,0.5049124861232139
5-20A,5.0,188.035,-0.1835697803977166,0.7715470696542783
5-20A,5.0,188.0565,-0.8237080804389805,0.036845271840110515
5-20A,5.0,189.0405,-0.6139547496469528,0.062315629352014144
5-20A,5.0,191.0197,-0.401533967376935,0.1142430205562559
5-20A,5.0,191.0561,-0.8774579114146923,0.04942690790473213
5-20A,5.0,192.0663,0.6088962473617383,0.8888170298421405
5-20A,5.0,193.0349,0.8213539830255825,0.414413618145511
5-20A,5.0,194.0682,-0.5120373384514374,0.2552246302554012
5-20A,5.0,194.0822,0.6536556781486895,0.31504777318113064
5-20A,5.0,195.0509,1.2002289749046031,0.05277630923031068
5-20A,5.0,195.0657,0.41519173431835593,0.40756534607889067
5-20A,5.0,196.0603,-0.3192142865174806,0.20575307533063147
5-20A,5.0,198.0182,-0.4694661639543667,0.5320654200538637
5-20A,5.0,199.0019,-0.5485581763949013,0.42407561779154973
5-20A,5.0,200.9937,0.5837911140985402,0.15061065910846433
5-20A,5.0,201.0051,0.14408180729119266,0.5704676196245851
5-20A,5.0,203.0348,-0.256709355233775,0.22451118057520686
5-20A,5.0,203.0826,-0.0970693660195637,0.010242631519878016
5-20A,5.0,204.0498,0.2737215521230404,0.8811686381118171
5-20A,5.0,205.0351,-0.8886621349445197,0.06092337900690771
5-20A,5.0,206.0822,0.8967967430004559,0.5688655932313575
5-20A,5.0,209.0292,-0.4131654450756593,0.49554463077738625
5-20A,5.0,209.0814,-0.2901080145948507,0.4907312459788895
5-20A,5.0,211.0235,-0.15388750579666738,0.5794319081144238
5-20A,5.0,211.9968,-0.6001976898662603,0.059775723623666524
5-20A,5.0,212.0331,-0.17966103746406326,0.5694668459997966
5-20A,5.0,212.9807,-0.6184024391924318,0.08436747664556857
5-20A,5.0,213.014,-0.5472686542592239,0.16627652602061627
5-20A,5.0,213.0384,-0.3071311438038915,0.16409276656683858
5-20A,5.0,213.1252,0.8690388563616471,1.8358407393197314
5-20A,5.0,214.0488,0.08755682804248434,0.5245659022007975
5-20A,5.0,215.0331,1.3348496111299701,0.1833429899352446
5-20A,5.0,216.1351,0.5047787427787714,0.35742132946618127
5-20A,5.0,218.0335,1.441933661055789,0.14734474774028208
5-20A,5.0,218.1034,-0.5612530193742049,0.05704911105946518
5-20A,5.0,220.0828,0.19857908929887355,0.972486467190467
5-20A,5.0,221.0443,1.2588530751514093,0.3277222026658199
5-20A,5.0,221.0664,1.8031328890125595,0.4270532510564527
5-20A,5.0,225.0399,-0.9909045797992182,0.715380952292581
5-20A,5.0,225.0861,0.3035008000147714,0.44520480392529554
5-20A,5.0,225.0901,-0.04818964305459217,0.47094171485264336
5-20A,5.0,226.0135,-0.6937436541096383,0.09655111350134749
5-20A,5.0,226.0697,0.28529330244042206,0.24659934223772698
5-20A,5.0,228.0501,-0.6583332563378348,0.30917440346114444
5-20A,5.0,229.0122,0.0485903603725032,0.2818485047291467
5-20A,5.0,237.0614,-0.608492717778224,0.018569518952288495
5-20A,5.0,238.0945,-0.1758166714560953,0.3630443417289692
5-20A,5.0,240.0515,-0.17641906068243499,0.09835193255314532
5-20A,5.0,241.0844,-0.4639980549344872,0.5143061615628767
5-20A,5.0,242.0804,-0.5613093902029984,0.08016498074500165
5-20A,5.0,243.029,-0.15650939172652803,0.5323326294088703
5-20A,5.0,243.0625,-0.15712310127066081,0.23486125981753883
5-20A,5.0,245.0444,0.10461434051207393,0.33879839932206995
5-20A,5.0,246.0198,-0.8886413910816914,0.6836053017846183
5-20A,5.0,246.064,0.29546508017230033,1.3167579758915353
5-20A,5.0,251.0816,1.8777125986214944,0.8904317333004692
5-20A,5.0,253.0119,-0.29627453542919285,0.021834360421307986
5-20A,5.0,253.0499,2.4514436533354944,1.1556509595607711
5-20A,5.0,257.0072,-0.6196467937615359,0.09450634163350806
5-20A,5.0,257.1028,-0.3976432135954364,0.3018094836762445
5-20A,5.0,259.005,-0.22024807529358167,0.5023543698637715
5-20A,5.0,259.0227,1.73569971594067,0.18665915450091036
5-20A,5.0,261.0385,0.017799423737725716,0.12565615534675206
5-20A,5.0,266.0703,-0.380247111391855,0.3412456347655845
5-20A,5.0,267.0724,-0.6601621610591412,0.03852717315013111
5-20A,5.0,268.02,-0.9382806008387131,0.8477983198742622
5-20A,5.0,269.0398,-0.6125901941142228,0.1609272841210951
5-20A,5.0,271.0612,2.51917309980163,0.38520645517911817
5-20A,5.0,271.0815,0.32377667597433657,0.7759763422739491
5-20A,5.0,273.0021,-0.7505215267670823,0.053525022480875595
5-20A,5.0,274.0933,-0.36329166473689173,0.09193768987140755
5-20A,5.0,275.0184,-0.42798913152791745,0.4602929907431473
5-20A,5.0,275.0991,-0.8840499427886199,0.18913771222984554
5-20A,5.0,277.1207,1.435155135756359,0.2373025847922611
5-20A,5.0,277.2169,0.5503720439737001,0.5808969645969437
5-20A,5.0,279.2331,-0.3803345373923803,0.050940901519629676
5-20A,5.0,282.0839,0.47757749491660867,0.34468267373925787
5-20A,5.0,283.2063,-0.5697521030291243,0.16864792593013722
5-20A,5.0,285.0972,0.12305208763638366,0.3147879623051103
5-20A,5.0,287.0157,1.181023669189558,0.26976048726349144
5-20A,5.0,288.0725,-0.5371080373503181,0.16618015592449575
5-20A,5.0,289.0333,-0.16466490854406002,0.32468065284440856
5-20A,5.0,289.1044,-0.8096428922344172,0.2057449078623997
5-20A,5.0,290.9677,-0.3057886742481085,0.03666536588829129
5-20A,5.0,294.0479,-0.4406104227066757,0.4525613547960875
5-20A,5.0,300.0509,-1.2850275389665982,0.7001174607933713
5-20A,5.0,301.0333,0.09217463273047584,1.2796811718345584
5-20A,5.0,303.2326,1.6244925202288494,1.280323437239081
5-20A,5.0,305.0207,1.0381367258643837,0.09578007606174566
5-20A,5.0,306.0481,-0.28187402485341484,0.25196481348786576
5-20A,5.0,306.0765,-0.1972427760754126,0.030245332719043623
5-20A,5.0,308.0986,-0.2682330238269737,0.05883404534074034
5-20A,5.0,313.0441,0.005208685851804307,0.49827206736705215
5-20A,5.0,313.1037,-1.0978683061957566,0.24025653971705485
5-20A,5.0,317.026,-0.06233332917378913,0.47546965650202505
5-20A,5.0,323.0256,0.4801615712290791,0.6931565792944222
5-20A,5.0,325.1163,-0.9220819247699901,0.21897264909804254
5-20A,5.0,328.0457,-0.37884649536654014,0.03651927877691757
5-20A,5.0,333.0589,-0.8547025547979704,0.4393665815570216
5-20A,5.0,338.9884,-0.1881225412911856,0.06261480895123715
5-20A,5.0,339.0928,1.567432836037145,1.145331687105365
5-20A,5.0,341.1089,0.6537053305419043,0.270134135791195
5-20A,5.0,344.0393,-0.18109224520992714,0.15333594910067974
5-20A,5.0,346.0556,0.46457434923285457,0.1762178141916733
5-20A,5.0,348.087,-0.25982536766125497,0.07598106327289386
5-20A,5.0,353.0489,0.020614988363980583,0.854258700147579
5-20A,5.0,357.089,-0.5499515579645781,0.0696842042068905
5-20A,5.0,375.131,-0.37304085849906327,0.15213000941578084
5-20A,5.0,377.1496,0.4213868395025399,0.6388310539348333
5-20A,5.0,383.1188,1.6069091054684663,0.7413767178729266
5-20A,5.0,388.9416,0.12935752846889148,0.4198732753517013
5-20A,5.0,388.9442,-0.046769867140676796,0.43057796749810184
5-20A,5.0,401.0756,1.256096128767605,0.16924159875052222
5-20A,5.0,407.2795,-0.4321408112544496,0.05548828754647811
5-20A,5.0,421.0743,0.6378333170267064,0.6572584462747226
5-20A,5.0,426.0222,0.01308024189194567,1.1321204086816867
5-20A,5.0,442.9997,0.14521733074019938,0.15188433576950142
5-20A,5.0,466.9657,0.3685424134289182,0.09901410216924887
5-20A,5.0,490.9787,-0.7801762002713786,0.6617933407093498
5-20A,5.0,503.1614,1.505930435252039,0.48541144855910334
5-20A,5.0,547.0731,-0.9366460814083799,0.06257774783835357
5-20A,5.0,565.0471,-0.5355124452474498,0.10278172096324505
5-20A,5.0,578.8872,1.6196724899733967,0.21583390530884122
5-20A,5.0,579.0269,1.3733794315370984,0.1312547701225655
5-20A,5.0,612.2549,0.29067150592294955,0.9633010319380453
5-20A,5.0,624.2949,-1.1233017513465864,0.6029612176508975
5-20A,5.0,659.307,0.0006606375125794368,0.07815748365121168
5-20A,5.0,664.0939,-0.3491314137495916,0.14868199351679323
5-20A,5.0,665.2144,0.23885102850170287,0.484290383112235
5-20A,5.0,668.1374,-0.612583405627513,0.0031384000598911168
5-20A,5.0,787.255,-0.0314565251560594,0.09129536445154365
5-20A,5.0,790.2568,0.14893574531042672,0.6670168616705248
5-20A,5.0,835.0407,-0.40258977006896995,0.3935406241723495
5-20A,5.0,863.2971,-0.42921305843182306,0.039393089500916814
5-20A,5.0,864.1473,-0.1603902753201599,0.14606563797882158
5-20A,5.0,974.2935,-0.22599883095477472,0.5231502054346779
5-20A,5.0,976.7162,1.066209443045883,0.2544584986838953
5-20A,6.0,57.0342,0.40853315975182014,0.35368323785131217
5-20A,6.0,58.0295,-0.22427436386406013,0.5331310800533033
5-20A,6.0,59.0135,1.1050037160948305,0.3285214310412686
5-20A,6.0,71.0137,0.9761391101000887,0.13345488435669303
5-20A,6.0,73.0293,-0.8374043649178098,0.04322722733581581
5-20A,6.0,74.0247,-0.8118033309337045,0.1756000976276126
5-20A,6.0,75.0087,0.02520772573926834,0.6332327452964579
5-20A,6.0,87.0088,-0.6197226368838304,0.02656902979373843
5-20A,6.0,87.0451,1.240720054652006,0.5336192776947364
5-20A,6.0,88.0403,-0.5830116949296145,0.0635829836593098
5-20A,6.0,88.9883,-0.4424606264858727,0.27388040452895523
5-20A,6.0,89.0244,-0.39702327778718227,0.11495223078913618
5-20A,6.0,93.0338,-0.06022891574975125,0.009061556422824866
5-20A,6.0,94.9761,-0.7591898199596062,0.40986051745878993
5-20A,6.0,94.9806,0.7844015593960876,0.3455630102019964
5-20A,6.0,95.0139,1.20718230810717,0.12489581403456856
5-20A,6.0,101.0242,0.5449440209088785,0.1551440878547396
5-20A,6.0,102.056,-0.5397759313252671,0.0576920467137616
5-20A,6.0,103.0402,-0.8158599363557526,0.05972171239168345
5-20A,6.0,103.0509,-0.8105329786577812,0.1141019192736665
5-20A,6.0,104.0352,-0.24252592954211238,0.20166385277556734
5-20A,6.0,105.0193,0.06492645963359359,0.4217224695621064
5-20A,6.0,107.0503,0.031173123784848437,0.7092341344321744
5-20A,6.0,109.0295,-0.5500525454918799,0.04981339346571816
5-20A,6.0,111.02,0.3418457433133262,0.059482616516498416
5-20A,6.0,112.0516,0.2138630502456098,0.5321701010638369
5-20A,6.0,113.0244,0.9596673853962845,0.07993614228584787
5-20A,6.0,113.0357,1.1042983046185877,0.03800488538932193
5-20A,6.0,114.056,-0.23763117327526379,0.0021809275626066215
5-20A,6.0,115.0037,-0.5653586822140876,0.08826106862696118
5-20A,6.0,115.0402,0.17388314880228128,0.3339993006144609
5-20A,6.0,115.0764,0.5157471401135416,0.5310540300019025
5-20A,6.0,116.0354,-0.9044758534491302,0.03763539144448095
5-20A,6.0,116.0717,-0.7164391394255673,0.04066825886992955
5-20A,6.0,117.0194,-0.8111398378845895,0.03304838582499976
5-20A,6.0,118.0508,-1.2190076971553745,0.2546066190571053
5-20A,6.0,118.9804,0.834619433727096,0.2057599854315578
5-20A,6.0,119.0503,0.8842861428064022,0.17546145044779896
5-20A,6.0,120.9273,-0.612294230788516,0.03293270630537867
5-20A,6.0,121.0295,-0.15883722790659713,0.33977090175328967
5-20A,6.0,121.0409,-0.12617082313421912,0.9126984790250451
5-20A,6.0,122.0248,0.9572894669531581,0.4561127643612079
5-20A,6.0,124.0075,0.08685967132537291,0.5006374603566295
5-20A,6.0,124.0144,1.7179321726429557,0.44723442137968866
5-20A,6.0,125.0439,1.3148599897968647,0.1563691941284049
5-20A,6.0,127.0764,0.697508586859944,0.40376403863724025
5-20A,6.0,128.0354,-0.3146904666966998,0.022780988804806963
5-20A,6.0,129.0193,-0.7818912294105649,0.033351968214265726
5-20A,6.0,129.0556,0.014204741994007536,0.503385378248364
5-20A,6.0,130.0142,-0.6567891368713452,0.3021505238524437
5-20A,6.0,130.0509,-0.5018409956021487,0.09254083741967038
5-20A,6.0,130.0874,-0.8445151826783044,0.060690122558642756
5-20A,6.0,131.0008,-0.75054966939584,1.1364506245873545
5-20A,6.0,131.0123,-0.6030761635680018,0.04812216932971496
5-20A,6.0,131.035,1.0826477897358777,0.13043259033494922
5-20A,6.0,131.0462,1.0601341944415914,0.24063956931315458
5-20A,6.0,131.0828,-0.39730455585686475,0.06265385610041108
5-20A,6.0,132.0302,0.06270890425061403,0.029618444914896708
5-20A,6.0,133.0142,-0.3837757075254484,0.04419768590194303
5-20A,6.0,133.0257,-0.4158177440545331,0.11022072580562045
5-20A,6.0,133.0505,-0.6100094064780968,0.07537264113976226
5-20A,6.0,134.0472,-0.050435498980768045,0.12253448178749855
5-20A,6.0,134.0604,-0.10406305972876369,0.38793661366626925
5-20A,6.0,135.0302,-0.5204178216113786,0.08070632008562634
5-20A,6.0,135.0453,1.0406744129457945,0.19076709403795625
5-20A,6.0,136.0404,-0.17820548236999317,0.08196236816566088
5-20A,6.0,136.0487,0.7525437406439675,0.1973788374493494
5-20A,6.0,136.0767,0.34719693146465125,0.9310141475590209
5-20A,6.0,137.0239,0.013507223740020467,0.20865799233882684
5-20A,6.0,138.9789,-0.8410485343734397,0.11114230091503882
5-20A,6.0,139.0014,-0.16385314184426006,0.049251180959513155
5-20A,6.0,139.0067,-0.6864696058052959,0.02749963748025753
5-20A,6.0,139.976,-0.7475573470909695,0.1028904626928831
5-20A,6.0,143.0713,0.17351765649824297,0.21367017505109404
5-20A,6.0,143.1077,0.5493010426824838,0.3822072394965984
5-20A,6.0,145.0141,-0.2713189123618318,0.06729025947412326
5-20A,6.0,145.0506,-0.5856326973355952,0.05563254159478015
5-20A,6.0,145.0623,-0.33502133173509885,0.26819779192866017
5-20A,6.0,145.0982,-0.30312787026233756,0.1274882433600063
5-20A,6.0,145.1106,-0.7759992385167085,0.24918123742774745
5-20A,6.0,146.0459,-0.47149519311275045,0.005592206765459583
5-20A,6.0,147.0298,-0.7135671597018125,0.0881806051453182
5-20A,6.0,147.0662,-0.3274692035807794,0.08762701698963148
5-20A,6.0,149.0092,0.24627817805134133,0.20438402537175052
5-20A,6.0,149.0456,0.6811726614829126,0.2299418136208929
5-20A,6.0,149.0608,0.019984751748426427,0.4771716837164425
5-20A,6.0,150.0422,-0.6362898973367859,0.055074185818633235
5-20A,6.0,150.9707,0.19472330713681466,0.3262934910766153
5-20A,6.0,151.0259,-0.552343332689721,0.02383568566123408
5-20A,6.0,151.04,1.1066768917552614,0.4267136367807247
5-20A,6.0,151.06,-0.5356795212331231,0.43870228032967423
5-20A,6.0,152.0353,-0.3293139610540019,0.17034715081918672
5-20A,6.0,152.0716,0.15630982878751748,0.24305101519743133
5-20A,6.0,153.0192,0.28549122865249443,0.08254878420890822
5-20A,6.0,154.062,-0.3495709043352766,0.05862832279988136
5-20A,6.0,154.9751,-0.8159391234702025,0.03460915365346258
5-20A,6.0,155.0099,0.4399422634074287,0.08826405092192445
5-20A,6.0,157.0128,-0.43844656321242703,0.0434200101247978
5-20A,6.0,157.0255,0.7865412807572726,0.06195979757228989
5-20A,6.0,157.0379,0.8489702763068034,0.14288434592550545
5-20A,6.0,157.0504,-0.7466161309649268,0.059952262793664286
5-20A,6.0,159.0297,0.561355259075753,0.11026831066391858
5-20A,6.0,159.0775,-0.5973925659957035,0.10876820593376962
5-20A,6.0,160.0616,-0.007551969062126324,0.46957426179393313
5-20A,6.0,161.0453,0.8206843658116149,0.11662471427907431
5-20A,6.0,162.0424,-0.4620012280456728,0.28274066817796173
5-20A,6.0,163.0351,-0.8534755295313853,0.13280643574027787
5-20A,6.0,163.0398,0.7261482960531966,0.05912926804194375
5-20A,6.0,163.0611,0.15867040835382096,0.6117384420452712
5-20A,6.0,164.0716,-0.37750296353342017,0.05463312305224567
5-20A,6.0,165.03,0.010509638888095946,0.551259215821851
5-20A,6.0,165.0405,0.9560837885343714,0.28392894195955615
5-20A,6.0,165.0556,-0.6689137425093687,0.11958239962036295
5-20A,6.0,166.0508,-0.1469559451955909,0.2433353762917294
5-20A,6.0,166.0632,-0.6910727302710084,0.4751324961102728
5-20A,6.0,166.9759,-0.7093053518164619,0.09155791676598025
5-20A,6.0,167.0207,-0.30205209783251313,0.26892969344766293
5-20A,6.0,167.0358,0.08635952495799942,0.2866759322089691
5-20A,6.0,167.0828,1.289746578948949,1.030400281394417
5-20A,6.0,168.0277,-0.45775489544334447,0.02614068324108763
5-20A,6.0,168.0664,0.5883469674966146,0.8268304890878433
5-20A,6.0,170.0455,-0.7471971301072866,0.041009609215097456
5-20A,6.0,171.0065,-0.6728274581881969,0.16345517118915623
5-20A,6.0,171.0092,-0.5173705048422992,0.26165030324271266
5-20A,6.0,171.0284,-0.809861519231805,0.036671493987572135
5-20A,6.0,172.0616,-0.17968452465030865,0.15531698088023338
5-20A,6.0,172.962,-0.5883523109560008,0.018040333094690195
5-20A,6.0,173.0089,-0.8505919607468986,0.05326862686141078
5-20A,6.0,173.0453,-1.0050976134877203,0.11918420725909837
5-20A,6.0,173.0932,-0.7703170863146196,0.03700133637344023
5-20A,6.0,173.1041,-0.3841313194377383,0.23965617745667728
5-20A,6.0,174.0407,-0.36126923466407157,0.026887336677070255
5-20A,6.0,174.088,-0.468280805941214,0.09491445294476616
5-20A,6.0,175.022,-0.7665807355181328,0.11040575070343953
5-20A,6.0,175.0361,0.11185589627156223,0.06792360543375549
5-20A,6.0,175.0611,-0.8257258958257165,0.07779946448920007
5-20A,6.0,176.0776,-0.6873146745425482,0.19990642319243773
5-20A,6.0,177.0402,-0.1811343608528268,0.43273493047903594
5-20A,6.0,177.0553,1.020823631912331,0.3941578613344794
5-20A,6.0,178.0509,-0.5670015299069817,0.0782750108171606
5-20A,6.0,179.0348,0.5352107318650865,0.2432310806690114
5-20A,6.0,179.0561,0.7512535087750792,0.07841419297519012
5-20A,6.0,180.0663,0.7122927910252841,0.1354823842907019
5-20A,6.0,181.0505,-0.9572176414005884,0.21676651851708628
5-20A,6.0,182.9725,0.9513481850304755,0.09647785821128718
5-20A,6.0,183.0661,0.039050785606351245,0.5821096277408263
5-20A,6.0,184.0017,-0.4896993398671498,0.06891465861216424
5-20A,6.0,184.9856,-0.7254985318662365,0.09472333729356823
5-20A,6.0,186.1136,-0.48885956419673005,0.6230715580913713
5-20A,6.0,187.0234,-1.0754963007657983,0.17094648081320002
5-20A,6.0,188.035,0.14380864615247008,0.6196386299124667
5-20A,6.0,188.0565,-0.6606079097061319,0.046793291063830345
5-20A,6.0,189.0405,-0.5696428108901019,0.11532204549207033
5-20A,6.0,191.0197,-0.5291466099566922,0.09891837335084026
5-20A,6.0,191.0561,-0.7860446587080829,0.12563282046456192
5-20A,6.0,192.0663,1.475869470625275,0.19313226587623583
5-20A,6.0,193.0349,0.8979550473380172,0.2762734948930395
5-20A,6.0,194.0682,-0.5911330630664555,0.16145901772036722
5-20A,6.0,194.0822,0.2611361390277168,0.5916598901558866
5-20A,6.0,195.0509,0.8868631088831482,0.15984439383065063
5-20A,6.0,195.0657,0.12930895600570114,0.684430943238248
5-20A,6.0,196.0603,-0.46987298993549315,0.09043099499913809
5-20A,6.0,198.0182,-0.4231375552560491,0.14637875730038205
5-20A,6.0,199.0019,-0.18174555986017477,0.4391182570321981
5-20A,6.0,200.9937,0.5931215803979332,0.3469345371357202
5-20A,6.0,201.0051,0.5739236356221075,0.39754771034025543
5-20A,6.0,203.0348,-0.401379704042194,0.2822223588997493
5-20A,6.0,203.0826,-0.08988846870773957,0.006230435728596658
5-20A,6.0,204.0498,0.5825623648972924,1.2698282229252777
5-20A,6.0,205.0351,-0.8863817221858555,0.15821019650509657
5-20A,6.0,206.0822,0.534517076764441,1.657306287652035
5-20A,6.0,209.0292,-0.8886671985155818,0.6789739207426371
5-20A,6.0,209.0814,-0.06374816681135664,0.515014731520632
5-20A,6.0,211.0235,-0.5659366733446857,0.36854483085162376
5-20A,6.0,211.9968,-0.36879089827580336,0.062003209095546435
5-20A,6.0,212.0331,-0.4523306301409203,0.4914257722873015
5-20A,6.0,212.9807,-0.5450158622737381,0.11737923941197068
5-20A,6.0,213.014,-0.7814381367912268,0.33049656078060474
5-20A,6.0,213.0384,-0.5119501605212989,0.21563464064268625
5-20A,6.0,213.1252,0.6731801352682385,0.5824292479273552
5-20A,6.0,214.0488,1.23583741832041,0.4333948274212636
5-20A,6.0,215.0331,1.029913721052506,0.13507462453871896
5-20A,6.0,216.1351,0.34951861887124624,0.17077556363042531
5-20A,6.0,218.0335,1.2005367622201544,0.12992681304226492
5-20A,6.0,218.1034,-0.3718356634561213,0.04257892921294508
5-20A,6.0,220.0828,0.11832291407417463,0.6524639431098957
5-20A,6.0,221.0443,1.0161429805314044,0.11143195036064694
5-20A,6.0,221.0664,0.6376440847571903,0.3910930236812709
5-20A,6.0,225.0399,-0.13368842526822045,0.5001308431766419
5-20A,6.0,225.0861,-0.3442457794987447,0.4694230742499263
5-20A,6.0,225.0901,0.525612542076281,0.6955556516347189
5-20A,6.0,226.0135,-0.9761383880284813,0.298638298438903
5-20A,6.0,226.0697,0.11515227680848082,0.1424418897527869
5-20A,6.0,228.0501,-0.4758547323565842,0.5910913556649933
5-20A,6.0,229.0122,-0.35573133360904774,0.160016246502425
5-20A,6.0,237.0614,-0.6691981681270035,0.26641172251996326
5-20A,6.0,238.0945,-0.5266537129125456,0.4119431767616965
5-20A,6.0,240.0515,-0.27067585884114664,0.04389860487086768
5-20A,6.0,241.0844,0.06011463550958084,0.4992235332470405
5-20A,6.0,242.0804,0.505180600235805,0.6562993062783319
5-20A,6.0,243.029,-0.31928052314982613,0.3091426630631618
5-20A,6.0,243.0625,0.33219330778788936,0.5647733829241622
5-20A,6.0,245.0444,0.8434768686949714,0.3271611356299348
5-20A,6.0,246.0198,-0.6798017820614961,0.4157953196972072
5-20A,6.0,246.064,0.7149156818931043,0.7314106536733186
5-20A,6.0,251.0816,1.0077890907027662,1.166896265804575
5-20A,6.0,253.0119,-0.2840199115969288,0.01430194527631596
5-20A,6.0,253.0499,0.41222456193520496,0.47308583836667495
5-20A,6.0,257.0072,-0.8655798477733538,0.46616586198591703
5-20A,6.0,257.1028,-0.18533366050488903,0.6150872108745801
5-20A,6.0,259.005,-0.4884523576907259,0.4402418201150575
5-20A,6.0,259.0227,0.6423462329548884,0.2471004724891063
5-20A,6.0,261.0385,-0.2780080393779654,0.39489530168484216
5-20A,6.0,266.0703,-0.6153308944898868,0.20781258650965245
5-20A,6.0,267.0724,-0.4421739135712971,0.07614743056583866
5-20A,6.0,268.02,-1.127609088039023,0.2848047465330187
5-20A,6.0,269.0398,-0.5599483301274484,0.12189376362462874
5-20A,6.0,271.0612,1.8003323114444068,0.3848193247594353
5-20A,6.0,271.0815,-0.036483451874158884,0.41064745473743375
5-20A,6.0,273.0021,-0.7212726194132351,0.14799914126040054
5-20A,6.0,274.0933,0.004725820798162798,0.1411630160059657
5-20A,6.0,275.0184,-1.099815923003839,0.5598150550679214
5-20A,6.0,275.0991,-0.687703098193116,0.14667449049013492
5-20A,6.0,277.1207,0.7011731732076156,0.07877764989776256
5-20A,6.0,277.2169,-0.18374775065927196,0.20469077320162513
5-20A,6.0,279.2331,-0.33125174341910524,0.02824579510475066
5-20A,6.0,282.0839,0.6268469570216756,0.2963484725841073
5-20A,6.0,283.2063,-0.44205849096698624,0.2384197442942092
5-20A,6.0,285.0972,-0.3781547874896536,0.47315678436062153
5-20A,6.0,287.0157,0.0006651248441751356,1.264123405927118
5-20A,6.0,288.0725,-0.45779932593387773,0.13952293584551592
5-20A,6.0,289.0333,-0.2958573789752162,0.293465400541213
5-20A,6.0,289.1044,-0.6766748947145138,0.19285061871512182
5-20A,6.0,290.9677,-0.2796702868588744,0.10346216475645287
5-20A,6.0,294.0479,-0.4901100866266242,0.67719930421245
5-20A,6.0,300.0509,-0.17648985353394717,1.0657224237290817
5-20A,6.0,301.0333,0.24862160865055313,0.31462039533704167
5-20A,6.0,303.2326,0.5079713075844453,0.5763855511321747
5-20A,6.0,305.0207,0.7416882115306516,0.20477804750307452
5-20A,6.0,306.0481,-0.22993068013158968,0.112819908891281
5-20A,6.0,306.0765,-0.16968903600491386,0.029673341806850443
5-20A,6.0,308.0986,-0.20674008124115864,0.01798258324423066
5-20A,6.0,313.0441,-0.03714224127637032,0.3856487490048
5-20A,6.0,313.1037,-1.255792832694178,0.620387651320746
5-20A,6.0,317.026,0.030088791321725244,0.5802050956160308
5-20A,6.0,323.0256,-0.32727838838141815,0.3111280715577536
5-20A,6.0,325.1163,0.06916289297712296,0.17376858707030068
5-20A,6.0,328.0457,-0.29730969225925497,0.06233950640204262
5-20A,6.0,333.0589,-0.8203582346371059,0.1765717273489176
5-20A,6.0,338.9884,-0.605528668381447,0.16457209711990003
5-20A,6.0,339.0928,0.9039509216408377,0.7772243586144759
5-20A,6.0,341.1089,0.6146091478313067,0.12877209943935175
5-20A,6.0,344.0393,-0.26129805235591663,0.09847814459455012
5-20A,6.0,346.0556,0.9050015799248767,0.248600502662505
5-20A,6.0,348.087,-0.273385965382091,0.19200903071558825
5-20A,6.0,353.0489,-0.5546081226715983,0.4747592176939286
5-20A,6.0,357.089,-0.6190103657987371,0.12283808272899048
5-20A,6.0,375.131,-0.8402236156511427,0.24996895399660232
5-20A,6.0,377.1496,-0.013386030816450623,0.745418168022671
5-20A,6.0,383.1188,0.4706599934519789,0.7607053274514682
5-20A,6.0,388.9416,-0.1005036488520705,0.14950658174041176
5-20A,6.0,388.9442,-0.5706742388267655,0.3968159131707765
5-20A,6.0,401.0756,1.024510112736271,0.22141883762575354
5-20A,6.0,407.2795,-0.028801568207812434,0.27327927922899004
5-20A,6.0,421.0743,-0.2878066233653571,0.610821415473401
5-20A,6.0,426.0222,0.11498344005842158,0.6124503735913102
5-20A,6.0,442.9997,0.048257856834866386,0.20274790086574343
5-20A,6.0,466.9657,0.7030781447629728,0.1705334904506891
5-20A,6.0,490.9787,-1.1036863426423364,0.3712735802128762
5-20A,6.0,503.1614,0.3658745881832679,0.251782876841471
5-20A,6.0,547.0731,-0.9092198677451618,0.08183470346878627
5-20A,6.0,565.0471,-0.36140030309462,0.2762716175464426
5-20A,6.0,578.8872,1.1550689079228895,0.23459555971006588
5-20A,6.0,579.0269,1.1067512251058806,0.11411151091088426
5-20A,6.0,612.2549,-0.03527357338667159,0.5524014147428503
5-20A,6.0,624.2949,-0.5738273716578404,0.2825389838003646
5-20A,6.0,659.307,0.11482366079016794,0.22352843790495158
5-20A,6.0,664.0939,-0.2537052644342739,0.2432128162079021
5-20A,6.0,665.2144,-0.2592152866876096,0.48203221257136725
5-20A,6.0,668.1374,-0.608165186518855,0.004682897638743226
5-20A,6.0,787.255,0.10610752993155566,0.2810192783155086
5-20A,6.0,790.2568,0.20383261989257231,0.2518289879348641
5-20A,6.0,835.0407,-0.5957318311728107,0.20360915460470577
5-20A,6.0,863.2971,-0.6288428372349069,0.12876438542561297
5-20A,6.0,864.1473,-0.46712587296293734,0.3027637495139757
5-20A,6.0,974.2935,-0.41651307999131687,0.25050826296505513
5-20A,6.0,976.7162,0.835564184203262,0.09245528272925584
5-20A,7.0,57.0342,0.7294783793077669,0.40516690690704205
5-20A,7.0,58.0295,0.44253510959909814,0.5319389512881365
5-20A,7.0,59.0135,1.0769884604494,0.0555909978784678
5-20A,7.0,71.0137,1.0137028573620777,0.11602778603824578
5-20A,7.0,73.0293,-0.77240335049259,0.018100920923979597
5-20A,7.0,74.0247,-0.8754729351741246,0.11719210257576236
5-20A,7.0,75.0087,1.127223983199261,0.4730657261084868
5-20A,7.0,87.0088,-0.6104783542193246,0.004206751239269904
5-20A,7.0,87.0451,0.6682315815359618,0.13430373236555543
5-20A,7.0,88.0403,-0.3562839338689003,0.03135949933564717
5-20A,7.0,88.9883,-0.9230981226033426,0.40763495360544566
5-20A,7.0,89.0244,-0.7146655036217147,0.0399210675285823
5-20A,7.0,93.0338,-0.04126413746435637,0.007515209962367446
5-20A,7.0,94.9761,-1.4396308842924204,0.17790402077794445
5-20A,7.0,94.9806,1.6551671102458148,0.08146678621552762
5-20A,7.0,95.0139,0.9076686970579377,0.24914358910395376
5-20A,7.0,101.0242,0.5146652850371498,0.1188682794896499
5-20A,7.0,102.056,-0.41903986578095914,0.05872912626949373
5-20A,7.0,103.0402,-0.6225532293276831,0.04202286758226425
5-20A,7.0,103.0509,-0.6836195271595336,0.10893149661785356
5-20A,7.0,104.0352,0.07486011986232824,0.2123571231268117
5-20A,7.0,105.0193,0.7663435037017201,0.4016512973058256
5-20A,7.0,107.0503,1.3737547151385319,0.17712755564954746
5-20A,7.0,109.0295,0.03505387993993846,0.029333191516319773
5-20A,7.0,111.02,1.0769624946770395,0.10301985668081352
5-20A,7.0,112.0516,1.4716518167474932,0.5173749504812644
5-20A,7.0,113.0244,0.863223733038095,0.07770049571487644
5-20A,7.0,113.0357,2.0152487086086133,0.15574013599808595
5-20A,7.0,114.056,-0.24093511505714837,0.0014960916330484086
5-20A,7.0,115.0037,-0.3612790194562563,0.029885116544859914
5-20A,7.0,115.0402,0.23902965453296204,0.5760528057766493
5-20A,7.0,115.0764,1.2823635595433913,0.2642096039995712
5-20A,7.0,116.0354,-0.5498034771403031,0.17779367847775118
5-20A,7.0,116.0717,-0.6771907448814455,0.021849006300202364
5-20A,7.0,117.0194,-0.763931642067216,0.022498285603934933
5-20A,7.0,118.0508,-0.9034557037223817,0.19503309369902594
5-20A,7.0,118.9804,1.0384416699853274,0.06902833028413409
5-20A,7.0,119.0503,1.0538550299934117,0.24429346288756212
5-20A,7.0,120.9273,-0.41437393397503075,0.16109562628953125
5-20A,7.0,121.0295,0.4589517242668507,0.27308052894643875
5-20A,7.0,121.0409,0.45917033182977773,0.38100595030490136
5-20A,7.0,122.0248,1.1771319981664938,0.3512667970670299
5-20A,7.0,124.0075,1.5195264879912416,0.22741892931037502
5-20A,7.0,124.0144,1.0080265446880812,0.29220183396073013
5-20A,7.0,125.0439,0.721537308671869,0.2793314255190886
5-20A,7.0,127.0764,0.4999423490348519,0.330603456752555
5-20A,7.0,128.0354,-0.2764678819001536,0.006972628585717367
5-20A,7.0,129.0193,-0.7397871359132935,0.02907001567611705
5-20A,7.0,129.0556,1.1649300873308888,0.6440498615331628
5-20A,7.0,130.0142,-0.4290127330078581,0.20930847531890134
5-20A,7.0,130.0509,0.002764036519021953,0.060256939346020784
5-20A,7.0,130.0874,-0.8942086922491168,0.023297902437516317
5-20A,7.0,131.0008,-0.47392394769526447,0.16822289173592297
5-20A,7.0,131.0123,-0.4755884456856992,0.07806120973808767
5-20A,7.0,131.035,0.26020455968025513,0.1846455387087168
5-20A,7.0,131.0462,0.016223475665729223,0.23181275166088533
5-20A,7.0,131.0828,0.05276042097003998,0.06025180441334
5-20A,7.0,132.0302,0.6307326244146567,0.09616186929561348
5-20A,7.0,133.0142,-0.4046622039438378,0.03969833647588702
5-20A,7.0,133.0257,-0.401609500497888,0.02243101480423942
5-20A,7.0,133.0505,-0.5587585480656997,0.050831979977557847
5-20A,7.0,134.0472,-0.46435087767110894,0.18071343927481384
5-20A,7.0,134.0604,-0.6230400667489293,0.2301300493376061
5-20A,7.0,135.0302,-0.5647278264888698,0.0520344054786033
5-20A,7.0,135.0453,0.8790892293552008,0.17344844287345587
5-20A,7.0,136.0404,-0.2912128550644204,0.0873391222869924
5-20A,7.0,136.0487,0.6978568751288382,0.15049165992780053
5-20A,7.0,136.0767,0.6861173095091688,0.2644990059499139
5-20A,7.0,137.0239,-0.47292088769864543,0.04786163164253931
5-20A,7.0,138.9789,-0.8099869898008027,0.2375872791017299
5-20A,7.0,139.0014,-0.1652710024595236,0.02813613840559683
5-20A,7.0,139.0067,-0.6244882204429625,0.029356850100844444
5-20A,7.0,139.976,-0.08657143084204968,0.3273522477714952
5-20A,7.0,143.0713,0.5847778246395945,0.22125413304838604
5-20A,7.0,143.1077,0.746830876120642,0.18334254213953158
5-20A,7.0,145.0141,-0.2577735841732335,0.104745348082344
5-20A,7.0,145.0506,0.0018701525255831533,0.10962245399382232
5-20A,7.0,145.0623,0.1061624254304206,0.2947733112510141
5-20A,7.0,145.0982,-0.14006771740066276,0.1261247431213809
5-20A,7.0,145.1106,-0.43291366270203846,0.5086159287543317
5-20A,7.0,146.0459,-0.4733057774271977,0.003966184752700501
5-20A,7.0,147.0298,-0.7128356530543634,0.0632920582355113
5-20A,7.0,147.0662,-0.23148645578897448,0.0937542391035157
5-20A,7.0,149.0092,0.34257423512881857,0.22722077950823868
5-20A,7.0,149.0456,-0.10763134928185393,0.23392783814831417
5-20A,7.0,149.0608,0.44927188660921,0.3344816841051206
5-20A,7.0,150.0422,-0.5261122007861178,0.20977505957191203
5-20A,7.0,150.9707,0.3434138530993394,0.4567020878794521
5-20A,7.0,151.0259,-0.5082615297588662,0.0787692461225505
5-20A,7.0,151.04,-0.07872722051356167,0.5420062434975739
5-20A,7.0,151.06,0.44640402403041873,0.4221565893594157
5-20A,7.0,152.0353,-0.09862208340502594,0.34224608803688145
5-20A,7.0,152.0716,-0.03391709226271693,0.3004474140482492
5-20A,7.0,153.0192,0.31451296897997194,0.03997725771243416
5-20A,7.0,154.062,0.1874299818316121,0.1347103657939819
5-20A,7.0,154.9751,-0.689491862173788,0.019042622200376398
5-20A,7.0,155.0099,1.1588612871410364,0.09822555837182782
5-20A,7.0,157.0128,-0.20186932024495963,0.05813162632765876
5-20A,7.0,157.0255,1.4884632441144017,0.169968632822119
5-20A,7.0,157.0379,1.4535183790627473,0.1475022400703266
5-20A,7.0,157.0504,-0.5734986981277933,0.01934449337684116
5-20A,7.0,159.0297,-0.10364451643428677,0.14091288420021206
5-20A,7.0,159.0775,-0.5038905730178073,0.1730942125971676
5-20A,7.0,160.0616,-0.48140114535077994,0.35928447216675186
5-20A,7.0,161.0453,-0.3162363632547495,0.1850535600492341
5-20A,7.0,162.0424,-0.6889089872208038,0.28691270937530317
5-20A,7.0,163.0351,-0.7093266179091218,0.18014604384007313
5-20A,7.0,163.0398,1.031656974702246,0.08576539457591138
5-20A,7.0,163.0611,0.11202047633924868,0.2597330706058885
5-20A,7.0,164.0716,-0.4567937340154693,0.028866822753618893
5-20A,7.0,165.03,0.3845678489611368,0.5134422680193012
5-20A,7.0,165.0405,0.9935161159336834,0.3689060046911712
5-20A,7.0,165.0556,-0.6864644596482403,0.09469444602148243
5-20A,7.0,166.0508,0.6234407016434504,0.3789045381248107
5-20A,7.0,166.0632,-0.20507416113465898,0.6226634868156966
5-20A,7.0,166.9759,-0.36012050238593585,0.36986398555418176
5-20A,7.0,167.0207,0.13968887854387027,0.43302762813062445
5-20A,7.0,167.0358,0.17854763877188026,0.14346064577959589
5-20A,7.0,167.0828,-0.3675189511661866,0.39636931187141483
5-20A,7.0,168.0277,-0.500472743057069,0.01588659326795934
5-20A,7.0,168.0664,-0.06084247631950553,0.5997550298983386
5-20A,7.0,170.0455,-0.626759790378667,0.043881421739441324
5-20A,7.0,171.0065,-0.7576933494546678,0.18618090605951146
5-20A,7.0,171.0092,-0.5889920438164539,0.12955605348707214
5-20A,7.0,171.0284,-0.7312533031212376,0.0923574256628476
5-20A,7.0,172.0616,0.30698579181705055,0.29580790956790937
5-20A,7.0,172.962,-0.5537988614117478,0.05825650750457842
5-20A,7.0,173.0089,-0.6695851572683047,0.09644246063604925
5-20A,7.0,173.0453,-0.8885324417909978,0.1814857034284558
5-20A,7.0,173.0932,-0.5693266498112777,0.033729910918019926
5-20A,7.0,173.1041,0.3028536536487327,0.4923086625538125
5-20A,7.0,174.0407,0.16712756580586197,0.04732019363862384
5-20A,7.0,174.088,0.2525352310070265,0.2096916599104014
5-20A,7.0,175.022,-0.3879226868388319,0.07803400663475316
5-20A,7.0,175.0361,0.5709920656019498,0.061219099155952715
5-20A,7.0,175.0611,-0.808542825318854,0.049958054571786245
5-20A,7.0,176.0776,-0.6565675772607176,0.34835665185516046
5-20A,7.0,177.0402,-0.24520599110301014,0.48391549527022026
5-20A,7.0,177.0553,1.2501300155218575,0.2777076107325605
5-20A,7.0,178.0509,-0.14762419508222802,0.05772601689371665
5-20A,7.0,179.0348,0.1976728322226627,0.36738605158872933
5-20A,7.0,179.0561,0.08927137273294852,0.0935936272221827
5-20A,7.0,180.0663,0.15561873192405018,0.127173636189451
5-20A,7.0,181.0505,-1.0626471392396017,0.1841014729986313
5-20A,7.0,182.9725,0.7571823637392542,0.1402231176285908
5-20A,7.0,183.0661,-0.06878448113402427,0.6141374550813449
5-20A,7.0,184.0017,-0.42915919439180694,0.05464175444664142
5-20A,7.0,184.9856,-0.6264741220912289,0.11993339202891642
5-20A,7.0,186.1136,-0.31035143174286145,0.613951558586973
5-20A,7.0,187.0234,-0.8297101521102828,0.5415524775316143
5-20A,7.0,188.035,-0.6589707958501329,0.4541604560426308
5-20A,7.0,188.0565,-0.37275473575342727,0.04162694737962611
5-20A,7.0,189.0405,-0.5406518405260816,0.10017907528638866
5-20A,7.0,191.0197,-0.2660933723252896,0.3165330653092735
5-20A,7.0,191.0561,-0.7562370989198866,0.03136596868067822
5-20A,7.0,192.0663,-0.13498818494462972,0.4937175926098566
5-20A,7.0,193.0349,0.5367891781542822,0.24267243362742888
5-20A,7.0,194.0682,0.14482083435719,0.11640238319256643
5-20A,7.0,194.0822,0.14165156429529635,0.7294659648535986
5-20A,7.0,195.0509,0.7702953240485313,0.11330671626415187
5-20A,7.0,195.0657,-0.14517902600574065,0.390080058778827
5-20A,7.0,196.0603,0.37859134584202325,0.20472513490300412
5-20A,7.0,198.0182,-0.1527469481258685,0.42921553788652483
5-20A,7.0,199.0019,-0.021304007472181072,0.32936340201357406
5-20A,7.0,200.9937,0.09250617702665928,0.27450663319543905
5-20A,7.0,201.0051,0.6719288879882992,0.7011838875459724
5-20A,7.0,203.0348,-0.2724062499031449,0.14221378047338673
5-20A,7.0,203.0826,-0.08255671220869223,0.043031277055545054
5-20A,7.0,204.0498,-0.2538281073184552,0.23460629211141376
5-20A,7.0,205.0351,-0.4480467306182817,0.07486869240667039
5-20A,7.0,206.0822,0.604846763663532,0.24773954233614975
5-20A,7.0,209.0292,-0.23244729311800089,0.42672007191086064
5-20A,7.0,209.0814,-0.5687047503283817,0.41801533880673813
5-20A,7.0,211.0235,-0.1065090300855712,0.40057872334360456
5-20A,7.0,211.9968,0.2724652496272348,0.1147651335389875
5-20A,7.0,212.0331,-0.4688874175520387,0.3759237214566641
5-20A,7.0,212.9807,-0.4617356875778576,0.05502464029623689
5-20A,7.0,213.014,-0.6956005007296526,0.1542288796832394
5-20A,7.0,213.0384,-0.3979664731063183,0.1905843519978015
5-20A,7.0,213.1252,-0.3454640808294446,0.5258031128866456
5-20A,7.0,214.0488,-0.7076755442200061,0.4505423223051655
5-20A,7.0,215.0331,0.5321832179725492,0.12998081016413143
5-20A,7.0,216.1351,0.17148273298555106,0.3885533798484424
5-20A,7.0,218.0335,0.5587901262150123,0.13647725556804
5-20A,7.0,218.1034,-0.1892556054836514,0.07969220845147511
5-20A,7.0,220.0828,-0.30803801680703846,0.8827181716178414
5-20A,7.0,221.0443,0.8735455419245037,0.07068285020547452
5-20A,7.0,221.0664,1.1699624561283715,0.44328798112498174
5-20A,7.0,225.0399,0.4044083197099604,0.3612195959506141
5-20A,7.0,225.0861,-0.3023219254904019,0.3389368292569175
5-20A,7.0,225.0901,0.7014134048531692,0.2859156097608247
5-20A,7.0,226.0135,-0.8145550400109867,0.16301843791686402
5-20A,7.0,226.0697,0.20560699929634832,0.4459437047063898
5-20A,7.0,228.0501,-0.7613876745574619,0.12494492222626136
5-20A,7.0,229.0122,-0.21108038871730295,0.22103934914161757
5-20A,7.0,237.0614,-0.3706672497451453,0.12848350781469292
5-20A,7.0,238.0945,-0.558468748970087,0.10351768566936624
5-20A,7.0,240.0515,0.6129621364674506,0.11933357551545351
5-20A,7.0,241.0844,-0.04798826650235355,0.9068490561001026
5-20A,7.0,242.0804,-1.2949343357386487,0.7101928854830907
5-20A,7.0,243.029,-0.5270347308290835,0.24478281685129594
5-20A,7.0,243.0625,-0.21564599404842763,0.5015793723191837
5-20A,7.0,245.0444,-0.7475645985914283,0.23871495997365877
5-20A,7.0,246.0198,-0.5653385459725646,0.2751157739905626
5-20A,7.0,246.064,1.2523037498464669,0.9673952450352699
5-20A,7.0,251.0816,-0.003518896004633631,0.3339204289575063
5-20A,7.0,253.0119,-0.2657539834751721,0.013853812060409346
5-20A,7.0,253.0499,1.2078888585797625,0.9804423765712755
5-20A,7.0,257.0072,-0.8635694958332027,0.20571619240780847
5-20A,7.0,257.1028,0.5585695033162374,0.14600212585715533
5-20A,7.0,259.005,-0.5623855029849534,0.3102025802843555
5-20A,7.0,259.0227,0.20678462705275147,0.17816546180247392
5-20A,7.0,261.0385,0.1793034984273272,0.14440862013378702
5-20A,7.0,266.0703,-0.8168822411520837,0.1921070238471725
5-20A,7.0,267.0724,-0.33406300000467093,0.03265542683394144
5-20A,7.0,268.02,-0.5465254292103987,0.4188016377523395
5-20A,7.0,269.0398,-0.7214264405163269,0.08187306460371295
5-20A,7.0,271.0612,0.27853741426658407,0.16428960940097428
5-20A,7.0,271.0815,-0.11285859897803993,0.43927928357655904
5-20A,7.0,273.0021,-0.6375404532630058,0.11088892244093809
5-20A,7.0,274.0933,0.10177060697650808,0.31640291478363014
5-20A,7.0,275.0184,-0.6250489732865123,0.5933397320311028
5-20A,7.0,275.0991,-0.1922303199792768,0.21784618980822154
5-20A,7.0,277.1207,0.0353162992293675,0.08690247397022134
5-20A,7.0,277.2169,0.010713135925583865,0.22819988498244778
5-20A,7.0,279.2331,-0.11248858715436881,0.016977314373638776
5-20A,7.0,282.0839,-0.8125371418486126,0.24641284782813014
5-20A,7.0,283.2063,-0.2700032862946001,0.12258522510155352
5-20A,7.0,285.0972,-0.06516784839956774,0.8794133584234679
5-20A,7.0,287.0157,-0.3110261075957359,0.24116953941194202
5-20A,7.0,288.0725,-0.367328647725494,0.16305706652138366
5-20A,7.0,289.0333,0.5275384575429793,0.4407590733852432
5-20A,7.0,289.1044,-0.13386919661602192,0.05738329514816295
5-20A,7.0,290.9677,-0.3423955479117595,0.08012015947607702
5-20A,7.0,294.0479,0.39517236424937807,0.4249686704405953
5-20A,7.0,300.0509,0.2747094904718002,0.24086375841945318
5-20A,7.0,301.0333,0.5984939366172715,0.24365541870965357
5-20A,7.0,303.2326,-0.1779836288934986,0.37379580625378317
5-20A,7.0,305.0207,0.30552476042508936,0.09875020287467343
5-20A,7.0,306.0481,0.883514089128986,0.1964507558184404
5-20A,7.0,306.0765,0.025760500622724135,0.034036341662099116
5-20A,7.0,308.0986,-0.22101450856927574,0.057406663763177906
5-20A,7.0,313.0441,0.9476962675347413,0.8771741006473261
5-20A,7.0,313.1037,-0.6613126087415219,0.6105390897041006
5-20A,7.0,317.026,0.10256369156640918,0.48906635669363296
5-20A,7.0,323.0256,-0.9823006138674093,0.3237003804206533
5-20A,7.0,325.1163,-0.6780974726712621,0.19229296246312375
5-20A,7.0,328.0457,-0.14258863660689433,0.2055263835484967
5-20A,7.0,333.0589,-0.5816440093214671,0.3539797364405469
5-20A,7.0,338.9884,-0.6563022566837984,0.12084067999175596
5-20A,7.0,339.0928,0.9126694750494619,0.3935613337931189
5-20A,7.0,341.1089,0.4448857193582418,0.07246119577681615
5-20A,7.0,344.0393,-0.1321996641414815,0.1554674207007878
5-20A,7.0,346.0556,0.20727694419240084,0.1433312914033084
5-20A,7.0,348.087,0.7939128434695928,0.034491493817136114
5-20A,7.0,353.0489,-0.2935510800819793,0.4799733473703297
5-20A,7.0,357.089,-0.3890094210629361,0.20333815943073744
5-20A,7.0,375.131,-1.095935389925671,0.3923663553356423
5-20A,7.0,377.1496,-0.5808122294517464,0.15265675949381385
5-20A,7.0,383.1188,0.04235156058459995,0.3959089008527192
5-20A,7.0,388.9416,-0.18856734665685465,0.24766863813732906
5-20A,7.0,388.9442,-0.3617095321713455,0.24647236394598016
5-20A,7.0,401.0756,0.8572444531009188,0.12284072917266829
5-20A,7.0,407.2795,0.6700738478435253,0.495812059083931
5-20A,7.0,421.0743,-0.2254676069716059,0.2444826304573847
5-20A,7.0,426.0222,-0.6292534004832564,0.47859971132853846
5-20A,7.0,442.9997,-0.17147870237071072,0.2648419512047818
5-20A,7.0,466.9657,0.042248323852253473,0.247461351859536
5-20A,7.0,490.9787,0.43330650767343937,0.5352322579586847
5-20A,7.0,503.1614,0.44425962901741317,0.29236781407862267
5-20A,7.0,547.0731,-0.7732877595892125,0.13160291750136427
5-20A,7.0,565.0471,-0.15596254540801746,0.16526363507942599
5-20A,7.0,578.8872,0.6699971633020333,0.2348258101110487
5-20A,7.0,579.0269,1.2745236346611173,0.19402068860360544
5-20A,7.0,612.2549,-0.6298717228160993,0.539220792221712
5-20A,7.0,624.2949,-0.890600852844522,0.22234900041193276
5-20A,7.0,659.307,-0.8215849468081473,0.15038228134869955
5-20A,7.0,664.0939,-0.6394278048246109,0.26653533852473066
5-20A,7.0,665.2144,-0.572185444883942,0.48137220870374975
5-20A,7.0,668.1374,-0.5438709187018216,0.013723338180381944
5-20A,7.0,787.255,-1.2845400087723347,0.19597998908023928
5-20A,7.0,790.2568,-0.6047660504232661,0.23631565498123536
5-20A,7.0,835.0407,-0.788329830132697,0.20810785937839466
5-20A,7.0,863.2971,-0.8255556512335621,0.14764373151087437
5-20A,7.0,864.1473,-1.3778529785469011,0.23798065280524158
5-20A,7.0,974.2935,-1.033449113874993,0.4563841836042382
5-20A,7.0,976.7162,-0.16369953173530266,0.15560141552576712
5-20A,8.0,57.0342,0.4009871740994292,0.3443578087339316
5-20A,8.0,58.0295,-0.03557759748822554,0.42146331456878966
5-20A,8.0,59.0135,0.7917314294495292,0.101411247536122
5-20A,8.0,71.0137,0.7106925362346868,0.06661902490947202
5-20A,8.0,73.0293,-0.7034237083982195,0.029534700944113954
5-20A,8.0,74.0247,-1.1953249627756048,0.07408182240200846
5-20A,8.0,75.0087,-0.13975104876617755,0.9007897310930142
5-20A,8.0,87.0088,-0.6036266222764817,0.034397561276180606
5-20A,8.0,87.0451,-0.2756461848050701,0.3098023913563155
5-20A,8.0,88.0403,-0.39968968773494784,0.00531879127369217
5-20A,8.0,88.9883,-0.4944214368769505,0.3018782606498763
5-20A,8.0,89.0244,-0.16498660184961617,0.06403743031693013
5-20A,8.0,93.0338,-0.03880525586597414,0.007992339115204857
5-20A,8.0,94.9761,-0.6926495815792415,0.31692252568755813
5-20A,8.0,94.9806,1.4008859246142378,0.27151259601233024
5-20A,8.0,95.0139,0.6350488193406223,0.3144491197312674
5-20A,8.0,101.0242,0.2558915745190887,0.13782733691646393
5-20A,8.0,102.056,-0.5118950519235722,0.02226382922559979
5-20A,8.0,103.0402,-0.6828490251915621,0.02067714121675068
5-20A,8.0,103.0509,-0.7282930620869168,0.0686048828708794
5-20A,8.0,104.0352,-0.8206092546891701,0.1879232965734063
5-20A,8.0,105.0193,-0.5542173932758497,0.185695820532004
5-20A,8.0,107.0503,0.9609408705998785,0.2141573883868328
5-20A,8.0,109.0295,-0.29023832226556157,0.1476499317756964
5-20A,8.0,111.02,1.9542617085495568,0.059610900952666676
5-20A,8.0,112.0516,0.8662861390208416,0.5737806891889522
5-20A,8.0,113.0244,0.7151020266206197,0.06612913408889162
5-20A,8.0,113.0357,1.6535510381206842,0.11383878764816627
5-20A,8.0,114.056,-0.24578402159576856,0.0028052403858777482
5-20A,8.0,115.0037,-0.4275558884997087,0.06381274139829278
5-20A,8.0,115.0402,-0.4682018396320613,0.23045675195305176
5-20A,8.0,115.0764,1.0148622350921395,0.5620783522994389
5-20A,8.0,116.0354,-0.8423105851206566,0.36449763264935237
5-20A,8.0,116.0717,-0.7610902531652046,0.02703214676099513
5-20A,8.0,117.0194,-0.7126640488342251,0.033753104402792306
5-20A,8.0,118.0508,-1.0734696954109213,0.11306689518381309
5-20A,8.0,118.9804,0.47042966375155104,0.11873751190076477
5-20A,8.0,119.0503,1.8035323393976612,0.6686490396041045
5-20A,8.0,120.9273,-0.6051481140388517,0.06350935423897483
5-20A,8.0,121.0295,0.3257192030615617,0.3409044458411416
5-20A,8.0,121.0409,0.3912768951137702,0.4928919625784497
5-20A,8.0,122.0248,0.6175621645900912,0.15906061792489548
5-20A,8.0,124.0075,-0.352543356910293,0.14969827552078904
5-20A,8.0,124.0144,0.7834079670929841,0.359692905134708
5-20A,8.0,125.0439,0.6113643298911061,0.19762711328424246
5-20A,8.0,127.0764,0.6285265077775923,0.6331456183752736
5-20A,8.0,128.0354,-0.3749714274622735,0.012214104587800628
5-20A,8.0,129.0193,-0.7957719205396749,0.09534372933982159
5-20A,8.0,129.0556,0.5240655770933036,0.16996017368449398
5-20A,8.0,130.0142,-0.6934625704493659,0.1068072097354044
5-20A,8.0,130.0509,0.007457624918885421,0.057739019720699246
5-20A,8.0,130.0874,-1.0342505993577307,0.04341386503395975
5-20A,8.0,131.0008,-0.8625310023436672,1.054746113184734
5-20A,8.0,131.0123,-0.489155342461307,0.09053088747997541
5-20A,8.0,131.035,0.2814435614952852,0.12455873305836448
5-20A,8.0,131.0462,0.04114799487074551,0.19563524943379823
5-20A,8.0,131.0828,-0.6398839234481584,0.07682108434820474
5-20A,8.0,132.0302,0.3962362777316858,0.0038868769548903543
5-20A,8.0,133.0142,-0.5073822527890596,0.05369427939265944
5-20A,8.0,133.0257,-0.4504587950116869,0.027858574844976027
5-20A,8.0,133.0505,-0.338331455576254,0.03613926481993892
5-20A,8.0,134.0472,0.2976329241532922,0.36018975203055476
5-20A,8.0,134.0604,-0.4076850410011913,0.3752543601062624
5-20A,8.0,135.0302,-0.722990280059162,0.25222958258348305
5-20A,8.0,135.0453,1.4354942003483742,0.06032281180202962
5-20A,8.0,136.0404,-0.36685550049085863,0.08450131117659786
5-20A,8.0,136.0487,1.1594510959175555,0.5353983377276063
5-20A,8.0,136.0767,0.5723316757587809,0.2817818810388667
5-20A,8.0,137.0239,-0.05985572275020283,0.10339043325964668
5-20A,8.0,138.9789,1.776202261974622,0.04096614752653854
5-20A,8.0,139.0014,-0.1175769548921003,0.015373701081705155
5-20A,8.0,139.0067,-0.6159680089543083,0.0071060595206877296
5-20A,8.0,139.976,1.1606052941400895,0.9330543942836351
5-20A,8.0,143.0713,0.613924442185048,0.38314208204611117
5-20A,8.0,143.1077,1.5151278663696308,0.43748784233335114
5-20A,8.0,145.0141,-0.25542572728720975,0.06120010523190596
5-20A,8.0,145.0506,-0.4213900227730677,0.03872673126410038
5-20A,8.0,145.0623,-0.805008170750686,0.19385391201848298
5-20A,8.0,145.0982,-0.7515838528590233,0.08768824269857772
5-20A,8.0,145.1106,-0.2778389824338076,0.6843187337701316
5-20A,8.0,146.0459,-0.48888835945260045,0.0053532612991892695
5-20A,8.0,147.0298,-0.7678122502924216,0.05736305908433974
5-20A,8.0,147.0662,0.08792631041942478,0.07878752027331296
5-20A,8.0,149.0092,0.5533715740048883,0.15485604508687628
5-20A,8.0,149.0456,1.213194193978044,0.12955180143734527
5-20A,8.0,149.0608,1.5889761584528632,0.2618767400571547
5-20A,8.0,150.0422,-0.6946973509299113,0.696836316226309
5-20A,8.0,150.9707,0.21785294761987406,0.8142217212938178
5-20A,8.0,151.0259,-0.6125184922461261,0.04488343930524449
5-20A,8.0,151.04,0.2667778730405024,0.7544211526827063
5-20A,8.0,151.06,-0.08456861802415551,0.9043476058399907
5-20A,8.0,152.0353,1.1909192915857008,0.32933385729217685
5-20A,8.0,152.0716,0.06897957793089114,0.3074607934361305
5-20A,8.0,153.0192,0.3768951268949393,0.12191966831530732
5-20A,8.0,154.062,-0.5260967918736553,0.07383093076986323
5-20A,8.0,154.9751,-0.7903054475630231,0.019342135837107397
5-20A,8.0,155.0099,2.1514639235816846,0.061041319873427195
5-20A,8.0,157.0128,0.11354433002535273,0.08095678672060566
5-20A,8.0,157.0255,1.5589724876689433,0.08005747726420587
5-20A,8.0,157.0379,1.615385213877726,0.0807813487195828
5-20A,8.0,157.0504,-0.593269481132543,0.027435066169461356
5-20A,8.0,159.0297,-0.16037632341322222,0.12449669877410437
5-20A,8.0,159.0775,-0.21097321321510176,0.04296110000526651
5-20A,8.0,160.0616,1.0466451587800565,0.38007007084251615
5-20A,8.0,161.0453,-0.058372425473242784,0.10187775350224582
5-20A,8.0,162.0424,-0.6908720568930569,0.13369083192130207
5-20A,8.0,163.0351,-0.5372820447390079,0.22800924885273152
5-20A,8.0,163.0398,0.8423375652525,0.07793121850205553
5-20A,8.0,163.0611,0.29551020892989965,0.6547366675061638
5-20A,8.0,164.0716,-0.57605792484101,0.08941641858471498
5-20A,8.0,165.03,0.33339950890397557,0.21575949522687018
5-20A,8.0,165.0405,1.0807721618713904,0.47395045024658083
5-20A,8.0,165.0556,-0.5307133311121813,0.12139277876449966
5-20A,8.0,166.0508,-0.1869347750643631,0.2868145395502147
5-20A,8.0,166.0632,-0.13576802715570774,0.5707327907110773
5-20A,8.0,166.9759,-0.04246582130021474,0.31438255764776296
5-20A,8.0,167.0207,-0.16894747218237877,0.16937503686283445
5-20A,8.0,167.0358,1.060350452581923,0.6159161369951247
5-20A,8.0,167.0828,0.716077741601402,0.5722700619824186
5-20A,8.0,168.0277,-0.49124871224490196,0.01050732929931099
5-20A,8.0,168.0664,-0.031794457501510553,0.7063101110265984
5-20A,8.0,170.0455,-0.7237529610986122,0.017294115336238154
5-20A,8.0,171.0065,-0.39964011296850943,0.2142122031606853
5-20A,8.0,171.0092,-0.39620255876958554,0.23639727904754373
5-20A,8.0,171.0284,-0.7114672578161345,0.07297325202086505
5-20A,8.0,172.0616,0.4674857412496236,0.2469522597873925
5-20A,8.0,172.962,-0.24020265910674013,0.09023148150002863
5-20A,8.0,173.0089,-0.5643137172365029,0.18178458347882437
5-20A,8.0,173.0453,-0.967382108548951,0.15222919650311295
5-20A,8.0,173.0932,-0.6056559071135248,0.11254216983701186
5-20A,8.0,173.1041,0.007356007690990346,0.5575135549797333
5-20A,8.0,174.0407,0.18152892992476494,0.0177994401454684
5-20A,8.0,174.088,-0.3893552048835828,0.14202741623429377
5-20A,8.0,175.022,-0.7508571646685372,0.16943741725774925
5-20A,8.0,175.0361,0.5160745674829266,0.07168120440340879
5-20A,8.0,175.0611,-0.8245549237753478,0.05258020435265445
5-20A,8.0,176.0776,-0.593716893111093,0.1614239494722074
5-20A,8.0,177.0402,-0.6653068575306308,0.3678440501470119
5-20A,8.0,177.0553,1.156916038444814,0.5684429190314212
5-20A,8.0,178.0509,-0.4270530428633771,0.07457807738462076
5-20A,8.0,179.0348,0.7715712262664355,0.15912630688298773
5-20A,8.0,179.0561,1.0543362576583957,0.08655438956097544
5-20A,8.0,180.0663,1.171991462024803,0.09496960949443191
5-20A,8.0,181.0505,-1.005744095200463,0.0712493860520427
5-20A,8.0,182.9725,0.557682316588384,0.1996615985358133
5-20A,8.0,183.0661,-0.10127788932400496,0.38176750741640086
5-20A,8.0,184.0017,-0.5125001738773438,0.09857437696586308
5-20A,8.0,184.9856,-0.5770071338291931,0.11185628087919322
5-20A,8.0,186.1136,0.7984858144002841,0.41625709677205386
5-20A,8.0,187.0234,-0.6202333208697866,0.18824680675129435
5-20A,8.0,188.035,-0.015018511282769001,0.4819741899158511
5-20A,8.0,188.0565,-0.5821455511491682,0.04010307002257861
5-20A,8.0,189.0405,-0.8968643556593966,0.09515835137648679
5-20A,8.0,191.0197,-0.8230266647681497,0.15951660490056083
5-20A,8.0,191.0561,-0.934878296280653,0.05839291747278664
5-20A,8.0,192.0663,-0.13097442002211335,0.39930612837712526
5-20A,8.0,193.0349,-0.1513165527544404,0.37350501550000026
5-20A,8.0,194.0682,0.49393299817520103,0.1541771515172197
5-20A,8.0,194.0822,0.8616096826829872,0.378864428376278
5-20A,8.0,195.0509,0.6702772864435204,0.21715181296720978
5-20A,8.0,195.0657,0.33745390177452506,0.4344835911434024
5-20A,8.0,196.0603,-0.2872632709246795,0.23205246190916176
5-20A,8.0,198.0182,-0.32626864615956697,0.10733012413980336
5-20A,8.0,199.0019,-0.5379590582967307,0.46943184615359795
5-20A,8.0,200.9937,0.3817506323078398,0.18781864417432934
5-20A,8.0,201.0051,0.06087600578566745,0.5124244587148431
5-20A,8.0,203.0348,-0.057180786910754275,0.0710263304624385
5-20A,8.0,203.0826,-0.09089922526213498,0.007292368330578691
5-20A,8.0,204.0498,0.8388617945854684,0.5299804602736532
5-20A,8.0,205.0351,-0.9268342615569414,0.04866290338107396
5-20A,8.0,206.0822,0.03566697201507529,0.5728472347147692
5-20A,8.0,209.0292,-0.09089619310553843,0.4310291319965143
5-20A,8.0,209.0814,-0.6061675689592165,0.4877061280602976
5-20A,8.0,211.0235,-0.5032439428582857,0.2961826668538429
5-20A,8.0,211.9968,0.1521736157228851,0.06721796877802343
5-20A,8.0,212.0331,-0.29400635052210006,0.2451773617332722
5-20A,8.0,212.9807,-0.26310268605126014,0.15866447035277345
5-20A,8.0,213.014,-0.7966940763910354,0.18821914363315534
5-20A,8.0,213.0384,-0.2907221810911951,0.3344139705029522
5-20A,8.0,213.1252,0.041781701058436704,0.5863154405725766
5-20A,8.0,214.0488,-0.591449274427796,0.7220828188398468
5-20A,8.0,215.0331,0.8496782545751592,0.0659359611913576
5-20A,8.0,216.1351,0.11662843300995847,0.08911061420355736
5-20A,8.0,218.0335,0.5444227631940128,0.04712737397802948
5-20A,8.0,218.1034,-0.4576044230836196,0.018713115133628035
5-20A,8.0,220.0828,0.6061299791117978,0.3867129744604829
5-20A,8.0,221.0443,0.7752731920881109,0.18299809108856702
5-20A,8.0,221.0664,0.7675352612583779,0.2973546982061091
5-20A,8.0,225.0399,0.15538836204636058,0.46176553359147704
5-20A,8.0,225.0861,1.210161730656734,0.44441985807176887
5-20A,8.0,225.0901,0.3864137516756536,0.27434087749801006
5-20A,8.0,226.0135,-0.155884744274868,0.19904010219941135
5-20A,8.0,226.0697,-0.336475230470229,0.11237270827431277
5-20A,8.0,228.0501,-0.7702490417292132,0.1587110637756185
5-20A,8.0,229.0122,-0.16265099747601394,0.2439293186466786
5-20A,8.0,237.0614,-0.5000722838219676,0.10969237209718766
5-20A,8.0,238.0945,-0.4085458393290698,0.30084460473422375
5-20A,8.0,240.0515,-0.1315927765873282,0.024762809346106605
5-20A,8.0,241.0844,-0.7100253491685449,0.41831660681584815
5-20A,8.0,242.0804,-1.1465269962240658,0.2994351288792643
5-20A,8.0,243.029,0.023682931079135796,0.23890602082584875
5-20A,8.0,243.0625,-0.32822128085010405,0.5926486698671942
5-20A,8.0,245.0444,-0.3440395887724139,0.09076594945735043
5-20A,8.0,246.0198,-0.0644423234218368,0.12438307829122267
5-20A,8.0,246.064,0.0696295691023011,0.5774981894173564
5-20A,8.0,251.0816,-1.1924338312730096,0.5967768853480739
5-20A,8.0,253.0119,-0.25440632836027005,0.01698537576653794
5-20A,8.0,253.0499,0.22055377524351105,0.7311303054034589
5-20A,8.0,257.0072,-0.5606764701837703,0.11012238528843384
5-20A,8.0,257.1028,-0.1226244681827775,0.6323142493520709
5-20A,8.0,259.005,-0.18328150264646798,0.39512055134446716
5-20A,8.0,259.0227,0.15412042930886244,0.17645058862221172
5-20A,8.0,261.0385,0.3141509005786871,0.2806123240038618
5-20A,8.0,266.0703,-0.501534647436363,0.12956711016019729
5-20A,8.0,267.0724,-0.4337310230629092,0.10407365623375489
5-20A,8.0,268.02,-0.4488843226039495,0.5960973239994798
5-20A,8.0,269.0398,-0.5586565052443373,0.19291131440013642
5-20A,8.0,271.0612,0.46823979658824133,0.19046591590817905
5-20A,8.0,271.0815,-0.18851322582622398,0.8529957693686769
5-20A,8.0,273.0021,-0.7075084277173069,0.13068381340453078
5-20A,8.0,274.0933,-0.3624851983697587,0.20900950268136842
5-20A,8.0,275.0184,-0.1755281242927069,0.45937892494969357
5-20A,8.0,275.0991,-0.040000914539799794,0.16462583663389932
5-20A,8.0,277.1207,0.1223733875517737,0.10859303825618478
5-20A,8.0,277.2169,0.22563833552373302,0.17889064312569516
5-20A,8.0,279.2331,-0.24674740360286823,0.015888078233996322
5-20A,8.0,282.0839,-0.6373739975416464,0.23955863118205278
5-20A,8.0,283.2063,-0.1951430987648063,0.1446602396457586
5-20A,8.0,285.0972,-0.13860214162571544,0.5237505495225235
5-20A,8.0,287.0157,1.2851201652443458,0.3949653905703516
5-20A,8.0,288.0725,-0.44839977495118855,0.20020033131987264
5-20A,8.0,289.0333,-0.3864599138033627,0.16519278032680226
5-20A,8.0,289.1044,-0.8621952307767663,0.12709792516922358
5-20A,8.0,290.9677,-0.35000484187555214,0.12599545235512088
5-20A,8.0,294.0479,1.0510429111886959,1.186398617270096
5-20A,8.0,300.0509,-0.3754211937026154,0.4663497205033992
5-20A,8.0,301.0333,0.47760309158812086,0.43944750307855873
5-20A,8.0,303.2326,-0.07947573102895822,0.23005095182026672
5-20A,8.0,305.0207,1.159860528086709,0.255738312844223
5-20A,8.0,306.0481,-0.15390187389070598,0.2178928012623848
5-20A,8.0,306.0765,-0.19429283123870772,0.008523309733937933
5-20A,8.0,308.0986,-0.3633152261990079,0.0070584486823940425
5-20A,8.0,313.0441,0.5528994892212491,0.14232428270425002
5-20A,8.0,313.1037,-0.43901120519915804,0.3142797266795843
5-20A,8.0,317.026,0.8199987132546107,0.3833543061561792
5-20A,8.0,323.0256,1.6092684053109267,0.3741343859711779
5-20A,8.0,325.1163,0.7589060113626901,0.43071240958316054
5-20A,8.0,328.0457,-0.22432430996566066,0.14182205326069158
5-20A,8.0,333.0589,-0.020686780027346183,0.31452063331681135
5-20A,8.0,338.9884,-0.18635136960621984,0.6484472162858751
5-20A,8.0,339.0928,0.4470987230289258,1.1950702996418305
5-20A,8.0,341.1089,0.3919072557279454,0.19463027082388795
5-20A,8.0,344.0393,0.53416776098239,0.4748032099564446
5-20A,8.0,346.0556,0.1807231194729234,0.22342172296811177
5-20A,8.0,348.087,-0.25304506880083694,0.24312727235459275
5-20A,8.0,353.0489,-0.03249403749236024,0.634150397406326
5-20A,8.0,357.089,-0.28483596517750975,0.2549560616318743
5-20A,8.0,375.131,-0.39427643836961235,0.33247261347903595
5-20A,8.0,377.1496,-1.1501425428475631,0.23630891854248104
5-20A,8.0,383.1188,0.5488878706961722,0.5397242694116712
5-20A,8.0,388.9416,-0.12065381699384314,0.1214586817700973
5-20A,8.0,388.9442,-0.6244080205381591,0.21714026438043416
5-20A,8.0,401.0756,0.46804901414507977,0.14977221203647953
5-20A,8.0,407.2795,-0.33212579570223466,0.21901308878332104
5-20A,8.0,421.0743,0.6633356419150592,0.5247533839896058
5-20A,8.0,426.0222,0.11383846030374208,0.4966533638196627
5-20A,8.0,442.9997,0.004081055114685091,0.03290299886680005
5-20A,8.0,466.9657,1.1293957956679608,0.27537294068755924
5-20A,8.0,490.9787,0.5113069767826426,1.2250085480397785
5-20A,8.0,503.1614,0.6002359381202946,0.3984512289217805
5-20A,8.0,547.0731,-0.9276538802073248,0.10010988275834537
5-20A,8.0,565.0471,-0.4881597706033748,0.364354290581224
5-20A,8.0,578.8872,0.4695040032982679,0.07550593729912598
5-20A,8.0,579.0269,-0.06031206829855926,0.130781190699838
5-20A,8.0,612.2549,-0.7343909287704908,0.5885531309473906
5-20A,8.0,624.2949,0.5206174993615471,0.6551105066988439
5-20A,8.0,659.307,0.9375222729810438,0.23234220860199675
5-20A,8.0,664.0939,-0.2306020914421443,0.3199819376265409
5-20A,8.0,665.2144,-0.39117658473307815,0.07653837011943827
5-20A,8.0,668.1374,-0.5469467431217723,0.010754956087052263
5-20A,8.0,787.255,0.5281790625867382,0.312696432623187
5-20A,8.0,790.2568,1.3043534938687613,0.6596368666284187
5-20A,8.0,835.0407,-0.5647202889674052,0.2860373628631696
5-20A,8.0,863.2971,-0.6510846938686752,0.06251400435986952
5-20A,8.0,864.1473,0.9033660688228938,0.6508993989366082
5-20A,8.0,974.2935,-0.7452705205670106,0.4296992415445974
5-20A,8.0,976.7162,1.0510401277310137,0.15455850312932184
5-20A,9.0,57.0342,0.32713284643773055,0.21188964751291703
5-20A,9.0,58.0295,1.824086675636961,0.39334902739787175
5-20A,9.0,59.0135,0.965817753195393,0.27188307587400606
5-20A,9.0,71.0137,0.7384111828102262,0.14152419638143182
5-20A,9.0,73.0293,-0.6217627452498343,0.017000117202925342
5-20A,9.0,74.0247,-1.0454256583040646,0.3767147139053216
5-20A,9.0,75.0087,0.06262892921504079,0.18934424058354957
5-20A,9.0,87.0088,-0.6274558348820227,0.00856423976694931
5-20A,9.0,87.0451,-0.2594014042567675,0.23937048396114194
5-20A,9.0,88.0403,0.2915939624086902,0.053863356650121326
5-20A,9.0,88.9883,-1.0070348163120066,0.6658120749013208
5-20A,9.0,89.0244,-0.42702821041910893,0.09292297685564412
5-20A,9.0,93.0338,-0.021566926362422106,0.010118129519706141
5-20A,9.0,94.9761,-0.6378762927802129,0.37339572687974115
5-20A,9.0,94.9806,1.023079972955768,0.2171229062614212
5-20A,9.0,95.0139,0.44768542405311806,0.08086776882882407
5-20A,9.0,101.0242,0.23558779107844086,0.21584708202152317
5-20A,9.0,102.056,-0.5102836161457207,0.06678517609070717
5-20A,9.0,103.0402,-0.5838360009846052,0.039486157175103995
5-20A,9.0,103.0509,-0.5323386929736224,0.09376485764242133
5-20A,9.0,104.0352,-0.6587174904072859,0.05855805330008706
5-20A,9.0,105.0193,-1.2809639151775523,0.15065015692269804
5-20A,9.0,107.0503,0.5757269867184907,0.4022273713282148
5-20A,9.0,109.0295,0.15816846284129843,0.18613253140888947
5-20A,9.0,111.02,1.5193453988650765,0.16333666378470826
5-20A,9.0,112.0516,1.7210295091970318,0.5813007156546793
5-20A,9.0,113.0244,0.5881821144407027,0.05455759167158345
5-20A,9.0,113.0357,3.5015776920486275,0.20326478245411914
5-20A,9.0,114.056,-0.2428775311695086,0.0015016040186599162
5-20A,9.0,115.0037,0.04534178975480176,0.04006677026587328
5-20A,9.0,115.0402,-0.5238397823961338,0.42492209460844277
5-20A,9.0,115.0764,0.8856140704067823,0.4427479261895236
5-20A,9.0,116.0354,-0.5023536588026276,0.16350911300803517
5-20A,9.0,116.0717,-0.7396236237403041,0.00936711463860243
5-20A,9.0,117.0194,-0.6214199691668814,0.024502103513844912
5-20A,9.0,118.0508,-0.7564114872121387,0.08213964459035981
5-20A,9.0,118.9804,0.6863297303347753,0.04427521764424875
5-20A,9.0,119.0503,1.6327281276318242,0.19515241653941917
5-20A,9.0,120.9273,-0.6136510883992117,0.06241088336711799
5-20A,9.0,121.0295,0.09240124065194788,0.5112015128777541
5-20A,9.0,121.0409,-0.4932556758868698,0.4289558363043785
5-20A,9.0,122.0248,-0.7407823117544723,0.10712889612297906
5-20A,9.0,124.0075,-0.2696178087111109,0.3416062392950825
5-20A,9.0,124.0144,0.14352232783287758,0.23538991349315902
5-20A,9.0,125.0439,-0.594110925198983,0.028894047149044932
5-20A,9.0,127.0764,0.44014485271983894,0.3706309419058934
5-20A,9.0,128.0354,-0.3503768127232444,0.003132532624250378
5-20A,9.0,129.0193,-0.5560839226344063,0.08315222943575969
5-20A,9.0,129.0556,0.2980862479720068,0.6500923410687647
5-20A,9.0,130.0142,-0.666530517665507,0.4640055441751855
5-20A,9.0,130.0509,1.7113040126290708,0.1236459596988471
5-20A,9.0,130.0874,-1.00409034526129,0.010647743780907397
5-20A,9.0,131.0008,-0.9750910501904494,0.1705606107394595
5-20A,9.0,131.0123,-0.5685011326944073,0.016605150516377558
5-20A,9.0,131.035,-0.5692072444373601,0.21515286129895655
5-20A,9.0,131.0462,-0.5211132311595318,0.45408400989287473
5-20A,9.0,131.0828,-0.6613393491727226,0.03601803012232314
5-20A,9.0,132.0302,1.679809553674716,0.1681162534363036
5-20A,9.0,133.0142,-0.42056707637175417,0.06792776916298102
5-20A,9.0,133.0257,-0.39064885546847605,0.10387345442197965
5-20A,9.0,133.0505,0.037893338184397066,0.047802817435771965
5-20A,9.0,134.0472,0.9027168834908996,0.3612888799607063
5-20A,9.0,134.0604,-0.04726163927537548,0.3560033838826147
5-20A,9.0,135.0302,-0.6036405419706743,0.11765257120608169
5-20A,9.0,135.0453,1.6825384540222894,0.11293043604989275
5-20A,9.0,136.0404,-0.3950122196133759,0.08396396329563577
5-20A,9.0,136.0487,1.3280303105881335,0.11955177257686425
5-20A,9.0,136.0767,0.3586485905358894,0.19765049620346295
5-20A,9.0,137.0239,-0.047789426735339216,0.2133021982982158
5-20A,9.0,138.9789,-0.13269379838768974,0.1564111834657669
5-20A,9.0,139.0014,0.07055488183746952,0.05676811040882214
5-20A,9.0,139.0067,-0.5852969873014293,0.07543370326388091
5-20A,9.0,139.976,0.43598015081848884,0.6389147357639745
5-20A,9.0,143.0713,0.10309161888841503,0.4432207137907665
5-20A,9.0,143.1077,1.4437161284904643,0.23836300062788038
5-20A,9.0,145.0141,-0.2666231985897844,0.1476888901647044
5-20A,9.0,145.0506,-0.21850658643180582,0.09099541222217127
5-20A,9.0,145.0623,-0.5286972269338298,0.08732235984673262
5-20A,9.0,145.0982,-0.8455259707763464,0.08493499190497024
5-20A,9.0,145.1106,-1.1945636410106057,0.6496153017615844
5-20A,9.0,146.0459,-0.4780210012588647,0.006614707734326733
5-20A,9.0,147.0298,-0.6142337205545467,0.07137853828581366
5-20A,9.0,147.0662,0.7277703901822208,0.13920769531914273
5-20A,9.0,149.0092,0.9514910935640108,0.28309047688197536
5-20A,9.0,149.0456,0.8873068615480895,0.2853429516837244
5-20A,9.0,149.0608,1.4809172745747883,0.7467545707214209
5-20A,9.0,150.0422,-1.1008946418275554,0.45127500974146084
5-20A,9.0,150.9707,-0.06796332406364572,0.9319932581783336
5-20A,9.0,151.0259,-0.6185360082017666,0.03465475653391068
5-20A,9.0,151.04,0.5721642570327331,0.3109912257250501
5-20A,9.0,151.06,-0.9393050662095677,1.6784636094738434
5-20A,9.0,152.0353,1.0759746956242067,0.6431807483263208
5-20A,9.0,152.0716,-0.7979908278542271,0.3031079707381516
5-20A,9.0,153.0192,0.7542506700976934,0.13821165753572157
5-20A,9.0,154.062,-0.49004113462228593,0.062058857786638055
5-20A,9.0,154.9751,-0.5757149606829219,0.04023000057154375
5-20A,9.0,155.0099,1.6739847439809492,0.19503181342660603
5-20A,9.0,157.0128,-0.021035335072730726,0.09102914452468847
5-20A,9.0,157.0255,3.1399834292212234,0.18596749168815133
5-20A,9.0,157.0379,3.117149736883363,0.2889329361404963
5-20A,9.0,157.0504,-0.1684438096215708,0.013118104702660432
5-20A,9.0,159.0297,-0.4788386191046402,0.13793596146352843
5-20A,9.0,159.0775,0.3143395784777875,0.10211517856692481
5-20A,9.0,160.0616,0.5423007384728262,0.4704665225198651
5-20A,9.0,161.0453,-1.002074576674351,0.061563548194495075
5-20A,9.0,162.0424,-0.1551849857411826,0.087610820517443
5-20A,9.0,163.0351,-0.8287149308639126,0.30505992464421294
5-20A,9.0,163.0398,1.325521134081321,0.07931938516142138
5-20A,9.0,163.0611,0.6977362894111007,0.8668621782787255
5-20A,9.0,164.0716,-0.5666386311844546,0.04252794367554922
5-20A,9.0,165.03,0.508959848065615,0.26749625829745227
5-20A,9.0,165.0405,0.589763287985241,0.32246981083257087
5-20A,9.0,165.0556,-0.6304124310895406,0.07890091611069987
5-20A,9.0,166.0508,0.5588771890392839,0.385459502505457
5-20A,9.0,166.0632,-0.1614369656664304,0.6143319405589158
5-20A,9.0,166.9759,-0.5281245337157173,0.3406759225056476
5-20A,9.0,167.0207,0.11473176123447007,0.22432064369096869
5-20A,9.0,167.0358,0.9742179106348139,0.3534274163034589
5-20A,9.0,167.0828,-0.46799202437394904,0.9290394652097967
5-20A,9.0,168.0277,-0.501228811156427,0.027860844442994324
5-20A,9.0,168.0664,-0.7302979797760873,0.39199446832544016
5-20A,9.0,170.0455,-0.639150090328179,0.005327825249767135
5-20A,9.0,171.0065,-0.08426229609063368,0.08101496496599851
5-20A,9.0,171.0092,-0.08592431629593619,0.35868948048632343
5-20A,9.0,171.0284,-0.558359891437143,0.032742516162103504
5-20A,9.0,172.0616,1.8053443801439577,0.2891420727715729
5-20A,9.0,172.962,-0.38859887478230004,0.05531814944317437
5-20A,9.0,173.0089,-0.42049519420392584,0.16805889106161193
5-20A,9.0,173.0453,-0.8847829471479622,0.12642054757325089
5-20A,9.0,173.0932,-0.2606065974982413,0.0507038102239962
5-20A,9.0,173.1041,0.9239633553433503,0.9028295120430144
5-20A,9.0,174.0407,2.0390524788294293,0.193614977013506
5-20A,9.0,174.088,0.9129880614013156,0.18533693861400521
5-20A,9.0,175.022,-0.46610975832380697,0.08413882786951045
5-20A,9.0,175.0361,1.6962933711273287,0.15024418271240075
5-20A,9.0,175.0611,-0.392390690605391,0.08127574251113798
5-20A,9.0,176.0776,-0.3029759585196646,0.27129440034497676
5-20A,9.0,177.0402,0.3069006099889954,0.6601265868379624
5-20A,9.0,177.0553,0.9182882571275833,0.6733214825768166
5-20A,9.0,178.0509,-0.06304228296449518,0.07315848456289356
5-20A,9.0,179.0348,1.3006884727622914,0.4570929393626225
5-20A,9.0,179.0561,0.550084001887585,0.15831091130187835
5-20A,9.0,180.0663,0.5334043473937411,0.18418954781708927
5-20A,9.0,181.0505,-1.1445355300268905,0.4985968932820382
5-20A,9.0,182.9725,0.7874096436105982,0.24287527806345166
5-20A,9.0,183.0661,-0.581180533360643,0.4968102078203228
5-20A,9.0,184.0017,-0.46886409499576553,0.09096982736781725
5-20A,9.0,184.9856,-0.4948937419792323,0.17311916363035854
5-20A,9.0,186.1136,0.5785231867320101,0.27164029698040026
5-20A,9.0,187.0234,-0.20183826327210208,0.3226970370796892
5-20A,9.0,188.035,-0.9334068365885732,0.2540552098007462
5-20A,9.0,188.0565,-0.09828171130838441,0.07295431386649731
5-20A,9.0,189.0405,-0.6176529144314293,0.1448599497297152
5-20A,9.0,191.0197,-0.3416075877470356,0.33261157319687745
5-20A,9.0,191.0561,-0.618479215583684,0.09552619669801946
5-20A,9.0,192.0663,-1.7195333815780383,0.18125697493329918
5-20A,9.0,193.0349,0.4686631252125849,0.23570356825509128
5-20A,9.0,194.0682,0.6430329848058098,0.1384439514554634
5-20A,9.0,194.0822,-0.16494077001810586,0.37569234578723676
5-20A,9.0,195.0509,0.7480405397304584,0.13364995808700628
5-20A,9.0,195.0657,0.21996089102424002,1.0081296956993948
5-20A,9.0,196.0603,0.3941688872520366,0.24307043553218613
5-20A,9.0,198.0182,-0.08535988092831569,0.51039772402606
5-20A,9.0,199.0019,-0.929295124548793,0.10531030000274612
5-20A,9.0,200.9937,-0.07723653680460421,0.5728845282923256
5-20A,9.0,201.0051,-0.15980025038116027,0.5077740650682918
5-20A,9.0,203.0348,-0.38276998355788955,0.17719545052497912
5-20A,9.0,203.0826,-0.10832346138641413,0.005745675693752089
5-20A,9.0,204.0498,0.512080021733044,0.7466792773450421
5-20A,9.0,205.0351,-0.5656367102607026,0.15648830096094318
5-20A,9.0,206.0822,-0.33560835184756743,0.5525406961322286
5-20A,9.0,209.0292,-0.7313118494726016,0.3079629869384901
5-20A,9.0,209.0814,-0.20357418001095087,0.34622367012221594
5-20A,9.0,211.0235,-0.20557311566331773,0.2935416391773437
5-20A,9.0,211.9968,2.089008563612323,0.20078343954931466
5-20A,9.0,212.0331,-0.4140430592527089,0.32220372462118463
5-20A,9.0,212.9807,-0.41368106980295005,0.13498622708296845
5-20A,9.0,213.014,-0.6979899852452853,0.38214078881581137
5-20A,9.0,213.0384,-0.6438078966054668,0.14036226931502194
5-20A,9.0,213.1252,0.7268400588554736,0.528249529013898
5-20A,9.0,214.0488,-0.6106746724385375,1.1305461872327274
5-20A,9.0,215.0331,0.7747596831161889,0.22298197438941705
5-20A,9.0,216.1351,0.4845692638403952,0.37445406244124285
5-20A,9.0,218.0335,0.625610135353988,0.17449101858013377
5-20A,9.0,218.1034,0.113128434190721,0.12407741132863077
5-20A,9.0,220.0828,0.16722902085172553,1.0173487026516013
5-20A,9.0,221.0443,0.6819433788406004,0.26951773059245826
5-20A,9.0,221.0664,1.659114575490095,0.6110998918537873
5-20A,9.0,225.0399,0.5045503938374134,0.5418414585743663
5-20A,9.0,225.0861,1.1042003414048787,0.35870629421597094
5-20A,9.0,225.0901,0.10468870974928418,1.0662650802451428
5-20A,9.0,226.0135,-0.5757908190577614,0.3777243459030245
5-20A,9.0,226.0697,-0.1979933577090414,0.24335074346732827
5-20A,9.0,228.0501,-0.5506840551402625,0.25412732303847807
5-20A,9.0,229.0122,0.3445831528932761,0.24130388535696293
5-20A,9.0,237.0614,0.2368868870788538,0.27595697206238706
5-20A,9.0,238.0945,-0.749794787727083,0.2871046640192087
5-20A,9.0,240.0515,0.9015215966150381,0.10988436846292443
5-20A,9.0,241.0844,-0.5564446745860725,0.988621382039346
5-20A,9.0,242.0804,-1.2222327645594402,0.4337515576390193
5-20A,9.0,243.029,0.1495315374830915,0.11658891156916461
5-20A,9.0,243.0625,0.3801495671474483,0.1249203623519218
5-20A,9.0,245.0444,0.07299115606911444,0.25564472376009717
5-20A,9.0,246.0198,-0.3746727655235925,0.17624007178029308
5-20A,9.0,246.064,0.3632650366420835,0.35603205081925543
5-20A,9.0,251.0816,0.014592338881518563,1.0796562846953681
5-20A,9.0,253.0119,-0.223527207378455,0.02108209516102009
5-20A,9.0,253.0499,0.9404718847075022,0.6270111802347196
5-20A,9.0,257.0072,-0.543253420035794,0.5598968171991888
5-20A,9.0,257.1028,-0.09762276405435397,0.5092761030820188
5-20A,9.0,259.005,-0.18249497982418894,0.366625108581924
5-20A,9.0,259.0227,0.3232002220655589,0.22462336355900733
5-20A,9.0,261.0385,0.40350515495432343,0.09300237597914904
5-20A,9.0,266.0703,-0.49225971820943004,0.11139267631647792
5-20A,9.0,267.0724,-0.5109744894162449,0.030854899765175234
5-20A,9.0,268.02,-0.8882693023329709,0.32094209731521717
5-20A,9.0,269.0398,-0.5396020882184497,0.1041787889982028
5-20A,9.0,271.0612,0.5720392133302802,0.5234204619370683
5-20A,9.0,271.0815,-0.9681161424903681,0.9855263309506007
5-20A,9.0,273.0021,-0.639547731218662,0.05211985560072348
5-20A,9.0,274.0933,0.8700642327319397,0.19510752098313097
5-20A,9.0,275.0184,0.01592147286066113,0.6351371097417996
5-20A,9.0,275.0991,1.3242460501311824,0.39563372173195716
5-20A,9.0,277.1207,-0.040298785266833996,0.06272398193397458
5-20A,9.0,277.2169,0.013308609771172285,0.33440072571662793
5-20A,9.0,279.2331,-0.2662872627734098,0.02603966463128103
5-20A,9.0,282.0839,-1.186472375999571,0.11351358239023705
5-20A,9.0,283.2063,-0.31143824605903325,0.19475764159314454
5-20A,9.0,285.0972,-1.1823672414614461,1.0126309771730841
5-20A,9.0,287.0157,0.8118998872021777,0.25385412786381645
5-20A,9.0,288.0725,0.01864041450118222,0.27429314680431655
5-20A,9.0,289.0333,0.4057686507339504,0.9849105701790742
5-20A,9.0,289.1044,0.21071895610797192,0.08573542859580308
5-20A,9.0,290.9677,-0.2089244186549646,0.16445580828209003
5-20A,9.0,294.0479,0.6645647659675594,0.7084494040844748
5-20A,9.0,300.0509,-0.38262885095510335,0.9606600358477378
5-20A,9.0,301.0333,-0.07067244674996828,0.2953374221804442
5-20A,9.0,303.2326,-0.09629703174279526,0.42408944086703165
5-20A,9.0,305.0207,0.6857698203632718,0.11995035142451149
5-20A,9.0,306.0481,1.4258722527328473,0.20411265316023067
5-20A,9.0,306.0765,-0.05545712956229949,0.036518300249459686
5-20A,9.0,308.0986,-0.3201290350452977,0.04518825046114473
5-20A,9.0,313.0441,2.0904534876712497,0.29342607361386347
5-20A,9.0,313.1037,0.34759376118151397,0.5053029950268567
5-20A,9.0,317.026,0.23089080851341837,0.8505661979712302
5-20A,9.0,323.0256,0.14961145458482805,0.700788496306906
5-20A,9.0,325.1163,0.8289471753682185,0.1267371446686929
5-20A,9.0,328.0457,0.2555496068584347,0.35469732640012513
5-20A,9.0,333.0589,0.01492955199132815,0.19390212709158755
5-20A,9.0,338.9884,-0.37409556821258916,0.15510201672570356
5-20A,9.0,339.0928,2.505549182805117,1.306987152696617
5-20A,9.0,341.1089,0.6704309702041921,0.35541593687336037
5-20A,9.0,344.0393,0.26718130705806886,0.3029483186397918
5-20A,9.0,346.0556,0.26862543578567627,0.3024579302538497
5-20A,9.0,348.087,1.485902168341667,0.3463370328075994
5-20A,9.0,353.0489,-0.09981533787363739,0.9434209973483026
5-20A,9.0,357.089,0.058117097456534456,0.35500399764862745
5-20A,9.0,375.131,-0.36861677935936554,0.52267482218831
5-20A,9.0,377.1496,0.10593849417620665,0.7062280960582676
5-20A,9.0,383.1188,1.8273301960460278,0.580053321791669
5-20A,9.0,388.9416,-0.2258824728453225,0.25689687085908575
5-20A,9.0,388.9442,-0.6714250795356287,0.25492941198489
5-20A,9.0,401.0756,0.6366239940124112,0.18192115440687817
5-20A,9.0,407.2795,-0.21776436398474303,0.25133765556309406
5-20A,9.0,421.0743,0.15990085800794707,0.7262737752213905
5-20A,9.0,426.0222,-0.13805708572574893,0.26461338415652835
5-20A,9.0,442.9997,0.16759259394912235,0.23178667132965206
5-20A,9.0,466.9657,0.5011579217069196,0.18543151566954916
5-20A,9.0,490.9787,-0.7904057699906184,0.7510044606758537
5-20A,9.0,503.1614,2.2115942459006988,0.7409373608216475
5-20A,9.0,547.0731,-0.5282502768604613,0.1156704996020957
5-20A,9.0,565.0471,-0.11443789225859781,0.2931370254034115
5-20A,9.0,578.8872,0.6276383403765236,0.16346011531353008
5-20A,9.0,579.0269,0.40591069944416314,0.058449690974321525
5-20A,9.0,612.2549,-0.2690869081883476,0.7983041509278711
5-20A,9.0,624.2949,-0.12493983196676106,0.4909374129077521
5-20A,9.0,659.307,-0.09402218734859516,0.2697109202401207
5-20A,9.0,664.0939,-0.6243605180906134,0.21416915219109908
5-20A,9.0,665.2144,0.9214296011351217,0.360079384124944
5-20A,9.0,668.1374,-0.49502174027830326,0.013493586067221897
5-20A,9.0,787.255,0.21740935632062602,0.40245376381149617
5-20A,9.0,790.2568,0.25162519305820497,0.319732920933459
5-20A,9.0,835.0407,-0.7649351579426542,0.12852002362011597
5-20A,9.0,863.2971,-0.6082417733036298,0.08267559385964635
5-20A,9.0,864.1473,-0.5693710721771965,0.521620767759642
5-20A,9.0,974.2935,-0.7136327752396425,0.2726499029289228
5-20A,9.0,976.7162,0.5904662706118282,0.21207156197377514
5-20A,10.0,57.0342,-1.4945002006266876,0.15961732135751308
5-20A,10.0,58.0295,2.7748514116849767,0.43885472739654136
5-20A,10.0,59.0135,-0.6280643160500363,0.07415514100943277
5-20A,10.0,71.0137,-1.045173357621613,0.044582167221560685
5-20A,10.0,73.0293,-0.1380059919933877,0.06563900148096419
5-20A,10.0,74.0247,-0.04375739631698403,0.42499086017398646
5-20A,10.0,75.0087,0.15350899479905958,0.18947613362422294
5-20A,10.0,87.0088,0.3182535406191431,0.040621861380588514
5-20A,10.0,87.0451,-1.2755404357954214,0.12184669206882305
5-20A,10.0,88.0403,1.139942273313158,0.1212458007583282
5-20A,10.0,88.9883,-0.04476057772339255,0.7759412274156584
5-20A,10.0,89.0244,0.36778283384703214,0.08534445817467831
5-20A,10.0,93.0338,-0.018244820373118455,0.007885072464556645
5-20A,10.0,94.9761,-0.6686418455206765,0.25282845725011754
5-20A,10.0,94.9806,0.693052574966482,0.3262104158553813
5-20A,10.0,95.0139,-1.092287687898971,0.02884776692628434
5-20A,10.0,101.0242,-1.482448472649931,0.06248630685954082
5-20A,10.0,102.056,-0.33709987669964214,0.06937946758539933
5-20A,10.0,103.0402,0.20149966357819443,0.10391071443451579
5-20A,10.0,103.0509,0.08835269382047414,0.07226246487036798
5-20A,10.0,104.0352,-0.5931433290241735,0.209528897446911
5-20A,10.0,105.0193,-1.128225259369071,0.2931289312439389
5-20A,10.0,107.0503,-0.3745273288318292,0.176345313795184
5-20A,10.0,109.0295,1.6539232412307219,0.2885559957004667
5-20A,10.0,111.02,4.835059883095898,0.1802391299143536
5-20A,10.0,112.0516,1.3448360818877598,0.9765034980761451
5-20A,10.0,113.0244,-0.9673080789001374,0.015108618038815759
5-20A,10.0,113.0357,3.0467467265486574,0.14031991425867985
5-20A,10.0,114.056,-0.23549105059113132,0.002238327782888957
5-20A,10.0,115.0037,0.32085687622446524,0.05257051013451446
5-20A,10.0,115.0402,-0.13283225391790598,0.49366119367326183
5-20A,10.0,115.0764,-0.390181850268148,0.23126531809548975
5-20A,10.0,116.0354,-0.41766474252905506,0.16050918979243872
5-20A,10.0,116.0717,-0.6011461608649528,0.0441620574838122
5-20A,10.0,117.0194,-0.11033325643120273,0.05059148808564178
5-20A,10.0,118.0508,-0.04227741138198275,0.3714970623497294
5-20A,10.0,118.9804,-1.0350301165056264,0.01168874285573264
5-20A,10.0,119.0503,0.045583108754674716,0.2948677878846877
5-20A,10.0,120.9273,-0.5099871669420573,0.0839570583086392
5-20A,10.0,121.0295,-0.5154904385176785,0.4192256129374201
5-20A,10.0,121.0409,-1.063253681310526,0.33908613598891585
5-20A,10.0,122.0248,-1.020809257017404,0.08769478609278918
5-20A,10.0,124.0075,-0.6801504609070615,0.03924810244108145
5-20A,10.0,124.0144,-1.1573936007387258,0.16463502976058889
5-20A,10.0,125.0439,-1.4065121672520364,0.0661130411238099
5-20A,10.0,127.0764,-0.7133996595269648,0.46957689605207437
5-20A,10.0,128.0354,-0.22444263713080953,0.03130983485961076
5-20A,10.0,129.0193,-0.2842553953419074,0.1377327407923568
5-20A,10.0,129.0556,0.7042861025597899,0.20779097170225053
5-20A,10.0,130.0142,-0.17487729876016855,0.40420492628849747
5-20A,10.0,130.0509,2.5652123877413384,0.17864447991561389
5-20A,10.0,130.0874,-0.5786133061239798,0.055011385548046875
5-20A,10.0,131.0008,-0.4522221389844453,0.2646400231173392
5-20A,10.0,131.0123,0.6514506700916121,0.0736728959804521
5-20A,10.0,131.035,-1.4133136503813515,0.04432340168304903
5-20A,10.0,131.0462,-1.417273196449802,0.09319970116921163
5-20A,10.0,131.0828,-0.2704846945004291,0.11734097145377358
5-20A,10.0,132.0302,2.360778286274941,0.17364087696928868
5-20A,10.0,133.0142,-0.18562642411272814,0.12874750411450234
5-20A,10.0,133.0257,-0.12908185742090472,0.22657817702109548
5-20A,10.0,133.0505,0.6142814339808027,0.09488062866745996
5-20A,10.0,134.0472,2.34242870529887,0.2292863454796424
5-20A,10.0,134.0604,0.4467881256753176,0.7022556431169447
5-20A,10.0,135.0302,0.13448230941684394,0.05668776127489747
5-20A,10.0,135.0453,1.2918716090195785,0.2551194008605342
5-20A,10.0,136.0404,0.0459067819970697,0.05859180321445957
5-20A,10.0,136.0487,1.2879420574774667,0.46428156620412425
5-20A,10.0,136.0767,0.6892847896778092,0.34646023483211597
5-20A,10.0,137.0239,-0.20398154218768222,0.027515221250696113
5-20A,10.0,138.9789,0.6246523168427076,0.16448945993209887
5-20A,10.0,139.0014,0.6397302350205797,0.013241215408121629
5-20A,10.0,139.0067,-0.6822812629448702,0.028181650929082307
5-20A,10.0,139.976,0.5036760616886313,0.38146244220165143
5-20A,10.0,143.0713,-0.5272562820945993,0.14185368952856905
5-20A,10.0,143.1077,0.11074718771959394,0.21064233108610092
5-20A,10.0,145.0141,-0.4533681232165937,0.07423952978209117
5-20A,10.0,145.0506,2.340685838295975,0.26436650193369
5-20A,10.0,145.0623,1.118640412946248,0.4033321824598564
5-20A,10.0,145.0982,-0.9125347699125372,0.18667254573187247
5-20A,10.0,145.1106,-0.6222969005517363,1.183748190904198
5-20A,10.0,146.0459,-0.3216789718598676,0.04947122151990381
5-20A,10.0,147.0298,-0.2900592346709613,0.054315797495451845
5-20A,10.0,147.0662,0.8973278441538847,0.08279949897565238
5-20A,10.0,149.0092,-0.6357170512005774,0.25821222199200006
5-20A,10.0,149.0456,-0.3281445096847372,0.10584213085794694
5-20A,10.0,149.0608,0.08765054670072714,0.25435260762779394
5-20A,10.0,150.0422,0.594248954500195,0.5542983587617312
5-20A,10.0,150.9707,-0.535512485256918,0.20663796843179336
5-20A,10.0,151.0259,0.6692124063053022,0.23544571028721958
5-20A,10.0,151.04,0.999981875377455,0.2904842381741294
5-20A,10.0,151.06,0.5068399345081751,0.6921299281970712
5-20A,10.0,152.0353,0.33177800286978587,0.4265210475968182
5-20A,10.0,152.0716,-0.9620978249322379,0.17224609335322733
5-20A,10.0,153.0192,-0.7885501500371996,0.03231989168970456
5-20A,10.0,154.062,-0.5265862351847599,0.126668423427432
5-20A,10.0,154.9751,-0.2889961924049531,0.027278905193209198
5-20A,10.0,155.0099,4.509803501031966,0.2114969546975268
5-20A,10.0,157.0128,1.624326059447128,0.10017997792791242
5-20A,10.0,157.0255,3.1479321181151865,0.10563784981593367
5-20A,10.0,157.0379,3.1048870978822283,0.16179775288873594
5-20A,10.0,157.0504,0.5153972575846547,0.0450426989006135
5-20A,10.0,159.0297,-1.1889414271030576,0.11869905220145562
5-20A,10.0,159.0775,1.0349890853318162,0.04229322309406952
5-20A,10.0,160.0616,1.6603032999538772,0.5942780636729664
5-20A,10.0,161.0453,-2.1381296241204106,0.0628811258041672
5-20A,10.0,162.0424,0.28881518424781427,0.08887028209389607
5-20A,10.0,163.0351,-0.8269234663608396,0.17198872855931793
5-20A,10.0,163.0398,1.0486758874814393,0.09924803180517835
5-20A,10.0,163.0611,-0.2731006290699425,0.2220335745646992
5-20A,10.0,164.0716,-0.3850946330476589,0.04970084010968187
5-20A,10.0,165.03,-1.07814090646599,0.7129503681348797
5-20A,10.0,165.0405,-0.86897881333232,0.5338877522253593
5-20A,10.0,165.0556,-0.8906408653161593,0.096058093392421
5-20A,10.0,166.0508,2.9098161960351296,0.5023119406920086
5-20A,10.0,166.0632,0.555582050066423,0.5570021650071432
5-20A,10.0,166.9759,0.4116627227704829,0.2896702242295817
5-20A,10.0,167.0207,-0.3927296240566671,0.293412068881588
5-20A,10.0,167.0358,-0.6626987792462303,0.23249345943286231
5-20A,10.0,167.0828,-1.8476061586353754,0.7054479580271584
5-20A,10.0,168.0277,-0.2278345864285899,0.08046561088216474
5-20A,10.0,168.0664,-1.1666937973673606,0.28770826483271267
5-20A,10.0,170.0455,0.1424807695581236,0.05233086231999922
5-20A,10.0,171.0065,0.8211355267350876,0.32106674264030355
5-20A,10.0,171.0092,0.3864835058418098,0.3706496441337131
5-20A,10.0,171.0284,0.4752488228985102,0.031926424423512095
5-20A,10.0,172.0616,2.190113386434663,0.3441645076430558
5-20A,10.0,172.962,-0.2675783389389019,0.015347778660001522
5-20A,10.0,173.0089,-0.12685081052826133,0.18842879417001157
5-20A,10.0,173.0453,-0.4637367545859127,0.1463348775851578
5-20A,10.0,173.0932,0.3028900644669188,0.10637174511154529
5-20A,10.0,173.1041,-0.15533238576424757,0.2822014921211522
5-20A,10.0,174.0407,2.5570917838874214,0.06015059385136691
5-20A,10.0,174.088,2.0554963582194135,0.2764815993805608
5-20A,10.0,175.022,-0.13214542130602766,0.3326766663170721
5-20A,10.0,175.0361,2.452791467538453,0.06185507177654012
5-20A,10.0,175.0611,-0.020142453122365858,0.05536776625018216
5-20A,10.0,176.0776,0.0895016950189978,0.2255412197234449
5-20A,10.0,177.0402,-0.015502380525225144,0.42076454732749224
5-20A,10.0,177.0553,-0.5057105993527146,0.36002371582541676
5-20A,10.0,178.0509,4.1226665257377295,0.20786258743119213
5-20A,10.0,179.0348,1.3089449968414386,0.319665345441363
5-20A,10.0,179.0561,-0.7672208519555122,0.029181978249954776
5-20A,10.0,180.0663,-0.8984656160233522,0.03334561055950967
5-20A,10.0,181.0505,-0.9365650137417131,0.029185079148185054
5-20A,10.0,182.9725,-1.0493421273951848,0.09167813193392546
5-20A,10.0,183.0661,-1.410655118254326,0.4935214416509972
5-20A,10.0,184.0017,-0.38041258374932296,0.0976108918804736
5-20A,10.0,184.9856,0.5695960547893659,0.22690226486649714
5-20A,10.0,186.1136,0.9157992158233637,0.8263457096638546
5-20A,10.0,187.0234,0.2768861217228453,0.6580716422305779
5-20A,10.0,188.035,-0.6395225724907159,0.5654689073012058
5-20A,10.0,188.0565,-0.12553453116448096,0.05641484244092507
5-20A,10.0,189.0405,-0.8672129987267199,0.1132728274445052
5-20A,10.0,191.0197,-0.10171487905963211,0.22456101278127405
5-20A,10.0,191.0561,-0.4072232396190518,0.045388488152378295
5-20A,10.0,192.0663,-1.8198775046409477,0.1792739188957431
5-20A,10.0,193.0349,-0.19597334343871087,0.43076681879791906
5-20A,10.0,194.0682,1.0894237984376938,0.6398087872007188
5-20A,10.0,194.0822,-0.7847352236301081,0.2848518958111255
5-20A,10.0,195.0509,-0.7660043481258676,0.047793570719197126
5-20A,10.0,195.0657,-0.2606462951913656,0.8550838646803599
5-20A,10.0,196.0603,2.876000977444458,0.17716970079675248
5-20A,10.0,198.0182,0.8471086614178212,0.38595154684027055
5-20A,10.0,199.0019,0.19047052864616812,0.26908846021645344
5-20A,10.0,200.9937,-0.18023053018636453,0.0828864700914257
5-20A,10.0,201.0051,0.20558174753440694,0.2811639858913237
5-20A,10.0,203.0348,-1.0391267338564882,0.08239160524957038
5-20A,10.0,203.0826,-0.09108025628680283,0.011945618776863636
5-20A,10.0,204.0498,-0.7553206580749862,0.16146788732310524
5-20A,10.0,205.0351,-0.7627436913139342,0.07587954554330414
5-20A,10.0,206.0822,-1.4477987493215632,0.6628529425401037
5-20A,10.0,209.0292,-0.19259309991060855,0.4900100972522955
5-20A,10.0,209.0814,-0.4030241158201834,0.3995180904444288
5-20A,10.0,211.0235,-0.3596728043398124,0.37128463665926725
5-20A,10.0,211.9968,2.5742646158052422,0.2498002120805836
5-20A,10.0,212.0331,-0.1972526240883766,0.15446147598683158
5-20A,10.0,212.9807,1.1919085123233728,0.10764343790021712
5-20A,10.0,213.014,0.7864313184662179,0.2540045354444452
5-20A,10.0,213.0384,0.1514407605777145,0.34840701040975397
5-20A,10.0,213.1252,-0.17017499711114265,0.7620275958484467
5-20A,10.0,214.0488,-0.5809626936946642,1.1400781056228388
5-20A,10.0,215.0331,-1.0072234267392877,0.01368256507791877
5-20A,10.0,216.1351,-1.1074885769716865,0.15169621458251595
5-20A,10.0,218.0335,-1.0462396238726641,0.014117684308072578
5-20A,10.0,218.1034,1.5489912563003145,0.040344539920395085
5-20A,10.0,220.0828,-0.8735932515935887,0.8401465843134116
5-20A,10.0,221.0443,-0.9342660857238954,0.06514749643494132
5-20A,10.0,221.0664,-0.5042994911293837,0.10437179707598271
5-20A,10.0,225.0399,-0.16640150281652177,0.5712271563504122
5-20A,10.0,225.0861,-0.20096755316254017,0.5097652603018797
5-20A,10.0,225.0901,0.3932535328772781,0.63277803213466
5-20A,10.0,226.0135,-0.12323708457300922,0.17382278758075803
5-20A,10.0,226.0697,-1.2261620366544685,0.11926846408575648
5-20A,10.0,228.0501,-0.7453059341346537,0.22422359025985206
5-20A,10.0,229.0122,1.6139429864807457,0.3245192753314075
5-20A,10.0,237.0614,1.9401369301981082,0.5193132550850617
5-20A,10.0,238.0945,-0.5079133492074184,0.2709502477575724
5-20A,10.0,240.0515,1.2543531970000799,0.08998913717901048
5-20A,10.0,241.0844,-0.29774324701268473,0.9898753750431084
5-20A,10.0,242.0804,-0.8010443232650168,0.20592436628723965
5-20A,10.0,243.029,1.3024503821011484,0.4436869555626152
5-20A,10.0,243.0625,1.3843861508548216,0.5554135920803555
5-20A,10.0,245.0444,0.13228462689966347,0.4487580363084289
5-20A,10.0,246.0198,0.31338200740095923,0.15666694755820212
5-20A,10.0,246.064,-0.9907619668022447,0.11226604597080093
5-20A,10.0,251.0816,-0.9593247112867285,0.42208493281165566
5-20A,10.0,253.0119,-0.12188343414664703,0.021202262039092534
5-20A,10.0,253.0499,-0.7911518204899659,0.49026366551842954
5-20A,10.0,257.0072,0.1978963285665783,0.16979067811976417
5-20A,10.0,257.1028,-1.0140786727618134,0.39694025495702046
5-20A,10.0,259.005,0.4553750290440924,0.3199192255106483
5-20A,10.0,259.0227,0.13758688615750297,0.04403755089982139
5-20A,10.0,261.0385,1.061353752237357,0.10580381527124252
5-20A,10.0,266.0703,0.15234786306241097,0.26058725435809876
5-20A,10.0,267.0724,0.4158872281676964,0.07904528448255538
5-20A,10.0,268.02,0.3036666453872198,0.929913048483491
5-20A,10.0,269.0398,3.245121863076084,0.4050554292623248
5-20A,10.0,271.0612,0.3173130584518285,0.6172055246487563
5-20A,10.0,271.0815,-0.7728551531964836,0.7893757865857564
5-20A,10.0,273.0021,-0.43968019763403954,0.2522093887023505
5-20A,10.0,274.0933,0.4507017218227468,0.20141792396111274
5-20A,10.0,275.0184,0.015220192285007763,0.24639344409271416
5-20A,10.0,275.0991,0.11804617518398847,0.17981047432364497
5-20A,10.0,277.1207,-1.016482374860404,0.011394527456732846
5-20A,10.0,277.2169,-0.6734937001383801,0.3488557421473521
5-20A,10.0,279.2331,-0.31805678738263443,0.015798157558835135
5-20A,10.0,282.0839,-0.5657855820422775,0.22000492541895225
5-20A,10.0,283.2063,-0.05466472216568703,0.15503157177741517
5-20A,10.0,285.0972,-0.8772227997061914,0.7408372854237311
5-20A,10.0,287.0157,-0.3523057525829794,0.30013820521164525
5-20A,10.0,288.0725,0.18225134879361649,0.1030209554740899
5-20A,10.0,289.0333,1.6785530599997527,0.2429881834488236
5-20A,10.0,289.1044,0.7708069668814646,0.11611983135218998
5-20A,10.0,290.9677,-0.1258391548340938,0.07995749219324547
5-20A,10.0,294.0479,-0.4091971744497853,0.30459497165164945
5-20A,10.0,300.0509,-0.4849775839404326,0.7945005090251513
5-20A,10.0,301.0333,-0.7782394514794089,0.5712073707048473
5-20A,10.0,303.2326,-0.3368711430045488,0.2420813845213392
5-20A,10.0,305.0207,-0.8139776389751776,0.12410307900884657
5-20A,10.0,306.0481,1.408170889447756,0.08242703792345493
5-20A,10.0,306.0765,-0.2332697619534679,0.021849598297679844
5-20A,10.0,308.0986,-0.3923479597477206,0.014434199643039151
5-20A,10.0,313.0441,3.1169251112863297,0.2392143001678269
5-20A,10.0,313.1037,1.0466864103305766,0.5609874758535482
5-20A,10.0,317.026,-0.057678977781928695,0.26230405016796904
5-20A,10.0,323.0256,-0.07714499035500472,0.588588104496817
5-20A,10.0,325.1163,1.0242275068008504,0.2614708553401961
5-20A,10.0,328.0457,2.209449827661061,0.14133482720561572
5-20A,10.0,333.0589,1.6787210620065438,0.12220928657946227
5-20A,10.0,338.9884,0.9451321418060659,0.35475362306448416
5-20A,10.0,339.0928,0.6301883446100356,1.0693059621649066
5-20A,10.0,341.1089,-0.5818594854104473,0.09985334117575317
5-20A,10.0,344.0393,3.132616170575063,0.10351415827811479
5-20A,10.0,346.0556,1.4211224718862139,0.23050983952117549
5-20A,10.0,348.087,2.2452956407084854,0.33230166951883366
5-20A,10.0,353.0489,2.018561580790549,0.6717230833946395
5-20A,10.0,357.089,0.5064141042443806,0.2604441607439129
5-20A,10.0,375.131,1.6602659141060094,0.32965337312626874
5-20A,10.0,377.1496,-0.9933704275646571,0.15607504545961795
5-20A,10.0,383.1188,-0.33409308626452927,0.5638530554461215
5-20A,10.0,388.9416,-0.04079944695052194,0.4714007746407101
5-20A,10.0,388.9442,-0.21468793498878214,0.45801233031388083
5-20A,10.0,401.0756,-1.1153010313855223,0.017093835318365842
5-20A,10.0,407.2795,-0.7498114549141486,0.34799027196131244
5-20A,10.0,421.0743,-0.32842143707643745,0.48411222125274045
5-20A,10.0,426.0222,0.6004548560425316,0.4558285054635156
5-20A,10.0,442.9997,-0.23860449199747968,0.26767705626302984
5-20A,10.0,466.9657,-0.6961278535939075,0.09645212179910428
5-20A,10.0,490.9787,-0.12420504202512819,0.3292280643116543
5-20A,10.0,503.1614,-0.3985283923056627,0.3062555498062193
5-20A,10.0,547.0731,-0.41240075138686827,0.10541350526955665
5-20A,10.0,565.0471,-0.12172291912691705,0.2854376658415594
5-20A,10.0,578.8872,-1.0713772082718616,0.041963883088781725
5-20A,10.0,579.0269,-0.9552865493491083,0.0719395471377744
5-20A,10.0,612.2549,-0.7336167124300879,0.10494654090204238
5-20A,10.0,624.2949,0.453809822049664,0.30901273246208466
5-20A,10.0,659.307,0.3318240105916159,0.3820970731919565
5-20A,10.0,664.0939,1.5252390559597027,0.5678141132991469
5-20A,10.0,665.2144,1.4154086194823179,0.33680022440092283
5-20A,10.0,668.1374,4.953296530127924,0.16381621656998877
5-20A,10.0,787.255,0.146751455298351,0.42269851962062766
5-20A,10.0,790.2568,0.285855008974131,0.5417771956253287
5-20A,10.0,835.0407,-0.1876852232069499,0.36474230730656737
5-20A,10.0,863.2971,0.508591126191979,0.1532849855493272
5-20A,10.0,864.1473,-0.2382591356489003,0.13632618490998274
5-20A,10.0,974.2935,0.0965686159699122,0.34830776599877306
5-20A,10.0,976.7162,-0.8543214305587286,0.11816740590256071
5-20B,1.0,57.0342,0.16529553712687794,0.2674880309531828
5-20B,1.0,58.0295,-1.0421625988307002,0.14556877724070266
5-20B,1.0,59.0135,-0.44596515435473794,0.2762934183075183
5-20B,1.0,71.0137,0.20593578675481422,0.19025504748283284
5-20B,1.0,73.0293,-0.9636141256107389,0.007947701615095202
5-20B,1.0,74.0247,-0.6137758216820044,0.3714029700920522
5-20B,1.0,75.0087,-1.1531783347325049,0.14576749600387526
5-20B,1.0,87.0088,-0.6610552468741691,0.022167540380162547
5-20B,1.0,87.0451,0.15400025245520976,0.19028105319428465
5-20B,1.0,88.0403,-0.9405467703173216,0.01616939792355645
5-20B,1.0,88.9883,2.6601993016736776,1.176688565566416
5-20B,1.0,89.0244,0.38803597965491604,0.24859430975803293
5-20B,1.0,93.0338,-0.07812120312521345,0.01149700840828294
5-20B,1.0,94.9761,-1.3732485915440198,0.3012320000898269
5-20B,1.0,94.9806,1.3074385196456788,0.10146967793428154
5-20B,1.0,95.0139,0.11313184509425123,0.06803968059052962
5-20B,1.0,101.0242,0.46751096445385865,0.2540188214601673
5-20B,1.0,102.056,-0.517641492716288,0.04353240394417535
5-20B,1.0,103.0402,-0.9746719836491313,0.036834729300769795
5-20B,1.0,103.0509,-1.045069037026543,0.034002841292222044
5-20B,1.0,104.0352,0.9273242178427882,0.46787157990342293
5-20B,1.0,105.0193,-1.814596974498457,0.1515299237526443
5-20B,1.0,107.0503,0.6399846270803373,0.15157138521939525
5-20B,1.0,109.0295,-1.121723748692272,0.12376265604534713
5-20B,1.0,111.02,-1.2174754924972717,0.002803160684995902
5-20B,1.0,112.0516,-0.7879014968224725,0.20230490908569868
5-20B,1.0,113.0244,0.4441909932264957,0.19718754643843958
5-20B,1.0,113.0357,-1.3105399540912264,0.04061414831565234
5-20B,1.0,114.056,-0.24693561142103984,0.0029668385215561545
5-20B,1.0,115.0037,-0.9124298603410423,0.034281839049736
5-20B,1.0,115.0402,-1.0869009029323133,0.28868693142362994
5-20B,1.0,115.0764,1.9018542505250524,0.2779641875943113
5-20B,1.0,116.0354,-1.1396227379959645,0.16644477443243702
5-20B,1.0,116.0717,-0.7555826268008441,0.026550720869329327
5-20B,1.0,117.0194,-0.941586785594636,0.0038941386954522723
5-20B,1.0,118.0508,-0.9915692675210932,0.11475150680458651
5-20B,1.0,118.9804,0.2623030190304852,0.13524125843680965
5-20B,1.0,119.0503,0.47037005392737796,0.5466589539586878
5-20B,1.0,120.9273,0.43176247205483237,0.14191885008933594
5-20B,1.0,121.0295,0.7241283642745644,0.31920592196056913
5-20B,1.0,121.0409,1.5807545632286812,0.7395521095844275
5-20B,1.0,122.0248,-1.9903753267868978,0.13685659450017926
5-20B,1.0,124.0075,-0.07919617951298917,0.3240415243632257
5-20B,1.0,124.0144,-0.8941253759185466,0.31709509579489914
5-20B,1.0,125.0439,-1.895817796101686,0.07763601850517211
5-20B,1.0,127.0764,0.59882317627471,0.3582467704067376
5-20B,1.0,128.0354,-0.2668577798940931,0.02962388116891651
5-20B,1.0,129.0193,-1.4552955835656372,0.025757936570348233
5-20B,1.0,129.0556,0.37287655974524736,0.5511459108139688
5-20B,1.0,130.0142,-0.7112262648387195,0.21138773541186562
5-20B,1.0,130.0509,-1.076657977465931,0.008470463108475889
5-20B,1.0,130.0874,-0.7698992813212169,0.13043629994273548
5-20B,1.0,131.0008,-0.556680178245855,0.6393963366295713
5-20B,1.0,131.0123,-0.7664544901930486,0.054685360979003006
5-20B,1.0,131.035,-0.012902947253669392,0.06910125765447213
5-20B,1.0,131.0462,0.38604944981583567,0.2176882990715184
5-20B,1.0,131.0828,0.3431571133350716,0.21107365304361475
5-20B,1.0,132.0302,-1.2379992473454609,0.015333908422332962
5-20B,1.0,133.0142,-0.6112828427361905,0.03764377578676921
5-20B,1.0,133.0257,-0.7370593650400139,0.1154061586368536
5-20B,1.0,133.0505,-1.3622885668298976,0.007179285461470415
5-20B,1.0,134.0472,-0.9635132826945273,0.5536265669992533
5-20B,1.0,134.0604,-1.5375838003797409,0.2679416583791341
5-20B,1.0,135.0302,-0.8311101740824309,0.14045391937909282
5-20B,1.0,135.0453,-1.9239905970250546,0.06413939548712616
5-20B,1.0,136.0404,-0.5675291986694477,0.02995756265925369
5-20B,1.0,136.0487,-1.8309472069330444,0.13598710039562195
5-20B,1.0,136.0767,0.1186510546812167,0.16412469272214303
5-20B,1.0,137.0239,-0.19327803568038837,0.16369057620360514
5-20B,1.0,138.9789,3.2459436393140395,0.5494661158569872
5-20B,1.0,139.0014,-0.36491534547315047,0.04573199440324707
5-20B,1.0,139.0067,-0.7298317847444908,0.012317393798720551
5-20B,1.0,139.976,0.25850023467953837,0.8535483271517084
5-20B,1.0,143.0713,1.4449516859810176,0.4576293637532678
5-20B,1.0,143.1077,1.0773265060103148,0.291086882289286
5-20B,1.0,145.0141,-0.3061755569004916,0.05263029670832904
5-20B,1.0,145.0506,-0.38916347195358,0.23821057379080232
5-20B,1.0,145.0623,-0.027920886630239287,0.13352147419458218
5-20B,1.0,145.0982,0.9236361255457453,0.7085531688449598
5-20B,1.0,145.1106,0.7623964834362718,0.9713107526118812
5-20B,1.0,146.0459,-0.4822392774808217,0.008892501029320266
5-20B,1.0,147.0298,-1.0073281809726282,0.002842729979006086
5-20B,1.0,147.0662,-1.4562589602140963,0.01501912974499296
5-20B,1.0,149.0092,0.6796104348999892,0.4456685900931135
5-20B,1.0,149.0456,1.9088568795702057,0.3738480972845604
5-20B,1.0,149.0608,0.22652021738714823,0.1756648720205955
5-20B,1.0,150.0422,-0.3004470391763154,0.8206312649723467
5-20B,1.0,150.9707,-0.9468896624199031,0.5086258576274924
5-20B,1.0,151.0259,-0.5195968505125146,0.06864628873080746
5-20B,1.0,151.04,-0.377715362032569,0.4442425764543582
5-20B,1.0,151.06,-1.0839195662813421,0.9960353575113967
5-20B,1.0,152.0353,0.03617560617924,0.2926292730612755
5-20B,1.0,152.0716,1.2451676695285956,0.3760613200910508
5-20B,1.0,153.0192,-0.4836395792348196,0.10503437461375971
5-20B,1.0,154.062,0.6891093757137883,0.13684531650195925
5-20B,1.0,154.9751,-1.0200198032283598,0.009593612059581584
5-20B,1.0,155.0099,-1.1840642828788113,0.0032122152627667147
5-20B,1.0,157.0128,-1.054887409788814,0.05398262475658765
5-20B,1.0,157.0255,-1.3519582876881224,0.0052575726929332154
5-20B,1.0,157.0379,-1.4066059164074791,0.010642385352042663
5-20B,1.0,157.0504,-1.1697834405986987,0.0375366706551426
5-20B,1.0,159.0297,-0.884433660800309,0.14208612895924763
5-20B,1.0,159.0775,-1.2276977456759677,0.02709208333645452
5-20B,1.0,160.0616,-2.061054785513054,0.17056443778951727
5-20B,1.0,161.0453,-0.3457709244808131,0.2805331797717186
5-20B,1.0,162.0424,-1.5575095798494736,0.0773803333672865
5-20B,1.0,163.0351,-1.4643009442041546,0.28666597356753576
5-20B,1.0,163.0398,-0.14642287869355403,0.06862131051941872
5-20B,1.0,163.0611,-0.9070213718901858,0.41838911827744096
5-20B,1.0,164.0716,-0.3804084172981288,0.15588308163723907
5-20B,1.0,165.03,0.4705835930227441,0.41465837604009165
5-20B,1.0,165.0405,-0.3776257341367517,0.5826304176234787
5-20B,1.0,165.0556,-0.9509197681596133,0.09755029691975763
5-20B,1.0,166.0508,-1.853408643100023,0.15340505086434048
5-20B,1.0,166.0632,-0.20165163599989594,0.9655327991788207
5-20B,1.0,166.9759,-0.8340142266130783,0.06698401991739597
5-20B,1.0,167.0207,0.3921717153239689,0.7102134098630974
5-20B,1.0,167.0358,-0.05977098561646685,0.48894399281094475
5-20B,1.0,167.0828,-0.34699219427427813,0.3487585863770154
5-20B,1.0,168.0277,-0.45525987071546326,0.05608962081862339
5-20B,1.0,168.0664,-0.8241973894435595,0.37007252896927884
5-20B,1.0,170.0455,-0.860997618126204,0.011514533580890088
5-20B,1.0,171.0065,-0.6432456332324555,0.2972259309615758
5-20B,1.0,171.0092,-0.7300276085772035,0.31839475482690577
5-20B,1.0,171.0284,-0.9786905288329099,0.0477055226316044
5-20B,1.0,172.0616,-1.6877377407952907,0.20309983670673018
5-20B,1.0,172.962,-0.3243884387532051,0.06162550566395427
5-20B,1.0,173.0089,-0.6446260998151125,0.3621109734416744
5-20B,1.0,173.0453,-0.8741961387440972,0.12050845082047955
5-20B,1.0,173.0932,-0.7822695692365711,0.04336590946434623
5-20B,1.0,173.1041,-0.03628635960611254,0.6799824363897613
5-20B,1.0,174.0407,-1.0088349727256283,0.0023491982830977985
5-20B,1.0,174.088,-0.45637820183198413,0.26261777273910275
5-20B,1.0,175.022,-1.0207425656896771,0.05900177654056779
5-20B,1.0,175.0361,-1.2528674638546682,0.014026934535426151
5-20B,1.0,175.0611,-1.2708388134752346,0.005878930037781961
5-20B,1.0,176.0776,-1.3415948181720925,0.3654288094635937
5-20B,1.0,177.0402,-2.0619320743670744,0.3142127084047683
5-20B,1.0,177.0553,-1.0485266591980298,0.6655876134345687
5-20B,1.0,178.0509,-1.1601813950908908,0.021083440586029723
5-20B,1.0,179.0348,-1.349655756643954,0.19197951751509015
5-20B,1.0,179.0561,2.2834629196280716,0.4944632815430221
5-20B,1.0,180.0663,2.184905434275715,0.39561879418084916
5-20B,1.0,181.0505,-1.555566147629401,1.060026529884459
5-20B,1.0,182.9725,-0.10020553943498453,0.38671131816022997
5-20B,1.0,183.0661,0.09546791191422982,0.3475944361898575
5-20B,1.0,184.0017,-0.5715988873175595,0.05130914202194799
5-20B,1.0,184.9856,-0.8996729731691266,0.1432824515349754
5-20B,1.0,186.1136,0.33797431314093607,0.6948237009624216
5-20B,1.0,187.0234,-0.6822384629169735,0.0978116991162031
5-20B,1.0,188.035,-0.6092697805982894,0.18004444602628394
5-20B,1.0,188.0565,-1.142381693158508,0.00364945626590118
5-20B,1.0,189.0405,-0.046550609857289885,0.25613540654880557
5-20B,1.0,191.0197,-0.9044969309837234,0.5068120216391228
5-20B,1.0,191.0561,-1.1305669679038468,0.049186323595660476
5-20B,1.0,192.0663,-2.2551480117938345,0.345815385956082
5-20B,1.0,193.0349,-0.512808383913973,0.4306944603013548
5-20B,1.0,194.0682,-1.057070521287108,0.13674997342088524
5-20B,1.0,194.0822,0.1813102742064827,0.46545318722607193
5-20B,1.0,195.0509,-0.5593894914084249,0.25850144566792954
5-20B,1.0,195.0657,-1.1385520457759308,0.3693105217778742
5-20B,1.0,196.0603,-1.4859380267229343,0.07878271303446638
5-20B,1.0,198.0182,-0.8670498604199282,0.19075507578683598
5-20B,1.0,199.0019,-0.428227012103906,0.39366733782230945
5-20B,1.0,200.9937,1.9496278346942884,1.4781202894761019
5-20B,1.0,201.0051,-1.2740344618464543,0.16317719783735166
5-20B,1.0,203.0348,-0.4640054590632881,0.3385098580635141
5-20B,1.0,203.0826,0.1761818797978114,0.22876017527767614
5-20B,1.0,204.0498,1.270299167893898,0.7946418285583523
5-20B,1.0,205.0351,-1.4508334541456378,0.1128567015210736
5-20B,1.0,206.0822,-1.545115409100538,0.430209626744891
5-20B,1.0,209.0292,-0.9951740941560268,0.3888013420048348
5-20B,1.0,209.0814,0.9271697682408621,0.7677894588346506
5-20B,1.0,211.0235,-0.8109647497495467,0.3889788800248247
5-20B,1.0,211.9968,-1.1127836821004666,0.015153258024866766
5-20B,1.0,212.0331,0.1633749017100472,0.5888431096566448
5-20B,1.0,212.9807,-0.9641347571204997,0.14009337798203234
5-20B,1.0,213.014,-0.9985136147113958,0.20085991741817644
5-20B,1.0,213.0384,-0.5898927334066071,0.24659185502422654
5-20B,1.0,213.1252,0.8788765090193069,0.6144772856583188
5-20B,1.0,214.0488,-0.3651139069377025,0.31394132655198337
5-20B,1.0,215.0331,0.3442876065898596,0.25284839382909097
5-20B,1.0,216.1351,-0.09893934233272114,0.15296440422169336
5-20B,1.0,218.0335,0.23489942987200518,0.2139691078340441
5-20B,1.0,218.1034,-1.2939632801919763,0.013631814822866052
5-20B,1.0,220.0828,1.7836385499866774,0.48564888772734605
5-20B,1.0,221.0443,0.23301383207595516,0.3134382411422439
5-20B,1.0,221.0664,-1.387637975432022,0.2306974900212201
5-20B,1.0,225.0399,-1.099725633684384,1.4338245358823383
5-20B,1.0,225.0861,0.5278625242132653,0.5757128365574411
5-20B,1.0,225.0901,-0.25837427079099773,0.46696843286846174
5-20B,1.0,226.0135,-0.595951125048771,0.06777492031756002
5-20B,1.0,226.0697,-0.431237320695614,0.20931454711684136
5-20B,1.0,228.0501,-0.8089764982576081,0.18011894931484163
5-20B,1.0,229.0122,-1.0410709425564995,0.08365595507864336
5-20B,1.0,237.0614,-1.4543719559715058,0.09258496920893709
5-20B,1.0,238.0945,0.8461868840909554,0.5014856694805286
5-20B,1.0,240.0515,-1.4469163063012722,0.0070225538236573515
5-20B,1.0,241.0844,-1.1170886905376218,0.4488776152346474
5-20B,1.0,242.0804,1.1336586453056579,1.2783412069295303
5-20B,1.0,243.029,-0.731148689562772,0.3173175520215767
5-20B,1.0,243.0625,-1.1036496101555142,0.424705483791493
5-20B,1.0,245.0444,-0.41815642731060026,0.29505430267264143
5-20B,1.0,246.0198,-0.16997806477402708,0.09091835381256615
5-20B,1.0,246.064,-0.8388703430504172,0.24506138922308301
5-20B,1.0,251.0816,-0.36282242681055565,0.4107869793277514
5-20B,1.0,253.0119,-0.36914841725444636,0.0059647456052985505
5-20B,1.0,253.0499,0.2080391877962871,0.6410627110001887
5-20B,1.0,257.0072,-0.6270180842087565,0.1953385263497413
5-20B,1.0,257.1028,0.8450644407878449,0.5504363680431109
5-20B,1.0,259.005,-0.29968688034376223,0.32366122923382357
5-20B,1.0,259.0227,-0.25168079892082745,0.28797891181445917
5-20B,1.0,261.0385,-0.31112487490379104,0.27051378506307333
5-20B,1.0,266.0703,-0.7580221133657785,0.17753544122838225
5-20B,1.0,267.0724,-0.7138433762419052,0.02430145952238153
5-20B,1.0,268.02,-1.0001993513696321,0.47771692365609536
5-20B,1.0,269.0398,-0.6106524567895563,0.16958892117423446
5-20B,1.0,271.0612,1.0152746537862276,0.24799843926346585
5-20B,1.0,271.0815,0.9542318997092036,0.3712488337746788
5-20B,1.0,273.0021,-0.8574807664041901,0.12601611890160938
5-20B,1.0,274.0933,-1.4044397447056762,0.11656097467352021
5-20B,1.0,275.0184,-1.1180492179708263,0.4677639568794097
5-20B,1.0,275.0991,-0.7424862918703801,0.20130177763998824
5-20B,1.0,277.1207,1.4447152310585167,0.39385308821805515
5-20B,1.0,277.2169,0.41121471548330535,0.5761363305491294
5-20B,1.0,279.2331,-0.027218196041104946,0.04839828754438908
5-20B,1.0,282.0839,0.06937121079254811,0.6773207074701914
5-20B,1.0,283.2063,0.38248180501446694,0.23023529788715066
5-20B,1.0,285.0972,0.9757454342234969,0.36832146710136204
5-20B,1.0,287.0157,1.3790463139834361,0.37397874049204954
5-20B,1.0,288.0725,-0.71364335424395,0.11875509433455132
5-20B,1.0,289.0333,-1.3620680088328445,0.22533829762469362
5-20B,1.0,289.1044,-1.5210393139788345,0.223418655590673
5-20B,1.0,290.9677,-0.580751539912723,0.07160355004822352
5-20B,1.0,294.0479,0.551286688919985,0.9283620968834014
5-20B,1.0,300.0509,0.635092353096199,0.6224300667176472
5-20B,1.0,301.0333,-0.8806411084452777,0.9478525603388279
5-20B,1.0,303.2326,0.3465458428393776,0.8010840213837941
5-20B,1.0,305.0207,1.29811672421939,0.1413248546644009
5-20B,1.0,306.0481,-1.1463389629892644,0.08585395492077992
5-20B,1.0,306.0765,-0.3147384512735303,0.03768403749838563
5-20B,1.0,308.0986,-0.04605196569724176,0.10067444190980258
5-20B,1.0,313.0441,-0.5790905460521643,0.22581596897222736
5-20B,1.0,313.1037,-1.016391321187017,0.5187249484441239
5-20B,1.0,317.026,2.6684411231648983,2.6645899086311213
5-20B,1.0,323.0256,1.8893243032881637,0.2639196230171551
5-20B,1.0,325.1163,0.19069127025823834,0.36651401119907606
5-20B,1.0,328.0457,-1.0627612902103296,0.05533264706717413
5-20B,1.0,333.0589,-0.9895358117258091,0.1997622675412885
5-20B,1.0,338.9884,-0.9222732047094884,0.17069708059976002
5-20B,1.0,339.0928,-0.08124561353370527,0.5555600150882306
5-20B,1.0,341.1089,-1.0364623714314285,0.15735230913611442
5-20B,1.0,344.0393,0.01447807906385544,0.36716786228011533
5-20B,1.0,346.0556,-0.2963300763494125,0.19079579962015344
5-20B,1.0,348.087,-1.0351724844055274,0.11910399934558691
5-20B,1.0,353.0489,-0.7745243705837701,0.2546371269455954
5-20B,1.0,357.089,-0.7319624836969802,0.27398927796223665
5-20B,1.0,375.131,-0.32526080379032785,0.5649281716430761
5-20B,1.0,377.1496,-0.973694575039272,0.3743466087606809
5-20B,1.0,383.1188,-1.1327953909455748,0.5526346177289051
5-20B,1.0,388.9416,-0.26170499398625163,0.2649149708756706
5-20B,1.0,388.9442,-0.8065058363378823,0.25609198291970264
5-20B,1.0,401.0756,-0.021527642595836883,0.10065505731577133
5-20B,1.0,407.2795,0.7631206041154629,0.4480921424245725
5-20B,1.0,421.0743,-0.24719180965427676,0.3320930555630003
5-20B,1.0,426.0222,-0.9063385011156966,0.5089723714854489
5-20B,1.0,442.9997,0.34200490203918876,0.28286179208017814
5-20B,1.0,466.9657,1.9584300324454107,0.46995393477824765
5-20B,1.0,490.9787,-0.08584415557797906,0.6369327765336507
5-20B,1.0,503.1614,-1.2607638414812607,0.7359610212359294
5-20B,1.0,547.0731,-1.2209495093817382,0.14567386503996516
5-20B,1.0,565.0471,-0.8881077456741009,0.3946333415215783
5-20B,1.0,578.8872,-0.38565424833781636,0.08454677527321645
5-20B,1.0,579.0269,-0.6477979468758185,0.07401284181003438
5-20B,1.0,612.2549,-1.0556907100376944,0.27577284645415584
5-20B,1.0,624.2949,0.04770922176057715,0.5034724366077166
5-20B,1.0,659.307,4.616561606462378,1.0648665904757497
5-20B,1.0,664.0939,1.8426565631559175,0.8022641242512519
5-20B,1.0,665.2144,-0.6977238478917992,0.7202629134613228
5-20B,1.0,668.1374,-0.6162259129444728,0.00021046645396192876
5-20B,1.0,787.255,2.6310332319487815,0.7622860898318926
5-20B,1.0,790.2568,4.716355710544939,0.8071133744850006
5-20B,1.0,835.0407,-0.2116239575409471,0.47258053346335316
5-20B,1.0,863.2971,-0.20642987149358705,0.11010193843343209
5-20B,1.0,864.1473,3.5630954894428273,0.771017610047148
5-20B,1.0,974.2935,0.003718711204810432,0.4537841723828207
5-20B,1.0,976.7162,1.5832800414558814,0.3061734645779802
5-20B,2.0,57.0342,0.45734123716302966,0.6330320222363616
5-20B,2.0,58.0295,-0.6775106483745053,0.2381117786896527
5-20B,2.0,59.0135,0.2403888241732494,0.13621500223614505
5-20B,2.0,71.0137,0.557136313027981,0.15189187463054796
5-20B,2.0,73.0293,-0.9565295060809127,0.02024870297379039
5-20B,2.0,74.0247,-1.1186206364072246,0.09115302719259841
5-20B,2.0,75.0087,-0.373060796967167,0.6243960408905253
5-20B,2.0,87.0088,-0.6812845224805517,0.014444270167559482
5-20B,2.0,87.0451,0.3500579487278277,0.8125786609737992
5-20B,2.0,88.0403,-0.9459310014680802,0.029389603057756997
5-20B,2.0,88.9883,1.925753231722866,0.5223386083971455
5-20B,2.0,89.0244,-0.3367929501233884,0.12380462709896539
5-20B,2.0,93.0338,-0.07061376675568473,0.004847199977328935
5-20B,2.0,94.9761,-0.5220570172270044,0.5922115994915513
5-20B,2.0,94.9806,0.8383964018661495,0.49311737584566867
5-20B,2.0,95.0139,0.4465695015082253,0.2500101124570096
5-20B,2.0,101.0242,0.7487338472946405,0.29944194244677586
5-20B,2.0,102.056,-0.57264314030371,0.10185286839281227
5-20B,2.0,103.0402,-0.9552667970297057,0.054587850877377254
5-20B,2.0,103.0509,-0.9188324572696192,0.13838937538094523
5-20B,2.0,104.0352,0.12088642825860489,0.41634607166317833
5-20B,2.0,105.0193,0.7996717640090573,0.6799346964396867
5-20B,2.0,107.0503,0.20971926102643712,1.0215477417125507
5-20B,2.0,109.0295,-1.0589428031721868,0.14625894457066585
5-20B,2.0,111.02,-0.9632596912166937,0.015318913319473326
5-20B,2.0,112.0516,0.206153078943865,0.508502921752197
5-20B,2.0,113.0244,0.7984455549809378,0.17238246885773678
5-20B,2.0,113.0357,-1.0232173308820278,0.04815751167139945
5-20B,2.0,114.056,-0.22883017351327894,0.006970869267197536
5-20B,2.0,115.0037,-0.8265746171468387,0.06097906151057017
5-20B,2.0,115.0402,0.1682294086599737,0.7936394530950813
5-20B,2.0,115.0764,1.4380970038773873,0.6261742390590255
5-20B,2.0,116.0354,-0.9657401758597997,0.4381427407599975
5-20B,2.0,116.0717,-0.7417873340977315,0.014480251540715538
5-20B,2.0,117.0194,-0.934834814926766,0.0036611671703694103
5-20B,2.0,118.0508,-1.2914942827590155,0.16180168601335618
5-20B,2.0,118.9804,0.6245742122076287,0.2856982378556473
5-20B,2.0,119.0503,-0.43578170212831296,0.4776739140213815
5-20B,2.0,120.9273,0.7131747405131287,1.5210566626802053
5-20B,2.0,121.0295,0.45719481189930844,0.5522517808367241
5-20B,2.0,121.0409,1.5170804926362673,0.6166579504320678
5-20B,2.0,122.0248,-0.5419155816844272,0.6100607471289338
5-20B,2.0,124.0075,-0.06281582431315075,0.22040430896802166
5-20B,2.0,124.0144,-0.24921354935114237,0.33113187215478473
5-20B,2.0,125.0439,-0.7168673419834648,0.1545013901529674
5-20B,2.0,127.0764,0.9107081570549741,0.6770951807893244
5-20B,2.0,128.0354,-0.33115013871426124,0.011857878369115183
5-20B,2.0,129.0193,-1.1230830366868796,0.034778827217387405
5-20B,2.0,129.0556,1.5627662941504816,0.394143839216417
5-20B,2.0,130.0142,-0.7387313400222351,0.14912341431605228
5-20B,2.0,130.0509,-1.0383712846695605,0.012982246951494083
5-20B,2.0,130.0874,-0.7355789921769914,0.047597774298677335
5-20B,2.0,131.0008,0.9118088778529114,0.9977649625819807
5-20B,2.0,131.0123,-0.6755562817964762,0.06869691743273651
5-20B,2.0,131.035,0.7159190051864853,0.1586971869449286
5-20B,2.0,131.0462,0.7367890804305693,0.19090706258547274
5-20B,2.0,131.0828,0.05417415057204614,0.1483157657790888
5-20B,2.0,132.0302,-1.1178931011737965,0.02962970052826554
5-20B,2.0,133.0142,-0.501739006862352,0.055437495180126944
5-20B,2.0,133.0257,-0.5474808010127777,0.12872263094915581
5-20B,2.0,133.0505,-1.2118150103339094,0.023643955658909768
5-20B,2.0,134.0472,-0.1625877329604978,0.2889407631110917
5-20B,2.0,134.0604,-1.2155728700396695,0.3465882344744483
5-20B,2.0,135.0302,-0.6911288620136575,0.0479055525734546
5-20B,2.0,135.0453,-1.2795365488604693,0.1457708153330017
5-20B,2.0,136.0404,-0.40734029663458615,0.041273485741578755
5-20B,2.0,136.0487,-1.2777061416052018,0.19935417073637293
5-20B,2.0,136.0767,1.1288335761568238,0.21526674487113515
5-20B,2.0,137.0239,0.022113789260931563,0.3131011950793389
5-20B,2.0,138.9789,0.8597604306404736,0.15137901749885696
5-20B,2.0,139.0014,-0.3237712920363618,0.06051364288007505
5-20B,2.0,139.0067,-0.7560578568611753,0.01829398469531826
5-20B,2.0,139.976,-0.00011335740864662491,0.730806817363847
5-20B,2.0,143.0713,1.6117428562411251,0.6113029977689585
5-20B,2.0,143.1077,1.6696150084833596,0.6258843349953868
5-20B,2.0,145.0141,-0.2899211630741736,0.1647548838439016
5-20B,2.0,145.0506,-0.6223686328294622,0.20125477289537144
5-20B,2.0,145.0623,-0.14214000431154217,0.12997008445907499
5-20B,2.0,145.0982,0.9022192696474954,0.20331721813313394
5-20B,2.0,145.1106,0.8461093639350512,0.9080178321283189
5-20B,2.0,146.0459,-0.4893198178424262,0.0034294823211105563
5-20B,2.0,147.0298,-0.9541863745255835,0.006937313506377367
5-20B,2.0,147.0662,-1.2823573404534792,0.022773848324043583
5-20B,2.0,149.0092,0.8944799950952556,0.20362717572521685
5-20B,2.0,149.0456,0.9207862318866294,0.1781487389102566
5-20B,2.0,149.0608,0.09693800875300371,0.48134877846680807
5-20B,2.0,150.0422,0.7163736301949116,0.8463554894822322
5-20B,2.0,150.9707,-0.32569360373202194,0.8425662626568347
5-20B,2.0,151.0259,-0.5848099304038745,0.060958456961248735
5-20B,2.0,151.04,0.5242639012196821,0.476544817018586
5-20B,2.0,151.06,-0.43962959208097446,0.7203893565024935
5-20B,2.0,152.0353,0.6188184184831255,0.31373332182844693
5-20B,2.0,152.0716,0.7283097800176259,0.3465829878117922
5-20B,2.0,153.0192,-0.30573558183792693,0.11467442395744284
5-20B,2.0,154.062,0.1694837270911115,0.10890118764078138
5-20B,2.0,154.9751,-0.9882584581281311,0.02053467725231975
5-20B,2.0,155.0099,-0.9241413335422949,0.021703176069207297
5-20B,2.0,157.0128,-0.8832702781019477,0.06007099116117033
5-20B,2.0,157.0255,-1.1387970885948315,0.01079814648445863
5-20B,2.0,157.0379,-1.1492948747003346,0.026193156045627487
5-20B,2.0,157.0504,-1.0736502755297321,0.019019596661075857
5-20B,2.0,159.0297,0.5955770811479659,0.13319533534721414
5-20B,2.0,159.0775,-1.086523770349585,0.01989827517117653
5-20B,2.0,160.0616,-1.19780480098719,0.2668946006297344
5-20B,2.0,161.0453,0.4966386782111549,0.26417249156361733
5-20B,2.0,162.0424,-1.160161183248137,0.3532850611178871
5-20B,2.0,163.0351,-1.0086931325476352,0.03373394294653847
5-20B,2.0,163.0398,0.15396732994671541,0.029236669775005622
5-20B,2.0,163.0611,0.131717114300957,0.9447546057685686
5-20B,2.0,164.0716,-0.20294142686342434,0.1237538726344739
5-20B,2.0,165.03,0.3135497218128354,0.2922751699763171
5-20B,2.0,165.0405,0.6531831162456848,0.052230698387314485
5-20B,2.0,165.0556,-0.7291007567814151,0.06355260100325393
5-20B,2.0,166.0508,-1.1489540892054504,0.22855206275411838
5-20B,2.0,166.0632,-0.8279737356615293,0.60714923054025
5-20B,2.0,166.9759,-0.7911896696074479,0.2976753122928932
5-20B,2.0,167.0207,-0.0067262096712775235,0.35317521734409624
5-20B,2.0,167.0358,1.1350092794130433,0.25490229572929685
5-20B,2.0,167.0828,0.8122293923056048,0.8791121323248274
5-20B,2.0,168.0277,-0.452764845987582,0.00956585514354595
5-20B,2.0,168.0664,0.8686941258563335,0.6879708449211557
5-20B,2.0,170.0455,-0.8347446791106934,0.02252657684828331
5-20B,2.0,171.0065,-0.7884067196272952,0.2577963348169797
5-20B,2.0,171.0092,-0.9760426893685634,0.12929752859396143
5-20B,2.0,171.0284,-0.8966432032675051,0.03756141596956007
5-20B,2.0,172.0616,-1.32558953274676,0.09269356787755459
5-20B,2.0,172.962,-0.5316534943930479,0.05963019854173969
5-20B,2.0,173.0089,-0.9590816173557595,0.15757260581253493
5-20B,2.0,173.0453,-0.7213490924132955,0.24221187372284658
5-20B,2.0,173.0932,-0.7607236460746323,0.07171126173170793
5-20B,2.0,173.1041,1.020658842993535,0.18779512794408246
5-20B,2.0,174.0407,-0.9646814858708738,0.004623137356169395
5-20B,2.0,174.088,-0.5079561529719802,0.17921050686562437
5-20B,2.0,175.022,-0.8785842538988133,0.15402587339713864
5-20B,2.0,175.0361,-1.1275308492402287,0.016353437826015654
5-20B,2.0,175.0611,-1.169020905031076,0.010193148319783338
5-20B,2.0,176.0776,-1.2502578527172425,0.16466771286231952
5-20B,2.0,177.0402,0.8476469929515358,0.4385707317735211
5-20B,2.0,177.0553,-0.2670828180354838,0.38731010908443586
5-20B,2.0,178.0509,-1.0190413138136778,0.0145617086234943
5-20B,2.0,179.0348,-1.0680942914364264,0.3204682546407039
5-20B,2.0,179.0561,1.331692979767547,0.17691855768089418
5-20B,2.0,180.0663,1.2620865253714584,0.1590753900469119
5-20B,2.0,181.0505,-0.6259812670255506,0.574505444740128
5-20B,2.0,182.9725,0.5790192200269797,0.08893997042167832
5-20B,2.0,183.0661,1.1520392837181077,0.41903026416657546
5-20B,2.0,184.0017,-0.5411977753039675,0.03925605157966417
5-20B,2.0,184.9856,-0.5416477327131857,0.2223067041089412
5-20B,2.0,186.1136,0.9668418255771554,0.3165956843603509
5-20B,2.0,187.0234,-0.7548570977470122,0.1476380483307894
5-20B,2.0,188.035,-0.05175404429500117,0.8570486333814372
5-20B,2.0,188.0565,-1.0942283094183338,0.01604272269912084
5-20B,2.0,189.0405,0.8665658986240498,0.2031562153879487
5-20B,2.0,191.0197,-1.0239072407559806,0.06461402678269006
5-20B,2.0,191.0561,-1.1037197479576288,0.040169062696397036
5-20B,2.0,192.0663,0.03760370672357438,0.625443189018755
5-20B,2.0,193.0349,0.0563212258286275,0.23843036049839963
5-20B,2.0,194.0682,-0.9447909581841802,0.06420701309931073
5-20B,2.0,194.0822,0.936859542514469,0.9247740991266821
5-20B,2.0,195.0509,0.5858838549186345,0.2273633197299857
5-20B,2.0,195.0657,0.846927905286537,0.6238925694862668
5-20B,2.0,196.0603,-1.260006823936828,0.07664232568682604
5-20B,2.0,198.0182,-0.8030321465822531,0.2500936434619209
5-20B,2.0,199.0019,-0.7638657518793073,0.27492031478152573
5-20B,2.0,200.9937,0.4836680334242855,0.22163511180826787
5-20B,2.0,201.0051,-1.2480532036688397,0.20445684561629676
5-20B,2.0,203.0348,-0.2651241853658084,0.16110840641094118
5-20B,2.0,203.0826,-0.08670533985733014,0.006627161275605855
5-20B,2.0,204.0498,0.7662436228404852,0.9721316639232243
5-20B,2.0,205.0351,-1.1041115664478758,0.07838173348120119
5-20B,2.0,206.0822,0.49117436274523385,0.48802705946928454
5-20B,2.0,209.0292,-0.2427544120509472,0.6028808688090928
5-20B,2.0,209.0814,0.8659629096327377,0.4114195567675831
5-20B,2.0,211.0235,-0.6941935570878551,0.29748803717408207
5-20B,2.0,211.9968,-1.0266046010943657,0.027734597567137538
5-20B,2.0,212.0331,-0.5796109333638935,0.2930673350327806
5-20B,2.0,212.9807,-0.710923886537333,0.05427468769751383
5-20B,2.0,213.014,-0.9435554708518441,0.04178246972381961
5-20B,2.0,213.0384,-0.5980972147629553,0.0764700020876737
5-20B,2.0,213.1252,1.680198034588687,0.5277761563936723
5-20B,2.0,214.0488,-0.1064449155204529,0.5521740943509961
5-20B,2.0,215.0331,0.7003947222843914,0.09476250274676934
5-20B,2.0,216.1351,0.24879200955933942,0.24128427728805696
5-20B,2.0,218.0335,0.6771973575743225,0.09936903792416511
5-20B,2.0,218.1034,-1.2176033686223797,0.01873390703756232
5-20B,2.0,220.0828,0.07443281824816739,0.5574584040135668
5-20B,2.0,221.0443,0.8058222746215215,0.14326101512252506
5-20B,2.0,221.0664,-0.23411799559745713,0.3281953908628054
5-20B,2.0,225.0399,0.622718041307808,1.1327445342978375
5-20B,2.0,225.0861,0.5582688359116237,0.6065789954093668
5-20B,2.0,225.0901,-0.061499487555050525,1.2802907787508768
5-20B,2.0,226.0135,-0.4740865888344594,0.19853858231140514
5-20B,2.0,226.0697,0.0860775445802377,0.2500498698228273
5-20B,2.0,228.0501,-0.5825193372017397,0.5698071248090858
5-20B,2.0,229.0122,-0.7450781500357264,0.17118531207264592
5-20B,2.0,237.0614,-1.2722556049251672,0.18217488349765523
5-20B,2.0,238.0945,1.2523733718392929,0.44638676595718746
5-20B,2.0,240.0515,-1.3483982569301807,0.020871576749437206
5-20B,2.0,241.0844,0.057878023743816676,1.1611787626343542
5-20B,2.0,242.0804,1.111427586350032,1.0008489325915164
5-20B,2.0,243.029,-0.36946395504231255,0.10077905942756425
5-20B,2.0,243.0625,-1.2450799343684507,0.5219289263681995
5-20B,2.0,245.0444,0.35562336702806496,0.391010459439964
5-20B,2.0,246.0198,0.19349850665043494,1.0614119882425816
5-20B,2.0,246.064,0.5482710390053314,0.8651659358110653
5-20B,2.0,251.0816,0.5404023839633555,0.8289321951192002
5-20B,2.0,253.0119,-0.3359913283313498,0.006279827412963608
5-20B,2.0,253.0499,1.0162180718880685,0.7547574823679519
5-20B,2.0,257.0072,-0.66387453644486,0.4260785191002522
5-20B,2.0,257.1028,1.470926772002644,0.3162538368092009
5-20B,2.0,259.005,-0.19901195909204827,0.3554511779678811
5-20B,2.0,259.0227,0.6409360189802136,0.33717494172326984
5-20B,2.0,261.0385,-0.038846005406037665,0.3166540955956502
5-20B,2.0,266.0703,-0.5175874095599009,0.21981743205893575
5-20B,2.0,267.0724,-0.695041478230318,0.014793169127380854
5-20B,2.0,268.02,0.38701880956345697,0.7250699704206286
5-20B,2.0,269.0398,-0.35034974284268416,0.121565457642116
5-20B,2.0,271.0612,1.3469555486630875,0.4542999495521599
5-20B,2.0,271.0815,1.4614781597198854,0.359360515871101
5-20B,2.0,273.0021,-0.8795608239164081,0.07203159103912794
5-20B,2.0,274.0933,-1.298792650611245,0.06660281698482808
5-20B,2.0,275.0184,-0.3017586279103122,0.5528445835306067
5-20B,2.0,275.0991,-0.7715747132919362,0.15732965221580378
5-20B,2.0,277.1207,0.9705119211691975,0.31326346970391356
5-20B,2.0,277.2169,0.35231742437187574,0.45880044731026376
5-20B,2.0,279.2331,-0.35624833030687475,0.038979802691089194
5-20B,2.0,282.0839,1.1203500766343457,0.4058217535930802
5-20B,2.0,283.2063,-0.21131659607062592,0.243222381025845
5-20B,2.0,285.0972,1.586034317734006,0.9603833203598248
5-20B,2.0,287.0157,1.8331224088431146,0.4361678126707545
5-20B,2.0,288.0725,-0.5694189938533123,0.16009472588294513
5-20B,2.0,289.0333,-0.35601746210110546,0.5187384339128221
5-20B,2.0,289.1044,0.019555415906943627,0.27548005118492797
5-20B,2.0,290.9677,-0.4933474876259159,0.08565656788177164
5-20B,2.0,294.0479,1.4746458043497939,0.9370167386812854
5-20B,2.0,300.0509,0.3035401194817521,0.5612940428835782
5-20B,2.0,301.0333,0.9398327931701675,0.49748148053937125
5-20B,2.0,303.2326,0.7218674261351309,1.2863147938844441
5-20B,2.0,305.0207,1.3543592799732473,0.30162413010073785
5-20B,2.0,306.0481,-1.0848194709164884,0.11797134245657266
5-20B,2.0,306.0765,-0.31323209646329797,0.015131173554486723
5-20B,2.0,308.0986,-0.12802911473131529,0.05478734058978247
5-20B,2.0,313.0441,-0.3156534230684339,0.17272300787129663
5-20B,2.0,313.1037,-0.6522596104072174,0.47207518925308317
5-20B,2.0,317.026,0.17836312851956482,0.9948141947234148
5-20B,2.0,323.0256,1.2291591481231245,0.42197103372411554
5-20B,2.0,325.1163,-0.3654634028717516,0.1983644616029346
5-20B,2.0,328.0457,-0.8702548867765442,0.10390210972166945
5-20B,2.0,333.0589,-1.147265282094224,0.1950398210672109
5-20B,2.0,338.9884,-0.7215404137467035,0.11974635772047394
5-20B,2.0,339.0928,0.05999495168600797,0.9534266021475786
5-20B,2.0,341.1089,-0.7245710058289175,0.08508239354420022
5-20B,2.0,344.0393,-0.20965869707014256,0.019373360283391438
5-20B,2.0,346.0556,0.9602457439964333,0.3936268998846085
5-20B,2.0,348.087,-1.08742066974169,0.15928547502596577
5-20B,2.0,353.0489,-0.8575539743873453,0.2900984811514816
5-20B,2.0,357.089,-0.8314539865089043,0.16891569219485666
5-20B,2.0,375.131,-0.6729934241705687,0.33554163729340175
5-20B,2.0,377.1496,-0.43102186829075106,0.05638047282087987
5-20B,2.0,383.1188,-0.29476304853402324,0.401791184168811
5-20B,2.0,388.9416,-0.4990291965449072,0.19693904091005787
5-20B,2.0,388.9442,-0.7251588612470223,0.3823096907647104
5-20B,2.0,401.0756,0.93782220237731,0.09107118061232936
5-20B,2.0,407.2795,0.7729581466287956,0.31115521296091475
5-20B,2.0,421.0743,-0.31992066211365316,0.6494586851646378
5-20B,2.0,426.0222,0.12528825785053713,0.47456153489379493
5-20B,2.0,442.9997,-0.07624040255837182,0.35306217989561633
5-20B,2.0,466.9657,1.5441002240966264,0.2635177339855801
5-20B,2.0,490.9787,0.15966551768377546,0.5718674870724689
5-20B,2.0,503.1614,-0.6348741736562122,0.2470043231692072
5-20B,2.0,547.0731,-1.2740034964679632,0.07420286521215289
5-20B,2.0,565.0471,-1.1044730436631824,0.15324840885262117
5-20B,2.0,578.8872,0.5520088748173578,0.10016542465694661
5-20B,2.0,579.0269,-0.053909978596114766,0.11329311594021485
5-20B,2.0,612.2549,-0.8009735340451403,0.4498019259799049
5-20B,2.0,624.2949,-0.5903416289708903,0.3774229779617654
5-20B,2.0,659.307,2.328317834338967,0.6051733425935222
5-20B,2.0,664.0939,-0.32100581184612953,0.2797356143527588
5-20B,2.0,665.2144,-0.5243056818762941,0.18103773890011357
5-20B,2.0,668.1374,-0.6164428897058802,0.0001492591594793989
5-20B,2.0,787.255,1.4279730410916387,1.0229340384407808
5-20B,2.0,790.2568,1.583358785862725,0.2294331021284322
5-20B,2.0,835.0407,-0.7616707850789275,0.13225672148054193
5-20B,2.0,863.2971,-0.6576478646786396,0.1271678924635439
5-20B,2.0,864.1473,1.287293406269814,0.803149339916989
5-20B,2.0,974.2935,-0.7287638708309925,0.40353000932480365
5-20B,2.0,976.7162,1.3986205022685732,0.40603319420283235
5-20B,3.0,57.0342,1.1305394890880347,0.29601488210552795
5-20B,3.0,58.0295,-1.1592638075462502,0.3359875561954819
5-20B,3.0,59.0135,0.5774424224610701,0.12274037579903767
5-20B,3.0,71.0137,0.8719060599752977,0.07217352628185182
5-20B,3.0,73.0293,-0.9344000535954722,0.010550990524425185
5-20B,3.0,74.0247,-1.486099533322405,0.32600569856051853
5-20B,3.0,75.0087,0.331832484831567,0.6913952963468104
5-20B,3.0,87.0088,-0.6705958206497168,0.01199509704152889
5-20B,3.0,87.0451,1.381321431121798,0.4081470140527894
5-20B,3.0,88.0403,-0.8820946718655922,0.012131259054590737
5-20B,3.0,88.9883,-0.2256241677384903,1.0369885755145416
5-20B,3.0,89.0244,-0.727716877698203,0.042021012278881824
5-20B,3.0,93.0338,-0.06695160267298778,0.021479842031102318
5-20B,3.0,94.9761,-1.470949246744759,0.11402707330892538
5-20B,3.0,94.9806,2.1748872122241565,0.10246454239611702
5-20B,3.0,95.0139,0.9911397034159204,0.12241711007380886
5-20B,3.0,101.0242,0.8066372296994511,0.13075888795758078
5-20B,3.0,102.056,-0.35360949231046035,0.022885994872404704
5-20B,3.0,103.0402,-0.8404191405412975,0.04276074062870825
5-20B,3.0,103.0509,-0.8890501006513638,0.08666866234203484
5-20B,3.0,104.0352,-0.2860643293764281,0.07596550960369565
5-20B,3.0,105.0193,2.490652468402458,0.2913191523346577
5-20B,3.0,107.0503,2.011256899185989,0.041870300085956526
5-20B,3.0,109.0295,-0.3882305379460761,0.0921995081435278
5-20B,3.0,111.02,-0.3968887483545849,0.03109071842395594
5-20B,3.0,112.0516,1.507011340303771,0.5005993987507631
5-20B,3.0,113.0244,0.9040417022074705,0.08852227996952042
5-20B,3.0,113.0357,-0.5495184603729948,0.04283417299039535
5-20B,3.0,114.056,-0.2435705232767515,0.0009307014389820187
5-20B,3.0,115.0037,-0.790796571318193,0.023889732804176455
5-20B,3.0,115.0402,1.253747515983033,0.3609117693432611
5-20B,3.0,115.0764,2.6389395831466698,0.5111982080100017
5-20B,3.0,116.0354,-0.6795396893040738,0.16289459497273065
5-20B,3.0,116.0717,-0.7872514783959174,0.00808156944630129
5-20B,3.0,117.0194,-0.9316552410677426,0.00721574634568152
5-20B,3.0,118.0508,-1.2628762022090063,0.15672879820411992
5-20B,3.0,118.9804,1.1938109925599418,0.03077756614891167
5-20B,3.0,119.0503,0.39798003360810574,0.1368333166231608
5-20B,3.0,120.9273,4.1017004802906225,0.7204604243162457
5-20B,3.0,121.0295,1.338579182949682,0.4699833615295281
5-20B,3.0,121.0409,1.2834810408845807,0.43752150670266754
5-20B,3.0,122.0248,1.1438127448119588,0.16742770890417216
5-20B,3.0,124.0075,1.0281158319960886,1.0174460196727357
5-20B,3.0,124.0144,0.4492531695595374,0.11811443743355762
5-20B,3.0,125.0439,0.9211522784430952,0.20789956856713
5-20B,3.0,127.0764,1.7924281027194802,0.21523634254809954
5-20B,3.0,128.0354,-0.3427767230757226,0.011301681494429883
5-20B,3.0,129.0193,-0.9522561229937516,0.0606434846060257
5-20B,3.0,129.0556,2.7644777229972926,0.8513365728052434
5-20B,3.0,130.0142,-0.20152284034419915,0.20543845336794067
5-20B,3.0,130.0509,-0.9448537497590733,0.024944901522238515
5-20B,3.0,130.0874,-0.9838952660293161,0.05023385896290548
5-20B,3.0,131.0008,-0.5737522677650329,0.07229845495010365
5-20B,3.0,131.0123,-0.5839180608485071,0.03356781044924591
5-20B,3.0,131.035,1.5403619130164188,0.19674881989502765
5-20B,3.0,131.0462,0.9909742672781228,0.4222225585247421
5-20B,3.0,131.0828,-0.2825429763998935,0.12794375642957095
5-20B,3.0,132.0302,-0.8998187571023293,0.012675827604911545
5-20B,3.0,133.0142,-0.40736058360534394,0.02937753588450721
5-20B,3.0,133.0257,-0.5209587463737069,0.09735510193273827
5-20B,3.0,133.0505,-1.0846115795616131,0.028531096069002147
5-20B,3.0,134.0472,-0.7178262549737809,0.2623046537822746
5-20B,3.0,134.0604,-0.8437074555606533,0.2317306658414502
5-20B,3.0,135.0302,-0.7238608106068534,0.12292413311835587
5-20B,3.0,135.0453,-0.8522077069728955,0.208001252210843
5-20B,3.0,136.0404,-0.16838868029754794,0.07143719381056667
5-20B,3.0,136.0487,-0.7731271176255676,0.27538181894174735
5-20B,3.0,136.0767,1.99989062253292,0.3886151909395737
5-20B,3.0,137.0239,-0.4496557272951708,0.09194786851050624
5-20B,3.0,138.9789,0.2721164125874109,0.2318779976421689
5-20B,3.0,139.0014,-0.39023677032610854,0.04253994902210039
5-20B,3.0,139.0067,-0.6297290856006084,0.012336638530028742
5-20B,3.0,139.976,0.39262434273311664,0.8243390950158077
5-20B,3.0,143.0713,2.038482806906617,0.8776121245821988
5-20B,3.0,143.1077,2.1708516639239583,0.25945005274956934
5-20B,3.0,145.0141,-0.06506871514344084,0.17546428500355662
5-20B,3.0,145.0506,-0.5181474232431578,0.13765878454643585
5-20B,3.0,145.0623,-0.6252372116175049,0.4008650861455973
5-20B,3.0,145.0982,-0.4210828266110317,0.22401421861939008
5-20B,3.0,145.1106,0.3904917192531695,0.25510683162764175
5-20B,3.0,146.0459,-0.4969550904195209,0.010105233882497795
5-20B,3.0,147.0298,-0.9340208877455487,0.009897181463506122
5-20B,3.0,147.0662,-1.0848880077050511,0.03231201660134363
5-20B,3.0,149.0092,1.6710765549091393,0.32531367257537763
5-20B,3.0,149.0456,-0.04603789231287339,0.12866606619101273
5-20B,3.0,149.0608,1.5344307463998104,0.28687533044934876
5-20B,3.0,150.0422,-0.5062005688793705,0.30132936285544193
5-20B,3.0,150.9707,0.30541515802002756,0.5208441880050146
5-20B,3.0,151.0259,-0.641906360866696,0.08905792115177176
5-20B,3.0,151.04,1.639460271755297,0.5232055370808777
5-20B,3.0,151.06,1.2396253490509717,1.0519755413066003
5-20B,3.0,152.0353,0.7615894529455397,0.3473314578735178
5-20B,3.0,152.0716,1.5480532525600368,0.5716762082575658
5-20B,3.0,153.0192,-0.0016635789093308265,0.048528772648626005
5-20B,3.0,154.062,-0.2399356026478547,0.13635581838213828
5-20B,3.0,154.9751,-0.99048004337342,0.014051095507912163
5-20B,3.0,155.0099,-0.37714428634614894,0.04219125935448289
5-20B,3.0,157.0128,-0.7060414090531448,0.07422994467796605
5-20B,3.0,157.0255,-0.789877942453349,0.020631215122000085
5-20B,3.0,157.0379,-0.7556641627639087,0.05493185101039199
5-20B,3.0,157.0504,-0.9624363821399733,0.03527043287219215
5-20B,3.0,159.0297,0.794595250286369,0.22191973173729537
5-20B,3.0,159.0775,-1.0585433428074191,0.02345212831776399
5-20B,3.0,160.0616,-0.39789109249990834,0.8183325739492475
5-20B,3.0,161.0453,0.6534752312230743,0.06473631766915842
5-20B,3.0,162.0424,-1.2210163430879815,0.18812366992211613
5-20B,3.0,163.0351,-0.46754289086938194,0.1438272426388006
5-20B,3.0,163.0398,0.5813595756798358,0.03499404899958014
5-20B,3.0,163.0611,0.8190261126489886,1.140151654490274
5-20B,3.0,164.0716,-0.4066980876529926,0.022728532873955393
5-20B,3.0,165.03,1.3995536288881025,0.46615129355920154
5-20B,3.0,165.0405,1.0892912432795097,0.263156965066315
5-20B,3.0,165.0556,-0.4434191882748622,0.1600439983830611
5-20B,3.0,166.0508,-0.3824634199972662,0.3104545547820513
5-20B,3.0,166.0632,0.2133295365901207,0.5879210183173542
5-20B,3.0,166.9759,-0.29847196427892925,0.4744666338821364
5-20B,3.0,167.0207,0.12887412770979687,0.709507885851514
5-20B,3.0,167.0358,1.652362281136058,0.39174960850624174
5-20B,3.0,167.0828,1.7337727411897057,0.7708610566207572
5-20B,3.0,168.0277,-0.46584482410647465,0.02434417961635102
5-20B,3.0,168.0664,1.9664390230480038,0.2125951621918941
5-20B,3.0,170.0455,-0.8265448828004132,0.015366575019344093
5-20B,3.0,171.0065,-0.8325369830858602,0.126731792808542
5-20B,3.0,171.0092,-0.7690270082240891,0.12369752663969236
5-20B,3.0,171.0284,-0.8241092584018452,0.04415138539187887
5-20B,3.0,172.0616,-1.1101533590117625,0.19296058978350267
5-20B,3.0,172.962,-0.48897636750022655,0.06931300038348663
5-20B,3.0,173.0089,-0.9201054388113764,0.07582635258975912
5-20B,3.0,173.0453,-0.5639805966600098,0.1341539006413636
5-20B,3.0,173.0932,-0.7799891613106724,0.07413746632911876
5-20B,3.0,173.1041,-0.5916384243220765,0.1985582479025753
5-20B,3.0,174.0407,-0.8718288644462864,0.009807393696357032
5-20B,3.0,174.088,-0.5601008947838442,0.10309161872453747
5-20B,3.0,175.022,-0.4358472692228731,0.30822596376399913
5-20B,3.0,175.0361,-0.9171853596584747,0.02699447346743212
5-20B,3.0,175.0611,-1.110740492885466,0.0195596115440671
5-20B,3.0,176.0776,-0.8048771053260185,0.21440483407790642
5-20B,3.0,177.0402,0.46912452487775747,0.24323147594608355
5-20B,3.0,177.0553,0.6249749425918205,0.1878753514936485
5-20B,3.0,178.0509,-0.9177770824254285,0.030529562703363856
5-20B,3.0,179.0348,-0.4954553671674389,0.21320513204912583
5-20B,3.0,179.0561,0.4987828415018191,0.08761831722031906
5-20B,3.0,180.0663,0.4975522767781886,0.12503524415203207
5-20B,3.0,181.0505,-0.6576823283620759,0.4676597015189747
5-20B,3.0,182.9725,1.293805485219937,0.32735500844633697
5-20B,3.0,183.0661,1.6369409136301274,0.4372794925498869
5-20B,3.0,184.0017,-0.44907716433174655,0.14067190879927147
5-20B,3.0,184.9856,-0.21183766654930175,0.13010554214216513
5-20B,3.0,186.1136,1.814543952206427,0.38879592856951156
5-20B,3.0,187.0234,0.1310902471794599,0.931466901108601
5-20B,3.0,188.035,-0.027983993522380353,1.3026683732777817
5-20B,3.0,188.0565,-1.0193525128813565,0.00781795053645964
5-20B,3.0,189.0405,2.2087355607615162,0.11502462404583742
5-20B,3.0,191.0197,-0.815870895171565,0.041519414950664475
5-20B,3.0,191.0561,-1.052220042775625,0.03918497958457598
5-20B,3.0,192.0663,0.33283841546866766,0.32356196446880797
5-20B,3.0,193.0349,-0.19271372368073492,0.26154333937352914
5-20B,3.0,194.0682,-0.7443242078668066,0.09638201065077805
5-20B,3.0,194.0822,1.8688392254273485,0.8089718381395206
5-20B,3.0,195.0509,0.11205739619273763,0.10715043644105608
5-20B,3.0,195.0657,0.5250882142011657,0.4795296028495004
5-20B,3.0,196.0603,-0.8648830545952482,0.21236065486737768
5-20B,3.0,198.0182,-0.7651269212836296,0.3108597498737106
5-20B,3.0,199.0019,-0.5761990137881696,0.2746765617772809
5-20B,3.0,200.9937,0.5044821505537005,0.36226104758300753
5-20B,3.0,201.0051,-0.9612727336577015,0.32338061719726574
5-20B,3.0,203.0348,0.16144297286572673,0.09940254371635909
5-20B,3.0,203.0826,-0.08758032314322467,0.006488792520200235
5-20B,3.0,204.0498,-0.23118832436266631,0.38377774989300484
5-20B,3.0,205.0351,-0.809145133533709,0.020754640033367893
5-20B,3.0,206.0822,0.4617340286944516,1.0730035189487268
5-20B,3.0,209.0292,-0.3100942557461963,0.3587509187056519
5-20B,3.0,209.0814,0.8005348883619843,0.36509409590158387
5-20B,3.0,211.0235,0.3026687146920776,0.6784995063297197
5-20B,3.0,211.9968,-0.9390290997941839,0.0574312439238616
5-20B,3.0,212.0331,-0.25727097845368097,0.03529964898784929
5-20B,3.0,212.9807,-0.3853049267277219,0.09315854777230059
5-20B,3.0,213.014,-0.778313426270784,0.23249548638522222
5-20B,3.0,213.0384,-0.372180960272081,0.25622969788989264
5-20B,3.0,213.1252,0.6195202116810031,1.211914650705977
5-20B,3.0,214.0488,-0.5818365754224253,0.6028297717290739
5-20B,3.0,215.0331,0.4781731132537934,0.10819781024756443
5-20B,3.0,216.1351,-0.03927326165751518,0.12936682184473366
5-20B,3.0,218.0335,0.4227096788617193,0.11075636693952043
5-20B,3.0,218.1034,-1.1731004249144257,0.03690022618460424
5-20B,3.0,220.0828,1.347245597202377,0.9705408718324168
5-20B,3.0,221.0443,0.97008274593714,0.03955953945662037
5-20B,3.0,221.0664,0.14966922681390687,0.29185310285126403
5-20B,3.0,225.0399,1.5179881840072378,0.8332704966134835
5-20B,3.0,225.0861,1.5271244950275016,0.4981788187859294
5-20B,3.0,225.0901,1.5197839826799657,0.7288602206998913
5-20B,3.0,226.0135,-0.1751423499976234,0.2779671286939295
5-20B,3.0,226.0697,0.5163835815582358,0.09316560273310935
5-20B,3.0,228.0501,-0.8440937681604747,0.32685583681983893
5-20B,3.0,229.0122,-0.5829034122606205,0.1789104350059227
5-20B,3.0,237.0614,-0.974224319879513,0.1399148796837737
5-20B,3.0,238.0945,0.6797027228035468,0.3341030071983689
5-20B,3.0,240.0515,-1.0549539478318164,0.03360451653400076
5-20B,3.0,241.0844,-0.3648415999856095,0.460309940338899
5-20B,3.0,242.0804,0.06957201259178672,0.5441693852945751
5-20B,3.0,243.029,-0.46099021424518943,0.30407405560561873
5-20B,3.0,243.0625,-0.4716836499511574,0.26128388963851024
5-20B,3.0,245.0444,0.04268560431127825,0.3055494147501297
5-20B,3.0,246.0198,0.3538745728140352,0.35032524757810146
5-20B,3.0,246.064,1.1615805381566382,0.3277266299724134
5-20B,3.0,251.0816,0.24419605856725407,1.1368284440518786
5-20B,3.0,253.0119,-0.32738567166428656,0.00579966542805228
5-20B,3.0,253.0499,1.157171846293644,1.1854251341235424
5-20B,3.0,257.0072,-0.3609815107954276,0.5531391210772403
5-20B,3.0,257.1028,1.934892822385848,0.6819770800615983
5-20B,3.0,259.005,-0.022044324079269845,0.4275907289203972
5-20B,3.0,259.0227,0.12786127253905627,0.10732896544990152
5-20B,3.0,261.0385,0.4960554899659224,0.45394966890585514
5-20B,3.0,266.0703,-0.7433962634309996,0.24895085779007917
5-20B,3.0,267.0724,-0.6937241477963851,0.02026132458458712
5-20B,3.0,268.02,-0.021406794900104872,0.1723402297893412
5-20B,3.0,269.0398,-0.6897767308801067,0.13005689339241655
5-20B,3.0,271.0612,1.8104736337697782,1.0659068598207486
5-20B,3.0,271.0815,1.4348189102590965,0.5221545220116839
5-20B,3.0,273.0021,-0.7536758206973991,0.22298130187114074
5-20B,3.0,274.0933,-1.000937739016767,0.0271971297208574
5-20B,3.0,275.0184,-0.8129921675616136,0.3453425322134793
5-20B,3.0,275.0991,-0.71824594068575,0.2734930446182264
5-20B,3.0,277.1207,0.44369044894752885,0.14787707640730377
5-20B,3.0,277.2169,0.27634990142984533,0.207029132968731
5-20B,3.0,279.2331,-0.31760159748150246,0.0055684358791601675
5-20B,3.0,282.0839,0.3138380339340098,0.2104729045289814
5-20B,3.0,283.2063,-0.25090315614296543,0.37709186804749745
5-20B,3.0,285.0972,2.21557296743001,0.5940153104999917
5-20B,3.0,287.0157,1.4825445543137712,0.5081493640098547
5-20B,3.0,288.0725,-0.6478464973651255,0.1121290650472475
5-20B,3.0,289.0333,0.23036214330665877,0.4125087144071702
5-20B,3.0,289.1044,-0.8868842488839102,0.2536882679599269
5-20B,3.0,290.9677,-0.4378202073495914,0.027317255222051275
5-20B,3.0,294.0479,-0.4396585060928305,0.13100991960093902
5-20B,3.0,300.0509,0.39291506941260307,0.3824126916947514
5-20B,3.0,301.0333,1.3409059496198201,0.5613876574245109
5-20B,3.0,303.2326,0.712069756245668,1.1734181470040201
5-20B,3.0,305.0207,1.0034511151112846,0.19103656526330473
5-20B,3.0,306.0481,-0.9783211049225786,0.08213929370921103
5-20B,3.0,306.0765,-0.2995493736036881,0.021890517461171072
5-20B,3.0,308.0986,-0.30125775823863443,0.013524325276976019
5-20B,3.0,313.0441,-0.3185246723652594,0.4546805185267504
5-20B,3.0,313.1037,-0.6613126087415218,0.21937523268217865
5-20B,3.0,317.026,0.19033146067006312,0.3700635975834544
5-20B,3.0,323.0256,1.8276091471395906,1.0540821693508928
5-20B,3.0,325.1163,-0.5431174811109394,0.45818930300127403
5-20B,3.0,328.0457,-0.8471859376047268,0.13278314167163954
5-20B,3.0,333.0589,-1.1286091081796803,0.17397256434260136
5-20B,3.0,338.9884,-0.4499607553852888,0.2080669580549548
5-20B,3.0,339.0928,0.3511946355340587,0.5578975008250275
5-20B,3.0,341.1089,-0.555976558033057,0.1506591856735077
5-20B,3.0,344.0393,-0.29316063327692615,0.1763443309015545
5-20B,3.0,346.0556,0.09526253416885813,0.1431500596360826
5-20B,3.0,348.087,-1.0906113986171806,0.13307513570785373
5-20B,3.0,353.0489,-0.1177676846419779,0.6392653316267696
5-20B,3.0,357.089,-0.702700276987591,0.27488682942296916
5-20B,3.0,375.131,-0.6331767119132892,0.4295420129606407
5-20B,3.0,377.1496,-0.4132501305258872,0.2524115415159816
5-20B,3.0,383.1188,0.26277265116216125,0.624105149668574
5-20B,3.0,388.9416,-0.4467880198810522,0.10450012092469714
5-20B,3.0,388.9442,-0.7744148278158,0.27109963500165263
5-20B,3.0,401.0756,1.2752449371603019,0.07762444945599635
5-20B,3.0,407.2795,0.011368397054962396,0.4145289700561372
5-20B,3.0,421.0743,-1.094435714278441,0.325848438474438
5-20B,3.0,426.0222,-0.5582646556931271,0.3412186950633967
5-20B,3.0,442.9997,0.060879800183489624,0.2068092518494972
5-20B,3.0,466.9657,1.003898068907705,0.07634532967329531
5-20B,3.0,490.9787,0.5240939389316923,0.9299240016528283
5-20B,3.0,503.1614,0.00431118463943829,0.08651544426978507
5-20B,3.0,547.0731,-1.2076110776001732,0.0259828975541112
5-20B,3.0,565.0471,-0.5355124452474498,0.29201601066168403
5-20B,3.0,578.8872,0.9322899492904044,0.1423651121018323
5-20B,3.0,579.0269,0.8856908336155915,0.12697788165995083
5-20B,3.0,612.2549,-1.3839584383685244,0.07424407734159091
5-20B,3.0,624.2949,-0.6488921776262484,0.20444471002837172
5-20B,3.0,659.307,0.1972747331573152,0.07706757305339065
5-20B,3.0,664.0939,-0.6775982645507381,0.21965802086662908
5-20B,3.0,665.2144,-0.7234154280422445,0.2650644571189019
5-20B,3.0,668.1374,-0.6164699124527222,0.0002536502859680064
5-20B,3.0,787.255,0.09922932717717492,0.3978245981680967
5-20B,3.0,790.2568,-0.2398632958478279,0.19328235205884037
5-20B,3.0,835.0407,-0.9150963096740911,0.27155841541366044
5-20B,3.0,863.2971,-0.7818011791671329,0.10342437250552694
5-20B,3.0,864.1473,-0.7020866949983541,0.3451913681155128
5-20B,3.0,974.2935,-1.1957645029458377,0.2629585016341378
5-20B,3.0,976.7162,0.36173210661202526,0.03605978420519345
5-20B,4.0,57.0342,-0.3076932656804353,0.3031996374542072
5-20B,4.0,58.0295,-0.9202074540025884,0.12806473282457145
5-20B,4.0,59.0135,0.0982351435147619,0.13737987365198598
5-20B,4.0,71.0137,0.5665907351157617,0.05250282384728014
5-20B,4.0,73.0293,-0.9698349835945488,0.004935502265087691
5-20B,4.0,74.0247,-0.6152798280813845,0.57558347974753
5-20B,4.0,75.0087,-0.6796855560594657,0.22941214257891934
5-20B,4.0,87.0088,-0.6957879723660505,0.008938186459103374
5-20B,4.0,87.0451,0.03076398622670705,0.27456764374620085
5-20B,4.0,88.0403,-0.8302069100223222,0.007419139533881796
5-20B,4.0,88.9883,-0.1736633573474125,0.7621824297789539
5-20B,4.0,89.0244,-0.6695662453405161,0.0711957267168123
5-20B,4.0,93.0338,-0.0744328807276401,0.019645033796933074
5-20B,4.0,94.9761,-0.765259444959375,0.07982176612999291
5-20B,4.0,94.9806,0.38798058682754644,0.04029050817710615
5-20B,4.0,95.0139,0.505490211878566,0.25462874699414134
5-20B,4.0,101.0242,0.05143822579866508,0.21892298449973094
5-20B,4.0,102.056,-0.6183410266076876,0.022132510404051307
5-20B,4.0,103.0402,-0.9640534655309816,0.02354989740513033
5-20B,4.0,103.0509,-0.9354158149320568,0.054811288763905626
5-20B,4.0,104.0352,0.634461838549105,0.3949900814029445
5-20B,4.0,105.0193,-0.24702605684308068,0.2335797727469999
5-20B,4.0,107.0503,-1.1929467807615337,0.05336257822272796
5-20B,4.0,109.0295,-0.9046625002990425,0.08819849097180675
5-20B,4.0,111.02,-0.22689991238341176,0.02440925724638697
5-20B,4.0,112.0516,-0.31280774798737077,0.30353744935998417
5-20B,4.0,113.0244,0.5723962891039657,0.10759830852111783
5-20B,4.0,113.0357,-0.22940145813424156,0.0862446783628439
5-20B,4.0,114.056,-0.24075779060617736,0.002366520172664042
5-20B,4.0,115.0037,-0.8176753561692245,0.028986957863920002
5-20B,4.0,115.0402,-1.378582496637728,0.39041611958007677
5-20B,4.0,115.0764,-0.6396731845583254,0.1490190872176156
5-20B,4.0,116.0354,-1.1468303053383964,0.0975987781703924
5-20B,4.0,116.0717,-0.7222483739003571,0.010028341959313822
5-20B,4.0,117.0194,-0.9424861254849586,0.0006743411099507062
5-20B,4.0,118.0508,-1.0791180007826335,0.10847557027355689
5-20B,4.0,118.9804,0.6164680482439024,0.07417203313647473
5-20B,4.0,119.0503,-0.5544552166676433,0.2430379733093574
5-20B,4.0,120.9273,-0.615369774706093,0.05566882751979819
5-20B,4.0,121.0295,-1.0479520133741567,0.15710909901073572
5-20B,4.0,121.0409,-0.2523682281035212,0.3564559057006791
5-20B,4.0,122.0248,-0.46220753733992237,0.42879409729197043
5-20B,4.0,124.0075,-0.13570840495243175,0.12432962060074446
5-20B,4.0,124.0144,0.8158182093848694,0.12391088894061919
5-20B,4.0,125.0439,0.11490696289545814,0.2832284270127225
5-20B,4.0,127.0764,0.23749778187451695,0.3843813970687817
5-20B,4.0,128.0354,-0.22945041470219024,0.011897813426056265
5-20B,4.0,129.0193,-1.1033567867754672,0.03900835906110799
5-20B,4.0,129.0556,0.0007746537508557258,0.10312777235166604
5-20B,4.0,130.0142,-0.99028817347147,0.13732188199892867
5-20B,4.0,130.0509,-0.9198803171409318,0.022938884410661272
5-20B,4.0,130.0874,-0.4587286597469057,0.05137181145373454
5-20B,4.0,131.0008,0.41671828179675585,0.07420406162153784
5-20B,4.0,131.0123,-0.8106085724263904,0.03416793633163777
5-20B,4.0,131.035,0.4039086760977839,0.20423983803651308
5-20B,4.0,131.0462,0.7897817518934869,0.11188655084329426
5-20B,4.0,131.0828,0.9422458223263912,0.20528242837863228
5-20B,4.0,132.0302,-0.6912385858113879,0.03281382391593343
5-20B,4.0,133.0142,-0.4293108643133656,0.05830937983192355
5-20B,4.0,133.0257,-0.3633149011975969,0.08220937599175063
5-20B,4.0,133.0505,-1.0111165669859212,0.014034316647306321
5-20B,4.0,134.0472,0.09131246341027925,0.10505508873833772
5-20B,4.0,134.0604,-0.8081554873632089,0.13078373695953235
5-20B,4.0,135.0302,-0.6735441449502917,0.052965160847675684
5-20B,4.0,135.0453,-0.7981189813617011,0.11417413032426917
5-20B,4.0,136.0404,-0.39409902872291586,0.09185700608056449
5-20B,4.0,136.0487,-0.6905175093368238,0.22587809870338713
5-20B,4.0,136.0767,-0.2019953993134526,0.8572149314793882
5-20B,4.0,137.0239,-0.021828675349899053,0.06299860573130525
5-20B,4.0,138.9789,-1.0544388202586301,0.2124818738220052
5-20B,4.0,139.0014,-0.361127135056296,0.014912569962018797
5-20B,4.0,139.0067,-0.7678356683523828,0.017597296677850136
5-20B,4.0,139.976,-0.6983700560467462,0.44843797972439053
5-20B,4.0,143.0713,0.15971136397671232,0.25748890432582516
5-20B,4.0,143.1077,0.44079132084712225,0.21859405258723202
5-20B,4.0,145.0141,-0.2525360572736421,0.07519239300304689
5-20B,4.0,145.0506,-0.9250805161000899,0.052528679262077466
5-20B,4.0,145.0623,-0.1337970426722122,0.347225587432828
5-20B,4.0,145.0982,1.7564597719526873,0.47244552131715795
5-20B,4.0,145.1106,1.5144400656220283,0.2783059212671806
5-20B,4.0,146.0459,-0.4674618276292902,0.005417380670081662
5-20B,4.0,147.0298,-0.928829772336827,0.004259270869966842
5-20B,4.0,147.0662,-0.884890714073786,0.024860168446551145
5-20B,4.0,149.0092,-0.4139007605196223,0.924864731523949
5-20B,4.0,149.0456,0.11631559269421293,0.19567137947931565
5-20B,4.0,149.0608,-0.6549041573836709,0.3084738261211794
5-20B,4.0,150.0422,-0.32168611321017915,0.22164043781280018
5-20B,4.0,150.9707,-0.5503815398531705,0.4849238322484212
5-20B,4.0,151.0259,-0.42989388010401297,0.06449717671110086
5-20B,4.0,151.04,0.7909149794280739,0.7423800153761462
5-20B,4.0,151.06,-0.7277793795374203,0.7996910181520656
5-20B,4.0,152.0353,-1.3844711040562074,0.17663496949157853
5-20B,4.0,152.0716,0.15736517925104165,0.15975144325786905
5-20B,4.0,153.0192,-0.1636347867043294,0.0955638756790937
5-20B,4.0,154.062,0.7313646482391488,0.11753484391353801
5-20B,4.0,154.9751,-0.9950330724750285,0.013607774110990739
5-20B,4.0,155.0099,-0.1858342256443718,0.022502347711366458
5-20B,4.0,157.0128,-0.6483255405488619,0.021962508429018215
5-20B,4.0,157.0255,-0.43490081497035066,0.05361729597295396
5-20B,4.0,157.0379,-0.4394924538513174,0.047283065087129865
5-20B,4.0,157.0504,-1.0572480400880457,0.033643548660100386
5-20B,4.0,159.0297,0.7269822328912688,0.19873584121473722
5-20B,4.0,159.0775,-1.0383255103670765,0.06750755373771535
5-20B,4.0,160.0616,-1.374677216294935,0.21567833655218316
5-20B,4.0,161.0453,0.0637354765907861,0.1205627641074697
5-20B,4.0,162.0424,-0.7484939255080139,0.09834774169746674
5-20B,4.0,163.0351,-1.0443944608588749,0.2551810557808111
5-20B,4.0,163.0398,0.30560200395681947,0.03294868053800106
5-20B,4.0,163.0611,-0.7966165327890314,0.8808931650292148
5-20B,4.0,164.0716,0.13343513963784542,0.07948523707341446
5-20B,4.0,165.03,-0.2951770823154622,0.4083155396461079
5-20B,4.0,165.0405,-0.7516908541478087,0.20686751027763278
5-20B,4.0,165.0556,-0.9038728195988688,0.13855393998214569
5-20B,4.0,166.0508,-0.9635350334347657,0.16402488554735048
5-20B,4.0,166.0632,-1.348197556145509,0.6576193016678695
5-20B,4.0,166.9759,-0.9991946607776533,0.2259457736980868
5-20B,4.0,167.0207,-0.016709056595037595,0.18067579140358514
5-20B,4.0,167.0358,-0.5352130557352456,0.13988160664542693
5-20B,4.0,167.0828,-0.40209033119466403,0.8581485823620754
5-20B,4.0,168.0277,-0.4487576850609848,0.04539555163389471
5-20B,4.0,168.0664,0.28503160821103923,0.4844462822193834
5-20B,4.0,170.0455,-0.8494680702755613,0.006951215794125467
5-20B,4.0,171.0065,-0.9083505126172409,0.05823714367052099
5-20B,4.0,171.0092,-0.9367980104786158,0.07758116931077201
5-20B,4.0,171.0284,-0.9493464390689084,0.02513010288531507
5-20B,4.0,172.0616,-0.905488993963515,0.15374275662715772
5-20B,4.0,172.962,-0.6226275523718782,0.09380592832435378
5-20B,4.0,173.0089,-1.0147210061769156,0.08499899474256259
5-20B,4.0,173.0453,-1.2070189279406047,0.07656494123458635
5-20B,4.0,173.0932,-0.7707102600949469,0.06057120806263118
5-20B,4.0,173.1041,0.895731096175413,0.45092793643135504
5-20B,4.0,174.0407,-0.8425672792336445,0.005305152016213766
5-20B,4.0,174.088,-0.5613761737955474,0.14057520392742195
5-20B,4.0,175.022,-0.8703993814017636,0.1922471549444937
5-20B,4.0,175.0361,-0.7471970245594735,0.014322661603424209
5-20B,4.0,175.0611,-1.0920200493963452,0.01817937147070085
5-20B,4.0,176.0776,-0.8975705603668316,0.09608973246148433
5-20B,4.0,177.0402,0.7624453569805472,0.46965275976108195
5-20B,4.0,177.0553,-0.291939878589362,0.2760836054266676
5-20B,4.0,178.0509,-0.8990520301830123,0.010326672612034358
5-20B,4.0,179.0348,-0.46606773908911836,0.17196633853561763
5-20B,4.0,179.0561,0.5285754390070878,0.1239502584224518
5-20B,4.0,180.0663,0.5395594487286726,0.08943132841227604
5-20B,4.0,181.0505,-0.8766290663400821,0.07304449593055144
5-20B,4.0,182.9725,0.6200927591462766,0.18873256426710333
5-20B,4.0,183.0661,0.19366227732351216,0.3184569059748069
5-20B,4.0,184.0017,-0.42300034842353607,0.045229815334628415
5-20B,4.0,184.9856,-0.3666593921518708,0.08934419225772906
5-20B,4.0,186.1136,-0.8754861828290424,0.22207325125081004
5-20B,4.0,187.0234,-1.2291126436754958,0.052552420066335336
5-20B,4.0,188.035,0.42796879857061887,0.5708013777531541
5-20B,4.0,188.0565,-1.008498111275094,0.005087009009479563
5-20B,4.0,189.0405,-0.7731739513500344,0.09015625556022687
5-20B,4.0,191.0197,-0.9258876619775566,0.03742684527863697
5-20B,4.0,191.0561,-0.9707086164370125,0.050901391288419265
5-20B,4.0,192.0663,0.013967091068755736,0.16775179705438398
5-20B,4.0,193.0349,0.04849813840948522,0.08533482821017563
5-20B,4.0,194.0682,-0.7870540820841153,0.07665995444292621
5-20B,4.0,194.0822,0.057249694484310026,0.829500967215514
5-20B,4.0,195.0509,0.6500269746159899,0.15997690949802792
5-20B,4.0,195.0657,-0.22418294702748406,0.29159686108590466
5-20B,4.0,196.0603,-0.9326510449628975,0.1310915046371108
5-20B,4.0,198.0182,-0.7120596058655568,0.3548101337827333
5-20B,4.0,199.0019,-0.6969458297692892,0.24679468589445452
5-20B,4.0,200.9937,-0.11850590697499598,0.20691702108061424
5-20B,4.0,201.0051,-0.9343048454227092,0.13700901682661262
5-20B,4.0,203.0348,-0.5583486507358923,0.26411643440318405
5-20B,4.0,203.0826,-0.06463464076657655,0.037722458668518005
5-20B,4.0,204.0498,0.1942687289197058,0.3718592261467278
5-20B,4.0,205.0351,-1.137227125638912,0.1261928974432655
5-20B,4.0,206.0822,0.7307859704363227,0.5133677383876584
5-20B,4.0,209.0292,-0.9044714475460994,0.278102122018487
5-20B,4.0,209.0814,0.5316995912857833,0.6563649202448943
5-20B,4.0,211.0235,-0.7712434014261025,0.190400487650168
5-20B,4.0,211.9968,-0.8837707538712902,0.024811751330333597
5-20B,4.0,212.0331,-0.369546693085328,0.1771714059674596
5-20B,4.0,212.9807,-0.6822215808980217,0.053752980340258764
5-20B,4.0,213.014,-0.7876875578321122,0.40858935291943843
5-20B,4.0,213.0384,-0.745191844794627,0.2040984808504197
5-20B,4.0,213.1252,-0.39644100823731804,0.5106116560121466
5-20B,4.0,214.0488,-0.4018169395036636,0.6994512081912702
5-20B,4.0,215.0331,0.5398476404042832,0.04144573245037158
5-20B,4.0,216.1351,0.23788530664021573,0.2549892025880002
5-20B,4.0,218.0335,0.5891926998451864,0.07156638245405408
5-20B,4.0,218.1034,-1.0770152113070415,0.018775039902523303
5-20B,4.0,220.0828,-0.0008073460249878577,0.707811697076437
5-20B,4.0,221.0443,0.36062592038677665,0.0881108793732623
5-20B,4.0,221.0664,-0.3749969453374159,0.16699324003950783
5-20B,4.0,225.0399,-0.20178503567488848,0.5897035873543521
5-20B,4.0,225.0861,-0.6093796034745829,0.11103922309125015
5-20B,4.0,225.0901,-0.7863314359758476,0.5373596725027008
5-20B,4.0,226.0135,-1.014051799295156,0.16165353812397562
5-20B,4.0,226.0697,0.05743354912574633,0.12179521829603876
5-20B,4.0,228.0501,-0.242833595617937,0.2651122387917577
5-20B,4.0,229.0122,-0.49687751992412027,0.10725276194312304
5-20B,4.0,237.0614,-0.9464946697201939,0.1730362324377667
5-20B,4.0,238.0945,-0.43077278232817406,0.24575077337600792
5-20B,4.0,240.0515,-0.9356908803633837,0.021947973010647083
5-20B,4.0,241.0844,-1.1580932395766315,1.0304050419214466
5-20B,4.0,242.0804,0.8578733463696517,1.0603148344700621
5-20B,4.0,243.029,-0.6008797808677684,0.10059249780308027
5-20B,4.0,243.0625,-0.6728560938747308,0.6145745889511378
5-20B,4.0,245.0444,0.40799926626171656,0.3122999680235914
5-20B,4.0,246.0198,-1.1838863955896315,0.28472521850366156
5-20B,4.0,246.064,0.3762680648926412,0.5682547105372513
5-20B,4.0,251.0816,-0.23136991554009634,0.4155719037666747
5-20B,4.0,253.0119,-0.3153630630853012,0.021793323053485348
5-20B,4.0,253.0499,1.1854943336742036,0.27165656160983687
5-20B,4.0,257.0072,-1.1879062755109135,0.2238616461563922
5-20B,4.0,257.1028,0.37904907039411445,0.30357497141809797
5-20B,4.0,259.005,-0.9934000095938536,0.5248522052497706
5-20B,4.0,259.0227,0.9985468317305,0.07259914338740608
5-20B,4.0,261.0385,-0.5296143873154499,0.45427860618302857
5-20B,4.0,266.0703,-0.7926247339431822,0.17770774462270594
5-20B,4.0,267.0724,-0.6344143389413626,0.01980188756244594
5-20B,4.0,268.02,-0.6906055987150371,0.5019481851537552
5-20B,4.0,269.0398,-0.726593740048771,0.17220603918356192
5-20B,4.0,271.0612,1.5593267691238106,0.3420603718519813
5-20B,4.0,271.0815,0.609823217486042,0.372730265524252
5-20B,4.0,273.0021,-0.7840717440259071,0.21335338616868615
5-20B,4.0,274.0933,-0.7038892937894221,0.08586878810678862
5-20B,4.0,275.0184,-0.5612324409020564,0.5287556330926148
5-20B,4.0,275.0991,-0.6411616239186262,0.06167538056621668
5-20B,4.0,277.1207,1.0186887793847963,0.12497811797503999
5-20B,4.0,277.2169,-0.006157444070740904,0.24514288093774067
5-20B,4.0,279.2331,0.6483502303949482,0.126632850927482
5-20B,4.0,282.0839,1.7113352939482842,0.3374347419755378
5-20B,4.0,283.2063,0.5243464813826564,0.026114135444755788
5-20B,4.0,285.0972,-0.17852758260303853,0.7766783384106013
5-20B,4.0,287.0157,0.153818590304093,0.27417349062965035
5-20B,4.0,288.0725,-0.6481402333333346,0.042739003956492536
5-20B,4.0,289.0333,-0.37703725018123546,0.5595374694716918
5-20B,4.0,289.1044,-1.1242515229711652,0.2157613863995565
5-20B,4.0,290.9677,-0.46599516067498564,0.026309043915868004
5-20B,4.0,294.0479,0.6721800988783208,0.6972865544258681
5-20B,4.0,300.0509,-0.15198381887548806,0.35775836810953926
5-20B,4.0,301.0333,0.8402756266755729,0.25040672869763037
5-20B,4.0,303.2326,-0.2148724462484044,0.21021009067727928
5-20B,4.0,305.0207,0.5528623399074706,0.24289576971892857
5-20B,4.0,306.0481,-0.8355494535084,0.05406168641802742
5-20B,4.0,306.0765,-0.25724590934966496,0.0015111417363276546
5-20B,4.0,308.0986,0.017820048109926205,0.057739614668920115
5-20B,4.0,313.0441,-0.18716501703549737,0.033841381101613124
5-20B,4.0,313.1037,-0.5043939709469121,0.37655319687844907
5-20B,4.0,317.026,0.6185317887212232,0.8610564622451794
5-20B,4.0,323.0256,0.3997448526112415,0.1695861132302987
5-20B,4.0,325.1163,0.15311952003010726,0.2463002017625057
5-20B,4.0,328.0457,-0.5387381775574116,0.08359579088909584
5-20B,4.0,333.0589,-1.2820985390220625,0.24165993595597487
5-20B,4.0,338.9884,-0.7239019759933245,1.1675800322061964
5-20B,4.0,339.0928,0.13846193236362644,0.40653116551049623
5-20B,4.0,341.1089,-0.01506937135467129,0.15520909034608632
5-20B,4.0,344.0393,-0.09099805088155538,0.45917915865324427
5-20B,4.0,346.0556,1.5123821683359122,0.14873143168502423
5-20B,4.0,348.087,-0.7950701365248423,0.17602031988690195
5-20B,4.0,353.0489,0.02211101726134229,0.7040634756217787
5-20B,4.0,357.089,-0.5089844685714329,0.2824288587572146
5-20B,4.0,375.131,-0.8136791408129562,0.2701302775756521
5-20B,4.0,377.1496,-0.005769571774366117,0.08317944597120813
5-20B,4.0,383.1188,0.01425867649138135,0.519224057900141
5-20B,4.0,388.9416,-0.32364810345910827,0.21155888593958752
5-20B,4.0,388.9442,-0.8580007104779679,0.38618661840596924
5-20B,4.0,401.0756,0.8399505150368592,0.13476385675241373
5-20B,4.0,407.2795,1.5238905584798517,0.14226124157068834
5-20B,4.0,421.0743,-0.6920656993733195,0.2982658390271057
5-20B,4.0,426.0222,0.8202909689409964,0.3590322542715252
5-20B,4.0,442.9997,-0.014278135210585057,0.09279690313315124
5-20B,4.0,466.9657,0.6390181111032602,0.10540325018330307
5-20B,4.0,490.9787,0.40645388716043496,0.6526392493235149
5-20B,4.0,503.1614,-0.3572522189043913,0.16868087242242683
5-20B,4.0,547.0731,-1.1741900631362516,0.03295550526535408
5-20B,4.0,565.0471,-0.5967066709413315,0.14902999958875068
5-20B,4.0,578.8872,0.7645932659920244,0.06054735625825455
5-20B,4.0,579.0269,0.6574751653990408,0.15400955776955086
5-20B,4.0,612.2549,-0.44560823380020886,0.5000700441140198
5-20B,4.0,624.2949,-0.7172011510574996,0.3587835983504846
5-20B,4.0,659.307,-0.23038357626349254,0.09925343346368665
5-20B,4.0,664.0939,-0.4425485915003764,0.16132763008800757
5-20B,4.0,665.2144,0.11681602278708819,0.4742303305343908
5-20B,4.0,668.1374,-0.6156473082473866,0.0002815504908634414
5-20B,4.0,787.255,-0.06334637429000653,0.224489105721785
5-20B,4.0,790.2568,-0.04288039293542315,0.26070944479090685
5-20B,4.0,835.0407,-0.8454563552479175,0.1692117819724003
5-20B,4.0,863.2971,-0.6126172205102727,0.0947257724174382
5-20B,4.0,864.1473,-0.6262491962434069,0.36857920311466336
5-20B,4.0,974.2935,-0.5623218193261434,0.043535075363687864
5-20B,4.0,976.7162,0.667746168318289,0.14835923538591733
5-20B,5.0,57.0342,1.4882513195886096,0.4162819824465592
5-20B,5.0,58.0295,-0.7248365254719815,0.047231140894211966
5-20B,5.0,59.0135,1.972843527981246,0.2706331531733837
5-20B,5.0,71.0137,1.9634034628656551,0.1740052169330029
5-20B,5.0,73.0293,-0.878595733165338,0.02396599781938906
5-20B,5.0,74.0247,-1.0484336711028246,0.10447362812526288
5-20B,5.0,75.0087,1.28416392838847,0.9779771530454034
5-20B,5.0,87.0088,-0.6625811460960347,0.021188610976652814
5-20B,5.0,87.0451,1.0737909303970343,0.7279057134963866
5-20B,5.0,88.0403,-0.7501441303764518,0.04566878739703021
5-20B,5.0,88.9883,-1.289821534401911,0.45959358125423516
5-20B,5.0,89.0244,-0.06866657931553287,0.17057092789909092
5-20B,5.0,93.0338,-0.05021028115208748,0.00821815269604417
5-20B,5.0,94.9761,-0.5604942149485883,0.30123554988848
5-20B,5.0,94.9806,1.2225878697883164,0.24987155221224241
5-20B,5.0,95.0139,1.6255416701874874,0.14760614214403947
5-20B,5.0,101.0242,1.8611732761772832,0.08968428500728721
5-20B,5.0,102.056,-0.5183103905863395,0.09275973408121034
5-20B,5.0,103.0402,-0.8674311603155379,0.03345757798804203
5-20B,5.0,103.0509,-0.8937882028406317,0.059447940955682295
5-20B,5.0,104.0352,-0.6995902739252149,0.1501772474087104
5-20B,5.0,105.0193,0.48448164510252734,0.27025155823964636
5-20B,5.0,107.0503,1.083718015173178,0.5449200189117022
5-20B,5.0,109.0295,-0.34877393734077206,0.08169149503758136
5-20B,5.0,111.02,0.049375323829702646,0.08296031815839794
5-20B,5.0,112.0516,0.6831078553345602,0.1994080387625153
5-20B,5.0,113.0244,1.7053517757345813,0.22338266887546795
5-20B,5.0,113.0357,1.0611892880886193,0.17139506427792164
5-20B,5.0,114.056,-0.24570860774880388,0.002663768523662209
5-20B,5.0,115.0037,-0.6097946531294292,0.05849361282993722
5-20B,5.0,115.0402,0.07250130852317455,0.48771774085289493
5-20B,5.0,115.0764,1.4196897345215833,0.4093118884409383
5-20B,5.0,116.0354,-1.0990801716947862,0.1659161662184324
5-20B,5.0,116.0717,-0.8025548116511764,0.019192618883996385
5-20B,5.0,117.0194,-0.879086180695968,0.02409522124265216
5-20B,5.0,118.0508,-1.4801476821742054,0.1369790935586149
5-20B,5.0,118.9804,1.578793604073883,0.2719315182492623
5-20B,5.0,119.0503,0.6593747144879352,0.3758761395996712
5-20B,5.0,120.9273,-0.4916243606106416,0.12495602452276934
5-20B,5.0,121.0295,0.5679974185456411,0.5190267506484976
5-20B,5.0,121.0409,0.9850567823249545,0.9185978568481481
5-20B,5.0,122.0248,0.7902091432310228,0.19097412796343302
5-20B,5.0,124.0075,0.30000904336327044,0.5784282971693613
5-20B,5.0,124.0144,1.3952162841537037,0.16925129094999572
5-20B,5.0,125.0439,0.5390321934524623,0.024795289540758197
5-20B,5.0,127.0764,0.9619073205665212,0.33262340971137916
5-20B,5.0,128.0354,-0.37582762371371115,0.01206814653997808
5-20B,5.0,129.0193,-0.7729923203364755,0.11606100559521276
5-20B,5.0,129.0556,0.21099172361671695,0.6255034516291534
5-20B,5.0,130.0142,-0.6069361881012236,0.26697120159602783
5-20B,5.0,130.0509,-0.7668663833629928,0.046092860073175965
5-20B,5.0,130.0874,-1.087366683217857,0.04415713871449743
5-20B,5.0,131.0008,0.0006222694479822155,1.0921392695280852
5-20B,5.0,131.0123,-0.7066368089551415,0.06830831406095068
5-20B,5.0,131.035,1.0163857398507554,0.3618298311443977
5-20B,5.0,131.0462,0.5807301538766385,0.5288259817532528
5-20B,5.0,131.0828,-0.5960583057859672,0.09173656972762219
5-20B,5.0,132.0302,-0.227618362913061,0.03259601348555309
5-20B,5.0,133.0142,-0.30462756178098027,0.08096850377541312
5-20B,5.0,133.0257,-0.3394991786645537,0.05166306946300493
5-20B,5.0,133.0505,-0.6429734296030165,0.08150686630262302
5-20B,5.0,134.0472,-0.34087013520857823,0.25014084412584503
5-20B,5.0,134.0604,-0.683110633703232,0.10225858334995071
5-20B,5.0,135.0302,-0.6723254021835239,0.07394863660305513
5-20B,5.0,135.0453,0.3956621735984315,0.30559557993226244
5-20B,5.0,136.0404,-0.3157929098659693,0.13003400862480252
5-20B,5.0,136.0487,0.1961744012294544,0.30469362347348555
5-20B,5.0,136.0767,0.41395766732676326,0.48615047417677926
5-20B,5.0,137.0239,-0.04144751305300572,0.27062265618541625
5-20B,5.0,138.9789,0.4087367021304736,0.7524220383240596
5-20B,5.0,139.0014,-0.23620752587961064,0.06545252696814127
5-20B,5.0,139.0067,-0.6275761990835671,0.03164865572071399
5-20B,5.0,139.976,0.489224125660174,0.8681910874864944
5-20B,5.0,143.0713,0.8112568049927837,0.4381687709028319
5-20B,5.0,143.1077,2.5504851914270095,0.5695972067972097
5-20B,5.0,145.0141,-0.11780519289105043,0.16393237443007228
5-20B,5.0,145.0506,-0.7704785949793391,0.18745600784486158
5-20B,5.0,145.0623,-0.9043291426474711,0.2439728515844909
5-20B,5.0,145.0982,-0.6978794642050787,0.15855551293626274
5-20B,5.0,145.1106,-0.7526694193613108,0.1184356055550431
5-20B,5.0,146.0459,-0.4746425279742471,0.006845052809595333
5-20B,5.0,147.0298,-0.8238473806791416,0.033161270517222154
5-20B,5.0,147.0662,-0.34155092743056475,0.08639965365564
5-20B,5.0,149.0092,1.595381146858187,0.568737749109136
5-20B,5.0,149.0456,1.5856521889943007,0.23614797526016865
5-20B,5.0,149.0608,1.3278952807610886,0.3077742878132793
5-20B,5.0,150.0422,-0.540714064184399,0.46425505313054416
5-20B,5.0,150.9707,-0.28273855712062596,0.5352213726247392
5-20B,5.0,151.0259,-0.5313519979607424,0.09682906954442745
5-20B,5.0,151.04,1.730419070158419,0.6041947288437272
5-20B,5.0,151.06,-0.23134154347013539,0.3930088004314393
5-20B,5.0,152.0353,0.8546474847784251,0.47017056926031414
5-20B,5.0,152.0716,0.8913614266321126,0.4191153054500256
5-20B,5.0,153.0192,0.6498307400752116,0.12818835171660198
5-20B,5.0,154.062,-0.4597772232189872,0.06788940547150986
5-20B,5.0,154.9751,-0.8897396970582053,0.03234331144706223
5-20B,5.0,155.0099,0.11876193781464886,0.07782653554407232
5-20B,5.0,157.0128,-0.5375532460771769,0.015280117506460425
5-20B,5.0,157.0255,0.5023627908419457,0.1702539989211713
5-20B,5.0,157.0379,0.5406330312004928,0.10211332131582014
5-20B,5.0,157.0504,-0.8300265510072459,0.05238323303847302
5-20B,5.0,159.0297,0.8429377270971163,0.3981976786287812
5-20B,5.0,159.0775,-0.756591550287337,0.03569269128047904
5-20B,5.0,160.0616,-1.071132248910025,0.22672110812705287
5-20B,5.0,161.0453,1.0266853957100155,0.32768441334453674
5-20B,5.0,162.0424,-0.7588866473022946,0.391474311410672
5-20B,5.0,163.0351,-0.7175161699231696,0.1156013609235603
5-20B,5.0,163.0398,0.6809777982257141,0.055530915347511776
5-20B,5.0,163.0611,0.19650868654341846,0.9170450361481843
5-20B,5.0,164.0716,-0.5741365763837026,0.08307029130730975
5-20B,5.0,165.03,1.2019379707363074,1.1621407523532896
5-20B,5.0,165.0405,0.9509207088930869,0.6918981292286885
5-20B,5.0,165.0556,-0.6536602396556898,0.14371352004851018
5-20B,5.0,166.0508,-0.44289119158052537,0.18508202889903147
5-20B,5.0,166.0632,-0.1486024964110691,0.38866731238516794
5-20B,5.0,166.9759,-0.5620076996981942,0.3152618789854523
5-20B,5.0,167.0207,-0.20638314814647904,0.19751879085027665
5-20B,5.0,167.0358,0.9823451255086391,0.434275123604856
5-20B,5.0,167.0828,-0.2076263185344786,0.9195400437788476
5-20B,5.0,168.0277,-0.4469053182175578,0.05149333975543582
5-20B,5.0,168.0664,-0.11556083734875186,0.4123879866986351
5-20B,5.0,170.0455,-0.822784755210616,0.0164325562402623
5-20B,5.0,171.0065,-0.6768686911056478,0.18043855923727678
5-20B,5.0,171.0092,-0.4854842032442167,0.21531680636863118
5-20B,5.0,171.0284,-0.8254045074173035,0.047249296629665684
5-20B,5.0,172.0616,-0.31670193114576706,0.1382093157644359
5-20B,5.0,172.962,-0.4069606112550915,0.1872744785574236
5-20B,5.0,173.0089,-0.7809354508345515,0.10146826035231298
5-20B,5.0,173.0453,-0.9537074810272921,0.13275855850136703
5-20B,5.0,173.0932,-0.857994839327619,0.022797389804324074
5-20B,5.0,173.1041,-1.073468980788204,0.0898962975853489
5-20B,5.0,174.0407,-0.6254798983371186,0.0315859109456045
5-20B,5.0,174.088,-0.8141648134487145,0.06407174127908466
5-20B,5.0,175.022,-0.8322751068760319,0.1899889550319909
5-20B,5.0,175.0361,-0.24635061830740673,0.09996871563625544
5-20B,5.0,175.0611,-0.9167595294188986,0.03920219439507922
5-20B,5.0,176.0776,-0.9215352097188467,0.2725465311435885
5-20B,5.0,177.0402,1.2482082841964763,0.5969596783737361
5-20B,5.0,177.0553,0.6221785232795092,0.5581727067894189
5-20B,5.0,178.0509,-0.6288793161807849,0.07707771308110573
5-20B,5.0,179.0348,0.32152069340987044,0.33507643583705143
5-20B,5.0,179.0561,1.469965186726221,0.1469005225041485
5-20B,5.0,180.0663,1.4459399601100307,0.08086846510525883
5-20B,5.0,181.0505,-0.8231921975723628,0.10735847527385105
5-20B,5.0,182.9725,1.1778749765369,0.22567541863964768
5-20B,5.0,183.0661,0.6614245270913661,0.8044287532776982
5-20B,5.0,184.0017,-0.4714848805141787,0.04110374369947592
5-20B,5.0,184.9856,-0.3157454718748578,0.03664737990281608
5-20B,5.0,186.1136,1.0703370619287664,0.5459761954861995
5-20B,5.0,187.0234,-0.708492892432449,0.4847171361698129
5-20B,5.0,188.035,-0.4428794251899436,0.3665239204896305
5-20B,5.0,188.0565,-0.8649472292990747,0.02073843439246485
5-20B,5.0,189.0405,-0.4933021235534107,0.08685134575971809
5-20B,5.0,191.0197,-0.5095001509810515,0.17935755704668993
5-20B,5.0,191.0561,-1.0426244584602467,0.10813771906849685
5-20B,5.0,192.0663,-0.06363236409989417,0.6424455625028552
5-20B,5.0,193.0349,0.8034260743567148,0.6506672162297444
5-20B,5.0,194.0682,-0.42157728558713503,0.24233864433142177
5-20B,5.0,194.0822,0.4446847836166691,0.623871475221561
5-20B,5.0,195.0509,0.6136894861335939,0.230866933661877
5-20B,5.0,195.0657,0.25515815071020903,0.5764522205544861
5-20B,5.0,196.0603,-0.5095559238923885,0.0745344380215696
5-20B,5.0,198.0182,-0.667415673847178,0.27869053900147345
5-20B,5.0,199.0019,-0.3746079440778667,0.28843599405778236
5-20B,5.0,200.9937,0.921123357230438,0.2038704959756577
5-20B,5.0,201.0051,0.020095296747386318,0.4857036946872324
5-20B,5.0,203.0348,0.35870600999935387,0.14284092048485658
5-20B,5.0,203.0826,-0.08669025393860781,0.009121726256227107
5-20B,5.0,204.0498,0.49285756450643076,0.7893699973170121
5-20B,5.0,205.0351,-0.8849936448544948,0.06443848974302864
5-20B,5.0,206.0822,0.7577729433162064,1.2490201052305463
5-20B,5.0,209.0292,-0.5018066678989974,0.1590307758328382
5-20B,5.0,209.0814,0.01856450510991392,0.23352955948073706
5-20B,5.0,211.0235,-0.7209935029446368,0.21338071790402544
5-20B,5.0,211.9968,-0.6376018048862695,0.039864252746271894
5-20B,5.0,212.0331,-0.1972526240883766,0.141516753387091
5-20B,5.0,212.9807,-0.42227001732380454,0.08342104256647347
5-20B,5.0,213.014,-0.3320312413510799,0.22468711503554314
5-20B,5.0,213.0384,-0.3129914876298545,0.13605929688911347
5-20B,5.0,213.1252,0.3530092578644013,0.8647557471192119
5-20B,5.0,214.0488,0.25184659286154826,0.8599876846500311
5-20B,5.0,215.0331,1.8476813453133079,0.13898729191162779
5-20B,5.0,216.1351,0.7642941151779199,0.25173621196706575
5-20B,5.0,218.0335,1.8872489670985422,0.05136248901042695
5-20B,5.0,218.1034,-0.568937416180337,0.07296420741826311
5-20B,5.0,220.0828,-0.09109554315277416,0.548936266880835
5-20B,5.0,221.0443,1.651311512379251,0.1447417913192993
5-20B,5.0,221.0664,2.1178541082087907,0.553327651814981
5-20B,5.0,225.0399,0.7335419366755227,0.2807840687224509
5-20B,5.0,225.0861,1.218224010273723,0.43268841989715134
5-20B,5.0,225.0901,0.6341247465452962,0.20385430700341142
5-20B,5.0,226.0135,-0.849760350472899,0.05078552630187727
5-20B,5.0,226.0697,0.37467118299391017,0.4084181756308983
5-20B,5.0,228.0501,-0.4069329876874069,0.39260659807322634
5-20B,5.0,229.0122,-0.2556864069658586,0.19957440045832747
5-20B,5.0,237.0614,-0.796354852190908,0.1567577198255495
5-20B,5.0,238.0945,-0.5113999285013956,0.24104092185822396
5-20B,5.0,240.0515,-0.3283794362341522,0.05440212857770022
5-20B,5.0,241.0844,-0.3842255686222322,0.34305624942598995
5-20B,5.0,242.0804,-0.5739270182588941,0.3016339615758471
5-20B,5.0,243.029,0.17345317341111613,0.2550785483601137
5-20B,5.0,243.0625,-0.2371856698624668,0.355511233073987
5-20B,5.0,245.0444,0.4007522864935384,0.21385086131404993
5-20B,5.0,246.0198,-0.2901804046222921,0.4516835703304885
5-20B,5.0,246.064,0.8451247560371269,1.3324145749266565
5-20B,5.0,251.0816,0.6449801595962987,1.288234610450501
5-20B,5.0,253.0119,-0.2933005217280754,0.01705643508019426
5-20B,5.0,253.0499,3.243155974996718,0.9818560727503274
5-20B,5.0,257.0072,-0.1726785457346079,0.2547700482157786
5-20B,5.0,257.1028,-0.11319759613435551,0.5232587818980847
5-20B,5.0,259.005,0.5481847220730163,0.4929517801454267
5-20B,5.0,259.0227,1.9676556007406245,0.40211261954163013
5-20B,5.0,261.0385,0.19507989646016405,0.06704831228022323
5-20B,5.0,266.0703,-0.6142607103483175,0.22493025861111443
5-20B,5.0,267.0724,-0.6513599986142261,0.019596237460060274
5-20B,5.0,268.02,-0.8263505518020517,0.4420301099675645
5-20B,5.0,269.0398,-0.5625319798936704,0.16678336027794669
5-20B,5.0,271.0612,2.950477572815964,0.41486954999481657
5-20B,5.0,271.0815,0.18111366534633236,0.9897178240277547
5-20B,5.0,273.0021,-0.7083686896983026,0.1138809348379154
5-20B,5.0,274.0933,-0.24420346452357605,0.16857262074574614
5-20B,5.0,275.0184,1.0545180054032912,0.9437183542367182
5-20B,5.0,275.0991,-0.5684405703647359,0.18413202226725145
5-20B,5.0,277.1207,1.430939660662494,0.222428450944681
5-20B,5.0,277.2169,0.7160830664228073,0.3437747717170925
5-20B,5.0,279.2331,-0.34557357201569533,0.012032992972740504
5-20B,5.0,282.0839,0.46996170603369714,0.5344779230735035
5-20B,5.0,283.2063,-0.5118355793435225,0.2199570284826849
5-20B,5.0,285.0972,-0.5877633526205994,0.7702576289263438
5-20B,5.0,287.0157,1.440666653602075,0.2978031827593145
5-20B,5.0,288.0725,-0.5576695551249508,0.1133754884287739
5-20B,5.0,289.0333,0.12236392179150812,0.2482542079807133
5-20B,5.0,289.1044,-1.158463448062493,0.1985532259155731
5-20B,5.0,290.9677,-0.3259430204224782,0.1080353059698416
5-20B,5.0,294.0479,0.0772322152250934,0.5388195601657401
5-20B,5.0,300.0509,0.7374410860815284,1.6658358066132652
5-20B,5.0,301.0333,0.695206612640592,0.5465025512435143
5-20B,5.0,303.2326,0.1788050125631501,0.9774325757162203
5-20B,5.0,305.0207,1.2725077218876624,0.23173732526158108
5-20B,5.0,306.0481,-0.39214481253103245,0.2097723705682057
5-20B,5.0,306.0765,-0.24776842700195362,0.03382897632528358
5-20B,5.0,308.0986,-0.31912095401930074,0.023926512391700062
5-20B,5.0,313.0441,-0.56616992421645,0.586667006950681
5-20B,5.0,313.1037,-0.7880545854217835,0.43510975212377895
5-20B,5.0,317.026,0.8432704702139129,0.4803943656686824
5-20B,5.0,323.0256,0.463330165006741,1.071516707414335
5-20B,5.0,325.1163,-0.6400618736748825,0.2225887757085077
5-20B,5.0,328.0457,-0.3384758343158599,0.14418568684458108
5-20B,5.0,333.0589,-1.042112301848614,0.2615930290465077
5-20B,5.0,338.9884,-0.25070394082664205,0.07560899526541981
5-20B,5.0,339.0928,0.539515389160343,0.17321273906125334
5-20B,5.0,341.1089,1.0449598563419706,0.24584577107381614
5-20B,5.0,344.0393,-0.13384772867187855,0.37489191708952185
5-20B,5.0,346.0556,0.5247019753217863,0.12992947966887852
5-20B,5.0,348.087,-0.5693260685838657,0.1754518617156379
5-20B,5.0,353.0489,-0.09532725118155222,0.22588013483212294
5-20B,5.0,357.089,-0.6459315959713754,0.18045364905694555
5-20B,5.0,375.131,-0.6455641335044429,0.23956732361705302
5-20B,5.0,377.1496,0.49501261024269017,0.24930144936781054
5-20B,5.0,383.1188,1.9630404361271145,0.6370038230399977
5-20B,5.0,388.9416,0.18533021775159325,0.3137087489313285
5-20B,5.0,388.9442,-0.16543196842000457,0.322939799508114
5-20B,5.0,401.0756,1.6642767110871435,0.11041261881438479
5-20B,5.0,407.2795,-0.5739653824883281,0.3125476627594126
5-20B,5.0,421.0743,0.0645032723144793,0.7171510581787124
5-20B,5.0,426.0222,0.26268582841207766,0.47995825075187054
5-20B,5.0,442.9997,0.04883158153253109,0.14093244840144648
5-20B,5.0,466.9657,1.3133342548897087,0.11144029152174248
5-20B,5.0,490.9787,0.8386532077983153,1.3110513301591455
5-20B,5.0,503.1614,2.016723081092773,0.37977579500041075
5-20B,5.0,547.0731,-1.0006405799558886,0.03266753924047831
5-20B,5.0,565.0471,-0.2907355424719234,0.21063010441171873
5-20B,5.0,578.8872,1.905910655339435,0.0680429483855373
5-20B,5.0,579.0269,1.7622122325826242,0.3937462863741962
5-20B,5.0,612.2549,-0.40225211873764644,0.5775610656597399
5-20B,5.0,624.2949,-0.890600852844522,0.45937698732159266
5-20B,5.0,659.307,0.65891013283931,0.3648206932362241
5-20B,5.0,664.0939,-0.7669974991724569,0.15297563267195627
5-20B,5.0,665.2144,0.5956136528635668,0.5499238571434131
5-20B,5.0,668.1374,-0.6139742823032013,0.001093913204508755
5-20B,5.0,787.255,0.8752156561032216,0.44423317438147314
5-20B,5.0,790.2568,0.601673499217298,0.5892198073668634
5-20B,5.0,835.0407,-0.5875708990134935,0.0461170899389806
5-20B,5.0,863.2971,-0.23432334743593575,0.08943665927958232
5-20B,5.0,864.1473,0.01362969950145998,0.32005675809683926
5-20B,5.0,974.2935,0.07593530379988958,0.3237346052430442
5-20B,5.0,976.7162,1.4123564964513289,0.2510609077791771
5-20B,6.0,57.0342,1.178865907840581,0.3027337102883407
5-20B,6.0,58.0295,-0.49609478616751324,0.2086510420105247
5-20B,6.0,59.0135,1.5313856189300519,0.19999846748116704
5-20B,6.0,71.0137,1.3461508108991502,0.16821986970075659
5-20B,6.0,73.0293,-0.8514848613528714,0.0452763120659661
5-20B,6.0,74.0247,-0.8739689287747445,0.2268113162950109
5-20B,6.0,75.0087,0.7637037208631858,0.28596548411789025
5-20B,6.0,87.0088,-0.6507295016543604,0.02418189300821435
5-20B,6.0,87.0451,0.7063227910974991,0.5113552380233847
5-20B,6.0,88.0403,-0.6392510956481552,0.05710793892598308
5-20B,6.0,88.9883,-1.4437054728677952,0.7949597716398088
5-20B,6.0,89.0244,-0.4463701116405713,0.06866737607240643
5-20B,6.0,93.0338,-0.05355854545626754,0.01659321936385326
5-20B,6.0,94.9761,-0.5388330997077778,0.29611620606562444
5-20B,6.0,94.9806,0.9628914053465369,0.36396325850427
5-20B,6.0,95.0139,1.4417492270436405,0.19002729123542794
5-20B,6.0,101.0242,0.8158380727400932,0.12192725704895195
5-20B,6.0,102.056,-0.5290127565071646,0.06984530341476204
5-20B,6.0,103.0402,-0.8185921866317677,0.057070733949328704
5-20B,6.0,103.0509,-0.7208474729323529,0.12206983550450659
5-20B,6.0,104.0352,-0.2649171065997605,0.10020380199142988
5-20B,6.0,105.0193,0.14110534033607813,0.5935656869919068
5-20B,6.0,107.0503,1.1019282984934358,0.7269677692031039
5-20B,6.0,109.0295,-0.3802892727609579,0.11534668820883633
5-20B,6.0,111.02,0.2260039425883078,0.03556283775569107
5-20B,6.0,112.0516,1.0210172872144785,0.6768519376929579
5-20B,6.0,113.0244,1.3288563230673693,0.02024220407070331
5-20B,6.0,113.0357,1.1455088795621011,0.06853007333879613
5-20B,6.0,114.056,-0.2447302659503433,0.0009417944101241277
5-20B,6.0,115.0037,-0.6109108316249265,0.025305696580995494
5-20B,6.0,115.0402,-0.13013387794089556,0.7044462353873403
5-20B,6.0,115.0764,0.8599233491476026,0.46107755698588127
5-20B,6.0,116.0354,-1.0032795891016315,0.2782344190211259
5-20B,6.0,116.0717,-0.7614049746717395,0.017599030933524128
5-20B,6.0,117.0194,-0.8273896819891671,0.03731879994191277
5-20B,6.0,118.0508,-1.165913626661279,0.10056374933810941
5-20B,6.0,118.9804,1.2107737601207171,0.15677468933730654
5-20B,6.0,119.0503,0.5311480232056748,0.12232249341781004
5-20B,6.0,120.9273,-0.5796391909577718,0.056496546210778244
5-20B,6.0,121.0295,0.6389766781943489,0.6637389144939493
5-20B,6.0,121.0409,0.397030576191398,0.7885514396046774
5-20B,6.0,122.0248,1.1620455565749732,0.23421713890129262
5-20B,6.0,124.0075,0.28178589820345024,0.42498254337894326
5-20B,6.0,124.0144,1.3319556508032326,0.15043455944524872
5-20B,6.0,125.0439,1.1958152345818251,0.4316763037426211
5-20B,6.0,127.0764,0.521633597698141,0.3409378692785685
5-20B,6.0,128.0354,-0.32021584401706044,0.0168395870681316
5-20B,6.0,129.0193,-0.8004322973008233,0.09908623616543782
5-20B,6.0,129.0556,0.3210058596444515,0.7216896309098564
5-20B,6.0,130.0142,-0.8401563047614482,0.2083687705907702
5-20B,6.0,130.0509,-0.4895461555484183,0.061578466376062374
5-20B,6.0,130.0874,-1.035668793124021,0.0276058215654111
5-20B,6.0,131.0008,0.8915538563894801,0.9373333103679221
5-20B,6.0,131.0123,-0.7026900753476919,0.10197786907723241
5-20B,6.0,131.035,0.9451850918260467,0.18798392735896194
5-20B,6.0,131.0462,0.9667233837272962,0.19502266037657284
5-20B,6.0,131.0828,-0.6366406614200266,0.15050882930298076
5-20B,6.0,132.0302,-0.03516856435299284,0.018137860028094272
5-20B,6.0,133.0142,-0.4307508649981117,0.02055445491128964
5-20B,6.0,133.0257,-0.4029626665509018,0.07367207329323804
5-20B,6.0,133.0505,-0.6687761030654962,0.07906379571827132
5-20B,6.0,134.0472,-0.695169238008179,0.22812619877280702
5-20B,6.0,134.0604,-0.7448157739079918,0.3326195078042817
5-20B,6.0,135.0302,-0.7493673556542106,0.11593192313068044
5-20B,6.0,135.0453,1.5028343846387198,0.2526004058446227
5-20B,6.0,136.0404,-0.29973597004204733,0.07677539733956278
5-20B,6.0,136.0487,1.4659060944080564,0.22214130354377715
5-20B,6.0,136.0767,0.422972803191355,0.47758457052457937
5-20B,6.0,137.0239,0.06526212632660133,0.14577331656286807
5-20B,6.0,138.9789,0.32590591660344115,0.5836536284626475
5-20B,6.0,139.0014,-0.20582790502802828,0.0338596815514263
5-20B,6.0,139.0067,-0.6280024271212843,0.030992932009729628
5-20B,6.0,139.976,0.8365776758178343,0.29016674916276375
5-20B,6.0,143.0713,0.22414072907718857,0.2818621579597771
5-20B,6.0,143.1077,1.7584846211654415,0.5992037416674735
5-20B,6.0,145.0141,-0.34446368458026294,0.10728989374563536
5-20B,6.0,145.0506,-0.696695731945096,0.197880786751022
5-20B,6.0,145.0623,-0.8683749508208349,0.2347595952493821
5-20B,6.0,145.0982,-0.6073445733624772,0.2759389687272938
5-20B,6.0,145.1106,-0.657977800436462,0.7157906446131415
5-20B,6.0,146.0459,-0.4868389321009282,0.0028870756179021485
5-20B,6.0,147.0298,-0.809527062310254,0.0382868040718656
5-20B,6.0,147.0662,-0.4335331157670058,0.07445170532002093
5-20B,6.0,149.0092,0.7483591124652527,0.6351587737469441
5-20B,6.0,149.0456,0.6548827713132257,0.2824275219466479
5-20B,6.0,149.0608,1.135806978314797,0.24726243690427513
5-20B,6.0,150.0422,-0.5632805803453793,0.705383644646838
5-20B,6.0,150.9707,-0.05144215229003188,0.8157578468258013
5-20B,6.0,151.0259,-0.6126584344776527,0.035112116632973284
5-20B,6.0,151.04,0.5590219211417877,0.37839321712139223
5-20B,6.0,151.06,0.3115024381425696,0.5441786621778752
5-20B,6.0,152.0353,0.7927336591138775,0.2044640508329896
5-20B,6.0,152.0716,0.28374339725806286,0.41400919720397616
5-20B,6.0,153.0192,0.519542814120135,0.0538141931348002
5-20B,6.0,154.062,-0.287248456054629,0.1875113757818258
5-20B,6.0,154.9751,-0.8452469595907441,0.016749367738561442
5-20B,6.0,155.0099,0.41844612107415513,0.07227627328724133
5-20B,6.0,157.0128,-0.404368012687211,0.04724013571368202
5-20B,6.0,157.0255,0.8072940469877091,0.049543075798527604
5-20B,6.0,157.0379,0.7807763783060485,0.18210990781054437
5-20B,6.0,157.0504,-0.7579914569663491,0.0479459769572251
5-20B,6.0,159.0297,0.4765482679696138,0.1610193181097606
5-20B,6.0,159.0775,-0.7633893030601203,0.07017948737263945
5-20B,6.0,160.0616,-0.21257384038701901,0.34932251700473665
5-20B,6.0,161.0453,0.6837584900666984,0.11475844086365616
5-20B,6.0,162.0424,-0.6643128789743393,0.2975561006684854
5-20B,6.0,163.0351,-0.6395234831643861,0.22014550069587538
5-20B,6.0,163.0398,0.9587187770771326,0.1609757800576928
5-20B,6.0,163.0611,1.9489911325575173,0.7368810579672351
5-20B,6.0,164.0716,-0.5331321885753144,0.040105931040181377
5-20B,6.0,165.03,1.119451077713125,0.16593184550395013
5-20B,6.0,165.0405,1.343142658975994,0.4614767228546239
5-20B,6.0,165.0556,-0.5523071453929919,0.04841899970682453
5-20B,6.0,166.0508,0.32245066067740685,0.3574802336725201
5-20B,6.0,166.0632,-0.05961684290723046,0.6479292965781105
5-20B,6.0,166.9759,-0.5177713441099604,0.06849176939983513
5-20B,6.0,167.0207,-0.2779268844334263,0.622097786776938
5-20B,6.0,167.0358,1.331576329351543,0.152325178275341
5-20B,6.0,167.0828,0.26989086810886553,0.27757361616913917
5-20B,6.0,168.0277,-0.49786430811428406,0.03241680366982921
5-20B,6.0,168.0664,0.7160231432315227,0.20185736939769425
5-20B,6.0,170.0455,-0.7710037210523268,0.029443817174060565
5-20B,6.0,171.0065,-0.5814955942538043,0.20404421517818697
5-20B,6.0,171.0092,-0.2774874051274936,0.24503809678451452
5-20B,6.0,171.0284,-0.8522474266686961,0.058378227102046786
5-20B,6.0,172.0616,-0.2565952386737027,0.05257510786998148
5-20B,6.0,172.962,-0.42315232432655303,0.10397208625498604
5-20B,6.0,173.0089,-0.7885876546955588,0.06848904709316263
5-20B,6.0,173.0453,-0.9351805663205282,0.0795000484368084
5-20B,6.0,173.0932,-0.7625322454641381,0.05491407204899709
5-20B,6.0,173.1041,-0.9218382221737416,0.48158980432390425
5-20B,6.0,174.0407,-0.3971152641726325,0.034651002302831246
5-20B,6.0,174.088,-0.5639267318189538,0.162718349041932
5-20B,6.0,175.022,-0.6561926524987121,0.1345507854765515
5-20B,6.0,175.0361,0.004381440592729284,0.01218230237943085
5-20B,6.0,175.0611,-0.9177756309722831,0.03558807120880753
5-20B,6.0,176.0776,-0.6995230808162163,0.1820977452777855
5-20B,6.0,177.0402,-0.02549937247915446,0.20262026798101393
5-20B,6.0,177.0553,0.9878880266784422,0.6811881562048117
5-20B,6.0,178.0509,-0.458970745549314,0.03273880751831711
5-20B,6.0,179.0348,0.3092058778341933,0.06023083420157769
5-20B,6.0,179.0561,0.7948704348572662,0.09974636891620814
5-20B,6.0,180.0663,0.8925758950801498,0.13898655368391682
5-20B,6.0,181.0505,-0.7889637167670941,0.034931572688577994
5-20B,6.0,182.9725,1.5866544849146633,0.034960625827343765
5-20B,6.0,183.0661,0.5125261620889271,0.5765820515291453
5-20B,6.0,184.0017,-0.47698853010284625,0.03771465771529042
5-20B,6.0,184.9856,-0.5941894515070483,0.1478422873839591
5-20B,6.0,186.1136,0.13690591118262913,0.5785529641742495
5-20B,6.0,187.0234,-0.654866823634882,0.19201821113220482
5-20B,6.0,188.035,0.05413072732849155,1.17088210718996
5-20B,6.0,188.0565,-0.6854107540978713,0.018812692351267993
5-20B,6.0,189.0405,-0.5187270064466859,0.10755086826021394
5-20B,6.0,191.0197,-0.5323543687413681,0.24459599348147293
5-20B,6.0,191.0561,-0.956978764411285,0.09031955934480637
5-20B,6.0,192.0663,-0.18493725953594456,0.9420872487212586
5-20B,6.0,193.0349,0.3438196884821061,0.45293688189280745
5-20B,6.0,194.0682,-0.18701755052190897,0.36874175446799135
5-20B,6.0,194.0822,0.5875578282967122,1.0747266912633504
5-20B,6.0,195.0509,0.5606994569605382,0.09628832366971221
5-20B,6.0,195.0657,-0.10871567784185909,0.6203837675936598
5-20B,6.0,196.0603,-0.04086522541008851,0.16066664669671005
5-20B,6.0,198.0182,-0.11821107618712268,0.17833916038096356
5-20B,6.0,199.0019,-0.7530588079360746,0.2243353973216898
5-20B,6.0,200.9937,0.9013858323663377,0.09103814447141831
5-20B,6.0,201.0051,-0.3245674699632477,0.8542266401921904
5-20B,6.0,203.0348,0.05172653383652308,0.21562480505367668
5-20B,6.0,203.0826,-0.07152890562267661,0.004554540216794069
5-20B,6.0,204.0498,1.1169466757971394,1.7178780896397479
5-20B,6.0,205.0351,-0.8394845380620233,0.07655357281455923
5-20B,6.0,206.0822,1.1110569519255933,0.44329590527106777
5-20B,6.0,209.0292,-0.3760598169170526,0.42237152391995525
5-20B,6.0,209.0814,-0.6093334409561885,0.3411103630796608
5-20B,6.0,211.0235,-0.6047008807446734,0.12687684286586234
5-20B,6.0,211.9968,-0.3669955007548429,0.10047341601073281
5-20B,6.0,212.0331,-0.4807876085037801,0.10508350769357974
5-20B,6.0,212.9807,-0.5327304056932753,0.07095274911705608
5-20B,6.0,213.014,-0.653141198951872,0.306287066922892
5-20B,6.0,213.0384,-0.5550236876421271,0.4470268324166719
5-20B,6.0,213.1252,-0.0369195202028417,0.5149517611165346
5-20B,6.0,214.0488,-0.3589967348433757,0.37766892850734857
5-20B,6.0,215.0331,1.0381542111249669,0.07376710648752287
5-20B,6.0,216.1351,0.22762017448104055,0.14416498509931341
5-20B,6.0,218.0335,1.0339244250220974,0.08625635033397956
5-20B,6.0,218.1034,-0.5692096979569323,0.03300976772988361
5-20B,6.0,220.0828,0.17600704001692696,0.23934814017546
5-20B,6.0,221.0443,1.8379185586977946,0.08660848914634474
5-20B,6.0,221.0664,1.722294271613029,0.3421322005016905
5-20B,6.0,225.0399,0.390388429332117,0.40820768748410824
5-20B,6.0,225.0861,0.8802993188987842,0.263839586295548
5-20B,6.0,225.0901,0.9809201393627955,1.030005605892483
5-20B,6.0,226.0135,-0.6964517549144007,0.14803713575185534
5-20B,6.0,226.0697,0.5521347337796312,0.24427307389712308
5-20B,6.0,228.0501,-0.7521981086015714,0.20696205959613378
5-20B,6.0,229.0122,-0.47011390897498684,0.21278378583380606
5-20B,6.0,237.0614,-0.7366486685145364,0.07656300123242357
5-20B,6.0,238.0945,-0.6626303053776543,0.14554293627339923
5-20B,6.0,240.0515,-0.011446278989499625,0.0474026732988834
5-20B,6.0,241.0844,-0.13521612536715577,0.9455266258606547
5-20B,6.0,242.0804,0.23480285618089713,0.5533105931488295
5-20B,6.0,243.029,-0.08968482179715487,0.2826329897941996
5-20B,6.0,243.0625,-0.6041729766563795,0.5890332322554513
5-20B,6.0,245.0444,-0.6606008413732898,0.46394093672571735
5-20B,6.0,246.0198,-0.08229731289531914,0.2970418727469603
5-20B,6.0,246.064,1.2578787982088937,0.48494815492900156
5-20B,6.0,251.0816,0.5322231165954159,0.6117801392553691
5-20B,6.0,253.0119,-0.2904108772099684,0.01640177477937312
5-20B,6.0,253.0499,0.5340771239213333,1.1412127540810892
5-20B,6.0,257.0072,0.010263480819142275,0.3492067843105198
5-20B,6.0,257.1028,-0.05253772382277055,0.5893957883599529
5-20B,6.0,259.005,-0.4019348472400342,0.40931643155769276
5-20B,6.0,259.0227,0.6103003360821064,0.17705016811668128
5-20B,6.0,261.0385,-0.27936807369114103,0.415811758388309
5-20B,6.0,266.0703,-0.4287621258096582,0.22420643922187505
5-20B,6.0,267.0724,-0.5772901010335467,0.038541870419637636
5-20B,6.0,268.02,-0.45364730341402015,0.41727535879854544
5-20B,6.0,269.0398,-0.5279756642704505,0.1811351627757103
5-20B,6.0,271.0612,0.3590714444974763,0.4995913648458648
5-20B,6.0,271.0815,-0.02495512778300703,0.21977954452345322
5-20B,6.0,273.0021,-0.5403308494105137,0.16355027708179137
5-20B,6.0,274.0933,-0.2146330310620304,0.12965663748117479
5-20B,6.0,275.0184,0.2915247390924327,1.0864417542629725
5-20B,6.0,275.0991,-0.4394819020625038,0.26101474677277625
5-20B,6.0,277.1207,0.5773435923253345,0.0684628664861636
5-20B,6.0,277.2169,0.3953423946583608,0.2719960045136504
5-20B,6.0,279.2331,-0.18132218195968566,0.03258528093158901
5-20B,6.0,282.0839,-0.8978339773372223,0.3130904440317084
5-20B,6.0,283.2063,-0.038953324782890805,0.34084096419378246
5-20B,6.0,285.0972,-0.40382114240364697,0.4354153050931091
5-20B,6.0,287.0157,1.3036660927023829,0.25744629070499475
5-20B,6.0,288.0725,-0.6034923661655607,0.08924160867439858
5-20B,6.0,289.0333,0.5905978217833694,0.25844662758585313
5-20B,6.0,289.1044,-0.8177549981839074,0.14651572327098653
5-20B,6.0,290.9677,-0.44131636944106367,0.07744811790003994
5-20B,6.0,294.0479,1.1338596565932253,0.916477051848204
5-20B,6.0,300.0509,0.13199787687253825,0.6227549339853531
5-20B,6.0,301.0333,1.0742349679378702,0.8191090293033374
5-20B,6.0,303.2326,-0.4020905720880222,0.2883830493650488
5-20B,6.0,305.0207,1.2345804652697874,0.16556262631092222
5-20B,6.0,306.0481,-0.06858710658223341,0.030181233580822718
5-20B,6.0,306.0765,-0.12713451261585204,0.05704100013418351
5-20B,6.0,308.0986,-0.2712169436639248,0.005374348367387845
5-20B,6.0,313.0441,0.05904461016728053,0.5452860742066902
5-20B,6.0,313.1037,-0.5727944028061009,0.4630104720264472
5-20B,6.0,317.026,0.5347534636677354,0.4438115802213135
5-20B,6.0,323.0256,0.3319516886601575,0.5481064864526303
5-20B,6.0,325.1163,-0.08900953699562647,0.5148904495811141
5-20B,6.0,328.0457,-0.4418883650860752,0.17809612900251848
5-20B,6.0,333.0589,-0.7881339342392576,0.2555521219812024
5-20B,6.0,338.9884,-0.6081854259088957,0.2154385638980469
5-20B,6.0,339.0928,1.175969787989915,0.22566686147276047
5-20B,6.0,341.1089,3.3194377799173256,0.1684103510742607
5-20B,6.0,344.0393,-0.22229385846985325,0.2225377638099112
5-20B,6.0,346.0556,0.35103385732888215,0.048266667194512315
5-20B,6.0,348.087,-0.25384275101970966,0.22078116111747412
5-20B,6.0,353.0489,-0.0010774306477642631,0.30604183355753495
5-20B,6.0,357.089,-0.6008677976389156,0.11797569523883707
5-20B,6.0,375.131,-0.3500356469726351,0.6882585669265799
5-20B,6.0,377.1496,0.26969236358102355,0.5787084322347975
5-20B,6.0,383.1188,1.5070713173833357,0.5492278055518305
5-20B,6.0,388.9416,0.03009929280756697,0.33266987847865565
5-20B,6.0,388.9442,-0.4908198687834443,0.23823927963252758
5-20B,6.0,401.0756,1.3055775225344883,0.17825205547381595
5-20B,6.0,407.2795,-0.12430771010808322,0.23972469307353614
5-20B,6.0,421.0743,0.03333376411760372,0.8685032465575357
5-20B,6.0,426.0222,-0.4117072470941505,0.1648611814102791
5-20B,6.0,442.9997,0.024735144230614008,0.26507384919805765
5-20B,6.0,466.9657,0.957070558922535,0.18344096340476576
5-20B,6.0,490.9787,0.7184557635972479,0.8502304246496681
5-20B,6.0,503.1614,1.1856432051094807,0.18253561996610188
5-20B,6.0,547.0731,-0.9137159683456894,0.04353382281903704
5-20B,6.0,565.0471,-0.17126110183148788,0.13432399025274439
5-20B,6.0,578.8872,1.0916887288440484,0.12033780696582211
5-20B,6.0,579.0269,1.4294918648114647,0.2533403223469859
5-20B,6.0,612.2549,-1.4056364958998055,0.20328892586350414
5-20B,6.0,624.2949,-0.4447159053921788,0.43342044550545705
5-20B,6.0,659.307,-0.26164249930378464,0.15205638244145425
5-20B,6.0,664.0939,-0.43752616258904387,0.12529928430053994
5-20B,6.0,665.2144,-0.04200465450657299,0.2378395197240565
5-20B,6.0,668.1374,-0.5747579183421647,0.012959029635611406
5-20B,6.0,787.255,-0.2052874674940457,0.3790763728049604
5-20B,6.0,790.2568,-0.01640072401932939,0.39742180257805926
5-20B,6.0,835.0407,-0.8019313837315589,0.19923349693934175
5-20B,6.0,863.2971,-0.666763379692479,0.09081078397859209
5-20B,6.0,864.1473,-0.7623504216875532,0.24571794836135538
5-20B,6.0,974.2935,-0.7308272020479947,0.36258030411083414
5-20B,6.0,976.7162,0.29699376881155887,0.273322433220463
5-20B,7.0,57.0342,-0.18438864906264285,0.308553784873387
5-20B,7.0,58.0295,-0.034364113460085124,0.22204961730189354
5-20B,7.0,59.0135,0.8212701135446052,0.14815440655295023
5-20B,7.0,71.0137,0.9937196470401772,0.1178166152566086
5-20B,7.0,73.0293,-0.8085186406135287,0.014574173735403208
5-20B,7.0,74.0247,-0.5836956936944044,0.20526182601162676
5-20B,7.0,75.0087,-0.568949341692384,0.48829516690599095
5-20B,7.0,87.0088,-0.6511146800987149,0.016799555215271312
5-20B,7.0,87.0451,-0.47002338653820847,0.5267174181741261
5-20B,7.0,88.0403,-0.48635368228483045,0.00863453662107101
5-20B,7.0,88.9883,-0.9430830496768339,0.7190045643008566
5-20B,7.0,89.0244,-0.6251651179924631,0.03811664172787052
5-20B,7.0,93.0338,-0.048248407536356966,0.006545278747614916
5-20B,7.0,94.9761,-0.6670736710318887,0.24917357694606287
5-20B,7.0,94.9806,0.6740314081456453,0.15747004919575167
5-20B,7.0,95.0139,0.8913762279025026,0.11975623712547098
5-20B,7.0,101.0242,0.24397028990633363,0.08171473534594566
5-20B,7.0,102.056,-0.5569240403574982,0.028482131690917192
5-20B,7.0,103.0402,-0.8233736246147941,0.03461562728288631
5-20B,7.0,103.0509,-0.8054564405978513,0.027618661899793236
5-20B,7.0,104.0352,0.13705783391135073,0.15605223422158218
5-20B,7.0,105.0193,-1.1527929483956223,0.42643668827688674
5-20B,7.0,107.0503,-0.30263464780706206,0.18831823674557183
5-20B,7.0,109.0295,-0.44406911956218986,0.08254360361445359
5-20B,7.0,111.02,0.6826245866764369,0.0519182571590561
5-20B,7.0,112.0516,0.546986982696859,0.683855111746053
5-20B,7.0,113.0244,0.656002523621448,0.08888318182691317
5-20B,7.0,113.0357,1.3168826408231276,0.10873337568407224
5-20B,7.0,114.056,-0.2007395346249799,0.018811487930130856
5-20B,7.0,115.0037,-0.4774219169607131,0.023455486639192842
5-20B,7.0,115.0402,-0.9318085313012845,0.298693792301254
5-20B,7.0,115.0764,0.529651911929077,0.06128142767697201
5-20B,7.0,116.0354,-0.890661349376136,0.138437538497002
5-20B,7.0,116.0717,-0.7392564486493467,0.010589357632369126
5-20B,7.0,117.0194,-0.8080167706197345,0.006130036620650663
5-20B,7.0,118.0508,-1.097757408509284,0.22230095747975806
5-20B,7.0,118.9804,0.7454728689836556,0.07790955963855668
5-20B,7.0,119.0503,-0.37072127431008195,0.264812080327212
5-20B,7.0,120.9273,-0.6057813142571764,0.029982107321919742
5-20B,7.0,121.0295,-0.4448625613424791,0.154777125202965
5-20B,7.0,121.0409,-0.3045349365406795,0.39930356301387265
5-20B,7.0,122.0248,-0.12296429192631605,0.1857192965807306
5-20B,7.0,124.0075,8.621843748201186,1.0286155190154507
5-20B,7.0,124.0144,1.2938259539892503,0.41718853534375144
5-20B,7.0,125.0439,0.31587985763111437,0.27000615116916654
5-20B,7.0,127.0764,0.189034451527709,0.5891983245536321
5-20B,7.0,128.0354,-0.21895392312600165,0.013325033309097725
5-20B,7.0,129.0193,-0.8990032833652846,0.058192986394060245
5-20B,7.0,129.0556,0.026428534885978072,0.8648904930031159
5-20B,7.0,130.0142,-0.9155087503162873,0.1579076181574642
5-20B,7.0,130.0509,-0.11926926187742823,0.07996867098953087
5-20B,7.0,130.0874,-0.8274779482326035,0.03492986220338137
5-20B,7.0,131.0008,-0.9256109263297816,0.9950367690763743
5-20B,7.0,131.0123,-0.6741173685020936,0.0946001769403409
5-20B,7.0,131.035,-0.2761332579084216,0.05687162552276341
5-20B,7.0,131.0462,-0.1737417788157462,0.09622376121766765
5-20B,7.0,131.0828,0.18382147113249414,0.1969400611539789
5-20B,7.0,132.0302,0.2810943201947539,0.0668338404909671
5-20B,7.0,133.0142,-0.40703625912679753,0.060861153265164766
5-20B,7.0,133.0257,-0.3773878281489406,0.1272431622152308
5-20B,7.0,133.0505,-0.619958944633576,0.04764403084681821
5-20B,7.0,134.0472,-0.16187970118032272,0.2687127027846567
5-20B,7.0,134.0604,-0.6442895190048731,0.21094018441000428
5-20B,7.0,135.0302,-0.46304985851851693,0.06837641098454984
5-20B,7.0,135.0453,0.29087852476733345,0.20854058366979025
5-20B,7.0,136.0404,-0.22036446181289734,0.0512383220734009
5-20B,7.0,136.0487,0.2882846937814198,0.22045957583670636
5-20B,7.0,136.0767,-0.3776687225126598,0.644176494472034
5-20B,7.0,137.0239,-0.01923748715009449,0.19509711059392237
5-20B,7.0,138.9789,-1.0594894779127175,0.29596519869865906
5-20B,7.0,139.0014,-0.21583556538300194,0.019430756964840444
5-20B,7.0,139.0067,-0.6592171069855373,0.03269078757259433
5-20B,7.0,139.976,0.035889711293826156,0.4900795947473577
5-20B,7.0,143.0713,-0.37845512936254705,0.4455678189597831
5-20B,7.0,143.1077,0.9025220096000894,0.7419836018594386
5-20B,7.0,145.0141,-0.3347110482844721,0.1295030768227434
5-20B,7.0,145.0506,-0.12225454803729266,0.15759007815593876
5-20B,7.0,145.0623,0.13873970421256612,0.1428102957572592
5-20B,7.0,145.0982,0.20844293767085714,0.09845799759045015
5-20B,7.0,145.1106,-0.2586261901881861,0.635105922717347
5-20B,7.0,146.0459,-0.4711870085485892,0.008483458891180478
5-20B,7.0,147.0298,-0.7998522414506963,0.02235757422980138
5-20B,7.0,147.0662,-0.3295369774097021,0.0725417781253538
5-20B,7.0,149.0092,0.7356633636465804,0.47917052976511004
5-20B,7.0,149.0456,0.21621717533902282,0.18589393133351897
5-20B,7.0,149.0608,-0.21573988034030744,0.3401026160065751
5-20B,7.0,150.0422,-0.4106247357269836,0.4073293893463777
5-20B,7.0,150.9707,-0.2116975184940863,0.17555769546119804
5-20B,7.0,151.0259,-0.5481450657439253,0.05481610627162981
5-20B,7.0,151.04,-0.7540011896470051,0.39392220148282014
5-20B,7.0,151.06,0.3115024381425696,0.5356418616137602
5-20B,7.0,152.0353,-0.2632796819960487,0.32259171680245635
5-20B,7.0,152.0716,-0.42386908853490346,0.24989958407557283
5-20B,7.0,153.0192,0.36422546010624784,0.07796168302299636
5-20B,7.0,154.062,0.11540024121405738,0.14727116927024844
5-20B,7.0,154.9751,-0.7879862102190403,0.01934163382995753
5-20B,7.0,155.0099,0.9180354405331033,0.09980202853216441
5-20B,7.0,157.0128,-0.2982551607524068,0.05055453659743531
5-20B,7.0,157.0255,1.1253959462199101,0.1314732381175282
5-20B,7.0,157.0379,1.1994092486503436,0.12303703072583892
5-20B,7.0,157.0504,-0.7130083910472854,0.03866378853742407
5-20B,7.0,159.0297,-0.3518357891327628,0.1574069249088771
5-20B,7.0,159.0775,-0.5407300073993424,0.08198585463642576
5-20B,7.0,160.0616,-0.7807236943331175,0.25907186848294034
5-20B,7.0,161.0453,-0.7694011941503529,0.11283286879817676
5-20B,7.0,162.0424,-0.5495310404908379,0.17270580614290623
5-20B,7.0,163.0351,-0.4960783611683298,0.028369921336491823
5-20B,7.0,163.0398,0.831140912108294,0.08725179792686742
5-20B,7.0,163.0611,0.02701393355713919,0.8082715302195739
5-20B,7.0,164.0716,-0.3964352751615217,0.06622406054726664
5-20B,7.0,165.03,0.5610104008823825,0.7646728481642499
5-20B,7.0,165.0405,0.4693774810159591,0.29755143809463197
5-20B,7.0,165.0556,-0.718257905355306,0.10906550238114618
5-20B,7.0,166.0508,-0.016909866427056046,0.3074481141735574
5-20B,7.0,166.0632,-0.5918195013628806,0.3954769383616249
5-20B,7.0,166.9759,-0.7041287570135835,0.24224542077938702
5-20B,7.0,167.0207,0.9499632871890631,0.7771657951146912
5-20B,7.0,167.0358,-0.22940667646327093,0.42313787605613307
5-20B,7.0,167.0828,0.2720515793606454,0.7896919288379052
5-20B,7.0,168.0277,-0.44471272072941975,0.02206069729549797
5-20B,7.0,168.0664,-0.49183401133998905,0.27665185294503547
5-20B,7.0,170.0455,-0.7258595386037395,0.018871279398297833
5-20B,7.0,171.0065,-0.6746056006718752,0.14520161307372711
5-20B,7.0,171.0092,-0.5463134555236356,0.1972766481549001
5-20B,7.0,171.0284,-0.7137004457738211,0.06334252786848975
5-20B,7.0,172.0616,0.29039720643945577,0.1952427096853325
5-20B,7.0,172.962,-0.570713915616986,0.11062362630047105
5-20B,7.0,173.0089,-0.8280644447074845,0.017443240619123054
5-20B,7.0,173.0453,-0.9942902465754414,0.25999775877809694
5-20B,7.0,173.0932,-0.5687762065188193,0.05231686012407061
5-20B,7.0,173.1041,0.05382160090488694,0.3682524340392212
5-20B,7.0,174.0407,0.039006318415658596,0.04166318007022612
5-20B,7.0,174.088,0.22391230207768809,0.1887305845454391
5-20B,7.0,175.022,-0.7104712806370418,0.16525647868477802
5-20B,7.0,175.0361,0.35530778335356317,0.08824577692415601
5-20B,7.0,175.0611,-0.855400593979577,0.018575127983162253
5-20B,7.0,176.0776,-0.7800081295833614,0.18242454862605015
5-20B,7.0,177.0402,-0.6164579195739308,0.3466246862468499
5-20B,7.0,177.0553,-0.22047582949696212,0.1432307232327089
5-20B,7.0,178.0509,-0.2795932564543485,0.05849156834808985
5-20B,7.0,179.0348,0.002874840389224087,0.4318338547137001
5-20B,7.0,179.0561,0.18200779555882812,0.08900989460252332
5-20B,7.0,180.0663,0.26728454315143224,0.1841863612699867
5-20B,7.0,181.0505,-1.1776086190750195,0.12428975566765138
5-20B,7.0,182.9725,0.5038066354059298,0.10136588728500061
5-20B,7.0,183.0661,-0.37515090121098515,0.39287326384953225
5-20B,7.0,184.0017,-0.43453180470455377,0.0426597418521815
5-20B,7.0,184.9856,-0.8025476616637767,0.17223577888781746
5-20B,7.0,186.1136,-0.454173149833656,0.4430035970145501
5-20B,7.0,187.0234,-0.8118347958444272,0.2037297692049009
5-20B,7.0,188.035,-1.136532725009151,0.8232568390920667
5-20B,7.0,188.0565,-0.5184019884876078,0.06146905423199356
5-20B,7.0,189.0405,-0.5236799057116096,0.125487552877344
5-20B,7.0,191.0197,-0.6268343516194601,0.19522673250684155
5-20B,7.0,191.0561,-0.795538162339255,0.035522806961367726
5-20B,7.0,192.0663,-0.011007446226901703,0.0933666671182816
5-20B,7.0,193.0349,0.7946251010101797,0.7860163752809072
5-20B,7.0,194.0682,-0.1847446848720521,0.2650074278264725
5-20B,7.0,194.0822,-0.07697978521508995,0.4174903157436614
5-20B,7.0,195.0509,0.9331201663572026,0.11548944848605547
5-20B,7.0,195.0657,0.3498615688580681,0.634226640456935
5-20B,7.0,196.0603,0.07011054405102862,0.054866603374571575
5-20B,7.0,198.0182,-0.5789701481503899,0.14921439813629037
5-20B,7.0,199.0019,-0.9664959508149211,0.4132049423288817
5-20B,7.0,200.9937,-0.07400676000866051,0.23449290046669485
5-20B,7.0,201.0051,-0.2828001308675888,0.779929841138718
5-20B,7.0,203.0348,-0.27175895527760385,0.15487191825848623
5-20B,7.0,203.0826,-0.08020330888801037,0.011501909145197177
5-20B,7.0,204.0498,0.3301074266544391,0.14036083039981162
5-20B,7.0,205.0351,-0.7729559745375171,0.06132480308566581
5-20B,7.0,206.0822,-0.10989912412490356,0.9767564072336579
5-20B,7.0,209.0292,-0.368501263032892,0.24950546155188127
5-20B,7.0,209.0814,-0.09171336945127548,0.6626245775256963
5-20B,7.0,211.0235,-0.20988024981887196,0.2977482706469007
5-20B,7.0,211.9968,0.10220171805615279,0.05278424983779768
5-20B,7.0,212.0331,-0.36333789780615855,0.25517471590812846
5-20B,7.0,212.9807,-0.509464142788682,0.10524468877323688
5-20B,7.0,213.014,-0.6075571866536484,0.11033821238061857
5-20B,7.0,213.0384,-0.3200239002210101,0.30030069049051167
5-20B,7.0,213.1252,-0.31326812667710335,0.5906589892124305
5-20B,7.0,214.0488,-0.6124224358940594,0.2722526128233298
5-20B,7.0,215.0331,0.5669579445909223,0.12623304872315685
5-20B,7.0,216.1351,0.2462257265195456,0.23898202220598938
5-20B,7.0,218.0335,0.6287800405116328,0.11789455255082332
5-20B,7.0,218.1034,-0.39845877050098855,0.057404132699749866
5-20B,7.0,220.0828,0.005462667664441742,1.3479098432266712
5-20B,7.0,221.0443,1.0730347314800277,0.16617967617801144
5-20B,7.0,221.0664,0.6556954265066001,0.57999465991691
5-20B,7.0,225.0399,-0.16039297836887456,1.0172205457144297
5-20B,7.0,225.0861,-0.5285264564584933,0.3616359605724194
5-20B,7.0,225.0901,-0.24044295250565798,0.19703047763363257
5-20B,7.0,226.0135,-0.8478044998916816,0.054195996001830476
5-20B,7.0,226.0697,0.10029185811404545,0.3383404456060499
5-20B,7.0,228.0501,-0.3619697542603721,0.3892747041144645
5-20B,7.0,229.0122,-0.4401641538652424,0.29914144030292866
5-20B,7.0,237.0614,-0.49157851710650047,0.0999016824504899
5-20B,7.0,238.0945,-0.29261707780432966,0.15750423383131135
5-20B,7.0,240.0515,0.28963710240422835,0.07012218749591649
5-20B,7.0,241.0844,-0.544516078501997,0.7169152560996563
5-20B,7.0,242.0804,-0.38766679457662423,0.5894161322760624
5-20B,7.0,243.029,-0.4245877247894998,0.28702206270312375
5-20B,7.0,243.0625,-0.6248998345151718,0.7869080820111684
5-20B,7.0,245.0444,-0.7261530674581745,0.18507414395737695
5-20B,7.0,246.0198,-0.6804394602569777,0.1670160027886481
5-20B,7.0,246.064,0.8491069334388601,0.8493810306629985
5-20B,7.0,251.0816,-0.7419898926529025,0.26859553982181167
5-20B,7.0,253.0119,-0.23417881673352098,0.035513770507156345
5-20B,7.0,253.0499,0.8614323850408243,0.46552530085186256
5-20B,7.0,257.0072,-0.3361871702002307,0.3054586030481695
5-20B,7.0,257.1028,-0.2914884370501627,0.3968965210000778
5-20B,7.0,259.005,-0.7542970716210331,0.13831103160446306
5-20B,7.0,259.0227,0.16788217257896457,0.21625954715902115
5-20B,7.0,261.0385,-0.05333037084135772,0.12733414619155306
5-20B,7.0,266.0703,-0.5207979619846084,0.17743410656876193
5-20B,7.0,267.0724,-0.47926874101772454,0.0617509993552929
5-20B,7.0,268.02,-0.47984369786940895,0.3053698515950558
5-20B,7.0,269.0398,-0.6303527862569994,0.08680636280233808
5-20B,7.0,271.0612,0.709841887280918,0.7586334833233905
5-20B,7.0,271.0815,-0.7901476393332114,0.4388551991056417
5-20B,7.0,273.0021,-0.6550324468765811,0.08960316710635098
5-20B,7.0,274.0933,0.09612534240657664,0.2522311336557267
5-20B,7.0,275.0184,-0.6362694624969663,0.7297536812375229
5-20B,7.0,275.0991,-0.25913368924885594,0.2730905527965764
5-20B,7.0,277.1207,0.07430944384761774,0.1125842406871944
5-20B,7.0,277.2169,-0.2237779434316165,0.05917207377166549
5-20B,7.0,279.2331,0.16910742875564028,0.05954807197181319
5-20B,7.0,282.0839,-0.22002876675809183,0.4958440063800096
5-20B,7.0,283.2063,0.2073459341885913,0.09761613009762704
5-20B,7.0,285.0972,-0.3218313975395015,0.36522262849166226
5-20B,7.0,287.0157,0.20287555970922294,0.1981527362376495
5-20B,7.0,288.0725,-0.2630523790112854,0.08095539495082753
5-20B,7.0,289.0333,0.36372907457369047,0.6656964261298183
5-20B,7.0,289.1044,-0.7017166130803312,0.26389734785398955
5-20B,7.0,290.9677,-0.30702261380980467,0.08983874727496705
5-20B,7.0,294.0479,0.2009813750249647,0.8544832528028703
5-20B,7.0,300.0509,0.018116892283228214,0.9503107717046911
5-20B,7.0,301.0333,-0.537168884038926,0.5439902108724982
5-20B,7.0,303.2326,-0.3161543831780337,0.24512249205115283
5-20B,7.0,305.0207,0.7358532489740555,0.18591554990146258
5-20B,7.0,306.0481,0.2892125808032995,0.2648171507520722
5-20B,7.0,306.0765,-0.0779269221482643,0.010677333286330998
5-20B,7.0,308.0986,-0.1452874618963834,0.008311675437184201
5-20B,7.0,313.0441,0.5722804219748205,0.34417560246942375
5-20B,7.0,313.1037,-0.562735515767985,0.2568780584243589
5-20B,7.0,317.026,-0.06765258790734394,0.7274215975938169
5-20B,7.0,323.0256,-0.45117623974029586,0.3115764637263467
5-20B,7.0,325.1163,-0.1632253399153916,0.29365827992800747
5-20B,7.0,328.0457,-0.1549185921987277,0.040048867624876076
5-20B,7.0,333.0589,-0.5341555666299013,0.28958062790070516
5-20B,7.0,338.9884,-0.6630917481428338,0.13060359118843126
5-20B,7.0,339.0928,1.1323770209467936,0.753740834889842
5-20B,7.0,341.1089,0.838063693719471,0.20847740381682114
5-20B,7.0,344.0393,-0.17230256771447625,0.11548609592208278
5-20B,7.0,346.0556,0.4798351680371519,0.10217533228210408
5-20B,7.0,348.087,0.20602104816040673,0.19625684573781385
5-20B,7.0,353.0489,0.9451608469335195,0.6507209811041489
5-20B,7.0,357.089,-0.4879156797406724,0.31761021766150677
5-20B,7.0,375.131,-0.6827263982779037,0.24154175634510117
5-20B,7.0,377.1496,-0.2482268512807229,0.47741849866201275
5-20B,7.0,383.1188,0.16379925951066804,0.5289762475661274
5-20B,7.0,388.9416,-0.2512567586534806,0.22745908502055107
5-20B,7.0,388.9442,-0.6296321382045447,0.11153998270791529
5-20B,7.0,401.0756,0.9635721669395689,0.1030052904902243
5-20B,7.0,407.2795,0.8942878376265644,0.6207007935596998
5-20B,7.0,421.0743,-0.39548310622729105,0.6122760995479146
5-20B,7.0,426.0222,0.24894607135592361,0.5106023490510203
5-20B,7.0,442.9997,0.13833263436822307,0.3448424305277397
5-20B,7.0,466.9657,-0.06114681819500192,0.16436944284398244
5-20B,7.0,490.9787,0.3092729748276571,0.8952709158528718
5-20B,7.0,503.1614,0.11484401437265075,0.22859969447953002
5-20B,7.0,547.0731,-0.764445428408175,0.14088185780881532
5-20B,7.0,565.0471,-0.3359027090555027,0.17599183529158866
5-20B,7.0,578.8872,0.6683375825530862,0.11926425199667101
5-20B,7.0,579.0269,1.37168476073351,0.24333543947170433
5-20B,7.0,612.2549,-1.1818879735233674,0.3893384564198888
5-20B,7.0,624.2949,-0.8703333552330518,0.564299647663313
5-20B,7.0,659.307,-0.640373798748483,0.13347111385052093
5-20B,7.0,664.0939,-0.5912124872758189,0.09975476101691952
5-20B,7.0,665.2144,-0.30359165240201497,0.30613937429761445
5-20B,7.0,668.1374,-0.5705987996885206,0.0009503969382296164
5-20B,7.0,787.255,-0.8599673114791956,0.24054672689737178
5-20B,7.0,790.2568,-0.607995278339863,0.15544721913258858
5-20B,7.0,835.0407,-0.8318548016490555,0.19916018832216173
5-20B,7.0,863.2971,-0.8337596147460177,0.10394027034259343
5-20B,7.0,864.1473,-1.1611744106756237,0.21906183286618247
5-20B,7.0,974.2935,-0.8443104189831192,0.18104220934582618
5-20B,7.0,976.7162,-0.11807214236301822,0.09272759809278064
5-20B,8.0,57.0342,0.5103236896159873,0.4295352254887543
5-20B,8.0,58.0295,-0.06955515027615718,0.4059672382619987
5-20B,8.0,59.0135,0.8040771353271765,0.19263963778137316
5-20B,8.0,71.0137,0.7997867906610683,0.20662616301296816
5-20B,8.0,73.0293,-0.6906477285446414,0.04718569205761254
5-20B,8.0,74.0247,-1.0394096327065445,0.3526727831376025
5-20B,8.0,75.0087,0.4715892243431254,0.2754805340867096
5-20B,8.0,87.0088,-0.6139301456629622,0.019344490832428528
5-20B,8.0,87.0451,-0.13112365440982604,0.25881555800116396
5-20B,8.0,88.0403,-0.40713910343668247,0.02697887828747255
5-20B,8.0,88.9883,-1.080979046483925,0.4219403758937104
5-20B,8.0,89.0244,-0.13516538788430676,0.045513791136472706
5-20B,8.0,93.0338,-0.06402187140683022,0.014798695299564624
5-20B,8.0,94.9761,-0.447111814859971,0.48970730541731433
5-20B,8.0,94.9806,1.315967583771748,0.4866073293918187
5-20B,8.0,95.0139,0.9371290522431082,0.2732163328703425
5-20B,8.0,101.0242,0.47102763282756566,0.14972039359493855
5-20B,8.0,102.056,-0.4721260331041427,0.06826823635770461
5-20B,8.0,103.0402,-0.7068493600024677,0.038607486679039967
5-20B,8.0,103.0509,-0.7570601110931863,0.061309224956116425
5-20B,8.0,104.0352,-0.8607712071893961,0.18245547458548672
5-20B,8.0,105.0193,-0.8798821082789712,0.3152201325702432
5-20B,8.0,107.0503,1.210478659222784,0.7047475383667171
5-20B,8.0,109.0295,-0.17446566378063155,0.07111318931482483
5-20B,8.0,111.02,1.7655856633410512,0.09141872281436217
5-20B,8.0,112.0516,1.5030234241132134,0.7003142670917673
5-20B,8.0,113.0244,0.7330622145260277,0.05740750344287916
5-20B,8.0,113.0357,1.5543112035652087,0.10239122695328726
5-20B,8.0,114.056,-0.24088823617930544,0.0019489155403979688
5-20B,8.0,115.0037,-0.4941042604204442,0.04626033014740289
5-20B,8.0,115.0402,-0.11792693899727685,0.32629859352801155
5-20B,8.0,115.0764,1.089683150099544,0.6430938776623608
5-20B,8.0,116.0354,-0.583739106710919,0.1753459951598063
5-20B,8.0,116.0717,-0.7427314986173361,0.04494712879934782
5-20B,8.0,117.0194,-0.6959242539794062,0.04363944867452901
5-20B,8.0,118.0508,-0.9825319789263536,0.06872251018338654
5-20B,8.0,118.9804,0.6387688486681272,0.11989973571688518
5-20B,8.0,119.0503,0.5348539969421563,0.36149224691253345
5-20B,8.0,120.9273,-0.6054194855609909,0.07323203349982318
5-20B,8.0,121.0295,0.5181596710530253,0.5920556866030555
5-20B,8.0,121.0409,0.6348493940666785,0.4203735396823769
5-20B,8.0,122.0248,0.5374507394543692,0.36380374537048993
5-20B,8.0,124.0075,0.01232905516610805,1.536091749463357
5-20B,8.0,124.0144,0.6698854606695362,0.10966065215517538
5-20B,8.0,125.0439,0.46063465883936405,0.162676992601731
5-20B,8.0,127.0764,0.17301028584852252,0.2691663259637515
5-20B,8.0,128.0354,-0.36525780550641707,0.015975273599219207
5-20B,8.0,129.0193,-0.7905892601759841,0.13458885607264848
5-20B,8.0,129.0556,0.4742857889345553,0.2698430862488343
5-20B,8.0,130.0142,-0.6874458352529719,0.1970843742630249
5-20B,8.0,130.0509,0.0286230518541188,0.04550222345664082
5-20B,8.0,130.0874,-1.0316411228277564,0.03779015745371145
5-20B,8.0,131.0008,0.18262810516938593,1.5889207127855585
5-20B,8.0,131.0123,-0.6018428093156738,0.1020284431346177
5-20B,8.0,131.035,0.24117732267620534,0.08260510826452806
5-20B,8.0,131.0462,0.09908066113105363,0.1229094014270484
5-20B,8.0,131.0828,-0.7603004213131543,0.10822876002774719
5-20B,8.0,132.0302,0.38348233095211237,0.06636201680211694
5-20B,8.0,133.0142,-0.5248049637765733,0.07284273454695057
5-20B,8.0,133.0257,-0.49673707402475953,0.10523653969046394
5-20B,8.0,133.0505,-0.3823527934584107,0.06254267509339932
5-20B,8.0,134.0472,0.1332279447966429,0.1781127087924293
5-20B,8.0,134.0604,0.22530345023836507,0.20409050587008035
5-20B,8.0,135.0302,-0.7788783412209483,0.12040956453505912
5-20B,8.0,135.0453,0.8922737050924187,0.20243607626647675
5-20B,8.0,136.0404,-0.2800262666562852,0.02852043473829837
5-20B,8.0,136.0487,0.7221878958029422,0.20548797247529718
5-20B,8.0,136.0767,0.8764097719482544,0.49238599454004517
5-20B,8.0,137.0239,-0.04907891216181719,0.2924822227639137
5-20B,8.0,138.9789,1.7433729872230543,0.2748484103153076
5-20B,8.0,139.0014,-0.10823473218784849,0.035982544706738756
5-20B,8.0,139.0067,-0.6130148575501244,0.032959278629625666
5-20B,8.0,139.976,1.1362651913553192,0.6946126322581179
5-20B,8.0,143.0713,0.320505861727468,0.25506081653162493
5-20B,8.0,143.1077,1.8612753840136413,0.2703641657964292
5-20B,8.0,145.0141,-0.22743204903077313,0.1593282413858821
5-20B,8.0,145.0506,-0.5346688757139446,0.12060126570455035
5-20B,8.0,145.0623,-0.8554632244742527,0.19967863258641783
5-20B,8.0,145.0982,-0.8484464511261078,0.04174266389370577
5-20B,8.0,145.1106,-0.700520411837481,0.27805429704737017
5-20B,8.0,146.0459,-0.4913808021152545,0.005138133823191621
5-20B,8.0,147.0298,-0.7407327347999082,0.0715272053942236
5-20B,8.0,147.0662,0.09173052339845175,0.04513477408739864
5-20B,8.0,149.0092,1.1658815688981954,0.2270735475909511
5-20B,8.0,149.0456,1.2537557388112752,0.2704257058976098
5-20B,8.0,149.0608,1.472956592815694,0.22754662871913386
5-20B,8.0,150.0422,-0.8486806376754235,0.3025277205815687
5-20B,8.0,150.9707,-0.6032492895287349,0.3885391840020155
5-20B,8.0,151.0259,-0.54352697210355,0.037534704877223435
5-20B,8.0,151.04,0.8171996512099646,0.3104585220422916
5-20B,8.0,151.06,0.7388706622352756,1.091029406385926
5-20B,8.0,152.0353,1.4658123965457541,0.41768648992815394
5-20B,8.0,152.0716,0.8327894759065203,0.5014016218483114
5-20B,8.0,153.0192,0.5028990647991634,0.11641552285712019
5-20B,8.0,154.062,-0.5604393975361588,0.08623038776466883
5-20B,8.0,154.9751,-0.7850078212088727,0.04043117453878406
5-20B,8.0,155.0099,1.9621622576824986,0.0941612979795306
5-20B,8.0,157.0128,0.05511424040227783,0.04066235334244622
5-20B,8.0,157.0255,1.505923349573229,0.07529368425073672
5-20B,8.0,157.0379,1.5004570361282021,0.07203253755631452
5-20B,8.0,157.0504,-0.6061736094895094,0.0539012185857882
5-20B,8.0,159.0297,-0.5449565083509544,0.23701783045748492
5-20B,8.0,159.0775,-0.3227633539752599,0.08246330300523783
5-20B,8.0,160.0616,0.9058978786943179,0.4463284418562757
5-20B,8.0,161.0453,0.001414198862379968,0.1031528462500689
5-20B,8.0,162.0424,-0.5891388579957081,0.2406673099015775
5-20B,8.0,163.0351,-0.5332512496070938,0.0820292709075591
5-20B,8.0,163.0398,0.9509770911888531,0.13593411116322185
5-20B,8.0,163.0611,0.3846634123355267,0.5649653111956365
5-20B,8.0,164.0716,-0.5923659556493748,0.07731716343049562
5-20B,8.0,165.03,1.049756269704233,0.5906265082207736
5-20B,8.0,165.0405,0.9603003035747536,0.6174299250700171
5-20B,8.0,165.0556,-0.5497342653935762,0.15918202123838607
5-20B,8.0,166.0508,-0.1517809763866496,0.22341742000088216
5-20B,8.0,166.0632,-0.43523897644747234,0.7517545814392175
5-20B,8.0,166.9759,-0.5954202661531367,0.36915036016012825
5-20B,8.0,167.0207,-0.5225066340655482,0.4647214105390025
5-20B,8.0,167.0358,0.9508720875168647,0.5259536368029992
5-20B,8.0,167.0828,0.4351852788700232,0.6984691989628263
5-20B,8.0,168.0277,-0.489774379451154,0.03562372731907217
5-20B,8.0,168.0664,0.529575394539276,0.2871493978435197
5-20B,8.0,170.0455,-0.7081235150928293,0.04370133028724189
5-20B,8.0,171.0065,-0.3804038442814427,0.17228963545390796
5-20B,8.0,171.0092,-0.43471139993034674,0.16772384033263452
5-20B,8.0,171.0284,-0.7609993667176227,0.06782629210373552
5-20B,8.0,172.0616,0.6687031275181112,0.3164550112999586
5-20B,8.0,172.962,-0.5579163417117072,0.049627370763362044
5-20B,8.0,173.0089,-0.7737838584410868,0.1749698087477543
5-20B,8.0,173.0453,-0.9907613104408197,0.19891125055420725
5-20B,8.0,173.0932,-0.6182374680840002,0.05548984571721251
5-20B,8.0,173.1041,0.022530846993756577,0.516179282360146
5-20B,8.0,174.0407,0.20645028001017282,0.02344904378491382
5-20B,8.0,174.088,-0.32459937062265376,0.16887905116070362
5-20B,8.0,175.022,-0.7414876395732304,0.0782378865470847
5-20B,8.0,175.0361,0.49945518535263833,0.07561188763499857
5-20B,8.0,175.0611,-0.8219901172521209,0.05280542378829514
5-20B,8.0,176.0776,-0.7840775983412507,0.23619876042654636
5-20B,8.0,177.0402,-0.4424193778305249,0.3662486168197892
5-20B,8.0,177.0553,-0.06387634800752942,0.3786833248159541
5-20B,8.0,178.0509,-0.4792916829260272,0.03460198046227044
5-20B,8.0,179.0348,0.7267900787185185,0.42396532594946035
5-20B,8.0,179.0561,1.1806703005722032,0.10529017578363331
5-20B,8.0,180.0663,1.2969344404822185,0.08197167677918199
5-20B,8.0,181.0505,-1.0295018382066516,0.06475467893519483
5-20B,8.0,182.9725,0.6161809935158673,0.23113070634833577
5-20B,8.0,183.0661,0.6721366396814697,0.2354246992401732
5-20B,8.0,184.0017,-0.48681647579689535,0.05181003089040315
5-20B,8.0,184.9856,-0.6765741431098171,0.057867482834265016
5-20B,8.0,186.1136,0.4871540952390347,0.5515936874626881
5-20B,8.0,187.0234,-0.48784396352579296,0.36105585545347885
5-20B,8.0,188.035,-0.878303537070225,0.29544453374647006
5-20B,8.0,188.0565,-0.5505231874236511,0.012788868604266935
5-20B,8.0,189.0405,-0.938666825455353,0.07764351677616825
5-20B,8.0,191.0197,-0.8235542006956029,0.14279052957714386
5-20B,8.0,191.0561,-0.9592245394638202,0.0762560418920545
5-20B,8.0,192.0663,-0.14702947971217883,0.5852212271444157
5-20B,8.0,193.0349,0.07522702042488799,0.4369422309449482
5-20B,8.0,194.0682,0.08527175433094077,0.1778620603075521
5-20B,8.0,194.0822,0.7426335529494281,0.6647487512737226
5-20B,8.0,195.0509,0.5817207197459696,0.06825387767273258
5-20B,8.0,195.0657,0.30985317295603143,0.7852797882633592
5-20B,8.0,196.0603,-0.2851028819700061,0.1365691687173742
5-20B,8.0,198.0182,-0.7634422446036908,0.5253931921185249
5-20B,8.0,199.0019,-0.5809790082245996,0.1976100329735917
5-20B,8.0,200.9937,0.3150019118583366,0.5882097693478456
5-20B,8.0,201.0051,0.14375293060540006,0.3806949007540527
5-20B,8.0,203.0348,-0.23486316162176546,0.16870543692477716
5-20B,8.0,203.0826,-0.08451788164259379,0.010368856044264883
5-20B,8.0,204.0498,0.17504627169309261,0.1709508087681415
5-20B,8.0,205.0351,-0.8354194544487524,0.13147982504387934
5-20B,8.0,206.0822,0.6105712730622952,0.23437649600029467
5-20B,8.0,209.0292,-0.402858326142713,0.3747390251092816
5-20B,8.0,209.0814,-0.6064313916256308,0.5094151767874695
5-20B,8.0,211.0235,-0.6865364297002032,0.6604064294458083
5-20B,8.0,211.9968,0.07158021589310525,0.11670049785575373
5-20B,8.0,212.0331,-0.38817307892283626,0.12907607989637243
5-20B,8.0,212.9807,-0.18210564930396117,0.10173987366002636
5-20B,8.0,213.014,-0.6610448785035801,0.24889533720497237
5-20B,8.0,213.0384,-0.6684213406745114,0.01352859663532603
5-20B,8.0,213.1252,-0.20147661920369653,0.639692743716434
5-20B,8.0,214.0488,0.7988965544399208,0.9863410061986767
5-20B,8.0,215.0331,0.9537591912468387,0.07387819381603332
5-20B,8.0,216.1351,0.4650013556619675,0.16802949282341975
5-20B,8.0,218.0335,0.6187199021765966,0.071699385918356
5-20B,8.0,218.1034,-0.5469733528683216,0.02083168145765584
5-20B,8.0,220.0828,0.8305964691933776,0.624942678713774
5-20B,8.0,221.0443,0.9830174693505978,0.1770379539214356
5-20B,8.0,221.0664,1.4058071602891382,0.5399339225227009
5-20B,8.0,225.0399,0.17875484600943298,1.1875974318089146
5-20B,8.0,225.0861,0.9224535237533268,0.5021396252432154
5-20B,8.0,225.0901,0.7369063235210582,0.21525719597154447
5-20B,8.0,226.0135,-0.19635580630159616,0.16385244000844107
5-20B,8.0,226.0697,-0.22857566864541565,0.14535542015564754
5-20B,8.0,228.0501,-0.6934505262407014,0.17135790422902997
5-20B,8.0,229.0122,0.14481191402295898,0.2843247045621998
5-20B,8.0,237.0614,-0.5905059176748819,0.2712389003745908
5-20B,8.0,238.0945,-0.3235604690383769,0.2538980081741548
5-20B,8.0,240.0515,-0.14245377053107652,0.048505165198020714
5-20B,8.0,241.0844,0.5342763298515827,0.49255794519015067
5-20B,8.0,242.0804,-0.5504942804408022,0.34396207642511917
5-20B,8.0,243.029,0.22051639192168632,0.3652528314309338
5-20B,8.0,243.0625,-0.8748413557535509,0.0832609574207306
5-20B,8.0,245.0444,-0.6800359234788586,0.19941287142442252
5-20B,8.0,246.0198,0.11091918033557907,0.6423199656929821
5-20B,8.0,246.064,0.2481394752687079,0.5084608876793917
5-20B,8.0,251.0816,-0.8337145338505119,0.6478452794352367
5-20B,8.0,253.0119,-0.2719762107221908,0.027252182080521957
5-20B,8.0,253.0499,0.4985093490713283,1.0814978801108073
5-20B,8.0,257.0072,-0.39046667258431045,0.40947823534591404
5-20B,8.0,257.1028,-0.18697311651331022,0.21368083289089318
5-20B,8.0,259.005,0.17773247277960003,0.6886850602132581
5-20B,8.0,259.0227,0.29752460211285947,0.15936444753586104
5-20B,8.0,261.0385,0.39847302799557377,0.07520104324781722
5-20B,8.0,266.0703,-0.2664508643383314,0.45752895039561337
5-20B,8.0,267.0724,-0.5083697678764232,0.12207918782359274
5-20B,8.0,268.02,-0.6525017522344716,0.18656359324075864
5-20B,8.0,269.0398,-0.7569516248018802,0.21749664862160348
5-20B,8.0,271.0612,0.3566852510091536,0.34109684429558473
5-20B,8.0,271.0815,-0.3657612087276837,0.785171279915036
5-20B,8.0,273.0021,-0.7172580635019228,0.15738728332047863
5-20B,8.0,274.0933,-0.3038819756914227,0.11883954817471926
5-20B,8.0,275.0184,-0.27370740488417766,0.2956899187056816
5-20B,8.0,275.0991,-0.011397300141936281,0.34024047980720046
5-20B,8.0,277.1207,0.2258407182038682,0.08533759977097165
5-20B,8.0,277.2169,0.41770340009727647,0.664664902798627
5-20B,8.0,279.2331,-0.24007498578383674,0.02506409017080892
5-20B,8.0,282.0839,-0.24973034340144698,0.5198237581849908
5-20B,8.0,283.2063,-0.165414670383633,0.2098777158248051
5-20B,8.0,285.0972,0.4538628843056316,0.330788259989704
5-20B,8.0,287.0157,1.59322186333754,0.33196724447641585
5-20B,8.0,288.0725,-0.421669801844166,0.16721980454887772
5-20B,8.0,289.0333,-1.1149042938216607,0.9138202624119989
5-20B,8.0,289.1044,-0.639641367553798,0.21632260168721087
5-20B,8.0,290.9677,-0.35864241880742487,0.10733645620212794
5-20B,8.0,294.0479,0.87113067117196,0.11975877757303206
5-20B,8.0,300.0509,-0.13180237856852173,0.8814077814890268
5-20B,8.0,301.0333,-0.11831766214381001,0.6799710692504406
5-20B,8.0,303.2326,-0.005166897349236019,0.14207865727253316
5-20B,8.0,305.0207,1.5407539171978466,0.13774731943503046
5-20B,8.0,306.0481,-0.20613540489589327,0.2562428135388138
5-20B,8.0,306.0765,-0.22686775400998074,0.04617388341524883
5-20B,8.0,308.0986,-0.3634361959221275,0.017467675543375593
5-20B,8.0,313.0441,0.8213612984744239,0.38483555981367373
5-20B,8.0,313.1037,-0.9117788959906105,0.48526910997918
5-20B,8.0,317.026,-0.2751036785159805,0.5685679662084341
5-20B,8.0,323.0256,1.2819910620987969,0.29736366462218955
5-20B,8.0,325.1163,0.9690295033792751,0.540417590638269
5-20B,8.0,328.0457,-0.2515695344185828,0.10658771426443539
5-20B,8.0,333.0589,0.027649670569426132,0.20261223085506688
5-20B,8.0,338.9884,-0.3684868578768643,0.15562018421366128
5-20B,8.0,339.0928,1.2413589385545971,0.7168517405059037
5-20B,8.0,341.1089,0.6751559634087884,0.22710978219835828
5-20B,8.0,344.0393,0.05622904716724722,0.23654920172531144
5-20B,8.0,346.0556,0.5976486892063277,0.06955273385559345
5-20B,8.0,348.087,-0.3304202440314896,0.1371711933661783
5-20B,8.0,353.0489,-0.2359539675335533,0.8423944641537776
5-20B,8.0,357.089,-0.458653473031283,0.21700381096510488
5-20B,8.0,375.131,-0.7827105868350722,0.2601639412892109
5-20B,8.0,377.1496,-0.7934383777099387,0.5870187902690598
5-20B,8.0,383.1188,0.49572749002746624,0.5220269861923307
5-20B,8.0,388.9416,-0.15050591794461743,0.12476725977226204
5-20B,8.0,388.9442,-0.4684307930703635,0.07661877704986392
5-20B,8.0,401.0756,0.7105460321095745,0.0845555191495901
5-20B,8.0,407.2795,-0.5911810818866601,0.2791082656753498
5-20B,8.0,421.0743,-0.08756614646421684,0.7612304892228955
5-20B,8.0,426.0222,0.32336975541009144,0.7071301403220103
5-20B,8.0,442.9997,0.19972117701834513,0.11392878219369713
5-20B,8.0,466.9657,1.759132149948527,0.27951470023545666
5-20B,8.0,490.9787,-0.24440248622619554,0.9025457826548902
5-20B,8.0,503.1614,0.7121578698429729,0.3802343203685973
5-20B,8.0,547.0731,-0.9498346431699274,0.1246179505135325
5-20B,8.0,565.0471,-0.2739799806747891,0.2514009891398574
5-20B,8.0,578.8872,0.6044042098912626,0.10477044442706647
5-20B,8.0,579.0269,0.01896086595817989,0.06391336680627188
5-20B,8.0,612.2549,-0.7545205536209663,0.2448299278797993
5-20B,8.0,624.2949,0.2518854939946467,0.5753712888931024
5-20B,8.0,659.307,1.200278437667557,0.6511811952710251
5-20B,8.0,664.0939,-0.24767834974067485,0.10169147357454604
5-20B,8.0,665.2144,-0.1646235597700614,0.5626015828628236
5-20B,8.0,668.1374,-0.5336475777421763,0.022046401478029526
5-20B,8.0,787.255,1.4279730410916387,0.15671248582071015
5-20B,8.0,790.2568,1.4122097062830945,0.7481520136982903
5-20B,8.0,835.0407,-0.5201071931631378,0.24254739486991286
5-20B,8.0,863.2971,-0.6490792805656305,0.1714338310454091
5-20B,8.0,864.1473,0.5153760082283873,0.2611061381542626
5-20B,8.0,974.2935,-0.8216137755960942,0.5062180979818706
5-20B,8.0,976.7162,1.2880158882404702,0.24109316854324916
5-20B,9.0,57.0342,0.3354815965212269,0.23559776191839568
5-20B,9.0,58.0295,1.5662213196571229,0.5741292901726758
5-20B,9.0,59.0135,1.0985736609502226,0.13032431350347937
5-20B,9.0,71.0137,0.8143395684614748,0.12354270805179131
5-20B,9.0,73.0293,-0.5941844956145234,0.07834965614068601
5-20B,9.0,74.0247,-1.1116019398767847,0.04041481174292527
5-20B,9.0,75.0087,0.6289110185473932,0.5975150156495936
5-20B,9.0,87.0088,-0.5660569093963745,0.012865100270574716
5-20B,9.0,87.0451,-0.5243593766480482,0.535947407827116
5-20B,9.0,88.0403,0.18486817507789854,0.05385352538312061
5-20B,9.0,88.9883,-0.4484561046079202,0.7280303485143308
5-20B,9.0,89.0244,-0.375006432779773,0.14047703739484318
5-20B,9.0,93.0338,-0.0160998385532531,0.008291539396934654
5-20B,9.0,94.9761,-0.9544444665599745,0.3017934441974339
5-20B,9.0,94.9806,1.2896809178805562,0.2799845061722459
5-20B,9.0,95.0139,0.6273489537808618,0.1688736565956417
5-20B,9.0,101.0242,0.09439023826243215,0.04678821102515846
5-20B,9.0,102.056,-0.43038072512319714,0.014102453823296533
5-20B,9.0,103.0402,-0.568808624466522,0.015279664481318797
5-20B,9.0,103.0509,-0.6518065553173061,0.049026498212571906
5-20B,9.0,104.0352,-0.6070045338693842,0.07871363665187278
5-20B,9.0,105.0193,-0.9551087529726747,0.27372371489762876
5-20B,9.0,107.0503,0.9849841352961561,0.2433863336575897
5-20B,9.0,109.0295,0.08429971310048245,0.12379842033259848
5-20B,9.0,111.02,0.9590002766494542,0.08103204580469411
5-20B,9.0,112.0516,0.946310323911365,0.5994546572152937
5-20B,9.0,113.0244,0.5293546999614509,0.0656221032717936
5-20B,9.0,113.0357,3.0462601223875083,0.11729208108005251
5-20B,9.0,114.056,-0.22331680983653762,0.003275813711182273
5-20B,9.0,115.0037,0.029775624790568066,0.08166561297082585
5-20B,9.0,115.0402,-0.5180575481596829,0.5173854976262313
5-20B,9.0,115.0764,0.8049663938766771,0.5859225706790189
5-20B,9.0,116.0354,-0.7122740576509512,0.3353033951768977
5-20B,9.0,116.0717,-0.7022635582353917,0.01331901719665511
5-20B,9.0,117.0194,-0.5764019144752972,0.033187678287894054
5-20B,9.0,118.0508,-0.9194592356088997,0.1571178268123446
5-20B,9.0,118.9804,0.7333384017052045,0.06513158638056626
5-20B,9.0,119.0503,0.5235713657888682,0.20652710835374585
5-20B,9.0,120.9273,-0.6299333797275606,0.036962502975016416
5-20B,9.0,121.0295,0.29503180037515664,0.6517988281999374
5-20B,9.0,121.0409,-0.25850548791965744,0.374584163563541
5-20B,9.0,122.0248,-0.4662413452520937,0.08896424728028303
5-20B,9.0,124.0075,-0.39451801710987894,0.21829384184698603
5-20B,9.0,124.0144,-0.064631153410727,0.31502600545278336
5-20B,9.0,125.0439,-0.8446028169708573,0.1834897388786165
5-20B,9.0,127.0764,0.563257345133101,0.7601470665216546
5-20B,9.0,128.0354,-0.32818041015448896,0.008546370255627418
5-20B,9.0,129.0193,-0.6202243665927973,0.0829526620952494
5-20B,9.0,129.0556,0.6300587286171004,0.6195382256701001
5-20B,9.0,130.0142,-0.6989062832461033,0.1266405431590959
5-20B,9.0,130.0509,1.5393681281321856,0.13877891375813992
5-20B,9.0,130.0874,-0.9320082834333079,0.04464191116119625
5-20B,9.0,131.0008,-0.8338846148453858,0.11269200378326147
5-20B,9.0,131.0123,-0.461651542634393,0.07170120579442296
5-20B,9.0,131.035,-0.5733883888745557,0.03953981459263069
5-20B,9.0,131.0462,-0.6794176098940945,0.12603442588597968
5-20B,9.0,131.0828,-0.608532390509551,0.17497385330397314
5-20B,9.0,132.0302,1.3942261325692966,0.09644347034842475
5-20B,9.0,133.0142,-0.4184784267299152,0.05627354915127719
5-20B,9.0,133.0257,-0.32637346795031963,0.06518736138328662
5-20B,9.0,133.0505,-0.09937552121863927,0.0583820346295338
5-20B,9.0,134.0472,0.514857074311001,0.2676584766754735
5-20B,9.0,134.0604,-0.0819963208475913,0.30800683798812045
5-20B,9.0,135.0302,-0.5931941753983778,0.1225630651865653
5-20B,9.0,135.0453,0.7619137362664299,0.3306735544016418
5-20B,9.0,136.0404,-0.32401162788010945,0.06514111317107836
5-20B,9.0,136.0487,0.44064322800259526,0.16588087531004997
5-20B,9.0,136.0767,-0.06798662294789934,0.7432625789839896
5-20B,9.0,137.0239,-0.14807718434414902,0.17617405372793804
5-20B,9.0,138.9789,0.15241582618554086,0.6304610575407312
5-20B,9.0,139.0014,0.08712993338584178,0.050030450491770434
5-20B,9.0,139.0067,-0.6673763294218391,0.01888774141676332
5-20B,9.0,139.976,0.5592019211663888,0.19823318544513716
5-20B,9.0,143.0713,0.061533283823605664,0.5054973255207541
5-20B,9.0,143.1077,1.466441465518397,0.5639392369213719
5-20B,9.0,145.0141,-0.30473072189370776,0.15177800194959762
5-20B,9.0,145.0506,-0.21143151737372773,0.16283835528347795
5-20B,9.0,145.0623,-0.718598925200483,0.21678996433831862
5-20B,9.0,145.0982,-0.6798698353815504,0.14695344999524246
5-20B,9.0,145.1106,-0.32861564765437873,0.8363001149978427
5-20B,9.0,146.0459,-0.4568333124727795,0.0073202548469420824
5-20B,9.0,147.0298,-0.6501240184665718,0.033611016409521195
5-20B,9.0,147.0662,0.47010859078176925,0.11185457464412704
5-20B,9.0,149.0092,0.5030676635912807,0.11051424445427692
5-20B,9.0,149.0456,0.7922340342405689,0.3324229567409292
5-20B,9.0,149.0608,0.2977240931212686,0.3055936796505791
5-20B,9.0,150.0422,0.10044048321286288,0.6106132782869091
5-20B,9.0,150.9707,-0.44795027485676453,0.4857814507457581
5-20B,9.0,151.0259,-0.5403083007784399,0.09511251433853464
5-20B,9.0,151.04,0.06393629409209539,0.19610660939905078
5-20B,9.0,151.06,-0.17953933448920134,0.8153695283335957
5-20B,9.0,152.0353,0.5015727901071323,0.1854761357480394
5-20B,9.0,152.0716,-0.06636911901608562,0.28090649424739805
5-20B,9.0,153.0192,0.7225126990486116,0.09829842312959759
5-20B,9.0,154.062,-0.45374075571536426,0.1187825107363405
5-20B,9.0,154.9751,-0.5320766790790334,0.020609509553211596
5-20B,9.0,155.0099,1.0279561249724911,0.027866450261264768
5-20B,9.0,157.0128,-0.22873763852332352,0.04660375457402083
5-20B,9.0,157.0255,2.607916458637038,0.15726394892453135
5-20B,9.0,157.0379,2.5057209311323385,0.16033653412717513
5-20B,9.0,157.0504,-0.28074600299324226,0.028668857257029168
5-20B,9.0,159.0297,-0.7636605314483733,0.055549722881687656
5-20B,9.0,159.0775,0.15891225056331099,0.11192208824103807
5-20B,9.0,160.0616,0.16603634304361808,0.23892162681366613
5-20B,9.0,161.0453,-1.0782077656600475,0.09642415728342853
5-20B,9.0,162.0424,-0.3279351168994503,0.1460361601401396
5-20B,9.0,163.0351,-0.8907763797203687,0.13747106574340417
5-20B,9.0,163.0398,1.2299976875424665,0.06256901069289585
5-20B,9.0,163.0611,-0.3197505610845148,0.958974992316628
5-20B,9.0,164.0716,-0.5321480832679131,0.06581355834427594
5-20B,9.0,165.03,0.8574338881100753,0.7674684394119862
5-20B,9.0,165.0405,0.5448444951060665,0.2829051127123255
5-20B,9.0,165.0556,-0.7773422567704598,0.13310806254440793
5-20B,9.0,166.0508,0.35806398613522117,0.3619167495067341
5-20B,9.0,166.0632,-0.3727778927380472,1.0641728129213563
5-20B,9.0,166.9759,-0.2617652011312459,0.30774522584564085
5-20B,9.0,167.0207,-0.196400301222719,0.6009319668165644
5-20B,9.0,167.0358,0.39822147609674585,0.34315026474901994
5-20B,9.0,167.0828,-0.2713673004619838,1.1414160423465483
5-20B,9.0,168.0277,-0.44066775639785466,0.038367128701915526
5-20B,9.0,168.0664,-0.5553343315467687,0.29231535582596807
5-20B,9.0,170.0455,-0.5348631781388685,0.025555040140783993
5-20B,9.0,171.0065,-0.09185981397544156,0.20197953288854037
5-20B,9.0,171.0092,0.039168097665772256,0.10050704200955554
5-20B,9.0,171.0284,-0.5937782524460522,0.03668019661510418
5-20B,9.0,172.0616,1.3354780852279284,0.3268699030337148
5-20B,9.0,172.962,-0.426713388369761,0.08691525306196075
5-20B,9.0,173.0089,-0.4646205192716036,0.13505112091945393
5-20B,9.0,173.0453,-0.7536609138959254,0.1331175513234536
5-20B,9.0,173.0932,-0.2449582810412127,0.04600617110571859
5-20B,9.0,173.1041,0.906553462189789,0.8284800004686256
5-20B,9.0,174.0407,1.798365133300642,0.10698073765128255
5-20B,9.0,174.088,0.9332508279205998,0.12021497426329832
5-20B,9.0,175.022,-0.5386966538897481,0.15359192772929997
5-20B,9.0,175.0361,1.4375678306450583,0.10188919304183139
5-20B,9.0,175.0611,-0.45861104871834013,0.03227651468459627
5-20B,9.0,176.0776,-0.4811282574761542,0.14654180615176554
5-20B,9.0,177.0402,-0.4871786372606175,0.6136039449668765
5-20B,9.0,177.0553,0.12503731220194497,0.2190320574728052
5-20B,9.0,178.0509,-0.1228135008610264,0.053133699178493574
5-20B,9.0,179.0348,1.0252844153426022,0.4221478368382904
5-20B,9.0,179.0561,0.4644030918546005,0.10694133110990707
5-20B,9.0,180.0663,0.5026288407190838,0.10958954540596202
5-20B,9.0,181.0505,-1.0445941430342913,0.474269808508587
5-20B,9.0,182.9725,0.7086409084164489,0.24662690479280294
5-20B,9.0,183.0661,-0.3662241407192322,0.19131067570630791
5-20B,9.0,184.0017,-0.46585019164959046,0.06806562283591296
5-20B,9.0,184.9856,-0.5556648866082781,0.09318639334726055
5-20B,9.0,186.1136,0.3988870408029196,0.585450947418163
5-20B,9.0,187.0234,-0.6654803164177339,0.5351081026178278
5-20B,9.0,188.035,-1.0090388163196395,0.3121155416899968
5-20B,9.0,188.0565,-0.12867277293196938,0.03478687408938424
5-20B,9.0,189.0405,-0.7904760794488348,0.0928157679731748
5-20B,9.0,191.0197,-0.35214979765211085,0.27049176162987215
5-20B,9.0,191.0561,-0.6394567961880482,0.10087467353134405
5-20B,9.0,192.0663,-2.0446483403018645,0.25611833811381024
5-20B,9.0,193.0349,-0.19075795182594935,0.20629556349948072
5-20B,9.0,194.0682,0.8403177232133838,0.3898520507378784
5-20B,9.0,194.0822,-0.11663849512627632,0.5427140901654733
5-20B,9.0,195.0509,0.7761031545980515,0.14409065535228024
5-20B,9.0,195.0657,-0.27102822071024857,0.5347696153942947
5-20B,9.0,196.0603,0.27034448874470407,0.14145768797880226
5-20B,9.0,198.0182,0.3029580937975823,0.29789415775027456
5-20B,9.0,199.0019,-0.45275046182124185,0.576629239327233
5-20B,9.0,200.9937,-0.1346547909547145,0.15760576459317321
5-20B,9.0,201.0051,0.5706348687641816,0.8404734387240587
5-20B,9.0,203.0348,-0.4206367191520395,0.3455623219553898
5-20B,9.0,203.0826,-0.10120290774947928,0.007688807997419178
5-20B,9.0,204.0498,0.15368798588574462,0.6025368895051308
5-20B,9.0,205.0351,-0.7760295743426731,0.13544025680574123
5-20B,9.0,206.0822,-0.2521940720370177,0.3156343762379076
5-20B,9.0,209.0292,-0.321088515941339,0.2873006560630177
5-20B,9.0,209.0814,-0.25132608263194434,0.2997196954812526
5-20B,9.0,211.0235,-0.34531569048796507,0.2941776170612624
5-20B,9.0,211.9968,1.8372539334509805,0.16445400357530365
5-20B,9.0,212.0331,-0.3297069233773242,0.16837124477123025
5-20B,9.0,212.9807,-0.3901973651889681,0.027344321624349074
5-20B,9.0,213.014,-0.7612194216589502,0.3380943764707762
5-20B,9.0,213.0384,-0.8585894978270112,0.3210282493971284
5-20B,9.0,213.1252,0.09723028876524648,1.3240677007687118
5-20B,9.0,214.0488,-1.0930573861625976,0.39048434746616195
5-20B,9.0,215.0331,0.6847317368016699,0.10459769841553083
5-20B,9.0,216.1351,0.4143172656260398,0.09657487029629082
5-20B,9.0,218.0335,0.5267893368045193,0.11858842640860981
5-20B,9.0,218.1034,-0.06061759280777031,0.02587917977225739
5-20B,9.0,220.0828,-0.41086624131368393,0.36192627787383125
5-20B,9.0,221.0443,0.8515144479804435,0.20318501248706666
5-20B,9.0,221.0664,1.3080944625586377,0.28079268452655654
5-20B,9.0,225.0399,0.9505164306183376,0.42089597138947804
5-20B,9.0,225.0861,0.2712516815468154,0.3979953365082007
5-20B,9.0,225.0901,-0.036543529116691065,1.0477728557668446
5-20B,9.0,226.0135,-0.44474883011619915,0.09516671960910394
5-20B,9.0,226.0697,-0.19605504222715853,0.3405746038728747
5-20B,9.0,228.0501,-0.38953845212804306,0.4264729046591241
5-20B,9.0,229.0122,0.17858504212543683,0.2244423163852379
5-20B,9.0,237.0614,-0.09811726484589244,0.24073151291454004
5-20B,9.0,238.0945,-0.6687318191421143,0.22379724851512398
5-20B,9.0,240.0515,0.6713932445552526,0.08212098419080054
5-20B,9.0,241.0844,0.1518157179059114,0.9604729771764452
5-20B,9.0,242.0804,-1.0029263721593482,0.3069193834169846
5-20B,9.0,243.029,-0.15598935616287532,0.22639511995703906
5-20B,9.0,243.0625,0.20945779654562843,0.582290136141016
5-20B,9.0,245.0444,-0.3680863852759144,0.30699828345554525
5-20B,9.0,246.0198,-0.14510861515024812,0.18136499110896878
5-20B,9.0,246.064,0.5265668176837754,0.49279519773322394
5-20B,9.0,251.0816,0.3324152994643178,0.4881650127403283
5-20B,9.0,253.0119,-0.23675207681533889,0.023421022981973384
5-20B,9.0,253.0499,0.8436484976158218,1.2098568709517998
5-20B,9.0,257.0072,-0.268505321548477,0.48595719846445634
5-20B,9.0,257.1028,-0.5644578624522951,0.5382440858121906
5-20B,9.0,259.005,-0.03305564359117605,0.5273544123279919
5-20B,9.0,259.0227,0.11161949779625022,0.24199393645634032
5-20B,9.0,261.0385,0.3341434049823683,0.08803540208833649
5-20B,9.0,266.0703,-0.4437447037916269,0.08733428261816667
5-20B,9.0,267.0724,-0.18918659160010043,0.05136860512553516
5-20B,9.0,268.02,-0.5512884100204694,0.28518534042048305
5-20B,9.0,269.0398,-0.3706959847516828,0.23759307728953227
5-20B,9.0,271.0612,0.3906885082177525,0.7067131255641697
5-20B,9.0,271.0815,-0.35279184412513787,0.12329390807884788
5-20B,9.0,273.0021,-0.49330319444942605,0.13170501983300167
5-20B,9.0,274.0933,0.8375367559242395,0.16377210571221998
5-20B,9.0,275.0184,-0.47357236894538607,0.6852315101482929
5-20B,9.0,275.0991,0.4879539342614438,0.42877995213372877
5-20B,9.0,277.1207,-0.12950124930665358,0.07997411274200616
5-20B,9.0,277.2169,0.1938936938738438,0.22181216955214733
5-20B,9.0,279.2331,-0.2804425584793419,0.02775562443914711
5-20B,9.0,282.0839,-0.9290587117571597,0.5503475946305583
5-20B,9.0,283.2063,-0.4854958837311876,0.2687012489564836
5-20B,9.0,285.0972,-0.4401818118651376,0.4304754477425617
5-20B,9.0,287.0157,0.7125894369430121,0.32998345403780693
5-20B,9.0,288.0725,0.021284038215063566,0.12518931395986474
5-20B,9.0,289.0333,0.5862489001116182,0.7079971860697083
5-20B,9.0,289.1044,0.22165266412684997,0.2675829885054437
5-20B,9.0,290.9677,-0.32162423195654183,0.09061431154894035
5-20B,9.0,294.0479,1.1119655744747865,0.27746804492309546
5-20B,9.0,300.0509,-0.3653304735491322,0.9077250020879467
5-20B,9.0,301.0333,0.8957431908654183,0.8722666090601879
5-20B,9.0,303.2326,-0.03095955844378616,0.3498686292472673
5-20B,9.0,305.0207,0.7972824381115537,0.2467823608357668
5-20B,9.0,306.0481,1.126400008303107,0.17506508216958852
5-20B,9.0,306.0765,-0.03311286654385404,0.0648855927262874
5-20B,9.0,308.0986,-0.3348470180248535,0.05049309239137228
5-20B,9.0,313.0441,0.6706207103910904,0.41270047201213095
5-20B,9.0,313.1037,0.031744708184671254,0.3608449602482072
5-20B,9.0,317.026,-0.09424888157511783,0.565912321815307
5-20B,9.0,323.0256,-0.008416748280457464,0.6662759719184342
5-20B,9.0,325.1163,0.12157780378920707,0.2703962488515814
5-20B,9.0,328.0457,0.23924224623697765,0.17789067200003275
5-20B,9.0,333.0589,0.2858680777048151,0.16739656001296727
5-20B,9.0,338.9884,-0.3844274030415561,0.1480114161993633
5-20B,9.0,339.0928,1.0486789082240007,0.22579987328176673
5-20B,9.0,341.1089,0.6736088417400268,0.07712744811098328
5-20B,9.0,344.0393,0.09413453136637923,0.24939661176291286
5-20B,9.0,346.0556,0.4050571558960948,0.11423563021686092
5-20B,9.0,348.087,1.1070031143771306,0.3469752610470842
5-20B,9.0,353.0489,0.305608493311387,0.31402474504165395
5-20B,9.0,357.089,-0.10750699251860976,0.10382160561401667
5-20B,9.0,375.131,-0.6305222644294706,0.4343075926877502
5-20B,9.0,377.1496,0.4848573315199108,0.4630191606335799
5-20B,9.0,383.1188,0.6871913000781714,0.12365074410472238
5-20B,9.0,388.9416,0.09577391489927041,0.26553970970640756
5-20B,9.0,388.9442,-0.126624237183998,0.30807834616745405
5-20B,9.0,401.0756,0.7721931930319319,0.0843446091544832
5-20B,9.0,407.2795,-0.6694715243885989,0.2607493305821735
5-20B,9.0,421.0743,-0.33692221203922174,0.3575751994724616
5-20B,9.0,426.0222,-0.09225789553856878,0.968847517506159
5-20B,9.0,442.9997,0.03448846409091377,0.14495151931816708
5-20B,9.0,466.9657,0.8319474522421607,0.35463418650525
5-20B,9.0,490.9787,0.021566326474038555,1.1000263663842094
5-20B,9.0,503.1614,1.1878260796643558,0.22007726108785688
5-20B,9.0,547.0731,-0.42663840328853886,0.24104981147845225
5-20B,9.0,565.0471,-0.11079537882443818,0.16766116482777568
5-20B,9.0,578.8872,0.652057885682461,0.13336784057309237
5-20B,9.0,579.0269,0.5271738102787,0.16819275054181274
5-20B,9.0,612.2549,-0.5083197573728437,0.6226565626105524
5-20B,9.0,624.2949,0.004922282358584641,0.2100612292730385
5-20B,9.0,659.307,-0.14023103010380955,0.13426042268571753
5-20B,9.0,664.0939,-0.6203425749615474,0.14111982586600388
5-20B,9.0,665.2144,-0.07061573240138695,0.3598084850931435
5-20B,9.0,668.1374,-0.5003865503131012,0.00972986789984839
5-20B,9.0,787.255,-0.04521293066482092,0.5825739668960405
5-20B,9.0,790.2568,0.03203769472962259,0.31922721448276226
5-20B,9.0,835.0407,-0.7165136271307055,0.11764958610392358
5-20B,9.0,863.2971,-0.689187546626524,0.11407633956625332
5-20B,9.0,864.1473,-0.6011957368332903,0.4655530664852684
5-20B,9.0,974.2935,-0.7755327117497104,0.42668941623809753
5-20B,9.0,976.7162,0.37929029048041746,0.16608198084671644
5-20B,10.0,57.0342,-1.4843853687947595,0.2925007895984434
5-20B,10.0,58.0295,2.6031434217031078,0.8413125840739043
5-20B,10.0,59.0135,-0.9490724536539277,0.19449262863639635
5-20B,10.0,71.0137,-0.9663930182000833,0.08551609989602686
5-20B,10.0,73.0293,-0.17161282392589527,0.10510110980008053
5-20B,10.0,74.0247,-0.20719275838294415,0.3632871110498224
5-20B,10.0,75.0087,-0.4566857312650666,0.23744613030031653
5-20B,10.0,87.0088,0.019051369411302827,0.0583397051865865
5-20B,10.0,87.0451,-1.499046209546206,0.5134332783470769
5-20B,10.0,88.0403,1.0307087618847528,0.3110931481729608
5-20B,10.0,88.9883,-0.18465506723783282,0.26656414352765023
5-20B,10.0,89.0244,-0.11678617247591871,0.200684559315179
5-20B,10.0,93.0338,-0.021566926362422106,0.00797977249158956
5-20B,10.0,94.9761,-0.9687723917453024,0.3394493982630319
5-20B,10.0,94.9806,0.7908322029832031,0.41610289122076716
5-20B,10.0,95.0139,-1.0854805603751247,0.1816222251115487
5-20B,10.0,101.0242,-1.3065929365534263,0.25091544428605983
5-20B,10.0,102.056,-0.29970240487403177,0.048602970166536905
5-20B,10.0,103.0402,0.21544034964558978,0.20526012038909303
5-20B,10.0,103.0509,0.15130176576360496,0.11714037475276155
5-20B,10.0,104.0352,-0.2197793369756127,0.3412207310431621
5-20B,10.0,105.0193,-1.3946608946260106,0.21060739664194733
5-20B,10.0,107.0503,-0.24321411395215878,0.6498472351155565
5-20B,10.0,109.0295,0.9955474068267757,0.285742730409034
5-20B,10.0,111.02,7.513032433001247,1.2581815065703414
5-20B,10.0,112.0516,2.252751667938052,0.655294062685655
5-20B,10.0,113.0244,-0.8230378323939433,0.0755733556727686
5-20B,10.0,113.0357,3.4488325424119606,0.6616136912041042
5-20B,10.0,114.056,-0.2320566632361187,0.003357275393263281
5-20B,10.0,115.0037,0.31343579757872586,0.17634067604811257
5-20B,10.0,115.0402,-0.19592285414229305,0.8938279074816079
5-20B,10.0,115.0764,-0.11698619069243896,0.19019344682986855
5-20B,10.0,116.0354,-0.21254938857568598,0.22293154485476885
5-20B,10.0,116.0717,-0.5599963238855161,0.03720901516351398
5-20B,10.0,117.0194,-0.18999234962340913,0.102551914689087
5-20B,10.0,118.0508,-0.292309062503113,0.25857113326335823
5-20B,10.0,118.9804,-0.9938833698181361,0.05687152580218716
5-20B,10.0,119.0503,-0.7314360513276159,0.42849957996011123
5-20B,10.0,120.9273,-0.49569493344272875,0.03586700144837046
5-20B,10.0,121.0295,-0.799583168349264,0.12756162054000011
5-20B,10.0,121.0409,-1.089337035529105,0.2973778539507886
5-20B,10.0,122.0248,-0.96796637336796,0.05777635337641577
5-20B,10.0,124.0075,-0.8451825395454338,0.19595770128807097
5-20B,10.0,124.0144,-1.1104247469360475,0.13707693827888873
5-20B,10.0,125.0439,-1.25333823126432,0.07890616062091231
5-20B,10.0,127.0764,-0.714376742800086,0.23449268445206536
5-20B,10.0,128.0354,-0.1378740791139182,0.01570055391170779
5-20B,10.0,129.0193,-0.2910852578366938,0.09457366701356743
5-20B,10.0,129.0556,0.8271673890001249,0.3169259993828217
5-20B,10.0,130.0142,-0.3201384770731095,0.11155494250733052
5-20B,10.0,130.0509,2.648560481118788,0.3936645414998763
5-20B,10.0,130.0874,-0.6027604186513495,0.04557226462948827
5-20B,10.0,131.0008,-0.7763024823993455,0.39446414848454564
5-20B,10.0,131.0123,0.4523461819574647,0.11825340569996287
5-20B,10.0,131.035,-1.3249339523864259,0.17537946521128445
5-20B,10.0,131.0462,-1.0032118143412432,0.26773986271252365
5-20B,10.0,131.0828,-0.10624257897324196,0.12477162208864924
5-20B,10.0,132.0302,2.3896755671134153,0.46806028328391003
5-20B,10.0,133.0142,-0.14071397032362004,0.16725213957955987
5-20B,10.0,133.0257,-0.043697079475732696,0.1932309752526974
5-20B,10.0,133.0505,0.4695478645536143,0.2005691949001051
5-20B,10.0,134.0472,1.4755145936525245,0.4878352118954168
5-20B,10.0,134.0604,0.6032985144065959,0.7773143087379603
5-20B,10.0,135.0302,-0.07200753649555058,0.10498829389163665
5-20B,10.0,135.0453,0.630839282726485,0.3117243449464756
5-20B,10.0,136.0404,-0.05781648331101407,0.11951028212908837
5-20B,10.0,136.0487,0.8105906042521871,0.5143108101768694
5-20B,10.0,136.0767,0.021677431056689053,0.3464555511949659
5-20B,10.0,137.0239,-0.12535736187728136,0.14328892700474719
5-20B,10.0,138.9789,0.01907846411763499,0.4189818103482343
5-20B,10.0,139.0014,0.4340752068220013,0.05008227770217349
5-20B,10.0,139.0067,-0.7748684309747177,0.05000641338030259
5-20B,10.0,139.976,-0.2042152609684397,0.756580520556897
5-20B,10.0,143.0713,-0.6077232597200859,0.36000579352540857
5-20B,10.0,143.1077,0.4739010834043754,0.2339352467411333
5-20B,10.0,145.0141,-0.3829324166358823,0.13869365635316172
5-20B,10.0,145.0506,2.603979479671596,0.060730985307488036
5-20B,10.0,145.0623,1.378861359315825,0.17432434909753478
5-20B,10.0,145.0982,-0.5869012109141478,0.22057737594307264
5-20B,10.0,145.1106,-0.6181798736419603,0.4555570150842566
5-20B,10.0,146.0459,-0.3578752489206053,0.00946562458059735
5-20B,10.0,147.0298,-0.28138270523615794,0.09794674374960811
5-20B,10.0,147.0662,0.7217450076896329,0.21188502630343287
5-20B,10.0,149.0092,-1.1993603902635228,0.15893346928005891
5-20B,10.0,149.0456,-0.461310851319763,0.3565332501405103
5-20B,10.0,149.0608,-0.4665013557517748,0.7294225773430701
5-20B,10.0,150.0422,-0.0628348984224647,0.27643431182780914
5-20B,10.0,150.9707,-0.19352422954311105,0.3711875065181923
5-20B,10.0,151.0259,1.1177272583478097,0.1402282610227794
5-20B,10.0,151.04,0.15956408024594795,0.3758404292639289
5-20B,10.0,151.06,-0.5864025175269544,0.9063594130532685
5-20B,10.0,152.0353,0.6455210969676625,0.36157844988542165
5-20B,10.0,152.0716,-1.087684530091616,0.41834652348607276
5-20B,10.0,153.0192,-0.8296764353253838,0.07433311016224682
5-20B,10.0,154.062,-0.4727474709632581,0.11003518879800193
5-20B,10.0,154.9751,-0.15699496799531643,0.11512069922773654
5-20B,10.0,155.0099,8.06415419642043,1.2091504936344861
5-20B,10.0,157.0128,2.458570336725594,0.4682534734384673
5-20B,10.0,157.0255,3.4690372841058674,0.3812685294418681
5-20B,10.0,157.0379,3.5528821760570186,0.5348286877599239
5-20B,10.0,157.0504,0.5968901967064606,0.19307895437989292
5-20B,10.0,159.0297,-1.186283421505216,0.17268287964219445
5-20B,10.0,159.0775,0.9598629530751858,0.19183249563391158
5-20B,10.0,160.0616,0.34150128555050563,0.7515162326328387
5-20B,10.0,161.0453,-2.009369231767015,0.1073832067956857
5-20B,10.0,162.0424,0.14770511721880147,0.21195239533094487
5-20B,10.0,163.0351,-0.8737574669411755,0.3902473533866777
5-20B,10.0,163.0398,1.174142383571656,0.24650843688070884
5-20B,10.0,163.0611,-0.8484497905830006,1.0346761334102523
5-20B,10.0,164.0716,-0.3265169361785328,0.04585418409410355
5-20B,10.0,165.03,-0.8677331632999046,0.5356121388603917
5-20B,10.0,165.0405,-1.1858198006524745,0.4185906533866717
5-20B,10.0,165.0556,-0.8791547938901962,0.1424918894448245
5-20B,10.0,166.0508,1.4262339864796,0.12519631219459337
5-20B,10.0,166.0632,-0.23929941248228923,1.0335879523112241
5-20B,10.0,166.9759,-0.03917162460747393,0.4590211323291536
5-20B,10.0,167.0207,-0.5354011446754049,0.393718831895912
5-20B,10.0,167.0358,-0.6642126722129233,0.31067133981376216
5-20B,10.0,167.0828,-1.0060091260671287,1.065793685743059
5-20B,10.0,168.0277,-0.35360651475678595,0.032397694502305376
5-20B,10.0,168.0664,-1.583499090639521,0.3026167020803812
5-20B,10.0,170.0455,0.12977335041429144,0.12429062468491626
5-20B,10.0,171.0065,0.3799945414661368,0.35889609280095475
5-20B,10.0,171.0092,0.06762048986098437,0.5664540072020223
5-20B,10.0,171.0284,0.2320993180655962,0.1550561800533491
5-20B,10.0,172.0616,2.274779802712517,0.7075150923899511
5-20B,10.0,172.962,-0.26440676627541976,0.1063729351850208
5-20B,10.0,173.0089,-0.09259468296356498,0.19209357777212085
5-20B,10.0,173.0453,-0.15462400504389456,0.4245527285273788
5-20B,10.0,173.0932,0.3002164827606928,0.033644252020221525
5-20B,10.0,173.1041,0.142753217283889,0.3568617541429893
5-20B,10.0,174.0407,2.87958137117732,0.4455088821887004
5-20B,10.0,174.088,2.40633978410576,0.5061198118033922
5-20B,10.0,175.022,-0.09348266832654273,0.26373132549972805
5-20B,10.0,175.0361,2.6093372227550793,0.5598005709954098
5-20B,10.0,175.0611,0.07443809258467504,0.1479670916397685
5-20B,10.0,176.0776,-0.1103544373129017,0.3570337396526637
5-20B,10.0,177.0402,-0.7309689183189392,0.7488479779022854
5-20B,10.0,177.0553,-0.6194316513867073,0.7548935509285963
5-20B,10.0,178.0509,2.968735181298823,0.6252627296053077
5-20B,10.0,179.0348,1.043756638706118,0.5842246544271502
5-20B,10.0,179.0561,-0.8701538802416637,0.06645705605846913
5-20B,10.0,180.0663,-0.9139370489860803,0.09191174450952712
5-20B,10.0,181.0505,-0.9466024796318657,0.18486803584677544
5-20B,10.0,182.9725,-1.0660560350887516,0.1857879944473097
5-20B,10.0,183.0661,-0.9450352910044928,0.4799527658878664
5-20B,10.0,184.0017,-0.4109447350388358,0.045116602587468635
5-20B,10.0,184.9856,0.3334748365952609,0.4241059151982231
5-20B,10.0,186.1136,1.3080659018317857,1.1191382242168029
5-20B,10.0,187.0234,-0.7459194196140844,0.6051430581120728
5-20B,10.0,188.035,-1.1516591209553644,0.30588634838511397
5-20B,10.0,188.0565,-0.07508271683403345,0.13422964877667537
5-20B,10.0,189.0405,-0.6813141796499156,0.03976256573185163
5-20B,10.0,191.0197,-0.25190095414799696,0.2509503577896797
5-20B,10.0,191.0561,-0.3186682460702147,0.09097599392115643
5-20B,10.0,192.0663,-1.564780445121018,0.1775482080765136
5-20B,10.0,193.0349,-0.20216662097886517,0.10550884475740806
5-20B,10.0,194.0682,1.8553795224394496,0.15463862556002297
5-20B,10.0,194.0822,-0.8065983585811467,0.516991315216153
5-20B,10.0,195.0509,-0.7608132783426682,0.038077855559964416
5-20B,10.0,195.0657,-0.35205788329665205,0.4492193254106676
5-20B,10.0,196.0603,1.8003546873807617,0.35607692998012663
5-20B,10.0,198.0182,1.114129915188124,0.4296010867926321
5-20B,10.0,199.0019,-0.4585695854829826,0.5963730317615235
5-20B,10.0,200.9937,-0.6284517766456628,0.2007732593692954
5-20B,10.0,201.0051,-0.11638852785653843,0.47222966495941804
5-20B,10.0,203.0348,-1.3406042057022205,0.10401300747652616
5-20B,10.0,203.0826,-0.10085593161886593,0.013916741623865825
5-20B,10.0,204.0498,-0.8518601099241991,0.4392949601019684
5-20B,10.0,205.0351,-0.6464426406220627,0.1293601302420535
5-20B,10.0,206.0822,-0.86716993887558,0.784033766687968
5-20B,10.0,209.0292,-0.17816313340448373,0.24571874336783595
5-20B,10.0,209.0814,-0.8027154554378914,0.27696517671922793
5-20B,10.0,211.0235,-0.6693078930779864,0.606073292044045
5-20B,10.0,211.9968,3.0006715270333473,0.36838510935754865
5-20B,10.0,212.0331,-0.2484751851415243,0.46922211246631235
5-20B,10.0,212.9807,1.6496233105866325,0.40551347061367804
5-20B,10.0,213.014,0.6721036747182543,0.46124005335973495
5-20B,10.0,213.0384,-0.33057251910774355,0.14061894705108413
5-20B,10.0,213.1252,-0.6987252444454102,0.8086428628215094
5-20B,10.0,214.0488,-0.7758383189853624,1.3237401649452558
5-20B,10.0,215.0331,-1.017744249678889,0.06218029004098968
5-20B,10.0,216.1351,-1.2967519511564796,0.21149433054982186
5-20B,10.0,218.0335,-1.0416936615597654,0.03532587276412013
5-20B,10.0,218.1034,1.1815923790811471,0.25906483760804344
5-20B,10.0,220.0828,0.713974214569987,1.2331557559743718
5-20B,10.0,221.0443,-0.9812727634947542,0.12031208426839493
5-20B,10.0,221.0664,-0.5198000998055072,0.796539002875781
5-20B,10.0,225.0399,-0.8934329609818307,0.4640423588073993
5-20B,10.0,225.0861,-0.5050306701461252,0.5813837536770665
5-20B,10.0,225.0901,-0.5315958009531855,0.569071880918968
5-20B,10.0,226.0135,-0.21170171086191691,0.1617599206115288
5-20B,10.0,226.0697,-1.3627055939337733,0.03995959079853165
5-20B,10.0,228.0501,-0.3911794460487378,0.24960224197673317
5-20B,10.0,229.0122,1.1564126850169891,0.628229747302602
5-20B,10.0,237.0614,1.3638098768868556,0.5275355970927738
5-20B,10.0,238.0945,-0.6399675399668028,0.2403517465965124
5-20B,10.0,240.0515,0.8161510662284841,0.1919618114717682
5-20B,10.0,241.0844,-0.3216004391808357,0.6015019648360744
5-20B,10.0,242.0804,-0.7469687744540352,0.6092124691776117
5-20B,10.0,243.029,0.8463791927777222,0.33519374897959947
5-20B,10.0,243.0625,0.2435961506659924,0.8581090179553605
5-20B,10.0,245.0444,-0.4784381226549918,0.3990544000601245
5-20B,10.0,246.0198,-0.13809415499995148,0.25426566793486755
5-20B,10.0,246.064,-1.00073637305611,0.09923474822750405
5-20B,10.0,251.0816,-0.03448326532611967,1.887315193659256
5-20B,10.0,253.0119,-0.08661711564828992,0.031867390045037206
5-20B,10.0,253.0499,-0.03698326117041441,0.3718970846525589
5-20B,10.0,257.0072,-0.1753590149881427,0.5510836619083725
5-20B,10.0,257.1028,-1.093182425168137,0.6000776196081283
5-20B,10.0,259.005,-0.26507987616348555,0.32212854929236634
5-20B,10.0,259.0227,-0.35175736305464433,0.3883543305490354
5-20B,10.0,261.0385,0.7259012888925974,0.16288720050233965
5-20B,10.0,266.0703,-0.14730369657696174,0.06328212113577032
5-20B,10.0,267.0724,0.35002070647105354,0.08244906636866754
5-20B,10.0,268.02,2.037391660252952,1.0927094876487948
5-20B,10.0,269.0398,2.317268640781588,0.2099333848996586
5-20B,10.0,271.0612,-0.34783837641813314,0.6356876293426591
5-20B,10.0,271.0815,-0.40611034304671517,0.6896834289892474
5-20B,10.0,273.0021,-0.42390872798245527,0.11488723992831153
5-20B,10.0,274.0933,0.4439811687633046,0.1300984280938492
5-20B,10.0,275.0184,0.08955593330426422,0.71109389304289
5-20B,10.0,275.0991,0.8336213421542691,0.34933298174935845
5-20B,10.0,277.1207,-1.0006367050879297,0.023854010228668166
5-20B,10.0,277.2169,-0.7396782832008848,0.1946683878201704
5-20B,10.0,279.2331,-0.3073043137424813,0.024242983678277392
5-20B,10.0,282.0839,-0.795020827417916,0.32555307675930956
5-20B,10.0,283.2063,0.26310599156675046,0.2735254963605666
5-20B,10.0,285.0972,-0.8023625978737108,1.2994705894455176
5-20B,10.0,287.0157,-0.9152643892930683,0.21917915843064603
5-20B,10.0,288.0725,0.19870056301332265,0.19707939651572073
5-20B,10.0,289.0333,2.028641254575711,0.6053024733273942
5-20B,10.0,289.1044,0.881907548363612,0.31921692183781225
5-20B,10.0,290.9677,-0.12995228670641418,0.04325947868616378
5-20B,10.0,294.0479,-0.0807859426732038,0.44569321400990725
5-20B,10.0,300.0509,-0.43452398317301677,0.63819914779351
5-20B,10.0,301.0333,-1.0498882914860883,0.524429989404109
5-20B,10.0,303.2326,0.806446106566459,1.377831367844335
5-20B,10.0,305.0207,-0.8822142844287049,0.09679932157877726
5-20B,10.0,306.0481,1.6838478586418,0.31224996979379754
5-20B,10.0,306.0765,-0.21098826371878215,0.031361044592813817
5-20B,10.0,308.0986,-0.3456939698645809,0.026935683557023627
5-20B,10.0,313.0441,4.209435468728394,1.3150981977825964
5-20B,10.0,313.1037,0.12931591245439655,0.5914648387635894
5-20B,10.0,317.026,0.020115181196310023,0.6714290173137911
5-20B,10.0,323.0256,-0.6260358488279195,0.2354404658893152
5-20B,10.0,325.1163,0.8275556290634729,0.6722256959816056
5-20B,10.0,328.0457,2.04458638918316,0.35661334532982647
5-20B,10.0,333.0589,3.208527322999128,1.0057590641323715
5-20B,10.0,338.9884,0.9460177276485487,0.3868616841327385
5-20B,10.0,339.0928,0.372119163714757,0.23827185982521953
5-20B,10.0,341.1089,-0.5906822603323041,0.21222006512453295
5-20B,10.0,344.0393,2.980444878935069,0.6618461391044728
5-20B,10.0,346.0556,0.5231758934413564,0.1775110734322688
5-20B,10.0,348.087,2.906574200153961,0.6260117948927746
5-20B,10.0,353.0489,4.298509620369801,1.1292950625827325
5-20B,10.0,357.089,0.6890102741109707,0.07897326936635911
5-20B,10.0,375.131,3.4077771742866094,0.8283873676550393
5-20B,10.0,377.1496,0.07928088752891087,0.28634877368886025
5-20B,10.0,383.1188,-0.7490033744105269,0.49344394268414804
5-20B,10.0,388.9416,0.07562374675749775,0.40522417365542956
5-20B,10.0,388.9442,-0.3923079356458891,0.2459932064980195
5-20B,10.0,401.0756,-0.9606921339926365,0.09728104654262185
5-20B,10.0,407.2795,-0.8322008734633092,0.2478868543818036
5-20B,10.0,421.0743,-0.2925292761224595,0.42924246073565564
5-20B,10.0,426.0222,0.9943278916522811,0.1948171080115399
5-20B,10.0,442.9997,-0.4675206463656919,0.13386813991051702
5-20B,10.0,466.9657,-1.0100594805344874,0.1322021470193182
5-20B,10.0,490.9787,0.062484605350997646,0.8531152837520724
5-20B,10.0,503.1614,-0.7624731135457196,0.5807290395296718
5-20B,10.0,547.0731,-0.34495924237895514,0.09914023599886619
5-20B,10.0,565.0471,0.5128029211036886,0.33671853371154603
5-20B,10.0,578.8872,-1.0238025601353749,0.0668514015971375
5-20B,10.0,579.0269,-0.9053879090212322,0.06899613846617943
5-20B,10.0,612.2549,-0.12508266887340805,0.2968821033737741
5-20B,10.0,624.2949,0.29166984115790295,0.5214672344499793
5-20B,10.0,659.307,-0.30875739779929734,0.3959649318718567
5-20B,10.0,664.0939,-0.06586642315043784,0.26602189747345356
5-20B,10.0,665.2144,0.9336914916614706,0.8356755846614699
5-20B,10.0,668.1374,3.7767920999234006,0.4790184704276915
5-20B,10.0,787.255,-0.12337432560096583,0.13617955260755282
5-20B,10.0,790.2568,-0.34319858917892543,0.326123243008524
5-20B,10.0,835.0407,1.4668077565586268,0.3540273030571009
5-20B,10.0,863.2971,-0.005341610288288903,0.2301304877379978
5-20B,10.0,864.1473,-0.34727554010913686,0.5082806319140165
5-20B,10.0,974.2935,0.9329055359281622,0.3993237472680609
5-20B,10.0,976.7162,-0.8950516393962913,0.11199800745433254
5-20C,1.0,57.0342,0.4281206118707923,0.4959735148734541
5-20C,1.0,58.0295,-1.0051513359724173,0.3125569518035025
5-20C,1.0,59.0135,-0.4631581325721667,0.40865828335269305
5-20C,1.0,71.0137,0.12166641302199029,0.24132935413033738
5-20C,1.0,73.0293,-0.9624634295785459,0.003630375661419327
5-20C,1.0,74.0247,-0.8128060018666246,0.17317784503430803
5-20C,1.0,75.0087,-1.1650156541993308,0.3198761453361977
5-20C,1.0,87.0088,-0.6798771397031028,0.01923615702422851
5-20C,1.0,87.0451,0.2229005285738726,0.1939810234988185
5-20C,1.0,88.0403,-0.9415424842972564,0.01274195366609667
5-20C,1.0,88.9883,0.2590103137936777,0.8899936738137048
5-20C,1.0,89.0244,-0.6298609671111997,0.21397504956916394
5-20C,1.0,93.0338,-0.08502699825258483,0.004107660655098299
5-20C,1.0,94.9761,-0.8070586282756265,0.10550783556013199
5-20C,1.0,94.9806,0.8979080596241054,0.3049947563773288
5-20C,1.0,95.0139,0.28353321769938455,0.3689040045322491
5-20C,1.0,101.0242,0.3839071502864851,0.3922537503160895
5-20C,1.0,102.056,-0.48796675084490937,0.04382591838004995
5-20C,1.0,103.0402,-0.9967162756487986,0.018804463836577988
5-20C,1.0,103.0509,-0.9915961694619478,0.08474603597829407
5-20C,1.0,104.0352,1.0584725406090127,0.2765134181638942
5-20C,1.0,105.0193,-0.7280956884792706,0.37099589061774196
5-20C,1.0,107.0503,-0.11669058296661865,0.3836353837745588
5-20C,1.0,109.0295,-1.0103462558443883,0.10435783796422089
5-20C,1.0,111.02,-1.2103647009964487,0.008084807407718837
5-20C,1.0,112.0516,-0.7892308022193248,0.7420043014283605
5-20C,1.0,113.0244,0.3821524650940502,0.2416952340413133
5-20C,1.0,113.0357,-1.3205187661846498,0.042531609949501864
5-20C,1.0,114.056,-0.24006887492309473,0.0010664635110122194
5-20C,1.0,115.0037,-0.8719457646394888,0.02097224716092066
5-20C,1.0,115.0402,-0.1903976080941288,0.594177995465226
5-20C,1.0,115.0764,0.7900022108751963,0.5664423204145832
5-20C,1.0,116.0354,-1.2378258430365965,0.2649114661001442
5-20C,1.0,116.0717,-0.7607099646781417,0.027927222779416786
5-20C,1.0,117.0194,-0.9410487248124118,0.004873041132389334
5-20C,1.0,118.0508,-1.0444750611694649,0.18798149010139037
5-20C,1.0,118.9804,0.3539840874411867,0.18278054039883881
5-20C,1.0,119.0503,2.04672657148277,0.6959251056599686
5-20C,1.0,120.9273,1.5596729752391774,1.933945787604757
5-20C,1.0,121.0295,0.806996064276975,0.6408298481265349
5-20C,1.0,121.0409,0.8676816883413482,0.6750494682865026
5-20C,1.0,122.0248,-1.1265757004745356,0.1975499127124698
5-20C,1.0,124.0075,-0.1301800350724863,0.38907266065881474
5-20C,1.0,124.0144,-0.49307029215693055,0.26071341141325644
5-20C,1.0,125.0439,-0.8645190497824988,0.20163711238067442
5-20C,1.0,127.0764,1.0242452333916492,0.42913788047151014
5-20C,1.0,128.0354,-0.2267114493638382,0.03054042286115439
5-20C,1.0,129.0193,-1.2367198959016052,0.06419886792573358
5-20C,1.0,129.0556,1.0728495421907163,0.1882083067295048
5-20C,1.0,130.0142,-0.5473418585369402,0.1547606098986669
5-20C,1.0,130.0509,-1.066459016508995,0.013966753893803198
5-20C,1.0,130.0874,-0.7869365157669178,0.16081441931767762
5-20C,1.0,131.0008,-0.9311087178698558,0.22197746389853992
5-20C,1.0,131.0123,-0.6422146051752098,0.029123298653276047
5-20C,1.0,131.035,0.3301932817811388,0.35882071931321513
5-20C,1.0,131.0462,0.47609208225918276,0.22918910696950195
5-20C,1.0,131.0828,0.872307787309498,0.17373908573162236
5-20C,1.0,132.0302,-1.2191534763927172,0.012124510095165878
5-20C,1.0,133.0142,-0.5851033708279235,0.05239857365597446
5-20C,1.0,133.0257,-0.6615526992818428,0.03448874926415438
5-20C,1.0,133.0505,-1.34684104818631,0.008613347781764254
5-20C,1.0,134.0472,-1.2004207163411027,0.5091111397945416
5-20C,1.0,134.0604,-1.2678792140543003,0.40904195404523847
5-20C,1.0,135.0302,-0.8036014087753834,0.23881152037042858
5-20C,1.0,135.0453,-1.1953613184975376,0.18665063860917272
5-20C,1.0,136.0404,-0.44059566489550517,0.0544444376840325
5-20C,1.0,136.0487,-1.2348372004174948,0.13819204566325163
5-20C,1.0,136.0767,0.9019932656180418,0.39965841388029144
5-20C,1.0,137.0239,-0.2681781465377482,0.09815997988643554
5-20C,1.0,138.9789,0.7887986906005464,0.39188427787253033
5-20C,1.0,139.0014,-0.43165482750142975,0.012107508661682337
5-20C,1.0,139.0067,-0.7592763134725098,0.04718658931830801
5-20C,1.0,139.976,-0.15071774338941318,0.6905908909789127
5-20C,1.0,143.0713,1.2071766481102124,0.6454687464545943
5-20C,1.0,143.1077,0.974309994781043,0.6145524730974884
5-20C,1.0,145.0141,-0.1089555784744995,0.06754507076143772
5-20C,1.0,145.0506,-0.14550120351383503,0.05471939450867284
5-20C,1.0,145.0623,0.6750729524552057,0.6791581324325233
5-20C,1.0,145.0982,1.012386278396826,0.7880446680749535
5-20C,1.0,145.1106,1.3552483584440216,0.5875735563547991
5-20C,1.0,146.0459,-0.4884029687640465,0.013026666152865591
5-20C,1.0,147.0298,-0.9868459948440506,0.011390178548853823
5-20C,1.0,147.0662,-1.462456145873479,0.009693190359033902
5-20C,1.0,149.0092,0.19573472520719284,0.7053250158235974
5-20C,1.0,149.0456,0.40389479944833806,0.21588460717745941
5-20C,1.0,149.0608,0.25217130305534063,0.32945994948404184
5-20C,1.0,150.0422,-0.5247847586590012,0.5541017570545845
5-20C,1.0,150.9707,-0.4165600484868982,0.4686774276775499
5-20C,1.0,151.0259,-0.43549156936507394,0.07780498618630514
5-20C,1.0,151.04,-0.4143755621494166,0.2607529581623383
5-20C,1.0,151.06,-0.3252330472480784,0.4222480839204601
5-20C,1.0,152.0353,-0.4689277649941963,0.19849369042405804
5-20C,1.0,152.0716,1.0459702695384057,0.4163005055668134
5-20C,1.0,153.0192,-0.5638139598631149,0.12383310583840558
5-20C,1.0,154.062,1.0660622991494852,0.0916546401161742
5-20C,1.0,154.9751,-1.0328366411819496,0.010100434738347937
5-20C,1.0,155.0099,-1.1784039375800592,0.0077043213991541655
5-20C,1.0,157.0128,-1.0304338391025563,0.029743972663199118
5-20C,1.0,157.0255,-1.346395491657962,0.009977780088781323
5-20C,1.0,157.0379,-1.414508505985988,0.02865958204872142
5-20C,1.0,157.0504,-1.1661298620879912,0.017942136789408435
5-20C,1.0,159.0297,0.8352959610033213,0.2729516341551372
5-20C,1.0,159.0775,-1.2411616818130287,0.018232128333356076
5-20C,1.0,160.0616,-1.1963973281863325,0.22520802834466416
5-20C,1.0,161.0453,-0.21729909266751887,0.3127826453922957
5-20C,1.0,162.0424,-1.481296286691414,0.11736567128625637
5-20C,1.0,163.0351,-0.941577194557509,0.09069681160977532
5-20C,1.0,163.0398,-0.009887691209350619,0.07613534164464202
5-20C,1.0,163.0611,-0.40009211066516703,0.6879557628159647
5-20C,1.0,164.0716,-0.2995711956187348,0.10845895479410692
5-20C,1.0,165.03,-0.13726099834594732,0.33234880072239886
5-20C,1.0,165.0405,-0.1908943537769648,0.37474430955523264
5-20C,1.0,165.0556,-0.7844176767688531,0.04738537804581011
5-20C,1.0,166.0508,-1.4396047776192256,0.16807015300593575
5-20C,1.0,166.0632,0.34081859786004337,0.6302781995176981
5-20C,1.0,166.9759,-0.7441297168540076,0.25442625907297545
5-20C,1.0,167.0207,-0.16894747218237877,0.2614300228649996
5-20C,1.0,167.0358,0.0665195592366024,0.815541542710725
5-20C,1.0,167.0828,-0.10391217844904638,1.1002200814108432
5-20C,1.0,168.0277,-0.43068765748632964,0.02997803657763454
5-20C,1.0,168.0664,0.3971704715549268,0.5127059423253912
5-20C,1.0,170.0455,-0.8505100333426134,0.009101004045430272
5-20C,1.0,171.0065,-0.9106136030510135,0.18174298646262071
5-20C,1.0,171.0092,-0.9176662295197662,0.09632991624337758
5-20C,1.0,171.0284,-1.0016923647970817,0.04819352070579342
5-20C,1.0,172.0616,-1.6539142615188962,0.04710389308136526
5-20C,1.0,172.962,-0.6428254624919487,0.06281748971066535
5-20C,1.0,173.0089,-1.0202277323198836,0.12962805215974696
5-20C,1.0,173.0453,-0.4232642682919702,0.29606165941441615
5-20C,1.0,173.0932,-0.7730693027769111,0.05100131302446875
5-20C,1.0,173.1041,0.565531298323748,0.569978957698702
5-20C,1.0,174.0407,-1.0001074926251863,0.007958082369881296
5-20C,1.0,174.088,-0.14832747167167848,0.3499227759624252
5-20C,1.0,175.022,-0.8987233480691857,0.11604259403709247
5-20C,1.0,175.0361,-1.2434032404910924,0.015272204069021154
5-20C,1.0,175.0611,-1.2477442227786075,0.009498184455461012
5-20C,1.0,176.0776,-1.2950220090540254,0.09580312738199138
5-20C,1.0,177.0402,0.5138837843078501,0.7275520299174786
5-20C,1.0,177.0553,1.0857627026093377,0.736075333706036
5-20C,1.0,178.0509,-1.0974311916103388,0.017867748440115502
5-20C,1.0,179.0348,-1.491136194678154,0.1573725297863036
5-20C,1.0,179.0561,0.760461764020556,0.3071772800062945
5-20C,1.0,180.0663,0.8385932389614004,0.29199568211042076
5-20C,1.0,181.0505,-0.47339734309826587,0.5125474271915499
5-20C,1.0,182.9725,0.27923572671470964,0.11671051955156479
5-20C,1.0,183.0661,1.1491827203607468,0.936954323438001
5-20C,1.0,184.0017,-0.4979548142501511,0.03560050391443443
5-20C,1.0,184.9856,-0.4079873878296594,0.29076580217596193
5-20C,1.0,186.1136,0.96655982220835,0.3835611780607259
5-20C,1.0,187.0234,-0.7805529223791797,0.37795430968728677
5-20C,1.0,188.035,-0.31430505964713107,1.0938811487360727
5-20C,1.0,188.0565,-1.130523306761439,0.008284292688974989
5-20C,1.0,189.0405,0.9551897761377517,0.22868274047433518
5-20C,1.0,191.0197,-1.1858267359081864,0.1133431747902558
5-20C,1.0,191.0561,-1.054925180907088,0.05054044640068059
5-20C,1.0,192.0663,-0.11045962152925186,0.6474182508416901
5-20C,1.0,193.0349,-0.5998402314519308,0.38890565087359114
5-20C,1.0,194.0682,-1.076617165875877,0.06073557469747384
5-20C,1.0,194.0822,0.4970546184993895,0.6159037673300242
5-20C,1.0,195.0509,-0.0772881590677249,0.6807449027912558
5-20C,1.0,195.0657,-0.44195016522844344,0.5801291090092565
5-20C,1.0,196.0603,-1.3746211432163424,0.06547451537453866
5-20C,1.0,198.0182,-0.9024280706986434,0.217801071042196
5-20C,1.0,199.0019,-0.8343187133553823,0.15046916504892538
5-20C,1.0,200.9937,0.32505010633460585,0.23056619716597782
5-20C,1.0,201.0051,-0.8320241961412137,0.25199309133600784
5-20C,1.0,203.0348,-0.2526637638241437,0.45351303213425537
5-20C,1.0,203.0826,-0.03553390355122202,0.042992574532001955
5-20C,1.0,204.0498,0.10755408854187294,0.2638473687416136
5-20C,1.0,205.0351,-1.2005829409774504,0.13612751333994924
5-20C,1.0,206.0822,-0.9849312750787091,0.5792349797784966
5-20C,1.0,209.0292,-0.5258566120758721,0.25261734001618436
5-20C,1.0,209.0814,0.7559488577379627,0.367850514890875
5-20C,1.0,211.0235,-0.617622283211336,0.25095518911490977
5-20C,1.0,211.9968,-1.0838578331516597,0.032474955150733724
5-20C,1.0,212.0331,-0.5615019471329825,0.12936093903672852
5-20C,1.0,212.9807,-0.8522609976400022,0.05990571710901737
5-20C,1.0,213.014,-0.8819802929490019,0.14013948967121803
5-20C,1.0,213.0384,-0.6420497934576779,0.19238975636071418
5-20C,1.0,213.1252,0.7178967382576011,1.0367552519637435
5-20C,1.0,214.0488,-0.33714969164935127,0.7103468807393973
5-20C,1.0,215.0331,0.07670266566001045,0.25027517759697854
5-20C,1.0,216.1351,-0.1682289844071539,0.2004851310365128
5-20C,1.0,218.0335,-0.007681209697184943,0.22288593374845206
5-20C,1.0,218.1034,-1.277233077696736,0.01843439921762055
5-20C,1.0,220.0828,-0.23655986074754098,0.5876962019006454
5-20C,1.0,221.0443,0.37224613938829765,0.24983618814691771
5-20C,1.0,221.0664,-1.335053632075046,0.5308225744767512
5-20C,1.0,225.0399,-1.0803648326864095,0.40609290577163837
5-20C,1.0,225.0861,-0.43776822305581703,0.796533907894934
5-20C,1.0,225.0901,0.06790177842162831,0.6126492277651354
5-20C,1.0,226.0135,-0.6267933842141213,0.08524854983726947
5-20C,1.0,226.0697,0.09619985876340383,0.20829389286656413
5-20C,1.0,228.0501,-0.787643577288577,0.3394374670376481
5-20C,1.0,229.0122,-1.0197237766804048,0.10986038828599877
5-20C,1.0,237.0614,-1.5068334562729202,0.12040049023487198
5-20C,1.0,238.0945,1.9061069894600078,0.7194960327373603
5-20C,1.0,240.0515,-1.4413974663164586,0.011768674586378773
5-20C,1.0,241.0844,-1.0224054591202725,0.6718919180354824
5-20C,1.0,242.0804,0.3363447200592959,0.9717748321595477
5-20C,1.0,243.029,-0.8772786829491834,0.654382383439126
5-20C,1.0,243.0625,-0.9150758445382656,0.29764114633444166
5-20C,1.0,245.0444,-0.4958967557328757,0.34202954489220005
5-20C,1.0,246.0198,-0.19484751439780607,0.3628338500447589
5-20C,1.0,246.064,0.23709231918417156,0.4075846342863515
5-20C,1.0,251.0816,-0.06720033479787835,0.6369900803729517
5-20C,1.0,253.0119,-0.3702030320420766,0.008025084972512461
5-20C,1.0,253.0499,0.13229300061572075,0.887949359371438
5-20C,1.0,257.0072,-0.5425833027224103,0.41489065751989773
5-20C,1.0,257.1028,1.1762345544889303,0.5356399829630055
5-20C,1.0,259.005,-0.8085671463582851,0.27833130201957273
5-20C,1.0,259.0227,-0.3337163497924256,0.2921631473258923
5-20C,1.0,261.0385,-0.34709778248728546,0.2510635467714784
5-20C,1.0,266.0703,-1.0002404574076047,0.10918364953682798
5-20C,1.0,267.0724,-0.6951911748705376,0.03422535338924606
5-20C,1.0,268.02,-0.24288540256839208,0.5753768218073738
5-20C,1.0,269.0398,-0.7711616985161014,0.04943762518964266
5-20C,1.0,271.0612,0.6370629858870747,0.33890441027179613
5-20C,1.0,271.0815,0.7092550127722267,0.6932951334197753
5-20C,1.0,273.0021,-0.8548999804612036,0.11308279869041295
5-20C,1.0,274.0933,-1.2638457747021457,0.1237823954343514
5-20C,1.0,275.0184,-0.8536664409495086,0.12172622912572338
5-20C,1.0,275.0991,-0.9000485745704758,0.22105410532884842
5-20C,1.0,277.1207,0.5143372949402467,0.19863432412304907
5-20C,1.0,277.2169,0.7094945558916982,0.6183048511213517
5-20C,1.0,279.2331,0.9468881923812337,0.13656040396542396
5-20C,1.0,282.0839,-0.18575771678498973,0.4101536586060551
5-20C,1.0,283.2063,1.5312622136506855,0.30994720571807227
5-20C,1.0,285.0972,1.9410855607109143,0.710985136972889
5-20C,1.0,287.0157,0.8657429024029301,0.8441258952827336
5-20C,1.0,288.0725,-0.551207363824352,0.12328923589699858
5-20C,1.0,289.0333,-1.3243773543443353,0.6559452659303687
5-20C,1.0,289.1044,-0.528188085812977,0.8731523806172092
5-20C,1.0,290.9677,-0.5176149656726059,0.04987698876547455
5-20C,1.0,294.0479,-0.2302368510468945,0.2023347223831967
5-20C,1.0,300.0509,-0.24135876880633897,0.14360190658425104
5-20C,1.0,301.0333,-0.6779711623669956,0.400448125567393
5-20C,1.0,303.2326,-0.0745178739764589,0.3468583179759736
5-20C,1.0,305.0207,1.0995659150018822,0.23468187724664877
5-20C,1.0,306.0481,-1.185804297526517,0.10128069450938575
5-20C,1.0,306.0765,-0.2984823722797736,0.015047281496990172
5-20C,1.0,308.0986,-0.03085010382520747,0.0937346067997546
5-20C,1.0,313.0441,-0.8410920443874819,0.42295392062988035
5-20C,1.0,313.1037,-0.6090063961433185,0.21549742281583573
5-20C,1.0,317.026,-0.3981115367294349,0.5707806442719667
5-20C,1.0,323.0256,-0.13511983400972485,0.39750976464720805
5-20C,1.0,325.1163,-0.5598160367678865,0.11309542366111942
5-20C,1.0,328.0457,-1.0406866922959184,0.12159394037877178
5-20C,1.0,333.0589,-1.0238801318866735,0.2022488483423946
5-20C,1.0,338.9884,-1.1253675579188942,0.08955078603124517
5-20C,1.0,339.0928,-0.4038320896528034,0.4137958691635077
5-20C,1.0,341.1089,-0.6727215228758255,0.2772959187815589
5-20C,1.0,344.0393,-0.7117690239977753,0.2624237669567943
5-20C,1.0,346.0556,-0.10953765418481262,0.6140595469132943
5-20C,1.0,348.087,-1.0180223166997642,0.05365413638053926
5-20C,1.0,353.0489,-1.2098687797160288,0.5857972051028025
5-20C,1.0,357.089,-0.7454230987832995,0.1831455728611023
5-20C,1.0,375.131,-0.7818257710071327,0.13458511212715354
5-20C,1.0,377.1496,-0.31360145805861495,0.13260928645331874
5-20C,1.0,383.1188,-0.9339842112089509,0.719147832825321
5-20C,1.0,388.9416,-0.2325991955592467,0.46685383715589096
5-20C,1.0,388.9442,-0.6191839028717736,0.46159721088568423
5-20C,1.0,401.0756,0.39058090041963944,0.11306650020399488
5-20C,1.0,407.2795,1.940756422482321,0.6518674520273471
5-20C,1.0,421.0743,-0.5173275473605321,0.14879579233639928
5-20C,1.0,426.0222,-0.5697144532399222,0.4623261329241614
5-20C,1.0,442.9997,0.35520057008547673,0.14768109094368054
5-20C,1.0,466.9657,1.5092605566676598,0.40391498098442497
5-20C,1.0,490.9787,0.04074676969761312,1.4499450948617558
5-20C,1.0,503.1614,-1.3157325916358387,0.3605706963705055
5-20C,1.0,547.0731,-1.364974598618637,0.13339834985097507
5-20C,1.0,565.0471,-1.0141387104960238,0.272522004956875
5-20C,1.0,578.8872,0.07760586358259078,0.2000468438427013
5-20C,1.0,579.0269,-0.4305034905046143,0.21321188483809808
5-20C,1.0,612.2549,-1.5558344659379681,0.25495866094786274
5-20C,1.0,624.2949,-0.8320503041891638,0.45798144824770115
5-20C,1.0,659.307,2.454259582240434,0.5361050350867202
5-20C,1.0,664.0939,-0.21854826205494626,0.3745870111488673
5-20C,1.0,665.2144,-0.9417938593210284,0.25586506658203806
5-20C,1.0,668.1374,-0.6166272802137429,0.00010122121311834805
5-20C,1.0,787.255,1.169727792222616,0.18729392628675046
5-20C,1.0,790.2568,1.8810935997729499,0.7437909478363328
5-20C,1.0,835.0407,-0.6463296105605774,0.15821236094727273
5-20C,1.0,863.2971,-0.7861766263737757,0.034601195038683134
5-20C,1.0,864.1473,1.3759961949921182,0.4488219561421025
5-20C,1.0,974.2935,-0.6874972464909472,0.33840752072420077
5-20C,1.0,976.7162,0.7567315219370113,0.21367695891254448
5-20C,2.0,57.0342,0.4539696265523869,0.6425821211330301
5-20C,2.0,58.0295,-0.968746815128205,0.12815668725904902
5-20C,2.0,59.0135,0.3381652319414115,0.5025921887419799
5-20C,2.0,71.0137,0.6167734011147477,0.33989709715417277
5-20C,2.0,73.0293,-0.9304332582762669,0.01734637660618825
5-20C,2.0,74.0247,-0.5280474569173443,0.3202665263770498
5-20C,2.0,75.0087,-0.06299939673933815,0.5968018740592335
5-20C,2.0,87.0088,-0.6500035884323079,0.013398540448828503
5-20C,2.0,87.0451,1.2339980764940879,0.9276830474837227
5-20C,2.0,88.0403,-0.8989480529333779,0.01741617609822829
5-20C,2.0,88.9883,2.4993206387320708,1.1254211406696377
5-20C,2.0,89.0244,-0.2989248585602442,0.2281099739215509
5-20C,2.0,93.0338,-0.0849223649930792,0.008045485766151052
5-20C,2.0,94.9761,-0.9177446707899972,0.3413266565708392
5-20C,2.0,94.9806,0.917673827281345,0.44748767754267305
5-20C,2.0,95.0139,0.7830201487934099,0.2971879407727452
5-20C,2.0,101.0242,0.6996995467631413,0.6332085105392476
5-20C,2.0,102.056,-0.6149053239115136,0.041623412569973366
5-20C,2.0,103.0402,-0.9602655731028698,0.05463703999268704
5-20C,2.0,103.0509,-0.925939610553521,0.0368107679853073
5-20C,2.0,104.0352,1.2463096370370608,0.2935480196225676
5-20C,2.0,105.0193,0.9225102091418136,0.48276843045270396
5-20C,2.0,107.0503,-0.9384296177932452,0.7009411791862907
5-20C,2.0,109.0295,-1.0189867519263094,0.17305051054251805
5-20C,2.0,111.02,-0.9702724876160731,0.015190462660203989
5-20C,2.0,112.0516,-1.03674746711327,0.5763244390847212
5-20C,2.0,113.0244,0.7220309015158235,0.36466395258103596
5-20C,2.0,113.0357,-1.0244783895531746,0.07651294383786345
5-20C,2.0,114.056,-0.24325460040433194,0.0033805435575560284
5-20C,2.0,115.0037,-0.906486964027178,0.012864253788018818
5-20C,2.0,115.0402,-0.5821761011372167,1.0423888308156781
5-20C,2.0,115.0764,-0.14850367347431911,0.7947038833218454
5-20C,2.0,116.0354,-0.7771421637328366,0.3603754890884114
5-20C,2.0,116.0717,-0.723494146530391,0.021111231913279335
5-20C,2.0,117.0194,-0.9280926024257605,0.005003693987380301
5-20C,2.0,118.0508,-1.0375088178776866,0.2070053188674351
5-20C,2.0,118.9804,0.3901113841284307,0.3299496253692698
5-20C,2.0,119.0503,0.2564118368745119,0.6751499960591056
5-20C,2.0,120.9273,-0.5307018597986789,0.10896285353598191
5-20C,2.0,121.0295,-0.3345284646608244,0.39070249141544866
5-20C,2.0,121.0409,0.6747415828715642,0.2583497961143512
5-20C,2.0,122.0248,-0.675192595102567,0.5628506999876245
5-20C,2.0,124.0075,0.5418240370008853,1.0629575070950619
5-20C,2.0,124.0144,0.23884656986783387,0.4961401103310318
5-20C,2.0,125.0439,-0.3683332677797368,0.464433054655336
5-20C,2.0,127.0764,0.41884443736579835,0.2364983993300443
5-20C,2.0,128.0354,-0.23525184522200684,0.02074707963009935
5-20C,2.0,129.0193,-1.1722178709876077,0.09432234940786807
5-20C,2.0,129.0556,-0.3724531279046384,0.7015534998171612
5-20C,2.0,130.0142,-0.8862846079338023,0.1935549448608159
5-20C,2.0,130.0509,-1.0301944042496727,0.014938695217037772
5-20C,2.0,130.0874,-0.6621543735835878,0.1468127143685889
5-20C,2.0,131.0008,0.6007496196645027,0.8801943513863798
5-20C,2.0,131.0123,-0.8095807772161171,0.02862913303614631
5-20C,2.0,131.035,0.8932843641382486,0.4640609599673303
5-20C,2.0,131.0462,1.2083340383633099,0.06943883124056127
5-20C,2.0,131.0828,0.9886494174981231,0.30367664635110114
5-20C,2.0,132.0302,-1.1052687676745032,0.01022116938445698
5-20C,2.0,133.0142,-0.5269325323558378,0.05834859478877034
5-20C,2.0,133.0257,-0.6685891627575147,0.1047009847076861
5-20C,2.0,133.0505,-1.1939883284040853,0.021503670111662602
5-20C,2.0,134.0472,-0.40714190983296406,0.612413656184422
5-20C,2.0,134.0604,-0.9609880862809583,0.5684661782500519
5-20C,2.0,135.0302,-0.45155885528899076,0.14550086741164694
5-20C,2.0,135.0453,-1.0608037519770577,0.2224838715079355
5-20C,2.0,136.0404,-0.39075066212456244,0.08304807700107444
5-20C,2.0,136.0487,-1.1430744938751594,0.21493059490025704
5-20C,2.0,136.0767,-0.3513542718808784,0.9153782484522082
5-20C,2.0,137.0239,-0.1684634935629286,0.18037241220354183
5-20C,2.0,138.9789,0.3041880886908656,0.8744217054818295
5-20C,2.0,139.0014,-0.3016770223261201,0.05986196343444928
5-20C,2.0,139.0067,-0.7986632635701374,0.03592584683606544
5-20C,2.0,139.976,-0.8167745143851604,0.5252933162999417
5-20C,2.0,143.0713,0.7003880923198864,0.21695655099411504
5-20C,2.0,143.1077,-0.08828763492571212,0.6663919363802444
5-20C,2.0,145.0141,-0.06687475890192061,0.1544198394057024
5-20C,2.0,145.0506,-0.4141983316975487,0.24581944712462886
5-20C,2.0,145.0623,0.1768789574209316,0.5284595546228382
5-20C,2.0,145.0982,2.6181637240406026,0.3604469689326911
5-20C,2.0,145.1106,2.3172603130283562,0.2052145084718025
5-20C,2.0,146.0459,-0.47719660754973336,0.01882159168654835
5-20C,2.0,147.0298,-0.9470830146808239,0.010028904605374785
5-20C,2.0,147.0662,-1.2657108407565434,0.011504261831168417
5-20C,2.0,149.0092,0.28532359422952247,1.1343139446223518
5-20C,2.0,149.0456,0.891491782840407,0.4744716361842621
5-20C,2.0,149.0608,-0.4864030601495103,0.7253255118893768
5-20C,2.0,150.0422,0.47610660518682796,0.28001478430564136
5-20C,2.0,150.9707,-0.8345456943593289,0.3602411103272977
5-20C,2.0,151.0259,-0.3387914873802462,0.10585246180249766
5-20C,2.0,151.04,-0.2609906682643041,0.6038510611387101
5-20C,2.0,151.06,0.13019470670930036,0.7937715082138078
5-20C,2.0,152.0353,-1.0854974273165117,0.4062845440031261
5-20C,2.0,152.0716,0.8130016547154418,0.5646834255748107
5-20C,2.0,153.0192,-0.2741981378890977,0.10158244398228604
5-20C,2.0,154.062,0.8841525351889563,0.11450582371714099
5-20C,2.0,154.9751,-0.9618313589190629,0.008635380664159401
5-20C,2.0,155.0099,-0.9204689164619695,0.011692611181608052
5-20C,2.0,157.0128,-0.8799712567437183,0.02039251040210345
5-20C,2.0,157.0255,-1.149929111633222,0.013826371033262582
5-20C,2.0,157.0379,-1.1730026434358618,0.02846741725862065
5-20C,2.0,157.0504,-1.1535366765829997,0.028407689215024134
5-20C,2.0,159.0297,0.8585535099844368,0.36779624716981435
5-20C,2.0,159.0775,-1.0659989426227297,0.012865104275593299
5-20C,2.0,160.0616,-0.6817314406728147,0.17678279221076054
5-20C,2.0,161.0453,0.5107469489420631,0.33236573787123125
5-20C,2.0,162.0424,-1.0602755793364382,0.23738797461039332
5-20C,2.0,163.0351,-1.1101668004716965,0.0517013507100849
5-20C,2.0,163.0398,0.07034432617827406,0.09933537921180145
5-20C,2.0,163.0611,-1.041269509576566,1.5549439126883127
5-20C,2.0,164.0716,-0.07706967183104615,0.11446956902910527
5-20C,2.0,165.03,0.08108665965659423,0.39787078205629944
5-20C,2.0,165.0405,-0.32083185808262293,0.2771915440180137
5-20C,2.0,165.0556,-0.7137553653563284,0.1745945081933221
5-20C,2.0,166.0508,-1.0094877114448486,0.3251338426735546
5-20C,2.0,166.0632,-0.5302140489371463,0.9996579929112632
5-20C,2.0,166.9759,-0.9874296725892933,0.3079907629518131
5-20C,2.0,167.0207,-0.009637873357374212,0.14009288196569059
5-20C,2.0,167.0358,-0.5353724128896343,0.36133074260503534
5-20C,2.0,167.0828,0.1985873968001309,0.39922076282493146
5-20C,2.0,168.0277,-0.39908401093316703,0.021405274684498408
5-20C,2.0,168.0664,0.5809160789617787,0.8059454420727687
5-20C,2.0,170.0455,-0.8265222314293903,0.007113203758477708
5-20C,2.0,171.0065,-0.7898615634775777,0.218522355001811
5-20C,2.0,171.0092,-0.8946099806719219,0.1370447515794364
5-20C,2.0,171.0284,-0.9799411140892144,0.01604672587186271
5-20C,2.0,172.0616,-1.3447633522091746,0.12996569969205268
5-20C,2.0,172.962,-0.5952518725397165,0.08136888479327219
5-20C,2.0,173.0089,-0.8061090560595476,0.1615808940705365
5-20C,2.0,173.0453,-0.7525581213538561,0.05583935706338654
5-20C,2.0,173.0932,-0.7155872960930523,0.07035596245901012
5-20C,2.0,173.1041,2.044078237831257,0.5257994002634583
5-20C,2.0,174.0407,-0.9617464363570014,0.004629641282846979
5-20C,2.0,174.088,-0.4594955505272586,0.08839875386378263
5-20C,2.0,175.022,-0.7970586160005679,0.09651793313107185
5-20C,2.0,175.0361,-1.131229764820554,0.008160072504659084
5-20C,2.0,175.0611,-1.1731684124868982,0.004785127223580386
5-20C,2.0,176.0776,-1.14038219625423,0.23715029243741004
5-20C,2.0,177.0402,1.2257150523001354,0.42258374561275497
5-20C,2.0,177.0553,0.39007572035767135,1.0194542365245067
5-20C,2.0,178.0509,-1.0270420179536193,0.010796909606848083
5-20C,2.0,179.0348,-0.7311161561383517,0.3650387752158698
5-20C,2.0,179.0561,1.375457026683234,0.39137435756528566
5-20C,2.0,180.0663,1.4006971759774378,0.2296088569583185
5-20C,2.0,181.0505,-0.7191347274449529,0.45064418183499744
5-20C,2.0,182.9725,0.28474776010301356,0.3713456067481452
5-20C,2.0,183.0661,1.0217085805385149,0.7739034093039726
5-20C,2.0,184.0017,-0.5232453945028377,0.05183300480066231
5-20C,2.0,184.9856,-0.7075023149299565,0.08984659157248318
5-20C,2.0,186.1136,0.1479040425660428,0.7211421848325631
5-20C,2.0,187.0234,-0.9129422797231733,0.42368857818915484
5-20C,2.0,188.035,-0.12414465346616457,0.711971058599525
5-20C,2.0,188.0565,-1.0780193222611048,0.009006779477152664
5-20C,2.0,189.0405,0.36222867614108234,0.143372038128478
5-20C,2.0,191.0197,-1.1318989502920707,0.25272589800131445
5-20C,2.0,191.0561,-1.0476264119863483,0.029245165869461017
5-20C,2.0,192.0663,0.8292073442198593,0.5660615599006202
5-20C,2.0,193.0349,0.4556246461806811,0.3011899827484593
5-20C,2.0,194.0682,-1.0920726522949036,0.11767358116764141
5-20C,2.0,194.0822,1.171761131988419,0.9188697020497112
5-20C,2.0,195.0509,1.1444635222831043,0.39792884383580457
5-20C,2.0,195.0657,0.4331701907047142,0.7252563852053059
5-20C,2.0,196.0603,-1.075123011289516,0.015547634097975147
5-20C,2.0,198.0182,-0.9605494161565327,0.36218165179846035
5-20C,2.0,199.0019,-0.6986084365297867,0.32877661147838616
5-20C,2.0,200.9937,0.8052102566649031,0.4359966317372918
5-20C,2.0,201.0051,-1.5114834289887042,0.35866939133710674
5-20C,2.0,203.0348,0.0026939659517904793,0.3313766025889102
5-20C,2.0,203.0826,-0.06538893670269252,0.06488544662428983
5-20C,2.0,204.0498,0.3369420781127905,0.3489553486915028
5-20C,2.0,205.0351,-1.1740111749199726,0.07687171606327367
5-20C,2.0,206.0822,0.284274237332792,0.25441240117486574
5-20C,2.0,209.0292,-0.42553398779519486,0.2803724409077179
5-20C,2.0,209.0814,1.3577283598290464,0.6908654806692516
5-20C,2.0,211.0235,-1.0177071892161482,0.29203413700219405
5-20C,2.0,211.9968,-1.0596199666186936,0.04857793507573552
5-20C,2.0,212.0331,-0.3353983190498962,0.623911202219753
5-20C,2.0,212.9807,-0.8992284068679661,0.12196023255694768
5-20C,2.0,213.014,-0.39305499975031455,0.25008302590337383
5-20C,2.0,213.0384,-0.7038764208215877,0.05464986644881944
5-20C,2.0,213.1252,1.3904344472176167,0.48937209630889184
5-20C,2.0,214.0488,0.6643187683647301,1.0291467818180293
5-20C,2.0,215.0331,0.8361880879789372,0.32325844939665105
5-20C,2.0,216.1351,0.25649085867872085,0.18050566062186463
5-20C,2.0,218.0335,0.8883342621958694,0.32116075724889603
5-20C,2.0,218.1034,-1.184627020123624,0.030098938554492187
5-20C,2.0,220.0828,0.2010870947746454,0.6692851213761148
5-20C,2.0,221.0443,0.8473080338622458,0.28269659391517643
5-20C,2.0,221.0664,-0.4160048847464011,0.4116964424098267
5-20C,2.0,225.0399,-0.6631061904886887,0.5195740087775144
5-20C,2.0,225.0861,-0.44237523997981076,0.3714455786189068
5-20C,2.0,225.0901,0.2570124856989748,0.5627160225343693
5-20C,2.0,226.0135,-0.8246351930064915,0.19002922633289795
5-20C,2.0,226.0697,0.40073075780589107,0.6190559142300124
5-20C,2.0,228.0501,-0.6639126356681967,0.36409278113846494
5-20C,2.0,229.0122,-0.8314226567882876,0.22257469043596176
5-20C,2.0,237.0614,-1.1920644544644339,0.11179167964645587
5-20C,2.0,238.0945,1.2972630802492486,0.3326710814725244
5-20C,2.0,240.0515,-1.3436900940052832,0.008666427824462907
5-20C,2.0,241.0844,-0.7420834511444978,0.48255154413206813
5-20C,2.0,242.0804,1.0249067082524614,0.9359036110203366
5-20C,2.0,243.029,-0.44200891617186555,0.27818755533241984
5-20C,2.0,243.0625,-0.10835402395585515,0.056189868717606235
5-20C,2.0,245.0444,-0.06997199026676497,0.32897235047244067
5-20C,2.0,246.0198,-0.31345565875736736,0.5061513854334617
5-20C,2.0,246.064,0.0073884072096313536,1.0010013520959125
5-20C,2.0,251.0816,0.3552004014178641,0.866816697110063
5-20C,2.0,253.0119,-0.33331260677076885,0.00761950730068157
5-20C,2.0,253.0499,0.6447324234546825,0.6082308621588565
5-20C,2.0,257.0072,-0.9828503776155013,0.45128624129780065
5-20C,2.0,257.1028,1.1979573466005116,0.4599735170983431
5-20C,2.0,259.005,-0.7047461338174551,0.21952113578908927
5-20C,2.0,259.0227,0.905764477810518,0.37560921239837985
5-20C,2.0,261.0385,-0.14288863036397043,0.1739834581966901
5-20C,2.0,266.0703,-0.5621784154586171,0.10242258006755935
5-20C,2.0,267.0724,-0.6306419836078275,0.01876442060873464
5-20C,2.0,268.02,-0.9882918993444554,0.5268784025736242
5-20C,2.0,269.0398,-0.5822323093611137,0.12001390948147045
5-20C,2.0,271.0612,2.22209201050545,0.5334235561537466
5-20C,2.0,271.0815,0.44770615995421903,0.6078145342840439
5-20C,2.0,273.0021,-0.8898839676883542,0.09779544456720429
5-20C,2.0,274.0933,-1.2173395475308055,0.028464696010563218
5-20C,2.0,275.0184,-0.8242126567720673,0.4081001069246386
5-20C,2.0,275.0991,-0.8234490648270447,0.32606963756608576
5-20C,2.0,277.1207,1.3910431999527013,0.2927343594727933
5-20C,2.0,277.2169,-0.07873088583007877,0.33965412935821593
5-20C,2.0,279.2331,-0.3665456140458959,0.020390730495705264
5-20C,2.0,282.0839,1.6130916173587249,0.16959970276059397
5-20C,2.0,283.2063,-0.18513093376596557,0.11722825280136552
5-20C,2.0,285.0972,1.1632524159562818,0.5763499538913494
5-20C,2.0,287.0157,0.9106120817368903,0.48998129958570724
5-20C,2.0,288.0725,-0.5920366634054082,0.1524693408883738
5-20C,2.0,289.0333,-0.6916092511045602,0.5840774327470207
5-20C,2.0,289.1044,1.1002290084824986,1.1943957015100304
5-20C,2.0,290.9677,-0.4390541469112874,0.08614393129744304
5-20C,2.0,294.0479,1.1719363211470317,1.4731868404898238
5-20C,2.0,300.0509,1.5245172580532156,0.9427189535827009
5-20C,2.0,301.0333,-0.3494325129348333,0.7955569142414528
5-20C,2.0,303.2326,0.1589145622453849,0.8199829275396007
5-20C,2.0,305.0207,1.2524095175260535,0.5167048607584965
5-20C,2.0,306.0481,-1.1216731289034816,0.0573862482323762
5-20C,2.0,306.0765,-0.29936107925240907,0.019266880361266957
5-20C,2.0,308.0986,0.10447469310462568,0.11213431271430185
5-20C,2.0,313.0441,-0.03211755500692587,0.3799327583429011
5-20C,2.0,313.1037,-0.08695015886509766,0.2627013366983235
5-20C,2.0,317.026,-0.566333094178105,0.7204253915722781
5-20C,2.0,323.0256,1.0262471953316041,0.7959199477795488
5-20C,2.0,325.1163,-0.008763700088630422,0.4154030958794496
5-20C,2.0,328.0457,-0.702010654023463,0.10956914679368715
5-20C,2.0,333.0589,-1.1608334085775285,0.28616214920575517
5-20C,2.0,338.9884,-0.6061190589431023,1.1926662259518321
5-20C,2.0,339.0928,0.18379841008847267,0.3611554857271789
5-20C,2.0,341.1089,-0.4801257821645821,0.10434229007965175
5-20C,2.0,344.0393,-0.18713514848804963,0.17309705324912247
5-20C,2.0,346.0556,1.2920159448018582,0.5040150128120094
5-20C,2.0,348.087,-1.0826345764284535,0.12346736234983541
5-20C,2.0,353.0489,-1.151523652718922,0.1549305082726994
5-20C,2.0,357.089,-0.7980950708602004,0.1665123270514844
5-20C,2.0,375.131,-0.2261614310610989,0.30686657957246694
5-20C,2.0,377.1496,-0.39865191736189187,0.6224746958152839
5-20C,2.0,383.1188,-0.15818841201929895,0.3624363669867581
5-20C,2.0,388.9416,-0.2773773469854081,0.3155933277618498
5-20C,2.0,388.9442,-0.8430746600025808,0.32331010571435165
5-20C,2.0,401.0756,0.6925974339295251,0.15331851169243754
5-20C,2.0,407.2795,0.9811861298276692,0.661702338534755
5-20C,2.0,421.0743,-0.1584059378207523,0.5726719708629319
5-20C,2.0,426.0222,0.60388979530657,0.7176782666801564
5-20C,2.0,442.9997,0.1733298409257693,0.3079633544309901
5-20C,2.0,466.9657,1.392753711824557,0.5856627145391711
5-20C,2.0,490.9787,-0.6842739841535057,0.19980830296178975
5-20C,2.0,503.1614,-0.7259595755369025,0.4895853583041788
5-20C,2.0,547.0731,-1.3122203515724473,0.08254065557731896
5-20C,2.0,565.0471,-1.022152240051175,0.17902153739090607
5-20C,2.0,578.8872,0.5900211767337201,0.2155759506784035
5-20C,2.0,579.0269,0.03345971616665712,0.11159163296196596
5-20C,2.0,612.2549,-0.9023958746379201,0.2928598886899616
5-20C,2.0,624.2949,-0.5715754274787882,0.532033164573469
5-20C,2.0,659.307,1.72216654407939,0.5150537060343423
5-20C,2.0,664.0939,-0.4063871033387823,0.25218995418636947
5-20C,2.0,665.2144,-0.4425597450339685,0.19862743059776347
5-20C,2.0,668.1374,-0.6165541598399353,0.0003577455382562789
5-20C,2.0,787.255,2.6710518661560876,0.5297052729311276
5-20C,2.0,790.2568,1.8488013206069818,0.16795089906122138
5-20C,2.0,835.0407,-0.4809347187984152,0.04619404800659556
5-20C,2.0,863.2971,-0.581259848862665,0.06267047502589823
5-20C,2.0,864.1473,2.1330169414923943,0.7032015368526677
5-20C,2.0,974.2935,-0.2603876845714791,0.0632493198104848
5-20C,2.0,976.7162,1.6800292178735525,0.3777478799464409
5-20C,3.0,57.0342,-0.2572796594070149,0.3332748959065727
5-20C,3.0,58.0295,-0.9547917488045903,0.14044821714076772
5-20C,3.0,59.0135,-0.2345251564149668,0.16133157810596077
5-20C,3.0,71.0137,0.3008511523013584,0.10628556137780219
5-20C,3.0,73.0293,-0.9692433660972772,0.014620647571053538
5-20C,3.0,74.0247,-1.0048174855208045,0.20980574811264605
5-20C,3.0,75.0087,-0.5857506983549756,0.33513286498282296
5-20C,3.0,87.0088,-0.7074470275855473,0.006009702388168642
5-20C,3.0,87.0451,0.264352727214369,1.0230041086138593
5-20C,3.0,88.0403,-0.8769317104881524,0.014095422961664026
5-20C,3.0,88.9883,1.2722461164196952,0.5979001224347082
5-20C,3.0,89.0244,-0.7668269074476797,0.06659412764603743
5-20C,3.0,93.0338,-0.07859205279298877,0.019986185118319823
5-20C,3.0,94.9761,-0.8900929033654001,0.4248769139873592
5-20C,3.0,94.9806,0.37765771159559763,0.31961857107987596
5-20C,3.0,95.0139,0.33017878007590434,0.03393627915166674
5-20C,3.0,101.0242,-0.06792944220697386,0.15931097970471822
5-20C,3.0,102.056,-0.5889399247740573,0.07118471257431624
5-20C,3.0,103.0402,-0.9704494150407443,0.01001115464675446
5-20C,3.0,103.0509,-0.9587678900077344,0.10458489817483989
5-20C,3.0,104.0352,-0.18210529303734763,0.2856046693463399
5-20C,3.0,105.0193,-0.042104867753397224,0.6919930895560461
5-20C,3.0,107.0503,-0.7975370351253143,0.7268327277441687
5-20C,3.0,109.0295,-1.022532851474381,0.1750562145459688
5-20C,3.0,111.02,-0.5968946429798381,0.013746838617915107
5-20C,3.0,112.0516,-0.42659628995794907,0.545393231173801
5-20C,3.0,113.0244,0.34302332122072965,0.06960842906583573
5-20C,3.0,113.0357,-0.7774479616030672,0.04515227014867142
5-20C,3.0,114.056,-0.24139982741141713,0.0017984778088699109
5-20C,3.0,115.0037,-0.8346895364789683,0.03182697124518357
5-20C,3.0,115.0402,-1.1738914046673643,0.27313942775116706
5-20C,3.0,115.0764,-0.3977301549680101,0.6769185334362169
5-20C,3.0,116.0354,-1.2153021950914975,0.19686456682721143
5-20C,3.0,116.0717,-0.7434002818187229,0.013212081186128828
5-20C,3.0,117.0194,-0.9340807128688446,0.0036006455415722415
5-20C,3.0,118.0508,-1.157817722295158,0.14397767285674595
5-20C,3.0,118.9804,0.4680721505638473,0.1907738871837952
5-20C,3.0,119.0503,0.2041987846760835,0.16163769169248207
5-20C,3.0,120.9273,-0.05073609430857259,0.27045903906190355
5-20C,3.0,121.0295,0.1663086875798928,0.25859025728875384
5-20C,3.0,121.0409,0.23055740367870162,0.7265642515161331
5-20C,3.0,122.0248,-1.0790574432691575,0.37123406627145616
5-20C,3.0,124.0075,0.19476526120430857,0.3110482334504554
5-20C,3.0,124.0144,0.05443749073111842,0.18976227229336767
5-20C,3.0,125.0439,-0.6523206420075537,0.2649309195328414
5-20C,3.0,127.0764,0.3879686059351707,0.16197903280461703
5-20C,3.0,128.0354,-0.30735780358615095,0.015939426982755966
5-20C,3.0,129.0193,-1.141423226268468,0.05318485298764901
5-20C,3.0,129.0556,0.07765587746614391,0.577891707396179
5-20C,3.0,130.0142,-0.7948875351885791,0.20495005479080877
5-20C,3.0,130.0509,-0.9445733152320375,0.01299219958941297
5-20C,3.0,130.0874,-0.582981342924154,0.1166009625866722
5-20C,3.0,131.0008,0.3657913706887001,0.28996229777879495
5-20C,3.0,131.0123,-0.7926838239592238,0.03799439216181595
5-20C,3.0,131.035,0.15034347468553466,0.08871299659481022
5-20C,3.0,131.0462,0.6260882879254069,0.2670572771287957
5-20C,3.0,131.0828,0.36353145171692525,0.19101450740815637
5-20C,3.0,132.0302,-0.9280355682193328,0.010698613237791655
5-20C,3.0,133.0142,-0.42461464586401343,0.054717560852736415
5-20C,3.0,133.0257,-0.4384156171398639,0.059149456072167886
5-20C,3.0,133.0505,-1.1123230373225064,0.01598797397216698
5-20C,3.0,134.0472,0.3675864640345882,0.4982394164517815
5-20C,3.0,134.0604,-0.9867326149756594,0.3119854537716524
5-20C,3.0,135.0302,-0.17638414916374662,0.06268190713941087
5-20C,3.0,135.0453,-0.638174879848475,0.11772133753893503
5-20C,3.0,136.0404,-0.3936424332776859,0.038097380784414894
5-20C,3.0,136.0487,-0.48231348956841896,0.13752650590879723
5-20C,3.0,136.0767,-0.18956913095955585,0.6342020290186031
5-20C,3.0,137.0239,-0.16281463664728094,0.263080246027683
5-20C,3.0,138.9789,-1.2367675615711833,0.1435551153543026
5-20C,3.0,139.0014,-0.37802838153149276,0.043183810569783286
5-20C,3.0,139.0067,-0.7996027049593919,0.02473826998470125
5-20C,3.0,139.976,-1.1955673639731488,0.4216087663850773
5-20C,3.0,143.0713,0.5444746070767426,0.26306056705111625
5-20C,3.0,143.1077,-0.26565061298808884,0.2014571220358986
5-20C,3.0,145.0141,-0.34952060710400634,0.18846964427962765
5-20C,3.0,145.0506,-0.6182868622190325,0.17316056628499146
5-20C,3.0,145.0623,1.1003653541172396,0.3965283794926856
5-20C,3.0,145.0982,1.306543549181121,0.4669129311610448
5-20C,3.0,145.1106,1.3264291700755892,0.4760023566218001
5-20C,3.0,146.0459,-0.4698001780098636,0.004024756366469561
5-20C,3.0,147.0298,-0.9269244126692358,0.01176628933194103
5-20C,3.0,147.0662,-1.1232185213824408,0.034992858841176214
5-20C,3.0,149.0092,0.07332854320074783,0.2845292209706668
5-20C,3.0,149.0456,0.0926010387044138,0.23662925517839578
5-20C,3.0,149.0608,-0.25569070916835424,0.5910337782580813
5-20C,3.0,150.0422,-0.05619768778688228,0.4320914182263324
5-20C,3.0,150.9707,0.0030777145628938796,0.6364769364567443
5-20C,3.0,151.0259,-0.5442266832611826,0.07365376482044832
5-20C,3.0,151.04,-0.21170690867325895,0.5671622545749252
5-20C,3.0,151.06,-0.1482421665632203,0.603953943015621
5-20C,3.0,152.0353,-0.45854636293808376,0.45443790326493205
5-20C,3.0,152.0716,0.007241575814726302,0.3578023300222977
5-20C,3.0,153.0192,-0.3354135926753223,0.05640379029350722
5-20C,3.0,154.062,-0.1302187270752487,0.13351157359097468
5-20C,3.0,154.9751,-0.9853411016796474,0.009348762123337177
5-20C,3.0,155.0099,-0.5613666799665614,0.007328228816140706
5-20C,3.0,157.0128,-0.7801163422307101,0.06824844737856688
5-20C,3.0,157.0255,-0.8590431115913548,0.013785970654415667
5-20C,3.0,157.0379,-0.8176586154918678,0.05621719295925768
5-20C,3.0,157.0504,-1.0541645234726262,0.03230893412520046
5-20C,3.0,159.0297,0.34697049507482713,0.11161006894830663
5-20C,3.0,159.0775,-1.059595898075463,0.03500661197049173
5-20C,3.0,160.0616,-1.2789690658366326,0.28214229499517696
5-20C,3.0,161.0453,-0.4418459864675776,0.057681123709070733
5-20C,3.0,162.0424,-1.1409923852720194,0.3327654034897228
5-20C,3.0,163.0351,-1.0569347123803856,0.0999459091832558
5-20C,3.0,163.0398,0.13310956466093737,0.06477885877770967
5-20C,3.0,163.0611,0.7552712055624065,0.6378125372717324
5-20C,3.0,164.0716,-0.13039880706069856,0.02333144102169315
5-20C,3.0,165.03,0.7123098891548507,0.5175499481236069
5-20C,3.0,165.0405,0.484006206666265,0.18039622476713052
5-20C,3.0,165.0556,-0.8409291481845913,0.20498181959848627
5-20C,3.0,166.0508,-1.1519410132761059,0.3731303455858557
5-20C,3.0,166.0632,-1.0735399140807764,0.6596473275038665
5-20C,3.0,166.9759,-1.0787259809309673,0.15495521191143458
5-20C,3.0,167.0207,-0.6647622027291292,0.3689969006660095
5-20C,3.0,167.0358,-0.6812638877325174,0.39212543604574757
5-20C,3.0,167.0828,0.11540001360660715,0.6202232480460613
5-20C,3.0,168.0277,-0.4244500956666265,0.04572991298546942
5-20C,3.0,168.0664,-0.39117924845902974,0.27612211873901277
5-20C,3.0,170.0455,-0.8423555397743789,0.014627221128095735
5-20C,3.0,171.0065,-0.8556528353736799,0.08353918243375266
5-20C,3.0,171.0092,-0.8646859130183367,0.0475485479693163
5-20C,3.0,171.0284,-0.8989657187434992,0.0357104095320392
5-20C,3.0,172.0616,-1.3966834700793092,0.10975523386103661
5-20C,3.0,172.962,-0.5875733281965491,0.05255170144490429
5-20C,3.0,173.0089,-0.9977002162804696,0.0990869320945127
5-20C,3.0,173.0453,-0.49913639518633635,0.12574710939954517
5-20C,3.0,173.0932,-0.7089033418274873,0.05387812250991998
5-20C,3.0,173.1041,1.051714328078266,0.2997590991298412
5-20C,3.0,174.0407,-0.8913307968533986,0.00983052681154169
5-20C,3.0,174.088,-0.5552831740729655,0.1461335361543275
5-20C,3.0,175.022,-0.8742764262687872,0.19354734442933938
5-20C,3.0,175.0361,-0.9594250636214727,0.019008465585682383
5-20C,3.0,175.0611,-1.1095657435059025,0.014522676715019712
5-20C,3.0,176.0776,-0.9993072793140656,0.17079303832303938
5-20C,3.0,177.0402,0.24396500155175851,0.31823199887495734
5-20C,3.0,177.0553,-0.03933000071057467,0.5684148102873339
5-20C,3.0,178.0509,-0.9862511939209919,0.009146639862834134
5-20C,3.0,179.0348,-1.0668348216616415,0.1058193989123418
5-20C,3.0,179.0561,0.456918790991419,0.12921480863065854
5-20C,3.0,180.0663,0.5116662402622157,0.13926444526552892
5-20C,3.0,181.0505,-1.0711681534485085,0.13622125037584654
5-20C,3.0,182.9725,0.49704994931704116,0.134558013348576
5-20C,3.0,183.0661,0.7178416533992448,0.4099833464544626
5-20C,3.0,184.0017,-0.4223451520439328,0.04131895074389634
5-20C,3.0,184.9856,-0.5206672184960152,0.07630666044113733
5-20C,3.0,186.1136,1.0813351933121802,0.8196915652936763
5-20C,3.0,187.0234,-0.9805334706034401,0.24026764254459282
5-20C,3.0,188.035,-0.8350852629381871,0.5962487219493517
5-20C,3.0,188.0565,-1.0330483808766933,0.006740786139625087
5-20C,3.0,189.0405,1.6116140253823108,0.3404127586046435
5-20C,3.0,191.0197,-0.928610428054735,0.07813761556743892
5-20C,3.0,191.0561,-1.0051608473565887,0.034493253014271315
5-20C,3.0,192.0663,0.31098569533496745,0.6438188152462692
5-20C,3.0,193.0349,0.685753801093783,0.250022539027386
5-20C,3.0,194.0682,-0.791599813383829,0.171284015939431
5-20C,3.0,194.0822,-0.07189533522647633,0.40810991688912407
5-20C,3.0,195.0509,1.1586490199084811,0.185923498499198
5-20C,3.0,195.0657,0.07157532141288867,0.4286603894981381
5-20C,3.0,196.0603,-1.0692103678346205,0.0904449094980458
5-20C,3.0,198.0182,-0.696055177406138,0.3580113014832472
5-20C,3.0,199.0019,-0.24367766168870084,0.533449501513752
5-20C,3.0,200.9937,-0.40739149816773823,0.21358202553294195
5-20C,3.0,201.0051,-0.2768803505233222,0.6248833582417384
5-20C,3.0,203.0348,-0.6374804187082826,0.1982424333520749
5-20C,3.0,203.0826,-0.09198541141014199,0.007241550031925777
5-20C,3.0,204.0498,0.15582381446647944,0.9341976184697918
5-20C,3.0,205.0351,-1.0307417646473773,0.12196313481445444
5-20C,3.0,206.0822,-0.8737122353313095,0.7077915875924261
5-20C,3.0,209.0292,-0.5904478907223356,0.28473860410510476
5-20C,3.0,209.0814,0.6419774658469726,0.07625037981999368
5-20C,3.0,211.0235,-0.3108586172435315,0.2451195049400555
5-20C,3.0,211.9968,-0.9650623638481103,0.05102812539528391
5-20C,3.0,212.0331,-0.5102793860798348,0.12613625149152594
5-20C,3.0,212.9807,-0.7291889901259856,0.05129120694200218
5-20C,3.0,213.014,-0.785114266815277,0.20769603271060028
5-20C,3.0,213.0384,-0.6358964324404167,0.2507224559925
5-20C,3.0,213.1252,0.8574125395844128,0.6108167937242555
5-20C,3.0,214.0488,-0.39220424049829283,0.6612415369838865
5-20C,3.0,215.0331,0.33406209749149884,0.09919831989928925
5-20C,3.0,216.1351,0.4816821954206272,0.16849621697340955
5-20C,3.0,218.0335,0.42445047405812475,0.1182452889454039
5-20C,3.0,218.1034,-1.094622766193533,0.024055767956896342
5-20C,3.0,220.0828,-0.11115958695894887,0.327313932456779
5-20C,3.0,221.0443,0.2863301310241105,0.18206336669468154
5-20C,3.0,221.0664,-1.1221655255738547,0.4424007275177298
5-20C,3.0,225.0399,-0.8366857856429406,0.4829457394514317
5-20C,3.0,225.0861,-0.6252738118623611,0.9085668909083163
5-20C,3.0,225.0901,-0.20236200851823538,1.3291978344003137
5-20C,3.0,226.0135,-0.9451456788184218,0.299033029288219
5-20C,3.0,226.0697,-0.010622861127030167,0.08791322427581723
5-20C,3.0,228.0501,-0.20476253665781996,0.7608144062769197
5-20C,3.0,229.0122,-0.6437587657282928,0.15081145933390944
5-20C,3.0,237.0614,-1.1738278376929898,0.045284855730917596
5-20C,3.0,238.0945,1.1495192826669671,0.12053306833130446
5-20C,3.0,240.0515,-1.1089471186813595,0.035146050659470296
5-20C,3.0,241.0844,-1.044771576777914,1.0754351864712022
5-20C,3.0,242.0804,2.0144892514934245,0.2506741663495236
5-20C,3.0,243.029,-0.9264220437143644,0.2442324200712958
5-20C,3.0,243.0625,-0.4733092858616509,0.2436176912391029
5-20C,3.0,245.0444,-0.5733076759838702,0.21918824007483975
5-20C,3.0,246.0198,-1.0815390452148488,0.3812906818994137
5-20C,3.0,246.064,0.3260655399886129,0.27706333661950855
5-20C,3.0,251.0816,-0.03214633179242254,0.6193119127228813
5-20C,3.0,253.0119,-0.32377888909059094,0.01267245069445276
5-20C,3.0,253.0499,1.0834016466047447,0.39120338442270663
5-20C,3.0,257.0072,-0.9975929585099428,0.46604254337384987
5-20C,3.0,257.1028,1.6574148929605572,0.16428185681970467
5-20C,3.0,259.005,-1.1923902836304445,0.2729808347463681
5-20C,3.0,259.0227,0.376496584694647,0.14605148617801203
5-20C,3.0,261.0385,-0.4459042753394922,0.22328075550174767
5-20C,3.0,266.0703,-0.7726479633005574,0.09280667114885872
5-20C,3.0,267.0724,-0.6516893312227093,0.01886747061693097
5-20C,3.0,268.02,-0.41435271173093696,0.5351751734126483
5-20C,3.0,269.0398,-0.6025785512701123,0.125154182145037
5-20C,3.0,271.0612,0.9198269142533184,0.42286303758378946
5-20C,3.0,271.0815,0.5543431577973736,0.968836856752383
5-20C,3.0,273.0021,-0.8678039101761362,0.14120753907635952
5-20C,3.0,274.0933,-0.957119733069204,0.1811752083672104
5-20C,3.0,275.0184,-1.1671388582665618,0.6016900155185873
5-20C,3.0,275.0991,-0.5868632372650548,0.08908276841754918
5-20C,3.0,277.1207,0.9061130114763151,0.1547781566219196
5-20C,3.0,277.2169,-0.49620287130126306,0.27772201677690234
5-20C,3.0,279.2331,-0.2838176250633445,0.02744791427491303
5-20C,3.0,282.0839,1.6344158262308772,0.5411025593867919
5-20C,3.0,283.2063,-0.08085038447034743,0.22766899280629954
5-20C,3.0,285.0972,1.3457687175669013,0.7041085827583409
5-20C,3.0,287.0157,0.24176218179865522,0.41878285302896046
5-20C,3.0,288.0725,-0.5738250333764479,0.1151874529094103
5-20C,3.0,289.0333,-0.5712890848527816,0.7882228630849795
5-20C,3.0,289.1044,-0.3983943906211349,0.19673973252363056
5-20C,3.0,290.9677,-0.5032190041194847,0.11884098380530599
5-20C,3.0,294.0479,0.47227760997083634,0.3864062367839501
5-20C,3.0,300.0509,0.8441144134183505,0.2412947397110474
5-20C,3.0,301.0333,-0.9737981713795054,0.5448455486148975
5-20C,3.0,303.2326,-0.6826226503086097,0.16034230164116497
5-20C,3.0,305.0207,0.547351541937352,0.07742830220240234
5-20C,3.0,306.0481,-1.0378092930118197,0.06970010349548768
5-20C,3.0,306.0765,-0.2773934049365217,0.017771783222265625
5-20C,3.0,308.0986,-0.035688892749992915,0.06940843747636469
5-20C,3.0,313.0441,-0.3005793642601006,0.14789663172017367
5-20C,3.0,313.1037,-0.35753422019041836,0.35017016666234235
5-20C,3.0,317.026,-0.04903518233990217,0.2610628657290584
5-20C,3.0,323.0256,0.8523226643674437,0.2259194351527264
5-20C,3.0,325.1163,0.12157780378920707,0.3572727702330496
5-20C,3.0,328.0457,-0.5278003137259464,0.06313015982002435
5-20C,3.0,333.0589,-0.7198692978701318,0.22142954374560656
5-20C,3.0,338.9884,-0.8617581721398253,0.10107741029755785
5-20C,3.0,339.0928,0.5255657037065442,1.323097189836653
5-20C,3.0,341.1089,-0.3127021291450818,0.11465875077157549
5-20C,3.0,344.0393,-0.06353030870827132,0.1452777859394443
5-20C,3.0,346.0556,1.926560790684543,0.2629727363452918
5-20C,3.0,348.087,-1.1233163695909616,0.09795887331195954
5-20C,3.0,353.0489,1.141888646936585,0.442499283733336
5-20C,3.0,357.089,-0.4686026233124754,0.0672895031846413
5-20C,3.0,375.131,-0.15272171734211676,0.6813187209537835
5-20C,3.0,377.1496,0.6701911682106338,0.9000365677790816
5-20C,3.0,383.1188,-0.6552163613608587,0.23478018654830873
5-20C,3.0,388.9416,-0.5945559195873849,0.25193062716718473
5-20C,3.0,388.9442,-0.9244216350934407,0.2847379681377712
5-20C,3.0,401.0756,0.7019808955920432,0.059909051737795434
5-20C,3.0,407.2795,2.0993867955098096,0.2040750877952679
5-20C,3.0,421.0743,0.07017045562300214,0.4464929558211003
5-20C,3.0,426.0222,0.5970199167784931,0.6492469357915178
5-20C,3.0,442.9997,-0.0188679327919026,0.10824357099600576
5-20C,3.0,466.9657,0.30822858056801916,0.22733194323389375
5-20C,3.0,490.9787,0.15327203660925057,0.652469283624552
5-20C,3.0,503.1614,-0.8928502574141587,0.28800346923142334
5-20C,3.0,547.0731,-1.3540340871573533,0.09169645031622473
5-20C,3.0,565.0471,-0.9201618638947057,0.21599541593037258
5-20C,3.0,578.8872,0.6488967794939902,0.18734415237158442
5-20C,3.0,579.0269,0.4565625267958563,0.1259750330132815
5-20C,3.0,612.2549,-0.9751722106357928,0.33758910225542677
5-20C,3.0,624.2949,-0.5670715391206838,0.49043003733287166
5-20C,3.0,659.307,0.2892393907975948,0.25600738153835384
5-20C,3.0,664.0939,-0.45661139245210747,0.11143304877182715
5-20C,3.0,665.2144,-1.0603254677424006,0.28885426683906557
5-20C,3.0,668.1374,-0.6152507096981473,0.0002802352886746783
5-20C,3.0,787.255,0.3287111827096964,0.540228884868618
5-20C,3.0,790.2568,0.15991512022685583,0.2979906139157413
5-20C,3.0,835.0407,-0.7643910957986998,0.17359703585754857
5-20C,3.0,863.2971,-0.6709565165988451,0.10381553825101869
5-20C,3.0,864.1473,-0.3425356964369527,0.25598469564941956
5-20C,3.0,974.2935,-0.6586106094529156,0.2697334477439591
5-20C,3.0,976.7162,0.6764655385386471,0.22852158273819062
5-20C,4.0,57.0342,1.2469403315983203,0.9083316063725122
5-20C,4.0,58.0295,-0.801892761258898,0.2056091638119784
5-20C,4.0,59.0135,0.7867654483993858,0.3415130456903128
5-20C,4.0,71.0137,0.9787371227812351,0.27819545903523674
5-20C,4.0,73.0293,-0.9277354824887087,0.03362625498245431
5-20C,4.0,74.0247,-0.9717293447344446,0.5090938445268092
5-20C,4.0,75.0087,0.5032826925930143,0.9034480719147122
5-20C,4.0,87.0088,-0.6565145855974526,0.022207832042863442
5-20C,4.0,87.0451,1.8776274851147678,0.4098932024634906
5-20C,4.0,88.0403,-0.833562834917658,0.019632096356619517
5-20C,4.0,88.9883,-0.8341651971263055,0.78383982043307
5-20C,4.0,89.0244,-0.1198432510884295,0.13683709411039677
5-20C,4.0,93.0338,-0.07817351975496627,0.025709862269949767
5-20C,4.0,94.9761,-0.9862028204156421,0.5184961943576171
5-20C,4.0,94.9806,0.9613119490268944,0.5479667531356431
5-20C,4.0,95.0139,1.1360980419974975,0.2023810065991915
5-20C,4.0,101.0242,0.9399167493218302,0.35575570683305724
5-20C,4.0,102.056,-0.6202565068719261,0.07991840797111326
5-20C,4.0,103.0402,-0.9145935258753897,0.05468066120873447
5-20C,4.0,103.0509,-0.9313545844841129,0.06564231049152716
5-20C,4.0,104.0352,-0.45915168218713653,0.01714979576910948
5-20C,4.0,105.0193,1.6881079602017834,1.1298624282528071
5-20C,4.0,107.0503,0.01092366811362444,1.0307001350841432
5-20C,4.0,109.0295,-0.6019954121115205,0.20418866518679926
5-20C,4.0,111.02,0.18341541199560274,0.047700722949765045
5-20C,4.0,112.0516,0.08678145430650594,0.3496110932987323
5-20C,4.0,113.0244,1.0748030499548396,0.16686972203235897
5-20C,4.0,113.0357,-0.13057969194257024,0.05564121441031052
5-20C,4.0,114.056,-0.23496926829861903,0.005228326131232595
5-20C,4.0,115.0037,-0.8069660760097226,0.04375191780089132
5-20C,4.0,115.0402,0.11580381824948502,0.7781711823630271
5-20C,4.0,115.0764,0.3209479082978034,0.46349281635425676
5-20C,4.0,116.0354,-0.9717464819784927,0.2529132767284001
5-20C,4.0,116.0717,-0.8010598844951355,0.008894969080215708
5-20C,4.0,117.0194,-0.9175889569996738,0.013400908782867135
5-20C,4.0,118.0508,-1.435149516046231,0.1261701662847943
5-20C,4.0,118.9804,0.7590232600985656,0.3109047504787459
5-20C,4.0,119.0503,1.1582811343902686,0.2847472588584956
5-20C,4.0,120.9273,-0.1365799524785897,0.4612738096717277
5-20C,4.0,121.0295,-0.10214752218056646,0.615339508240711
5-20C,4.0,121.0409,0.34409671027722266,0.7507861487429963
5-20C,4.0,122.0248,2.505706972119233,0.7025196663214794
5-20C,4.0,124.0075,0.24206353684384202,0.34271226640562447
5-20C,4.0,124.0144,2.2950771289636913,0.4602098682684262
5-20C,4.0,125.0439,3.2156833550061323,0.6504296299389045
5-20C,4.0,127.0764,0.2402336150392561,0.5862924328873488
5-20C,4.0,128.0354,-0.3527944348841048,0.015647879195527143
5-20C,4.0,129.0193,-0.9071790305281613,0.12410225872018994
5-20C,4.0,129.0556,0.06929222969795357,0.6187213458348488
5-20C,4.0,130.0142,-0.8000447367854882,0.1957059556831864
5-20C,4.0,130.0509,-0.91297277194868,0.010340299272701461
5-20C,4.0,130.0874,-1.0008568634741482,0.044265100798228166
5-20C,4.0,131.0008,0.8805582733093318,1.2448325067752841
5-20C,4.0,131.0123,-0.795561650547989,0.02794106222358844
5-20C,4.0,131.035,2.369016263431644,0.4024188042633337
5-20C,4.0,131.0462,1.806971589719827,0.21755681607979302
5-20C,4.0,131.0828,-0.1616275151459542,0.182321309056102
5-20C,4.0,132.0302,-0.7140116391566222,0.006933458467502348
5-20C,4.0,133.0142,-0.46127628491890066,0.007316219675241385
5-20C,4.0,133.0257,-0.49646644081415675,0.13429850971060206
5-20C,4.0,133.0505,-0.9104043354408895,0.04512517389154485
5-20C,4.0,134.0472,-0.5987353095483356,0.1087722103756993
5-20C,4.0,134.0604,-0.6418376591291872,0.09694526115961663
5-20C,4.0,135.0302,-0.7352647607816103,0.19248532813676855
5-20C,4.0,135.0453,0.43431133109398457,0.22561898873482125
5-20C,4.0,136.0404,-0.11511921168738024,0.1410101410841934
5-20C,4.0,136.0487,0.10742410677057958,0.2818482247151201
5-20C,4.0,136.0767,-0.7112287495025551,0.6236557723233332
5-20C,4.0,137.0239,-0.11099864732645692,0.3168793317007261
5-20C,4.0,138.9789,0.20746799461509294,0.2841976459069961
5-20C,4.0,139.0014,-0.2614767595442768,0.0646792154184275
5-20C,4.0,139.0067,-0.7136003251857069,0.02406204701672124
5-20C,4.0,139.976,-0.5492869264900277,0.2124134891904846
5-20C,4.0,143.0713,0.044519468797072984,0.5647154068730873
5-20C,4.0,143.1077,1.1430945343626768,0.34623218746939843
5-20C,4.0,145.0141,-0.3323631913984484,0.09698993081705347
5-20C,4.0,145.0506,-0.7403123664679732,0.11046617003736828
5-20C,4.0,145.0623,-0.3679958944048315,0.3324248447729127
5-20C,4.0,145.0982,0.1547385490169125,0.2611561707702686
5-20C,4.0,145.1106,1.5556103347197887,1.507311509174272
5-20C,4.0,146.0459,-0.4935727648278513,0.0069541601065094966
5-20C,4.0,147.0298,-0.9090722080872521,0.01582165311703619
5-20C,4.0,147.0662,-0.8714041654803968,0.05878168280248311
5-20C,4.0,149.0092,0.03428312702256675,0.22534323141294557
5-20C,4.0,149.0456,1.1335733837498498,0.23213793074776357
5-20C,4.0,149.0608,0.4103529980091939,0.25066082074359197
5-20C,4.0,150.0422,-0.03894094013436798,0.6490359469167499
5-20C,4.0,150.9707,-0.8940219127443387,0.26821178084933167
5-20C,4.0,151.0259,-0.5271537310149468,0.07089424278577824
5-20C,4.0,151.04,2.1967990688147307,0.4966550720501615
5-20C,4.0,151.06,0.2607794418487383,0.5725251277065609
5-20C,4.0,152.0353,-0.4014486516294646,0.5462191107039192
5-20C,4.0,152.0716,1.0913503394699458,0.7468222651371227
5-20C,4.0,153.0192,-0.021679829461824743,0.03165851657059633
5-20C,4.0,154.062,-0.23422543068496815,0.17229097193999984
5-20C,4.0,154.9751,-0.9622463803385124,0.00560729055567043
5-20C,4.0,155.0099,0.1728195257023849,0.01970912682909066
5-20C,4.0,157.0128,-0.5069437695575219,0.086842646485879
5-20C,4.0,157.0255,-0.41335703843735955,0.028606965125354225
5-20C,4.0,157.0379,-0.3475226613428067,0.07960319876766768
5-20C,4.0,157.0504,-0.9813261603974603,0.02117928486166735
5-20C,4.0,159.0297,1.8967538839664488,0.19792797271000778
5-20C,4.0,159.0775,-1.0144675909580825,0.024059847299377126
5-20C,4.0,160.0616,0.09566270300074874,0.30208795214208245
5-20C,4.0,161.0453,2.1766069469479796,0.1562784562763484
5-20C,4.0,162.0424,-0.8643150361709433,0.4919000634090507
5-20C,4.0,163.0351,-1.028143318580999,0.12905431529535233
5-20C,4.0,163.0398,0.3821871114631885,0.1041099714675763
5-20C,4.0,163.0611,-0.05591927891321153,0.2789090078360734
5-20C,4.0,164.0716,-0.3737539909337961,0.025915182676525234
5-20C,4.0,165.03,0.14460597834824268,0.17455090925547245
5-20C,4.0,165.0405,-0.3058589271228981,0.6567606183285756
5-20C,4.0,165.0556,-0.5161030482583564,0.22774110493982902
5-20C,4.0,166.0508,0.03616547667458981,0.138464043281849
5-20C,4.0,166.0632,-0.7210198252001848,0.37053049925385523
5-20C,4.0,166.9759,-0.6396566217413705,0.3399409816595833
5-20C,4.0,167.0207,-0.111962054325915,0.28503444740794115
5-20C,4.0,167.0358,0.5583754162574204,0.4875717669709196
5-20C,4.0,167.0828,2.2058881497036005,0.7621164293472784
5-20C,4.0,168.0277,-0.4591536214271567,0.02408116460133189
5-20C,4.0,168.0664,1.5111282164589666,0.8575041297702092
5-20C,4.0,170.0455,-0.83392922975387,0.019053932440250894
5-20C,4.0,171.0065,-0.7415284177848638,0.0680610173999353
5-20C,4.0,171.0092,-0.7189900426394058,0.15603223979160472
5-20C,4.0,171.0284,-0.9267912406962739,0.06030519991043911
5-20C,4.0,172.0616,-0.8483984079237407,0.10508045223901265
5-20C,4.0,172.962,-0.6300278885866699,0.09185197145968041
5-20C,4.0,173.0089,-0.8598890308584028,0.1343456341839972
5-20C,4.0,173.0453,-1.1612530374447299,0.06985994186669106
5-20C,4.0,173.0932,-0.8536699277440181,0.021861027896550495
5-20C,4.0,173.1041,-0.1702719562406143,0.0628795643956945
5-20C,4.0,174.0407,-0.8482472949711455,0.007622947221259277
5-20C,4.0,174.088,-0.7223447246060843,0.1348292836057178
5-20C,4.0,175.022,-1.001141949973058,0.15810591829669307
5-20C,4.0,175.0361,-0.7319822008304617,0.016405482909049876
5-20C,4.0,175.0611,-1.0655334170828434,0.011550912714291211
5-20C,4.0,176.0776,-0.7895035566851032,0.1628697855030346
5-20C,4.0,177.0402,1.113703301543609,0.26015878428062233
5-20C,4.0,177.0553,2.04462381347519,0.6077518476053831
5-20C,4.0,178.0509,-0.8138104855431034,0.04081831287107431
5-20C,4.0,179.0348,0.41891968932658974,0.16351148309114666
5-20C,4.0,179.0561,1.5421436735957572,0.08271022756387587
5-20C,4.0,180.0663,1.5350494634242047,0.14650647583624465
5-20C,4.0,181.0505,-0.633563525431781,0.1539152282224149
5-20C,4.0,182.9725,0.47357935553458586,0.20350118909309928
5-20C,4.0,183.0661,1.2070281283473059,0.25454888810490767
5-20C,4.0,184.0017,-0.5322871045413629,0.027497440191444893
5-20C,4.0,184.9856,-0.34658321044406104,0.043561175374872266
5-20C,4.0,186.1136,-0.5475162649082698,0.7633017365065387
5-20C,4.0,187.0234,-1.3369233861539378,0.23682299817546665
5-20C,4.0,188.035,0.20755560049722588,0.24420794830659528
5-20C,4.0,188.0565,-1.0004914904276587,0.004321174710174032
5-20C,4.0,189.0405,-0.9063739222480501,0.09313548631222397
5-20C,4.0,191.0197,-0.9197529296599138,0.3333680030944295
5-20C,4.0,191.0561,-1.0870295560899228,0.044987827303338064
5-20C,4.0,192.0663,2.124761466432089,0.5733723452808689
5-20C,4.0,193.0349,-0.09231743513507573,0.6857406165960752
5-20C,4.0,194.0682,-0.6970486023497844,0.22372265056405177
5-20C,4.0,194.0822,2.263392544543766,0.819780069296771
5-20C,4.0,195.0509,0.6788605404414838,0.08313461543854049
5-20C,4.0,195.0657,0.9418845411299785,0.12771304188649635
5-20C,4.0,196.0603,-0.9003589153246216,0.13765775851681858
5-20C,4.0,198.0182,-0.924328867537848,0.4213070101368662
5-20C,4.0,199.0019,-0.5344260189306739,0.6404932701045615
5-20C,4.0,200.9937,0.8529391804271822,0.3825620789067829
5-20C,4.0,201.0051,-0.008188098230776403,0.4227372612393895
5-20C,4.0,203.0348,0.41550611339057875,0.3689088538820615
5-20C,4.0,203.0826,-0.058313640821924626,0.05426961413503277
5-20C,4.0,204.0498,0.3373692438289374,0.22973839026191137
5-20C,4.0,205.0351,-1.1359381966883626,0.12055953877766251
5-20C,4.0,206.0822,2.3050260550962065,0.7036346797230416
5-20C,4.0,209.0292,-0.5237951882892828,0.2372233507797407
5-20C,4.0,209.0814,-0.12152533075609463,0.3728528999926926
5-20C,4.0,211.0235,-0.977985840892704,0.6544485622604175
5-20C,4.0,211.9968,-0.8874612932199313,0.06885729333424924
5-20C,4.0,212.0331,-0.35868130134678156,0.22002485442164735
5-20C,4.0,212.9807,-0.6000286147490848,0.062093093536931834
5-20C,4.0,213.014,-0.6831016586478817,0.09825679637653678
5-20C,4.0,213.0384,-0.5251359341297157,0.32178179747934327
5-20C,4.0,213.1252,0.19024082298312092,0.956111383677371
5-20C,4.0,214.0488,0.8801675551216919,0.8486435490516593
5-20C,4.0,215.0331,1.203910744328734,0.04285041456200322
5-20C,4.0,216.1351,0.3241765738532824,0.12411202518974397
5-20C,4.0,218.0335,1.0685015913232703,0.02787117886494528
5-20C,4.0,218.1034,-1.0848206222361045,0.02311607328949259
5-20C,4.0,220.0828,0.7039421926668996,1.00598326654058
5-20C,4.0,221.0443,0.7863150291483798,0.2029098372654937
5-20C,4.0,221.0664,1.3483175610219962,0.4146446758464207
5-20C,4.0,225.0399,0.269550326551657,0.9161309513918909
5-20C,4.0,225.0861,-0.18576439731336092,0.38319720061185747
5-20C,4.0,225.0901,0.08675739146394439,0.31265143315292765
5-20C,4.0,226.0135,-0.7360201166728748,0.2960177304859602
5-20C,4.0,226.0697,0.037835025920041704,0.40630884864959954
5-20C,4.0,228.0501,-0.7922383602665222,0.5570286606571021
5-20C,4.0,229.0122,-0.28340586116317534,0.0668602059243369
5-20C,4.0,237.0614,-1.1286110207665323,0.04152946960780949
5-20C,4.0,238.0945,-0.33358438450856115,0.2841975412825481
5-20C,4.0,240.0515,-1.0475851012230915,0.010279151540450546
5-20C,4.0,241.0844,-0.25226547444214675,0.5135021909726714
5-20C,4.0,242.0804,-0.20861664406915187,0.5206316720637334
5-20C,4.0,243.029,0.05904534940752005,0.3210167080396108
5-20C,4.0,243.0625,-0.287580383087766,0.5516900704661934
5-20C,4.0,245.0444,0.8731236041102459,0.25807015712563786
5-20C,4.0,246.0198,-0.4476869189062257,0.3351581331978092
5-20C,4.0,246.064,0.04134798265733802,1.1015988888612032
5-20C,4.0,251.0816,0.1524714173696447,0.6140292859789008
5-20C,4.0,253.0119,-0.2958737818098933,0.021779849170451202
5-20C,4.0,253.0499,1.0274153343408479,0.6158410988326677
5-20C,4.0,257.0072,-0.05339766395230924,0.636912224065808
5-20C,4.0,257.1028,-0.23451734075752545,0.724480198159754
5-20C,4.0,259.005,-0.3287882247680858,0.15844547316966787
5-20C,4.0,259.0227,1.6429173620206883,0.45310386556195126
5-20C,4.0,261.0385,-0.1109958257200028,0.19601543785270487
5-20C,4.0,266.0703,-0.2610999436304854,0.1300722622948714
5-20C,4.0,267.0724,-0.6396237820210061,0.02299735392646282
5-20C,4.0,268.02,-0.8811248311178648,0.8076822748386003
5-20C,4.0,269.0398,-0.5748043162832253,0.24408732621627457
5-20C,4.0,271.0612,2.2125472365521586,0.3002835524971235
5-20C,4.0,271.0815,0.29207378472366896,0.5670172442639878
5-20C,4.0,273.0021,-0.9139713031562284,0.027201353450239177
5-20C,4.0,274.0933,-0.8431391531810644,0.11374575264536972
5-20C,4.0,275.0184,-0.7596948438119581,0.6477741242192941
5-20C,4.0,275.0991,-0.58783285131244,0.2202717568839954
5-20C,4.0,277.1207,1.6890622338207568,0.19105889048606267
5-20C,4.0,277.2169,0.38126694034190045,0.17578112910855703
5-20C,4.0,279.2331,-0.19702623354873738,0.020415877890555996
5-20C,4.0,282.0839,0.0838412096700801,0.5914513696836567
5-20C,4.0,283.2063,-0.25090315614296543,0.1505972917546067
5-20C,4.0,285.0972,-0.8123439581180415,0.13405247330460798
5-20C,4.0,287.0157,0.34884995647570716,0.6209644661283792
5-20C,4.0,288.0725,-0.7124684103711139,0.07521858777552191
5-20C,4.0,289.0333,-0.6647909007954288,0.3946544914346459
5-20C,4.0,289.1044,-1.244522311178823,0.16804369186131163
5-20C,4.0,290.9677,-0.4042981825901806,0.12170903626986859
5-20C,4.0,294.0479,0.5217772738907849,0.9345893528097767
5-20C,4.0,300.0509,0.09740112206059597,0.40684485251947167
5-20C,4.0,301.0333,-0.8187734406950653,0.46038054844424314
5-20C,4.0,303.2326,0.1070341295174454,0.14115151160813993
5-20C,4.0,305.0207,0.899718447438464,0.4215947389124181
5-20C,4.0,306.0481,-0.8944572690309168,0.16823489817661189
5-20C,4.0,306.0765,-0.27538493185621205,0.016776875245657647
5-20C,4.0,308.0986,-0.26617653853393997,0.02781258342701783
5-20C,4.0,313.0441,-0.25248593853827517,0.21748489396597587
5-20C,4.0,313.1037,-0.5114351918735933,0.22972172530449925
5-20C,4.0,317.026,-0.6168660521468754,0.5981860619031922
5-20C,4.0,323.0256,1.0098833281709978,0.5231633968157113
5-20C,4.0,325.1163,0.6072274641454202,0.34701127472156373
5-20C,4.0,328.0457,-0.6288264014783875,0.1668264209861842
5-20C,4.0,333.0589,-1.1455692662838108,0.19003877337322408
5-20C,4.0,338.9884,-0.43962892055632186,0.1312884675835379
5-20C,4.0,339.0928,0.25354683735746686,0.6137983377500148
5-20C,4.0,341.1089,0.4542520775691229,0.14263067285312156
5-20C,4.0,344.0393,-0.22778740690451005,0.1611508501657588
5-20C,4.0,346.0556,1.2318883187129264,0.13697778626120558
5-20C,4.0,348.087,-0.7942724543059696,0.18662979780313546
5-20C,4.0,353.0489,-0.27784277665968127,0.6557197509027533
5-20C,4.0,357.089,-0.8782735172439275,0.28428230053090947
5-20C,4.0,375.131,-0.967637094874437,0.21200896259961474
5-20C,4.0,377.1496,-0.3707249008742487,0.40021655821745195
5-20C,4.0,383.1188,1.3825982309395364,0.30723213877232397
5-20C,4.0,388.9416,-0.055725497425909085,0.34302080703679916
5-20C,4.0,388.9442,-0.6475433987750092,0.38951463181626556
5-20C,4.0,401.0756,0.8844674029241545,0.13673997421367282
5-20C,4.0,407.2795,0.5122632700254813,0.5871822412736013
5-20C,4.0,421.0743,-0.10929034914688773,0.3970875787018248
5-20C,4.0,426.0222,0.6760235198513789,0.25593648562060195
5-20C,4.0,442.9997,0.31159749306296014,0.2569586469437478
5-20C,4.0,466.9657,1.282615408339437,0.27931044427588736
5-20C,4.0,490.9787,-0.9387345309195951,0.4684079091726896
5-20C,4.0,503.1614,1.4118683862510646,0.43862481176599155
5-20C,4.0,547.0731,-1.196520696118872,0.12230446596414911
5-20C,4.0,565.0471,-0.3162331365110407,0.20355361065852862
5-20C,4.0,578.8872,1.1609959820262725,0.08483605543618478
5-20C,4.0,579.0269,0.38105552765820216,0.038526056183469694
5-20C,4.0,612.2549,-0.2063753846157126,0.7751463898198968
5-20C,4.0,624.2949,-0.3095992546490446,0.4479291683835086
5-20C,4.0,659.307,1.7543315228599807,0.34487483676382336
5-20C,4.0,664.0939,-0.3762525298707872,0.2660705684375304
5-20C,4.0,665.2144,0.35679873737420126,0.7179950585664625
5-20C,4.0,668.1374,-0.6155876992469997,0.0004341240433506131
5-20C,4.0,787.255,2.039507795072036,0.7621416901895459
5-20C,4.0,790.2568,1.2468732369533384,0.28367329037343475
5-20C,4.0,835.0407,-0.49671252097309515,0.14728282439771004
5-20C,4.0,863.2971,-0.3677744872385452,0.1687657455467636
5-20C,4.0,864.1473,1.6387189585360424,0.6932501773277668
5-20C,4.0,974.2935,0.1928574060966844,0.2001592779474462
5-20C,4.0,976.7162,2.0082597571275778,0.2524064220945846
5-20C,5.0,57.0342,1.468182208810974,0.5807533461316065
5-20C,5.0,58.0295,-0.5215779507584619,0.25612179991380013
5-20C,5.0,59.0135,1.601067631912542,0.4145672864885208
5-20C,5.0,71.0137,1.3726388198888835,0.22543629901006704
5-20C,5.0,73.0293,-0.8845651537128074,0.026873611645115272
5-20C,5.0,74.0247,-0.9406465458139246,0.12512480247176322
5-20C,5.0,75.0087,0.8137259418359021,0.8908286825380108
5-20C,5.0,87.0088,-0.666166268539641,0.013391426131515363
5-20C,5.0,87.0451,0.22570135280633857,0.7740412765180594
5-20C,5.0,88.0403,-0.7343233415841541,0.016665399280788275
5-20C,5.0,88.9883,-0.6493046216965094,0.4726114835331297
5-20C,5.0,89.0244,-0.23371208065779092,0.09323664508437976
5-20C,5.0,93.0338,-0.06530362883577415,0.011068429690291856
5-20C,5.0,94.9761,-0.828663334362164,0.600063739535286
5-20C,5.0,94.9806,0.8277576353702722,0.5342834088635441
5-20C,5.0,95.0139,1.3262512436472336,0.39455488010877765
5-20C,5.0,101.0242,1.164740233716368,0.4248759731612038
5-20C,5.0,102.056,-0.5461912699880345,0.0981697765404548
5-20C,5.0,103.0402,-0.9097189429965901,0.07458461165677312
5-20C,5.0,103.0509,-0.8619752309984042,0.0562452179403604
5-20C,5.0,104.0352,-0.43071844147901195,0.2757365308526181
5-20C,5.0,105.0193,1.1784712483021615,1.217730125725471
5-20C,5.0,107.0503,0.25064497588420365,1.2190600593205358
5-20C,5.0,109.0295,-0.3956224074265634,0.33679534954490103
5-20C,5.0,111.02,0.15732553337465208,0.09913202688765206
5-20C,5.0,112.0516,0.8357121148932329,1.1104308639277742
5-20C,5.0,113.0244,1.4970820872799666,0.3030692564833425
5-20C,5.0,113.0357,0.9088753320692211,0.17810768216328635
5-20C,5.0,114.056,-0.2241157889719471,0.00461238987419652
5-20C,5.0,115.0037,-0.6554674704857273,0.11040888968920283
5-20C,5.0,115.0402,0.5898185315443198,0.9667311191594729
5-20C,5.0,115.0764,1.1999943398361246,1.2918096863562514
5-20C,5.0,116.0354,-0.8747446381615993,0.21937575734720152
5-20C,5.0,116.0717,-0.7638047261590681,0.012652236956683353
5-20C,5.0,117.0194,-0.8800930873559129,0.023843687941497476
5-20C,5.0,118.0508,-1.4061548818047747,0.04194293738224288
5-20C,5.0,118.9804,1.4293782412315776,0.4914942375883009
5-20C,5.0,119.0503,1.384345532315641,0.6411672385145908
5-20C,5.0,120.9273,-0.24521901850829525,0.34549460121795145
5-20C,5.0,121.0295,0.3467435877264842,1.3742316967399644
5-20C,5.0,121.0409,0.6298628704660677,0.5236460941863
5-20C,5.0,122.0248,1.95743180069691,1.8856235926214155
5-20C,5.0,124.0075,0.11306823964511438,0.411967612421749
5-20C,5.0,124.0144,2.277398814986299,0.7406301840026038
5-20C,5.0,125.0439,1.7646952663470792,1.1637401980340913
5-20C,5.0,127.0764,0.5517277625102717,0.855792242514549
5-20C,5.0,128.0354,-0.3524579950472678,0.011786380193579499
5-20C,5.0,129.0193,-0.8028830126665996,0.21187809972756866
5-20C,5.0,129.0556,0.02482014108440296,0.8354550549844627
5-20C,5.0,130.0142,-0.5610943961286978,0.40764878890090867
5-20C,5.0,130.0509,-0.7430589679888426,0.0416660158945668
5-20C,5.0,130.0874,-0.9854458245471267,0.0484083207087181
5-20C,5.0,131.0008,0.9800972359296225,1.202788658481752
5-20C,5.0,131.0123,-0.7513664565062363,0.11350150319635093
5-20C,5.0,131.035,1.4949449890210833,0.7144341277050711
5-20C,5.0,131.0462,1.1703858965106273,0.5388600412345753
5-20C,5.0,131.0828,-0.5570560008835617,0.060786599638200677
5-20C,5.0,132.0302,-0.3202918583134171,0.09165686205949754
5-20C,5.0,133.0142,-0.26099943292691596,0.09986519546958561
5-20C,5.0,133.0257,-0.35776692038024027,0.12754002214264198
5-20C,5.0,133.0505,-0.7627019247209905,0.08541262192798549
5-20C,5.0,134.0472,-0.613745583288047,0.07596121849156301
5-20C,5.0,134.0604,-0.6352993661273585,0.3132287643587032
5-20C,5.0,135.0302,-0.582051384387928,0.12135553866968504
5-20C,5.0,135.0453,0.6438897925798361,0.3309332523061181
5-20C,5.0,136.0404,-0.12379452514675039,0.14858017716056207
5-20C,5.0,136.0487,0.7333106481111041,0.5174356764879287
5-20C,5.0,136.0767,-0.658843500559657,0.8626174026898142
5-20C,5.0,137.0239,-0.017575927978681016,0.1718836016565496
5-20C,5.0,138.9789,-0.1438052452266819,0.4871241701641597
5-20C,5.0,139.0014,-0.26010674085161417,0.11823093225645455
5-20C,5.0,139.0067,-0.6665934615974605,0.09623736795953365
5-20C,5.0,139.976,-0.251881295588615,1.1250280192522895
5-20C,5.0,143.0713,0.6051386196713469,1.2204613550449048
5-20C,5.0,143.1077,1.3682409197519985,0.9062126385236258
5-20C,5.0,145.0141,-0.31087127067253906,0.08456785837063399
5-20C,5.0,145.0506,-0.6449544302071731,0.3070458306497927
5-20C,5.0,145.0623,-0.45678884328055736,0.2915690919126252
5-20C,5.0,145.0982,-0.415241865911509,0.2862878194294451
5-20C,5.0,145.1106,-0.7114991502635504,0.47241010942164174
5-20C,5.0,146.0459,-0.47964282252776325,0.0033395332621066888
5-20C,5.0,147.0298,-0.8056406105221592,0.050904997172862856
5-20C,5.0,147.0662,-0.5196985397419669,0.07637471032340605
5-20C,5.0,149.0092,0.7538685883676954,0.32403102706903253
5-20C,5.0,149.0456,0.9999778194181759,0.32455709992129145
5-20C,5.0,149.0608,0.5685346929630473,0.819185566075282
5-20C,5.0,150.0422,-0.21018097453239448,0.456369249228921
5-20C,5.0,150.9707,-0.7205496091213932,0.2207395897793875
5-20C,5.0,151.0259,-0.5384890517685952,0.09632184250975832
5-20C,5.0,151.04,1.9147576235761528,0.7980030909946448
5-20C,5.0,151.06,-0.30256958081891977,0.34832554289611267
5-20C,5.0,152.0353,0.2758575639592825,0.3908901326659724
5-20C,5.0,152.0716,0.597446322540627,0.6918750487765245
5-20C,5.0,153.0192,0.4572518048871007,0.15913411851869647
5-20C,5.0,154.062,-0.30894710951359794,0.11397039544123187
5-20C,5.0,154.9751,-0.8946345085052428,0.03134700815063356
5-20C,5.0,155.0099,0.17683720515905296,0.09938128687748467
5-20C,5.0,157.0128,-0.4727971979733733,0.0767200554887338
5-20C,5.0,157.0255,0.3804893254459114,0.07329091875507755
5-20C,5.0,157.0379,0.28904455436054455,0.099288858845383
5-20C,5.0,157.0504,-0.8363490556640727,0.06335813333140589
5-20C,5.0,159.0297,1.3163119115377504,0.25538210727984834
5-20C,5.0,159.0775,-0.880880784855516,0.05426534136710504
5-20C,5.0,160.0616,-0.8492207039748437,0.9146776596642042
5-20C,5.0,161.0453,1.4692982695581238,0.6269355886731268
5-20C,5.0,162.0424,-0.43463372732073335,0.5932592837234812
5-20C,5.0,163.0351,-1.1188042186115124,0.20505029354787885
5-20C,5.0,163.0398,0.6312646582654395,0.04213788724579196
5-20C,5.0,163.0611,0.5878497828878859,0.3450474475141309
5-20C,5.0,164.0716,-0.4434380191293085,0.05665180672210198
5-20C,5.0,165.03,0.6161486983577718,0.6471095238881375
5-20C,5.0,165.0405,1.166479283916712,0.4412091921110779
5-20C,5.0,165.0556,-0.6690056310807764,0.044485078638867255
5-20C,5.0,166.0508,0.09268727062699189,0.5123645120789883
5-20C,5.0,166.0632,-0.43010518874532777,0.6170984210771483
5-20C,5.0,166.9759,-0.40012146222635997,0.540141118638165
5-20C,5.0,167.0207,-0.28375021180561966,0.588876479300982
5-20C,5.0,167.0358,0.5896890970948061,0.4092576831486603
5-20C,5.0,167.0828,0.34011398379171026,0.5143173630567501
5-20C,5.0,168.0277,-0.4586243737576061,0.026845173590581948
5-20C,5.0,168.0664,0.2951646380312701,0.7360011321185429
5-20C,5.0,170.0455,-0.8004052006400169,0.01948008689364093
5-20C,5.0,171.0065,-0.839649553020574,0.23195745707254634
5-20C,5.0,171.0092,-0.5105026860365584,0.10655927048298378
5-20C,5.0,171.0284,-0.8185262885076289,0.04931822900647095
5-20C,5.0,172.0616,-0.486034763701475,0.2306728610101373
5-20C,5.0,172.962,-0.4881417431150997,0.07567233816461222
5-20C,5.0,173.0089,-0.8562417187377358,0.10559683984688503
5-20C,5.0,173.0453,-0.9218367765614899,0.14326871067975264
5-20C,5.0,173.0932,-0.8372352637263348,0.03469195165062917
5-20C,5.0,173.1041,-0.678570255676683,0.31459769864325876
5-20C,5.0,174.0407,-0.6630990166014485,0.02922766157761611
5-20C,5.0,174.088,-0.8033957906832208,0.08828522828758747
5-20C,5.0,175.022,-0.6860243588366433,0.12850129897184928
5-20C,5.0,175.0361,-0.27612578567268864,0.04589877605115165
5-20C,5.0,175.0611,-0.9288318735252807,0.05778452965323304
5-20C,5.0,176.0776,-0.3897912920213042,1.1329643113885157
5-20C,5.0,177.0402,0.8810460342521632,0.2327303280563093
5-20C,5.0,177.0553,2.3767762851263874,0.7976764567762068
5-20C,5.0,178.0509,-0.6805434375950881,0.08470677497217537
5-20C,5.0,179.0348,0.23349775026099623,0.5026552583306589
5-20C,5.0,179.0561,1.1579747114795347,0.13188004774375733
5-20C,5.0,180.0663,1.1874628949875312,0.12529325248456927
5-20C,5.0,181.0505,-0.8658694806017171,0.18904409420771293
5-20C,5.0,182.9725,1.238507343808243,0.4305799880160885
5-20C,5.0,183.0661,0.47074892298752335,0.6006566953104234
5-20C,5.0,184.0017,-0.499134167733437,0.06618369943971074
5-20C,5.0,184.9856,-0.24412233713348236,0.15161399056186378
5-20C,5.0,186.1136,0.7085267397513362,0.49186203224464053
5-20C,5.0,187.0234,-1.4961257778967147,0.750919768871626
5-20C,5.0,188.035,-0.3542819632192661,0.7286947918654234
5-20C,5.0,188.0565,-0.8726191885495744,0.014457490620860646
5-20C,5.0,189.0405,-0.560001166987717,0.05881088768367931
5-20C,5.0,191.0197,-0.5116443292668296,0.19722128250390902
5-20C,5.0,191.0561,-0.9679524379634463,0.05840730357703878
5-20C,5.0,192.0663,0.03537383732217641,0.8257478674227604
5-20C,5.0,193.0349,0.3715264564249017,0.2429601415528265
5-20C,5.0,194.0682,-0.6461364117929911,0.2408202426380197
5-20C,5.0,194.0822,0.5407808884014668,0.48885684443447597
5-20C,5.0,195.0509,0.9170843864328637,0.1784625413440043
5-20C,5.0,195.0657,0.047772858028132636,0.7802689806502832
5-20C,5.0,196.0603,-0.3505967787011572,0.16586935883682283
5-20C,5.0,198.0182,-0.6286681102085852,0.207559642130807
5-20C,5.0,199.0019,-0.5080321366077786,0.36741078107584085
5-20C,5.0,200.9937,0.5310380930981264,0.3883085769379512
5-20C,5.0,201.0051,-0.23050873782656706,0.378207998008279
5-20C,5.0,203.0348,0.2863708355951444,0.37667690330063197
5-20C,5.0,203.0826,-0.08038433991267821,0.004232023715568537
5-20C,5.0,204.0498,1.7089983583768258,0.5167869594647845
5-20C,5.0,205.0351,-1.0318323968363035,0.1657748573107236
5-20C,5.0,206.0822,1.6720588730043882,0.3772956697708909
5-20C,5.0,209.0292,-0.8034616820032257,0.5937689127866022
5-20C,5.0,209.0814,0.007483953120512116,0.5457722440704365
5-20C,5.0,211.0235,-0.5731152302706093,0.36493981458545904
5-20C,5.0,211.9968,-0.6884714013134821,0.1137879273922137
5-20C,5.0,212.0331,0.4463924865188532,0.621892804311515
5-20C,5.0,212.9807,-0.4515159272365877,0.03655198799812722
5-20C,5.0,213.014,-0.9876690311404475,0.06147780234172092
5-20C,5.0,213.0384,-0.1632597028764995,0.16144830665039253
5-20C,5.0,213.1252,0.5139890286261071,0.8659234409312209
5-20C,5.0,214.0488,0.8836630820327358,0.2374922654207928
5-20C,5.0,215.0331,1.4539982167748837,0.1623810121248546
5-20C,5.0,216.1351,0.6330928947684616,0.1525359499009036
5-20C,5.0,218.0335,1.4717891276242354,0.1633512933347098
5-20C,5.0,218.1034,-0.6866236507309431,0.044818795943797035
5-20C,5.0,220.0828,0.476967697109548,0.5948164736543914
5-20C,5.0,221.0443,1.1443334507834781,0.11615632597463091
5-20C,5.0,221.0664,1.129150726955793,0.4863529349424524
5-20C,5.0,225.0399,0.16607018328662224,0.9513859342596427
5-20C,5.0,225.0861,0.8190259938096679,0.6194216491328658
5-20C,5.0,225.0901,-0.9223876242027558,0.629267907843834
5-20C,5.0,226.0135,-0.7910848330363784,0.4086996441074436
5-20C,5.0,226.0697,0.7248601800540828,0.4377043725861583
5-20C,5.0,228.0501,0.07978580919064084,0.38317930734660216
5-20C,5.0,229.0122,-0.43952692503312013,0.21077991217628236
5-20C,5.0,237.0614,-0.8195878023243914,0.06456750088821663
5-20C,5.0,238.0945,-0.25164977110009823,0.24722158358850238
5-20C,5.0,240.0515,-0.48413336469445145,0.044299480204137875
5-20C,5.0,241.0844,-0.24257349012383544,0.40335770365112406
5-20C,5.0,242.0804,-0.5528976381657347,0.34043991998434403
5-20C,5.0,243.029,0.07906671860814937,0.23037922744520933
5-20C,5.0,243.0625,-0.44323502151752076,0.810833476129444
5-20C,5.0,245.0444,-0.15561811479978027,0.26074954327927785
5-20C,5.0,246.0198,-0.22194883770577034,0.25750121419342753
5-20C,5.0,246.064,0.9270113264450143,1.3556677135557624
5-20C,5.0,251.0816,-0.09056967013484887,0.8623128388204886
5-20C,5.0,253.0119,-0.28144665151511084,0.012601565575335887
5-20C,5.0,253.0499,2.7662843270077615,0.9240901036905289
5-20C,5.0,257.0072,-0.3717033878095668,0.33836146914739895
5-20C,5.0,257.1028,0.3454402222214795,0.9224313917016567
5-20C,5.0,259.005,0.40031843148456137,0.4430686281351123
5-20C,5.0,259.0227,1.5164357569127884,0.31307365447042235
5-20C,5.0,261.0385,-0.054418398291898186,0.253932753485954
5-20C,5.0,266.0703,-0.5118797608048652,0.10810841470681264
5-20C,5.0,267.0724,-0.6645333029535547,0.03363320292452185
5-20C,5.0,268.02,-1.0430661786602684,0.3321446377373202
5-20C,5.0,269.0398,-0.589660302439002,0.10366173627751944
5-20C,5.0,271.0612,2.673082579798446,0.4760265379027506
5-20C,5.0,271.0815,0.14436713230578582,0.6130814514292384
5-20C,5.0,273.0021,-0.6303716034213767,0.15192469062228822
5-20C,5.0,274.0933,-0.4745840234012545,0.11443142353324573
5-20C,5.0,275.0184,0.05799830739986289,0.4498921227458892
5-20C,5.0,275.0991,-0.6120732024970701,0.10055159473119246
5-20C,5.0,277.1207,1.4322193584588458,0.15432124192043545
5-20C,5.0,277.2169,0.4114143673175814,0.45002818122984223
5-20C,5.0,279.2331,-0.3106127671702207,0.021513882727280696
5-20C,5.0,282.0839,0.46386907492736784,0.5815729086051524
5-20C,5.0,283.2063,-0.412330062585813,0.1882596027417761
5-20C,5.0,285.0972,-0.3332386663901652,0.7449322861744422
5-20C,5.0,287.0157,0.8124981429266305,0.233893505927198
5-20C,5.0,288.0725,-0.5197776152259848,0.13228645356104995
5-20C,5.0,289.0333,0.36662835568819113,0.43102923532435233
5-20C,5.0,289.1044,-0.9133367682844216,0.36248779451973895
5-20C,5.0,290.9677,-0.4505709161537844,0.045716247281404214
5-20C,5.0,294.0479,0.7426219283028628,1.2694661363014772
5-20C,5.0,300.0509,0.5471589346158457,0.45245643815620495
5-20C,5.0,301.0333,1.2569934807172332,0.6696414300569019
5-20C,5.0,303.2326,0.2577175706487645,0.5946653649981514
5-20C,5.0,305.0207,1.1254990819200872,0.19142790295627296
5-20C,5.0,306.0481,-0.44902132407001416,0.12229518679107848
5-20C,5.0,306.0765,-0.2396717698969551,0.03746687852239629
5-20C,5.0,308.0986,-0.2898462810243488,0.04148137995298308
5-20C,5.0,313.0441,-0.039295678248989385,0.6044830797753343
5-20C,5.0,313.1037,-0.9630792198850022,0.4195187040562293
5-20C,5.0,317.026,0.2867430252157436,0.5458414127989074
5-20C,5.0,323.0256,0.4563170790807668,0.6323944709647709
5-20C,5.0,325.1163,0.0872529949388157,0.2812452697957446
5-20C,5.0,328.0457,-0.3889888781920805,0.1469317427574378
5-20C,5.0,333.0589,-0.9691836220008522,0.2372776024831689
5-20C,5.0,338.9884,-0.4508463412277716,0.1116140084108035
5-20C,5.0,339.0928,0.6083919610884748,0.6436448065302427
5-20C,5.0,341.1089,0.7943679601017443,0.24871932555251205
5-20C,5.0,344.0393,-0.08660321213382993,0.24528124713570604
5-20C,5.0,346.0556,0.5079150746370591,0.34079919874211073
5-20C,5.0,348.087,-0.5557654708630297,0.2010859415596038
5-20C,5.0,353.0489,-0.09682328007891391,0.24443787633456823
5-20C,5.0,357.089,-0.41827162777232557,0.19956167065883473
5-20C,5.0,375.131,-0.5853966572045539,0.5574019019576097
5-20C,5.0,377.1496,-0.45958358969856794,0.6370220181554646
5-20C,5.0,383.1188,1.801398303036903,0.46524286155772854
5-20C,5.0,388.9416,0.23085467170152404,0.27587329616396844
5-20C,5.0,388.9442,-0.4684307930703635,0.25164564164071673
5-20C,5.0,401.0756,1.3445843544455376,0.16974932473427423
5-20C,5.0,407.2795,-0.028391670603090252,0.35273453315244935
5-20C,5.0,421.0743,0.1665125718678904,0.41053481942086567
5-20C,5.0,426.0222,0.49626169836669665,0.2607430060543554
5-20C,5.0,442.9997,0.2972543756213428,0.19311497190237442
5-20C,5.0,466.9657,1.0304960945792816,0.579629962726293
5-20C,5.0,490.9787,-0.07433588964383434,0.9714913602336652
5-20C,5.0,503.1614,1.5835217035207754,0.4875477273327683
5-20C,5.0,547.0731,-1.020723162638245,0.025507272753838867
5-20C,5.0,565.0471,-0.6440593455854065,0.36371549980618484
5-20C,5.0,578.8872,1.695143900223139,0.03823653800782072
5-20C,5.0,579.0269,1.4656448419546808,0.22696196209539538
5-20C,5.0,612.2549,-0.06314536164117601,0.44718081700588797
5-20C,5.0,624.2949,-0.47023793942143755,0.3348426079781771
5-20C,5.0,659.307,0.0622724278528653,0.3889713227661205
5-20C,5.0,664.0939,-0.4104050464678483,0.05137628103127777
5-20C,5.0,665.2144,-0.5015335994702177,0.3264536373538608
5-20C,5.0,668.1374,-0.6126477833479306,0.0012007505589790104
5-20C,5.0,787.255,1.2347580728094882,0.6255099731092959
5-20C,5.0,790.2568,0.5112551175525876,0.15807612145615613
5-20C,5.0,835.0407,-0.6136858819233086,0.18071682917226817
5-20C,5.0,863.2971,-0.4011372721891976,0.20905281875626028
5-20C,5.0,864.1473,0.10910369346974169,0.3349976952734561
5-20C,5.0,974.2935,-0.2858354362478403,0.3270628875830988
5-20C,5.0,976.7162,1.3243266902540158,0.10488393514784859
5-20C,6.0,57.0342,1.1265256669325074,0.24151742147936647
5-20C,6.0,58.0295,-0.3741396413394015,0.3046390768379201
5-20C,6.0,59.0135,1.9532961603416377,0.17557328572207473
5-20C,6.0,71.0137,1.484822179496581,0.153991510745678
5-20C,6.0,73.0293,-0.8822134741611531,0.021133905008486983
5-20C,6.0,74.0247,-0.7902459058759246,0.1809193677211958
5-20C,6.0,75.0087,0.03551764914585871,0.3676100879145471
5-20C,6.0,87.0088,-0.6633070593180872,0.012429711544612265
5-20C,6.0,87.0451,1.303458517459244,0.7364379104537789
5-20C,6.0,88.0403,-0.7080291168547642,0.053699842681283715
5-20C,6.0,88.9883,-0.9111071663592476,0.354499690835105
5-20C,6.0,89.0244,-0.4717379851270789,0.08449026715319374
5-20C,6.0,93.0338,-0.04869309888925588,0.020680289052530356
5-20C,6.0,94.9761,-0.538528490274704,0.13333837430735118
5-20C,6.0,94.9806,1.0727877197010862,0.08576585312797314
5-20C,6.0,95.0139,1.2898721686837278,0.0904631497355009
5-20C,6.0,101.0242,1.1304803638366692,0.203809467223859
5-20C,6.0,102.056,-0.5951728367449924,0.03703805988930104
5-20C,6.0,103.0402,-0.8565642558086596,0.0382052899230345
5-20C,6.0,103.0509,-0.9205246366229292,0.0822993186999286
5-20C,6.0,104.0352,-0.8719667957182202,0.16334539382557284
5-20C,6.0,105.0193,0.2222358482842242,0.12297365220996062
5-20C,6.0,107.0503,2.0042857751024528,0.16423381988512337
5-20C,6.0,109.0295,-0.2582235362048022,0.11747987895392474
5-20C,6.0,111.02,-0.03216889386383223,0.014705679163114523
5-20C,6.0,112.0516,0.12612889405334143,0.6881644097553803
5-20C,6.0,113.0244,1.3403755189408784,0.0938213865154135
5-20C,6.0,113.0357,1.154706383565792,0.07212772034031983
5-20C,6.0,114.056,-0.22925004520178494,0.01031147237434651
5-20C,6.0,115.0037,-0.6505502517082659,0.046640567452310405
5-20C,6.0,115.0402,0.917863953892304,0.40729919378929486
5-20C,6.0,115.0764,0.9765910059998564,0.4350903524130581
5-20C,6.0,116.0354,-1.035713642142574,0.2530118578624004
5-20C,6.0,116.0717,-0.8023712241056977,0.010088225199759727
5-20C,6.0,117.0194,-0.8663488227943713,0.015799633390806863
5-20C,6.0,118.0508,-1.389774796226809,0.05950263257278559
5-20C,6.0,118.9804,1.3927199731056614,0.0804612158669425
5-20C,6.0,119.0503,2.747402672593542,0.19460795852858562
5-20C,6.0,120.9273,-0.6283956077687721,0.046585708100639306
5-20C,6.0,121.0295,0.5740294843408695,0.22986157987813122
5-20C,6.0,121.0409,0.7971032004557812,0.5622925459718393
5-20C,6.0,122.0248,1.5425143188509702,0.3461252123323571
5-20C,6.0,124.0075,0.6683622809196371,0.3618929548650272
5-20C,6.0,124.0144,1.7239982607724529,0.35188056410230445
5-20C,6.0,125.0439,1.7098350977841026,0.20682699850004743
5-20C,6.0,127.0764,0.6482635898946392,0.3806466301244659
5-20C,6.0,128.0354,-0.3801301716271067,0.007139314523121393
5-20C,6.0,129.0193,-0.8523392522611999,0.052432886570806726
5-20C,6.0,129.0556,0.4829711154630607,0.5413180224218549
5-20C,6.0,130.0142,-0.7077881304407801,0.17057557635436682
5-20C,6.0,130.0509,-0.6178375718113531,0.04474781415915045
5-20C,6.0,130.0874,-1.1185291275758096,0.011859120357201079
5-20C,6.0,131.0008,1.4236822059787673,0.2940883029673719
5-20C,6.0,131.0123,-0.7045812185345948,0.03876347224161856
5-20C,6.0,131.035,1.1867825247405257,0.07837773502376931
5-20C,6.0,131.0462,0.8589416790569555,0.24829256077597936
5-20C,6.0,131.0828,-0.7669532664990657,0.08893246429102633
5-20C,6.0,132.0302,-0.06411120983956559,0.019854984827052478
5-20C,6.0,133.0142,-0.43618654325854966,0.05460605955503715
5-20C,6.0,133.0257,-0.43300295292780866,0.13482179500917824
5-20C,6.0,133.0505,-0.7387875842965839,0.03790926829396373
5-20C,6.0,134.0472,-0.6987093969090543,0.16432429719614908
5-20C,6.0,134.0604,-0.5613349265441694,0.0416328459508091
5-20C,6.0,135.0302,-0.7363964504936091,0.08421008158262105
5-20C,6.0,135.0453,1.4325581147269615,0.21551551378117312
5-20C,6.0,136.0404,-0.13825338091236736,0.022910632477255864
5-20C,6.0,136.0487,1.230242779878877,0.37346189695226983
5-20C,6.0,136.0767,0.8620342850290406,0.4462375680144843
5-20C,6.0,137.0239,-0.23742375251606435,0.261344798368884
5-20C,6.0,138.9789,-0.04860034844713544,0.19240039331997455
5-20C,6.0,139.0014,-0.1366789298069392,0.018648707295324748
5-20C,6.0,139.0067,-0.5769246508462689,0.02328863811031815
5-20C,6.0,139.976,1.0594417419408877,0.7223138308723992
5-20C,6.0,143.0713,0.4985930895051913,0.45976109163563106
5-20C,6.0,143.1077,1.7052832526927642,0.5213582820719663
5-20C,6.0,145.0141,-0.36667802280956424,0.055138094948664715
5-20C,6.0,145.0506,-0.570355213050844,0.06557711796972053
5-20C,6.0,145.0623,-0.5467736438190447,0.15456743084857452
5-20C,6.0,145.0982,-0.8784624991653216,0.11982745540016253
5-20C,6.0,145.1106,-0.3656688898423631,0.28931262899453286
5-20C,6.0,146.0459,-0.4859914245494848,0.007406781724145863
5-20C,6.0,147.0298,-0.828938666945388,0.01932534500457308
5-20C,6.0,147.0662,-0.5048621091237617,0.033667450364702416
5-20C,6.0,149.0092,1.3064929756257553,0.413132573636721
5-20C,6.0,149.0456,0.6094924711427052,0.13794869573804647
5-20C,6.0,149.0608,1.6845043395619936,0.41907007204989233
5-20C,6.0,150.0422,-1.0517792831242456,0.5338936370221314
5-20C,6.0,150.9707,-0.49255743864552193,0.7205857634336201
5-20C,6.0,151.0259,-0.6461046278124917,0.03609487886698661
5-20C,6.0,151.04,1.1964252118526386,0.4289994838840277
5-20C,6.0,151.06,-0.11262814788882813,0.4255219436547316
5-20C,6.0,152.0353,1.5455993577089697,0.363040590691777
5-20C,6.0,152.0716,0.51249061022693,0.14729442335931733
5-20C,6.0,153.0192,0.6242726496611892,0.05226051681149927
5-20C,6.0,154.062,-0.51263710081828,0.05867470692385367
5-20C,6.0,154.9751,-0.8689398000363798,0.03322847631844357
5-20C,6.0,155.0099,0.05853234002404468,0.011881137027364604
5-20C,6.0,157.0128,-0.5372811618414466,0.08107365259129069
5-20C,6.0,157.0255,0.716501498601808,0.03836945577128415
5-20C,6.0,157.0379,0.7044073876378703,0.12002981964021399
5-20C,6.0,157.0504,-0.805721184744526,0.0667138146509808
5-20C,6.0,159.0297,0.6520597001021038,0.27993866042715293
5-20C,6.0,159.0775,-0.798035913966564,0.04401315920633008
5-20C,6.0,160.0616,0.16181392464104594,0.3931763692555898
5-20C,6.0,161.0453,0.7488171934593106,0.09511894653449347
5-20C,6.0,162.0424,-0.6187003777661069,0.33834041136121856
5-20C,6.0,163.0351,-0.611307917240987,0.0656459472252821
5-20C,6.0,163.0398,0.9965954551421038,0.12940142667602483
5-20C,6.0,163.0611,1.4125169143899359,1.0952373913369693
5-20C,6.0,164.0716,-0.5435355875392712,0.024247200629821497
5-20C,6.0,165.03,0.5499827413873046,0.6432557204611106
5-20C,6.0,165.0405,1.498379253523946,0.5778185270030257
5-20C,6.0,165.0556,-0.4499432768448092,0.11229961422838218
5-20C,6.0,166.0508,0.8752613771387052,0.6091707073182256
5-20C,6.0,166.0632,0.48285339095270885,0.5561032893878768
5-20C,6.0,166.9759,-0.6820105792194666,0.31304173038138244
5-20C,6.0,167.0207,-0.2621207101374728,0.3029398392910699
5-20C,6.0,167.0358,1.4535642310361165,0.4850976790341939
5-20C,6.0,167.0828,0.7452473435004299,1.2291369174430473
5-20C,6.0,168.0277,-0.4704190361075903,0.030379287595043807
5-20C,6.0,168.0664,0.2971912439953162,0.668135396977946
5-20C,6.0,170.0455,-0.7957163668382821,0.010154317662001462
5-20C,6.0,171.0065,-0.6642600444032007,0.22977162008871077
5-20C,6.0,171.0092,-0.4401075432777146,0.2671334573368558
5-20C,6.0,171.0284,-0.8355878445043543,0.03573334278906504
5-20C,6.0,172.0616,-0.29752811168335225,0.22315953742561115
5-20C,6.0,172.962,-0.5411125707578193,0.014389717618739266
5-20C,6.0,173.0089,-0.7953101515454157,0.14866399242962203
5-20C,6.0,173.0453,-0.6882653161512172,0.11255372471283336
5-20C,6.0,173.0932,-0.8477723210391078,0.031029923051596145
5-20C,6.0,173.1041,-1.0792330670349912,0.06135161894052045
5-20C,6.0,174.0407,-0.4878810572172313,0.01593414085613584
5-20C,6.0,174.088,-0.552874313717526,0.09172980695124106
5-20C,6.0,175.022,-0.7667961268996341,0.07887815508377966
5-20C,6.0,175.0361,-0.03753470017835165,0.03387801470694389
5-20C,6.0,175.0611,-0.9190939188612466,0.028116905360428088
5-20C,6.0,176.0776,-0.7329831572699732,0.12528402390377294
5-20C,6.0,177.0402,-0.16909252963559374,0.3123853153936395
5-20C,6.0,177.0553,2.7685857021068925,0.44325860711920656
5-20C,6.0,178.0509,-0.41394550629368565,0.06966630365546891
5-20C,6.0,179.0348,0.2192237594800977,0.16283104037704324
5-20C,6.0,179.0561,0.9281795142106011,0.09673834210947466
5-20C,6.0,180.0663,0.9442713081046497,0.07782749603122582
5-20C,6.0,181.0505,-0.728377861502072,0.1304924979999044
5-20C,6.0,182.9725,1.6161705346713875,0.28718471861932904
5-20C,6.0,183.0661,0.782114328939866,0.21779802877300816
5-20C,6.0,184.0017,-0.42758672308075907,0.07453739321108994
5-20C,6.0,184.9856,-0.3984014632304349,0.08014998576788292
5-20C,6.0,186.1136,0.4674138594226511,0.21864477313846362
5-20C,6.0,187.0234,-0.7308370877647685,0.24368579156254633
5-20C,6.0,188.035,-0.10685734381334942,0.8281880915024628
5-20C,6.0,188.0565,-0.7507202804582993,0.02633275277376089
5-20C,6.0,189.0405,-0.5447462372517519,0.08898844805385163
5-20C,6.0,191.0197,-0.6545980569626891,0.22639159871714645
5-20C,6.0,191.0561,-0.9806104428050091,0.054659821798742216
5-20C,6.0,192.0663,0.34800152739817397,0.42879864842741594
5-20C,6.0,193.0349,0.39238802287594776,0.2306115900635514
5-20C,6.0,194.0682,-0.5015821564620959,0.18707272199027294
5-20C,6.0,194.0822,1.6242771809750325,0.9550635965436677
5-20C,6.0,195.0509,0.37628798783064155,0.15837260977887202
5-20C,6.0,195.0657,0.5924441212261136,0.36368455622103896
5-20C,6.0,196.0603,-0.11636513414183212,0.22286655214559398
5-20C,6.0,198.0182,-0.37259725485788453,0.2694885965527164
5-20C,6.0,199.0019,-0.5047069230867839,0.48649970670075854
5-20C,6.0,200.9937,0.9060510655160342,0.31272172493063566
5-20C,6.0,201.0051,0.17236520226935537,0.5466737479213748
5-20C,6.0,203.0348,0.36436983797283784,0.2577766360626217
5-20C,6.0,203.0826,-0.09372029206320875,0.006901572866826371
5-20C,6.0,204.0498,-0.2939816846362694,0.2525021557563663
5-20C,6.0,205.0351,-0.8882655414212738,0.21961083599719555
5-20C,6.0,206.0822,2.0400630486391664,0.49776009522085074
5-20C,6.0,209.0292,-0.6749662659724952,0.44229200153852144
5-20C,6.0,209.0814,0.2074615342625733,0.42305341784123024
5-20C,6.0,211.0235,-0.6760078795421819,0.6276156179116721
5-20C,6.0,211.9968,-0.5931158440891386,0.06324604463493291
5-20C,6.0,212.0331,-0.5470147581482538,0.2668531629111173
5-20C,6.0,212.9807,-0.4492327892880061,0.09090578395521841
5-20C,6.0,213.014,-0.8691138378648259,0.23752854570438536
5-20C,6.0,213.0384,-0.34405130990745847,0.13316011431474145
5-20C,6.0,213.1252,0.4379708035441905,0.5452776134597427
5-20C,6.0,214.0488,1.1073768043395462,0.39633370507028254
5-20C,6.0,215.0331,1.2764334074478776,0.08627940470090151
5-20C,6.0,216.1351,0.36812417090975136,0.21724497615216654
5-20C,6.0,218.0335,1.2475316009223527,0.11426141941687473
5-20C,6.0,218.1034,-0.41409984588984805,0.07159348312788398
5-20C,6.0,220.0828,0.48699971901263533,0.4778392200667563
5-20C,6.0,221.0443,1.7331262669781955,0.050266612045659034
5-20C,6.0,221.0664,2.1215821027005166,0.3731995034040782
5-20C,6.0,225.0399,1.0873772652591898,0.6109376656227042
5-20C,6.0,225.0861,1.7337492040686198,0.28324609836710346
5-20C,6.0,225.0901,2.1795455802096324,0.4215524543622747
5-20C,6.0,226.0135,-0.6099429792067105,0.16874576098111815
5-20C,6.0,226.0697,0.4987233738344142,0.321048222327927
5-20C,6.0,228.0501,-0.7902691675616886,0.058741775950185586
5-20C,6.0,229.0122,-0.2662006826958753,0.35611951990069657
5-20C,6.0,237.0614,-0.430373433421517,0.1420476701241938
5-20C,6.0,238.0945,-0.540164207676707,0.16279235990135688
5-20C,6.0,240.0515,0.11614181828653354,0.054010133564606204
5-20C,6.0,241.0844,0.09515488650655267,0.5100657302765674
5-20C,6.0,242.0804,-0.4952170527673543,0.8164760140744661
5-20C,6.0,243.029,-0.08396443059697506,0.2509125338875813
5-20C,6.0,243.0625,-0.6980534504873803,0.3722830462775896
5-20C,6.0,245.0444,-0.25806405606811783,0.24022469663776472
5-20C,6.0,246.0198,-0.11322470537617249,0.27318588382731895
5-20C,6.0,246.064,1.5527007920765392,0.5917368973056343
5-20C,6.0,251.0816,-0.20975328035339863,0.4378652843901615
5-20C,6.0,253.0119,-0.29878451862375294,0.02479045035885976
5-20C,6.0,253.0499,0.9878955845075089,0.7534281353282388
5-20C,6.0,257.0072,-0.3067020084113479,0.4906105462138931
5-20C,6.0,257.1028,0.39831267849306373,0.7041415444300976
5-20C,6.0,259.005,0.8313329380934616,0.7487063837069656
5-20C,6.0,259.0227,0.6962747604691755,0.1701784617594694
5-20C,6.0,261.0385,-0.0008330463527798926,0.49690707428103614
5-20C,6.0,266.0703,-0.2136551133542514,0.3326843039524921
5-20C,6.0,267.0724,-0.6293845318299826,0.010833611113366691
5-20C,6.0,268.02,-0.6084441797413177,0.39805990562702226
5-20C,6.0,269.0398,-0.5444464315301161,0.3350396979951033
5-20C,6.0,271.0612,0.3262612840330387,0.42501870155363924
5-20C,6.0,271.0815,-0.25552160960604414,0.6380749638460065
5-20C,6.0,273.0021,-0.8064385555317901,0.11387563967349898
5-20C,6.0,274.0933,0.10392118395552957,0.14737926161203888
5-20C,6.0,275.0184,0.371470724716916,0.3979013911034052
5-20C,6.0,275.0991,-0.4850537622896084,0.2283729271403244
5-20C,6.0,277.1207,0.40879986491170067,0.06611601490654967
5-20C,6.0,277.2169,0.5537661251563927,0.14317444945904556
5-20C,6.0,279.2331,-0.25294797823170206,0.036098200411914735
5-20C,6.0,282.0839,-0.4949587454311998,0.13290442625383647
5-20C,6.0,283.2063,-0.24674425683575468,0.14146472982300934
5-20C,6.0,285.0972,0.03821052555957223,1.135477265153308
5-20C,6.0,287.0157,1.1277789097132582,0.7033431787035606
5-20C,6.0,288.0725,-0.429013201049392,0.23236842080565953
5-20C,6.0,289.0333,1.043610495924102,0.7329175597157722
5-20C,6.0,289.1044,-0.95671890010126,0.25632380587130854
5-20C,6.0,290.9677,-0.46949132276645794,0.07749734252656394
5-20C,6.0,294.0479,1.598394964149665,0.6058169642318224
5-20C,6.0,300.0509,-0.7358040563270143,0.7396330099302156
5-20C,6.0,301.0333,1.338061459148546,1.151188991710778
5-20C,6.0,303.2326,-0.13283171645109393,0.19721862917499905
5-20C,6.0,305.0207,1.4373454141115038,0.19898467163310088
5-20C,6.0,306.0481,-0.0308628897451537,0.15122575874769795
5-20C,6.0,306.0765,-0.1580147862256137,0.007764166961472952
5-20C,6.0,308.0986,-0.3658959136255601,0.029620314031898944
5-20C,6.0,313.0441,0.27797736905021714,0.4791867269194996
5-20C,6.0,313.1037,-0.45611131316395526,0.29780648399505605
5-20C,6.0,317.026,0.3465846859682349,0.7738275131728042
5-20C,6.0,323.0256,0.8139844613054514,0.3983794053128199
5-20C,6.0,325.1163,-0.27222980045379663,0.47221080402401955
5-20C,6.0,328.0457,-0.44546802961273657,0.15123015888114877
5-20C,6.0,333.0589,-0.44257071286759586,0.1902304022735026
5-20C,6.0,338.9884,-0.30118233384816584,0.2722207908871918
5-20C,6.0,339.0928,0.5787488794991523,1.1020760768775433
5-20C,6.0,341.1089,0.8813412863456406,0.04895888814244537
5-20C,6.0,344.0393,-0.18383901942725556,0.29645690361969873
5-20C,6.0,346.0556,0.502726396243598,0.30753671320728854
5-20C,6.0,348.087,-0.1210286615774037,0.2761298105943374
5-20C,6.0,353.0489,-0.07363483216980737,0.4896813996262908
5-20C,6.0,357.089,-0.5716055909295262,0.2370219476085634
5-20C,6.0,375.131,-0.2597844325228016,0.9558002935196469
5-20C,6.0,377.1496,-0.17904401498178865,0.9432856887080705
5-20C,6.0,383.1188,1.0679579290954881,0.6367797968029284
5-20C,6.0,388.9416,-0.5020144066399846,0.20364625419355675
5-20C,6.0,388.9442,-0.7370997016273321,0.11411923034717182
5-20C,6.0,401.0756,1.6406543919018506,0.2362418212971538
5-20C,6.0,407.2795,-0.22842170170752005,0.26768405888434055
5-20C,6.0,421.0743,0.24963126039289202,0.8316997788287774
5-20C,6.0,426.0222,-0.046458705351388574,0.3135879169692141
5-20C,6.0,442.9997,0.3586429182714649,0.23487399696804612
5-20C,6.0,466.9657,1.3346875994429461,0.324761976685882
5-20C,6.0,490.9787,1.030457640034061,0.7249203906760752
5-20C,6.0,503.1614,1.4297282689727688,0.4761415362100228
5-20C,6.0,547.0731,-0.8731011929209239,0.04012002987386939
5-20C,6.0,565.0471,-0.11953741106642127,0.19045016555969366
5-20C,6.0,578.8872,1.1622604245016608,0.13244295400066808
5-20C,6.0,579.0269,1.8441213214227228,0.2569049385212141
5-20C,6.0,612.2549,-0.717358169281627,0.20933450722382213
5-20C,6.0,624.2949,-0.474741827779542,0.7163918868226739
5-20C,6.0,659.307,-0.11576752511575486,0.11603499213529998
5-20C,6.0,664.0939,-0.6153201460502149,0.12411260915571805
5-20C,6.0,665.2144,0.7223198549691715,0.5267403969536444
5-20C,6.0,668.1374,-0.5856878246530596,0.0009753301966505964
5-20C,6.0,787.255,0.13737208790601363,0.37908668691955943
5-20C,6.0,790.2568,-0.19723748734875016,0.4021912299936854
5-20C,6.0,835.0407,-0.7333795535932943,0.1637120870753749
5-20C,6.0,863.2971,-0.7003084749434081,0.07194237955374597
5-20C,6.0,864.1473,-0.8361565588687071,0.2952936504157904
5-20C,6.0,974.2935,-0.2686410094394881,0.43600943867958725
5-20C,6.0,976.7162,0.5683692364917428,0.10965164714421005
5-20C,7.0,57.0342,-0.3330606217033666,0.3392929365343874
5-20C,7.0,58.0295,-0.3359148944529784,0.19573958788307588
5-20C,7.0,59.0135,-0.23389204329303617,0.1611070706450504
5-20C,7.0,71.0137,0.1933364019477508,0.08125132070289293
5-20C,7.0,73.0293,-0.8517067179143483,0.02239856259316494
5-20C,7.0,74.0247,-0.7576591005560245,0.339607447434192
5-20C,7.0,75.0087,-0.9393428862995195,0.07464309952479907
5-20C,7.0,87.0088,-0.667751425983715,0.008316156400229332
5-20C,7.0,87.0451,0.2492282763590527,0.5510370000786361
5-20C,7.0,88.0403,-0.6155383516074853,0.06008070843364137
5-20C,7.0,88.9883,-0.83516444347998,0.23049186291384394
5-20C,7.0,89.0244,-1.132324171562669,0.06721431203792898
5-20C,7.0,93.0338,-0.07239253216728038,0.007674735464451513
5-20C,7.0,94.9761,-1.589882307613834,0.09666903110906838
5-20C,7.0,94.9806,0.8701773193835262,0.10219373833303491
5-20C,7.0,95.0139,0.29022875296874145,0.132863220959608
5-20C,7.0,101.0242,-0.6603221825929353,0.1391387075351716
5-20C,7.0,102.056,-0.3849868833056066,0.0120141823610805
5-20C,7.0,103.0402,-0.8201446015613216,0.04401594694360294
5-20C,7.0,103.0509,-0.9245858670708731,0.06560653042407798
5-20C,7.0,104.0352,0.2511462122527006,0.23287618639905888
5-20C,7.0,105.0193,-0.5563123124951681,0.1919154447197779
5-20C,7.0,107.0503,-0.3792695901131463,0.28913003508854257
5-20C,7.0,109.0295,-0.7778519826574388,0.12463457914078895
5-20C,7.0,111.02,-0.10270218526646535,0.07501602130518235
5-20C,7.0,112.0516,-0.2426204230335561,0.48868757076487784
5-20C,7.0,113.0244,-0.06055197595058763,0.08079954127868147
5-20C,7.0,113.0357,0.2630830744270398,0.11391544847514555
5-20C,7.0,114.056,-0.2414752412583818,0.0038983944930259967
5-20C,7.0,115.0037,-0.6492832382809445,0.021664405382904792
5-20C,7.0,115.0402,-0.2895950487727985,0.10130711570934314
5-20C,7.0,115.0764,-0.8804243765644519,0.118542733858564
5-20C,7.0,116.0354,-0.7930588749473733,0.16588237000488876
5-20C,7.0,116.0717,-0.7025651663458209,0.016764978173777006
5-20C,7.0,117.0194,-0.8400312736950241,0.02112573531394683
5-20C,7.0,118.0508,-0.9232247725233746,0.08826389611242587
5-20C,7.0,118.9804,0.16151048073217183,0.10458994254299199
5-20C,7.0,119.0503,-0.164586779589788,0.2618434122670301
5-20C,7.0,120.9273,-0.6910824293829152,0.026299402482574046
5-20C,7.0,121.0295,-1.3915455087198403,0.09526031854228248
5-20C,7.0,121.0409,-1.0080183429652996,0.3304223042173342
5-20C,7.0,122.0248,-0.5808014899577586,0.2952018828446555
5-20C,7.0,124.0075,5.043555154796481,0.5675258636584608
5-20C,7.0,124.0144,-0.007263291386053292,0.1809884460008834
5-20C,7.0,125.0439,-0.6244379160712554,0.06686923235063721
5-20C,7.0,127.0764,1.6790864430374293,0.5357229407386862
5-20C,7.0,128.0354,-0.26268894524918396,0.0193920213980356
5-20C,7.0,129.0193,-1.0819230712403582,0.0715877722128231
5-20C,7.0,129.0556,0.5792334844873284,0.42149020618084626
5-20C,7.0,130.0142,-0.6991927944459316,0.08194353885655269
5-20C,7.0,130.0509,-0.46014480934549995,0.03552356053205156
5-20C,7.0,130.0874,-0.7562468026643956,0.0716726296931856
5-20C,7.0,131.0008,-1.0517707743020106,0.17095606093398052
5-20C,7.0,131.0123,-0.6774063131749681,0.06502673507005773
5-20C,7.0,131.035,-0.7785674477780988,0.14575132956003012
5-20C,7.0,131.0462,-0.687276692526307,0.06228435350383139
5-20C,7.0,131.0828,0.19346809665206563,0.1386875232861928
5-20C,7.0,132.0302,-0.1490143890871226,0.061993946596934135
5-20C,7.0,133.0142,-0.5086017128283942,0.026256561988757636
5-20C,7.0,133.0257,-0.5595239788846007,0.03806992669642002
5-20C,7.0,133.0505,-0.8918686764859405,0.034266563919784804
5-20C,7.0,134.0472,-0.5861323438612196,0.14369308011083382
5-20C,7.0,134.0604,-0.9601707996557298,0.055556958255839964
5-20C,7.0,135.0302,-0.3647669596841605,0.21590254493574157
5-20C,7.0,135.0453,-0.34492356006419167,0.14708277405439002
5-20C,7.0,136.0404,-0.483515636747126,0.03937030834421761
5-20C,7.0,136.0487,-0.4543907467948043,0.31296895000143865
5-20C,7.0,136.0767,-0.9478151528679228,0.22778803395928943
5-20C,7.0,137.0239,-0.49517534031736987,0.039210923418014264
5-20C,7.0,138.9789,-2.211797021692745,0.2570943504333844
5-20C,7.0,139.0014,-0.36542855882468755,0.013080260923929232
5-20C,7.0,139.0067,-0.7730373901188099,0.03508340860191067
5-20C,7.0,139.976,-1.6357175559977462,0.32121026431224503
5-20C,7.0,143.0713,0.003658421233351042,0.29154293369850737
5-20C,7.0,143.1077,-0.8643353195915124,0.3503607628347574
5-20C,7.0,145.0141,-0.2384489159574998,0.07210345562064187
5-20C,7.0,145.0506,2.24828232647701,0.268199083645002
5-20C,7.0,145.0623,2.986073326549602,0.5046082365536205
5-20C,7.0,145.0982,0.06387916035767081,0.3479286891235672
5-20C,7.0,145.1106,0.06524659338086237,0.4689710849975571
5-20C,7.0,146.0459,-0.46448784658513426,0.004524690564428629
5-20C,7.0,147.0298,-0.8245324151395765,0.050040956994137416
5-20C,7.0,147.0662,-0.7603150106654235,0.024053047534845003
5-20C,7.0,149.0092,-1.0225780765242733,0.16910202631293747
5-20C,7.0,149.0456,-0.8300131477403504,0.046553805456802225
5-20C,7.0,149.0608,-1.7211932530045666,0.3762027810319204
5-20C,7.0,150.0422,-0.9150527440312476,0.4685920847910059
5-20C,7.0,150.9707,-0.35708383010188827,0.563539889622795
5-20C,7.0,151.0259,-0.6309908668076272,0.07101219124422865
5-20C,7.0,151.04,-1.6315979613121074,0.4246233709892098
5-20C,7.0,151.06,-0.8918197079770449,0.7515069217286154
5-20C,7.0,152.0353,-1.967006891596628,0.18639753448495047
5-20C,7.0,152.0716,-1.5570516487439974,0.30684590738134143
5-20C,7.0,153.0192,-0.337601161041715,0.08682111011629244
5-20C,7.0,154.062,0.12094726540657576,0.1449417974343509
5-20C,7.0,154.9751,-0.8452591661030808,0.020192041092385236
5-20C,7.0,155.0099,-0.0035890820245609092,0.07840322603501763
5-20C,7.0,157.0128,-0.645808761368357,0.09786422739375684
5-20C,7.0,157.0255,0.33748537509483334,0.08581592647516105
5-20C,7.0,157.0379,0.40022581463749973,0.0668173184169357
5-20C,7.0,157.0504,-0.9357471206787777,0.04422727146932589
5-20C,7.0,159.0297,-0.8736355130590767,0.02456947497328952
5-20C,7.0,159.0775,-0.8240866568506495,0.0321908477802534
5-20C,7.0,160.0616,-1.3165016738594963,0.16659169154798387
5-20C,7.0,161.0453,-1.6627768273710577,0.08946937708209919
5-20C,7.0,162.0424,-1.1439947271237003,0.09625988622307878
5-20C,7.0,163.0351,-0.9012692432383674,0.151990924155744
5-20C,7.0,163.0398,0.22517804394386554,0.09282643827700025
5-20C,7.0,163.0611,-1.9312465458990173,0.4850891431579424
5-20C,7.0,164.0716,-0.3473705962639417,0.07292918147398736
5-20C,7.0,165.03,-1.2642877987429042,0.17187137116648588
5-20C,7.0,165.0405,-0.954169627413513,0.5916492851357575
5-20C,7.0,165.0556,-1.0486892081374108,0.07198608001801196
5-20C,7.0,166.0508,-0.808674508540786,0.34632497789517064
5-20C,7.0,166.0632,-1.6947282260402652,0.40689563463461126
5-20C,7.0,166.9759,-0.9337813264503715,0.17770060828984305
5-20C,7.0,167.0207,2.7992856798156174,0.3270566681176757
5-20C,7.0,167.0358,-2.0467953436895527,0.15583100261808644
5-20C,7.0,167.0828,-1.5904815196735749,0.6858375141452939
5-20C,7.0,168.0277,-0.4714397280417235,0.03295832577665069
5-20C,7.0,168.0664,-1.6010630089945876,0.24142079901745048
5-20C,7.0,170.0455,-0.7411718654152022,0.01987066266768335
5-20C,7.0,171.0065,-0.9203125620528958,0.06103605066707743
5-20C,7.0,171.0092,-0.9522506027915327,0.032698584259492874
5-20C,7.0,171.0284,-0.9187964278077559,0.048813293259762865
5-20C,7.0,172.0616,-0.5769488290176439,0.10894114039355818
5-20C,7.0,172.962,-0.7373605845139871,0.012969632079137908
5-20C,7.0,173.0089,-0.8847050564637257,0.056898757030992696
5-20C,7.0,173.0453,-1.293257304730422,0.08286045888173132
5-20C,7.0,173.0932,-0.26729055176380623,0.06135869562300994
5-20C,7.0,173.1041,0.7589222736241176,0.4519937837570884
5-20C,7.0,174.0407,-0.3677923617695894,0.03541374791683492
5-20C,7.0,174.088,1.3835660167197954,0.19929503727212203
5-20C,7.0,175.022,-0.8445524156216065,0.11237748177993284
5-20C,7.0,175.0361,-0.19992665397620782,0.05988779914178982
5-20C,7.0,175.0611,-0.9989051074168626,0.02841450294384816
5-20C,7.0,176.0776,-1.0341238453537855,0.24251745336421543
5-20C,7.0,177.0402,-1.7145366039680305,0.3658744450194825
5-20C,7.0,177.0553,-1.2445867243167443,0.2087366479909518
5-20C,7.0,178.0509,-0.5046556173271184,0.04534482400979368
5-20C,7.0,179.0348,-1.14702106398963,0.08810288907031683
5-20C,7.0,179.0561,-0.4645518018262258,0.05539673329585065
5-20C,7.0,180.0663,-0.41336552984704655,0.07322479868879554
5-20C,7.0,181.0505,-1.429700658085976,0.10104665636527958
5-20C,7.0,182.9725,-0.1841306929601278,0.17162789768692865
5-20C,7.0,183.0661,-1.4656439628835243,0.1736359937680946
5-20C,7.0,184.0017,-0.45287730333344556,0.0544099206364404
5-20C,7.0,184.9856,-1.153066942292023,0.06018668596239881
5-20C,7.0,186.1136,-1.2519606801843577,0.7837696212604107
5-20C,7.0,187.0234,-0.7034654484826771,0.2642405793809992
5-20C,7.0,188.035,-0.7086718111019764,0.5048235441714488
5-20C,7.0,188.0565,-0.7220530417774191,0.015721363904343293
5-20C,7.0,189.0405,-0.7501264601039228,0.03387982623336387
5-20C,7.0,191.0197,-0.7339751967564321,0.1946508268164488
5-20C,7.0,191.0561,-0.938195918517353,0.08165643899137545
5-20C,7.0,192.0663,-0.3075800766128338,0.643411727351307
5-20C,7.0,193.0349,1.1153716851950128,0.38045111104312274
5-20C,7.0,194.0682,-0.43748734513613297,0.24569667162158126
5-20C,7.0,194.0822,-1.710613566556651,0.6346416776016198
5-20C,7.0,195.0509,0.9385168230625089,0.2602984343395283
5-20C,7.0,195.0657,-0.45106600226941385,0.33789097052988604
5-20C,7.0,196.0603,-0.36276317965642313,0.19975592420449373
5-20C,7.0,198.0182,-0.9512836944168692,0.16614647776315955
5-20C,7.0,199.0019,-1.5373935472006965,0.10266926289186962
5-20C,7.0,200.9937,-0.7856342473815897,0.1233217351347341
5-20C,7.0,201.0051,-0.3485754680261068,0.5401511643369441
5-20C,7.0,203.0348,-1.1875190267617681,0.12001250837478365
5-20C,7.0,203.0826,-0.08996389830135118,0.004956453284594521
5-20C,7.0,204.0498,-0.1607059811984179,0.22718898735412002
5-20C,7.0,205.0351,-0.7794006192902636,0.13849061542536534
5-20C,7.0,206.0822,-1.102692611281838,0.6543965891304266
5-20C,7.0,209.0292,-0.5265437533380686,0.5144877376518662
5-20C,7.0,209.0814,4.882399183124479,0.7096527484601277
5-20C,7.0,211.0235,-1.2703923930086611,0.4389562611402653
5-20C,7.0,211.9968,-0.3934277420356494,0.13008507272912226
5-20C,7.0,212.0331,-0.6370422896962105,0.10693704055777119
5-20C,7.0,212.9807,-0.8924877138769157,0.11125458767762837
5-20C,7.0,213.014,-1.0231436858725327,0.09404925635038772
5-20C,7.0,213.0384,-0.6303291058057519,0.1626505850576039
5-20C,7.0,213.1252,0.3333339525490817,0.5525464487134298
5-20C,7.0,214.0488,-1.4102764533398329,1.0302508415487317
5-20C,7.0,215.0331,-0.2532701622061892,0.08643001832478013
5-20C,7.0,216.1351,-0.06974787275506661,0.11447379589430028
5-20C,7.0,218.0335,-0.10953264978858604,0.08965423481903669
5-20C,7.0,218.1034,-0.5855768580833791,0.02540384009634879
5-20C,7.0,220.0828,-0.5024084411793561,0.4876308065882106
5-20C,7.0,221.0443,0.01133580804693849,0.14271136851103716
5-20C,7.0,221.0664,-1.2067321374651112,0.5415020991478648
5-20C,7.0,225.0399,-1.94625996697512,0.6502776873201828
5-20C,7.0,225.0861,-2.5496247810145354,0.21850571802117932
5-20C,7.0,225.0901,-1.7744025311834886,0.29090986782640005
5-20C,7.0,226.0135,-1.3719724556579305,0.1506756509230834
5-20C,7.0,226.0697,-0.1488893655013419,0.2268385362785763
5-20C,7.0,228.0501,-0.39643062659496076,0.17513836435754537
5-20C,7.0,229.0122,-0.7861794097076098,0.2208862084985584
5-20C,7.0,237.0614,-0.7571336352988981,0.12233188344283438
5-20C,7.0,238.0945,-0.110879132105771,0.32893045096305246
5-20C,7.0,240.0515,-0.1751095054318012,0.07975060303277404
5-20C,7.0,241.0844,-2.122072910620984,0.4066106696301823
5-20C,7.0,242.0804,-0.2656963900362991,0.4662775942937532
5-20C,7.0,243.029,-1.7298769895578006,0.22562048233891271
5-20C,7.0,243.0625,-1.1511994605374496,0.0940471705023346
5-20C,7.0,245.0444,-1.3240288983328776,0.31184058606250376
5-20C,7.0,246.0198,-1.5594788527282422,0.12886925200021002
5-20C,7.0,246.064,0.5226984167792346,0.6242232600587299
5-20C,7.0,251.0816,-1.0230061500799732,0.12691542999838645
5-20C,7.0,253.0119,-0.32080487538947355,0.01371284210706285
5-20C,7.0,253.0499,-0.2194327729009959,0.4245555411869911
5-20C,7.0,257.0072,-1.0331091761192788,0.2149297907327969
5-20C,7.0,257.1028,-0.3505088533533265,0.9591313910501619
5-20C,7.0,259.005,-1.2301433790998373,0.4942491308287999
5-20C,7.0,259.0227,-0.7587742929866401,0.12047735130570891
5-20C,7.0,261.0385,-0.5434187355941821,0.041383648878039
5-20C,7.0,266.0703,-0.7944083741791309,0.16619545866004287
5-20C,7.0,267.0724,-0.51893835067593,0.02549163980450521
5-20C,7.0,268.02,-0.7608595656635798,0.3015164990278893
5-20C,7.0,269.0398,-0.6745977885035521,0.18919051800214634
5-20C,7.0,271.0612,-0.24582860479233637,0.2678413614809168
5-20C,7.0,271.0815,-0.6431615071710253,0.9177255116994094
5-20C,7.0,273.0021,-0.858914536372516,0.07375916228516007
5-20C,7.0,274.0933,-0.24474110876833144,0.12031494398165189
5-20C,7.0,275.0184,-1.543025246816764,0.2763330237389691
5-20C,7.0,275.0991,-0.6140124305918406,0.11316791692316812
5-20C,7.0,277.1207,-0.3129120540602573,0.05905425749973226
5-20C,7.0,277.2169,-1.4656123526285396,0.3514267405298503
5-20C,7.0,279.2331,-0.00946578989695952,0.03477269026023962
5-20C,7.0,282.0839,-0.34949717776758865,0.4240973377236898
5-20C,7.0,283.2063,1.4386881957383273,0.09457941947705904
5-20C,7.0,285.0972,-0.6569199200277482,0.24907695728473953
5-20C,7.0,287.0157,-0.7764690612200176,0.19817200178107927
5-20C,7.0,288.0725,-0.39082752518221703,0.17642784165385972
5-20C,7.0,289.0333,-0.8626668368601008,0.3756077616399954
5-20C,7.0,289.1044,-0.8233982023226831,0.155240876287184
5-20C,7.0,290.9677,-0.47422142441962634,0.09917937151650637
5-20C,7.0,294.0479,0.15719321078808715,0.3762114480831014
5-20C,7.0,300.0509,0.6653645135566486,0.516687987294637
5-20C,7.0,301.0333,-1.1195783080323047,0.6738855224450523
5-20C,7.0,303.2326,-1.2012499112647008,0.09874714373386052
5-20C,7.0,305.0207,-0.23356094688709944,0.10952266474534887
5-20C,7.0,306.0481,0.08637236873315554,0.1284275669718427
5-20C,7.0,306.0765,-0.12242715383387616,0.01962210245931799
5-20C,7.0,308.0986,-0.13298887337922038,0.06496995168198418
5-20C,7.0,313.0441,0.08703929081132816,0.13423602262045542
5-20C,7.0,313.1037,-0.6190652831814346,0.24126445533202096
5-20C,7.0,317.026,-0.568327816203188,0.32815091588114664
5-20C,7.0,323.0256,-1.241784793128455,0.07807389047611553
5-20C,7.0,325.1163,-0.25042890834611564,0.21263035309524064
5-20C,7.0,328.0457,0.03440588721135883,0.2159115248949491
5-20C,7.0,333.0589,-1.1358171753739357,0.2949738137003659
5-20C,7.0,338.9884,-1.07370838377406,0.21700152918782514
5-20C,7.0,339.0928,1.8141678975012119,0.5694301197264532
5-20C,7.0,341.1089,-0.022972236095102246,0.04975043204449843
5-20C,7.0,344.0393,-0.5189454739413212,0.31805115204334317
5-20C,7.0,346.0556,0.764602046925341,0.6685589210056545
5-20C,7.0,348.087,-0.2235308267025467,0.1841004939252873
5-20C,7.0,353.0489,0.8898077777311362,0.6648172427163578
5-20C,7.0,357.089,-0.8291130099721533,0.14049922828062078
5-20C,7.0,375.131,-1.4242020620912417,0.33565983395079185
5-20C,7.0,377.1496,1.3810606788051878,0.5659350967553356
5-20C,7.0,383.1188,-1.0770418209759565,0.32648363150113857
5-20C,7.0,388.9416,-0.4848494485932894,0.27949336736364194
5-20C,7.0,388.9442,-0.7594887773404129,0.20101415227165811
5-20C,7.0,401.0756,0.22877074175086753,0.09056624558061618
5-20C,7.0,407.2795,3.3614615204494394,0.1736474814163672
5-20C,7.0,421.0743,-0.17162936554063896,0.5547775058050131
5-20C,7.0,426.0222,0.25238101061996215,0.2273488900175792
5-20C,7.0,442.9997,-0.04181692069849027,0.21702673961581995
5-20C,7.0,466.9657,-0.5118147742922782,0.21251174985729962
5-20C,7.0,490.9787,-0.3671573228570728,0.49527433100529117
5-20C,7.0,503.1614,-1.6622143164368959,0.2054609856268848
5-20C,7.0,547.0731,-1.0105320012770491,0.05381057276389045
5-20C,7.0,565.0471,-0.610548221991138,0.20118812204244702
5-20C,7.0,578.8872,-0.02117870480712415,0.11475210051370868
5-20C,7.0,579.0269,0.6444826892381976,0.11218626328681641
5-20C,7.0,612.2549,-1.4280887697714897,0.24086424895809633
5-20C,7.0,624.2949,-1.468599858801263,0.28671578877504184
5-20C,7.0,659.307,-1.1908026609797133,0.10486657459354129
5-20C,7.0,664.0939,-0.8483608475360436,0.2689240632795101
5-20C,7.0,665.2144,-1.3476040457882879,0.3894833214553261
5-20C,7.0,668.1374,-0.5763498760458239,0.010184127955217066
5-20C,7.0,787.255,-1.6784734392505052,0.17787711001893058
5-20C,7.0,790.2568,-1.1356511199117798,0.19516793850967284
5-20C,7.0,835.0407,-0.9025828803631379,0.0801348932980108
5-20C,7.0,863.2971,-0.9947396098904222,0.05668492130284106
5-20C,7.0,864.1473,-1.7624574365184191,0.2956787191196122
5-20C,7.0,974.2935,-1.4282331533947592,0.06024759656140891
5-20C,7.0,976.7162,-0.7409696176940742,0.06962421502370555
5-20C,8.0,57.0342,0.4449786649240062,0.21805548822198215
5-20C,8.0,58.0295,-0.36746547918462913,0.19108552833841047
5-20C,8.0,59.0135,0.5455889185139352,0.2122435275487605
5-20C,8.0,71.0137,0.7602305825458693,0.23009067367416858
5-20C,8.0,73.0293,-0.7214946648523775,0.041315867753624204
5-20C,8.0,74.0247,-1.0524443548345048,0.3246150048814461
5-20C,8.0,75.0087,-0.37038785386175466,0.2668859656799913
5-20C,8.0,87.0088,-0.6056710309426705,0.032210169888714994
5-20C,8.0,87.0451,0.35958075111821197,0.6220102842428653
5-20C,8.0,88.0403,-0.47809294408092673,0.08144051194102281
5-20C,8.0,88.9883,-0.385503584326422,0.6004827663887419
5-20C,8.0,89.0244,-0.553514838011742,0.08393344668657489
5-20C,8.0,93.0338,-0.04024396318417651,0.023813373437138994
5-20C,8.0,94.9761,-0.9784183571259758,0.46615587022424176
5-20C,8.0,94.9806,1.4768013644347657,0.8574501886947409
5-20C,8.0,95.0139,0.5531401045454893,0.3570461336491794
5-20C,8.0,101.0242,0.14245137270309424,0.39100355644930207
5-20C,8.0,102.056,-0.4438194914215059,0.16260105360265717
5-20C,8.0,103.0402,-0.6906110998393323,0.10020742050338377
5-20C,8.0,103.0509,-0.7753356481089339,0.11874743270154313
5-20C,8.0,104.0352,-0.6743557727967544,0.1412416343043029
5-20C,8.0,105.0193,-0.20246141163212722,1.0249565254368143
5-20C,8.0,107.0503,0.9129017638201362,1.3224467005026652
5-20C,8.0,109.0295,-0.2857932115644577,0.34558128406573424
5-20C,8.0,111.02,2.020540467107069,0.3181664216236465
5-20C,8.0,112.0516,1.5615128615747256,1.0323626830465085
5-20C,8.0,113.0244,0.6859791726264255,0.18671355811343757
5-20C,8.0,113.0357,1.3516714115554198,0.2859983354021612
5-20C,8.0,114.056,-0.235599075831378,0.0056293792914361915
5-20C,8.0,115.0037,-0.41165788668546227,0.11558664832456314
5-20C,8.0,115.0402,-0.037104153781106874,1.1450374625600086
5-20C,8.0,115.0764,1.0221456869955152,0.8916729094673504
5-20C,8.0,116.0354,-0.6987598688838917,0.20083259102903825
5-20C,8.0,116.0717,-0.6882715645906947,0.03338700521765558
5-20C,8.0,117.0194,-0.7154664581972314,0.03450344849966084
5-20C,8.0,118.0508,-1.001171386653004,0.16887107165363904
5-20C,8.0,118.9804,0.5146489651641566,0.16059902398679662
5-20C,8.0,119.0503,1.6081863459991244,0.3526382455176135
5-20C,8.0,120.9273,-0.6323757234268129,0.1073349621336189
5-20C,8.0,121.0295,0.05017678008534859,0.8931948663502761
5-20C,8.0,121.0409,-0.1783375315713774,0.5566555745673524
5-20C,8.0,122.0248,0.3652071416046546,0.7095320737133617
5-20C,8.0,124.0075,-0.1477889169123126,0.3351505169888667
5-20C,8.0,124.0144,0.19569068574655363,0.3218176946125293
5-20C,8.0,125.0439,0.06185736095172187,0.37613493116246105
5-20C,8.0,127.0764,0.7715714989625255,0.797862916091621
5-20C,8.0,128.0354,-0.3557382834564281,0.004675689530143039
5-20C,8.0,129.0193,-0.8024209925566581,0.0947944000769304
5-20C,8.0,129.0556,1.2632833682972042,0.6143058923456128
5-20C,8.0,130.0142,-0.7000523280454165,0.5348079534954552
5-20C,8.0,130.0509,-0.10211847659239254,0.01091758509796818
5-20C,8.0,130.0874,-0.9432781965627616,0.02029401895555442
5-20C,8.0,131.0008,-0.8359101169917289,0.17169498372513115
5-20C,8.0,131.0123,-0.46272044965307724,0.1322746970758722
5-20C,8.0,131.035,-0.10452454709482623,0.16620904976593812
5-20C,8.0,131.0462,-0.38705973597579546,0.07132012365860775
5-20C,8.0,131.0828,-0.47871874881945525,0.07985947619588661
5-20C,8.0,132.0302,0.2302405496768102,0.12348182969345008
5-20C,8.0,133.0142,-0.4183876158759222,0.08942296354249507
5-20C,8.0,133.0257,-0.45059411161698826,0.06609972631530601
5-20C,8.0,133.0505,-0.5690148551262811,0.03117908844890269
5-20C,8.0,134.0472,0.21224429146417972,0.2290080680093341
5-20C,8.0,134.0604,-0.42525670344360633,0.22072325488424036
5-20C,8.0,135.0302,-0.49525948878309783,0.0590698651207196
5-20C,8.0,135.0453,0.8445371951412388,0.0677602835694548
5-20C,8.0,136.0404,-0.43511651955274505,0.10877442631848047
5-20C,8.0,136.0487,0.6357548414082679,0.13626571852357475
5-20C,8.0,136.0767,0.44587612133383137,0.6558219385563223
5-20C,8.0,137.0239,-0.23051206620342662,0.18049461432332448
5-20C,8.0,138.9789,0.4746477845163135,0.5526831999824122
5-20C,8.0,139.0014,-0.11229259707754446,0.040628311702985274
5-20C,8.0,139.0067,-0.6256668714452214,0.04443043905342188
5-20C,8.0,139.976,0.895906676355712,0.6586288818650039
5-20C,8.0,143.0713,0.7038745298253234,0.2098912132548054
5-20C,8.0,143.1077,1.2312116524411847,0.5298085166603034
5-20C,8.0,145.0141,-0.24115798159521948,0.14502231494759263
5-20C,8.0,145.0506,-0.33924924848889704,0.1130903448191944
5-20C,8.0,145.0623,-0.509627600329647,0.0930313977118204
5-20C,8.0,145.0982,-0.48192616723105963,0.09752239189873128
5-20C,8.0,145.1106,-0.2750942978272903,0.5428390142211883
5-20C,8.0,146.0459,-0.4781096043210611,0.004721771983633918
5-20C,8.0,147.0298,-0.6999576936750342,0.07400578968265453
5-20C,8.0,147.0662,-0.2788059565861617,0.05737992239087255
5-20C,8.0,149.0092,0.53923857060297,0.5907450320693383
5-20C,8.0,149.0456,0.4136596157970789,0.40350902077606055
5-20C,8.0,149.0608,0.8697138195154446,1.1036144027204362
5-20C,8.0,150.0422,-0.8168220266246278,0.33264191776208274
5-20C,8.0,150.9707,-0.35212747856980414,0.42306674827227075
5-20C,8.0,151.0259,-0.5495444880591905,0.0570737882593935
5-20C,8.0,151.04,0.5055879502167597,1.046019473093287
5-20C,8.0,151.06,-0.859443327363961,0.7870077896893205
5-20C,8.0,152.0353,0.3233230465560447,0.5654679719394444
5-20C,8.0,152.0716,-0.28297980165442466,0.8344237268893364
5-20C,8.0,153.0192,0.24164871264270588,0.12433850703879883
5-20C,8.0,154.062,-0.46149027480785315,0.050245871450128675
5-20C,8.0,154.9751,-0.7252691498328081,0.033501207675620134
5-20C,8.0,155.0099,2.2975116884776097,0.22888586374552689
5-20C,8.0,157.0128,0.19738028515974132,0.11559515379334188
5-20C,8.0,157.0255,1.1774932995613312,0.1310455977569964
5-20C,8.0,157.0379,1.0776003679057382,0.14292292892912414
5-20C,8.0,157.0504,-0.6136103260325804,0.08736236876987369
5-20C,8.0,159.0297,-0.22549746056034578,0.36671574268656015
5-20C,8.0,159.0775,-0.4913037662707828,0.13886640507568682
5-20C,8.0,160.0616,-0.2135121555875906,0.22898399693189933
5-20C,8.0,161.0453,-0.4413468547225372,0.23428315831831142
5-20C,8.0,162.0424,-0.7909886101779621,0.13197256331785553
5-20C,8.0,163.0351,-0.7139972217921333,0.09487063651241472
5-20C,8.0,163.0398,0.9064464021124681,0.19695084289732778
5-20C,8.0,163.0611,-0.15232913840999424,1.0683153406917678
5-20C,8.0,164.0716,-0.5624678991673728,0.051172868032022326
5-20C,8.0,165.03,0.21253636083792227,0.8623551506444063
5-20C,8.0,165.0405,0.9911927300951054,0.8453147072582331
5-20C,8.0,165.0556,-0.6904156682187715,0.15903207730844968
5-20C,8.0,166.0508,-0.1621203289389183,0.2594772398046541
5-20C,8.0,166.0632,-0.8656215121439226,0.6819884098744202
5-20C,8.0,166.9759,-0.27823618459495,0.4828099639706985
5-20C,8.0,167.0207,-0.3307527827383233,0.35857439000316066
5-20C,8.0,167.0358,0.6799649250560221,0.7620288944501248
5-20C,8.0,167.0828,0.5140512395599872,0.6280537578044146
5-20C,8.0,168.0277,-0.48493554361526303,0.01389314992731553
5-20C,8.0,168.0664,-0.24256147776231127,0.41700378259309945
5-20C,8.0,170.0455,-0.6722437433925975,0.029709861526799074
5-20C,8.0,171.0065,-0.5687252982346591,0.14019945044555218
5-20C,8.0,171.0092,-0.5737847307465991,0.20847230264698904
5-20C,8.0,171.0284,-0.6594339784020374,0.034393027990092154
5-20C,8.0,172.0616,0.2968602916515057,0.169580248084957
5-20C,8.0,172.962,-0.3787503070378028,0.09723831653374874
5-20C,8.0,173.0089,-0.584195144090335,0.128311659033415
5-20C,8.0,173.0453,-0.8854446226732038,0.18842516814233878
5-20C,8.0,173.0932,-0.6493768314859263,0.08592303609063619
5-20C,8.0,173.1041,0.002650631163000827,0.1858520857640936
5-20C,8.0,174.0407,0.07051211279698555,0.05906860277836816
5-20C,8.0,174.088,-0.4277552729026457,0.1877337246277789
5-20C,8.0,175.022,-0.7106866720185432,0.34809126542996977
5-20C,8.0,175.0361,0.30192721039614623,0.07182056378956579
5-20C,8.0,175.0611,-0.8044028725214214,0.03799038454554537
5-20C,8.0,176.0776,-0.5457875944070628,0.23236202766832978
5-20C,8.0,177.0402,-0.7089300951477769,0.744054326189249
5-20C,8.0,177.0553,1.0372914345292752,0.5569148928263956
5-20C,8.0,178.0509,-0.4545661025786547,0.011144684610056322
5-20C,8.0,179.0348,0.15205203815822232,0.1543240578003078
5-20C,8.0,179.0561,0.42852572756893276,0.15153246013202773
5-20C,8.0,180.0663,0.4400364809203547,0.21270915162193735
5-20C,8.0,181.0505,-1.1783307389232318,0.16988721857117567
5-20C,8.0,182.9725,0.6062237719111894,0.22768715163509765
5-20C,8.0,183.0661,0.08618408100280676,0.5817623986440961
5-20C,8.0,184.0017,-0.4710917626864167,0.10593399638354584
5-20C,8.0,184.9856,-0.6928521282783116,0.08147823457017445
5-20C,8.0,186.1136,0.7979218076626732,0.8279811486527696
5-20C,8.0,187.0234,-0.5889514474045392,0.43436956726405934
5-20C,8.0,188.035,-0.6287180039577064,0.312529187473845
5-20C,8.0,188.0565,-0.53934675295996,0.0524708765883548
5-20C,8.0,189.0405,-0.9344403514159513,0.08023160510253995
5-20C,8.0,191.0197,-0.7551702289384681,0.15025664074374784
5-20C,8.0,191.0561,-0.8290716671009761,0.07393176082085634
5-20C,8.0,192.0663,-0.742404609885441,0.565286392350741
5-20C,8.0,193.0349,-0.08416838574013585,0.3260803328340412
5-20C,8.0,194.0682,0.16254918642607338,0.29456853252264736
5-20C,8.0,194.0822,0.3546900188182077,0.6609769340717708
5-20C,8.0,195.0509,0.5944157121860711,0.19166003681598848
5-20C,8.0,195.0657,0.21540297250375484,0.5939018848346316
5-20C,8.0,196.0603,-0.2896510692430027,0.1213651766194463
5-20C,8.0,198.0182,-0.23276909042296245,0.3467515898841549
5-20C,8.0,199.0019,-1.1510453012301263,0.5576422999764781
5-20C,8.0,200.9937,0.05697863227127854,0.32309322645338034
5-20C,8.0,201.0051,-0.31174127921733674,0.5632484134316996
5-20C,8.0,203.0348,-0.3947449341303985,0.1818089559679378
5-20C,8.0,203.0826,-0.0977633182807904,0.004354258906842193
5-20C,8.0,204.0498,0.009733139544219123,0.45979774544722724
5-20C,8.0,205.0351,-0.8331390416900883,0.21324497285620878
5-20C,8.0,206.0822,0.2392959491996525,0.5204382095609941
5-20C,8.0,209.0292,-0.3197142334169462,0.449456923282399
5-20C,8.0,209.0814,0.1589181636423368,0.15981434112450502
5-20C,8.0,211.0235,-0.40465842774226735,0.143440003498397
5-20C,8.0,211.9968,0.12434495414799826,0.0959960232991377
5-20C,8.0,212.0331,-0.16724344690572443,0.2786531946083492
5-20C,8.0,212.9807,-0.26245036092309393,0.1330066100513803
5-20C,8.0,213.014,-0.765079358184203,0.26415332738298225
5-20C,8.0,213.0384,-0.628864019849261,0.17651572219872722
5-20C,8.0,213.1252,-0.4751422294985964,0.500937466403456
5-20C,8.0,214.0488,-0.42541174615321004,0.49374240283768545
5-20C,8.0,215.0331,0.5448822067066392,0.13133616641242155
5-20C,8.0,216.1351,0.06273648917428856,0.13288867504391463
5-20C,8.0,218.0335,0.34272925803791865,0.10377307711699583
5-20C,8.0,218.1034,-0.4787516410658494,0.0713723901141629
5-20C,8.0,220.0828,-0.11617559791049256,0.6866788156215227
5-20C,8.0,221.0443,0.7377309460831969,0.3028849959348144
5-20C,8.0,221.0664,0.46242834364607166,0.5077278342093269
5-20C,8.0,225.0399,0.18609859811211285,0.34986871498407146
5-20C,8.0,225.0861,-0.27099421040724464,1.139469455316711
5-20C,8.0,225.0901,0.40489964681517926,1.0995067464910568
5-20C,8.0,226.0135,-0.4978576958984856,0.2252338505554856
5-20C,8.0,226.0697,-0.15728873258950102,0.26997985742722164
5-20C,8.0,228.0501,-0.5730015724617104,0.2526147270965599
5-20C,8.0,229.0122,-0.37038759674785887,0.22868318972342055
5-20C,8.0,237.0614,-0.6901827682475692,0.1722556123797611
5-20C,8.0,238.0945,-0.34796652409621687,0.3153676340071287
5-20C,8.0,240.0515,-0.08438642779067271,0.10285627610519406
5-20C,8.0,241.0844,-1.5114778985673687,1.4670306696021553
5-20C,8.0,242.0804,-0.447149898268704,0.3058933674967935
5-20C,8.0,243.029,-0.2233339616559012,0.35248502557808803
5-20C,8.0,243.0625,-0.6074242484773665,0.40363893675435847
5-20C,8.0,245.0444,-0.8091639266209432,0.47568197590617367
5-20C,8.0,246.0198,-0.06125393244442924,0.5308136360385125
5-20C,8.0,246.064,0.258119299451011,0.4282067734715172
5-20C,8.0,251.0816,0.2833396952566797,0.5992343713932813
5-20C,8.0,253.0119,-0.2504620690545327,0.015177754761372774
5-20C,8.0,253.0499,0.658564335896351,1.0703930977189537
5-20C,8.0,257.0072,-0.22963851737222238,0.5328333079346479
5-20C,8.0,257.1028,0.4417582627162259,0.7139379157902388
5-20C,8.0,259.005,-0.7369935695308947,0.8349760016179789
5-20C,8.0,259.0227,-0.012673844247499018,0.14034683874342158
5-20C,8.0,261.0385,0.19045577979536704,0.24618532055410028
5-20C,8.0,266.0703,-0.5732369849214987,0.13747982995328006
5-20C,8.0,267.0724,-0.187689625197904,0.10014161773138007
5-20C,8.0,268.02,-0.2143075177079679,0.405097864754397
5-20C,8.0,269.0398,-0.6820257815814406,0.2331451654613388
5-20C,8.0,271.0612,0.36742312170660585,0.5758232925160159
5-20C,8.0,271.0815,-0.1546487738084654,1.1378389781417442
5-20C,8.0,273.0021,-0.4924429324684305,0.05945612007191079
5-20C,8.0,274.0933,-0.04419980547457637,0.05918870605842554
5-20C,8.0,275.0184,-0.4104571171365834,0.2948501912689488
5-20C,8.0,275.0991,0.004601331639919597,0.19781928667538543
5-20C,8.0,277.1207,-0.10296633911759331,0.05086268766150558
5-20C,8.0,277.2169,-0.20570945242963554,0.45009135598491
5-20C,8.0,279.2331,-0.2693847745396491,0.022210019069192108
5-20C,8.0,282.0839,-0.24668402784828236,0.49304062764678874
5-20C,8.0,283.2063,-0.05866958816522333,0.17652501557348507
5-20C,8.0,285.0972,-0.26764687049884883,0.22724647198141806
5-20C,8.0,287.0157,0.8394196505270066,0.18769441101367204
5-20C,8.0,288.0725,-0.3144561734478671,0.1412837437233345
5-20C,8.0,289.0333,0.5347866603292311,0.5894250805963629
5-20C,8.0,289.1044,-0.5408852951252224,0.20131276802055792
5-20C,8.0,290.9677,-0.3964832320327719,0.0443646606093971
5-20C,8.0,294.0479,1.5517510500712521,0.8721703619627627
5-20C,8.0,300.0509,0.4995883967494251,0.6260452316106235
5-20C,8.0,301.0333,0.40151297148153775,0.9043618773648469
5-20C,8.0,303.2326,0.1779787030544002,0.32597524865872374
5-20C,8.0,305.0207,0.832778460330847,0.10367942854935898
5-20C,8.0,306.0481,-0.04972499816369355,0.22369629735528473
5-20C,8.0,306.0765,-0.1786016352987882,0.0190752631472132
5-20C,8.0,308.0986,-0.30658042605589847,0.04318923442835357
5-20C,8.0,313.0441,0.2018892626843441,0.3469964963616201
5-20C,8.0,313.1037,-0.07186182830792365,0.8367484643546713
5-20C,8.0,317.026,-0.222575998522127,0.46122975730870863
5-20C,8.0,323.0256,-0.17158788082479073,0.37939289659239434
5-20C,8.0,325.1163,0.6104744055231599,0.7227142896993431
5-20C,8.0,328.0457,-0.4011199635324327,0.1603713185510432
5-20C,8.0,333.0589,-0.4582588591139167,0.30225931002148515
5-20C,8.0,338.9884,-0.22944988060705307,0.3246669926995922
5-20C,8.0,339.0928,0.7670696331254366,0.6910249751665614
5-20C,8.0,341.1089,0.328182568614629,0.1471259764132228
5-20C,8.0,344.0393,0.06941356341042357,0.3710878752167151
5-20C,8.0,346.0556,0.49143339032841793,0.24975895405354206
5-20C,8.0,348.087,-0.13299389486049432,0.32112852361393984
5-20C,8.0,353.0489,0.3145846666955573,0.48658823803443774
5-20C,8.0,357.089,-0.25908522327324707,0.3568439424318559
5-20C,8.0,375.131,-0.7747472443836163,0.3418348660996552
5-20C,8.0,377.1496,-0.3567613926304271,0.4217256391740288
5-20C,8.0,383.1188,0.3747119893182169,0.675238034222866
5-20C,8.0,388.9416,-0.27215322931902264,0.37952962739358764
5-20C,8.0,388.9442,-0.5035070116875233,0.16824943090910538
5-20C,8.0,401.0756,0.5974534970723646,0.08085670232695552
5-20C,8.0,407.2795,0.16098102277856255,0.4490966557160076
5-20C,8.0,421.0743,0.13534306367101478,0.7551520281854581
5-20C,8.0,426.0222,0.220321577488936,0.4386986107477009
5-20C,8.0,442.9997,0.014408099672649553,0.04237284786990242
5-20C,8.0,466.9657,1.0117650905852136,0.3717627573150124
5-20C,8.0,490.9787,0.47806087519511337,0.745474410009506
5-20C,8.0,503.1614,-0.07546295818417287,0.5211448375622446
5-20C,8.0,547.0731,-0.7624971181479463,0.08565785124954947
5-20C,8.0,565.0471,-0.5406119640552732,0.11210738781255279
5-20C,8.0,578.8872,0.4416072411850124,0.146933210608541
5-20C,8.0,579.0269,0.28069335673458706,0.20083097380323967
5-20C,8.0,612.2549,-1.2275667376071384,0.31537130297820853
5-20C,8.0,624.2949,-0.24129028121779333,0.6356913666061592
5-20C,8.0,659.307,-0.15744608916947767,0.3135506004179552
5-20C,8.0,664.0939,-0.6032663166630169,0.29179692448921724
5-20C,8.0,665.2144,-0.20899992548446672,0.40877917365346206
5-20C,8.0,668.1374,-0.5480046041819673,0.0056394765272292265
5-20C,8.0,787.255,-0.09898797038088862,0.2528445299232443
5-20C,8.0,790.2568,-0.13523631135009162,0.37520663979629965
5-20C,8.0,835.0407,-0.8046516944513313,0.14823804891059714
5-20C,8.0,863.2971,-0.8259202718341156,0.04473641181399769
5-20C,8.0,864.1473,-0.6262491962434069,0.291489178925322
5-20C,8.0,974.2935,-1.0685257445640315,0.10380953924560933
5-20C,8.0,976.7162,0.2622357313578029,0.2866539408319325
5-20C,9.0,57.0342,0.5352093869802553,0.5337520676858123
5-20C,9.0,58.0295,1.1148052611888883,0.37673858700032875
5-20C,9.0,59.0135,1.2499074818767042,0.23106965026276152
5-20C,9.0,71.0137,0.9974115597975958,0.07984974229183181
5-20C,9.0,73.0293,-0.720580615819093,0.0287983392989351
5-20C,9.0,74.0247,-1.0033134791214247,0.36044718448626606
5-20C,9.0,75.0087,-0.6930502715865272,0.8677620595003576
5-20C,9.0,87.0088,-0.6536479690981227,0.010509305337680143
5-20C,9.0,87.0451,-0.2790071738840293,0.2752456487626531
5-20C,9.0,88.0403,0.011023889840389378,0.04546107222811903
5-20C,9.0,88.9883,-1.481676834307429,0.6261958875906392
5-20C,9.0,89.0244,-0.4557471123847149,0.04654091843413562
5-20C,9.0,93.0338,-0.030303803531141954,0.008868607511988034
5-20C,9.0,94.9761,-0.7525109760936897,0.5961601684703387
5-20C,9.0,94.9806,1.287627624665021,0.3579039027740888
5-20C,9.0,95.0139,0.7082533382855911,0.09859477237532902
5-20C,9.0,101.0242,0.3947446817526261,0.12781746629644541
5-20C,9.0,102.056,-0.5055101177094437,0.05743537694698271
5-20C,9.0,103.0402,-0.6513039538230239,0.07390142745547217
5-20C,9.0,103.0509,-0.5800581507369635,0.1877506863740447
5-20C,9.0,104.0352,-0.766941512852585,0.07888963431286884
5-20C,9.0,105.0193,-1.076233173289625,0.3928684667106805
5-20C,9.0,107.0503,0.3699128471093287,0.5525168241724275
5-20C,9.0,109.0295,0.1753995099410831,0.3037443744826438
5-20C,9.0,111.02,1.4972915837233036,0.07235738018195774
5-20C,9.0,112.0516,1.059833004802573,0.4404370274834137
5-20C,9.0,113.0244,0.841189254105954,0.08540230087012206
5-20C,9.0,113.0357,3.1154607169666955,0.2402563684413322
5-20C,9.0,114.056,-0.23981817483723922,0.0038596834526112545
5-20C,9.0,115.0037,-0.04630551482144235,0.02809768829367453
5-20C,9.0,115.0402,-0.1842298915752478,0.40661549533424884
5-20C,9.0,115.0764,0.34968443671657645,0.8984087262998031
5-20C,9.0,116.0354,-0.5377908649029168,0.36570299618620933
5-20C,9.0,116.0717,-0.7775082250894414,0.020008103328183095
5-20C,9.0,117.0194,-0.7206103737394829,0.01609731603056301
5-20C,9.0,118.0508,-1.153487354843512,0.12157709132380418
5-20C,9.0,118.9804,1.069053943329565,0.19572553853267638
5-20C,9.0,119.0503,2.3910527090878637,0.5240433430379642
5-20C,9.0,120.9273,-0.588413536840271,0.042229842331344906
5-20C,9.0,121.0295,0.15471306595411383,0.28914731509920494
5-20C,9.0,121.0409,0.636000130282204,0.5739645433917273
5-20C,9.0,122.0248,0.1462520481319965,0.23377470575335177
5-20C,9.0,124.0075,-0.03660725599340926,0.2770608282887483
5-20C,9.0,124.0144,0.6482208602070462,0.1313473061819219
5-20C,9.0,125.0439,0.18959283593911416,0.16325579115117078
5-20C,9.0,127.0764,0.7371781677486617,0.2906724480161792
5-20C,9.0,128.0354,-0.28514414769242946,0.0460189091167062
5-20C,9.0,129.0193,-0.6961764551009956,0.13633797469805323
5-20C,9.0,129.0556,0.12180628731937948,0.7348906505301418
5-20C,9.0,130.0142,-0.8688074247442767,0.2548906435527974
5-20C,9.0,130.0509,1.114214625433861,0.05655519679844776
5-20C,9.0,130.0874,-1.0724094662960486,0.013961170387185366
5-20C,9.0,131.0008,-0.8240464615631478,1.1706680539518026
5-20C,9.0,131.0123,-0.5941549011428293,0.08428369933981159
5-20C,9.0,131.035,-0.19935775063411887,0.08418776117231051
5-20C,9.0,131.0462,-0.3976133612247663,0.08602504800935361
5-20C,9.0,131.0828,-0.7856643935844414,0.09320538510497882
5-20C,9.0,132.0302,1.2924861882133394,0.05575885522530526
5-20C,9.0,133.0142,-0.4893368388027369,0.0806380719916089
5-20C,9.0,133.0257,-0.3577669203802402,0.12203577394515784
5-20C,9.0,133.0505,-0.25832612512561665,0.06470003890870524
5-20C,9.0,134.0472,0.024615869717788466,0.26096453206512177
5-20C,9.0,134.0604,-0.16290769674522343,0.49973585332400994
5-20C,9.0,135.0302,-0.7284746225096177,0.05737729730951652
5-20C,9.0,135.0453,1.545882088654564,0.2394637071318894
5-20C,9.0,136.0404,-0.2581096852852448,0.06845124248856148
5-20C,9.0,136.0487,1.0567973610734782,0.05166458083807332
5-20C,9.0,136.0767,0.3515826732366148,0.3812977437120613
5-20C,9.0,137.0239,-0.1624036895260089,0.35478714664262573
5-20C,9.0,138.9789,-0.003649495325758069,0.31054453680161603
5-20C,9.0,139.0014,-0.080834358334596,0.037487444580384915
5-20C,9.0,139.0067,-0.5956656367087554,0.03187181811880875
5-20C,9.0,139.976,0.43648723629317154,0.21141288837743233
5-20C,9.0,143.0713,0.17114687899454578,0.20854405447397828
5-20C,9.0,143.1077,1.2219559688172252,0.1937077994764947
5-20C,9.0,145.0141,-0.4058691723685755,0.12496374235878398
5-20C,9.0,145.0506,-0.13885374851970672,0.11547549872919072
5-20C,9.0,145.0623,-0.5076411808917114,0.2660827435788543
5-20C,9.0,145.0982,-0.833844049377301,0.12983238342178788
5-20C,9.0,145.1106,-1.1616274257323975,0.6580263284421866
5-20C,9.0,146.0459,-0.4834180834387384,0.0022428192090288394
5-20C,9.0,147.0298,-0.7337033862159494,0.025324089520658302
5-20C,9.0,147.0662,0.33762994170084737,0.05096321292820017
5-20C,9.0,149.0092,1.0607224418907015,0.2780138365123061
5-20C,9.0,149.0456,0.6333143308066663,0.19175860238279535
5-20C,9.0,149.0608,1.4996396187119172,0.5121370163548525
5-20C,9.0,150.0422,-0.628325244574087,0.3029710360465857
5-20C,9.0,150.9707,-0.31082454913576946,1.065276136922482
5-20C,9.0,151.0259,-0.6336497692066312,0.03844134391274531
5-20C,9.0,151.04,0.6105537118720735,0.7778096242207377
5-20C,9.0,151.06,-0.18817303598602364,0.6143757292670847
5-20C,9.0,152.0353,0.42242797752470707,0.18283527000409538
5-20C,9.0,152.0716,0.0014371482653432813,0.4634102248499601
5-20C,9.0,153.0192,0.7296040665030016,0.1415840941193791
5-20C,9.0,154.062,-0.5505689574288835,0.05841031959202848
5-20C,9.0,154.9751,-0.6751370036657676,0.01665125182121483
5-20C,9.0,155.0099,1.539173133791413,0.06291031482102193
5-20C,9.0,157.0128,-0.029810051675031847,0.07184690875800223
5-20C,9.0,157.0255,2.6028038310717463,0.08345198563853737
5-20C,9.0,157.0379,2.484329438652581,0.09016492495354728
5-20C,9.0,157.0504,-0.3856633036305052,0.055137096466034236
5-20C,9.0,159.0297,-0.08686585609791055,0.27599799182133683
5-20C,9.0,159.0775,-0.06260677689041948,0.10883608599855457
5-20C,9.0,160.0616,0.21342126067248343,1.0281760876092978
5-20C,9.0,161.0453,-0.6657455687857871,0.08310494469898666
5-20C,9.0,162.0424,-0.5124636660912363,0.09099629998488357
5-20C,9.0,163.0351,-0.5066991864365481,0.3052196744435234
5-20C,9.0,163.0398,1.3520731972518667,0.054263427067832486
5-20C,9.0,163.0611,0.9900758633690869,0.6565708759834956
5-20C,9.0,164.0716,-0.5738554034387309,0.007089053416940652
5-20C,9.0,165.03,1.4229322670176678,0.31899637000666375
5-20C,9.0,165.0405,1.0226875159069406,0.34063578887489054
5-20C,9.0,165.0556,-0.6630328739392757,0.0663986757648956
5-20C,9.0,166.0508,0.35645564240486827,0.1677129532565475
5-20C,9.0,166.0632,0.010544922355411518,0.5219593955051904
5-20C,9.0,166.9759,-0.2815303812876908,0.4550982929081893
5-20C,9.0,167.0207,-0.3631970352405436,0.5030783708521311
5-20C,9.0,167.0358,0.6329545645113466,0.5584605180552271
5-20C,9.0,167.0828,-0.5392954956826836,1.023421669420303
5-20C,9.0,168.0277,-0.4999056919825505,0.01682228867193098
5-20C,9.0,168.0664,-0.1952740052679009,0.8488824621745639
5-20C,9.0,170.0455,-0.672515559844872,0.02148739747148722
5-20C,9.0,171.0065,-0.3100863915177954,0.1186773167701882
5-20C,9.0,171.0092,-0.2193562245217585,0.14486046183961648
5-20C,9.0,171.0284,-0.7070455456599152,0.03553311997203763
5-20C,9.0,172.0616,1.3277223829734686,0.20180409807866947
5-20C,9.0,172.962,-0.4481354142546844,0.06922363148608028
5-20C,9.0,173.0089,-0.590488545396584,0.13821408434274665
5-20C,9.0,173.0453,-1.0865939823466397,0.1809179929257851
5-20C,9.0,173.0932,-0.43140128767244273,0.03978524945638218
5-20C,9.0,173.1041,0.44107408915842505,0.821156242767569
5-20C,9.0,174.0407,1.443871038480819,0.04331448715400031
5-20C,9.0,174.088,0.5859498437334291,0.19455359857750673
5-20C,9.0,175.022,-0.573913144765212,0.07880146016526263
5-20C,9.0,175.0361,1.3391899128844407,0.1174174902932444
5-20C,9.0,175.0611,-0.5653243757988791,0.03136473712803037
5-20C,9.0,176.0776,-0.2654464133080183,0.10646851119534355
5-20C,9.0,177.0402,-0.4637765879139193,0.366390875680322
5-20C,9.0,177.0553,1.8805672138195935,0.5083697773552002
5-20C,9.0,178.0509,-0.1223028176180514,0.06237657968062358
5-20C,9.0,179.0348,0.9614712800868206,0.3015821425038791
5-20C,9.0,179.0561,0.5664445930386023,0.05988960676841714
5-20C,9.0,180.0663,0.6179207690471051,0.044978159108171434
5-20C,9.0,181.0505,-1.1167339158707121,0.4745743000768866
5-20C,9.0,182.9725,0.8549765044994846,0.3060779163232999
5-20C,9.0,183.0661,0.20008954487757427,0.3657837465809567
5-20C,9.0,184.0017,-0.4921890861096423,0.07849369300592877
5-20C,9.0,184.9856,-0.5053839990878176,0.07597039002961521
5-20C,9.0,186.1136,0.5477848195322128,0.8745378091398378
5-20C,9.0,187.0234,-0.710168707082373,0.44513332471346423
5-20C,9.0,188.035,-0.5703733338794553,0.7731069573380852
5-20C,9.0,188.0565,-0.19682376568147125,0.021383068786243985
5-20C,9.0,189.0405,-0.765711583124216,0.11782337755593716
5-20C,9.0,191.0197,-0.5187490469994671,0.25342362149413994
5-20C,9.0,191.0561,-0.7797666966294046,0.07363864998567804
5-20C,9.0,192.0663,-0.6197617928085518,0.5278152529456244
5-20C,9.0,193.0349,0.2623291945327074,0.5755901509610359
5-20C,9.0,194.0682,0.6016668299784154,0.3740606578820323
5-20C,9.0,194.0822,1.0705805772150077,0.5309185177647848
5-20C,9.0,195.0509,0.8950351890368978,0.05879971668468166
5-20C,9.0,195.0657,-0.15657382230695363,0.1667100899679974
5-20C,9.0,196.0603,0.3904166327518144,0.16506248005278765
5-20C,9.0,198.0182,-0.25803924062204475,0.43608157682162135
5-20C,9.0,199.0019,-0.8237195952572118,0.4877708003309209
5-20C,9.0,200.9937,0.5859442986291694,0.24146904712516515
5-20C,9.0,201.0051,-0.41435080518462475,0.25562633707629295
5-20C,9.0,203.0348,-0.11915924730630736,0.331438604739687
5-20C,9.0,203.0826,-0.10164039939242654,0.008697635079517582
5-20C,9.0,204.0498,-0.031274769205889036,0.3155811345691668
5-20C,9.0,205.0351,-0.5959761147890169,0.21006572847559
5-20C,9.0,206.0822,0.5369704379353396,0.9442802687864613
5-20C,9.0,209.0292,-0.7161947417042804,0.2484459936443668
5-20C,9.0,209.0814,-0.3146435225713833,0.26660974152381384
5-20C,9.0,211.0235,-0.3108586172435315,0.32345734564642864
5-20C,9.0,211.9968,1.575225639697476,0.16139227816295607
5-20C,9.0,212.0331,-0.31056313793321855,0.1922933811439625
5-20C,9.0,212.9807,-0.27027826246108794,0.18744551596011436
5-20C,9.0,213.014,-0.5279689716329599,0.1122548704650696
5-20C,9.0,213.0384,-0.5087269714170193,0.22862452368936179
5-20C,9.0,213.1252,-0.649536981157111,1.6020097735240801
5-20C,9.0,214.0488,0.3715683895648023,0.7324227231535662
5-20C,9.0,215.0331,0.9453021102707604,0.08070282027835105
5-20C,9.0,216.1351,0.512798377278127,0.08603908019282869
5-20C,9.0,218.0335,0.7169106986549851,0.07938269952313902
5-20C,9.0,218.1034,-0.04291927732908017,0.020244533125062494
5-20C,9.0,220.0828,-0.06852349387082757,1.5776814720018921
5-20C,9.0,221.0443,0.837160059802094,0.0729853003292494
5-20C,9.0,221.0664,1.8494385048045237,0.16644226501314333
5-20C,9.0,225.0399,0.7268657984003591,0.2251310899945323
5-20C,9.0,225.0861,1.0880757821709008,0.4689618885832481
5-20C,9.0,225.0901,1.1023724704294784,0.5885253686570224
5-20C,9.0,226.0135,-0.3240878942595598,0.3089120466087724
5-20C,9.0,226.0697,-0.17882557127708854,0.5733367370447725
5-20C,9.0,228.0501,-0.8109456909624417,0.14399351529627757
5-20C,9.0,229.0122,0.07726565781800328,0.21317534777465577
5-20C,9.0,237.0614,-0.2100351321555765,0.32269068280019764
5-20C,9.0,238.0945,-0.6582720812601828,0.4086136688108569
5-20C,9.0,240.0515,0.7083933770334767,0.04787251819467682
5-20C,9.0,241.0844,0.052659262957033603,1.0419388379243266
5-20C,9.0,242.0804,-1.7509714640445933,0.6809166000729121
5-20C,9.0,243.029,0.47871404927525657,0.19191543577306747
5-20C,9.0,243.0625,-0.05877212868580273,0.11841133162322809
5-20C,9.0,245.0444,-0.3308632619211808,0.2820120666388131
5-20C,9.0,246.0198,0.30222263898003277,0.4213977074955296
5-20C,9.0,246.064,1.057198728875286,0.5074718580503296
5-20C,9.0,251.0816,-0.5252393074025008,0.21636311212548198
5-20C,9.0,253.0119,-0.24911216212636597,0.023722197876481194
5-20C,9.0,253.0499,0.7395798230546959,1.469278655483908
5-20C,9.0,257.0072,-0.3040215391578131,0.43373296734580963
5-20C,9.0,257.1028,-0.09393398803540626,0.5335587687204705
5-20C,9.0,259.005,0.643353983568777,0.9867778562555429
5-20C,9.0,259.0227,0.5234992345374693,0.12522245278205055
5-20C,9.0,261.0385,0.5380125485273894,0.21031270302276883
5-20C,9.0,266.0703,-0.17548521230495034,0.13249617952969192
5-20C,9.0,267.0724,-0.6146543824323696,0.03847542252156388
5-20C,9.0,268.02,-0.4572195390215732,0.3603448915566145
5-20C,9.0,269.0398,-0.5890143899974465,0.11808294073612184
5-20C,9.0,271.0612,0.3405784449629751,0.21098677080678493
5-20C,9.0,271.0815,-0.09268403181852417,0.7832560035520334
5-20C,9.0,273.0021,-0.6077180379218283,0.1328240660407213
5-20C,9.0,274.0933,0.8402249771480164,0.23067590659952242
5-20C,9.0,275.0184,-0.72883849848321,0.6122629256719971
5-20C,9.0,275.0991,0.5286777242516223,0.24675613891984108
5-20C,9.0,277.1207,0.005431591867503891,0.05614354822893998
5-20C,9.0,277.2169,0.3394398810610716,0.3549084519494888
5-20C,9.0,279.2331,-0.23769356544742698,0.025146812051926017
5-20C,9.0,282.0839,-0.5817787386963917,0.5662192640735091
5-20C,9.0,283.2063,0.00818086736549789,0.44829645269501617
5-20C,9.0,285.0972,0.15869980279470777,0.8826626702253931
5-20C,9.0,287.0157,1.0655603143701669,0.24117844360371507
5-20C,9.0,288.0725,0.06857552909671871,0.16147990699731365
5-20C,9.0,289.0333,0.218765018848656,0.49429554540410353
5-20C,9.0,289.1044,-0.04851573401703878,0.22283093216193373
5-20C,9.0,290.9677,-0.28008160004610644,0.10907292357658603
5-20C,9.0,294.0479,0.6188727685029916,0.2695319575827443
5-20C,9.0,300.0509,0.6797798280616245,0.46388353661976023
5-20C,9.0,301.0333,-0.033694070623404536,0.2787128958978334
5-20C,9.0,303.2326,-0.14339667374153894,0.24216214586493684
5-20C,9.0,305.0207,0.7950132860062109,0.26064788149896306
5-20C,9.0,306.0481,1.20910309906132,0.07025864782360397
5-20C,9.0,306.0765,-0.08056304306617079,0.04218844087528085
5-20C,9.0,308.0986,-0.30742721411773594,0.03481917506396514
5-20C,9.0,313.0441,1.786818874531964,0.5327315305692507
5-20C,9.0,313.1037,-0.5245117450231441,0.5870817809571314
5-20C,9.0,317.026,-0.47058643697411884,0.26663254199334324
5-20C,9.0,323.0256,-0.66671174719857,0.5755325457449961
5-20C,9.0,325.1163,0.3061896135521228,0.4879550149919949
5-20C,9.0,328.0457,0.07079914323241537,0.1586409656329147
5-20C,9.0,333.0589,0.07556211721359518,0.5654711774958134
5-20C,9.0,338.9884,-0.509590202112469,0.1731784359864554
5-20C,9.0,339.0928,1.161148247195254,1.2421613442134285
5-20C,9.0,341.1089,0.8834738054025821,0.2380523781532944
5-20C,9.0,344.0393,-0.1173670833679081,0.21968607921097474
5-20C,9.0,346.0556,0.10899727109272575,0.1614887895219981
5-20C,9.0,348.087,0.8194386744735194,0.22618475887473466
5-20C,9.0,353.0489,0.1694698636514711,0.23938137539861357
5-20C,9.0,357.089,-0.32580305457065495,0.1290314010273795
5-20C,9.0,375.131,-0.8835795912201803,0.35055795652206645
5-20C,9.0,377.1496,-0.3637431467523379,0.580374748186388
5-20C,9.0,383.1188,0.9819504839485573,0.49511457671117637
5-20C,9.0,388.9416,0.06219030132964933,0.22089378069158744
5-20C,9.0,388.9442,-0.2811088596042549,0.20598084855323115
5-20C,9.0,401.0756,0.853043717356652,0.07574757632170968
5-20C,9.0,407.2795,-0.2464571963152965,0.3242946375840422
5-20C,9.0,421.0743,0.35730774325482595,0.11042392989311825
5-20C,9.0,426.0222,-0.3464434010774188,0.3668577790485835
5-20C,9.0,442.9997,0.0775178164157657,0.22922844636565204
5-20C,9.0,466.9657,0.7502802748280242,0.12479216587982123
5-20C,9.0,490.9787,0.11746854259191139,0.5765601388819565
5-20C,9.0,503.1614,1.8006185001601547,0.33231042598173177
5-20C,9.0,547.0731,-0.6072317774097284,0.0433577879122582
5-20C,9.0,565.0471,-0.3453732439843177,0.2958507323721081
5-20C,9.0,578.8872,0.9305513408867455,0.12005664624313377
5-20C,9.0,579.0269,0.673480389655152,0.23773728796099367
5-20C,9.0,612.2549,-0.49515807958599456,0.5523124293508666
5-20C,9.0,624.2949,0.050711813999313474,0.418244142021017
5-20C,9.0,659.307,0.07087995738569935,0.20630284364733534
5-20C,9.0,664.0939,-0.5630868853723567,0.18490088692091342
5-20C,9.0,665.2144,0.0041234098544536135,0.46915823090576225
5-20C,9.0,668.1374,-0.550277694063378,0.004754051916011233
5-20C,9.0,787.255,-0.3053340530123112,0.7795889678773439
5-20C,9.0,790.2568,-0.1623618258495047,0.36309218127283366
5-20C,9.0,835.0407,-0.7839773329810611,0.19447209414073618
5-20C,9.0,863.2971,-0.8521729550739733,0.11156258327449019
5-20C,9.0,864.1473,-0.6160923883744407,0.5523538481105293
5-20C,9.0,974.2935,-0.6895605777079494,0.48858110264685717
5-20C,9.0,976.7162,0.4620645858599806,0.11842980993665934
5-20C,10.0,57.0342,-1.3101854872448833,0.41533046686970376
5-20C,10.0,58.0295,3.5435935435119297,0.3608144658937937
5-20C,10.0,59.0135,-0.709557845713545,0.06470712887233103
5-20C,10.0,71.0137,-0.9330681337336489,0.06517905752136229
5-20C,10.0,73.0293,-0.26675379174961156,0.060831594218756654
5-20C,10.0,74.0247,0.08859516682845606,0.31958985843589327
5-20C,10.0,75.0087,-0.6014065079723907,0.4419365831248437
5-20C,10.0,87.0088,-0.1730193433215791,0.04078503444332982
5-20C,10.0,87.0451,-1.9539000648986795,0.08254721666084937
5-20C,10.0,88.0403,1.1522965023234604,0.15065709348736098
5-20C,10.0,88.9883,-0.8501531387850987,0.43873894679653413
5-20C,10.0,89.0244,-0.401123878426079,0.07604917406228867
5-20C,10.0,93.0338,-0.025045982240984203,0.007238420573123467
5-20C,10.0,94.9761,-0.6200510000299626,0.22785743788303484
5-20C,10.0,94.9806,0.46689699365539505,0.22031505415321595
5-20C,10.0,95.0139,-1.061823002423397,0.08606541323562863
5-20C,10.0,101.0242,-1.358767909468991,0.07773528019451467
5-20C,10.0,102.056,-0.3985168629498315,0.02637033411831727
5-20C,10.0,103.0402,0.047996875343890605,0.08268539662418473
5-20C,10.0,103.0509,0.15164020163426697,0.14480626454391188
5-20C,10.0,104.0352,-0.7548573855516321,0.05253050438856612
5-20C,10.0,105.0193,-1.5134999485218865,0.2962020579873509
5-20C,10.0,107.0503,-0.7368835133372686,0.5009473722232609
5-20C,10.0,109.0295,1.073511651820294,0.15585164972220308
5-20C,10.0,111.02,5.021058449242375,0.24971115839874683
5-20C,10.0,112.0516,3.0351808245254634,0.9168256231106264
5-20C,10.0,113.0244,-0.8242364292360047,0.02261387571804834
5-20C,10.0,113.0357,3.8031009324676983,0.10444470938819951
5-20C,10.0,114.056,-0.23142685570335972,0.0018246734352707255
5-20C,10.0,115.0037,0.4810435738215213,0.13099199190746622
5-20C,10.0,115.0402,0.5295548013910867,0.2335627621325151
5-20C,10.0,115.0764,0.513231038546921,0.33427913530549164
5-20C,10.0,116.0354,-0.2215588477537256,0.16670096598597434
5-20C,10.0,116.0717,-0.6043720563069355,0.054792870089554524
5-20C,10.0,117.0194,-0.24862713190495733,0.03112730498594273
5-20C,10.0,118.0508,-0.4926356263531752,0.2815281162974479
5-20C,10.0,118.9804,-0.840446783280288,0.014842036224775113
5-20C,10.0,119.0503,2.76280305234292,0.270681817242596
5-20C,10.0,120.9273,-0.5072734517206657,0.018155470692156263
5-20C,10.0,121.0295,-0.3099316915152326,0.2413061390801842
5-20C,10.0,121.0409,-0.9102057646456276,0.09484742193178151
5-20C,10.0,122.0248,-1.2008784422167307,0.0899728233058996
5-20C,10.0,124.0075,-0.5536122169883098,0.21012830673105365
5-20C,10.0,124.0144,-1.3418026798754414,0.19122268976431017
5-20C,10.0,125.0439,-1.5223884308834057,0.1369500570563287
5-20C,10.0,127.0764,-0.09021594793030938,0.34070061040508803
5-20C,10.0,128.0354,-0.2302203443287979,0.008384705724308397
5-20C,10.0,129.0193,-0.14279689037636084,0.0362513242659322
5-20C,10.0,129.0556,1.1046153197718238,0.6509699714198592
5-20C,10.0,130.0142,-0.0015380228640556326,0.5050383342080225
5-20C,10.0,130.0509,3.490174016177326,0.017011300655216704
5-20C,10.0,130.0874,-0.6677515116478802,0.06655963946942907
5-20C,10.0,131.0008,-0.6157090979392833,0.08766766705817801
5-20C,10.0,131.0123,0.3570490100609225,0.042073184116750144
5-20C,10.0,131.035,-1.3883176782024642,0.08649292950760709
5-20C,10.0,131.0462,-1.4547722478663578,0.17693987459727725
5-20C,10.0,131.0828,-0.2216694429488044,0.04558561994993997
5-20C,10.0,132.0302,2.706307849509961,0.0926683133678903
5-20C,10.0,133.0142,-0.060540959226945225,0.22122424319752187
5-20C,10.0,133.0257,0.05860227413211207,0.3588882352740831
5-20C,10.0,133.0505,0.6618646997055342,0.0421487483198169
5-20C,10.0,134.0472,1.6518145069161148,0.14309913751336162
5-20C,10.0,134.0604,0.17299710622373418,0.3113497352192143
5-20C,10.0,135.0302,-0.13268351566963954,0.10897497596251657
5-20C,10.0,135.0453,3.2823925306298074,0.16064953257732176
5-20C,10.0,136.0404,-0.03414961939992525,0.09700051561489083
5-20C,10.0,136.0487,3.0641065666870637,0.2300804295860865
5-20C,10.0,136.0767,0.5004542411627113,0.40480409069766526
5-20C,10.0,137.0239,0.012054470132929013,0.016452466293427923
5-20C,10.0,138.9789,0.7728891189901712,0.15026951449374656
5-20C,10.0,139.0014,0.4262769734380518,0.026443331767067414
5-20C,10.0,139.0067,-0.7433232069179494,0.02059639131899828
5-20C,10.0,139.976,0.38932828714767903,0.5870137879884968
5-20C,10.0,143.0713,-0.42182641193018366,0.25811061731294094
5-20C,10.0,143.1077,1.518664591006428,0.27332132636373524
5-20C,10.0,145.0141,-0.40568856799272757,0.06394007093932072
5-20C,10.0,145.0506,2.51511350238167,0.2191515380370387
5-20C,10.0,145.0623,1.3458867966460923,0.1702786735373432
5-20C,10.0,145.0982,-0.9269749227530237,0.11253962917876095
5-20C,10.0,145.1106,-0.6991480695342223,0.2852800058583971
5-20C,10.0,146.0459,-0.4150126671160992,0.018081233263771958
5-20C,10.0,147.0298,-0.2297865293053708,0.06317413412482259
5-20C,10.0,147.0662,1.1853926682496243,0.06871836483029657
5-20C,10.0,149.0092,-0.5327138060679524,0.38803771533360937
5-20C,10.0,149.0456,-0.12480025714777185,0.13568428047154077
5-20C,10.0,149.0608,1.1913843305958807,0.3082064027368255
5-20C,10.0,150.0422,0.18539677934831789,0.6555588770027673
5-20C,10.0,150.9707,-0.2034369326072794,0.4018371040129332
5-20C,10.0,151.0259,0.7722098887088233,0.07184163134036968
5-20C,10.0,151.04,1.144547570177854,0.2264593145555717
5-20C,10.0,151.06,-0.4428672301422828,0.27457851691966556
5-20C,10.0,152.0353,0.6773609640985232,0.16250693030601648
5-20C,10.0,152.0716,-0.5425960156813743,0.30159166967497897
5-20C,10.0,153.0192,-0.638665257466521,0.0722326929185512
5-20C,10.0,154.062,-0.5506505313140675,0.11858542456203783
5-20C,10.0,154.9751,-0.28529761916691726,0.051106076812194555
5-20C,10.0,155.0099,5.550938637487381,0.054544473925532036
5-20C,10.0,157.0128,1.5118192279726625,0.09451550819432787
5-20C,10.0,157.0255,3.8474231717620264,0.07309655738358166
5-20C,10.0,157.0379,3.7588263855038537,0.08356973975159641
5-20C,10.0,157.0504,0.672008807362777,0.09417863814012634
5-20C,10.0,159.0297,-1.1229066005316761,0.22899568019221758
5-20C,10.0,159.0775,0.9460043087126082,0.06167387655512021
5-20C,10.0,160.0616,0.584055764898262,0.5000043319031359
5-20C,10.0,161.0453,-1.9530297360455777,0.04348597748295588
5-20C,10.0,162.0424,0.1008223944579347,0.1265017154336154
5-20C,10.0,163.0351,-1.0029988346628675,0.14721747255741138
5-20C,10.0,163.0398,1.466279059322768,0.05850323663166619
5-20C,10.0,163.0611,1.5379533982513414,0.9421670021720799
5-20C,10.0,164.0716,-0.46260464154488656,0.04143274663073813
5-20C,10.0,165.03,-0.23342218914302623,0.7937576219804056
5-20C,10.0,165.0405,-0.45326485088156854,0.21044509076555332
5-20C,10.0,165.0556,-0.808400593906264,0.11902205736609671
5-20C,10.0,166.0508,1.7143572776028206,0.265669643069489
5-20C,10.0,166.0632,0.5444588433784433,0.5891500344132454
5-20C,10.0,166.9759,0.6159029177204132,0.3845658217515829
5-20C,10.0,167.0207,-0.3091232810701765,0.25941922280289037
5-20C,10.0,167.0358,-0.15331363524265193,0.23853817435475444
5-20C,10.0,167.0828,-0.7402416420982086,0.7844034097670322
5-20C,10.0,168.0277,-0.43374973328872934,0.07850823131674038
5-20C,10.0,168.0664,-1.1666937973673606,0.5347422851449932
5-20C,10.0,170.0455,0.14800770408770478,0.11174680248545389
5-20C,10.0,171.0065,0.4743977424177921,0.2221262193410979
5-20C,10.0,171.0092,0.46546342210782965,0.28527146451252877
5-20C,10.0,171.0284,-0.04200217186085377,0.1090888918511166
5-20C,10.0,172.0616,2.8381453970295354,0.4462701968491673
5-20C,10.0,172.962,-0.21711138445156303,0.11954975444828732
5-20C,10.0,173.0089,-0.012711395928563211,0.19131903828046778
5-20C,10.0,173.0453,-0.3605153726482284,0.2609504742399882
5-20C,10.0,173.0932,0.22991701083816235,0.1142835732318179
5-20C,10.0,173.1041,2.348751368018579,1.3475367211785447
5-20C,10.0,174.0407,3.614051963194545,0.08149645371766787
5-20C,10.0,174.088,3.63769251873918,0.50030113014813
5-20C,10.0,175.022,0.046521729649308,0.12660670165620028
5-20C,10.0,175.0361,2.9574985709668034,0.07078974713185195
5-20C,10.0,175.0611,0.2658353628820416,0.04972110088957225
5-20C,10.0,176.0776,1.1385203081638098,0.15416753741750472
5-20C,10.0,177.0402,0.29644920930988744,0.6094523288752468
5-20C,10.0,177.0553,1.8168709961502807,0.46346875817183875
5-20C,10.0,178.0509,3.100959584292431,0.05202078427028018
5-20C,10.0,179.0348,1.5681158882750077,0.3004660804095041
5-20C,10.0,179.0561,-0.7609713601393139,0.026130457874703666
5-20C,10.0,180.0663,-0.788919688639421,0.036519197313879696
5-20C,10.0,181.0505,-1.013181929637051,0.23579697757463933
5-20C,10.0,182.9725,-0.819081377787006,0.10100657114964733
5-20C,10.0,183.0661,-1.0050231215090726,0.6037081289834079
5-20C,10.0,184.0017,-0.44016649356914195,0.062227469457586136
5-20C,10.0,184.9856,0.02247488662608163,0.1728388026045625
5-20C,10.0,186.1136,0.6783523792891499,0.4780831037701117
5-20C,10.0,187.0234,-0.41801835311229424,0.35774488973853785
5-20C,10.0,188.035,-1.017682471146047,0.5431976458315024
5-20C,10.0,188.0565,0.17042629355171496,0.03086281763322034
5-20C,10.0,189.0405,-0.7223241855634842,0.02525187907843914
5-20C,10.0,191.0197,0.08228454724969257,0.2984654734561414
5-20C,10.0,191.0561,-0.12231604999968082,0.08313757321103402
5-20C,10.0,192.0663,-1.3194948109672398,0.221045339032012
5-20C,10.0,193.0349,-0.3472197002087949,0.4987289244878594
5-20C,10.0,194.0682,2.060846577186508,0.41682678806417434
5-20C,10.0,194.0822,-0.8660864234479262,0.5013893322417734
5-20C,10.0,195.0509,-0.7643082560184857,0.04015305223178312
5-20C,10.0,195.0657,-0.4523320907473264,0.4268406956171943
5-20C,10.0,196.0603,1.9668183415724372,0.12322109795761259
5-20C,10.0,198.0182,0.3054851088174906,0.302852751278582
5-20C,10.0,199.0019,-0.41825137154092196,0.34161756401227716
5-20C,10.0,200.9937,-0.6926884484760987,0.12827404289374683
5-20C,10.0,201.0051,-0.0821853525341091,0.4184918889840684
5-20C,10.0,203.0348,-1.0504543898034562,0.12506930848289463
5-20C,10.0,203.0826,-0.1047631845679467,0.013167841037740364
5-20C,10.0,204.0498,-0.9330215959921215,0.21458633363365864
5-20C,10.0,205.0351,-0.5303398866918141,0.1393892596095741
5-20C,10.0,206.0822,-0.758404260299079,0.6464751947357387
5-20C,10.0,209.0292,-0.03455060960543201,0.28075081769113835
5-20C,10.0,209.0814,-0.8180171700899225,0.3366868925970981
5-20C,10.0,211.0235,-0.09980904362137578,0.306546702004692
5-20C,10.0,211.9968,3.077873620434646,0.19985177606685242
5-20C,10.0,212.0331,-0.385586080889849,0.14288350256640545
5-20C,10.0,212.9807,0.652870514748731,0.15501610194139104
5-20C,10.0,213.014,0.19953716012659062,0.46658112442609767
5-20C,10.0,213.0384,-0.3273493300034639,0.09542753150064864
5-20C,10.0,213.1252,-0.16928066505135542,0.932614114548278
5-20C,10.0,214.0488,-1.891785285336132,0.4402337677640756
5-20C,10.0,215.0331,-0.8809608011450192,0.026445984396525124
5-20C,10.0,216.1351,-1.0324247980577177,0.2628559067123095
5-20C,10.0,218.0335,-0.9094429636385644,0.02831946684152489
5-20C,10.0,218.1034,1.7404961058389614,0.11832625276061787
5-20C,10.0,220.0828,0.2876132836887739,0.45325506418915823
5-20C,10.0,221.0443,-0.8230064322975672,0.04954685949882581
5-20C,10.0,221.0664,-0.6730402944390836,0.11623178202972687
5-20C,10.0,225.0399,0.2682150988966243,0.6514620291074327
5-20C,10.0,225.0861,0.28461203062639717,0.3009133331682777
5-20C,10.0,225.0901,-0.6319742115608092,0.5325941238633041
5-20C,10.0,226.0135,-0.13060913676375152,0.10291398917045175
5-20C,10.0,226.0697,-1.2466220334076767,0.0854455358348221
5-20C,10.0,228.0501,-0.4308914989295495,0.11471803419372249
5-20C,10.0,229.0122,1.2605995990689727,0.11890807822437113
5-20C,10.0,237.0614,1.3001066265208523,0.24948519128504007
5-20C,10.0,238.0945,-0.6844214259650114,0.20097840770314665
5-20C,10.0,240.0515,1.1917128041780978,0.05493703352224026
5-20C,10.0,241.0844,-0.70927981191329,0.49465689922259637
5-20C,10.0,242.0804,-0.2110200017940844,0.36332507530584296
5-20C,10.0,243.029,0.4035689103274401,0.5874525453190363
5-20C,10.0,243.0625,0.8491455273248294,0.3056703480735191
5-20C,10.0,245.0444,0.010733011697037921,0.10995902649283092
5-20C,10.0,246.0198,0.2110346570261765,0.3208852184558436
5-20C,10.0,246.064,-0.8717084073115131,0.09650634042750639
5-20C,10.0,251.0816,-0.9231022415144242,0.6835742804297749
5-20C,10.0,253.0119,-0.16927782270275255,0.019454278634157846
5-20C,10.0,253.0499,-0.13907594823987335,0.723192125720917
5-20C,10.0,257.0072,0.1456271781226497,0.5113557160762772
5-20C,10.0,257.1028,-0.8029987116775819,1.0125945728932282
5-20C,10.0,259.005,-0.34137258992455005,0.5549951968731757
5-20C,10.0,259.0227,-0.292577004186396,0.06774620605030753
5-20C,10.0,261.0385,0.6953685185618054,0.16245069510604146
5-20C,10.0,266.0703,0.03248723920666188,0.23198287575690885
5-20C,10.0,267.0724,0.098680047542273,0.07156335942772954
5-20C,10.0,268.02,-0.007117852469892801,0.42936671544484784
5-20C,10.0,269.0398,1.3632559646040943,0.27890923798126993
5-20C,10.0,271.0612,0.12761067613017124,0.46937036006144905
5-20C,10.0,271.0815,-0.08547882926155427,0.8640087434004567
5-20C,10.0,273.0021,-0.4494298334186553,0.09759582760828629
5-20C,10.0,274.0933,0.9681843073997957,0.22359817680011446
5-20C,10.0,275.0184,0.532063976541536,0.43939709949896794
5-20C,10.0,275.0991,0.9504598348641862,0.29659137042944583
5-20C,10.0,277.1207,-0.9627350674136266,0.01260168816414061
5-20C,10.0,277.2169,-0.43111637332727637,0.2538446929714373
5-20C,10.0,279.2331,-0.2565228842844943,0.02579053863668284
5-20C,10.0,282.0839,-0.7493260941204465,0.42561177599150796
5-20C,10.0,283.2063,-0.0685277198563896,0.37930498982236877
5-20C,10.0,285.0972,-0.4494502178063019,0.5131863035036197
5-20C,10.0,287.0157,-0.3517074968585266,0.2148226820645728
5-20C,10.0,288.0725,0.20545649028213053,0.3549304213814306
5-20C,10.0,289.0333,1.4212418610878166,0.473847526783591
5-20C,10.0,289.1044,1.263176527989648,0.17864236185833765
5-20C,10.0,290.9677,-0.19843593238054774,0.03967609100950489
5-20C,10.0,294.0479,0.2371542063510809,0.15297154856503795
5-20C,10.0,300.0509,0.08154427610512241,0.528196217638578
5-20C,10.0,301.0333,-0.3216987308399105,0.9761842760469132
5-20C,10.0,303.2326,-0.1243915550402915,0.20501750887252332
5-20C,10.0,305.0207,-0.5559426281390367,0.05921041651336705
5-20C,10.0,306.0481,2.4981105697559975,0.35335344778779115
5-20C,10.0,306.0765,-0.21067443979998374,0.031837607986726454
5-20C,10.0,308.0986,-0.38150100790799324,0.0141751917255674
5-20C,10.0,313.0441,3.854836180570457,0.927058900974119
5-20C,10.0,313.1037,0.5809599404658055,0.3248921895275197
5-20C,10.0,317.026,0.022109903221393064,0.23780145610138625
5-20C,10.0,323.0256,0.00607696263322257,0.4668568140778517
5-20C,10.0,325.1163,1.3183076258704198,0.6252295990476976
5-20C,10.0,328.0457,1.9765727631765952,0.10644662186116817
5-20C,10.0,333.0589,1.4361908011174758,0.44435041068566394
5-20C,10.0,338.9884,0.6812275607461693,0.3872070996191814
5-20C,10.0,339.0928,0.6563440048359084,0.4280611435580374
5-20C,10.0,341.1089,-0.2812161124808251,0.17886596139950225
5-20C,10.0,344.0393,2.689286811898258,0.6829123724121143
5-20C,10.0,346.0556,0.20605607868805706,0.13544731111098443
5-20C,10.0,348.087,2.6880092721828386,0.5300406272975838
5-20C,10.0,353.0489,1.8165976796467176,0.551009160547523
5-20C,10.0,357.089,0.3876095450042595,0.2850773778569969
5-20C,10.0,375.131,1.6938889155677122,0.8674276373862941
5-20C,10.0,377.1496,0.41694390506132395,0.7711808436264739
5-20C,10.0,383.1188,-0.6301488647853714,0.2132631434840853
5-20C,10.0,388.9416,-0.11916121194630444,0.5616460778885366
5-20C,10.0,388.9442,-0.4482806249285909,0.36085559933739547
5-20C,10.0,401.0756,-0.9990443057876961,0.04670648065742635
5-20C,10.0,407.2795,-0.5669971232080508,0.03854708690202723
5-20C,10.0,421.0743,0.9740861933323948,0.44902337358180183
5-20C,10.0,426.0222,0.30734003884457833,0.4004718439173285
5-20C,10.0,442.9997,-0.17492105055669888,0.17699631638118007
5-20C,10.0,466.9657,-0.840356584348231,0.12981112820072105
5-20C,10.0,490.9787,-0.05899153506497465,0.9369938263191306
5-20C,10.0,503.1614,-0.8013679692507638,0.18143057833352402
5-20C,10.0,547.0731,-0.3454088524390079,0.05257533436125033
5-20C,10.0,565.0471,0.13398152395108825,0.34218849901011716
5-20C,10.0,578.8872,-0.8912731831837333,0.06860577583071012
5-20C,10.0,579.0269,-0.8839220788424478,0.052670499258461186
5-20C,10.0,612.2549,-0.9287192302116188,0.1873667527504015
5-20C,10.0,624.2949,0.6091939704042684,0.6102817968038041
5-20C,10.0,659.307,-0.4858912950276192,0.11232015771220236
5-20C,10.0,664.0939,-0.05280810798097329,0.20172165410776077
5-20C,10.0,665.2144,1.2595074399330255,0.5321093600307836
5-20C,10.0,668.1374,3.6035142993061307,0.1448181084002387
5-20C,10.0,787.255,-0.4460245638973721,0.6929492879561985
5-20C,10.0,790.2568,-0.33415675101245446,0.13850037691816508
5-20C,10.0,835.0407,2.5016139543600495,0.16031379853666183
5-20C,10.0,863.2971,-0.3108936735521871,0.10758980238724185
5-20C,10.0,864.1473,-0.8111030994585906,0.09540994217302505
5-20C,10.0,974.2935,0.6268447387394934,0.36329975242168994
5-20C,10.0,976.7162,-0.891229449710655,0.06372207049692337
